4000,4000,4000,4000,4000,4000,4000,4000,4000
4000,4000,4000,4000,4000,4000,4000,4000,4000
4000,4000,4000,4000,4000,4000,4000,4000,4000
3706.94,3680.01,3709.36,3736.5,3699.75,3736.03,3724.85,3681.09,3709.93
1622.97,1636.35,1644.53,3395.42,1662.85,1662.85,1662.85,1662.85,1662.85
1528.18,1528.18,1514.57,1503.43,3422.15,1528.31,1528.31,1528.31,1528.31
2745.42,2746.14,2746.39,3565.51,2731.81,2748.18,2700.5,2746.37,2741.87
3701.27,3701.09,3701.36,3700.73,3701.06,3701.35,3701.17,3701.33,3701.14
3722.37,3722.36,3722.45,3722.62,3721.77,3722.75,3722.31,3722.35,3722.6
3793.19,3793.38,3794.16,3793.78,3794.13,3793.92,3794.08,3793.98,3794.16
3979.24,3979.27,3979.38,3979.37,3979.09,3979.08,3979.49,3978.74,3979.46
4000,4000,4000,4000,4000,4000,4000,4000,4000
4000,4000,4000,4000,4000,4000,4000,4000,4000
4000,4000,4000,4000,4000,4000,4000,4000,4000
4000,4000,4000,4000,4000,4000,4000,4000,4000
4000,4000,4000,4000,4000,4000,4000,4000,4000
4000,4000,4000,4000,4000,4000,4000,4000,4000
3367.11,3412.37,3327.49,3327.69,3339.75,3341.84,3396.6,3336.63,3394.59
2606.76,2606.74,2565.15,3427.87,2555.23,2606.42,2606.64,2551.71,2604.36
3022.88,3022.77,3022.82,3022.67,3026.38,2960.56,3565.04,3022.92,3022.92
3082.93,3025.44,3051.58,3030.37,3555.01,3046.24,3083.79,3083.31,3076.61
3722.2,3690.37,3721.91,3722.19,3722.36,3722.2,3722.31,3722.04,3721.9
3736.2,3736.34,3736.56,3736.4,3736.41,3736.1,3736.27,3736.25,3736.15
3809.46,3809.48,3809.59,3809.68,3809.23,3809.65,3809.55,3809.15,3809.02
3984.68,3986.43,3987.54,3986.79,3987.07,3987.29,3987.31,3987.27,3986.53
4000,4000,4000,4000,4000,4000,4000,4000,4000
4000,4000,4000,4000,4000,4000,4000,4000,4000
4000,4000,4000,4000,4000,4000,4000,4000,4000
4000,4000,4000,4000,4000,4000,4000,4000,4000
4000,4000,4000,4000,4000,4000,4000,4000,4000
4000,4000,4000,4000,4000,4000,4000,4000,4000
3724.2,3725.97,3710.41,3725.24,3696.75,3735.56,3735.76,3723.91,3721.11
2480.48,2484.74,2533.71,2535.49,2534.08,2535.49,2505.63,3503.89,2483.09
1633.36,1633.36,1626.23,1631.49,1606,1597.26,3500.39,1633.41,1633.41
3407.46,3477.55,3478.95,3606.74,3478.8,3478.92,3477.98,3478.93,3478.49
3672.47,3635.37,3672.49,3665.13,3660.78,3672.1,3672.43,3642.38,3665.4
3786.25,3786.68,3786.2,3786.36,3784.66,3786.68,3786.69,3786.68,3786.45
3861.59,3861.47,3861.63,3861.28,3861.59,3861.61,3862.01,3860.97,3861.54
3984.45,3985.05,3985.15,3985.63,3985.5,3984.96,3985.55,3985.22,3985.77
4000,4000,4000,4000,4000,4000,4000,4000,4000
4000,4000,4000,4000,4000,4000,4000,4000,4000
4000,4000,4000,4000,4000,4000,4000,4000,4000
4000,4000,4000,4000,4000,4000,4000,4000,4000
4000,4000,4000,4000,4000,4000,4000,4000,4000
4000,4000,4000,4000,4000,4000,4000,4000,4000
3530.14,3534.75,3531.42,3497.36,3493.47,3525.99,3499.7,3532.84,3533.15
2759.58,3331.36,2756.6,2710.78,2759.4,2756.25,2744.75,2760.86,2746.64
2863.04,2804.48,2837.55,3560.5,2863.04,2863.04,2863.04,2863.04,2863.04
3503.01,3502.95,3433.91,3606.56,3433.89,3503.04,3503.04,3503.04,3503.04
3736.44,3737.75,3747.96,3748.03,3746.24,3747.85,3747.94,3747.86,3747.57
3833.61,3834.06,3833.69,3834.01,3833.45,3833.53,3832.94,3833.39,3833.84
3867.96,3866.33,3867.24,3868.07,3866.78,3868.11,3867.59,3867.77,3868.12
3996.15,3991.95,3995.46,3995.07,3997.24,3992.91,3995.41,3995.87,3996.04
4000,4000,4000,4000,4000,4000,4000,4000,4000
4000,4000,4000,4000,4000,4000,4000,4000,4000
4000,4000,4000,4000,4000,4000,4000,4000,4000
4000,4000,4000,4000,4000,4000,4000,4000,4000
4000,4000,4000,4000,4000,4000,4000,4000,4000
4000,4000,4000,4000,4000,4000,4000,4000,4000
3756.83,3816.12,3818.59,3803.07,3817.71,3760.38,3818.02,3818.19,3816.4
3352.31,2995.35,2999.53,2998.6,3023.28,2994.94,3018.66,3001.63,3005.52
3564.44,3031.64,3096.82,3096.82,3096.82,3096.82,3096.82,3096.82,3096.82
3740.29,3740.38,3739.36,3740.19,3740.19,3740.47,3740,3712.36,3740.27
3786.79,3786.9,3786.53,3786.93,3786.45,3747.97,3786.8,3785.99,3786.99
3810.76,3767.36,3810.88,3811.22,3764.08,3811.13,3811.03,3811.15,3810.74
3970.69,3970.75,3971.08,3970.9,3970.69,3970.74,3971.21,3971.33,3971.62
3999.15,3998.01,3992.05,4000,4000,4000,4000,4000,4000
4000,4000,4000,4000,4000,4000,4000,4000,4000
4000,4000,4000,4000,4000,4000,4000,4000,4000
4000,4000,4000,4000,4000,4000,4000,4000,4000
4000,4000,4000,4000,4000,4000,4000,4000,4000
4000,4000,4000,4000,4000,4000,4000,4000,4000
4000,4000,4000,4000,4000,4000,4000,4000,4000
3649.03,3584.87,3582.86,3636.94,3649.31,3646.28,3648.75,3647.57,3649.05
3244.41,3187.67,3186.12,3207.82,3193.77,3197.74,3193.58,3347.02,3237.13
3538.07,3570.53,3527.67,3573.53,3571.91,3537.26,3571.88,3535,3538.08
3695.01,3693.37,3695.37,3695.09,3694.39,3684.36,3694.88,3695.24,3695.32
3823.34,3847.4,3841.12,3848.86,3849.53,3849.19,3849.27,3849.12,3848.96
3876.82,3877.02,3877.72,3877.32,3839,3877.66,3876.58,3877.81,3876.78
3984.23,3980.03,3983.06,3983.85,3983.01,3983.34,3983.98,3984.12,3984.03
3997.6,3995.12,3992.74,4000,4000,4000,4000,4000,4000
4000,4000,4000,4000,4000,4000,4000,4000,4000
4000,4000,4000,4000,4000,4000,4000,4000,4000
4000,4000,4000,4000,4000,4000,4000,4000,4000
4000,4000,4000,4000,4000,4000,4000,4000,4000
4000,4000,4000,4000,4000,4000,4000,4000,4000
4000,4000,4000,4000,4000,4000,4000,4000,4000
3610.03,3616.86,3656.95,3657.27,3672.16,3672.29,3607.12,3605.11,3671.07
2650.58,3026.37,2649.99,2704.36,2646.32,2658.27,2650.15,2649.09,2657.65
2965.19,2904.95,2965.5,2965.36,2902.2,2956.96,2940.24,3346.28,2965.55
3637.88,3669.58,3668.94,3669.3,3669.32,3669.53,3669.31,3669.34,3669.46
3725.18,3713.36,3724.77,3724.76,3708.26,3725.05,3724.84,3700.43,3725.12
3910.88,3910.49,3909.55,3911.32,3909.69,3910.98,3910.72,3910.15,3910.32
3969.98,3969.65,3970.52,3970.15,3970.62,3970.22,3969.91,3969.97,3969.87
3994.46,4000,4000,4000,4000,4000,4000,4000,4000
4000,4000,4000,4000,4000,4000,4000,4000,4000
4000,4000,4000,4000,4000,4000,4000,4000,4000
4000,4000,4000,4000,4000,4000,4000,4000,4000
4000,4000,4000,4000,4000,4000,4000,4000,4000
4000,4000,4000,4000,4000,4000,4000,4000,4000
4000,4000,4000,4000,4000,4000,4000,4000,4000
3799.19,3778.62,3780.01,3768.3,3800.6,3800.76,3792.71,3775.1,3773.05
2881.3,2873.16,2881.14,2881.26,2828.63,2881.56,2881.48,2851.99,3336.31
2235.46,2273.03,2230.49,2244.13,2248.22,2250.99,2245.98,3357.89,2230.32
3461.32,3406.61,3407.23,3457.89,3459.06,3392.39,3428.47,3578.28,3459.6
3717.61,3708.76,3717.59,3717.19,3717.51,3717.46,3717.59,3717.56,3717.58
3800.3,3798.78,3800.4,3800.18,3800.48,3800.36,3800.69,3800.37,3799.74
3921.41,3920.82,3920.7,3920.43,3918.65,3921.16,3920.57,3920.88,3921.38
3996.04,3996.36,3995.28,3997.24,3998.48,3997.51,4000,4000,4000
4000,4000,4000,4000,4000,4000,4000,4000,4000
4000,4000,4000,4000,4000,4000,4000,4000,4000
4000,4000,4000,4000,4000,4000,4000,4000,4000
4000,4000,4000,4000,4000,4000,4000,4000,4000
4000,4000,4000,4000,4000,4000,4000,4000,4000
4000,4000,4000,4000,4000,4000,4000,4000,4000
3619.52,3625.53,3656.72,3653.01,3657.61,3617.98,3652.59,3657.98,3657.68
1868.71,1888.1,1888.32,1888.29,1874.04,1867.44,3175.17,1888.03,1842.65
2358.64,2358.58,2358.68,2358.44,2326.64,3401.68,2359.12,2359.12,2359.12
3228.15,3227.05,3228.23,3216.54,3198.87,3504.33,3227.06,3227.08,3228.44
3711.02,3710.95,3710.93,3710.84,3711.11,3711.09,3711.16,3711.12,3711.21
3745.03,3744.49,3745.42,3745.24,3745.34,3745.22,3745.15,3745.58,3745.16
3862.75,3861.56,3862.36,3862.75,3861.85,3862.96,3862.62,3862.88,3861.65
3994.72,3991.72,3995.73,3994.98,3994.57,3991.3,3995.5,3995.49,3994.77
4000,4000,4000,4000,4000,4000,4000,4000,4000
4000,4000,4000,4000,4000,4000,4000,4000,4000
4000,4000,4000,4000,4000,4000,4000,4000,4000
4000,4000,4000,4000,4000,4000,4000,4000,4000
4000,4000,4000,4000,4000,4000,4000,4000,4000
4000,4000,4000,4000,4000,4000,4000,4000,4000
3558.25,3552.35,3569.88,3551.93,3556.05,3557.41,3567.47,3558.52,3554.15
1478,1438.96,1467.03,3233.02,1478.19,1478.19,1478.19,1478.19,1478.19
1115.79,1115.66,3400.32,1115.82,1113.48,1092.86,1115.62,1099.5,1115.19
2911.88,2862.51,2912.14,2911.39,2859.19,2868.64,2910.09,2911.55,3531.57
3687.22,3687.57,3687.19,3687.45,3687.01,3687.39,3687.19,3687.47,3687.59
3729.08,3728.67,3729.13,3729.08,3729.45,3728.8,3728.94,3729.27,3729.25
3822.09,3821.63,3821.48,3821.7,3822.07,3822.3,3822.37,3821.58,3822.36
3987.6,3987.08,3987.54,3988.19,3985.87,3988.01,3986.5,3988.07,3987.5
4000,4000,4000,4000,4000,4000,4000,4000,4000
4000,4000,4000,4000,4000,4000,4000,4000,4000
4000,4000,4000,4000,4000,4000,4000,4000,4000
4000,4000,4000,4000,4000,4000,4000,4000,4000
4000,4000,4000,4000,4000,4000,4000,4000,4000
4000,4000,4000,4000,4000,4000,4000,4000,4000
3673.45,3633.8,3638.2,3670.73,3667.76,3677.1,3672.23,3671,3662.08
3427.72,2850.06,2827.74,2851.99,2825.4,2822.11,2880.97,2845.59,2878.37
1015.33,1015.55,1014.78,983.776,1006.1,3402.13,1015.47,1015.6,1015.63
2929.37,2982.73,2981.56,2982.79,2938.49,2982.39,3534.08,2927.55,2982.47
3673.24,3673.22,3673.45,3673.41,3673.34,3673.66,3673.16,3673.59,3673.65
3708.57,3708.83,3708.43,3708.81,3708.82,3708.59,3708.44,3708.89,3708.89
3786.83,3786.79,3787.18,3786.79,3786.51,3787.06,3787,3787.38,3787.14
3989.82,3988.62,3988.32,3988.59,3989.69,3988.16,3989.54,3988.93,3988.84
4000,4000,4000,4000,4000,4000,4000,4000,4000
4000,4000,4000,4000,4000,4000,4000,4000,4000
4000,4000,4000,4000,4000,4000,4000,4000,4000
4000,4000,4000,4000,4000,4000,4000,4000,4000
4000,4000,4000,4000,4000,4000,4000,4000,4000
4000,4000,4000,4000,4000,4000,4000,4000,4000
3867.57,3867.98,3816.83,3867.74,3868.22,3866.9,3867.68,3867.52,3867.82
3310.82,3272.06,3306.89,3247.72,3257.26,3539.9,3262.28,3253.36,3293.64
2593.23,2648.21,2590.68,2647.69,2648.18,2647.8,3586.35,2647.92,2648.26
3519.28,3519.14,3519.17,3510.8,3519.33,3519.15,3519.22,3519.29,3586.09
3746.66,3746.59,3746.56,3745.97,3746.62,3746.42,3746.11,3746.74,3746.5
3749.49,3749.46,3749.2,3748.68,3748.73,3749.45,3749.5,3749.28,3748.96
3810.67,3810.04,3810.14,3810.9,3810.59,3810.18,3810.68,3810.44,3810.55
3985.2,3985.37,3985.8,3979.88,3981.26,3985.37,3985.61,3985.34,3985.18
4000,4000,4000,4000,4000,4000,4000,4000,4000
4000,4000,4000,4000,4000,4000,4000,4000,4000
4000,4000,4000,4000,4000,4000,4000,4000,4000
4000,4000,4000,4000,4000,4000,4000,4000,4000
4000,4000,4000,4000,4000,4000,4000,4000,4000
4000,4000,4000,4000,4000,4000,4000,4000,4000
3715.32,3721.53,3735.86,3724.69,3692.18,3713.76,3734.48,3708.57,3735.63
1844.83,1844.77,1844.92,1844.93,1800.79,1844.83,1828.85,3364.56,1844.33
1881.47,1845.08,3457.11,1836.36,1879.08,1841.44,1839.06,1838.67,1839.64
3207.12,3179.95,3157.88,3165.78,3185.32,3632.92,3206.4,3206.21,3206.29
3718.16,3717.97,3717.92,3718.12,3707.02,3718.01,3718.07,3718.07,3718.08
3693.82,3693.8,3693.82,3693.67,3639.8,3693.87,3693.88,3693.33,3692.74
3832.45,3832.53,3832.36,3831.55,3832.4,3832.19,3832.1,3831.68,3832.3
3989.98,3988.64,3989.11,3987.45,3989.39,3989.46,3990.14,3989.38,3989.86
4000,4000,4000,4000,4000,4000,4000,4000,4000
4000,4000,4000,4000,4000,4000,4000,4000,4000
4000,4000,4000,4000,4000,4000,4000,4000,4000
4000,4000,4000,4000,4000,4000,4000,4000,4000
4000,4000,4000,4000,4000,4000,4000,4000,4000
4000,4000,4000,4000,4000,4000,4000,4000,4000
3870.1,3821.66,3838.52,3857.78,3869.97,3818.51,3869.71,3869.91,3869.31
3510.88,2422.55,2422.47,2379.86,2422.85,2422.52,2390.98,2390.22,2377.97
2835.31,2847.12,2893.25,3551.59,2890.84,2890.3,2832.61,2893.23,2893.19
3505.06,3626.52,3498.79,3522.18,3531.85,3565.35,3565.97,3566.42,3564.67
3651.92,3662.67,3642.15,3640.66,3583.68,3654.09,3654.12,3652.48,3649.63
3771.6,3771.7,3771.85,3771.83,3771.87,3771.82,3771.5,3771.21,3771.67
3855.28,3855.3,3855.54,3854.57,3855.19,3854.52,3855.27,3854.88,3855.45
3990.78,3989.96,3992.8,3992.08,3993.14,3992.19,3990.35,3992.31,3990.95
4000,4000,4000,4000,4000,4000,4000,4000,4000
4000,4000,4000,4000,4000,4000,4000,4000,4000
4000,4000,4000,4000,4000,4000,4000,4000,4000
4000,4000,4000,4000,4000,4000,4000,4000,4000
4000,4000,4000,4000,4000,4000,4000,4000,4000
4000,4000,4000,4000,4000,4000,4000,4000,4000
3308.21,3308.74,3242.71,3243.95,3308.25,3250.27,3336.85,3309.5,3309.5
2660.42,2640.7,2700.04,2645.92,2663.83,2649.02,2642.09,3257.18,2658.75
3345.33,3335.93,3553.77,3359.99,3326.74,3390.83,3355.56,3325.75,3390.69
3430.24,3575.17,3434.13,3433.86,3431.35,3428.9,3376.37,3434.13,3431.04
3817.17,3816.89,3817.3,3817.34,3816.66,3816.09,3817.05,3817.47,3817.17
3854.07,3853.86,3854.14,3853.97,3853.52,3852.96,3854.22,3853.79,3853.97
3933.84,3933.29,3933.21,3932.67,3933.43,3933.8,3933.37,3932.37,3933.33
3997.9,3995.31,3996.95,3996.42,3998.11,3999.01,3999.1,4000,4000
4000,4000,4000,4000,4000,4000,4000,4000,4000
4000,4000,4000,4000,4000,4000,4000,4000,4000
4000,4000,4000,4000,4000,4000,4000,4000,4000
4000,4000,4000,4000,4000,4000,4000,4000,4000
4000,4000,4000,4000,4000,4000,4000,4000,4000
4000,4000,4000,4000,4000,4000,4000,4000,4000
3631.66,3631.23,3628.92,3590.18,3630.53,3590.45,3589.78,3587.19,3634.73
2573.44,2573.45,2573.47,2573.6,2573.49,3170.52,2572.8,2560.93,2541.29
1791.69,1791.04,1791.08,1791.57,3171.32,1754.08,1760.42,1763.9,1791.54
3659.19,3617.6,3659.42,3658.75,3658.76,3659.17,3658.44,3658.65,3658.69
3813.5,3813.14,3813.66,3813.41,3803.66,3813.48,3813.25,3813.57,3813.68
3906.23,3907.15,3907.12,3906.68,3906.48,3907.13,3906.51,3906.09,3906.98
3964.6,3964.42,3964.93,3964.67,3964.2,3964.38,3964.41,3964.47,3963.71
3999.34,3997,3998.97,3999.66,3991.23,3998.79,3997.33,4000,4000
4000,4000,4000,4000,4000,4000,4000,4000,4000
4000,4000,4000,4000,4000,4000,4000,4000,4000
4000,4000,4000,4000,4000,4000,4000,4000,4000
4000,4000,4000,4000,4000,4000,4000,4000,4000
4000,4000,4000,4000,4000,4000,4000,4000,4000
4000,4000,4000,4000,4000,4000,4000,4000,4000
3294.37,3295.01,3299.33,3296.81,3293.21,3273.38,3290.99,3262.17,3273.47
2163.53,2157.52,2176.08,2158.43,2176.02,2139.12,2143,3018.62,2173.92
3477.06,3504.6,3504.79,3489.39,3504.54,3481.83,3504.04,3491.73,3513.01
3769.23,3769.7,3749.19,3770.03,3770.09,3769.16,3770.12,3769.43,3758.6
3778.46,3778.91,3779.2,3779.24,3769.02,3778.76,3778.68,3778.62,3779.17
3911.09,3910.8,3911.11,3910.33,3900.58,3902.2,3911.61,3911.43,3911.09
3977.69,3978.36,3978.72,3977.5,3977.73,3978.19,3978.83,3979.11,3977.13
3998.82,3992.23,3998.65,4000,4000,4000,4000,4000,4000
4000,4000,4000,4000,4000,4000,4000,4000,4000
4000,4000,4000,4000,4000,4000,4000,4000,4000
4000,4000,4000,4000,4000,4000,4000,4000,4000
4000,4000,4000,4000,4000,4000,4000,4000,4000
4000,4000,4000,4000,4000,4000,4000,4000,4000
4000,4000,4000,4000,4000,4000,4000,4000,4000
3830.72,3827.16,3819.41,3810.3,3769.76,3830.79,3774.47,3831.21,3831.01
3308.14,3351.61,3304.18,3305.32,3295.84,3385.42,3347.74,3305.34,3316.54
2832.96,2833.3,2772.35,2833.36,2772.35,3484.02,2833.43,2833.43,2833.43
3594.91,3596.66,3594.06,3597.73,3597.05,3597.22,3596.84,3574.43,3574.96
3731.46,3731.94,3731.97,3731.32,3731.6,3731.37,3731.83,3730.96,3730.99
3900.27,3899.78,3900.31,3899.32,3899.77,3898.82,3899.47,3899.49,3899.73
3964.72,3965.66,3965.63,3964.46,3964.63,3965.59,3965.91,3964.19,3911.3
3994.35,3994.75,3998.25,3998,4000,4000,4000,4000,4000
4000,4000,4000,4000,4000,4000,4000,4000,4000
4000,4000,4000,4000,4000,4000,4000,4000,4000
4000,4000,4000,4000,4000,4000,4000,4000,4000
4000,4000,4000,4000,4000,4000,4000,4000,4000
4000,4000,4000,4000,4000,4000,4000,4000,4000
4000,4000,4000,4000,4000,4000,4000,4000,4000
3615.36,3614.64,3595.34,3614.65,3615.16,3566.34,3615.32,3615.2,3568.62
1830.86,1857.29,1822.13,1861.77,1826.87,3215.65,1818.09,1862.51,1821.13
2339.11,3434.55,2331.37,2323.42,2324.12,2373.64,2335.12,2346.32,2334.7
3371,3352.13,3549.89,3365.97,3313.75,3370.15,3371.33,3362.2,3343.68
3670.45,3670.35,3660.09,3670.31,3660.32,3670.61,3670.38,3670.24,3670.41
3849.13,3849.29,3849.07,3849.37,3848.6,3849.06,3849.06,3849.64,3849.02
3920.02,3924.37,3924.45,3923.15,3923.5,3922.85,3923.97,3923.9,3923.61
3997.38,3997.42,3998.31,3998.11,3998.26,4000,4000,4000,4000
4000,4000,4000,4000,4000,4000,4000,4000,4000
4000,4000,4000,4000,4000,4000,4000,4000,4000
4000,4000,4000,4000,4000,4000,4000,4000,4000
4000,4000,4000,4000,4000,4000,4000,4000,4000
4000,4000,4000,4000,4000,4000,4000,4000,4000
4000,4000,4000,4000,4000,4000,4000,4000,4000
3565.34,3564.04,3565.35,3607.57,3565.72,3565.08,3607.93,3607.54,3605.8
2123.41,2110.91,3139.95,2119.38,2132.85,2143.55,2141,2104.23,2141.43
2475.56,2474.19,3452.7,2475.79,2474.73,2475.66,2473.81,2475.4,2475.36
3208.05,3207.98,3207.81,3207.66,3207.36,3577.15,3208.11,3208.11,3208.11
3700.82,3688.35,3700.41,3680.86,3701.11,3700.97,3700.97,3700.74,3701.03
3811.52,3811.3,3811.38,3811.35,3811.36,3811.43,3811.39,3811.43,3810.9
3864.68,3864.75,3864.91,3864.98,3865.32,3865.22,3864.97,3864.93,3865.01
3994.26,3994.51,3995.14,3995.62,3994.95,3994.88,3993.96,3994.5,3994.04
4000,4000,4000,4000,4000,4000,4000,4000,4000
4000,4000,4000,4000,4000,4000,4000,4000,4000
4000,4000,4000,4000,4000,4000,4000,4000,4000
4000,4000,4000,4000,4000,4000,4000,4000,4000
4000,4000,4000,4000,4000,4000,4000,4000,4000
4000,4000,4000,4000,4000,4000,4000,4000,4000
3385.13,3391.61,3391.81,3390.98,3390.93,3387.22,3390.35,3459.51,3389.09
2141.17,2140.81,2142.44,2141.21,2096.39,2142.41,2142.36,3419.01,2141.49
1888.82,1888.95,1889.07,1889.01,1877.89,1882.62,3473.58,1889.08,1889.08
3536.01,2840.92,2843.1,2843.42,2842.42,2842.94,2842.94,2843.25,2817.64
3695.46,3695.46,3695.43,3695.55,3695.44,3695.45,3695.46,3687.65,3694.83
3730.18,3730.62,3730.17,3730.34,3730.31,3730.58,3730.36,3730.3,3730.24
3805.54,3806.26,3805.96,3805.86,3805.93,3805.63,3806.44,3806.1,3805.91
3989.66,3990.54,3990.23,3990.17,3988.9,3989.64,3989.58,3990.3,3990.31
4000,4000,4000,4000,4000,4000,4000,4000,4000
4000,4000,4000,4000,4000,4000,4000,4000,4000
4000,4000,4000,4000,4000,4000,4000,4000,4000
4000,4000,4000,4000,4000,4000,4000,4000,4000
4000,4000,4000,4000,4000,4000,4000,4000,4000
4000,4000,4000,4000,4000,4000,4000,4000,4000
3745.41,3799.52,3759.83,3799.07,3799.55,3783.3,3799.12,3799.79,3799.8
3009.62,3007.21,2994.74,3001.4,3051.74,3014.59,3026.8,3501.87,3050.41
3373.59,2404.05,2448.12,2448.25,2440.73,2447.97,2448.48,2448.26,2398.23
2842.04,3522.15,2896.89,2897.15,2896.68,2896.73,2896.96,2895.9,2896.15
3635.73,3636.7,3633.65,3636.59,3617.37,3628.52,3636.58,3637,3636.71
3721.38,3721.5,3721.46,3721.46,3721.75,3721.2,3721.44,3721.69,3721.46
3778.52,3778.59,3778.57,3779.06,3779.05,3778.04,3778.92,3778.52,3779.02
3983.82,3983.92,3983.36,3982,3982.54,3982.38,3983.25,3983.04,3983.63
4000,4000,4000,4000,4000,4000,4000,4000,4000
4000,4000,4000,4000,4000,4000,4000,4000,4000
4000,4000,4000,4000,4000,4000,4000,4000,4000
4000,4000,4000,4000,4000,4000,4000,4000,4000
4000,4000,4000,4000,4000,4000,4000,4000,4000
4000,4000,4000,4000,4000,4000,4000,4000,4000
3668.34,3668.69,3614.21,3605.07,3614.07,3668.51,3615.26,3668.28,3668.49
2786.01,2786.04,2775.2,3455.52,2786.04,2786.04,2786.04,2786.04,2786.04
2770.86,2797.22,2787.43,2798.72,2767.41,3545.38,2799.94,2799.94,2799.94
3620.7,3433.93,3405.1,3434.71,3378.57,3435.87,3386.15,3418.06,3431.71
3683.28,3682.74,3683.11,3644.92,3683.08,3638.64,3683.28,3683.14,3682.76
3740.63,3740.85,3741.17,3741.02,3741.05,3740.99,3741.15,3741.16,3740.59
3823.91,3824.32,3824.38,3824.46,3823.69,3824.35,3823.93,3824.43,3824.35
3992.69,3991.1,3991.06,3988.92,3989.21,3991.32,3992.41,3986.6,3986.83
4000,4000,4000,4000,4000,4000,4000,4000,4000
4000,4000,4000,4000,4000,4000,4000,4000,4000
4000,4000,4000,4000,4000,4000,4000,4000,4000
4000,4000,4000,4000,4000,4000,4000,4000,4000
4000,4000,4000,4000,4000,4000,4000,4000,4000
4000,4000,4000,4000,4000,4000,4000,4000,4000
3054.03,3058.09,3116.22,3060.5,3053.63,3253.92,3116.66,3117.05,3116.61
2115.7,3427.06,2119.34,2122.12,2162.93,2149.49,2116.32,2118.08,2162.23
2124.73,2124.75,2124.7,2124.64,2114.83,3479.32,2127.66,2124.85,2124.85
2497.64,2497.55,2497.58,2497.48,3557.76,2497.7,2497.7,2497.7,2497.7
3590.99,3591.37,3571.49,3590.54,3524.75,3591.5,3589.09,3590.88,3617.51
3703.35,3703.66,3703.69,3703.8,3703.68,3703.09,3703.72,3703.61,3703.76
3801.77,3800.38,3801.19,3801.31,3801.32,3801.65,3801.64,3801.94,3801.62
3994.73,3993.31,3993.36,3992.14,3989.81,3993.64,3993.4,3992.93,3993.28
4000,4000,4000,4000,4000,4000,4000,4000,4000
4000,4000,4000,4000,4000,4000,4000,4000,4000
4000,4000,4000,4000,4000,4000,4000,4000,4000
4000,4000,4000,4000,4000,4000,4000,4000,4000
4000,4000,4000,4000,4000,4000,4000,4000,4000
4000,4000,4000,4000,4000,4000,4000,4000,4000
3430.22,3449.63,3429.38,3414.51,3417.75,3431.12,3419.66,3435.17,3435.51
437.277,459.654,459.655,459.589,3149.23,459.542,459.66,459.66,459.66
-53.7879,-53.8138,-53.9331,-57.7808,3364.77,-53.7874,-53.7874,-53.7874,-53.7874
2720.92,2679.03,2668.16,2720.87,2709.54,2720.82,3545.75,2706.67,2722.25
3701.51,3707.92,3708.08,3708.26,3704.86,3708.19,3708.12,3701.74,3708.26
3758.92,3759.05,3758.59,3758.22,3758.15,3758.62,3758.66,3758.86,3758.6
3856.8,3856.73,3856.24,3856.22,3856.94,3856.97,3856.36,3856.92,3856.6
3998.28,3998.05,3999.32,3992.51,3997.1,3995.19,3996.73,3993.47,3994.52
4000,4000,4000,4000,4000,4000,4000,4000,4000
4000,4000,4000,4000,4000,4000,4000,4000,4000
4000,4000,4000,4000,4000,4000,4000,4000,4000
4000,4000,4000,4000,4000,4000,4000,4000,4000
4000,4000,4000,4000,4000,4000,4000,4000,4000
4000,4000,4000,4000,4000,4000,4000,4000,4000
3682.94,3688.88,3741.34,3741.55,3741.42,3741.61,3689.28,3685.87,3741.11
2199.58,2181.47,2181.13,2189.19,3133.45,2198.47,2204.02,2181.6,2197.24
2135.42,2119.82,3174,2135.68,2135.68,2135.68,2135.68,2135.68,2135.68
3595.87,3585.96,3594.67,3566.25,3593.78,3555.98,3594.77,3594.92,3576.89
3773.42,3763.52,3768,3773.53,3772.74,3773.57,3773.2,3772.58,3772.57
3858.79,3858.04,3858.46,3858.89,3859.14,3859.14,3858.93,3858.75,3858.95
3928.49,3928.13,3928.49,3928.6,3928.65,3928.02,3927.59,3927.6,3928.53
3996,3998.52,3996.55,3998.48,3997.68,3997.08,3986.75,4000,4000
4000,4000,4000,4000,4000,4000,4000,4000,4000
4000,4000,4000,4000,4000,4000,4000,4000,4000
4000,4000,4000,4000,4000,4000,4000,4000,4000
4000,4000,4000,4000,4000,4000,4000,4000,4000
4000,4000,4000,4000,4000,4000,4000,4000,4000
4000,4000,4000,4000,4000,4000,4000,4000,4000
3538.17,3538.07,3538.06,3538.23,3541.27,3535.29,3564.16,3538.08,3535.22
3198.34,2651.41,2650.6,2677.18,2666.94,2655.18,2653.04,2654.31,2650.91
3467.92,3517.48,3517.06,3516.4,3515.55,3515.96,3466.91,3540.29,3456.48
3650.43,3668.69,3678.11,3677.58,3676.89,3669.19,3677.81,3678.03,3677.74
3798.91,3798.77,3789.84,3797.85,3798.77,3797.95,3765.52,3798.48,3795.23
3811.65,3811.23,3811.51,3811.47,3762.41,3811.11,3811.65,3810.98,3811.64
3972.89,3973.14,3972.35,3972.25,3971.5,3973.02,3971.65,3973.29,3972.07
3998.61,3999.16,3997.75,3995.44,3994.7,3998.85,3998.36,4000,4000
4000,4000,4000,4000,4000,4000,4000,4000,4000
4000,4000,4000,4000,4000,4000,4000,4000,4000
4000,4000,4000,4000,4000,4000,4000,4000,4000
4000,4000,4000,4000,4000,4000,4000,4000,4000
4000,4000,4000,4000,4000,4000,4000,4000,4000
4000,4000,4000,4000,4000,4000,4000,4000,4000
2962.01,3026.09,2962.81,2962.51,2925.92,2957.8,2936.14,2962.51,2956.17
2342.57,2342.64,2346.06,2346.33,2343.01,2340.02,2342.2,3145.66,2343.49
3288.94,3234.19,3247.8,3286.19,3288.91,3288.94,3288.81,3259.18,3395.21
3693.91,3693.8,3693.5,3692.74,3692.62,3668.16,3665.19,3693.44,3687.53
3719.14,3739.4,3739.88,3739.21,3739.95,3739.86,3739.37,3739.42,3739.52
3919.13,3920.19,3920.48,3921.15,3920.88,3921.03,3920.33,3920.87,3921.16
3978.81,3978.41,3979.4,3978.96,3977.63,3978.92,3979.12,3978.58,3978.8
3998.65,4000,4000,4000,4000,4000,4000,4000,4000
4000,4000,4000,4000,4000,4000,4000,4000,4000
4000,4000,4000,4000,4000,4000,4000,4000,4000
4000,4000,4000,4000,4000,4000,4000,4000,4000
4000,4000,4000,4000,4000,4000,4000,4000,4000
4000,4000,4000,4000,4000,4000,4000,4000,4000
4000,4000,4000,4000,4000,4000,4000,4000,4000
3736.81,3783.96,3740.57,3730.45,3727.5,3784.27,3764.66,3740.54,3740.41
2467.85,2523.73,2467.62,2523.6,2523.56,2523.27,3255.39,2523.7,2496.67
2600.16,2547.74,2545.21,2548.13,2597.35,2598.82,2546.17,2602.39,3567.02
3590.35,3599.96,3599.9,3599.84,3600.07,3577.7,3599.12,3591.47,3544.84
3751.04,3751.33,3751.08,3750.99,3750.89,3750.29,3751.26,3751.03,3751.28
3879.88,3880.38,3880.64,3880.6,3879.17,3880.11,3880.52,3880.66,3880.6
3960.64,3960.24,3960.16,3959.9,3960.42,3960.21,3910.71,3960.23,3959.6
3995.38,3999.7,4000,4000,4000,4000,4000,4000,4000
4000,4000,4000,4000,4000,4000,4000,4000,4000
4000,4000,4000,4000,4000,4000,4000,4000,4000
4000,4000,4000,4000,4000,4000,4000,4000,4000
4000,4000,4000,4000,4000,4000,4000,4000,4000
4000,4000,4000,4000,4000,4000,4000,4000,4000
4000,4000,4000,4000,4000,4000,4000,4000,4000
3736.39,3735.91,3696.19,3736.25,3720.14,3736.67,3736.31,3712.91,3692.24
2549.53,2539.4,2552.39,2539.79,2544.29,2541.02,2542.11,3277.5,2552.5
2829.92,2829.72,2829.82,3468.65,2830.75,2830.75,2830.75,2830.75,2830.75
3665.28,3629.08,3664.66,3665.14,3665.27,3665.38,3652.53,3665.34,3665.41
3750,3750.05,3750.01,3749.99,3749.88,3750.07,3750.07,3750.1,3750.02
3832.39,3832.88,3832.85,3832.72,3832.62,3832.53,3833.07,3832.54,3832.9
3924.21,3924.07,3924.07,3925.03,3923.77,3924.2,3924.29,3924.71,3924.65
4000,4000,4000,4000,4000,4000,4000,4000,4000
4000,4000,4000,4000,4000,4000,4000,4000,4000
4000,4000,4000,4000,4000,4000,4000,4000,4000
4000,4000,4000,4000,4000,4000,4000,4000,4000
4000,4000,4000,4000,4000,4000,4000,4000,4000
4000,4000,4000,4000,4000,4000,4000,4000,4000
4000,4000,4000,4000,4000,4000,4000,4000,4000
3721.07,3721.42,3721.13,3720.92,3721.21,3721.48,3658.37,3665.91,3702.86
2447.44,2428.14,2446.97,3353.68,2447.75,2447.75,2447.75,2447.75,2447.75
2049.12,2049.72,2049.4,2048.75,2048.57,2000.99,2020.05,2050.06,3463.31
3552.63,3324.02,3266.61,3323.88,3322.89,3324.02,3322,3319.61,3324.96
3675.63,3658.12,3675.79,3676.02,3676,3676.03,3676.2,3665.3,3676.09
3776.59,3776.85,3776.87,3776.63,3776.64,3776.83,3776.82,3776.72,3776.45
3844.74,3867.49,3868.61,3868.37,3868.43,3868.57,3868.34,3868.18,3868.14
3996.61,3993.56,3994.36,3993.85,3997.09,3998.63,4000,4000,4000
4000,4000,4000,4000,4000,4000,4000,4000,4000
4000,4000,4000,4000,4000,4000,4000,4000,4000
4000,4000,4000,4000,4000,4000,4000,4000,4000
4000,4000,4000,4000,4000,4000,4000,4000,4000
4000,4000,4000,4000,4000,4000,4000,4000,4000
4000,4000,4000,4000,4000,4000,4000,4000,4000
3650.31,3579.86,3650.01,3649.38,3649.52,3646.38,3650.31,3650.59,3650.18
2676.53,2671.51,3315.06,2705.95,2705.01,2706.11,2705.75,2705.87,2706.12
3228.42,3207.3,3523.42,3229.12,3229.12,3229.12,3229.12,3229.12,3229.12
3617.99,3602.01,3617.88,3602.26,3558.76,3604.27,3617.65,3617.79,3620.13
3637.79,3638.04,3637.54,3637.84,3598.15,3637.66,3638.08,3638.08,3638.1
3752.12,3751.67,3751.62,3751.77,3751.22,3752.08,3751.87,3751.85,3751.65
3842.5,3842.6,3842.21,3841.69,3842.35,3842.68,3842.53,3842.21,3842.09
3995.03,3994.27,3994.58,3994.87,3994.62,3994.99,3995.1,3991.32,3992.45
4000,4000,4000,4000,4000,4000,4000,4000,4000
4000,4000,4000,4000,4000,4000,4000,4000,4000
4000,4000,4000,4000,4000,4000,4000,4000,4000
4000,4000,4000,4000,4000,4000,4000,4000,4000
4000,4000,4000,4000,4000,4000,4000,4000,4000
4000,4000,4000,4000,4000,4000,4000,4000,4000
3616.53,3646.53,3658.93,3618.33,3659.11,3612.65,3643.95,3621.26,3647.45
3383.93,2771.45,2771.37,2770.92,2711.64,2748.11,2717.02,2745.86,2756.39
3555.1,2246.73,2246.98,2195.17,2228.16,2195.45,2216.01,2236.54,2208.27
3222.36,3272.83,3241.97,3272.4,3244.26,3205.52,3272.63,3598.51,3266.19
3674.28,3674.29,3673.9,3674.39,3664.5,3673.66,3674.29,3674.28,3674.41
3719.07,3719.2,3719.16,3719.34,3718.57,3719.09,3719.34,3718.94,3719.34
3823.63,3823.01,3823.48,3822.99,3823.61,3823.09,3823.58,3823.51,3823.51
3992.17,3992.97,3992.52,3993.27,3993.36,3993.65,3992.82,3992.64,3992.87
4000,4000,4000,4000,4000,4000,4000,4000,4000
4000,4000,4000,4000,4000,4000,4000,4000,4000
4000,4000,4000,4000,4000,4000,4000,4000,4000
4000,4000,4000,4000,4000,4000,4000,4000,4000
4000,4000,4000,4000,4000,4000,4000,4000,4000
4000,4000,4000,4000,4000,4000,4000,4000,4000
3827.66,3776.28,3812.42,3827.95,3827.82,3821.61,3827.25,3828.29,3827.98
2870.63,2870.57,2871.26,2871.09,2820.43,3519.26,2871.32,2871.32,2871.32
3159.39,3159.43,3158.24,3157.86,3158.84,3541.98,3103.35,3159.41,3159.57
2837.39,2821.82,3522.31,2837.84,2838.58,2837.42,2838.21,2837.59,2838.51
3608.01,3622.65,3609.7,3606.92,3609.91,3608.63,3609.82,3596.11,3609.92
3669.45,3670.09,3670.09,3669.65,3670.2,3670.06,3670.21,3670.02,3670.18
3731.94,3732.17,3732.3,3732.37,3732.02,3732.21,3731.75,3732.08,3732.3
3986.89,3987.01,3985.91,3987.19,3987.12,3986.51,3986.07,3986.48,3982.57
4000,4000,4000,4000,4000,4000,4000,4000,4000
4000,4000,4000,4000,4000,4000,4000,4000,4000
4000,4000,4000,4000,4000,4000,4000,4000,4000
4000,4000,4000,4000,4000,4000,4000,4000,4000
4000,4000,4000,4000,4000,4000,4000,4000,4000
4000,4000,4000,4000,4000,4000,4000,4000,4000
3364.49,3379.81,3366.01,3360.77,3341.82,3391.09,3514.76,3399.74,3361.77
1846.13,1846.51,1846.94,1804.5,1803.51,1846.73,3450.3,1846.95,1846.92
1264.28,1264.3,1264.05,1264.11,1228.39,1228.64,1264.39,1264.31,3444.28
2468.99,2438.8,2478.94,3555.39,2479.13,2479.08,2438.19,2478.65,2478.4
3619.08,3616.37,3634.24,3634.2,3634.08,3634.23,3634.21,3634.22,3633.79
3663.91,3663.54,3663.91,3663.92,3663.7,3663.84,3663.77,3663.57,3663.88
3731.51,3731.57,3731.47,3731.36,3731.33,3731.42,3731.35,3731.68,3731.55
3980.31,3979.1,3981.27,3979.92,3980.43,3980.99,3980.85,3980.54,3980.3
4000,4000,4000,4000,4000,4000,4000,4000,4000
4000,4000,4000,4000,4000,4000,4000,4000,4000
4000,4000,4000,4000,4000,4000,4000,4000,4000
4000,4000,4000,4000,4000,4000,4000,4000,4000
4000,4000,4000,4000,4000,4000,4000,4000,4000
4000,4000,4000,4000,4000,4000,4000,4000,4000
3680.05,3628.73,3679.97,3679.84,3617.31,3620.85,3680.21,3679.72,3680.17
2175.39,2124.66,2175,2175.42,2175.2,3159.23,2175.38,2175.31,2174.66
2958.75,2958.44,2957.71,2958.99,2896.71,2958.61,3516.64,2958.98,2958.64
3601.88,3601.17,3570.83,3612.35,3601.17,3611.71,3612.24,3567.91,3602.22
3701.34,3700.7,3701.18,3700.99,3700.74,3701.42,3701.34,3700.76,3701.08
3714.32,3714.4,3714.24,3714.43,3714.28,3714.45,3714.36,3714,3714.35
3812.45,3812.93,3813.03,3812.46,3812.13,3812.26,3813.03,3812.61,3812.45
3992.07,3995.65,3996.74,3993.47,3996.37,3992.87,3994.82,3995.04,3996.75
4000,4000,4000,4000,4000,4000,4000,4000,4000
4000,4000,4000,4000,4000,4000,4000,4000,4000
4000,4000,4000,4000,4000,4000,4000,4000,4000
4000,4000,4000,4000,4000,4000,4000,4000,4000
4000,4000,4000,4000,4000,4000,4000,4000,4000
4000,4000,4000,4000,4000,4000,4000,4000,4000
3513.32,3515.01,3492.81,3489.58,3545.94,3495.47,3494.24,3486.57,3535.09
1900.93,1900.95,1916.88,1902.09,1902.94,1901.42,3127.57,1920.45,1910.45
2780.93,3335.04,2781,2780.91,2756.41,2781.02,2781.06,2780.77,2780.74
3651.55,3651.76,3651.29,3651.38,3649.4,3629.61,3651.79,3651.61,3611.08
3754.86,3753.87,3754.1,3754.84,3753.63,3754.41,3754.88,3754.49,3754.97
3824.84,3823.35,3824.51,3824.77,3824.29,3824.94,3824.26,3824.94,3824.71
3913.97,3914.19,3913.04,3913.52,3914.02,3913.74,3912.9,3914.02,3913.58
3995.7,3994.79,3991.21,3994.05,3989.63,3998.47,3998.35,4000,4000
4000,4000,4000,4000,4000,4000,4000,4000,4000
4000,4000,4000,4000,4000,4000,4000,4000,4000
4000,4000,4000,4000,4000,4000,4000,4000,4000
4000,4000,4000,4000,4000,4000,4000,4000,4000
4000,4000,4000,4000,4000,4000,4000,4000,4000
4000,4000,4000,4000,4000,4000,4000,4000,4000
3540.98,3548.19,3519.01,3543.43,3534.34,3549.44,3541.08,3539.83,3546.47
1808.44,1808.28,1808.47,1808.48,1763.93,1786.94,3321.93,1808.5,1808.5
3078.22,3077.67,3078.06,3076.61,3076.39,3428.28,3013.24,3078.14,3055.24
3539.46,3550.33,3504.57,3497.38,3539.87,3538.38,3489.84,3538.75,3538.55
3791.33,3791.14,3791.65,3791.21,3783.33,3791.84,3791.06,3791.09,3791.08
3888.03,3887.22,3887.67,3887.96,3888.15,3888.35,3888.37,3887.58,3887.82
3961.01,3961.38,3960.96,3960.66,3960.93,3960.76,3961.08,3960.23,3960.76
3999.74,3996.15,3991.02,3999,4000,4000,4000,4000,4000
4000,4000,4000,4000,4000,4000,4000,4000,4000
4000,4000,4000,4000,4000,4000,4000,4000,4000
4000,4000,4000,4000,4000,4000,4000,4000,4000
4000,4000,4000,4000,4000,4000,4000,4000,4000
4000,4000,4000,4000,4000,4000,4000,4000,4000
4000,4000,4000,4000,4000,4000,4000,4000,4000
3386.88,3375.25,3382.75,3370.95,3376.55,3380.09,3378.28,3381.5,3382.29
1826.89,1847.57,1837.54,1856.23,1826.39,1841.87,1850.99,1842.45,3253.76
3282.47,3286.1,3286.23,3252.69,3284.33,3286.06,3473.83,3236.47,3286.12
3456.65,3456.98,3565.66,3457.2,3457.2,3457.2,3457.2,3457.2,3457.2
3733.6,3725.62,3733.54,3733.43,3732.7,3733.69,3733.74,3718.46,3733.77
3835.96,3836.14,3835.9,3836.27,3823.58,3836.18,3836.01,3836.35,3835.99
3974.21,3974.67,3974.78,3974.51,3973.48,3974.92,3974.81,3973.78,3975.52
3997.88,3998.2,4000,4000,4000,4000,4000,4000,4000
4000,4000,4000,4000,4000,4000,4000,4000,4000
4000,4000,4000,4000,4000,4000,4000,4000,4000
4000,4000,4000,4000,4000,4000,4000,4000,4000
4000,4000,4000,4000,4000,4000,4000,4000,4000
4000,4000,4000,4000,4000,4000,4000,4000,4000
4000,4000,4000,4000,4000,4000,4000,4000,4000
3586.35,3600.06,3600.45,3538.09,3600.32,3540.55,3600.38,3538.06,3538
3317.08,3307.26,3313.27,3308.97,3325.99,3338.95,3347.45,3338.42,3308.02
3357.15,3357.55,3356.75,3357.47,3356.73,3569.95,3357.7,3357.7,3357.7
3609.62,3610.18,3608.64,3609.52,3607.38,3610.27,3608.83,3583.12,3631.34
3695.34,3695.92,3688.33,3695.31,3690.92,3696.01,3696.04,3695.66,3695.97
3851.51,3852.13,3852.04,3851.95,3852.27,3852.49,3852.5,3852.02,3851.93
3960.66,3960.56,3960.17,3959.72,3958.47,3959.66,3960.15,3959.73,3959.76
3997.46,3997.68,3998.21,3998.08,4000,4000,4000,4000,4000
4000,4000,4000,4000,4000,4000,4000,4000,4000
4000,4000,4000,4000,4000,4000,4000,4000,4000
4000,4000,4000,4000,4000,4000,4000,4000,4000
4000,4000,4000,4000,4000,4000,4000,4000,4000
4000,4000,4000,4000,4000,4000,4000,4000,4000
4000,4000,4000,4000,4000,4000,4000,4000,4000
3537.32,3537.64,3536.91,3529.27,3516.87,3525.81,3525.7,3534.98,3524.12
2611.02,2610.69,2610.91,2664.92,2664.21,2664.58,2661.88,2621.2,3437.17
3086.37,3085.76,3550.36,3086.44,3086.16,3085.13,3085.94,3085.25,3031.45
3095.16,3099.85,3099.64,3100.19,3099.98,3610.86,3100.27,3098.31,3073.88
3713.48,3713.03,3713.48,3713.44,3713.23,3713.07,3713.41,3713.41,3713.34
3771.34,3771.37,3771.4,3771.38,3771.24,3771.35,3771.19,3771.31,3771.35
3899.26,3899.19,3899.18,3898.91,3898.52,3899.29,3899.33,3898.57,3898.38
3997.59,3998.41,3997.79,3999.55,3996,3998.38,4000,4000,4000
4000,4000,4000,4000,4000,4000,4000,4000,4000
4000,4000,4000,4000,4000,4000,4000,4000,4000
4000,4000,4000,4000,4000,4000,4000,4000,4000
4000,4000,4000,4000,4000,4000,4000,4000,4000
4000,4000,4000,4000,4000,4000,4000,4000,4000
4000,4000,4000,4000,4000,4000,4000,4000,4000
3484.88,3522.41,3489.28,3513.26,3520.62,3469.93,3519.24,3529.43,3474.51
1539.51,1500.97,1499.78,1539.06,1515.08,3404.91,1539.57,1539.66,1537.1
1346.09,1348.74,1361.73,1349.94,1348.05,1349.08,3548.55,1383.94,1383.94
3110.55,3059.4,3111.89,3111.15,3093.17,3574.16,3112.83,3112.63,3111.34
3640.32,3640.47,3620.05,3640.53,3571.65,3642.71,3652.18,3642.61,3642.67
3728.96,3728.64,3728.82,3728.86,3728.42,3728.88,3728.94,3728.86,3728.59
3841.11,3840.26,3840.89,3840.88,3840.87,3840.81,3840.91,3841,3840.52
3997.24,3996.55,3992.58,3993.84,3993.94,3993.22,3996.46,3997.2,3996.53
4000,4000,4000,4000,4000,4000,4000,4000,4000
4000,4000,4000,4000,4000,4000,4000,4000,4000
4000,4000,4000,4000,4000,4000,4000,4000,4000
4000,4000,4000,4000,4000,4000,4000,4000,4000
4000,4000,4000,4000,4000,4000,4000,4000,4000
4000,4000,4000,4000,4000,4000,4000,4000,4000
3742.12,3698.28,3742.6,3743.11,3743.15,3742.97,3742.6,3742.87,3721.64
2448.42,2504.04,3474.62,2504.12,2504,2503.4,2455.42,2504.02,2449.79
1676.82,1677.04,3482.32,1677.04,1677.04,1677.04,1677.04,1677.04,1677.04
3448.18,3423.73,3442.12,3449.66,3589.16,3427.4,3409.81,3449.34,3413.96
3648.8,3652.02,3652.08,3651.88,3651.84,3640.89,3651.86,3651.97,3651.99
3679.05,3679.16,3679,3679.19,3678.74,3679,3679.13,3679.07,3679.06
3778.07,3778.13,3777.69,3777.87,3777.95,3777.86,3778.1,3777.45,3777.56
3992.03,3991.53,3990.36,3993.68,3992.61,3992.37,3993.46,3992.62,3992.45
4000,4000,4000,4000,4000,4000,4000,4000,4000
4000,4000,4000,4000,4000,4000,4000,4000,4000
4000,4000,4000,4000,4000,4000,4000,4000,4000
4000,4000,4000,4000,4000,4000,4000,4000,4000
4000,4000,4000,4000,4000,4000,4000,4000,4000
4000,4000,4000,4000,4000,4000,4000,4000,4000
3905.29,3904.54,3905.09,3905.43,3863.63,3904.91,3881.03,3864.48,3905.18
3307.57,3307.19,3307.69,3307.31,3307.43,3239.67,3256.51,3569.9,3307.84
3188.62,3188.98,3188.99,3188.9,3188.73,3188.72,3139.32,3584.87,3189.09
3294.38,3294.38,3294.38,3294.13,3225.79,3264.17,3235.28,3584.77,3294.38
3628.15,3631.35,3631.34,3621.57,3631.44,3631.37,3631.1,3631.41,3625.55
3674.6,3674.52,3674.61,3674.28,3674.53,3674.45,3674.4,3674.51,3674.43
3736.1,3736.45,3736.07,3736.15,3736.15,3736.14,3736.17,3736.07,3736.39
3983.4,3983.57,3983.09,3983.45,3983.28,3984.3,3983.73,3984.21,3982.94
4000,4000,4000,4000,4000,4000,4000,4000,4000
4000,4000,4000,4000,4000,4000,4000,4000,4000
4000,4000,4000,4000,4000,4000,4000,4000,4000
4000,4000,4000,4000,4000,4000,4000,4000,4000
4000,4000,4000,4000,4000,4000,4000,4000,4000
4000,4000,4000,4000,4000,4000,4000,4000,4000
3534.56,3541.33,3532.38,3531.87,3541.46,3533.67,3520.79,3545.98,3530.33
1673.75,1713.64,1713.6,1713.6,1713.63,1713.6,1713.65,1713.43,3451.96
2113.25,2096.24,2110.98,3472.79,2113.26,2113.26,2113.26,2113.26,2113.26
2950.28,2950.7,2950.58,3559.71,2950.76,2950.76,2950.76,2950.76,2950.76
3655.69,3655.21,3655.33,3655.48,3655.54,3655.64,3638.71,3655.71,3655.57
3676.75,3676.78,3677.04,3676.98,3677,3676.91,3676.78,3676.83,3676.83
3762.12,3762.52,3762.06,3762.06,3762.17,3762.18,3762.06,3762.26,3762.16
3988.1,3987.56,3987.9,3989.4,3987.86,3987.3,3988.53,3988.88,3989
4000,4000,4000,4000,4000,4000,4000,4000,4000
4000,4000,4000,4000,4000,4000,4000,4000,4000
4000,4000,4000,4000,4000,4000,4000,4000,4000
4000,4000,4000,4000,4000,4000,4000,4000,4000
4000,4000,4000,4000,4000,4000,4000,4000,4000
4000,4000,4000,4000,4000,4000,4000,4000,4000
3277.08,3248.66,3305.81,3274.19,3256.49,3264.39,3257.89,3268.97,3274.64
1516.03,1516.03,1516.02,1515.8,1475.77,1503.63,1501.99,3355.12,1516.03
620.031,603.319,607.127,619.505,620.135,3473.15,607.852,601.989,605.526
3539.87,2577.13,2577.92,2533.11,2564.24,2576.59,2578.95,2555.71,2575.81
3655.61,3655.49,3655.65,3639.55,3655.61,3655.58,3655.66,3655.47,3655.22
3678.47,3678.23,3678.26,3678.43,3678.3,3678.34,3678.38,3678.24,3677.95
3731.1,3730.33,3731.15,3731.33,3730.4,3730.85,3731.24,3731.05,3731.39
3982.99,3983.54,3984.34,3984.62,3981.36,3984.56,3984.76,3984.62,3983.38
4000,4000,4000,4000,4000,4000,4000,4000,4000
4000,4000,4000,4000,4000,4000,4000,4000,4000
4000,4000,4000,4000,4000,4000,4000,4000,4000
4000,4000,4000,4000,4000,4000,4000,4000,4000
4000,4000,4000,4000,4000,4000,4000,4000,4000
4000,4000,4000,4000,4000,4000,4000,4000,4000
3413.28,3411.91,3433.18,3420.2,3411.67,3415.85,3414.83,3442.33,3428.17
671.108,674.059,670.246,666.588,666.086,683.347,679.878,3343.42,666.862
-77.7268,-82.8942,-75.6908,3440.79,-76.266,-76.266,-76.266,-76.266,-76.266
3587.79,2865.79,2828.77,2867.95,2843.82,2866.93,2868.16,2866.97,2822.63
3659.55,3651.45,3658.95,3659.11,3659.41,3659.52,3659.55,3659.42,3659.33
3722.8,3722.85,3722.9,3722.82,3722.82,3722.6,3722.59,3722.9,3722.57
3826.24,3826.11,3826.8,3826.12,3825.67,3826.68,3826.56,3826.36,3826.71
3995.23,3995.22,3990.51,3994.8,3995.37,3995.16,3994.27,3994.49,3995.75
4000,4000,4000,4000,4000,4000,4000,4000,4000
4000,4000,4000,4000,4000,4000,4000,4000,4000
4000,4000,4000,4000,4000,4000,4000,4000,4000
4000,4000,4000,4000,4000,4000,4000,4000,4000
4000,4000,4000,4000,4000,4000,4000,4000,4000
4000,4000,4000,4000,4000,4000,4000,4000,4000
3484.32,3481.62,3540.38,3476.59,3539.77,3539.8,3540.49,3485.98,3540.59
3364.54,2413.58,2359.89,2390.55,2412.45,2361.81,2412.54,2360.36,2413.45
2589.17,2576.8,2597.04,3489.94,2597.33,2597.33,2597.33,2597.33,2597.33
3603.44,3603.32,3603.88,3603.65,3557.64,3603.24,3603.94,3607.92,3566.68
3731.64,3731.06,3730.73,3731.75,3729.58,3731.73,3731.55,3731.02,3731.66
3775.14,3775.67,3775.65,3775.2,3775.6,3775.55,3775.67,3775.17,3775.67
3909.3,3909.44,3910.54,3910.56,3909.69,3910.23,3909.62,3909.96,3910.16
3998.55,3998.14,3999.14,3994.01,3994.01,3995.76,3995.69,3995.88,3995.14
4000,4000,4000,4000,4000,4000,4000,4000,4000
4000,4000,4000,4000,4000,4000,4000,4000,4000
4000,4000,4000,4000,4000,4000,4000,4000,4000
4000,4000,4000,4000,4000,4000,4000,4000,4000
4000,4000,4000,4000,4000,4000,4000,4000,4000
4000,4000,4000,4000,4000,4000,4000,4000,4000
3665.84,3677.76,3677.41,3677.42,3677.3,3677.15,3617.98,3674.26,3665.79
3038.23,3312.68,3068.11,3007.52,3061.25,3067.58,3003.88,3068.52,3068.23
3468.34,3468.28,3467.74,3452.03,3463.83,3472.17,3418.89,3468.47,3420.19
3659.84,3662.98,3663.38,3660.81,3661.18,3662.82,3663.31,3663.06,3662.82
3701,3701.22,3701.08,3700.8,3698.34,3701.23,3698.49,3700.24,3700.98
3847.63,3847.12,3846.98,3847.84,3846.29,3847.61,3847.73,3847.76,3847.87
3878.85,3879.25,3878.96,3879.2,3809.43,3879.48,3878.94,3878.86,3879.09
3998.34,4000,4000,4000,4000,4000,4000,4000,4000
4000,4000,4000,4000,4000,4000,4000,4000,4000
4000,4000,4000,4000,4000,4000,4000,4000,4000
4000,4000,4000,4000,4000,4000,4000,4000,4000
4000,4000,4000,4000,4000,4000,4000,4000,4000
4000,4000,4000,4000,4000,4000,4000,4000,4000
4000,4000,4000,4000,4000,4000,4000,4000,4000
3589.3,3591.14,3589.35,3580.37,3584.62,3557.09,3590.64,3591.59,3591.68
3256.38,2021.01,2030.38,2002.44,2041.69,1994.16,2041.84,2014.82,2002.52
3023.36,3022.84,3023.33,3023.44,3022.95,3023.24,3439.57,3023.47,3022.13
3654.37,3654.38,3603,3626.36,3654.38,3654.26,3654.44,3651.82,3644.76
3577.11,3506.1,3577.72,3635.37,3506.81,3556.06,3542.36,3555.97,3577.9
3831.2,3831.58,3831.05,3830.92,3801.53,3831.25,3831.5,3831.49,3831.14
3971.96,3971.71,3971.57,3972.2,3972.38,3972.56,3972.57,3972.28,3971.04
3991.08,3996.98,4000,4000,4000,4000,4000,4000,4000
4000,4000,4000,4000,4000,4000,4000,4000,4000
4000,4000,4000,4000,4000,4000,4000,4000,4000
4000,4000,4000,4000,4000,4000,4000,4000,4000
4000,4000,4000,4000,4000,4000,4000,4000,4000
4000,4000,4000,4000,4000,4000,4000,4000,4000
4000,4000,4000,4000,4000,4000,4000,4000,4000
3543.29,3543.93,3488.14,3543.99,3480.24,3485.58,3530.65,3532.48,3531.61
2634.28,2583.86,2596.26,3268.45,2633.09,2576.45,2634.3,2576.33,2633.91
3100.29,3099.63,3099.47,3100.23,3081.43,3571.56,3100.46,3100.46,3100.46
3644.51,3632.67,3644.56,3644.32,3644.12,3644.59,3643.93,3645.39,3644.59
3705.86,3705.73,3703.47,3705.57,3705.26,3705.89,3705.09,3705.81,3705.57
3827.07,3827.05,3827.37,3827.22,3827.33,3827.3,3826.57,3827.27,3827.06
3950.98,3951.12,3952.23,3952.06,3951.8,3951.7,3951.23,3952.12,3952.25
3999.51,3996.6,3999.24,3997.86,3998.41,4000,4000,4000,4000
4000,4000,4000,4000,4000,4000,4000,4000,4000
4000,4000,4000,4000,4000,4000,4000,4000,4000
4000,4000,4000,4000,4000,4000,4000,4000,4000
4000,4000,4000,4000,4000,4000,4000,4000,4000
4000,4000,4000,4000,4000,4000,4000,4000,4000
4000,4000,4000,4000,4000,4000,4000,4000,4000
3803.6,3803.33,3770.1,3796.67,3802.71,3803.43,3803.77,3792.56,3801.39
2083.95,2035.87,3533.98,2085.23,2085.23,2085.23,2085.23,2085.23,2085.23
1828.84,1846.86,1817.02,1847.07,1813.05,3568.53,1824.46,1813.57,1828.78
3399.73,3610.15,3400.39,3400.76,3399.82,3372.51,3399.89,3400.89,3399.28
3675.03,3675.02,3674.93,3674.83,3675.26,3664.45,3674.82,3674.73,3662.82
3742.15,3742.03,3742.25,3742.02,3741.75,3741.92,3741.67,3741.98,3742.26
3873.14,3872.2,3872.67,3873.09,3872.74,3872.53,3872.96,3873.02,3873.1
3999.95,3997.81,3994.86,3993.52,3993.39,3997.5,3997.95,3998.46,3998.41
4000,4000,4000,4000,4000,4000,4000,4000,4000
4000,4000,4000,4000,4000,4000,4000,4000,4000
4000,4000,4000,4000,4000,4000,4000,4000,4000
4000,4000,4000,4000,4000,4000,4000,4000,4000
4000,4000,4000,4000,4000,4000,4000,4000,4000
4000,4000,4000,4000,4000,4000,4000,4000,4000
3645.92,3643.82,3646.78,3647.03,3649.58,3630.83,3641.34,3655.12,3612.37
1042.28,1042.17,1040.01,1019.79,1012.43,3364.75,1042.33,1042.33,1042.33
1110.41,3478.85,1110.27,1121.76,1123.69,1102.17,1116.5,1110.91,1101.61
2528.71,2528.72,2472.89,2529.06,3619.99,2528.72,2528.42,2528.04,2528.68
3678.48,3677.96,3677.83,3677.87,3677.74,3677.79,3677.9,3677.75,3677.88
3695.39,3695.14,3695.33,3695.39,3695.34,3695.22,3695.2,3695.42,3695.23
3817.04,3817.45,3816.94,3817.18,3817.51,3817.5,3817.27,3817.2,3817.32
3993.43,3995.56,3995.75,3995.06,3992.43,3995.23,3992.02,3994.67,3994.78
4000,4000,4000,4000,4000,4000,4000,4000,4000
4000,4000,4000,4000,4000,4000,4000,4000,4000
4000,4000,4000,4000,4000,4000,4000,4000,4000
4000,4000,4000,4000,4000,4000,4000,4000,4000
4000,4000,4000,4000,4000,4000,4000,4000,4000
4000,4000,4000,4000,4000,4000,4000,4000,4000
3607.2,3588.26,3560.34,3604.31,3607.35,3593.89,3607.16,3606.5,3608.9
1132.18,1132.18,1132.13,1098.41,1098.53,1124.75,3252.65,1132.19,1132.19
1822.68,1823.07,1803.44,1798.89,1779.6,3499.56,1823.22,1823.22,1823.22
3264.82,3265.36,3265.03,3265.63,3202.64,3265.58,3265.53,3601.83,3265.66
3690.15,3689.96,3690.01,3690.12,3689.89,3686.99,3690.2,3689.84,3689.99
3682.77,3682.82,3683.08,3682.66,3683.12,3683.02,3683.01,3683.09,3682.95
3810.25,3810.34,3810.17,3809.39,3809.98,3810.05,3809.59,3810.08,3810.28
3994.21,3993.54,3994.04,3991.29,3994.53,3996.01,3995.09,3995.88,3996.16
4000,4000,4000,4000,4000,4000,4000,4000,4000
4000,4000,4000,4000,4000,4000,4000,4000,4000
4000,4000,4000,4000,4000,4000,4000,4000,4000
4000,4000,4000,4000,4000,4000,4000,4000,4000
4000,4000,4000,4000,4000,4000,4000,4000,4000
4000,4000,4000,4000,4000,4000,4000,4000,4000
3390.86,3402.86,3395.2,3462.92,3349.54,3348.25,3374.41,3357.71,3409.24
1436.48,1427.66,1417.52,1424.61,1418.5,1427.69,1434.85,1456.09,3480.98
422.061,421.996,422.049,416.36,3485.67,425.639,422.062,422.062,422.062
2544.36,2527.39,2514.46,2529.55,2565.9,2521.5,3578,2518.32,2565.48
3629.79,3620.88,3629.84,3629.96,3630,3630.07,3617.99,3629.98,3630.07
3651.39,3651.29,3651.52,3651.43,3651.37,3651.45,3651.5,3651.49,3651.49
3725.05,3725.2,3725.06,3724.92,3724.75,3725.09,3725.05,3724.98,3725.08
3981.89,3982.15,3981.6,3982.7,3981.34,3981.74,3982.48,3982.44,3981.83
4000,4000,4000,4000,4000,4000,4000,4000,4000
4000,4000,4000,4000,4000,4000,4000,4000,4000
4000,4000,4000,4000,4000,4000,4000,4000,4000
4000,4000,4000,4000,4000,4000,4000,4000,4000
4000,4000,4000,4000,4000,4000,4000,4000,4000
4000,4000,4000,4000,4000,4000,4000,4000,4000
3584.49,3584.62,3617.94,3522.44,3521.01,3563.95,3574.53,3536.18,3582.57
3038.16,3038.16,3038.21,3038.23,3037.95,3038.39,2974.38,3530.83,3038.4
2899.02,2899.18,2875.81,2878.7,3556.91,2899.23,2899.23,2899.23,2899.23
3269.38,3269.59,3269.15,3247.44,3227.34,3567.56,3222,3269.51,3234.83
3651.08,3650.95,3650.79,3596.61,3650.74,3650.94,3651.04,3650.98,3650.95
3684.41,3684.29,3684.38,3684.35,3684.33,3684.34,3684.13,3683.82,3684.31
3754.44,3754.7,3754.96,3754.68,3754.66,3754.37,3754.42,3754.76,3754.57
3990.75,3989.19,3988.26,3987.37,3983.97,3990.97,3986.95,3990.4,3988.95
4000,4000,4000,4000,4000,4000,4000,4000,4000
4000,4000,4000,4000,4000,4000,4000,4000,4000
4000,4000,4000,4000,4000,4000,4000,4000,4000
4000,4000,4000,4000,4000,4000,4000,4000,4000
4000,4000,4000,4000,4000,4000,4000,4000,4000
4000,4000,4000,4000,4000,4000,4000,4000,4000
3597.03,3647.81,3659.86,3637.93,3615.42,3598.63,3639.06,3659.81,3614.34
918.519,3382.59,918.583,918.647,918.663,918.676,918.658,909.229,918.661
1833.82,1833.8,1833.83,1833.68,1833.77,1792.94,3512.99,1833.69,1833.82
2997.36,3596.23,2998.08,2997.15,2997.44,2962.25,2983.34,2992.05,2997.46
3636.23,3636.13,3636.04,3636.08,3636.17,3636.03,3636.08,3636.03,3636.12
3696.28,3696.36,3696,3696.26,3696.29,3696.06,3696.27,3696.21,3696.25
3791.53,3791.75,3791.73,3792.06,3791.97,3791.66,3792.18,3791.93,3792.26
3989.04,3989.57,3989.33,3990.51,3989.51,3989.24,3990.62,3987.04,3989.32
4000,4000,4000,4000,4000,4000,4000,4000,4000
4000,4000,4000,4000,4000,4000,4000,4000,4000
4000,4000,4000,4000,4000,4000,4000,4000,4000
4000,4000,4000,4000,4000,4000,4000,4000,4000
4000,4000,4000,4000,4000,4000,4000,4000,4000
4000,4000,4000,4000,4000,4000,4000,4000,4000
3469.77,3468.84,3451.2,3452.67,3514.38,3504.65,3460.53,3473.88,3513.87
1583.49,1587.73,1575.8,1604.29,1590.05,1587.1,1580.91,1578.87,3201.71
3505.38,1690.61,1691.13,1691.15,1691.2,1691.13,1673.24,1691.15,1690.9
3123.15,3064.74,3122.67,3588.93,3122.91,3075.12,3124.21,3123.39,3123.83
3702.77,3702.57,3702.78,3702.62,3702.6,3701.86,3702.6,3702.62,3702.88
3721.53,3721.1,3721.68,3721.64,3720.75,3721.68,3721.32,3721.69,3721.54
3829.87,3829.86,3829.9,3830.21,3829.69,3829.71,3830.35,3829.94,3829.53
3999.47,3998.22,3999.64,3995.99,3997.56,3993.41,3995.23,3995.66,3992.64
4000,4000,4000,4000,4000,4000,4000,4000,4000
4000,4000,4000,4000,4000,4000,4000,4000,4000
4000,4000,4000,4000,4000,4000,4000,4000,4000
4000,4000,4000,4000,4000,4000,4000,4000,4000
4000,4000,4000,4000,4000,4000,4000,4000,4000
4000,4000,4000,4000,4000,4000,4000,4000,4000
3374.92,3339.48,3327.23,3392.99,3315.13,3375.79,3316.69,3330.03,3337.02
3414.21,2296.47,2296.47,2296.47,2296.47,2296.47,2296.47,2296.47,2296.47
2624.07,2623.54,2623.38,2570.43,3620.71,2634.47,2583.8,2623.79,2623.94
3346.67,3346.26,3346.26,3297.02,3652.98,3346.91,3346.91,3346.91,3346.91
3684.12,3684.31,3684.26,3684.08,3684.25,3684.07,3683.93,3683.77,3684.32
3760.99,3761.04,3761.15,3761.49,3761.09,3760.69,3761.21,3760.83,3761.23
3877.7,3877.75,3877.15,3876.95,3877.56,3877.75,3877.4,3877.31,3877.56
3994.72,3994.73,3992.33,3991.92,3988.4,3994.9,3994.77,3992,3994.3
4000,4000,4000,4000,4000,4000,4000,4000,4000
4000,4000,4000,4000,4000,4000,4000,4000,4000
4000,4000,4000,4000,4000,4000,4000,4000,4000
4000,4000,4000,4000,4000,4000,4000,4000,4000
4000,4000,4000,4000,4000,4000,4000,4000,4000
4000,4000,4000,4000,4000,4000,4000,4000,4000
3323.85,3331.25,3338.52,3334.93,3292.54,3324.57,3282.84,3330.27,3327.99
348.699,348.73,348.778,348.698,3175.61,343.834,348.806,348.782,348.807
3477.8,2449.58,2490.39,2489.82,2490.92,2491.13,2481.71,2453.85,2446.58
3645.35,3644.89,3645.02,3644.39,3643.99,3645.04,3644.93,3635.31,3582.3
3711.64,3710.91,3711.7,3706.34,3705.14,3711.57,3711.35,3711.49,3701
3832.77,3833.1,3832.88,3833.25,3832.38,3833.01,3833.38,3833.11,3833.26
3951.68,3952.51,3951.81,3951.96,3951.94,3952.49,3951.76,3952.51,3951.76
3998.76,3998.95,3991.95,3997.99,4000,4000,4000,4000,4000
4000,4000,4000,4000,4000,4000,4000,4000,4000
4000,4000,4000,4000,4000,4000,4000,4000,4000
4000,4000,4000,4000,4000,4000,4000,4000,4000
4000,4000,4000,4000,4000,4000,4000,4000,4000
4000,4000,4000,4000,4000,4000,4000,4000,4000
4000,4000,4000,4000,4000,4000,4000,4000,4000
3647.81,3695.82,3695.56,3695.72,3652.19,3695.98,3680.94,3652.85,3661.08
3331.53,3331.07,3316.41,3316.58,3316.51,3315.98,3323.97,3428.12,3316.49
3515.42,3515.79,3600.64,3458.01,3450.25,3494.42,3474.06,3516.67,3515.72
3695.89,3694.91,3690.15,3696.07,3695.98,3695.94,3674.11,3696.25,3689.67
3730.44,3730.84,3730.88,3731.06,3730.91,3731.04,3730.87,3724.35,3730.7
3818.1,3818.28,3817.99,3818.35,3818.61,3818.01,3818.45,3817.91,3818.25
3964.74,3964.89,3964.42,3964.72,3908.72,3963.89,3965.07,3964.68,3964.29
3998.64,3992.86,3995.86,3994.83,3998.83,4000,4000,4000,4000
4000,4000,4000,4000,4000,4000,4000,4000,4000
4000,4000,4000,4000,4000,4000,4000,4000,4000
4000,4000,4000,4000,4000,4000,4000,4000,4000
4000,4000,4000,4000,4000,4000,4000,4000,4000
4000,4000,4000,4000,4000,4000,4000,4000,4000
4000,4000,4000,4000,4000,4000,4000,4000,4000
3335.27,3400.35,3336.18,3393.46,3338.82,3398.05,3378.34,3419.51,3384.66
3097.36,3162.75,3407.52,3162.73,3096.5,3133.71,3104.66,3106.71,3106.67
3608.5,3599.77,3610.59,3608.27,3598.28,3602.38,3606.37,3608.45,3608.48
3672.78,3673.18,3672.94,3673.02,3673.07,3672.95,3672.68,3672.83,3672.92
3713.1,3712.93,3703.09,3713.13,3714.21,3713.26,3713.29,3713.27,3713.25
3816.69,3816.55,3816.04,3816.72,3815.56,3816.4,3816.53,3816.55,3816.27
3881.11,3881.52,3881.46,3881.1,3880.64,3880.89,3880.87,3881.01,3881.04
3997.05,3995.6,4000,4000,4000,4000,4000,4000,4000
4000,4000,4000,4000,4000,4000,4000,4000,4000
4000,4000,4000,4000,4000,4000,4000,4000,4000
4000,4000,4000,4000,4000,4000,4000,4000,4000
4000,4000,4000,4000,4000,4000,4000,4000,4000
4000,4000,4000,4000,4000,4000,4000,4000,4000
4000,4000,4000,4000,4000,4000,4000,4000,4000
3338.23,3331.96,3327.4,3331.06,3329.36,3331.93,3308.79,3331.15,3327.14
2027.86,1979.8,2027.75,1987.76,3346.17,2028.05,2028.05,2028.05,2028.05
3070.98,3071.16,3070.66,3071.06,3066.55,3070.56,3070.56,3070.59,3501.29
3447.87,3447.64,3633.08,3446.96,3447.67,3448.31,3448.01,3408.83,3413.92
3663.02,3663,3653.13,3655.56,3655.24,3662.73,3655.29,3662.97,3662.61
3744.95,3745.78,3745.81,3746.03,3745.66,3745.67,3745.94,3745.95,3745.99
3892.01,3891.63,3891.57,3891.71,3890.53,3891.5,3892.18,3891.39,3891.61
3994.22,3996.62,3996.04,3995.81,3995.19,3995.72,3994.4,3995.27,3996.01
4000,4000,4000,4000,4000,4000,4000,4000,4000
4000,4000,4000,4000,4000,4000,4000,4000,4000
4000,4000,4000,4000,4000,4000,4000,4000,4000
4000,4000,4000,4000,4000,4000,4000,4000,4000
4000,4000,4000,4000,4000,4000,4000,4000,4000
4000,4000,4000,4000,4000,4000,4000,4000,4000
3522.81,3513.86,3522.17,3538.3,3528.32,3510.21,3538.41,3490.44,3520.52
797.476,3302.06,797.501,797.149,793.823,771.446,796.751,771.186,784.047
59.7719,59.7299,59.7735,59.7549,3444.86,59.7746,59.7746,59.7746,59.7746
2091.78,2091.85,2091.86,2095.2,3571.69,2091.43,2092.47,2091.93,2091.93
3649.77,3640.81,3649.83,3649.68,3649.42,3644.51,3641.27,3649.84,3649.84
3709.77,3710.13,3709.76,3710.04,3709.93,3710.12,3709.89,3709.88,3709.67
3852.5,3852.31,3852.42,3852.36,3851.99,3852.15,3852.22,3851.85,3852.05
3999.22,3997.62,3996.12,3996.45,3994.41,3996.97,3997.64,3998.42,4000
4000,4000,4000,4000,4000,4000,4000,4000,4000
4000,4000,4000,4000,4000,4000,4000,4000,4000
4000,4000,4000,4000,4000,4000,4000,4000,4000
4000,4000,4000,4000,4000,4000,4000,4000,4000
4000,4000,4000,4000,4000,4000,4000,4000,4000
4000,4000,4000,4000,4000,4000,4000,4000,4000
3620.02,3619.74,3620.28,3619.86,3586.53,3597.8,3620.02,3581,3596.99
2037.62,2007.6,1996.64,1993.1,1989.31,1995,3500.14,1999.49,2037.47
1400.85,1400.95,1405.35,1364.31,3545.91,1400.96,1400.96,1400.96,1400.96
2299.59,2299.77,2299.95,2299.61,2299.96,2299.78,2249.19,2299.68,3594.01
3586.27,3617.35,3617.39,3617.21,3576.33,3558.99,3617.73,3620.46,3585.74
3662.95,3663.13,3662.92,3662.88,3663.25,3663.24,3657.59,3663.27,3663.24
3736.1,3736.2,3736.38,3736.38,3736.38,3736.07,3735.72,3736.12,3735.92
3994.25,3993.86,3993.62,3994.53,3993.69,3994.44,3992.93,3994.4,3994.51
4000,4000,4000,4000,4000,4000,4000,4000,4000
4000,4000,4000,4000,4000,4000,4000,4000,4000
4000,4000,4000,4000,4000,4000,4000,4000,4000
4000,4000,4000,4000,4000,4000,4000,4000,4000
4000,4000,4000,4000,4000,4000,4000,4000,4000
4000,4000,4000,4000,4000,4000,4000,4000,4000
3691.9,3691.69,3679.02,3691.65,3647.41,3647.85,3691.6,3691.68,3649.94
1480.66,1454.4,3464.11,1481.3,1455.46,1442.57,1481.6,1454.18,1481.3
2837.07,2837.57,2790.49,3529.36,2838.17,2838.17,2838.17,2838.17,2838.17
3276.81,3591.42,3276.39,3277.21,3275.22,3215.67,3238.42,3277.36,3277.29
3655.1,3655.13,3655.17,3654.98,3655.11,3655.21,3655.06,3655.16,3655.22
3662.2,3662.17,3662.12,3662.34,3662.26,3662.05,3662.04,3662.27,3662.3
3742.99,3743.43,3742.92,3743.14,3743.1,3743.17,3743.22,3743.12,3743.14
3995.05,3996.92,3996.78,3995.93,3995.01,3994.18,3995.45,3996.01,3996.52
4000,4000,4000,4000,4000,4000,4000,4000,4000
4000,4000,4000,4000,4000,4000,4000,4000,4000
4000,4000,4000,4000,4000,4000,4000,4000,4000
4000,4000,4000,4000,4000,4000,4000,4000,4000
4000,4000,4000,4000,4000,4000,4000,4000,4000
4000,4000,4000,4000,4000,4000,4000,4000,4000
2932.59,2995.46,2995.37,2985.45,3393.7,2932.54,2959.66,2995.68,2995.52
895.751,895.712,881.516,873.387,889.203,891.267,3346.66,895.756,895.756
1117.33,1117.25,1117.3,1117.23,1116.05,1115.36,1101.76,1093.33,3405.42
3375.76,3560.93,3375.34,3375.22,3375.39,3375.77,3375.44,3375.69,3375.45
3635.13,3635.27,3619.06,3602.25,3635.35,3635.28,3635.25,3623.41,3635.33
3703.75,3703.73,3703.84,3703.15,3703.76,3703.75,3703.69,3703.83,3703.84
3805.69,3805.16,3805.49,3805.19,3805.26,3805.18,3805.66,3805.66,3805.44
3988.12,3985.05,3989.52,3987.94,3987.36,3988.73,3990.25,3987.63,3989.3
4000,4000,4000,4000,4000,4000,4000,4000,4000
4000,4000,4000,4000,4000,4000,4000,4000,4000
4000,4000,4000,4000,4000,4000,4000,4000,4000
4000,4000,4000,4000,4000,4000,4000,4000,4000
4000,4000,4000,4000,4000,4000,4000,4000,4000
4000,4000,4000,4000,4000,4000,4000,4000,4000
2939.79,3001.51,2944.54,3335.25,3001.57,2940.12,2952.73,2946.61,2941.38
2294.79,2295.82,2295.77,2295.56,2295.56,2246.19,3476.25,2247.4,2295.75
1985.62,1976.85,1930.65,1977.01,3502.06,1977.01,1977.01,1976.95,1977.01
3258.12,3264.44,3258.02,3258.18,3193.7,3593.23,3258.28,3258.28,3258.28
3682.05,3682.05,3681.78,3682.01,3680.66,3682.09,3682.11,3682.05,3682.16
3714.39,3714.45,3713.76,3714.41,3714.07,3714.42,3714.07,3714.61,3714.56
3804.88,3804.61,3805.32,3805.47,3805.09,3805.07,3804.81,3805.12,3805.32
3991.99,3992.95,3991.57,3991.74,3989.46,3990.19,3992.16,3987.58,3993.35
4000,4000,4000,4000,4000,4000,4000,4000,4000
4000,4000,4000,4000,4000,4000,4000,4000,4000
4000,4000,4000,4000,4000,4000,4000,4000,4000
4000,4000,4000,4000,4000,4000,4000,4000,4000
4000,4000,4000,4000,4000,4000,4000,4000,4000
4000,4000,4000,4000,4000,4000,4000,4000,4000
3429.1,3429.14,3427.61,3657.37,3429.21,3429.21,3429.21,3429.21,3429.21
2640.1,2640.17,2640.19,3524.53,2640.37,2640.37,2640.37,2640.37,2640.37
2393.31,2386.42,2402.91,2399.68,2417.11,2405.39,2412.29,2393.65,3560.7
1721.33,3544.36,1679.45,1721.21,1711.37,1720.95,1721.33,1721.39,1721.04
3686.71,3686.84,3686.82,3686.77,3676.82,3686.89,3687.1,3687.09,3687.07
3712.57,3712.78,3712.8,3712.8,3712.67,3712.69,3712.22,3712.45,3712.72
3809.21,3808.88,3809.21,3809.06,3808.87,3809.03,3809.15,3808.78,3809.14
3992.41,3991.35,3994.96,3995.87,3994.75,3993.5,3995.15,3993.9,3994.91
4000,4000,4000,4000,4000,4000,4000,4000,4000
4000,4000,4000,4000,4000,4000,4000,4000,4000
4000,4000,4000,4000,4000,4000,4000,4000,4000
4000,4000,4000,4000,4000,4000,4000,4000,4000
4000,4000,4000,4000,4000,4000,4000,4000,4000
4000,4000,4000,4000,4000,4000,4000,4000,4000
3354.21,3354.65,3292.74,3352.92,3347.7,3351.43,3295.48,3378.89,3354.85
1526.63,1526.52,3044.33,1526.54,1526.74,1503.63,1526.68,1526.65,1520.21
3322.93,3322.49,3253.95,3540.27,3312.26,3298.84,3255.51,3322.84,3272.12
3746.18,3746.11,3743.25,3735.41,3745.91,3746.17,3746.11,3746.12,3745.72
3654.94,3655.14,3654.98,3655.21,3650.94,3654.69,3654.39,3655.07,3654.52
3767.89,3767.89,3767.68,3767.91,3767.44,3767.33,3767.9,3767.47,3767.95
3868.1,3869.1,3869.3,3868.99,3869.18,3869.03,3868.96,3869.46,3869.15
3998.31,3995.91,3996.89,3996.98,3988.2,3995.98,3996.7,3995.79,3997.98
4000,4000,4000,4000,4000,4000,4000,4000,4000
4000,4000,4000,4000,4000,4000,4000,4000,4000
4000,4000,4000,4000,4000,4000,4000,4000,4000
4000,4000,4000,4000,4000,4000,4000,4000,4000
4000,4000,4000,4000,4000,4000,4000,4000,4000
4000,4000,4000,4000,4000,4000,4000,4000,4000
3638.39,3697.08,3698.31,3697.42,3629.31,3697.66,3642.4,3697.71,3628.35
3473.09,2454.2,2475.28,2420.23,2475.2,2443.15,2420.93,2430.77,2443.54
3596.49,3595.1,3547.86,3601.41,3570.4,3606.32,3546.37,3604.27,3588.77
3727.51,3727.4,3727.46,3727.5,3727.63,3727.41,3727.68,3727.72,3727.7
3720.03,3720.09,3720.06,3719.82,3720.23,3720.2,3720.04,3719.62,3720.19
3807.24,3807.03,3806.74,3806.84,3806.92,3807.15,3807.19,3807.13,3806.95
3927.15,3927.6,3927.42,3928.09,3927.33,3927.87,3927.46,3927.93,3927.74
3997.26,3993.38,3997.53,3997.44,4000,4000,4000,4000,4000
4000,4000,4000,4000,4000,4000,4000,4000,4000
4000,4000,4000,4000,4000,4000,4000,4000,4000
4000,4000,4000,4000,4000,4000,4000,4000,4000
4000,4000,4000,4000,4000,4000,4000,4000,4000
4000,4000,4000,4000,4000,4000,4000,4000,4000
4000,4000,4000,4000,4000,4000,4000,4000,4000
3707.11,3742.46,3705.83,3694.83,3703.82,3741.9,3727.99,3704.69,3724.34
2935.28,2935.81,2936.16,2880.87,2873.55,2935.95,2874.75,3310.39,2935.31
3500.07,3500.01,3597.05,3465.82,3432.31,3483.44,3435.88,3501.09,3501.1
3622.67,3623.01,3656.36,3622.51,3622.38,3623.27,3624.11,3624.41,3623.64
3697.75,3697.43,3697.68,3697.74,3697.39,3697.76,3697.47,3697.75,3697.66
3725.02,3725.04,3724.93,3724.91,3724.86,3724.86,3724.8,3725.01,3725.01
3974.71,3974.84,3973.12,3974.29,3974.97,3974.97,3975.04,3975.54,3975.11
3992.64,4000,4000,4000,4000,4000,4000,4000,4000
4000,4000,4000,4000,4000,4000,4000,4000,4000
4000,4000,4000,4000,4000,4000,4000,4000,4000
4000,4000,4000,4000,4000,4000,4000,4000,4000
4000,4000,4000,4000,4000,4000,4000,4000,4000
4000,4000,4000,4000,4000,4000,4000,4000,4000
4000,4000,4000,4000,4000,4000,4000,4000,4000
3593.37,3590.73,3538.28,3593.49,3607.24,3590.03,3607.29,3590.62,3606.82
3064.91,3064.65,3012.66,3012.62,3011.69,3011.94,3020.83,3509.7,3064.98
3112.28,3112.12,3112.09,3111.74,3565.06,3047.98,3111.85,3110.34,3085.72
3708.43,3708.38,3708.1,3708.33,3708.35,3708.32,3708.3,3708.43,3708.48
3722.67,3722.72,3722.61,3722.44,3722.53,3712.09,3721.16,3722.72,3722.57
3784.05,3784.04,3784.07,3783.97,3756.75,3784.02,3783.82,3784.06,3784.34
3953.04,3952.23,3952.83,3952.1,3950.19,3952.57,3951.31,3920.07,3952.39
3996.91,3999.32,3994.84,3998.83,3998.2,4000,4000,4000,4000
4000,4000,4000,4000,4000,4000,4000,4000,4000
4000,4000,4000,4000,4000,4000,4000,4000,4000
4000,4000,4000,4000,4000,4000,4000,4000,4000
4000,4000,4000,4000,4000,4000,4000,4000,4000
4000,4000,4000,4000,4000,4000,4000,4000,4000
4000,4000,4000,4000,4000,4000,4000,4000,4000
3765.62,3757.48,3819.99,3767.09,3818.98,3818.99,3806.64,3819.8,3772.35
3013.96,2957.65,2993.24,2963.21,2999.32,2963.32,2988.5,3000.38,3416.37
3549.48,3572.88,3593.9,3598.09,3582.23,3589.14,3597.62,3597.89,3597.93
3626.67,3618.81,3625.23,3625.16,3617.13,3616.67,3619.58,3625.21,3625.14
3684.62,3684.51,3684.44,3684.36,3684.45,3684.54,3684.28,3684.22,3684.39
3758.09,3757.86,3757.62,3758.25,3757.86,3758.2,3758.04,3757.95,3758.11
3897.98,3898.47,3897.83,3897.72,3898.34,3898,3897.9,3898.01,3898.45
3997.03,3994.06,3992.29,3992.15,3993.51,3998.6,4000,4000,4000
4000,4000,4000,4000,4000,4000,4000,4000,4000
4000,4000,4000,4000,4000,4000,4000,4000,4000
4000,4000,4000,4000,4000,4000,4000,4000,4000
4000,4000,4000,4000,4000,4000,4000,4000,4000
4000,4000,4000,4000,4000,4000,4000,4000,4000
4000,4000,4000,4000,4000,4000,4000,4000,4000
3368.18,3371.46,3368.3,3355.27,3375.72,3376.14,3377,3356.68,3372.93
794.158,3322.63,797.445,797.445,797.445,797.445,797.445,797.445,797.445
1895.33,1887.58,1869.08,1894.57,1850.54,1864.03,1895.54,3485.45,1893.39
3593.06,3141.6,3141.32,3141.45,3142.57,3142.55,3142.8,3142.35,3093.69
3682.94,3683.55,3683.54,3678.7,3683.12,3683.54,3683.86,3683.63,3683.2
3675.61,3675.6,3675.5,3675.37,3675.31,3675.28,3675.3,3675.53,3675.52
3841.72,3842,3842.14,3842.21,3841.73,3842.1,3841.96,3841.95,3842.18
3997.94,3991.98,3996.24,3995.84,3996.35,3996.26,3997.85,4000,4000
4000,4000,4000,4000,4000,4000,4000,4000,4000
4000,4000,4000,4000,4000,4000,4000,4000,4000
4000,4000,4000,4000,4000,4000,4000,4000,4000
4000,4000,4000,4000,4000,4000,4000,4000,4000
4000,4000,4000,4000,4000,4000,4000,4000,4000
4000,4000,4000,4000,4000,4000,4000,4000,4000
3720.88,3721.26,3721.34,3720.99,3721.31,3721.15,3721.19,3708.34,3721.36
3431.81,3381.96,3498.13,3431.96,3431.96,3431.96,3431.96,3431.96,3431.96
3558.32,3360.43,3428.78,3385.87,3385.65,3386.35,3427.92,3426.54,3425.8
3409.3,3410.17,3410.16,3410.54,3359.18,3410.37,3410.76,3406.06,3606.18
3701.85,3702.31,3702.37,3702.28,3702.3,3702.12,3702.12,3702,3702.33
3701.43,3701.05,3701.24,3701.5,3701.4,3701.34,3701.2,3701.09,3701.38
3799.8,3799.67,3799.63,3798.89,3799.2,3799.47,3799.46,3799.1,3799.66
3997.38,3997.62,3997.45,3997.24,3996.43,3995.82,3995.7,3995.37,3995.45
4000,4000,4000,4000,4000,4000,4000,4000,4000
4000,4000,4000,4000,4000,4000,4000,4000,4000
4000,4000,4000,4000,4000,4000,4000,4000,4000
4000,4000,4000,4000,4000,4000,4000,4000,4000
4000,4000,4000,4000,4000,4000,4000,4000,4000
4000,4000,4000,4000,4000,4000,4000,4000,4000
3635.32,3602.19,3599.41,3627.14,3638.72,3638.52,3601.58,3620.5,3612.82
1279.23,1287.03,1279.53,1275.04,1276.91,3473.53,1284.79,1277.05,1274.05
1537.58,1577.25,1536.52,1576.96,1540.02,3528.11,1577.26,1577.26,1577.26
2572.43,3593.37,2625.63,2610.74,2626.16,2626.23,2596.54,2574.43,2569.3
3636.05,3636.1,3636.04,3621.73,3635.96,3635.85,3635.75,3628.76,3635.85
3664.35,3664.33,3664.41,3664.13,3663.99,3664.26,3664.29,3664.07,3664.4
3753.78,3753.8,3753.68,3753.63,3753.72,3753.53,3753.61,3753.84,3753.84
3994.85,3994.38,3991.74,3994.01,3995.84,3996.95,3997.38,3996.62,3996.78
4000,4000,4000,4000,4000,4000,4000,4000,4000
4000,4000,4000,4000,4000,4000,4000,4000,4000
4000,4000,4000,4000,4000,4000,4000,4000,4000
4000,4000,4000,4000,4000,4000,4000,4000,4000
4000,4000,4000,4000,4000,4000,4000,4000,4000
4000,4000,4000,4000,4000,4000,4000,4000,4000
3208.18,3185,3249.76,3355.31,3249.95,3249.62,3249.95,3249.57,3247.74
559.419,534.743,534.944,3383.22,559.33,559.44,559.216,559.255,534.809
1442.73,1442.65,1442.6,1442.68,1417.24,3504.17,1442.73,1442.73,1442.73
3015.84,3014.36,3006.17,2994.87,3552,3016.02,3016.02,3016.02,3016.02
3678.21,3678.26,3678.24,3678.26,3678.26,3678.36,3672.36,3678.46,3678.32
3702.38,3702.16,3702.26,3701.7,3702.26,3701.78,3702.11,3701.83,3702.2
3785.1,3785.48,3784.78,3785.39,3785.42,3785.29,3785.33,3785.14,3785.44
3992.13,3990.51,3990.25,3987.63,3988.18,3991.02,3990.99,3992.43,3990.5
4000,4000,4000,4000,4000,4000,4000,4000,4000
4000,4000,4000,4000,4000,4000,4000,4000,4000
4000,4000,4000,4000,4000,4000,4000,4000,4000
4000,4000,4000,4000,4000,4000,4000,4000,4000
4000,4000,4000,4000,4000,4000,4000,4000,4000
4000,4000,4000,4000,4000,4000,4000,4000,4000
3586.17,3537.61,3564.07,3533.95,3587.81,3601.02,3546.53,3532.84,3601.35
3466.36,1159.88,1159.94,1159.98,1159.95,1159.92,1159.88,1159.94,1159.98
-170.905,-170.916,-170.939,-183.671,-183.531,-172.19,-180.846,3466.36,-170.884
2578.53,2576.33,3580,2578.64,2578.64,2578.64,2578.64,2578.64,2578.64
3674.18,3674.33,3674.5,3674.46,3674.39,3674.32,3674.5,3659.23,3674.41
3695.09,3694.84,3695,3695.16,3695.18,3695.22,3695.11,3695.18,3695.15
3816.24,3816.14,3815.38,3816.6,3816.24,3816.16,3815.96,3816.03,3816.05
3990.84,3990.81,3990.52,3991.17,3991.32,3990.72,3989.53,3991.09,3987.74
4000,4000,4000,4000,4000,4000,4000,4000,4000
4000,4000,4000,4000,4000,4000,4000,4000,4000
4000,4000,4000,4000,4000,4000,4000,4000,4000
4000,4000,4000,4000,4000,4000,4000,4000,4000
4000,4000,4000,4000,4000,4000,4000,4000,4000
4000,4000,4000,4000,4000,4000,4000,4000,4000
3630.14,3630.09,3687.54,3620.96,3687.18,3688.36,3688.26,3621.07,3688.53
1989.68,1989.36,1988.08,1945.76,1942.32,1989.58,3382.14,1980.53,1947.07
2795.27,2795.63,2795.6,3518.69,2748.42,2795.82,2795.82,2795.82,2795.82
3580.32,3625.67,3625.38,3625.41,3607.07,3625.05,3613.68,3625.39,3625.43
3696.37,3696.33,3667.73,3696.21,3695.83,3696.23,3696,3696.16,3696.2
3721.56,3721.34,3721.44,3721.6,3720.97,3721.3,3721.37,3721.08,3721.23
3821.72,3821.55,3821.35,3821.71,3820.98,3821.89,3821.56,3821.15,3821.74
3993.1,3989.72,3992.32,3992.63,3997.41,3997.21,3996.44,3997.47,3992.1
4000,4000,4000,4000,4000,4000,4000,4000,4000
4000,4000,4000,4000,4000,4000,4000,4000,4000
4000,4000,4000,4000,4000,4000,4000,4000,4000
4000,4000,4000,4000,4000,4000,4000,4000,4000
4000,4000,4000,4000,4000,4000,4000,4000,4000
4000,4000,4000,4000,4000,4000,4000,4000,4000
3798.78,3775.41,3759.8,3787.7,3786.02,3799.36,3799.11,3798.99,3798.64
2087.75,2087.73,2087.51,2085.5,2076.8,2080.76,3436.27,2087.79,2087.79
3558.61,1718.7,1718.7,1718.7,1718.7,1718.7,1718.7,1718.7,1718.7
3069.26,3068.65,3066.34,3069.3,3063.79,3069.03,3069.1,3614.07,3067.43
3667.1,3667.3,3660.3,3666.98,3649.3,3667.12,3667.3,3615.91,3667.29
3747.48,3747.52,3747.55,3747.28,3747.31,3747.59,3747.44,3747.1,3747.7
3866.97,3866.45,3866.99,3866.41,3866.95,3866.66,3866.22,3866.91,3866.29
3994.17,3996.97,3996.47,3995.77,3996.58,3998.07,3995.99,3996.34,3994.73
4000,4000,4000,4000,4000,4000,4000,4000,4000
4000,4000,4000,4000,4000,4000,4000,4000,4000
4000,4000,4000,4000,4000,4000,4000,4000,4000
4000,4000,4000,4000,4000,4000,4000,4000,4000
4000,4000,4000,4000,4000,4000,4000,4000,4000
4000,4000,4000,4000,4000,4000,4000,4000,4000
3435.7,3427.27,3430.03,3420.61,3414.03,3417.21,3445.32,3449.5,3415.12
2675.31,2674.91,2733.13,3376.46,2674.54,2731.36,2733.25,2733,2688.83
3426.6,3497.7,3497.82,3497.83,3457.68,3486.19,3621.35,3497.93,3497.93
3656.37,3656.35,3656.21,3656.26,3655.98,3656.21,3629.07,3656.31,3656.41
3708.06,3708.18,3708.31,3708.07,3699.51,3707.01,3676.74,3667.44,3708.32
3796.3,3795.83,3796.15,3796.37,3796.15,3796.32,3796.09,3795.88,3795.92
3936.39,3937.14,3937.98,3937.45,3938.01,3937.74,3937.6,3934.64,3937.14
3997.46,3994.71,3997.87,3998.41,4000,4000,4000,4000,4000
4000,4000,4000,4000,4000,4000,4000,4000,4000
4000,4000,4000,4000,4000,4000,4000,4000,4000
4000,4000,4000,4000,4000,4000,4000,4000,4000
4000,4000,4000,4000,4000,4000,4000,4000,4000
4000,4000,4000,4000,4000,4000,4000,4000,4000
4000,4000,4000,4000,4000,4000,4000,4000,4000
2918.92,2928.39,2918.79,2935.52,2976.24,2921.37,3339.55,2973.65,2923.91
1576.92,1568.35,1584.66,1592.5,1590.24,1560.45,1561.66,3214.97,1557.04
2832.3,2832.09,2832.33,2805.27,2797.32,2780.79,2794.51,2831.4,3544.55
3652.33,3684.81,3651.56,3653.11,3651.13,3653.32,3653.17,3648.96,3650.83
3686.95,3686.85,3686.91,3686.78,3675.3,3686.73,3686.96,3686.97,3686.94
3791.27,3791.53,3791.47,3791.03,3791.44,3791.52,3791.4,3784.81,3791.4
3969.95,3970.45,3970.09,3969.26,3966.89,3969.57,3969.32,3963.31,3969.44
4000,4000,4000,4000,4000,4000,4000,4000,4000
4000,4000,4000,4000,4000,4000,4000,4000,4000
4000,4000,4000,4000,4000,4000,4000,4000,4000
4000,4000,4000,4000,4000,4000,4000,4000,4000
4000,4000,4000,4000,4000,4000,4000,4000,4000
4000,4000,4000,4000,4000,4000,4000,4000,4000
4000,4000,4000,4000,4000,4000,4000,4000,4000
3582.02,3583.92,3558.84,3583.31,3583.24,3536.29,3583.84,3563.7,3565.75
1705.18,1705.01,1705.13,1704.75,1664.6,3396.9,1705.19,1705.19,1705.19
1740.61,1740.62,1740.74,1738.9,1710.71,3527.59,1740,1740.74,1740.74
3288.74,3290.53,3608.11,3223.33,3290.26,3290.55,3290.99,3223.24,3289.35
3720.32,3720.28,3720.29,3720.38,3719.62,3720.4,3720.08,3719.62,3698.58
3857.37,3857.61,3857.3,3857.9,3857.78,3857.85,3857.6,3855.54,3857.1
3972.17,3973.06,3973.05,3971.73,3973.02,3972.46,3973.12,3971.78,3972.29
3999.25,3997.66,4000,4000,4000,4000,4000,4000,4000
4000,4000,4000,4000,4000,4000,4000,4000,4000
4000,4000,4000,4000,4000,4000,4000,4000,4000
4000,4000,4000,4000,4000,4000,4000,4000,4000
4000,4000,4000,4000,4000,4000,4000,4000,4000
4000,4000,4000,4000,4000,4000,4000,4000,4000
4000,4000,4000,4000,4000,4000,4000,4000,4000
3239.33,3298.17,3350.75,3245.48,3295.43,3245.76,3293.73,3254.79,3273.37
1374.4,1373.37,3348.32,1374.62,1374.49,1374.26,1374.04,1342.56,1370.42
460.937,456.34,478.028,477.917,454.839,459.039,3487.55,457.984,455.909
3047.49,3048.46,3623.3,3048.37,3048.36,3048.95,3048.17,3005.44,3048.8
3737.32,3737.4,3737.1,3737.13,3736.37,3737.27,3737.43,3736.81,3737.12
3792.55,3792.5,3792.86,3792.86,3791.54,3792.87,3792.86,3792.45,3792.82
3927.48,3927.82,3928.33,3927.71,3928.1,3927.77,3928.69,3928.45,3927.59
3996.32,3992.43,3996.84,3995.44,4000,4000,4000,4000,4000
4000,4000,4000,4000,4000,4000,4000,4000,4000
4000,4000,4000,4000,4000,4000,4000,4000,4000
4000,4000,4000,4000,4000,4000,4000,4000,4000
4000,4000,4000,4000,4000,4000,4000,4000,4000
4000,4000,4000,4000,4000,4000,4000,4000,4000
4000,4000,4000,4000,4000,4000,4000,4000,4000
3668.81,3652.2,3652.86,3657.18,3668.68,3656.29,3668.48,3642.94,3658.15
1470.45,1470.2,1470.68,1470.66,1470.44,1470.47,1445.38,1435.15,3355.21
989.361,958.182,989.59,989.712,963.984,989.619,3457.68,989.733,989.733
2607.55,2609.34,2604.93,2609.94,2608.05,3616.46,2608.45,2571.7,2610.37
3648.74,3647.03,3647,3615.37,3646.86,3647.04,3647.05,3646.84,3646.97
3768.96,3768.91,3768.67,3768.3,3768.19,3768.6,3768.68,3768.51,3768.62
3899.33,3899.39,3900.3,3900.13,3899.23,3899.79,3899.69,3900.06,3900.13
3994.05,3997.52,3999.21,3994.66,3993.5,3995.02,3997.43,4000,4000
4000,4000,4000,4000,4000,4000,4000,4000,4000
4000,4000,4000,4000,4000,4000,4000,4000,4000
4000,4000,4000,4000,4000,4000,4000,4000,4000
4000,4000,4000,4000,4000,4000,4000,4000,4000
4000,4000,4000,4000,4000,4000,4000,4000,4000
4000,4000,4000,4000,4000,4000,4000,4000,4000
3696.23,3671.48,3684.6,3651.16,3695.94,3649.23,3696.22,3696.2,3680.91
1782.6,1782.69,1782.56,3385.35,1738.58,1778.07,1756.31,1761.43,1772.15
1960.52,1960.4,1960.99,1961.06,1914.78,1929.49,3494.78,1957.03,1961.1
3575.33,3540.64,3518.7,3574.65,3574.73,3602.13,3575.07,3574.79,3575.47
3648.03,3648.13,3648.17,3647.9,3648.24,3648.1,3648.12,3648.15,3648.38
3701.38,3701.05,3701.36,3701.53,3701.57,3701.56,3701.53,3701.45,3701.2
3845.54,3845.17,3845.41,3845.4,3845.3,3845.33,3844.92,3845.07,3844.74
3999.31,3996.75,3994.39,3992.26,3998.11,3998.65,4000,4000,4000
4000,4000,4000,4000,4000,4000,4000,4000,4000
4000,4000,4000,4000,4000,4000,4000,4000,4000
4000,4000,4000,4000,4000,4000,4000,4000,4000
4000,4000,4000,4000,4000,4000,4000,4000,4000
4000,4000,4000,4000,4000,4000,4000,4000,4000
4000,4000,4000,4000,4000,4000,4000,4000,4000
3837.81,3838.08,3838.04,3837.68,3837.81,3837.93,3827.71,3827.14,3837.84
3117.06,3590.7,3116.93,3117.06,3116.97,3117.1,3116.2,3116.38,3116.32
3078.4,3143.32,3090.12,3119.59,3142.76,3099.08,3559.36,3143.65,3143.65
3598.44,3610.27,3610.34,3610.23,3568.5,3620.38,3610.31,3576.46,3597.15
3680.54,3680.56,3680.33,3680.44,3680.54,3680.61,3680.42,3680.65,3680.54
3675.2,3675.53,3675.62,3675.53,3675.21,3675.44,3675.47,3674.83,3675.66
3784.93,3784.32,3784.78,3784.73,3784.69,3784.39,3784.81,3784.93,3784.62
3994.64,3995.75,3992.32,3991.84,3994.57,3995.94,3997.41,3997.03,4000
4000,4000,4000,4000,4000,4000,4000,4000,4000
4000,4000,4000,4000,4000,4000,4000,4000,4000
4000,4000,4000,4000,4000,4000,4000,4000,4000
