Return	Episode_length
-595.378	136
-567.214	161
578.421	801
-797.012	65
-812.47	51
289.884	801
-704.618	91
-740.61	74
-702.584	83
-545.504	158
-607.644	131
-594.691	131
572.485	801
-696.326	83
-624.675	113
-586.696	120
948.148	801
-653.158	101
-595.472	149
-843.104	39
-580.118	160
-660.133	100
-421.194	212
-637.185	107
-685.056	111
-654.681	113
-617.201	122
-565.498	142
-623.038	128
-556.616	125
-603.941	126
-353.317	196
485.504	801
848.677	801
-611.382	108
-744.409	72
-707.393	85
-696.045	107
-727.77	85
-728.332	83
-817.208	59
-684.15	93
-858.031	43
-771.513	70
-850.832	42
-807.967	56
583.515	801
-860.183	42
-829.344	47
-736.368	73
-756.185	69
-681.032	89
-257.421	221
-708.047	80
-680.485	107
-245.73	380
-811.843	56
-855.937	43
698.677	801
623.378	801
-820.127	48
-628.457	108
-856.017	38
-505.018	149
-587.698	143
-764.366	71
-581.701	138
-603.004	120
-651.76	121
-657.079	100
-613.766	105
-613.434	124
-723.881	73
-653.095	115
-603.06	122
-607.975	116
-672.583	87
-713.259	77
-658.673	113
-753.802	65
-805.359	51
-664.395	92
-573.555	152
-654.77	98
-591.907	133
-644.638	96
-703.804	95
-738.438	93
-347.603	708
-611.849	116
-581.239	137
414.58	801
-683.793	101
-545.896	146
-672.6	105
-810.521	56
-631.011	131
-683.176	108
-871.325	36
-660.491	118
-749.234	69
-790.596	65
-660.333	92
1396.5	801
-645.366	125
-655.231	132
-648.655	103
-658.131	104
-699.076	115
-699.688	86
1089.9	801
-626.044	105
-670.502	100
-705.598	85
-584.016	140
-538.029	143
-770.406	63
-615.177	135
-681.665	86
-571.58	630
-632.878	137
-671.363	107
-744.852	98
-660.211	108
-681.185	106
609.657	801
-695.386	106
-581.255	153
-577.483	146
-590.07	153
-564.407	147
-785.825	58
-542.509	168
-529.559	165
-482.749	194
-741.007	78
-600.935	116
-640.892	114
-526.758	139
-518.757	205
-836.022	64
1267.3	801
-625.392	110
-627.224	133
-512.26	176
-646.282	102
-538.011	157
402.308	801
-677.106	97
-728.076	89
-641.113	114
-615.834	122
-593.51	146
-645.841	109
-537.274	158
442.367	801
-775.029	61
-733.381	76
-663.292	131
-627.067	146
-776.36	79
-689.221	108
-710.997	80
425.113	801
-584.937	133
-648.112	105
-720.379	91
-610.003	132
-798.018	60
-679.727	101
-517.357	164
-794.596	57
-779.248	65
-663.426	90
-629.536	106
175.668	628
-677.59	88
-633.855	133
-558.687	138
-798.771	61
-761.72	68
-595.689	129
-681.24	89
-611.447	117
-662.671	98
-749.336	81
-794.04	55
-821.721	52
-755.923	70
-742.288	72
-660.536	117
-743.632	67
-866.19	38
-866.024	41
-696.621	136
-679.139	121
-873.796	35
-724.33	93
-765.998	67
-613.593	112
-764.803	70
-744.419	73
-806.909	51
-897.194	34
-787.251	57
-804.817	55
-887.652	30
-611.729	118
-870.561	40
-901.637	29
-776.262	67
-658.544	106
-868.285	46
-720.685	84
-803.617	77
-729.534	83
-702.604	87
-684.993	97
-687.729	109
-840.471	47
-819.436	50
-863.142	41
-901.322	28
-877.665	40
-875.842	35
-887.71	33
-693.657	103
-847.991	52
-803.073	53
-823.534	73
-829.411	60
-729.472	84
-894.817	31
-757.221	67
-672.373	119
-845.072	56
-767.16	88
-848.808	53
-897.06	30
-847.686	50
-799.489	83
-756.001	73
-908.275	26
-731.414	81
-708.76	104
-788.935	75
-745.936	102
-665.144	100
-765.953	68
-634.258	112
-582.866	117
-754.702	106
-783.141	63
-636.721	122
-648.13	135
-492.349	165
-723.751	79
-741.541	69
-864.988	36
-835.628	46
-534.621	144
-792.893	63
-519.248	144
-463.297	172
-610.512	115
-643.737	109
-584.538	160
-585.092	118
-624.661	142
-429.739	178
-569.788	139
-697.362	91
-619.84	149
-615.208	129
-546.952	147
-581.42	132
-505.293	174
-846.827	47
-781.169	70
-679.107	95
-576.311	131
-578.02	169
-516.272	148
-595.92	131
-654.101	126
-679.489	139
-484.901	161
-416.248	196
-460.949	177
-599.369	150
-689.929	104
-590.115	142
-553.205	141
-508.369	189
-493.203	159
-324.571	226
-600.936	122
-812.48	57
-348.582	210
-518.303	185
-704.362	90
-728.701	79
-667.927	101
-567.641	132
-624.344	122
-432.777	182
-571.353	119
-799.695	75
-792.426	57
-467.178	189
-878.506	40
-816.827	78
-666.644	111
-705.236	107
-591.361	149
-483.707	148
-621.6	149
-583.136	123
-581.988	140
-809.609	68
-695.746	103
-900.594	32
-710.754	96
-784.766	72
-378.426	227
-643.216	119
-791.25	71
-616.108	138
-661.325	97
-635.157	110
-629.272	104
-650.73	144
-589.088	122
-585.098	125
-571.51	132
-854.425	55
-838.535	47
-683.657	103
-801.657	64
-904.275	34
-664.974	138
-689.391	98
-695.409	108
-675.081	97
-745.882	75
-758.931	67
-733.05	93
-656.148	118
-745.182	75
-667.766	112
-770.068	64
-823.719	52
-896.364	33
-880.074	37
-861.002	44
-721.582	84
-867.684	37
-684.663	95
-615.394	150
-653.017	105
1680.01	801
-669.212	114
-603.783	125
-902.539	35
-720.577	79
-769.095	64
-618.254	130
-530.619	141
-705.124	88
-756.419	85
-790.466	68
-534.039	139
-672.091	132
-549.551	136
-690.165	97
-437.1	178
-632.464	117
-749.071	77
-534.586	139
-634.4	105
-674.344	115
-587.632	126
-741.922	74
-627.931	120
-874.894	48
-376.913	183
-835.295	49
-566.364	163
-442.131	181
-568.046	125
-561.697	127
-696.559	83
-697.588	90
-601.488	162
-732.853	77
-746.949	88
-484.89	161
-412.881	177
-621.638	125
-834.186	75
-864.233	48
-638.56	100
-719.758	101
-807.842	69
-875.91	40
-828.544	57
-684.817	88
-644.617	96
-891.429	41
-729.123	77
-857.736	50
-826.928	53
-771.984	85
-740.435	103
-592.404	140
-775.813	70
-717.841	99
-622.605	115
-625.591	108
-681.483	113
751.562	801
-671.503	107
-843.642	58
-852.516	42
-639.025	102
-565.103	142
499.497	801
-545.854	131
-555.657	162
-528.921	160
-737.306	80
-664.866	109
-672.356	141
-693.906	94
583.803	801
-754.012	78
-647.688	106
-668.604	99
-686.082	117
-752.847	74
-733.781	79
-778.591	74
-845	43
-728.496	80
-573.393	137
-584.525	160
-787.441	80
-618.432	110
-754.025	104
-580.856	146
-781.775	66
435.869	405
-722.729	76
-603.129	144
-663.154	124
-658.063	114
-474.57	144
-666.054	126
-740.435	85
-873.976	33
-691.837	101
-758.424	62
-664.386	112
-678.109	91
-649.764	105
-624.447	108
-445.088	237
-680.282	84
-473.67	135
-538.346	177
-759.78	65
-777.497	74
-619.315	106
-549.595	141
-561.859	125
-692.603	96
-678.818	101
-748.076	81
-621.99	108
-625.251	109
-499.897	687
-506.556	169
-466.419	165
-597.635	150
-631.604	128
-627.112	109
-626.04	115
-894.197	29
-554.065	142
-545.227	133
-908.906	29
-543.071	166
-625.861	120
-479.86	178
-747.147	82
-582.435	127
-586.788	135
-703.82	110
-528.001	147
-743.968	95
-801.034	72
-529.746	138
-502.583	149
-876.243	40
-673.394	92
-625.621	134
-847.779	51
-687.273	122
-631.264	136
-619.438	150
-840.543	51
-791.964	91
-800.25	57
-911.872	30
-749.922	73
-716.621	86
-709.527	89
-815.677	68
-764.348	67
-692.548	96
-716.509	78
-473.157	186
-614.657	111
-844.589	50
-876.982	48
-781.485	61
-777.198	68
-686.716	113
-720.688	86
-740.647	74
-672.903	83
275.583	801
-844.868	45
-786.916	77
-801.974	69
-893.066	37
-655.509	102
-561.161	149
-909.911	31
-593.404	131
-749.204	68
-688.512	103
-716.053	101
-667.767	90
-821.35	56
-603.411	148
-649.08	107
-585.674	124
-754.126	77
-567.588	130
-738.062	86
-651.376	106
-610.061	118
-566.39	169
-602.216	123
-702.917	102
-706.338	118
-802.278	62
-778.052	95
-594.01	135
-700.495	90
-784.488	107
641.276	801
-641.434	116
-591.324	143
-537.604	137
-738.799	74
-547.349	130
-733.984	86
-681.128	129
-714.8	96
-665.018	122
-489.405	325
-488.356	180
-729.327	80
-652.69	103
450.498	801
-606.382	112
-619.868	108
-766.939	74
-569.687	141
-838.173	45
-813.394	58
-741.564	74
-685.4	93
-625.546	113
-565.708	172
-647.337	132
-883.841	44
-597.875	133
-693.761	96
-571.555	151
-680.569	102
-539.018	137
-680.119	90
-524.23	163
-864.154	44
-611.428	121
-504.669	149
-846.131	50
-169.245	227
-734.396	90
-350.086	210
-446.363	184
633.867	801
-620.137	145
-886.002	48
-842.777	89
-519.918	152
-845.555	53
-805.825	75
-764.53	87
-683.568	89
705.498	801
-650.14	108
672.387	801
-686.713	115
-610.372	125
-524.9	160
829.254	801
-596.064	115
-653.979	98
-655.168	101
-765.659	119
-819.855	76
-656.385	101
-703.091	108
-681.595	117
-807.068	64
-691.08	118
-761.92	85
-809.128	74
-813.911	65
518.66	801
-831.813	64
-610.628	122
-665.948	119
-738.422	88
-732.59	96
-808.676	69
-603.37	130
-627.261	114
-707.938	98
-658.696	111
-718.339	105
-699.582	142
-750.044	78
-661.99	97
-809.231	58
-707.038	110
-756.845	105
-572.166	169
-797.619	54
-597.365	118
-835.926	66
-818.238	73
-616.554	121
498.599	801
-655.729	105
-761.12	63
-851.962	57
-761.556	83
-775.387	68
-813.585	62
-775.802	88
-786.861	76
-756.492	82
-841.978	54
-747.683	95
-525.941	136
-539.149	184
-526.798	155
-864.466	43
-697.717	110
-804.815	64
-636.398	144
-765.4	85
-675.149	111
-771.266	84
-610.249	111
-716.054	121
-764.7	85
-564.674	141
-715.385	83
-742.666	73
-712.179	110
-716.217	80
-801.967	73
-814.954	67
-791.549	83
-736.885	95
-652.906	105
-784.63	79
-816.82	49
-626.654	117
-505.833	164
-752.179	89
-701.78	100
-890.469	32
-705.635	113
-630.312	146
-815.401	78
-835.451	52
-897.144	32
-705.351	84
-680.096	135
-861.231	83
-819.216	57
-875.687	41
-902.119	28
-675.28	110
-786.918	63
-763.355	70
-795.016	64
-571.431	131
-771.578	71
-712.047	86
-698.97	104
-488.68	180
385.543	801
-839.571	62
-671.283	101
352.857	801
-792.983	82
-682.002	122
-850.554	57
-787.949	72
-534.817	140
-438.119	176
-575.202	135
-856.306	73
-576.728	129
-832.093	57
-781.641	71
-691.04	106
-682.637	104
-377.395	196
-617.875	127
-634.626	99
-898.071	41
-729.187	76
-792.731	103
-742.545	77
-910.153	30
-850.388	66
-629.695	146
-828.448	63
-557.081	158
-707.584	106
-819.209	71
-636.224	114
-877.438	51
-594.932	125
-592.696	155
-735.645	80
-505.876	173
-710.536	109
-554.652	169
-563.943	130
-744.243	113
-842.563	62
-708.398	105
-662.516	97
-906.975	28
-808.157	86
-770.592	66
-770.219	94
-596.17	121
-347.824	211
-774.059	74
-749.451	67
-667.652	100
889.765	801
-829.654	47
-809.844	71
-643.363	112
-609.149	124
-886.905	40
-709.451	100
-809.767	61
-497.575	178
-717.283	111
-801.092	95
-891.335	35
-898.047	29
-430.355	206
-778.058	61
-567.083	169
-906.322	28
-562.916	130
-825.693	47
-894.009	32
-881.925	41
-714.881	79
-776.113	81
-750.445	77
-542.511	137
-789.191	85
-733.651	90
-674.69	120
-660.897	101
-773.848	80
-664.647	123
-665.203	102
-574.162	151
-693.692	130
-892.792	34
-902.054	30
-472.734	182
-685.656	99
-884.016	36
-489.688	172
-857.808	40
-690.266	118
-834.682	68
-743.252	86
-713.044	79
542.823	801
-787.853	73
-757.448	102
-597.351	120
-584.902	148
-614.224	122
-860.921	46
-717.867	103
-811.54	68
-777.601	100
-613.586	132
-628.84	134
-640.398	110
-663.272	125
-787.61	69
-816.212	72
-708.659	95
-839.917	60
-851.69	71
-514.747	169
-702.524	103
-622.926	119
-619.376	149
-709.566	78
-838.601	67
-517.951	185
-674.967	120
-835.354	60
-675.16	99
-570.226	138
-592.094	124
-729.306	91
-715.714	93
-696.065	113
-374.161	142
-518.008	157
-754.527	85
-823.607	63
-481.109	153
-581.682	128
-747.394	95
-427.443	192
-667.673	118
-531.772	138
-891.451	38
-591.317	122
-670.437	96
-484.229	205
-557.431	175
-618.001	148
-516.628	150
-239.667	266
-644.551	123
-641.828	138
-636.24	104
-690.631	101
-605.94	127
-553.036	130
-786.453	75
-413.055	167
-618.748	143
-743.684	65
-772.782	80
-701.347	98
-684.128	120
-647.948	139
-654.567	116
-524.87	134
-542.998	142
-587.519	145
-510.494	175
-689.662	99
-668.136	116
-759.935	76
-631.43	119
-626.358	102
502.082	801
-790.597	91
-614.235	110
-783.033	78
-667.297	118
-679.813	93
-620.186	106
-552.634	168
-540.986	150
-567.651	151
-728.966	91
-589.219	243
-638.09	102
-71.0605	302
-727.695	77
-579.262	155
-654.731	134
-825.329	66
-347.024	284
-690.444	96
-572.852	148
-664.338	103
-505.022	157
998.439	534
-693.099	99
-708.972	109
-631.295	143
-602.401	140
-464.016	152
-711.528	113
-572.99	146
-644.769	101
-357.082	203
-783.163	80
-367.422	256
-592.158	117
-583.078	126
-668.215	111
-721.115	81
-630.507	108
-422.071	179
-708.001	94
-758.987	99
-677.363	128
-632.001	115
-567.808	156
-589.733	140
513.833	801
-699.957	97
-578.075	156
505.785	801
-710.333	93
-456.441	161
-719.625	117
-576.926	133
-500.037	178
-424.294	200
-828.605	82
-759.578	84
482.777	801
-563.653	155
-495.068	155
-613.936	110
-768.982	79
-527.46	145
-761.406	93
-662.631	108
-633.909	120
-314.859	204
-553.796	145
-477.149	154
-503.522	133
-622.827	111
-288.26	206
524.64	801
-579.898	120
-626.167	107
-477.672	154
-566.976	138
-538.993	143
-430.964	195
-530.454	142
-296.215	246
-324.968	211
-604.08	135
-560.428	156
-681.77	92
-665.105	100
-639.04	106
1.29631	276
-525.121	155
-699.516	98
-821.852	63
555.569	801
-654.577	128
-514.932	620
-476.295	197
-819.804	77
-727.278	76
-459.179	156
-482.233	156
-566.04	125
-612.326	138
-656.964	115
-489.35	176
-571.719	121
-597.474	156
-792.755	73
-732.309	114
-812.705	81
-581.79	162
-610.865	120
-524.721	167
-720.803	110
-642.129	120
-681.826	107
-774.673	69
-560.083	130
-812.682	78
-553.017	168
-749.113	92
-612.62	129
-622.512	154
-802.629	69
-856.011	44
-576.781	137
-838.654	83
-636.498	148
-740.091	73
-639.548	125
-705.258	90
-612.662	124
-684.093	87
-425.797	195
-614.188	114
-670.212	119
-549.333	137
-589.429	116
-667.663	98
-602.494	114
-739.332	95
-411.263	170
-405.589	204
-675.331	119
-710.279	109
-858.164	53
-626.39	107
-831.369	47
-505.867	190
-841.978	65
-507.964	147
-761.266	79
-686.781	108
-769.363	92
-660.176	134
-343.989	197
-529.577	145
-632.626	111
-700.711	113
-677.065	117
-665.306	123
-623.624	125
-720.88	97
-674.842	118
-624.609	146
-548.001	150
-808.194	66
-804.306	58
-542.75	131
-539.294	137
-498.174	190
-709.727	98
-570.561	151
-616.653	119
-538.84	201
-666.602	100
-83.4468	357
-383.121	220
-571.145	126
-284.508	194
-755.273	75
-566.459	135
-688.12	109
-597.28	124
607.275	801
-589.845	145
-487.612	232
-467.558	152
-586.253	130
-516.629	154
-639.359	138
-663.89	123
-685.946	95
-503.219	143
-281.888	214
-575.502	115
-626.025	151
-272.877	256
-829.913	61
-622.573	122
-778.723	89
-493.851	189
-590.558	128
-677.982	107
-703.76	112
-631.781	108
372.866	801
-498.958	177
-646.519	133
511.458	801
-429.153	203
-854.387	54
-652.43	125
-523.961	155
-504.271	195
-662.495	103
-530.647	143
-603.969	113
-674.685	118
-740.942	92
-722.086	100
-801.217	64
-795.555	79
-703.632	104
-694.12	129
-871.393	45
-702.459	106
-602.689	143
-594.371	136
-777.426	81
737.602	801
-790.015	71
-613.753	107
-399.179	218
-720.923	107
-482.116	182
-688.984	100
-680.577	115
-672.26	125
-679.213	101
-677.456	102
-601.886	151
-594.098	144
-634.292	143
-553.455	159
-628.299	118
-681.521	108
-619.124	130
-517.995	118
-741.622	95
-762.081	70
-515.389	159
-663.511	115
-573.471	121
-556.873	129
-654.349	104
-591.046	128
-575.453	130
-704.316	89
-777.238	99
-771.609	83
-778.749	110
-655.887	109
-475.076	159
-548.798	146
-630.842	126
-696.407	118
-631.328	120
-691.911	86
-735.553	105
-601.328	135
-667.245	99
-422.395	119
-602.996	114
-407.944	205
-579.835	124
-746.22	86
-635.014	106
-756.156	95
-614.104	124
7.59859	267
-499.834	163
-576.276	136
-534.801	142
-596.286	125
-764.603	87
-552.727	181
-812.798	76
-709.594	130
-701.481	105
-634.876	117
-587.62	126
-763.318	67
-432.13	170
-739.052	103
-651.442	118
-711.327	87
-667.709	118
-551.628	140
-630.3	122
-680.426	102
-551.857	130
-532.934	138
-548.638	126
-492.375	179
-557.378	121
-669.259	105
-613.495	128
-715.6	128
-539.134	147
-713.847	117
-593.858	119
-653.429	106
-757.968	79
-656.809	111
-548.693	130
-770.464	97
-665.932	148
-789.175	87
-612.14	137
-305.764	197
-682.691	100
-769.792	96
-626.131	102
-431.833	285
-863.714	43
-565.52	126
406.2	801
-631.448	114
-846.397	42
-616.956	133
-796.56	90
-364.583	189
-474.124	177
-559.8	133
-620.162	148
-723.465	103
-672.679	120
-727.759	84
-476.163	148
-709.825	79
-652.301	99
-740.391	82
-719.02	129
-661.391	120
-799.346	58
-672.081	104
-648.42	142
-627.677	126
-682.236	95
-562.186	139
-672.179	91
-624.019	119
-622.541	146
-711.099	109
-714.419	97
-807.29	67
-714.243	89
-649.216	118
-633.965	103
-708.517	94
-687.223	112
-671.425	109
-659.86	119
446.991	801
617.376	801
-584.244	121
-587.364	157
-706.963	86
-470.564	166
-570.732	118
-696.25	109
-693.973	95
-723.268	95
-699.208	108
-563.401	135
-659.59	127
-725.204	99
-676.235	99
-348.472	460
-729.538	85
-726.404	107
-626.619	109
-654.808	113
-725.083	93
-642.478	133
-625.276	118
-592.866	162
-677.989	87
-468.178	178
-688.088	91
-661.703	97
-418.068	199
-615.998	131
-440.432	198
-590.366	131
-482.527	153
-786.022	65
-640.932	99
-630.004	113
-666.896	126
-628.451	119
-519.596	164
-653.628	101
-812.592	68
-600.34	136
-648.933	113
-662.61	112
-741.786	108
-694.356	89
-672.677	126
-455.066	194
-712.441	97
-640.354	111
-643.514	115
672.575	801
-638.389	133
-821.828	88
-635.397	123
-567.882	128
-560.523	119
-673.232	109
-770.945	71
-92.2799	248
-740.858	77
-654.568	98
-788.855	77
-647.083	133
-728.098	116
-723.583	86
-297.919	194
-502.227	156
-413.383	204
-479.797	176
-636.301	108
-538.929	145
-596.383	156
-462.249	158
-762.448	90
-607.625	109
-488.896	167
-622.793	110
-665.767	107
-570.731	145
-586.589	132
-689.4	95
-519.119	162
-828.982	58
-540.259	140
-807.923	73
-777.517	97
-681.624	105
-619.289	112
-552.794	125
-757.388	90
-644.839	130
-760.448	73
-677.277	112
-747.744	86
-636.715	135
-626.364	138
-638.371	122
-579.96	132
-366.232	193
-320.735	283
-623.566	126
-645.733	97
-769.841	84
-803.005	55
-844.671	56
-676.089	101
-678.83	94
-675.396	92
-751.756	86
-708.013	113
-731.824	112
-670.11	119
-657.378	129
-818.032	88
-526.594	163
-660.695	124
-683.676	113
-575.567	143
-538.818	152
-821.262	75
-524.159	176
-688.804	152
-667.115	86
-645.569	134
-817.289	68
-725.748	76
-819.67	65
-689.413	103
-602.529	125
-682.787	99
-798.758	78
-595.654	135
-651.545	105
-509.665	155
-286	248
-745.103	81
-729.892	90
-643.587	107
-786.295	76
-521.613	172
-651.117	110
-804.38	54
-863.818	54
699.333	801
-794.007	69
-845.186	55
-832.098	86
-465.864	187
-761.272	84
-791.554	90
-600.704	120
-619.373	115
-625.613	123
-612.504	129
-664.055	92
759.62	801
-725.196	81
-681.852	118
-622.972	110
-365.089	180
1034.38	801
-542.505	148
-635.528	113
-665.562	127
-704.99	93
-697.608	97
-665.105	119
-797.044	71
-803.174	76
-735.319	98
-499.339	157
-211.258	198
-728.101	94
-492.484	172
-708.18	101
-712.708	108
-698.773	93
-618.252	138
-742.053	75
-829.192	84
-858.268	44
-389.533	198
-631.179	108
-554.527	141
-666.696	108
-714.262	129
-518.462	169
-574.967	147
-716.031	91
-550.277	147
-726.993	122
-636.188	131
-440.078	167
-817.785	50
-632.907	127
-709.1	82
-640.508	124
-708.996	99
-710.569	87
-660.265	119
-837.344	60
-696.088	90
-698.002	116
-819.579	84
-651.655	95
-647.296	145
-611.656	133
-680.359	121
-779.928	78
-628.81	154
-865.035	59
-592.64	124
-675.146	116
-624.566	110
-596.668	111
-596.18	112
-702.532	89
-653.941	130
-744.326	70
-702.09	102
-603.392	129
-337.285	218
-596.369	301
-803.079	69
-882.396	49
-618.613	137
-676.594	94
-627.731	129
-511.245	141
-778.9	79
-781.942	127
-745.464	91
-614.385	151
-762.201	63
380.726	801
-789.233	62
-745.27	101
-718.022	100
-850.803	47
-579.825	132
-583.704	118
-803.067	61
-604.004	140
-674.824	142
-817.73	84
-678.66	89
-502.689	140
-609.317	122
-425.667	150
-645.66	133
-601.874	111
-523.805	149
-595.016	121
-630.148	114
-785.291	69
-763.698	75
-798.703	74
-557.761	147
-718.524	115
-829.137	64
-630.152	104
381.857	801
-794.015	76
-730.746	114
-691.147	127
-724.244	91
-615.67	149
-629.652	119
-672.387	114
-608.484	111
-843.421	53
-840.469	56
-769.472	63
-460.69	169
-515.23	171
-565.554	151
-873.99	40
-770.334	66
-468.13	165
-529.736	182
969.011	801
-504.727	188
-664.033	107
-729.684	91
-790.228	67
-586.927	128
-434.854	179
-605.743	133
-537.863	132
-696.568	92
-524.563	142
-769.581	99
-565.879	158
-788.171	71
-729.64	97
-565.081	128
-656.409	124
-585.259	146
-556.915	136
-581.349	115
-485.019	161
-586.034	126
-421.421	206
-739.035	76
363.276	801
1471.77	801
-750.573	83
-625.937	126
-830.094	72
-600.341	121
-656.3	133
-761.471	70
-796.408	67
-625.303	140
-597.117	119
-572.178	119
-698.141	94
-681.509	104
-676.034	107
-816.339	49
-703.733	93
-582.222	137
-822.226	70
-682.805	121
-695.353	82
-612.888	120
-595.156	116
-560.262	172
-688.174	98
-784.726	68
-486.167	172
-636.833	113
277.374	801
-603.81	117
-675.337	123
-551.479	139
-646.236	130
-704.693	108
-690.873	94
-611.474	110
-641.443	128
-779.919	107
-642.67	98
-793.413	81
-615.877	147
-657.423	94
-711.866	104
-666.318	104
-815.883	64
-473.122	276
-591.498	118
-828.272	48
-655.701	110
-751.415	100
-867.747	40
-555.864	130
-711.434	90
-774.235	86
-644.783	116
-834.793	69
-609.893	119
-825.358	72
-761.189	78
-612.182	117
-714.644	103
-868.56	40
-754.347	86
-720.598	100
-832.878	68
-834.061	61
-570.571	153
-581.728	139
-543.228	156
-790.745	83
-803.068	67
-814.174	70
-824.333	54
-612.698	116
-794.313	77
-595.386	125
-636.046	126
-563.609	150
-586.448	127
-438.915	186
-629.219	117
-584.664	143
-724.685	83
-687.03	91
-642.505	107
-683.569	116
-663.612	125
-678.544	112
-459.281	190
-703.195	100
-718.359	78
-676.53	90
-519.033	170
-459.036	158
-768.489	80
-553.999	137
-629.412	117
-712.904	83
-646.165	103
-815.834	62
-679.528	115
-788.274	72
-708.533	89
-826.297	61
-782.744	75
-651.448	112
-847.834	57
-608.02	117
-726.045	101
-674.026	90
-618.157	114
-819.862	61
-778.618	79
-601.165	117
485.257	801
-630.451	108
-491.667	187
-749.306	86
-720.557	86
-772.13	89
-561.1	134
-775.566	69
-648.531	100
-784.963	66
-821.377	88
-652.089	93
-620.502	137
511.022	801
424.212	801
-523.65	155
-672.417	116
-797.468	77
-640.08	131
-487.324	152
-456.557	188
-649.469	105
-743.314	98
-632.225	121
-667.916	119
-591.498	138
-767.107	83
-737.992	74
-478.381	168
-361.09	228
-773.032	70
-490.632	235
-775.836	96
-811.801	66
-690.57	113
498.875	801
-554.236	150
-638.533	152
-800.322	80
-565.953	132
-646.244	109
-641.66	138
-689.221	96
-709.604	94
-679.197	115
-738.379	100
-865.618	49
-728.104	83
-537.343	157
-703.855	86
-657.047	113
-733.978	90
1111.94	801
-599.532	137
-733.062	106
-737.647	76
-766.597	80
-615.04	131
-652.373	147
-731.103	75
-466.014	160
-590.12	151
-712.026	99
-609.887	127
-830.839	71
-709.152	88
-587.52	290
-596.017	151
-575.325	122
-567.098	145
-821.305	72
-767.543	89
-726.745	89
-704.095	95
-644.765	124
625.524	801
625.362	801
-674.133	97
-628.508	144
-696.016	108
-628.715	123
-527.376	144
-651.533	129
813.901	801
-812.276	72
-736.888	97
-757.062	95
-465.496	185
-667.585	109
-854.117	55
-646.712	120
-530.188	161
-826.273	58
-682.407	89
-763.734	84
-820.554	73
-767.236	80
-796.53	72
-613.602	173
-651.571	123
-365.196	210
-697.15	95
-506.704	168
-790.259	60
-847.504	48
-704.02	115
-564.136	131
-713.685	110
-623.322	145
-757.448	76
-560.184	156
-683.252	111
1100.97	801
-631.856	127
-819.105	76
-501.85	146
-765.556	68
-623.651	111
-739.174	100
-703.953	106
-450.429	167
-720.356	78
-784.388	73
-483.458	181
-626.636	132
-649.48	128
-625.897	145
-719.65	97
-798.325	69
-843.9	63
-785.997	98
-687.715	96
888.943	801
-688.854	97
-830.783	58
295.949	801
-710.905	102
-644.282	101
550.942	801
-620.175	121
-691.819	114
-557.198	133
-799.757	71
-685.731	94
-732.329	85
-463.574	172
-672.401	99
-626.748	111
495.733	801
-505.134	113
-706.234	120
-657.049	112
-579.828	167
-727.375	84
-636.925	129
-684.232	122
-691.133	97
-657.328	143
-606.781	124
-650.031	117
459.658	801
-679.825	111
-401.145	183
-652.799	100
-653.486	115
-691.685	101
-705.688	102
-713.719	83
-713.158	81
-634.77	107
-772.735	60
-227.601	220
-557.156	135
-812.524	67
-676.72	90
-397.224	183
-695.148	85
-559.911	154
-541.907	189
-572.295	130
-599.372	153
-643.619	116
-555.748	151
-660.845	116
-645.684	118
-701.628	94
-702.924	112
-791.28	86
-782.042	75
-487.094	147
-693.761	104
-449.892	174
-605.988	118
-703.845	107
671.488	801
-583.281	131
-680.686	120
-660.302	93
-762.331	103
-667.382	108
-675.94	96
-638.996	105
-607.516	121
-601.886	145
-448.119	193
-503.35	151
-577.981	135
-750.667	91
-743.106	86
-741.442	72
-631.708	114
-613.851	137
-646.275	123
-544.021	166
-792.389	78
-541.588	148
-636.067	126
-483.469	186
-644.21	131
-639.554	104
-730	113
-736.741	90
-619.294	126
-607.329	130
-593.336	114
-644.528	138
-546.643	134
-601.359	136
-740.086	111
-416.525	164
-743.613	78
-688.503	126
-630.16	113
413.622	801
-615.056	141
145.206	311
-708.16	86
-763.042	95
-640.248	107
-684.781	108
-676.535	100
-597.101	133
-574.036	161
-643.257	125
151.473	327
-643.565	104
-560.162	164
-688.187	128
-635.109	106
-734.843	81
-745.882	77
-676.257	108
-652.66	122
-735.448	85
-555.28	129
-633.147	119
-693.17	125
-685.416	92
-524.896	171
-674.5	89
-614.77	138
-758.812	66
-644.19	116
-652.317	137
-706.46	82
-494.774	186
-657.222	111
-663.881	89
-532.07	148
-652.656	142
-545.313	141
-701.733	139
-712.822	90
-594.779	149
-622.114	113
-686.269	97
-665.499	102
-723.923	83
-256.98	454
-596.124	145
-586.881	123
-581.225	142
-512.015	186
469.65	801
-621.693	115
-624.119	129
-610.937	153
-745.825	84
-454.499	174
-685.813	102
-547.89	171
-631.188	119
-617.245	121
-506.191	145
-677.264	113
-597.174	142
-608.2	133
-569.472	150
-470.987	151
-698.617	95
-655.932	115
-672.815	87
-677.874	98
-817.539	57
-659.519	102
-656.81	144
346.416	801
-551.037	130
-656.822	108
-638.442	114
-548.355	171
-770.973	71
-617.476	127
-636.101	105
-539.373	148
-594.08	131
-568.134	150
-653.126	118
-592.348	127
-686.14	96
-507.385	176
-706.995	104
-605.732	142
-628.878	107
-571.17	141
-759.989	101
-693.85	110
-656.596	102
-505.448	166
-714.703	83
-499.929	165
-464.858	184
-661.936	109
-379.231	273
-647.931	104
-751.223	102
-463.473	171
-469.529	204
-635.439	118
-661.528	105
-754.99	72
-513.582	179
-760.863	86
-698.776	88
-572.132	141
-610.137	125
-635.68	115
253.504	801
-676.807	132
-636.731	127
-576.317	166
-597.182	126
-614.005	117
-695.021	103
-647.946	104
429.223	801
-570.075	173
-621.584	137
-643.131	109
-638.469	121
-462.779	159
-588.677	136
-676.063	117
-561.78	133
-667.677	123
-478.142	186
1351.17	801
-621.656	121
-611.824	118
-705.876	104
-484	169
-539.664	153
565.693	801
-617.199	118
-631.863	106
-610.993	124
-719.951	95
-759.119	89
-687.091	124
-693.574	141
-706.447	102
-731.412	86
-574	124
-683.571	97
-365.156	209
434.698	801
-476.023	154
485.714	801
-577.47	137
-648.624	102
-727.273	101
-726.663	88
-760.041	98
-527.97	151
-586.119	136
-759.49	115
-570.332	146
-575.372	125
-661.926	117
-496.65	164
-730.055	81
-780.392	77
-654.792	150
-518.433	168
-716.807	101
-561.799	166
-576.88	131
-600.088	113
-634.051	110
-619.6	138
-712.578	92
-554.325	131
-724.417	113
-633.081	113
-567.307	130
-523.763	183
695.932	801
-270.368	260
-789.763	67
-520.446	150
-815.803	62
-651.162	117
-635.84	129
-621.929	141
-595.964	152
-586.58	117
-658.342	101
-653.361	131
-695.271	106
-723.519	91
-767.256	73
-643.081	104
-172.681	243
-648.893	126
-586.983	117
-640.236	108
-707.938	117
-454.9	203
-584.071	161
-656.551	136
-743.208	81
-656.579	129
-680.401	119
-673.594	94
-356.372	201
-670.297	89
387.585	801
-614.282	124
-268.597	239
-732.904	85
-751.044	104
-616.222	123
-646.352	135
-704.212	103
-662.165	121
-549.858	153
-638.551	124
-786.795	73
-731.862	102
-855.867	57
-614.873	144
-593.494	129
-576.32	139
-592.359	113
-558.16	131
-553.225	171
-510.272	183
-798.424	67
-787.628	68
-599.487	126
-614.378	146
-776.977	78
-721.087	106
-540.535	133
-531.489	154
-734.668	72
-567.781	147
-659.881	116
-628.254	123
-478.9	168
-719.8	128
-667.684	99
-680.494	95
-658.595	111
-717.548	95
-629.317	123
-645.474	101
-378.944	203
-738.107	68
-577.916	150
-490.3	150
-617.714	130
-556.57	169
-619.355	117
-710.115	98
-633.336	105
-769.603	66
-535.899	150
-476.714	153
-733.369	75
-653.006	126
-445.224	195
-634.079	129
-785.132	71
-667.581	92
1214.66	801
-689.171	105
-707.496	97
-701.347	100
-591.31	131
-628.808	99
-570.666	148
-607.908	143
-564.378	144
-486.514	224
-529.801	142
-545.22	135
-575.161	142
-707.831	106
-588.628	314
-743.304	92
-608.742	133
-614.138	124
-730.433	95
-615.018	114
-575.955	172
-677.816	100
-716.684	106
-640.907	119
-513.662	154
-687.365	114
-489.407	143
-212.83	225
-682.848	108
-810.406	64
-548.262	143
-527.845	190
-652.659	103
-746.975	80
-601.527	139
-556.668	166
-670.718	112
-629.421	128
-769.237	76
-728.481	82
-621.391	132
-701.658	77
-725.926	86
-658.079	132
-746.294	91
-711.33	85
-631.309	115
-622.03	130
-595.653	152
-723.536	84
-680.916	119
-688.03	87
-688.64	101
-838.795	44
-573.063	135
-692.445	117
-617.414	107
-662.69	96
-429.67	203
-603.58	134
-595.741	165
-610.901	119
-648.457	106
-716.7	86
-715.759	88
-590.17	139
-700.086	86
-640.007	142
-571.1	127
-822.453	69
-566.16	162
-634.857	128
-632.875	121
-596.977	126
-508.675	146
-775.306	60
-694.219	102
-706.692	84
-722.675	102
-507.463	203
-585.869	139
-542.788	144
-525.373	170
-475.7	159
-655.091	124
-702.559	94
-462.89	258
-775.916	79
-698.853	90
-583.491	130
-641.719	116
-737.996	117
-714.027	114
-676.31	96
-649.888	122
-632.55	100
-415.236	183
-602.872	116
-564.738	159
-575.552	121
-692.729	92
-763.916	71
-702.474	111
-509.91	148
-578.161	144
-690.126	91
-685.618	115
-515.549	151
-763.204	84
656.357	801
-506.778	148
-687.879	91
-712.807	85
-658.557	108
-678.577	100
-739.864	97
-798.446	55
-730.929	69
-657.568	121
-615.491	118
-665.066	118
-650.335	99
-646.315	135
1247.85	801
-616.877	107
-566.799	165
-541.419	148
-617.622	128
-611.045	112
-437.882	203
-684.254	112
-680.34	102
-635.767	139
-632.876	102
-610.387	118
-782.262	76
-764.07	106
-693.803	109
-665.128	94
-674.838	121
-775.216	92
-705.317	100
-528.319	181
-649.197	127
-584.084	124
-823.788	75
-644.199	102
-833.611	53
-828.664	71
710.291	801
-780.382	80
-718.852	92
-582.403	124
-426.298	169
-669.648	95
-676.574	88
-573.885	138
-668.154	104
-703.662	93
-622.502	119
-799.532	85
-661.795	91
-559.585	161
-725.956	78
-607.57	150
-768.075	63
-583.12	135
-578.001	124
-704.377	88
-524.563	138
-639.993	130
-735.249	75
-783.217	79
-680.815	100
-537.649	173
-600.57	144
-476.717	172
-586.503	126
-631.94	132
-514.505	153
-664.79	100
-664.183	97
-692.795	105
-709.261	102
-591.725	148
-594.661	120
-580.475	123
-730.807	103
-624.192	111
-749.875	90
-624.071	131
557.87	801
-688.877	114
-736.782	75
-857.738	46
-600.711	107
-733.318	100
-720.525	109
-598.229	125
-826.484	48
-638.069	115
-521.802	181
-886.91	57
-611.837	157
-618.445	129
-587.613	121
-854.809	39
-752.171	77
-658.545	114
-513.858	158
-633.697	117
-535.076	219
-748.107	79
-678.091	109
-594.237	125
-808.555	71
-594.043	164
-603.332	113
-47.5867	268
-545.782	138
-819.889	60
-549.622	160
-518.685	136
-623.842	118
-635.258	127
-636.198	112
-772.101	67
-650.056	122
-632.412	138
-525.017	154
-756.173	108
-799.807	59
-668.063	119
-587.913	126
-836.585	49
-791.985	61
-599.299	117
388.54	801
-581.271	138
-555.064	143
-761.218	89
-711.771	78
-511.239	145
-651.31	98
-663.978	105
-499.046	164
-870.013	51
-748.538	78
-724.929	87
-612.949	160
-729.867	91
-517.005	176
-669.881	96
-655.504	110
-507.569	178
226.047	801
-816.78	73
-567.415	163
-701.36	97
569.696	801
-615.496	122
-685.588	89
-750.487	83
-675.454	90
-707.735	99
-755.428	70
-605.345	119
-645.952	109
-769.267	85
-369.158	230
-657.336	128
479.416	801
-687.761	114
-380.064	185
-544.503	124
-531.953	169
-561.91	152
-370.464	239
-593.153	144
-755.987	112
-660.478	115
-728.101	99
-574.633	127
-432.928	197
-792.688	61
-631.957	144
-615.951	121
-637.352	125
-571.752	145
-649.791	100
603.476	801
-453.414	168
-672.388	109
-788.711	89
-733.498	83
677.21	801
-709.016	82
-597.57	117
-557.231	139
-702.085	117
-718.536	84
-680.03	94
-627.295	115
-615.177	122
-510.352	164
-833.739	43
-705.054	102
-614.329	160
526.843	801
-669.76	122
-771.435	80
-536.91	174
-394.674	226
-678.321	96
-587.712	153
-783.143	77
-588.69	142
-729.915	84
-864.055	48
-860.316	49
-649.114	105
-536.072	147
-612.723	115
419.303	801
-624.692	140
-727.983	96
-361.247	188
-747.7	79
-670.616	98
-525.539	163
-605.638	149
-721.986	110
-817.067	94
-626.347	120
-660.086	108
-707.173	103
-645.836	123
-698.913	100
-705.485	108
-666.018	110
-841.216	58
-660.91	93
-745.27	74
-742.049	98
-622.717	139
-724.903	91
-576.326	140
-592.664	133
-616.225	128
-611.673	107
-601.88	152
-666.744	93
-633.619	118
-760.058	79
-637.496	145
-720.591	88
-825.124	51
-587.749	147
-754.629	69
-868.596	37
-721.379	107
-502.37	149
-748.137	87
-628.749	107
-650.101	114
-627.744	113
-583.638	125
-566.757	128
-813.382	73
-591.606	139
-732.665	90
-651.244	111
-597.188	150
-799.365	75
-709.518	87
-527.726	133
-837.027	66
-671.727	104
-669.471	116
-588.005	135
-618.68	125
-773.547	73
-727.983	103
-467.856	190
-733.491	87
-406.583	192
-580.481	135
-548.71	151
487.691	801
-423.861	181
-694.988	123
-695.869	106
-607.468	132
-532.893	151
-814.769	66
-551.566	143
817.706	801
-592.624	114
-531.525	154
-623.635	126
-569.219	135
-228.931	311
-615.115	136
-895.819	32
-677.735	98
-714.855	84
-614.395	123
-647.21	103
-426.892	174
-724.98	81
-661.603	139
-812.776	59
-692.424	107
-656.696	134
-760.63	91
-435.05	184
-830.477	72
-688.898	97
-816.195	65
-701.607	97
-713.076	82
-701.955	97
-615.615	146
-826.719	62
-765.261	76
-524.13	140
-753.635	84
-759.504	82
-626.988	106
-582.685	158
-708.694	85
-765.651	73
-133.568	245
-640.166	146
-724.981	81
-811.605	78
-790.366	71
-767.557	78
-569.324	144
-737.028	91
-639.072	115
-598.638	122
-673.996	105
-637.205	143
-808.012	67
-553.472	179
-632.976	143
-808.682	57
-643.662	104
-683.213	127
-804.569	87
-692.667	89
-618.675	112
-742.502	75
-656.446	114
-720.224	96
-733.77	116
-659.62	115
-549.139	176
-777.305	72
-568.993	150
-595.39	141
-865.301	63
-788.689	70
-678.068	108
-489.135	152
-757.239	94
715.404	801
-665.005	120
-706.476	93
-593.15	134
-632.682	116
-641.19	131
-597.769	137
-608.438	115
-669.457	92
-695.979	90
-733.206	80
-716.32	81
-648.717	136
-562.855	134
-461.644	164
-829.109	71
-561.913	153
-725.636	98
-526.234	157
-562.874	138
-555.079	129
-665.292	116
-623.638	112
-578.455	129
-502.52	144
-669.754	114
-512.335	151
-689.799	88
-605.014	123
-593.75	130
-814.451	60
-608.388	131
-684.99	104
-629.237	112
-641.991	98
-622.015	156
-566.755	155
-584.122	135
858.653	801
-636.347	111
-690.768	88
-647.493	104
-624.842	140
-750.724	79
-419.46	196
-657.053	157
-601.058	134
-614.656	110
-777.876	110
-605.156	159
-628.38	124
-437.869	177
-537.429	120
-634.756	105
-631.294	132
-611.811	153
-668.498	103
434.824	801
-742.273	99
-727.219	92
-810.527	64
-610.188	128
-594.804	141
-752.014	84
-655.539	113
-569.572	134
-499.782	188
-705.032	84
-696.519	90
-688.286	129
-615.872	119
-680.494	116
-761.524	116
-490.194	146
-435.403	196
-517.411	152
-685.415	93
-612.795	138
-501.728	154
-687.427	104
-630.71	116
-524.183	130
-766.36	66
-665.918	133
-577.821	142
-631.762	106
-641.618	104
-785.095	94
-654.469	117
-581.209	135
-570.103	137
-537.118	149
-558.195	148
-521.457	128
468.743	801
-542.093	135
-738.795	80
-794.058	70
-681.586	89
-652.545	122
-587.857	118
-590.427	135
-786.834	69
-574.885	124
-582.752	188
-414.042	181
-648.832	106
-539.161	169
2476.77	801
-633.834	102
-539.199	136
389.042	801
-841.237	74
-555.877	133
281.672	801
-788.976	62
-781.243	76
-769.977	69
-663.834	130
-568.011	129
-753.989	113
-801.641	77
-610.172	111
-733.439	90
-565.951	141
-726.681	86
-670.793	123
-684.229	93
-712.21	101
-650.628	121
-666.381	115
-522.965	136
-799.88	55
-396.525	212
-692.278	82
-669.766	103
-517.516	184
-649.503	116
-542.785	139
-573.621	122
-597.9	124
-820.36	61
-257.511	217
-661.314	108
-672.794	111
-670.797	93
-540.977	134
-770.296	75
-579.797	136
-624.28	134
-809.173	61
-813.804	57
-612.73	113
-526.339	144
-726.596	101
-619.393	162
-720.067	110
-661.289	110
-296.49	201
-661.67	96
535.974	801
-780.817	74
-795.397	86
-505.949	154
-733.852	91
-565.726	168
-599.684	142
-737.791	96
-745.687	85
-599.967	117
-639.653	130
-782.651	69
-534.59	155
-608.691	149
-532.691	146
-783.8	73
-685.426	123
-730.594	81
-638.781	107
488.918	801
-428.458	176
-634.952	106
-703.455	98
-641.387	113
-633.822	141
-588.316	135
-561.814	127
-727.906	95
-667.85	121
-614.828	137
-547.418	126
-694.638	117
-587.302	140
-542.079	178
-598.243	154
-546.154	142
-692.751	98
-684.508	96
-554.471	176
-621.361	127
-490.647	175
651.149	801
-783.694	89
-332.11	600
-794.473	56
-496.439	195
-673.141	92
-683.992	89
-730.14	102
-593.549	133
-663.865	120
-570.567	131
-690.076	104
-739.738	87
130.806	801
-701.946	87
-522.058	137
-661.185	95
-812.32	66
-701.636	99
-751.48	188
-576.888	148
-581.636	136
-603.138	120
-705.468	104
-507.289	175
-610.263	144
-513.122	170
-701.5	87
-748.734	93
-655.255	100
-659.504	152
-714.421	113
-777.265	67
-406.028	202
-827.898	53
-651.58	111
-684.384	110
-694.757	91
-726.668	85
-499.277	171
-447.482	185
-695.664	109
-731.996	123
-518.638	164
-687.458	121
-649.91	96
-739.538	98
-712.021	112
-645.474	111
-659.812	112
-594.816	119
-650.578	133
-578.332	136
-754.406	73
-514.309	163
-659.507	116
-743.126	72
-763.567	79
-632.651	119
-570.272	126
-768.352	90
-597.042	113
-617.24	129
-601.675	132
-582.448	150
-524.931	138
215.485	801
-662.129	122
-587.878	188
-580.337	165
-572.167	160
-609.443	122
-658.36	138
-525.555	141
-666.1	97
-783.252	74
-714.91	86
-746.612	72
-831.197	64
534.989	801
-613.264	126
-506.949	170
-644.31	129
-536.68	180
-633.871	129
-517.407	201
-717.845	91
-527.802	140
-392.278	204
-821.068	55
-605.949	132
-718.27	86
-725.486	86
-597.783	143
-469.927	179
-694.851	90
-622.411	134
-753.455	69
-654.644	104
477.76	801
-761.97	64
-559.878	143
-703.094	90
-586.782	154
-647.847	106
-602.899	162
-599.819	150
-602.226	120
-651.904	95
-791.042	63
-574.425	117
-321.751	199
-640.724	123
-606.581	143
-712.131	92
-667.026	112
-515.9	166
-534.414	139
-508.76	152
530.447	801
401.221	801
-555.657	125
-505.057	154
-587.481	140
-773.222	83
-669.011	121
-652.626	95
-572.018	135
-324.009	237
-631.589	110
-794.154	78
-698.573	96
-725.966	82
-703.509	90
-720.143	100
-633.235	128
-666.219	115
-730.847	86
-529.426	155
-662.178	106
-560.418	126
-570.408	145
-622.168	117
-719.727	96
-595.522	125
-779.02	100
-772.512	91
-385.245	177
-584.036	118
-624.328	111
-601.558	135
-601.283	123
-484.097	182
-551.415	131
-811.562	67
-601.504	124
-672.795	117
-695.852	107
-676.876	103
-661.2	109
-695.846	84
-671.742	98
-619.308	144
-581.901	130
-710.966	84
-695.226	119
-672.039	116
-767.487	73
-678.345	101
-628.849	128
-651.709	109
-558.907	101
-663.479	114
-752.761	81
-604.102	113
-644.129	111
-653.956	118
-538.217	137
-751.422	68
-575.037	145
-569.059	128
-671.364	99
-643.024	105
-682.869	122
-625.48	125
-535.386	154
-567.909	143
-701.988	105
-682.979	114
-634.692	140
-801.853	53
-600.25	128
-641.733	111
-856.716	38
-624.236	107
-695.434	114
469.994	801
-574.225	122
-586.103	130
-626.08	108
-570.581	135
-548.785	132
-660.023	115
-709.07	98
-535.751	136
-610.153	108
-638.364	119
-759.014	69
-522.071	188
-613.163	117
387.694	801
-614.207	144
-803.086	72
498.523	801
-596.269	132
-540.421	191
-679.274	92
-635.55	133
-513.856	190
-565.504	149
-671.463	112
-727.152	76
-539.69	155
-669.243	106
-616.419	109
-385.949	203
-637.401	104
-582.622	156
-823.611	63
-558.516	163
-504.489	148
-750.449	78
427.507	801
-656.38	120
-739.554	91
-740.16	71
-641.403	128
-697.765	107
-611.655	127
-709.595	94
-517.625	161
-663.684	134
-611.355	128
-586.31	128
-698.747	109
-602.846	111
-508.058	154
-481.764	168
-665.929	142
-656.148	95
-662.291	120
-736.99	94
-399.845	236
-530.517	140
-705.026	81
-617.572	123
-719.135	104
-755.605	84
-632.445	98
-728.801	84
-461.829	160
-537.435	159
-634.713	111
-627.757	107
-636.596	127
-277.235	238
-614.236	120
-680.535	111
-642.504	109
-557.329	129
-587.347	133
-590.307	132
-498.258	160
-671.514	121
-617.334	123
-689.276	110
-579.715	124
-569.954	153
-520.493	139
-512.855	146
-407.972	137
-589.13	156
-575.121	126
-679.401	109
-598.185	146
-603.348	127
-702.222	103
-650.025	104
-646.751	111
-676.815	108
-505.207	149
-541.7	142
-600.458	153
-690.059	104
-609.874	118
-677.924	134
-630.939	120
-619.992	124
-288.428	190
-544.733	168
-501.253	174
-672.551	117
-560.282	133
-823.864	76
-724.648	92
-654.239	101
-543.062	154
-708.659	91
-485.975	187
-754.642	77
498.532	801
-817.133	66
-616.41	115
-693.419	107
-514.246	169
-303.664	230
-695.997	108
772.429	801
-646.152	103
-535.203	164
-763.16	88
-548.396	135
-811.902	62
-753.41	78
-404.088	179
827.282	801
-703.14	88
-635.068	122
-636.987	119
-634.624	106
-566.934	159
-684.183	107
-618.434	118
-444.498	186
505.069	801
-667.447	113
-469.277	180
-751.077	85
469.735	801
-584.377	145
-599.802	119
-707.949	83
-585.641	137
-645.892	141
-686.816	107
-425.731	204
-659.657	104
566.684	801
-516.097	169
422.497	801
-808.351	110
-562.173	146
-710.7	96
-642.941	108
-614.375	123
-705.731	120
-451.177	180
-519.734	156
-587.884	121
-486.877	142
-146.663	274
-639.39	130
-612.532	141
-692.029	107
-708.321	78
-742.846	98
-545.058	147
-583.924	137
-678.912	95
-665.85	120
-567.673	128
-641.726	102
-785.483	64
-765.327	108
-641.507	114
-758.021	68
-588.2	160
444.587	801
-648.463	99
-639.019	130
-471.336	205
-706.239	84
-782.243	80
-670.315	89
-470.092	156
-709.529	119
-645.255	129
-756.538	95
-612.957	113
-568.206	153
-729.041	106
-689.021	91
-684.025	115
-290.212	292
-671.163	91
-622.721	134
-526.293	142
-725.959	86
-605.241	123
-593.009	143
-697.407	91
-723.434	91
-454.4	200
-805.852	80
-414.299	170
-527.547	126
-656.823	101
-727.207	92
-669.438	127
-451.882	174
-615.898	118
-677.497	125
-649.173	133
-696.843	99
-786.409	61
661.799	801
-700.928	90
-804.495	64
1137.87	801
-470.416	181
-643.637	112
-735.815	84
-634.554	117
-712.839	93
-577.072	136
-592.054	143
-643.796	156
-854.265	44
-820.865	78
-572.089	128
-222.186	243
-676.347	110
-597.026	121
-684.002	94
-684.178	98
-720.62	77
-721.089	83
-480.276	156
-681.221	114
-706.948	124
-680.224	101
-618.95	113
-692.033	127
-492.293	172
-607.172	155
-331.784	255
-761.981	79
-669.836	109
-684.784	87
-711.002	136
-718.947	97
-567.412	130
-636.12	125
-633.949	150
-673.013	128
-662.673	116
-591.558	141
-627.879	130
-259.157	237
-695.336	95
-689.048	109
-694.602	111
-774.66	79
-588.993	122
-516.272	163
-564.949	132
379.794	801
-756.282	68
-759.872	65
425.204	801
-352.341	205
-588.012	127
-652.641	102
-647.131	130
668.474	801
-489.024	147
-568.067	130
-724.308	108
-610.676	131
-605.116	147
-580.24	125
-686.422	126
-508.659	151
-777.858	86
-608.764	126
-672.886	101
-613.934	116
-740.654	89
-688.431	104
-594.691	133
-655.851	119
-782.816	59
-577.383	140
-511.91	150
-735.975	88
-510.773	156
-772.072	64
-514.622	173
-701.33	81
-545.848	142
-673.186	124
-626.005	107
585.815	801
302.486	801
-694.656	119
-385.264	178
-717.589	82
-600.994	160
-535.967	183
-526.223	174
-520.895	169
-555.18	125
-618.034	165
-248.405	605
-535.487	148
-681.356	95
-599.759	156
-546.18	154
-724.436	104
-669.394	151
-568.55	132
-710.142	85
-671.788	101
-641.884	114
-785.413	92
-609.181	141
-665.864	118
-779.952	83
-597.314	137
-782.796	82
-293.082	224
-639.869	121
-543.012	163
302.118	801
-644.26	114
-754.217	90
-565.979	126
-682.483	109
-343.671	190
-493.314	147
-589.341	180
-592.89	114
-628.098	138
-624.218	110
-565.599	136
-680.998	86
-718.794	78
-641.937	129
-747.379	84
-580.413	155
-506.228	168
-652.322	119
-659.991	116
-707.55	129
-695.397	93
-595.078	149
-556.597	135
-617.432	150
-784.806	60
-658.353	102
-500.333	141
-638.579	117
-648.219	111
-676.956	97
-681.043	108
-692.337	94
-697.928	109
-623.434	138
-777.823	58
-760.61	66
-652.301	127
-637.389	138
-664.53	111
-511.455	202
-681.522	101
-454.043	158
-599.708	132
-565.634	127
434.319	801
-697.373	95
-514.57	156
-694.236	90
-741.866	90
-695.292	116
-598.405	127
-709.878	115
-506.975	145
-712.293	95
-709.952	89
-713.881	118
-528.156	168
-657.404	117
-714.028	111
-630.892	158
-492.171	185
-687.671	96
-611.999	124
-596.008	142
-595.651	147
402.161	801
-688.396	98
-622.375	119
-673.983	122
-698.538	99
-677.207	91
-642.882	126
-589.42	125
-707.868	101
-591.82	138
-650.326	102
-735	85
-512.713	146
-334.547	207
-682.843	103
-747.843	75
-582.979	135
787.056	801
-603.167	148
-587.941	172
-651.761	114
-740.805	76
-798.459	54
-643.895	104
-574.677	126
-833.233	55
-728.655	97
-626.355	121
-648.639	109
-799.515	73
-581.826	137
-628.748	125
-487.475	175
-687.073	125
-725.032	89
-567.002	129
-625.262	122
-689.074	96
-768.452	85
-622.139	130
-698.152	86
-541.145	140
-661.677	117
-577.648	130
-651.839	146
-722.448	82
-770.857	75
-715.264	99
-621.466	129
-457.431	157
-811.922	77
-604.318	118
-628.192	110
-578.475	131
5.7816	301
-565.085	137
-445.47	137
-590.209	135
-563.591	133
-602.072	125
-768.522	62
-581.746	122
-718.197	90
-644.081	106
431.368	801
-616.073	106
-646.428	128
-584.844	155
-690.072	89
-457.991	155
-683.501	98
-678.967	91
-687.922	109
-649.95	107
-809.221	51
-514.687	164
-629.386	115
-663.561	123
-712.732	81
435.474	801
-674.89	89
507.794	801
-603.115	134
-677.344	99
-586.967	127
-631.729	314
-643.639	113
-548.919	158
-766.331	90
-597.565	148
-576.921	126
-549.265	155
-654.105	109
-567.65	144
-753.583	88
-759.034	164
-672.621	116
-562.753	171
-553.554	150
-626.307	126
266.03	801
-623.586	109
-630.566	129
-583.949	129
-551.718	141
-536.479	136
-412.721	179
-717.501	107
-538.041	147
-628.525	133
-484.689	164
-621.797	111
-697.837	94
488.956	801
-637.91	135
-567.554	132
-614.382	109
-584.787	122
-668.61	122
632.556	801
-596.28	124
-630.328	141
-520.519	173
-491.998	152
524.367	801
-616.488	156
-648.567	139
-555.617	161
-558.002	154
-708.366	79
-706.914	90
-488.332	152
-622.725	81
393.531	801
-616.249	124
279.889	801
-542.149	157
-669.061	110
-685.364	91
-627.773	110
-538.343	148
-769.254	102
-610.819	115
356.675	801
-600.269	128
-588.955	132
-397.107	171
-624.408	111
-615.29	145
-667.485	97
-419.719	181
-682.663	124
-610.891	125
-459.08	174
-450.07	188
-635.611	125
-703.234	119
545.663	801
-607.126	123
-643.429	97
-604.89	122
-578.378	120
-617.554	120
-751.548	89
-475.894	381
-660.034	103
-618.44	134
-714.365	82
-548.205	167
-671.545	108
-568.587	155
-602.01	148
-796.323	55
-698.035	92
-655.336	123
-594.151	156
-631.626	113
-657.795	96
-627.161	114
-672.78	92
-762.74	66
-398.972	172
-565.535	147
-607.235	125
-733.595	93
-519.245	203
-667.377	108
-495.156	160
-682.501	89
-346.022	249
-691.199	104
-505.852	144
417.345	801
-632.527	134
-627.856	102
-630.621	131
-764.439	71
-535.122	158
-682.113	110
-678.198	112
184.81	367
-740.938	83
-548.438	124
-418.392	170
-679.306	93
-656.349	103
-603.071	111
-539.83	137
-543.685	166
947.197	801
-579.442	116
-598.477	161
-654.597	121
-529.997	147
-599.415	130
-661.822	103
-544.164	169
-443.773	170
-658.301	147
-589.648	128
-640.19	127
-732.525	97
-568.775	141
-584.464	153
-481.973	191
-663.689	103
-690.916	108
-452.679	182
-669.386	121
-758.2	82
-659.772	120
-556.61	145
-619.114	142
-626.937	120
-584.273	125
-652.705	122
-541.759	150
-663.218	93
-631.478	120
-556.387	158
1020.58	801
-668.625	96
-623.61	130
-468.391	190
-741.616	82
-579.004	607
-704.975	89
-540.403	149
-434.625	185
-650.536	103
-749.139	73
-592.522	133
-614.802	129
-712.227	106
-618.972	133
-561.673	137
-497.114	190
-634.234	129
-611.629	122
-516.175	160
-453.165	185
502.894	801
-523.539	153
-640.531	121
-661.971	137
-439.672	143
-868.392	37
-715.1	82
-517.449	167
-676.452	149
-575.719	162
-571.37	139
-596.216	119
-638.804	104
-639.81	130
-604.183	153
-555.021	147
-617.784	121
-658.512	107
-597.57	130
-680.655	88
-626.027	105
-771.932	75
-645.785	129
-680.596	119
-768.076	87
-652.935	94
-594.832	124
-641.774	95
-312.292	244
-668.725	97
-353.078	221
-576.715	140
-708.594	88
486.253	801
-451.827	182
-609.299	118
-669.537	91
-621.989	138
-730.151	97
-587.504	125
-732.932	85
-629.383	153
-466.584	197
-702.957	102
293.378	801
-596.687	120
-545.076	136
-583.802	124
-605.487	127
-782.93	78
-673.752	101
-625.672	107
-700.95	108
-757.18	79
985.874	801
-550.143	186
-711.962	76
-598.221	132
-636.913	114
-609.887	110
-690.146	113
-692.039	97
-765.342	68
-745.559	75
-578.19	165
-750.085	83
-569.709	153
-602.196	116
-645.19	108
-699.98	88
-501.212	139
-574.641	123
-695.644	103
-609.787	127
-621.401	121
-575.866	135
-683.611	93
-633.237	119
-564.512	124
-557.907	148
-537.753	162
-751.587	71
-556.025	125
-603.101	151
-566.143	140
-607.029	139
-408.635	172
-601.818	129
-577.822	148
-734.266	81
-499.359	156
-565.344	172
506.643	801
-461.747	158
-624.05	114
-556.137	164
-571.034	150
-609.506	127
-569.009	142
-591.896	158
-695.782	95
-602.79	103
-768.683	84
-602.988	161
-535.403	142
-606.448	151
-523.415	369
-588.723	139
-519.258	141
-682.68	102
-651.739	113
-704.057	113
-686.179	103
-465.433	190
-607.936	132
574.401	801
-740.53	84
-539.959	142
-636.818	173
-686.869	93
-567.785	149
-681.592	95
-644.988	109
-651.922	117
-551.731	131
-618.448	157
-765.999	73
-535.327	133
-511.192	135
-628.646	121
-573.961	126
-767.332	60
-728.791	111
-650.446	103
-657.445	134
-763.562	79
-751.427	70
-712.448	116
-573.302	117
-692.345	120
-623.886	148
-526.594	140
-585.327	161
-475.098	209
-814.693	50
-755.213	80
-604.086	118
-616.556	161
-664.578	111
-584.039	130
-720.431	86
-441.946	168
-476.223	151
-562.687	125
-596.986	108
-608.452	109
-707.385	90
-511.78	151
-506.748	176
-381.33	192
-644.816	122
-554.397	125
-659.464	129
-658.439	101
-610	136
-484.489	219
-644.952	117
-788.153	63
-725.565	82
-777.197	76
-567.62	157
-642.138	109
-669.746	104
-687.195	115
-640.517	107
-700.673	116
-216.544	329
-648.183	113
-496.013	136
-568.05	133
-620.406	121
-586.604	124
-435.592	193
-583.922	117
-685.091	125
-720.786	87
-626.495	118
-647.386	112
-694.579	102
-550.849	132
-475.971	190
-564.414	134
-563.632	143
-585.045	119
-576.712	134
-537.75	186
-556.767	140
-747.674	78
-549.85	195
-813.528	72
-657.954	106
-548.592	134
-575.928	144
-400.833	204
-694.857	114
-612.994	123
-622.241	123
-702.194	102
-618.976	115
-605.18	432
-656.248	132
-627.704	148
-544.339	148
-636.76	104
-643.653	117
-534.053	172
-717.892	83
-640.16	107
-804.791	52
-613.759	116
515.206	801
-503.051	166
-648.057	145
-491.266	153
-625.427	120
-663.878	125
-750.448	74
-680.407	111
-541.86	152
-648.538	115
-362.684	219
-628.338	115
-698.266	94
-638.876	107
-612.819	152
-824.624	46
-581.362	137
-602.131	117
-538.101	141
1154.65	801
395.806	801
-629.266	132
-397.62	201
-649.883	132
-702.858	102
-566.522	153
-418.192	173
-538.353	138
-455.888	145
-583.786	132
-589.14	125
-618.513	139
-531.358	155
616.836	801
-657.486	128
-530.238	136
-585.845	153
-596.125	125
-509.462	147
-612.336	115
-608.54	138
-705.942	85
-641.894	121
-671.196	91
-752.986	63
-831.441	62
-503.365	145
-649.432	121
-526.09	144
-711.017	97
-618.396	115
-624.725	130
-635.113	104
-598.933	133
-614.757	153
-537.186	177
-763.262	66
-669.292	92
-796.573	60
-597.944	144
-636.416	134
-655.272	114
-693.853	105
-732.687	73
-591.817	139
-270.505	234
-657.587	102
-743.072	68
-619.611	126
-557.16	146
259.328	801
-813.019	53
-573.838	138
-559.559	133
-696.343	118
-503.941	184
-651.509	120
571.595	801
-634.582	131
-593.867	170
-530.556	134
-752.281	81
-609.762	126
-775.754	75
-631.596	114
-678.135	133
-660.359	126
-659.822	109
-706.046	103
-729.386	83
-544.476	155
-667.166	88
-560.611	195
-698.044	87
-688.434	129
-537.411	129
-656.698	99
-661.98	109
-460.801	196
-620.69	122
-699.43	92
-710.555	86
-607.52	142
400.146	801
813.966	801
-609.532	113
-632.736	115
-467.743	166
-597.191	130
-669.689	128
-592.187	149
-630.332	116
-673.04	115
-619.155	113
-748.568	75
-671.387	119
-501.366	167
-589.235	113
-602.857	114
-566.295	121
-651.264	105
-781.166	63
-516.361	159
-766.95	63
-676.257	106
-624.22	146
1421.4	801
-639.955	103
733.144	801
-626.95	115
-600.481	140
-626.267	122
-667.906	92
-585.541	129
-654.479	127
-516.053	176
-383.474	211
-755.498	71
-440.14	190
-606.933	127
419.376	801
-481.077	175
-670.811	97
-432.073	172
-603.659	117
765.543	801
-594.309	119
-817.288	47
-603.619	120
-448.938	184
-549.459	149
-691.271	91
763.062	801
-761.835	93
-556.971	164
-607.649	140
-717.042	97
-526.816	137
-614.838	132
-595.937	123
-527.19	145
-599.612	127
-746.695	74
-758.809	85
-544.077	134
-617.405	132
-674.562	112
-572.617	127
-588.403	146
-533.343	164
-714.395	108
-676.815	96
-623.371	126
-580.903	159
-547.955	155
-572.726	148
-553.681	123
-483.488	188
-559.035	150
-585.44	126
-600.964	123
-545.634	531
-792.841	90
-504.815	182
-707.156	84
-641.943	118
-638.345	114
-719.339	100
-641.687	118
-567.756	136
-614.668	112
-787.688	64
-657.174	119
-570.362	137
-608.879	140
-632.417	110
-684.029	88
-594.686	141
-463.907	166
-574.369	156
-570.573	131
-721.349	85
-668.962	107
-632.924	111
-523.931	169
-503.502	147
-685.503	104
-617.13	109
1023.08	801
-698.227	94
-701.688	98
-656.059	116
-640.023	108
-657.132	114
-634.907	138
-623.077	151
-606.506	137
-407.415	199
-715.399	95
-581.429	139
-452.115	140
-658.261	96
-770.894	63
-570.287	121
-584.395	130
-782.266	61
-715.26	84
927.275	801
-662.403	107
-630.901	124
-673.125	118
-539.262	152
-566.059	129
-683.628	94
-533.571	160
-690.624	89
-711.079	96
-776.042	76
-602.08	137
-683.993	111
-501.503	147
-587.872	124
-410.967	181
-479.813	163
-601.939	119
-683.123	94
-783.568	77
-692.209	95
-574.955	142
-712.869	78
-709.428	93
-623.141	110
-608.196	118
-668.148	105
-464.667	170
574.297	801
-685.381	90
-733.877	103
-704.623	113
-708.766	104
-513.839	182
-627.639	84
-570.983	143
-660.606	109
-598.675	136
-637.15	103
-719.7	83
-588.1	139
-626.864	142
-793.818	62
-671.36	108
-670.39	142
-601.304	128
-788.294	62
-683.523	113
-607.016	127
-667.602	107
-707.408	99
-553.21	148
-747.082	85
-396.307	189
-580.596	139
-606.031	149
-725.03	79
-638.339	128
-666.237	103
-649.552	131
-622.138	111
-610.557	123
-660.092	108
-578.39	122
-651.796	111
-685.479	103
-615.092	111
-694.402	111
-602.797	116
590.448	801
25.9907	287
-570.606	181
-745.859	89
-659.661	115
-635.793	114
-727.372	83
-631.959	117
-496.527	168
-664.8	101
-657.13	104
-721.774	81
-640.156	126
-692.315	90
-686.494	106
-617.836	125
-621.813	113
-550.73	159
-652.858	113
-567.416	160
-705.055	109
-696.899	94
-637.681	126
-666.591	116
-687.782	98
-615.603	122
-669.488	97
-602.847	140
-531.537	158
-764.169	70
-462.487	178
-560.767	145
865.004	801
-464.477	184
-640.832	147
-637.693	117
-643.247	130
-731.021	98
-697.544	107
478.788	801
-535.683	133
-650.769	130
-421.991	159
-630.436	153
-563.814	131
-435.383	147
-758.091	81
-796.703	69
-681.54	98
-727.078	76
-786.838	97
-808.458	53
-521.934	145
-688.152	109
-682.617	131
-651.922	100
-653.067	109
-497.553	167
-835.39	81
-656.086	111
-523.949	146
1047.7	801
-794.463	74
-817.275	63
-364.684	181
-475.567	192
-721.165	87
-596.251	124
308.337	801
-693.972	108
-554.457	171
-764.713	67
469.868	801
-686.008	92
-582.651	123
-570.501	150
-630.76	105
-727.087	90
-852.464	43
-535.394	134
-705.264	109
-828.772	66
-616.244	114
-791.14	71
-637.939	136
-637.685	113
-665.512	109
-690.077	98
-538.738	168
-651.257	101
-594.778	123
-793.878	77
-700.939	128
-642.649	118
-630.518	109
-656.05	118
-805.246	66
-792.037	57
-650.995	121
-732.08	78
-635.078	113
-686.918	96
-601.846	139
-461.507	200
-259.381	195
-450.227	171
-550.879	127
-603.222	115
-684.335	96
-724.931	96
-726.893	77
-733.177	80
-669.135	119
-664.978	97
-701.387	113
-725.743	79
-584.83	135
-605.65	112
-723.446	86
-629.866	132
-542.61	140
-590.167	126
-258.042	202
-632.873	108
-701.885	107
-731.146	81
-410.784	180
-772.646	74
-496.497	147
-500.434	170
-670.731	110
-603.659	137
-673.169	96
-647.246	107
-539.912	147
-393.692	219
-663.983	111
-609.016	110
-490.775	162
-672.015	110
-588.894	128
-661.112	114
-575.293	129
-389.373	228
-654.647	123
-754.624	100
-742.633	106
-655.522	113
-746.043	86
520.735	801
-771.538	77
-658.779	103
-722.236	89
-736.624	86
-558.955	132
-567.319	136
-651.986	125
-493.192	175
-642.928	137
-644.799	99
-650.403	146
-625.612	131
804.69	801
-545.004	145
-370.004	202
-660.084	104
-780.495	82
-594.59	134
-727.258	112
-547.829	144
-588.379	143
-667.11	107
-839.581	65
-594.973	123
-669.526	96
-751.05	96
-552.123	140
-742.831	86
-423.879	189
-662.162	95
-589.724	136
-606.145	128
-760.042	82
430.899	801
-612.874	114
-702.174	91
-427.935	172
-673.157	108
-416.86	196
-684.038	100
-600.109	115
-722.627	120
-609.597	153
-529.459	168
-655.555	99
-681.869	130
-558.378	148
-581.854	143
-586.296	150
-601.211	124
-556.017	169
-606.179	144
-668.732	114
-524.295	151
-680.65	95
-607.811	132
-702.26	104
-606.154	120
-677.482	101
-681.18	115
257.757	801
-667.108	118
-650.164	138
-682.499	111
-594.041	117
-632.462	132
-627.505	123
-440.714	168
-649.253	128
-739.192	89
-763.751	65
-688.16	97
-528.547	142
-568.315	136
-734.289	87
-580.128	143
-524.957	139
-338.448	187
-675.335	94
-515.144	152
-634.089	109
-699.836	96
-500.334	160
-618.735	102
-716.008	117
-679.653	95
-721.847	101
-509.602	177
-683.435	137
-419.73	191
-650.647	105
-393.992	180
-717.292	81
-699.801	121
-683.447	91
-368.916	204
-523.792	151
-689.165	82
-540	145
-660.065	109
-634.263	110
-681.585	107
600.497	801
-720.168	84
-749.588	108
519.832	801
-753.87	110
-720.536	93
-549.818	140
-665.054	119
-714.384	101
-456.719	158
-617.521	136
-635.741	130
-465.606	169
-716.311	91
-604.169	151
-530.521	153
-463.89	196
-665.187	92
-702.334	105
-590.439	154
-739.382	104
-483.313	175
-752.216	96
-525.56	136
-544.986	178
-721.613	94
-674.719	133
-671.365	94
-774.106	75
-657.073	102
-718.865	91
-459.5	184
752.906	801
-722.72	107
-567.036	141
-676.795	112
-638.093	101
-630.874	152
-632.728	103
-706.634	102
-752.997	78
-567.401	129
-737.368	90
-726.054	76
-736.353	85
-698.68	97
-500.339	172
-690.128	109
-643.251	106
-423.985	193
-730.252	101
-709.018	93
-740.917	91
-421.367	186
-514.671	152
465.01	801
-607.646	126
-658.702	102
-789.567	57
-639.373	108
-640.328	117
-555.739	126
-606.438	108
-520.391	166
-640.678	107
-511.075	164
-581.075	114
-717.926	101
-621.724	104
-667.074	113
-461.391	184
-750.905	85
-561.505	148
-688.062	92
-698.742	121
-645.526	113
-511.101	149
-601.172	105
-793.009	75
-597.542	130
-631.188	144
-691.1	112
-712.643	102
-536.783	150
-648.722	130
-786.012	71
-575.613	124
-567.949	157
-546.833	157
-712.374	95
-503.227	156
-543.577	134
-438.006	188
-576.573	121
-765.945	84
-602.862	131
-684.935	114
-314.45	236
-684.294	114
-559.577	137
-754.97	83
-685.563	110
-684.255	96
-584.578	121
-682.697	102
-752.493	86
-589.914	132
-612.081	116
-661.435	121
435.964	801
-482.134	194
-637.348	99
-750.666	93
-725.862	92
-566.606	143
-638.221	133
-520.844	150
-654.348	128
-430.107	181
-720.962	112
-849.971	50
-511.425	149
-570.856	152
-650.429	113
-755.825	80
-695.938	92
-551.792	169
-185.215	230
-636.372	170
-591.056	132
-217.391	268
-698.578	112
-568.589	130
-611.532	107
-529.207	139
-651.239	117
-680.488	91
-713.953	105
-599.223	150
-638.623	98
-568.371	141
-572.274	142
-628.74	129
-709.346	96
-795.468	81
-392.488	170
-586.867	135
-536.555	148
-493.008	156
-644.967	117
-586.678	176
-541.827	133
-494.3	153
-629.952	111
-726.808	102
-391.23	218
-633.028	139
-555.467	141
-763.413	97
-685.216	127
-554.851	147
-635.334	103
-564.95	133
-541.809	143
-558.871	164
-767.837	84
747.184	801
-667.509	108
-809.099	58
-639.89	105
-420.527	224
-519.294	170
-653.773	131
-744.418	87
-598.194	151
-408.061	220
-663.385	103
-792.395	67
-400.179	184
-712.295	87
-728.679	86
-577.188	131
-381.143	255
-701.068	96
-667.145	152
-716.197	98
-576.082	148
-812.447	159
-601.719	117
-609.844	139
-687.527	88
-697.799	130
-646.242	103
-661.318	109
-709.65	90
-768.918	69
-627.558	113
-557.842	175
-780.124	86
-555.471	180
-582.961	127
-766.034	66
-544.835	170
-580.595	148
-478.22	120
-659.774	104
-656.741	114
670.041	801
-656.524	119
-607.498	119
-529.046	166
-599.362	120
-756.93	95
-583.574	146
-576.302	153
-657.485	144
-586.459	131
-577.185	136
-672.528	103
-700.058	115
-790.507	86
-579.565	141
-852.605	46
-448.62	172
-732.785	85
-727.566	85
-637.849	104
-732.032	102
-695.021	91
-696.513	123
-684.064	90
-489.709	402
-569.471	162
-542.957	141
-696.9	106
-698.143	89
-815.408	76
-700.24	101
-521.451	175
-645.586	111
-609.014	124
-719.749	115
-681.758	103
-483.682	150
-641.267	122
-796.69	96
-531.669	136
-529.273	150
-433.459	183
-724.368	101
-623.402	115
-500.716	158
-529.382	151
-710.854	92
-657.474	101
-594.853	141
-831.072	48
-605.898	126
-730.668	93
-609.473	150
-464.721	181
-681.125	102
-625.584	119
-753.062	114
-779.124	84
-508.004	172
-675.016	129
-533.2	149
-584.258	126
-722.356	98
-735.153	101
-819.71	70
-550.725	172
-784.409	68
-630.84	109
-669.531	98
-704.318	110
-559.331	142
-588.271	128
-741.923	78
-772.311	85
-782.357	80
582.094	801
-491.08	162
-534.448	156
-633.824	112
-702.065	117
-709.979	77
-847.563	63
-762.857	88
-643.154	113
-675.747	101
-559.725	147
-641.485	104
-451.223	204
-680.784	116
-686.743	88
-645.507	106
-821.262	75
-482.393	161
-503.85	156
-615.328	140
-868.375	57
-779.349	68
-740.123	76
-679.167	91
-751.762	93
-688.546	99
-561.205	135
-729.209	80
-806.796	69
-678.46	133
-740.404	93
-673.661	100
-695.676	101
-778.687	74
-702.032	88
-568.236	142
-555.579	140
-727.218	93
-533.004	138
569.483	801
-697.264	118
-675.605	92
-569.311	139
-615.206	134
-491.474	190
-544.974	164
-661.775	102
-739.041	99
-598.674	133
-683.236	101
-709.2	84
-722.081	85
-579.847	136
-712.538	94
-615.907	112
-433.314	184
-693.704	103
-565.969	176
-437.502	187
-755.76	87
-657.996	109
-656.974	124
-736.477	96
-569.056	128
-541.722	144
-678.117	130
-278.473	255
-548.381	138
-445.285	175
-681.528	107
-733.296	87
-783.432	80
-545.049	152
-637.06	141
-600.268	131
390.177	801
-565.929	133
-566.598	163
-689.6	133
-416.141	229
-681.564	95
-759.736	115
-806.238	62
-753.532	75
-586.055	155
-306.943	212
-388.427	171
-609.499	127
-575.339	127
-771.455	115
-286.862	234
-751.619	69
-584.419	155
-530.497	164
-601.525	146
-717.869	103
-521.563	171
-763.18	82
-682.053	106
-562.995	139
-796.627	82
-757.766	74
-697.389	90
-547.576	147
-773.716	80
-521.161	198
-209.174	299
-660.799	106
-490.945	161
-830.093	76
-722.906	114
-562.437	160
-715.285	99
-457.386	168
359.294	801
-498.651	185
-793.69	70
-491.897	164
-576.749	131
-826.71	59
-692.46	89
-449.495	182
-522.375	133
-703.489	92
-798.267	84
-756.491	93
-472.661	181
-444.37	157
-737.393	90
-800.919	74
-639.309	112
-634.381	103
-647.222	105
-204.102	265
-741.191	88
-527.989	162
-665.047	113
-571.552	133
-772.308	78
-501.716	140
-769.644	84
-734.992	92
-575.121	134
-746.762	90
-668.738	96
-694.791	100
-765.393	79
-653.016	114
-674.23	92
-719.232	90
-745.841	76
-556.885	119
-694.056	96
-632.362	136
-678.262	98
-643.124	122
-787.956	80
-627.031	131
-694.93	104
-415.979	171
-525.265	144
-630.339	113
-643.796	107
-685.908	108
-580.18	164
-647.481	130
-653.771	106
-609.44	116
-753.367	72
-810.95	73
-500.085	149
-634.294	161
-652.664	138
-688.923	141
-628.728	123
-680.041	94
-658.159	122
-679.401	92
-671.185	137
-528.212	153
-716.384	110
-666.813	98
-831.747	58
-793.177	72
-779.43	74
-434.9	192
-635.014	111
-676.873	105
-800.767	55
-540.605	142
-658.111	127
-777.684	88
-767.048	71
-545.359	139
-734.606	88
-497.352	225
-392.339	182
-575	126
-696.403	98
-351.544	200
-520.609	177
-688.948	88
-702.251	93
-548.551	172
-538.335	157
-534.436	128
-823.703	62
-648.206	142
-597.545	118
-557.425	149
-595.32	123
-623.283	164
-603.492	142
-665.029	99
-680.538	102
-749.664	84
-764.107	72
-623.878	132
-647.946	131
-620.307	126
-649.947	100
588.938	801
-661.021	100
-789.293	93
-576.009	160
-806.504	88
-666.751	109
-773.791	78
-577.629	115
-412.735	201
-377.142	174
-649.792	136
-709.192	104
-708.568	96
-734.02	81
-494.958	166
-325.126	247
-734.123	117
-595.073	133
-660.862	125
-564.646	128
-372.686	171
-761.213	103
-794.139	74
-743.575	92
-477.033	166
-619	115
-615.352	129
-574.403	181
-607.925	147
-822.443	62
-660.846	102
-401.329	204
-763.822	84
-726.92	131
-696.15	108
-630.265	118
-720.441	86
-670.073	123
-638.517	122
-654.029	101
-657.886	112
-661.013	133
-670.987	98
-843.466	56
-661.485	111
-568.473	141
-732.388	90
-610.308	134
-764.653	75
-458.255	177
-691.024	97
-447.534	180
-550.858	148
-451.106	185
-537.028	196
-780.173	72
-672.721	123
-517.436	190
-624.547	156
-730.922	99
-624.739	108
-641.941	111
-797.648	64
-679.964	101
-505.799	160
-445.323	180
-540.65	149
-804.3	62
-609.981	124
-631.405	120
-742.225	89
-615.59	121
-514.045	148
-751.616	81
-643.615	125
-696.709	103
-803.033	64
-750.529	82
-496.751	152
-463.029	163
-782.45	101
-707.586	97
-609.143	126
-569.315	126
-727.132	85
-606.719	136
-497.092	145
-702.606	87
-728.917	91
-681.557	127
-805.806	69
-696.836	106
-510.575	147
-867.435	55
-425.431	201
-492.9	162
-748.115	76
-700.903	100
-619.507	127
-762.682	84
-596.673	113
-717.847	93
-772.155	111
-713.36	104
-705.736	89
-701.997	90
-472.171	165
-651.812	97
-721.203	122
-832.814	59
-639.144	132
-656.89	129
-805.62	80
-703.411	87
-609.697	115
-501.963	166
-583.722	121
-774.039	72
-730.697	126
-620.379	128
-782.902	84
-529.958	132
-509.665	167
-229.009	251
-861.414	78
-660.967	98
-701.55	108
-776.481	109
-710.181	110
-688.976	94
-821.267	68
-668.618	93
-661.474	101
-562.652	127
-726.855	89
-531.179	167
-712.189	85
-615.978	131
-463.056	191
-657.731	117
-626.719	114
-780.486	74
-689.644	108
-549	155
-773.425	81
-760.359	79
-525.025	162
-581.347	144
-662.017	113
-599.542	140
-587.211	125
-694.538	92
-633.296	113
-699.195	113
-675.376	100
-515.202	161
-535.869	167
-717.724	86
-804.266	87
-535.097	139
-690.804	129
-815.311	68
-762.642	113
-769.751	79
-622.217	125
-676.585	108
-529.865	157
-721.263	94
-643.115	116
-596.508	132
-684.433	95
-827.19	66
-508.755	159
-783.536	85
-704.474	114
-570.052	146
-693.4	96
-780.33	82
-856.489	57
-817.711	79
-665.807	96
-641.589	105
-614.961	160
-653.518	125
-538.668	129
-608.488	108
-682.827	94
-753.868	82
-457.226	177
-607.309	119
-531.741	137
-742.887	89
-641.634	121
-482.67	150
-551.309	135
-621.343	112
1046.39	801
799.482	801
-654.818	137
-660.146	136
-515.017	141
-725.605	107
-731.013	109
-663.247	109
-746.418	82
-830.314	71
-605.397	122
-753.185	99
-831.807	83
-624.783	136
-666.917	104
-737.541	76
-541.009	176
-739.002	107
-586.461	178
-762.076	83
-694.282	124
-714.566	94
-637.021	142
-746.955	76
-768.594	69
-788.824	78
-469.388	182
-750.456	104
-562.861	141
-597.615	124
-685.112	97
-671.973	102
404.332	801
-544.738	166
-595.81	118
-692.062	89
-695.038	99
-698.324	98
-782.656	62
-784.53	94
-575.652	171
-785.119	79
-869.036	55
-512.026	145
-547.849	142
-836.435	64
-706	102
-526.498	150
-681.831	132
-814.92	72
-828.299	75
-475.694	160
-503.388	145
-538.985	141
-830.862	60
-826.896	63
-761.514	116
-608.802	129
-346.725	204
-675.198	149
-624.849	121
-740.961	82
-832.886	94
-590.336	155
-663.853	124
-384.409	200
-528.31	163
-655.1	112
-745.231	95
-881.137	54
-637.716	106
-580.109	123
-416.238	185
-618.933	119
-601.919	110
-742.738	82
-767.829	85
-550.465	147
-755.316	90
-524.984	150
-702.576	84
-464.33	168
-585.846	122
-534.694	146
-658.218	115
-642.422	104
-768.353	75
615.392	801
-495.831	170
-685.921	100
-679.789	112
-681.848	92
-717.124	82
-647.874	142
-662.72	122
-780.608	100
-727.368	83
-681.71	117
-683.657	109
-711.933	120
-768.271	105
-676.373	138
-443.088	174
-726.42	83
-599.131	123
-768.499	90
-627.068	140
-537.814	156
-773.396	98
-568.731	133
-385.349	200
-746.2	93
-716.527	89
-647.855	104
-575.054	143
-548.962	161
-424.144	250
-477.01	173
-614.575	159
-551.618	134
-695.043	104
-648.214	112
-706.49	82
-786.522	70
-656.49	109
-674.691	119
-605.635	134
-464.96	155
-500.613	169
-681.584	105
-600.645	122
-534.383	160
-775.172	89
-525.12	154
-590.754	137
-731.938	84
-813.229	53
-545.968	152
-487.542	155
-585.417	129
-407.173	225
-428.68	180
-554.144	138
-782.997	102
-697.426	90
-759.743	92
-580.238	156
-582.064	143
-568.649	158
-688.981	116
-714.197	109
-539.033	163
-741.687	99
-669.544	121
-686.468	119
-600.977	135
-437.911	165
-745.907	88
-556.4	160
-619.584	142
-536.499	138
-652.017	114
-687.861	133
-643.614	107
-746.461	85
-660.088	129
-671.88	94
-690.693	124
-635.425	108
-629.901	120
-723.564	97
-676.027	96
-737.257	84
-700.769	93
-497.798	161
-665.752	119
-691.63	110
-688.859	98
-756.783	79
-744.899	86
-229.171	241
-657.34	97
-708.065	92
-538.879	139
-704.633	105
-778.792	75
-588.74	160
-636.697	120
-649.565	113
-635.851	130
-276.971	235
-684.991	119
-630.373	114
-648.249	137
-541.193	141
-854.011	81
-348.325	208
-723.766	97
-613.654	124
-705.594	97
-330.494	228
-647.563	118
-584.594	124
-697.717	105
-629.591	108
-757.392	78
-560.243	157
-732.162	96
-815.785	71
-700.43	86
-607.014	133
-618.531	112
-680.373	92
-728.594	122
-315.858	487
-646.844	98
-713.506	91
-786.783	87
-713.336	83
-748.012	87
-694.803	98
-737.334	83
-541.244	145
-663.846	136
-669.415	93
-834.561	63
-604.803	154
-475.523	184
-501.058	163
-718.661	86
-638.269	121
-504.175	166
-545.667	136
-689.331	133
-722.808	92
-516.923	162
-713.218	84
-709.682	113
-695.648	104
-623.397	128
-762.28	82
-554.823	140
-696.14	117
-635.27	138
-743.74	87
-751.624	87
-628.19	142
-466.639	174
-656.687	134
-690.135	120
-750.072	80
-467.076	168
-737.847	82
-622.985	123
-483.138	178
-759.055	88
-744.801	108
-649.07	102
-352.237	191
-695.123	104
-561.282	137
-788.431	76
-630.802	102
200.114	801
-652.627	121
-634.311	132
-732.646	94
-778.661	121
-769.656	112
-720.992	94
-654.11	143
-526.527	150
-575.37	162
-599.923	142
-570.27	147
-606.866	139
-679.556	114
-609.425	120
-668.817	138
-575.683	132
-585.416	156
-720.541	97
-515.409	167
-766.959	91
-588.489	133
-353.528	203
-450.001	186
-252.496	259
-679.289	104
-626.758	126
-727.187	78
-417.218	214
-824.615	65
-656.059	107
-603.51	139
975.424	801
-629.789	158
-661.2	121
-355.124	231
-567.129	132
-592.826	114
-670.843	113
-465.932	158
-677.74	131
-688.123	100
-661.309	105
-800.621	74
-638.88	133
-535.38	178
-518.255	143
-612.302	116
-739.708	104
-774.301	76
-530.931	147
-867.936	41
-765.923	84
-481.168	161
-525.84	149
597.579	801
-664.757	94
-810.068	76
-601.197	126
-629.037	108
-779.882	81
-771.706	91
-492.881	168
-580.745	115
-664.215	109
-554.859	143
-590.124	130
-638.275	118
-757.069	105
-643.833	139
-626.446	117
-346.041	215
-625.179	106
-622.132	133
-706.221	106
-574.791	152
-817.098	81
-692.557	107
568.378	801
-678.813	95
-668.033	123
-641.991	145
-744.212	90
-737.882	96
-601.333	119
-852.076	75
-730.832	90
-610.376	113
-636.213	108
-773.254	86
-626.397	110
-575.213	126
-697.444	83
-703.834	110
-666.675	93
-648.168	94
-555.411	198
-825.572	60
-701.723	100
-539.139	130
-734.703	91
-636.669	124
-526.36	171
-721.502	120
-720.266	92
-686.868	89
-601.953	115
-759.202	102
-740.439	113
-721.972	112
-519.324	175
-707.202	106
-623.34	134
-517.927	170
-703.208	87
-776.042	87
-626.517	143
-843.227	59
-727.755	82
-520.489	135
-728.548	77
-492.876	163
-626.25	111
-621.92	110
-579.096	119
-692.449	113
-592.2	136
-639.749	110
-753.367	96
-789.548	106
-671.967	95
-560.478	130
-561.731	140
-729.048	114
-557.438	156
-584.302	123
-726.109	105
-543.585	165
-817.558	76
-809.948	54
-651.233	118
-673.383	109
-613.579	117
-720.295	87
-635.783	115
-535.776	135
-274.157	267
-599.747	134
-435.203	201
-725.689	83
-469.193	184
-689.318	94
-488.021	182
-651.905	95
-666.192	133
-700.061	112
-630.055	126
-643.809	110
-591.711	122
-765.93	88
-576.943	154
-744.603	90
-594.237	122
-793.687	66
-576.994	132
-798.185	90
-793.66	61
-654.08	110
-819.447	71
-578.957	119
-690.883	93
-667.636	110
-841.106	81
-702.226	96
-550.253	154
-744.022	89
-604.628	132
-811.455	79
-789.462	100
-718.792	79
-651.148	114
-670.657	126
-665.823	116
-526.107	145
-730.862	100
-685.62	113
-739.691	91
-600.041	155
-746.96	92
-561.503	135
-508.314	165
-672.488	98
-781.098	75
-502.902	185
-369.555	207
-456.441	186
-543.407	190
-402.659	213
-632.013	128
-535.68	163
-616.824	142
-591.201	178
-358.181	213
-612.406	135
-501.155	187
-522.479	152
-532.652	162
-725.148	97
-587.757	116
-573.891	130
-750.902	87
-740.596	100
-677.103	92
-649.064	131
-717.298	78
-664.357	143
-606.666	114
-545.744	160
-504.73	134
-595.38	142
-705.313	132
-642.068	111
520.512	801
-663.849	97
-673.599	113
-626.532	130
-683.771	113
-387.741	216
-652.475	138
-585.353	139
-797.911	58
-591.649	117
-652.747	104
-674.973	96
-670.83	121
-551.161	139
-451.435	180
-668.81	101
-626.406	122
-537.885	150
-708.58	108
-533.617	139
-607.59	133
-556.992	142
-609.011	117
-578.232	168
-537.921	147
-679.573	112
-645.757	129
-544.726	167
-803.963	58
-605.81	132
-580.036	125
-560.204	145
-732.805	92
-578.794	124
-660.369	109
-530.07	138
-571.226	133
-533.823	142
-685.902	117
-783.57	65
-728.783	89
-708.789	97
-644.435	128
-622.367	140
-524.172	151
-649.903	97
-634.511	152
-662.174	115
-537.053	145
-435.311	176
-695.188	106
-777.457	86
-529.06	171
-752.287	78
-551.781	167
-643.968	104
-714.808	99
-648.469	138
-664.957	105
-560.616	156
-550.679	151
-711.955	111
-712.328	93
-745.159	94
-589.202	127
-606.874	110
-567.33	142
-593.607	133
-772.909	85
-763.635	83
-449.451	157
-840.099	67
-689.557	98
-473.176	180
-495.988	157
-618.91	112
-796.867	76
-739.666	91
-583.96	155
-644.424	129
-559.74	155
-683.409	99
-504.253	144
-706.071	93
-617.784	124
-528.946	133
-663.073	100
-625.586	130
-581.214	148
-504.373	147
-750.556	86
-465.668	176
-640.718	107
-685.676	99
-511.553	177
-532.661	139
-768.246	66
-614.65	129
-686.868	85
-625.969	131
-566.572	138
-714.437	79
-640.516	110
-745.595	93
-708.135	85
-757.836	91
-677.941	104
-644.258	116
-634.479	125
-639.595	124
-600.892	122
-528.449	126
-564.187	129
-670.062	94
-226.49	244
-567.998	166
-523.979	142
-599.228	137
-783.43	69
-653.45	101
-598.634	114
-480.122	181
-556.039	165
-534.392	160
-516.031	192
-461.062	170
-608.107	117
-583.818	127
-560.372	133
-561.939	165
-742.898	79
-657.301	105
-764.026	79
-793.531	84
-572.054	140
-536.508	156
-622.38	117
-579.711	122
-582.303	129
-690.673	110
-460.793	176
-560.566	133
-511.834	155
-518.616	147
-643.023	116
-765.883	70
-679.51	95
-674.225	95
-817.356	72
-410.617	165
-515.034	157
-536.912	130
-520.533	171
-683.125	89
-595.104	129
-591.667	137
-546.894	138
-638.556	121
-534.602	140
-667.456	95
-522.856	159
-649.517	112
-537.195	135
-537.015	142
-736.011	92
-593.811	119
-603.848	119
-581.958	126
-521.335	163
-739.727	81
-543.065	164
-658.647	113
-604.617	115
-723.433	119
-812.198	75
-723.832	96
-434.947	206
-572.762	127
-503.499	148
-582.849	144
-684.51	118
-638.827	112
-639.227	147
-679.886	106
-521.194	134
-623.185	120
-553.187	161
-693.969	102
-803.43	81
-444.155	184
-704.773	98
-708.315	94
-557.776	155
-654.756	114
-435.168	185
-627.292	111
-498.305	174
-582.757	151
-625.049	111
-605.456	159
-775.076	82
-655.614	96
-680.042	90
-617.462	120
-784.135	105
-657.268	129
-644.647	152
-644.52	128
-684.306	90
885.985	801
-383.538	185
-723.42	80
-744.61	86
-694.207	113
-836.173	51
-436.373	160
-546.878	146
-747.127	85
-662.078	103
-590.504	117
-610.404	136
-712.834	87
-571.253	147
-558.212	140
-710.164	113
-579.152	163
-523.886	147
-671.799	114
-627.393	132
-569.261	138
-445.36	198
-392.587	195
660.783	801
-776.721	96
-633.53	107
-576.988	147
-628.392	118
-551.527	129
-613.827	112
-753.325	85
-543.22	138
-711.526	118
-427.027	178
-637.921	127
-730.127	80
-661.283	103
-704.318	112
-812.322	77
-723.759	95
-544.757	166
-736.69	105
-536.081	146
-511.277	177
-511.777	141
-793.945	94
-347.485	200
-808.125	79
-374.499	168
-675.327	118
-423.94	197
-691.98	99
-709.906	112
-659.136	142
-762.712	76
-522.233	316
-598.346	127
-623.545	150
-727.815	115
-741.364	81
-564.777	152
-710.564	101
-506.416	147
-650.274	134
-353.308	246
-390.765	213
-715.213	79
-698.515	116
-630.987	107
-792.791	76
-701.841	106
-688.903	87
-484.522	163
-643.001	110
-646.414	100
-625.919	125
-637.947	117
-778.565	67
-631.376	144
-804.503	64
-745.967	85
-602.843	134
-727.766	93
-579.54	140
-746.915	88
-618.038	132
-695.962	98
-737.896	104
-630.804	112
-655.031	125
-720.726	86
-568.349	146
-540.219	183
-620.094	108
-659.28	95
-565.194	157
-659.162	112
-654.657	119
431.703	801
-706.888	118
-485.239	163
-724.167	99
-760.153	90
-758.33	83
-739.257	85
449.348	801
-450.568	196
-808.171	84
-683.805	96
-660.565	108
-471.882	185
-731.849	78
-723.74	100
-607.879	114
-653.388	120
-647.373	109
-665.578	145
-503.312	159
-739.804	85
-684.515	108
-595.229	146
-822.932	65
-698.572	85
-540.21	153
-636.681	104
-564.834	153
-633.236	129
431.753	801
-610.111	111
-553.261	131
-691.455	107
-638.545	126
-780.229	93
-559.22	138
-669.643	95
-799.291	68
-567.109	139
-632.116	133
-622.886	110
-542.886	180
-714.447	100
-829.135	59
-316.856	234
-790.942	65
-802.856	97
-813.706	86
-580.003	153
-469.167	151
-698.577	128
-631.388	107
-811.256	60
-796.444	79
-634.688	129
-833.366	57
-508.706	155
600.818	801
541.683	801
-571.136	139
-736.866	91
-579.166	184
-587.068	164
-605.046	123
-720.578	114
-180.909	268
-585.708	134
-912.718	50
-678.989	115
-741.259	97
-611.676	145
-707.014	99
-441.41	183
-597.746	121
-469.66	201
-531.748	142
-360.702	213
-383.156	218
398.974	801
-431.155	169
-701.182	87
-672.276	117
-642.516	110
-729.424	93
-624.676	115
-605.379	121
-674.586	94
-599.526	148
-480.723	159
-677.833	98
-606.225	114
-637.33	116
-805.153	97
-672.649	100
-655.893	101
-650.936	130
-639.572	110
-669.982	136
-801.531	79
-857.435	43
-296.367	259
-788.353	70
-637.548	140
-548.002	157
-712.12	102
-566.717	165
-851.626	42
-503.111	159
-678.984	110
-660.059	103
-386.878	194
-655.095	112
-427.407	178
345.129	801
-708.719	107
-554.244	148
-581.306	133
-578.234	161
-782.131	107
-693.366	92
-765.522	92
-576.024	148
-594.918	143
-708.194	122
-630.218	105
-523.362	174
-687.146	125
-675.742	106
-330.066	201
-546.256	148
-709.059	85
-734.122	102
-772.687	78
-585.033	150
-625.898	116
-640.072	146
-564.262	133
-457.671	163
-732.655	76
-634.783	104
-771.429	110
-617.401	108
-269.125	302
-531.487	166
-651.274	122
-652.025	102
-614.004	117
-760.376	88
-746.195	96
-775.34	72
-735.123	93
-686.052	99
-589.64	126
-679.555	121
-715.456	81
-687.629	98
-550.862	144
-740.553	79
-778.485	85
546.479	801
-672.778	109
-752.744	95
-709.863	98
-673.095	133
-681.296	123
-810.88	58
-727.934	96
-716.759	77
-730.516	86
-788.705	82
-467.206	181
-584.736	126
-493.233	145
-570.6	126
-581.298	126
-623.077	113
-657.91	113
-548.097	141
-568.457	133
-669.444	121
-639.323	109
-751.352	102
-615.819	113
-520.81	176
-492.321	164
-815.409	71
-647.332	140
-548.594	156
-813.709	79
-488.598	174
-629.374	117
-787.082	65
-589.285	116
-816.14	86
-634.689	140
-349.749	210
-479.995	155
-571.921	124
-532.534	131
-625.825	117
-640.915	127
-685.682	90
-712.827	116
-595.378	153
-701.347	87
-624.801	108
-660.891	111
-578.196	138
-651.247	133
-505.628	163
-692.376	110
-634.167	128
-596.241	126
-597.751	115
-744.13	97
-519.014	144
-648.727	107
-689.493	130
-689.976	99
-578.693	143
-681.743	104
-592.662	118
-642.865	123
-436.221	180
-675.676	112
-692.038	86
-285.228	214
-538.24	161
-737.119	86
-663.066	111
-642.695	137
-666.227	115
-464.641	159
-609.596	133
-737.162	88
-641.332	106
-680.465	95
-588.304	121
-625.908	116
-670.633	113
-554.218	147
-585.831	129
-553.806	143
-701.759	97
-815.904	50
-421.572	175
-706.836	87
-474.412	191
-699.389	106
-667.843	101
-524.859	131
-732.467	111
-664.97	108
-616.509	141
-500.569	161
-539.823	141
-700.933	124
-680.431	120
-716.294	97
-624.076	112
-517.849	180
-613.69	122
-492.64	154
-718.446	121
-768.527	77
-731.503	124
-482.281	187
-582.964	125
-489.222	171
-294.868	222
-697.72	109
-607.469	145
-536.554	135
-626.482	143
-667.313	128
-611.027	106
-778.926	71
-533.975	160
-722.927	77
-608.167	140
-626.207	124
-513.372	173
-709.59	103
-729.3	77
-595.689	159
-755.695	89
-661.024	106
-853.13	85
-711.718	123
-727.592	90
-691.679	102
-760.456	96
-754.421	76
-681.222	105
-588.782	149
-474.101	166
-859.922	48
-679.255	116
411.959	801
-766.014	81
-534.847	143
-429.561	178
-595.232	177
-821.241	68
-517.046	160
-518.671	152
-675.479	93
-554.708	140
-544.318	156
-621.023	127
-517.661	158
-594.694	148
-674.829	91
-704.913	99
-693.136	108
-664.784	106
-552.911	146
-509.707	174
-606.04	121
-693.816	85
-611.509	110
-704.019	97
-760.782	113
-476.182	162
-595.154	157
-656.521	98
-615.49	122
-635.268	106
-757.704	96
-666.334	121
-638.605	99
-732.344	96
-743.244	93
-692.522	89
-649.571	125
-609.507	125
-770.83	98
-660.546	98
-631.195	125
-815.21	55
-628.135	126
-639.078	104
-621.426	127
-629.532	107
-716.611	96
-382.902	186
-722.313	90
-618.806	118
-653.972	116
-753.869	99
-712.232	86
-583.285	141
-513.893	162
-659.849	106
-662.71	114
-674.449	111
-493.093	199
-604.928	113
-726.212	97
-728.992	88
-714.974	105
-688.383	90
-496.8	155
-830.331	71
-680.769	124
-572.204	122
-470.349	177
-659.488	141
-702.092	106
-763.03	89
-700.371	89
-721.953	86
-562.624	153
-726.201	83
-707.12	101
-788.045	100
-781.649	73
-755.334	76
-653.639	113
-655.242	117
-573.463	131
-512.539	185
-520.721	157
-739.002	119
-421.64	184
-508.638	143
-723.141	84
-755.98	95
-725.763	93
-749.634	81
-625.689	116
-272.842	235
-490.068	158
-636.549	122
-693.141	110
-756.966	116
-636.84	105
-658.261	121
-815.422	86
-762.711	69
-660.74	112
-785.908	60
-814.093	75
-700.904	96
-821.777	75
-585.223	151
435.991	801
-719.525	91
-597.238	119
-529.099	161
-759.474	89
-752.169	94
-519.291	181
-655.141	97
-422.91	189
-641.173	109
-318.525	208
-481.806	154
-670.768	135
-656.495	122
-693.886	107
-782.792	79
-401.917	191
-692.719	101
-484.825	152
-391.534	220
-668.601	108
-622.534	126
-697.545	97
-641.66	145
-836.325	54
-839.88	69
-687.117	101
-673.237	136
-591.026	123
-529.719	158
-563.795	139
-458.429	162
-498.973	158
-482.387	159
-365.96	203
522.043	801
-820.497	75
-783.269	77
-569.945	148
-631.745	101
-721.371	88
-510.527	150
-758.817	99
-812.719	77
-671.988	95
-639.583	124
-764.538	89
-444.815	193
-678.75	89
-715.627	88
-722.451	84
-764.038	82
-553.492	179
-710.436	87
-831.396	63
-655.69	109
-670.352	99
-720.736	98
-571.459	126
-598.139	132
-710.168	127
-634.065	115
-609.43	127
-525.261	176
-743.769	80
-582.775	133
-595.775	171
-621.634	122
-603.305	116
-740.549	97
-687.629	139
-488.812	170
-573.999	143
-822.984	66
-580.612	116
-523.622	153
-652.889	105
-583.658	143
-576.352	169
-637.499	104
-565.817	124
-651.807	102
-692.514	92
-532.099	146
-287.368	394
-688.113	116
-766.366	80
-572.542	150
-637.046	117
-746.1	106
-554.849	175
-608.265	148
-598.062	122
-715.275	118
-725.904	102
-636.066	129
-726.361	91
-482.377	154
-681.612	92
-679.097	97
-683.401	99
-617.784	123
-400.588	185
-551.923	138
-588.959	118
-705.741	99
-689.658	104
-737.407	87
-590.274	138
-500.27	168
-511.083	168
-563.005	155
-738.621	92
-339.744	219
-675.225	135
-599.94	121
-546.932	134
-597.519	141
789.769	801
-732.642	102
-727.304	92
-700.847	128
-617.444	119
-304.067	197
-557.754	128
-507.184	151
-566.248	147
-488.371	196
-774.027	64
-722.503	120
-308.726	229
-690.369	131
-481.059	161
-708.834	88
-531.882	145
-712.275	115
-637.058	138
-651.656	103
-651.151	111
-656.225	99
-579.249	133
-550.593	183
-654.948	116
718.682	801
-661.935	95
-690.162	96
-590.292	124
-598.152	153
-645.851	106
-787.981	81
-555.042	138
-558.76	148
-704.056	121
-725.746	90
-700.554	88
-814.546	71
-383.009	235
-552.857	140
-548.742	138
-693.994	96
-723.702	90
-735.709	103
-610.941	142
-736.524	70
-674.783	123
-642.007	117
-654.712	106
-703.263	98
-408.721	161
-362.557	197
-656.997	99
-724.88	117
-578.362	134
-316.797	214
-679.798	144
563.896	801
-697.422	143
-476.506	187
-635.348	106
-714.364	81
-795.85	96
-758.142	79
-624.914	128
-636.615	117
-637.079	119
-679.712	95
-391.804	224
-522.106	162
-627.578	128
-773.408	87
-626.805	113
-700.655	91
-651.169	111
-556.305	139
-671.378	98
-726.227	99
-441.631	158
-534.914	150
-773.74	91
-599.052	143
-681.493	90
-703.558	118
-643.043	113
-421.962	200
-632.645	125
-707.313	112
-582.564	138
-440.617	190
-646.513	114
-626.383	124
-613.058	138
-676.056	89
-456.879	174
-578.041	137
-711.22	109
594.806	801
-657.417	97
-612.978	137
-376.975	217
-649.408	124
-645.243	125
-646.723	102
-636.492	121
-576.329	132
-465.346	163
-574.528	192
-737.543	85
-593.506	136
-482.46	179
-577.753	153
-493.201	149
-700.426	114
-451.293	167
-571.196	144
-541.357	146
-554.413	173
-642.965	122
-630.672	126
-669.947	118
-386.726	202
-530.603	145
-681.092	129
-642.349	120
-683.5	108
-761.209	99
-707.573	90
-627.777	122
-586.168	120
-517.249	149
-700.173	109
-673.531	114
-674.348	94
-676.338	116
-413.284	205
-783.348	70
-815.703	69
-586.159	135
-587.906	122
-795.073	70
-640.658	120
-846.561	56
-581.845	138
-859.812	43
-576.009	150
-473.68	160
-549.582	134
-584.927	129
-401.2	153
-713.37	115
-505.062	165
-558.738	140
-589.77	164
-743.485	90
-587.439	120
-577.838	150
-713.775	113
-494.679	160
-662.705	141
-616.089	115
-552.276	133
-760.186	88
-606.779	110
-700.902	121
-643.659	104
-472.666	179
-431.105	181
-505.413	147
-596.804	149
-570.067	127
-644.992	102
-480.334	147
-619.191	157
-625.408	114
-658.477	121
-482.805	175
-540.084	161
-484.275	187
-721.562	94
-374.84	205
-586.996	119
-637.182	119
-487.434	163
-746.805	81
-659.913	100
-704.528	129
-414.858	191
-695.132	93
-700.728	83
-537.418	158
-536.958	192
-597.638	122
-686.505	117
-691.705	121
-506.633	150
-572.587	134
-670.965	130
-724.435	85
-707.486	98
-370.701	205
-531.515	169
-545.595	146
-635.916	108
-697.291	128
-771.727	81
-580.238	146
-502.461	163
-591.072	147
-619.43	114
-640.797	123
-764.566	100
-738.781	85
-549.079	145
-553.706	109
-659.627	116
-571.724	132
-734.704	94
-447.503	195
-501.023	146
-511.251	145
-658.867	133
-727.509	99
-714.725	105
-590.828	145
-751.762	111
-694.787	107
-680.313	135
-315.578	223
-443.59	170
-601.78	171
-607.541	116
-578.547	167
-861.012	51
-760.6	92
-576.502	132
-424.907	185
-602.924	116
-590.862	128
-678.528	111
-666.565	104
-735.37	101
-573.804	157
-678.615	108
-605.928	146
-546.318	158
-599.12	124
-561.381	150
-602.339	144
-595.047	127
-607.344	172
-646.572	117
-638.652	103
-688.907	125
-722.399	100
-784.149	68
-730.253	83
-693.11	95
-715.576	98
-545.113	173
-780.993	66
-698.743	106
-662.314	111
-809.53	68
-715.898	102
-803.915	69
-701.294	88
-652.349	109
-501.321	175
-564.909	135
-639.071	121
-536.371	174
-783.632	79
-502.374	152
-518.907	148
-728.269	81
-681.842	95
-727.019	127
-386.133	177
-669.53	99
-564.785	133
-429.679	171
-670.481	94
-694.629	108
-625.806	111
-565.641	157
-389.118	200
-620.644	124
-551.214	159
-652.274	109
-737.179	111
-751.191	111
-723.186	99
594.501	801
-681.152	113
-826.935	55
-804.376	69
-628.861	113
-787.299	71
-836.973	90
-622.237	117
-645.211	149
-538.096	141
-261.547	248
-607.926	133
-690.971	113
-554.167	147
-612.67	117
-599.203	140
-573.307	129
-619.448	120
-683.603	115
-633.991	114
-743.521	87
-637.097	96
-664.871	94
-725.655	84
-558.09	181
-506.233	158
-680.162	116
-616.192	162
-654.732	125
-384.812	201
-722.126	99
-703.302	118
-602.42	175
-862.938	46
-659.846	107
-707.772	113
-619.567	122
-540.063	150
-661.585	120
-591.678	118
-515.492	148
-668.577	113
-553.852	132
-655.221	117
-738.276	84
-654.477	104
-449.434	186
-716.501	80
-676.102	106
-531.915	165
-656.363	97
-582.265	155
-536.561	130
-632.813	150
-507.279	158
-62.3671	269
-568.425	172
-661.626	103
-640.188	120
-556.034	137
-689.894	91
-727.539	108
-707.738	101
-563.602	139
-645.911	107
343.101	801
-626.622	151
-535.255	137
-538.185	160
-832.07	61
-593.74	118
-617.887	134
-648.913	105
-510.971	147
-587.611	151
-589.874	116
-659.578	137
-691.965	98
-557.539	155
-786.353	74
-679.015	129
-690.44	95
-660.661	121
-627.796	138
-815.285	87
-648.906	119
-680.659	115
-583.554	127
-687.408	107
-491.44	179
169.821	801
-646.504	108
-421.093	192
-710.132	115
-283.452	213
-399.655	180
-680.175	114
-534.923	136
-632.093	114
-619.614	108
-628.327	127
-587.331	126
-518.797	143
-474.297	192
-415.761	179
-861.524	53
-689.406	107
-479.824	163
-602.895	121
-691.354	93
-792.718	96
-659.23	115
-374.677	193
-350.732	221
-551.56	148
-560.132	125
-496.025	172
-544.189	142
-622.953	128
-651.137	121
-721.492	104
-537.306	141
-618.119	135
-719.334	83
-743.282	102
-797.045	80
-757.311	75
-606.777	133
-602.15	121
-673.638	103
-726.737	103
-623.32	122
-712.783	136
-666.517	99
-571.629	124
-479.844	161
-649.525	110
-717.758	84
-658.383	125
-559.531	145
-622.766	122
-724.282	112
-466.936	159
-696.029	96
-350.991	235
-662.171	107
-698.3	109
-710.345	102
-662.047	149
-588.966	128
-681.632	93
-532.206	184
-746.03	95
-561.323	150
-572.505	154
-655.519	102
-639.479	130
-585.671	122
-809.325	67
-718.216	112
-480.207	152
-776.565	74
-721.513	132
-542.839	155
-588.944	134
-708.021	97
-670.125	112
-598.397	162
-528.081	146
-675.338	101
-686.667	101
-797.185	81
-575.862	152
-825.575	58
-415.651	187
-450.138	160
-453.81	171
-425.883	163
-782.528	70
-534.356	158
-785.853	83
-596.864	126
-682.991	105
-614.887	123
-745.303	104
-732.973	79
-709.445	111
-549.631	140
-733.057	77
-698.585	86
-626.864	106
-611.964	113
-724.494	91
-544.462	148
-458.446	192
-692.165	106
-234.9	247
-708.213	80
-569.058	145
-658.566	98
-738.019	84
-567.081	129
-281.584	254
-666.712	124
-640.643	108
682.346	801
-804.257	86
-649.74	104
-362.683	239
-361.761	196
-665.86	94
-704.136	93
-810.211	78
-726.556	89
-720.413	85
-591.292	121
-640.519	141
-487.905	176
-732.314	89
-639.479	120
-517.272	153
-744.302	92
-600.192	135
-811.77	78
-518.97	145
-680.536	102
-666.12	107
