0.329252 0.329098
0.368193 0.371243
0.40552 0.404507
0.40386 0.40794
0.479111 0.466971
0.504855 0.465332
0.425221 0.500089
0.388735 0.43169
0.432512 0.414452
0.461293 0.446139
0.399968 0.396206
0.338589 0.346733
0.259267 0.284463
0.175943 0.241235
0.397978 0.107372
0.419343 0.580615
0.474646 0.525345
0.478266 0.521704
0.986025 0.000186419
0.172695 0.0758713
1.70845e-07 1.25088e-06
0.0131828 0.00206058
0.00632271 0.00897092
0.0576569 0.0459094
0.131793 0.137583
0.325026 0.325097
0.328124 0.331043
0.470183 0.27679
0.572604 0.230226
0.610414 0.213486
0.688428 0.148258
0.683326 0.191799
0.594164 0.204788
0.465059 0.232491
0.381581 0.166163
0.315028 0.180487
0.330724 0.232992
0.263622 0.230966
0.176507 0.244621
0.2473 0.334905
0.283413 0.149843
0.750677 0.247478
0.929733 0.0701518
0.99998 2.00648e-05
0.999921 7.54938e-05
0.150796 0.778754
0.0121366 0.227703
0.000311693 0.192226
0.0991042 0.493769
0.212747 0.395909
0.212139 0.38535
0.316895 0.336936
0.32167 0.328682
0.373421 0.297457
0.489837 0.266055
0.434593 0.225041
0.339904 0.415849
0.361064 0.48866
0.443291 0.292687
0.188475 0.41333
0.110863 0.308942
0.132279 0.174074
0.203515 0.305818
0.118374 0.305246
0.126513 0.313533
0.139994 0.312631
0.034843 0.285355
0.0957519 0.221461
0.182291 0.0329842
0.631628 0.00092378
0.167604 0.0580835
0.085671 0.00960912
0.00469162 0.0113253
0.0532015 0.196293
0.3932 0.247971
0.391664 0.246025
0.340425 0.273414
0.324526 0.328884
0.311556 0.33132
0.291209 0.313651
0.224217 0.294231
0.329524 0.270143
0.364451 0.434876
0.203783 0.457089
0.165533 0.318559
0.162482 0.335698
0.105504 0.279232
0.146888 0.348945
0.224951 0.390734
0.165713 0.318527
0.146092 0.343645
0.0499294 0.106392
0.0765988 0.0665976
0.000934139 0.0553298
0.167399 0.0207275
0.00138742 2.96657e-05
3.53006e-06 9.52965e-06
5.71592e-06 0.00691509
0.0298851 0.319674
0.374406 0.306885
0.16971 0.0990147
0.167002 0.151279
0.250989 0.271956
0.316325 0.330222
0.309332 0.330808
0.241815 0.30139
0.223838 0.249751
0.115595 0.275837
0.224437 0.276876
0.162559 0.295393
0.113687 0.494702
0.135609 0.431378
0.131211 0.209867
0.136933 0.238499
0.195601 0.287772
0.161633 0.317548
0.209294 0.332326
0.0128812 0.0560373
6.60508e-05 0.00124958
2.5589e-05 0.00128777
1.3059e-06 4.87638e-06
3.32201e-09 4.33366e-08
2.00984e-08 3.28369e-06
0.000490279 0.999484
0.167539 0.00282246
0.115348 0.0741662
0.0211273 0.205414
0.0539044 0.248514
0.177713 0.34411
0.310131 0.332053
0.306932 0.327547
0.194631 0.271414
0.112735 0.266114
0.190266 0.279536
0.1935 0.205639
0.139903 0.254335
0.128802 0.271476
0.237913 0.281273
0.173834 0.405957
0.200672 0.258701
0.278884 0.339018
0.195035 0.300819
0.213666 0.313075
0.00977186 0.000372221
4.91865e-06 0.00106483
4.52406e-06 0.00300714
0.0297923 0.0039607
0.0940705 0.786037
1.0197e-09 0.0340467
0.00437595 1.05593e-05
0.878605 0.121266
0.103551 0.16076
0.0831776 0.371435
0.11404 0.365726
0.24616 0.405546
0.308846 0.335085
0.312973 0.333947
0.179462 0.292229
0.133202 0.339773
0.145167 0.324194
0.153541 0.428682
0.322527 0.221301
0.172099 0.312925
0.192148 0.316685
0.140849 0.350269
0.198702 0.278446
0.213592 0.314521
0.204821 0.312559
0.211135 0.313389
0.00035878 0.0134228
3.07421e-05 0.000330041
0.0188865 0.000416592
0.203385 0.182803
0.000204229 0.0176937
0.00115862 0.998748
0.0650308 0.527753
0.0051932 0.0410513
0.430295 0.257731
0.200588 0.31147
0.200767 0.317681
0.265856 0.307735
0.308495 0.330814
0.311235 0.330409
0.176922 0.287424
0.150588 0.35488
0.212456 0.210816
0.14137 0.385045
0.127572 0.33379
0.189734 0.315194
0.210893 0.28502
0.248287 0.300189
0.227528 0.281429
0.230427 0.290726
0.199565 0.345215
0.226774 0.352344
0.0306221 0.00868437
0.00118202 0.0603018
0.352594 0.0105448
0.333333 0.333333
0.344306 0.310342
0.333333 0.333333
0.0104137 0.41723
0.000531413 0.0102346
0.249392 0.357805
0.265282 0.412117
0.269323 0.407418
0.325642 0.452454
0.311499 0.339443
0.326546 0.336709
0.212323 0.390256
0.231334 0.328754
0.168093 0.307173
0.203973 0.437452
0.220472 0.421486
0.254354 0.392963
0.202045 0.423639
0.268619 0.375421
0.25271 0.359483
0.268838 0.335038
0.289027 0.352218
0.290777 0.356199
0.130482 0.799652
0.270047 0.359493
0.339732 0.339732
0.341375 0.329313
0.328794 0.328794
0.342833 0.314334
0.324694 0.341108
0.180829 0.817048
0.297356 0.352922
0.394648 0.300626
0.354286 0.314933
0.471531 0.260207
0.320297 0.339904
