237.998
239.612
242.091
244.443
245.632
247.147
245.768
248.483
251.226
255.296
264.232
276.44
283.499
278.678
278.78
277.605
278.656
281.405
282.514
282.368
276.555
272.644
263.812
252.881
243.974
237.96
238.038
239.838
241.849
243.997
245.381
247.391
248.262
249.324
252.843
256.878
263.596
275.545
284.493
280.282
284.529
281.692
281.103
285.171
286.637
284.766
288.721
281.06
262.277
248.232
241.653
238.068
238.043
239.16
242.106
246.407
249.888
250.342
252.265
252.449
255.229
260.757
264.556
276.259
286.409
284.713
295.24
298.414
294.759
288.545
296.152
300.701
313.476
273.153
253.958
244.082
239.962
238.058
237.942
239.335
242.481
246.956
250.899
253.059
253.239
256.504
258.536
259.828
265.068
277.112
286.887
288.557
290.78
295.952
299.2
313.32
333.57
342.895
305.282
266.967
252.497
244.492
241.094
237.95
237.718
240.307
244.555
250.548
253.667
255.361
257.409
257.772
261.462
263.672
266.798
278.484
287.485
286.936
293.817
310.745
323.749
370.289
370.511
313.6
301.014
269.062
264.363
250.209
244.713
237.36
237.868
241.068
247.784
250.437
254.538
258.493
259.663
260.188
263.307
265.265
267.69
279.421
287.829
289.995
310.761
367.968
408.718
397.772
369.598
418.157
321.802
275.296
269.332
255.99
246.468
237.872
238.344
241.496
248.785
252.319
256.285
257.191
260.013
262.052
264.582
267.51
271.209
282.128
289.056
296.691
364.267
443.491
458.218
451.574
452.058
478.674
448.486
274.74
271.777
259.4
250.182
238.256
239.069
245.121
249.697
252.844
257.56
259.36
261.393
263.428
265.267
267.912
272.357
282.996
290.425
314.095
449.979
482.707
500
498.083
500
489.661
469.193
276.665
272.727
260.053
250.564
238.093
238.712
243.291
248.141
252.041
256.676
258.838
263.152
263.965
265.774
268.135
272.715
283.782
290.787
418.556
495.021
499.231
500.118
500.133
499.324
499.529
471.682
277.302
273.65
261.653
251.922
238.588
