4000,4000,4000,4000,4000,4000,4000,4000,4000
4000,4000,4000,4000,4000,4000,4000,4000,4000
4000,4000,4000,4000,4000,4000,4000,4000,4000
1921.15,1921.02,1919.91,1921.1,1921,1921.14,1921.14,1921.13,1920.81
-593.817,-600.832,-594.893,-600.901,-596.44,-598.68,-592.65,1554.63,-604.94
-953.041,-942.936,1536.16,-951.005,-955.369,-952.289,-948.9,-949.654,-943
-787.566,-799.118,-789.679,1580.96,-795.563,-789.74,-795.435,-791.868,-793.029
1688.21,1688.17,1687.93,1688.19,1687.96,1699.49,1688.32,1688.21,1688.13
1735.14,1735.22,1735.14,1735.25,1735.15,1737.47,1735.25,1735.19,1735.16
1794.23,1794.23,1794.31,1794.68,1794.19,1794.26,1794.23,1794.19,1794.22
3386.23,3386.88,3386.27,3387.49,3386.66,3387.39,3386.11,3387.42,3386.17
4000,4000,4000,4000,4000,4000,4000,4000,4000
4000,4000,4000,4000,4000,4000,4000,4000,4000
4000,4000,4000,4000,4000,4000,4000,4000,4000
4000,4000,4000,4000,4000,4000,4000,4000,4000
4000,4000,4000,4000,4000,4000,4000,4000,4000
4000,4000,4000,4000,4000,4000,4000,4000,4000
1975.59,1975.42,1975.64,1975.63,1975.51,1975.45,1975.52,1975.39,1975.65
-831.27,1429.72,-835.282,-839.551,-839.161,-835.629,-837.29,-834.294,-835.671
-973.946,-964.714,1461.14,-966.19,-970.207,-970.604,-970.641,-963.007,-971.711
568.98,575.63,571.254,1607.43,571.412,573.873,574.366,574.008,570.223
1771.11,1771.32,1775.24,1771.26,1771.23,1771.26,1771.26,1771.19,1771.18
1802.27,1802.27,1805.77,1802.3,1802.03,1802.19,1802.29,1802.26,1802.27
1885.65,1885.66,1885.65,1885.7,1885.19,1886.55,1885.5,1885.69,1885.69
3540.57,3541.4,3541.87,3541.65,3541.49,3540.28,3541.03,3541.35,3540.68
4000,4000,4000,4000,4000,4000,4000,4000,4000
4000,4000,4000,4000,4000,4000,4000,4000,4000
4000,4000,4000,4000,4000,4000,4000,4000,4000
4000,4000,4000,4000,4000,4000,4000,4000,4000
4000,4000,4000,4000,4000,4000,4000,4000,4000
4000,4000,4000,4000,4000,4000,4000,4000,4000
1391.59,1388.61,1391.71,1485.27,1392.64,1392.15,1392.38,1392.47,1393.62
-992.899,-996.15,-998.336,-992.5,-996.376,-996.26,1496.05,-992.851,-995.469
-994.834,-998.007,-998.364,-998.462,1608.23,-996.203,-998.068,-997.479,-998.378
-921.928,-932.088,1738.06,-936.138,-929.838,-931.291,-935.705,-933.028,-934.128
1758.4,1758.35,1758.35,1758.31,1757.86,1758.42,1758.36,1812.43,1758.38
1858.2,1858.2,1858.17,1858.2,1858.19,1858.24,1858.17,1869.9,1858.24
2024.53,2024.48,2024.41,2024.43,2024.54,2024.38,2024.42,2024.48,2027.89
3638.55,3637.91,3639.15,3638.81,3638.65,3638.1,3638.67,3637.72,3638
4000,4000,4000,4000,4000,4000,4000,4000,4000
4000,4000,4000,4000,4000,4000,4000,4000,4000
4000,4000,4000,4000,4000,4000,4000,4000,4000
4000,4000,4000,4000,4000,4000,4000,4000,4000
4000,4000,4000,4000,4000,4000,4000,4000,4000
4000,4000,4000,4000,4000,4000,4000,4000,4000
2808.92,2809.07,2809.16,2808.96,2808.95,2808.97,2808.99,2809.04,2809.09
1005.15,1004.97,1004.69,1008.39,1006.96,1006.08,1005.03,1776.91,1006.41
-669.294,-674.195,-677.234,-674.229,-675.587,1645.87,-667.836,-677.751,-674.479
-780.978,-776.277,-771.28,-774.007,-776.624,-761.554,1676.43,-770.632,-775.101
1770.19,1770.04,1770.22,1770.22,1770.21,1862.94,1770.01,1770.21,1770.12
1897.76,1897.44,1934.69,1897.7,1897.57,1897.8,1897.73,1897.74,1897.81
2172.46,2172.46,2172.41,2172.5,2172.39,2177.08,2172.31,2172.38,2172.49
3727.42,3727.76,3727.89,3727.49,3727.64,3727.3,3727.56,3727.57,3727.55
4000,4000,4000,4000,4000,4000,4000,4000,4000
4000,4000,4000,4000,4000,4000,4000,4000,4000
4000,4000,4000,4000,4000,4000,4000,4000,4000
4000,4000,4000,4000,4000,4000,4000,4000,4000
4000,4000,4000,4000,4000,4000,4000,4000,4000
4000,4000,4000,4000,4000,4000,4000,4000,4000
2581.46,2581.41,2581.36,2581.44,2581.4,2581.34,2581.33,2581.12,2581.38
389.285,388.736,1861.09,390.954,388.321,390.885,391.262,392.139,391.821
-586.826,-592.499,-583.75,1752.33,-596.519,-591.434,-590.007,-597.121,-592.49
1659.41,1660.26,1659.82,1659.97,1660.13,1954.09,1660.15,1660.4,1660
1838.81,1838.83,1838.86,1838.86,1838.85,2068.49,1838.82,1838.77,1838.84
1934.05,1933.96,1934.16,1934.04,1934.11,2138.94,1934.03,1934.12,1934.14
2402.28,2402.35,2402.39,2402.15,2402.34,2402.39,2402.01,2402.38,2402.38
3861.24,3860.96,3861.28,3860.74,3860.7,3860.85,3861.42,3861.44,3860.9
4000,4000,4000,4000,4000,4000,4000,4000,4000
4000,4000,4000,4000,4000,4000,4000,4000,4000
4000,4000,4000,4000,4000,4000,4000,4000,4000
4000,4000,4000,4000,4000,4000,4000,4000,4000
4000,4000,4000,4000,4000,4000,4000,4000,4000
4000,4000,4000,4000,4000,4000,4000,4000,4000
1759.91,1760.9,1761.13,1761.12,1761.17,1761.2,1760.98,2366.31,1760.65
-458.567,-451.696,2395.13,-453.165,-457.81,-457.193,-457.412,-460.438,-453.87
1068.32,1066.12,2404.35,1067.29,1065.74,1064.52,1069.94,1070.41,1069.51
1722.39,1723.62,1722.66,1721.32,1722.22,2408.48,1721.94,1722.58,1722.01
1128.13,1128.91,2419.22,1130.44,1129.87,1129.06,1128.66,1131.1,1133.06
138.206,142.126,130.404,136.356,2423.73,138.383,137.815,138.941,136.031
1024.89,1024.54,1023.88,1024.3,1025.49,1025.23,1025.51,2404.24,1025.83
2951.99,2951.87,2952.03,2952.01,2952.06,2952,2952.08,2951.86,2952.1
4000,4000,4000,4000,4000,4000,4000,4000,4000
4000,4000,4000,4000,4000,4000,4000,4000,4000
4000,4000,4000,4000,4000,4000,4000,4000,4000
4000,4000,4000,4000,4000,4000,4000,4000,4000
4000,4000,4000,4000,4000,4000,4000,4000,4000
4000,4000,4000,4000,4000,4000,4000,4000,4000
1551.97,1551.94,1551.51,1552.01,1551.83,1551.19,1551.57,2371.36,1551.94
-574.04,-576.764,-571.861,-577.249,-575.556,-567.752,-574.867,-574.658,2398.06
215.136,208.618,2402.05,215.934,210.73,209.024,208.339,215.434,214.953
1340.6,1343.34,1342.95,1343.27,1344.89,2406.05,1341.27,1344.47,1344.3
719.641,719.329,717.915,716.966,723.14,721.096,718.945,718.43,2420.11
512.611,511.558,510.945,508.834,513.725,508.546,510.677,2422.15,505.097
1444.95,1444.77,1445.43,2409.51,1443.74,1443.9,1444,1444.02,1443.83
2729.28,2729.34,2729.34,2729.36,2729.25,2729.4,2729.31,2729.38,2729.28
4000,4000,4000,4000,4000,4000,4000,4000,4000
4000,4000,4000,4000,4000,4000,4000,4000,4000
4000,4000,4000,4000,4000,4000,4000,4000,4000
4000,4000,4000,4000,4000,4000,4000,4000,4000
4000,4000,4000,4000,4000,4000,4000,4000,4000
4000,4000,4000,4000,4000,4000,4000,4000,4000
1136.36,1135.27,1136.13,1136.02,1136.58,1135.74,1136.07,1135.5,2233.05
-936.88,-935.194,-934.545,-935.281,2329.72,-936.709,-936.625,-937.233,-937.363
-885.193,-885.669,-881.341,-883.65,-884.528,-880.658,-882,-881.012,2372.16
-369.887,-374.825,-376.587,-368.808,-374.417,-370.985,-376.877,2406.23,-373.704
1383.66,1386.09,1384.59,1384.07,1384.05,1385.22,1385.01,2415.44,1384.86
1622.66,1622.8,1623.03,1620.76,1622.04,1622.09,2408.28,1622.57,1622.67
2385.76,1624.35,1624.34,1625,1625.17,1625.57,1625.62,1625.2,1624.34
2909.18,2909.34,2909.42,2909.31,2909.39,2909.39,2909.24,2909.43,2909.2
4000,4000,4000,4000,4000,4000,4000,4000,4000
4000,4000,4000,4000,4000,4000,4000,4000,4000
4000,4000,4000,4000,4000,4000,4000,4000,4000
4000,4000,4000,4000,4000,4000,4000,4000,4000
4000,4000,4000,4000,4000,4000,4000,4000,4000
4000,4000,4000,4000,4000,4000,4000,4000,4000
1024.13,1024.38,1024.55,1940.8,1024.21,1024.71,1024.32,1024.33,1024.36
-970.027,-969.645,-970.031,-970.051,-969.452,2081,-969.322,-970.24,-969.975
-980.445,-981.385,-982.408,-982.388,-984.561,2283.46,-982.567,-982.22,-980.866
2378.24,442.651,441.62,441.455,442.455,439.789,441.337,440.261,442.026
2415.85,1280.31,1283.08,1281.17,1282.02,1283,1281.45,1280.99,1280.72
1722.74,1723.45,1723.04,2417.29,1723.41,1723.25,1723.84,1725.1,1723.98
1781.75,1781.49,1781.81,2372.64,1781.9,1781.54,1781.81,1781.72,1781.58
3072.02,3071.91,3072.16,3071.93,3071.86,3072.1,3071.96,3072,3072.18
4000,4000,4000,4000,4000,4000,4000,4000,4000
4000,4000,4000,4000,4000,4000,4000,4000,4000
4000,4000,4000,4000,4000,4000,4000,4000,4000
4000,4000,4000,4000,4000,4000,4000,4000,4000
4000,4000,4000,4000,4000,4000,4000,4000,4000
4000,4000,4000,4000,4000,4000,4000,4000,4000
595.493,596.394,595.889,596.856,595.717,2017.99,597.246,596.11,597.018
-985.457,2048.2,-985.251,-984.469,-984.114,-984.977,-985.496,-985.451,-985.482
-983.447,-982.778,-982.824,-983.215,-983.437,-983.058,-983.497,2142.87,-983.453
-927.925,-927.432,2298.69,-927.4,-924.39,-927.253,-925.749,-926.026,-929.181
2415.93,1397.68,1396.81,1398.27,1396.45,1396.99,1397.02,1397.38,1397.08
1676.17,1676.29,1677.73,1679.09,1677.21,1676.57,2389.55,1677.08,1676.26
1758.75,1759.3,1759.32,1759.04,1758.78,1759.04,2339.35,1758.6,1759.01
3136.82,3136.79,3136.92,3136.99,3136.89,3137.06,3136.74,3136.87,3136.92
4000,4000,4000,4000,4000,4000,4000,4000,4000
4000,4000,4000,4000,4000,4000,4000,4000,4000
4000,4000,4000,4000,4000,4000,4000,4000,4000
4000,4000,4000,4000,4000,4000,4000,4000,4000
4000,4000,4000,4000,4000,4000,4000,4000,4000
4000,4000,4000,4000,4000,4000,4000,4000,4000
1414.12,1413.66,1414.27,1413.67,1413.77,1576.1,1413.91,1414.28,1413.69
1734.68,-862.113,-863.182,-862.869,-864.064,-861.422,-864.609,-864.685,-865.414
-844.626,-846.226,-847.031,-846.682,-842.297,-847.744,-843.91,2066.03,-843.393
2266.07,-845.971,-843.914,-843.403,-846.993,-844.696,-845.299,-842.857,-842.124
2379.24,1587.2,1587.67,1588.03,1587.62,1587.39,1587.39,1587.63,1587.68
1722.46,1722.85,1722.41,2361.97,1722.56,1722.2,1722.22,1722.21,1722.76
1767.08,1766.96,1766.57,2294.65,1766.64,1766.66,1766.66,1766.9,1766.92
3295.14,3294.72,3295.14,3295.1,3295,3294.73,3295.14,3294.78,3294.91
4000,4000,4000,4000,4000,4000,4000,4000,4000
4000,4000,4000,4000,4000,4000,4000,4000,4000
4000,4000,4000,4000,4000,4000,4000,4000,4000
4000,4000,4000,4000,4000,4000,4000,4000,4000
4000,4000,4000,4000,4000,4000,4000,4000,4000
4000,4000,4000,4000,4000,4000,4000,4000,4000
1980.39,1980.61,1980.39,1980.38,1980.47,1980.49,1980.47,1980.57,1980.24
1569.73,-490.591,-486.529,-496.348,-497.274,-493.527,-496.389,-490.813,-494.908
-739.391,-736.235,-736.086,-733.177,-731.533,-725.642,-738.985,-733.814,1540.22
-619.868,-632.512,-624.01,-631.711,1586.7,-628.568,-626.836,-631.091,-624.487
1686.47,1687.24,1687.04,1687.2,1687.15,1698.25,1687.04,1687.21,1687.23
1719.46,1719.43,1719.37,1719.27,1719.43,1719.44,1722.21,1719.42,1719.45
1778.76,1778.84,1780.1,1778.83,1778.83,1778.85,1778.76,1778.79,1778.64
3374.42,3375.37,3375.07,3374.8,3374.83,3374.83,3375.27,3374.26,3374.82
4000,4000,4000,4000,4000,4000,4000,4000,4000
4000,4000,4000,4000,4000,4000,4000,4000,4000
4000,4000,4000,4000,4000,4000,4000,4000,4000
4000,4000,4000,4000,4000,4000,4000,4000,4000
4000,4000,4000,4000,4000,4000,4000,4000,4000
4000,4000,4000,4000,4000,4000,4000,4000,4000
2033.47,2033.76,2032.4,2033.51,2033.64,2033.73,2033.69,2033.58,2033.68
-951.337,-951.834,-951.719,-949.949,-954.9,-953.842,-950.61,1369.69,-952.624
1529.54,-929.135,-925.905,-930.697,-926.371,-929.568,-930.981,-933.932,-922.571
1537.81,1538.99,1538.25,1538.25,1537.97,1538.79,1538.43,1624.58,1537.35
1796.49,1796.46,1808.92,1796.49,1796.38,1796.44,1796.45,1796.41,1796.5
1808.78,1808.75,1808.78,1808.75,1808.72,1828.81,1808.73,1808.78,1808.78
1894.84,1894.91,1895.65,1894.72,1894.89,1894.91,1894.89,1894.86,1894.91
3592.57,3592.94,3593.54,3593.42,3592.11,3592.84,3592.92,3592.92,3593.1
4000,4000,4000,4000,4000,4000,4000,4000,4000
4000,4000,4000,4000,4000,4000,4000,4000,4000
4000,4000,4000,4000,4000,4000,4000,4000,4000
4000,4000,4000,4000,4000,4000,4000,4000,4000
4000,4000,4000,4000,4000,4000,4000,4000,4000
4000,4000,4000,4000,4000,4000,4000,4000,4000
1425.15,1428.66,1427.56,1482.17,1427.51,1426.96,1428.03,1425.72,1426.85
-959.38,-953.616,-956.791,-957.459,-958.921,1466.87,-953.72,-957.735,-954.416
-967.597,-967.65,-963.049,-963.904,-964.781,-965.431,-967.138,-965.912,1592.28
-417.979,-424.33,-424.401,-426.851,-418.141,-422.539,1646.78,-419.131,-418.747
1743.82,1743.81,1743.77,1775.71,1743.8,1743.8,1743.72,1743.77,1743.82
1826.05,1826.1,1826.02,1826.06,1826.08,1826.15,1826.14,1826.14,1875.14
1968.83,1968.8,1990.78,1968.75,1968.64,1968.72,1968.65,1968.75,1968.77
3600.16,3600.37,3600.67,3599.79,3600.29,3600.44,3600.45,3600.58,3600.51
4000,4000,4000,4000,4000,4000,4000,4000,4000
4000,4000,4000,4000,4000,4000,4000,4000,4000
4000,4000,4000,4000,4000,4000,4000,4000,4000
4000,4000,4000,4000,4000,4000,4000,4000,4000
4000,4000,4000,4000,4000,4000,4000,4000,4000
4000,4000,4000,4000,4000,4000,4000,4000,4000
866.378,866.586,864.875,1440.48,865.033,865.867,866.372,864.687,865.159
1660.91,-989.783,-989.416,-991.721,-993.006,-984.727,-991.612,-992.139,-991.78
-995.361,-996.144,-996.25,-995.749,-995.998,-992.285,1670.05,-990.467,-997.274
1654.33,55.2733,52.1393,63.8078,57.4984,50.2286,57.9801,61.5024,59.9619
1798.6,1798.58,1798.65,1798.61,1798.48,1798.65,1798.63,1798.63,1862.31
1882.48,1882.58,1882.55,1882.47,1882.44,1937.09,1882.45,1882.47,1882.6
2116.06,2116.18,2116.24,2116.27,2116.25,2116.21,2115.97,2116.2,2120.61
3717.97,3717.97,3718.64,3717.88,3718.22,3717.68,3717.54,3717.84,3717.63
4000,4000,4000,4000,4000,4000,4000,4000,4000
4000,4000,4000,4000,4000,4000,4000,4000,4000
4000,4000,4000,4000,4000,4000,4000,4000,4000
4000,4000,4000,4000,4000,4000,4000,4000,4000
4000,4000,4000,4000,4000,4000,4000,4000,4000
4000,4000,4000,4000,4000,4000,4000,4000,4000
2802.88,2802.81,2802.79,2802.57,2802.73,2802.98,2802.8,2802.9,2802.84
1770.32,1618.52,1618.21,1618.48,1617.75,1617.48,1618.51,1617.74,1618.55
1650.14,1650.23,1908.9,1650.25,1650.24,1649.54,1650.24,1650.24,1650.22
1635.93,1635.69,1636.26,1636.49,1853.69,1636.46,1636.54,1636.53,1635.17
1811.81,1811.84,1811.82,1811.77,1811.8,2052.06,1811.79,1811.83,1811.8
1922.05,1922.17,2109.76,1922.13,1922.14,1922.18,1922.14,1922.15,1922.11
2343.89,2343.96,2345.36,2343.72,2343.89,2343.9,2343.78,2343.95,2343.88
3844.66,3844.25,3844.53,3844.47,3844.63,3844.53,3844.27,3844.16,3844.53
4000,4000,4000,4000,4000,4000,4000,4000,4000
4000,4000,4000,4000,4000,4000,4000,4000,4000
4000,4000,4000,4000,4000,4000,4000,4000,4000
4000,4000,4000,4000,4000,4000,4000,4000,4000
4000,4000,4000,4000,4000,4000,4000,4000,4000
4000,4000,4000,4000,4000,4000,4000,4000,4000
2190.97,2190.95,2190.16,2190.94,2190.93,2342.5,2190.86,2190.62,2190.97
1082.36,1079.8,1081.81,1080.9,1079.97,2389.48,1080.7,1081.5,1078.82
1641.6,1641.94,2392.21,1641.58,1641.63,1641.77,1641.51,1641.61,1641.63
1706.22,1706.23,1706.28,1705.93,1705.96,2388.57,1705.87,1705.93,1705.93
1808.3,1808.85,1808.71,1808.42,1808.95,1809.15,1808.5,1808.34,2399.6
1735.82,2412.23,1736.91,1736.11,1734.8,1736.2,1736.27,1735.89,1737
1902.53,2406.85,1902.87,1902.83,1902.83,1903.57,1902.38,1902.5,1901.99
3446.18,3446.21,3446.61,3446.56,3446.64,3446.66,3446.24,3446.55,3446.22
4000,4000,4000,4000,4000,4000,4000,4000,4000
4000,4000,4000,4000,4000,4000,4000,4000,4000
4000,4000,4000,4000,4000,4000,4000,4000,4000
4000,4000,4000,4000,4000,4000,4000,4000,4000
4000,4000,4000,4000,4000,4000,4000,4000,4000
4000,4000,4000,4000,4000,4000,4000,4000,4000
1997.88,1997.8,1997.74,1998.36,1998.41,2348.14,1998.23,1998.52,1997.5
-9.25159,-5.7096,-15.5489,-14.4921,-10.7246,2377.54,-7.89902,-13.7914,-17.3536
-168.369,-169.45,-162.14,-164.827,2360.79,-166.084,-169.5,-162.258,-158.943
1322.31,1321.09,1321.08,1318.31,1318.71,1317.73,1317.42,1320.09,2380.88
1556.86,1556.99,1556.5,1556.27,1556.3,2407.33,1557.67,1558.78,1557.68
2424.28,660.889,661.471,661.733,662.579,660.864,662.059,661.075,661.826
2418.86,1569.04,1568.3,1568.86,1568.72,1568.01,1569.11,1567.92,1567.33
3552.37,3552.78,3552.55,3552.65,3552.64,3552.88,3552.67,3552.48,3552.33
4000,4000,4000,4000,4000,4000,4000,4000,4000
4000,4000,4000,4000,4000,4000,4000,4000,4000
4000,4000,4000,4000,4000,4000,4000,4000,4000
4000,4000,4000,4000,4000,4000,4000,4000,4000
4000,4000,4000,4000,4000,4000,4000,4000,4000
4000,4000,4000,4000,4000,4000,4000,4000,4000
985.734,985.672,986.132,985.879,985.105,985.513,985.53,2272.24,985.526
-910.518,-904.247,-903.446,-909.483,-909.722,2330.27,-906.646,-904.461,-907.08
-894.616,-892.181,-887.292,-888.881,-886.692,-896.551,-893.858,2390.02,-886.154
-639.985,-634.971,-638.519,-638.73,2411.05,-639.874,-645.698,-646.394,-645.892
115.918,114.79,119.432,113.893,2424.77,116.522,114.518,116.955,117.085
2424.55,1051.59,1051.64,1046.67,1046.07,1048.47,1051.03,1051.2,1046.36
2409.26,1806.1,1807.11,1806.93,1806.57,1805.84,1805.46,1806.01,1807.2
3266.89,3267.08,3266.97,3266.8,3266.91,3266.9,3267.18,3267.1,3266.7
4000,4000,4000,4000,4000,4000,4000,4000,4000
4000,4000,4000,4000,4000,4000,4000,4000,4000
4000,4000,4000,4000,4000,4000,4000,4000,4000
4000,4000,4000,4000,4000,4000,4000,4000,4000
4000,4000,4000,4000,4000,4000,4000,4000,4000
4000,4000,4000,4000,4000,4000,4000,4000,4000
109.917,109.972,109.483,110.531,110.563,2163.7,110.558,109.885,109.765
-959.738,2271.52,-958.761,-960.05,-959.212,-958.612,-960.093,-958.033,-959.336
-936.779,-934.887,-936.024,-937.72,-936.093,2351.03,-937.41,-933.662,-935.318
-850.314,-848.476,2373.05,-847.474,-843.103,-843.175,-851.083,-851.746,-849.768
1449.8,1446.95,1445.66,2411.89,1446.86,1447.78,1446.62,1446.98,1447.91
1436.32,1433.15,1433.54,2408.64,1433.16,1433.68,1434.71,1434.62,1435.34
2372.11,1643.39,1641.82,1642.36,1641.33,1641.99,1641.38,1643.42,1641.7
2640.25,2640.26,2640.1,2640.22,2640.13,2640.18,2640.17,2640.12,2640.22
4000,4000,4000,4000,4000,4000,4000,4000,4000
4000,4000,4000,4000,4000,4000,4000,4000,4000
4000,4000,4000,4000,4000,4000,4000,4000,4000
4000,4000,4000,4000,4000,4000,4000,4000,4000
4000,4000,4000,4000,4000,4000,4000,4000,4000
4000,4000,4000,4000,4000,4000,4000,4000,4000
650.835,651.834,652.143,650.806,651.23,651.875,651.765,651.906,1925.22
-961.752,-961.204,-961.398,2088.67,-961.785,-961.837,-961.112,-961.378,-961.713
-972.27,-972.779,-971.931,-972.103,-972.557,-972.777,-972.766,-972.291,2171.68
-973.256,-967.884,-972.735,-971.151,-973.046,-972.342,-973.786,2347.1,-971.886
2409.22,1522.71,1522.92,1519.82,1520.16,1520.6,1520.69,1519.63,1521.13
1676.15,1676.49,1675.8,2376.03,1675.83,1675.35,1676.44,1676.25,1675.93
2330.42,1758.75,1758.68,1758.75,1758.69,1758.55,1758.64,1758.33,1759.05
3318.6,3318.78,3318.9,3318.66,3318.94,3318.65,3319.07,3318.68,3318.7
4000,4000,4000,4000,4000,4000,4000,4000,4000
4000,4000,4000,4000,4000,4000,4000,4000,4000
4000,4000,4000,4000,4000,4000,4000,4000,4000
4000,4000,4000,4000,4000,4000,4000,4000,4000
4000,4000,4000,4000,4000,4000,4000,4000,4000
4000,4000,4000,4000,4000,4000,4000,4000,4000
1983.61,1984.34,1984.53,1983.86,1983.85,1984.85,1984.12,1984.42,1984.05
-111.696,-115.473,1646.17,-116.221,-115.574,-111.641,-114.079,-114.19,-114.487
-970.686,-973.647,-972.932,1887.06,-970.785,-974.044,-972.527,-972.537,-972.897
-948.336,-947.373,-949.988,-948.454,-947.175,-949.342,-947.267,2142.42,-948.279
2369.64,1599.37,1599.39,1599.8,1599.4,1599.35,1599.38,1599.47,1599.63
2341.07,1713.35,1713.32,1713.33,1713.24,1713.65,1713.37,1713.43,1713.73
1757.21,1757.5,1757.2,2220.45,1757.16,1757.16,1757.02,1757.1,1757.16
3483.81,3483.86,3483.85,3483.73,3484.22,3483.85,3484.22,3483.9,3484.2
4000,4000,4000,4000,4000,4000,4000,4000,4000
4000,4000,4000,4000,4000,4000,4000,4000,4000
4000,4000,4000,4000,4000,4000,4000,4000,4000
4000,4000,4000,4000,4000,4000,4000,4000,4000
4000,4000,4000,4000,4000,4000,4000,4000,4000
4000,4000,4000,4000,4000,4000,4000,4000,4000
2189.79,2189.71,2188.64,2189.82,2189.68,2189.28,2189.96,2189.93,2188.75
-838.288,-836.38,-842.058,1471.6,-841.277,-843.995,-843.233,-840.013,-836.406
-787.179,-781.34,-775.166,-780.957,-782.402,-777.92,1516.3,-776.694,-783.988
1626.59,1602.8,1602.85,1602.81,1602.71,1602.52,1602.88,1602.3,1602.88
1746,1744.27,1744.3,1744.3,1744.24,1744.25,1744.32,1744.42,1744.18
1771.8,1771.79,1771.88,1771.8,1771.74,1773.8,1771.84,1771.86,1771.72
1884.68,1884.91,1884.6,1884.51,1884.45,1884.6,1884.59,1884.68,1884.69
3700.58,3700.35,3701.58,3701.69,3701.63,3700.79,3700.83,3700.13,3700.63
4000,4000,4000,4000,4000,4000,4000,4000,4000
4000,4000,4000,4000,4000,4000,4000,4000,4000
4000,4000,4000,4000,4000,4000,4000,4000,4000
4000,4000,4000,4000,4000,4000,4000,4000,4000
4000,4000,4000,4000,4000,4000,4000,4000,4000
4000,4000,4000,4000,4000,4000,4000,4000,4000
1824.66,1824.68,1824.95,1824.47,1824.8,1824.67,1824.57,1824.5,1823.31
-929.957,-921.309,-933.5,1490.19,-924.703,-929.015,-930.689,-926.172,-926.713
-976.976,-978.233,-986.344,-977.572,-983.037,1508.1,-980.698,-978.891,-979.416
1598.59,-475.57,-482.277,-493.233,-486.076,-485.089,-478.977,-485.069,-489.933
1702.17,1702.17,1702.17,1702.17,1702.15,1702.19,1702.16,1702.18,1722.95
1740.83,1740.9,1740.89,1740.82,1740.89,1756.5,1740.86,1740.8,1740.88
1845.69,1845.65,1848.81,1845.63,1845.35,1845.68,1845.58,1845.63,1845.62
3576.24,3577.09,3575.98,3575.83,3576.1,3576.44,3576.29,3576.46,3577.25
4000,4000,4000,4000,4000,4000,4000,4000,4000
4000,4000,4000,4000,4000,4000,4000,4000,4000
4000,4000,4000,4000,4000,4000,4000,4000,4000
4000,4000,4000,4000,4000,4000,4000,4000,4000
4000,4000,4000,4000,4000,4000,4000,4000,4000
4000,4000,4000,4000,4000,4000,4000,4000,4000
1918.63,1918.98,1917.42,1917.4,1918.43,1918.27,1918.3,1918.59,1918.44
-420.856,1477.54,-418.294,-423.999,-418.825,-424.108,-422.502,-423.669,-421.732
-997.107,-997.428,1439.72,-993.541,-992.237,-992.444,-993.792,-992.356,-995.019
-764.766,-762.035,-748.855,-767.268,-761.568,-751.786,-755.259,1636.03,-760.411
1721.04,1721,1817.29,1721.01,1720.86,1721.01,1721,1721.01,1721.02
1795.76,1795.72,1825.3,1795.58,1795.76,1795.67,1795.73,1795.76,1795.74
1953.22,1953.35,1956.99,1953.16,1953.29,1953.29,1953.11,1953.28,1953.33
3689.73,3689.46,3690,3690.55,3689.46,3689.7,3690.15,3690.35,3690.94
4000,4000,4000,4000,4000,4000,4000,4000,4000
4000,4000,4000,4000,4000,4000,4000,4000,4000
4000,4000,4000,4000,4000,4000,4000,4000,4000
4000,4000,4000,4000,4000,4000,4000,4000,4000
4000,4000,4000,4000,4000,4000,4000,4000,4000
4000,4000,4000,4000,4000,4000,4000,4000,4000
2112.88,2112.93,2112.97,2112.95,2112.74,2111.95,2112.98,2112.16,2112.58
-286.214,1499.12,-277.16,-276.545,-279.66,-270.259,-277.959,-273.986,-276.354
1602.21,-938.601,-941.31,-954.047,-942.28,-945.75,-932.408,-942.509,-946.25
-338.891,-337.948,-331.075,-335.256,1720.01,-331.075,-332.534,-337.853,-328.666
1744.96,1744.92,1851.55,1744.92,1744.93,1744.93,1744.64,1744.92,1744.87
1822.69,1822.59,1909.78,1822.69,1822.29,1822.58,1822.69,1822.62,1822.64
2024.37,2024.48,2024.47,2024.53,2024.41,2024.44,2024.53,2024.48,2036.55
3666.46,3665.96,3666.52,3666.44,3666.59,3666.39,3666.52,3666.71,3666.53
4000,4000,4000,4000,4000,4000,4000,4000,4000
4000,4000,4000,4000,4000,4000,4000,4000,4000
4000,4000,4000,4000,4000,4000,4000,4000,4000
4000,4000,4000,4000,4000,4000,4000,4000,4000
4000,4000,4000,4000,4000,4000,4000,4000,4000
4000,4000,4000,4000,4000,4000,4000,4000,4000
2574.34,2574.41,2574.38,2574.32,2574.35,2574.44,2574.31,2574.43,2574.4
1155.02,1154.3,1153.39,1154.73,1155.18,1152.03,1153.31,1155.23,1607.28
1729,1729.09,1802.74,1729.18,1729.15,1729.17,1729.22,1729.03,1729.19
1758.78,1758.86,1887.04,1758.8,1758.59,1758.81,1758.66,1758.74,1758.84
1780.42,1780.62,1780.63,1780.57,1780.66,1780.62,1780.58,1780.57,1919.61
1880.94,1881.01,1881,1880.9,1881.02,2004.24,1880.81,1880.93,1881.02
2266.64,2266.64,2272.13,2266.58,2266.63,2266.55,2266.53,2266.55,2266.6
3839.84,3840.58,3839.86,3839.69,3840.54,3839.86,3840.26,3840.19,3839.65
4000,4000,4000,4000,4000,4000,4000,4000,4000
4000,4000,4000,4000,4000,4000,4000,4000,4000
4000,4000,4000,4000,4000,4000,4000,4000,4000
4000,4000,4000,4000,4000,4000,4000,4000,4000
4000,4000,4000,4000,4000,4000,4000,4000,4000
4000,4000,4000,4000,4000,4000,4000,4000,4000
2195.96,2195.99,2195.84,2196.06,2194.69,2198.15,2196.11,2195.91,2196.07
830.505,831.376,831.752,829.573,830.96,832.302,831.703,1846.09,830.493
783.955,780.423,774.521,777.687,781.412,785.946,781.595,1855.28,777.357
1655.34,1654.15,1655.34,1655.39,1655.39,1823.64,1655.36,1654.86,1655.23
1800.25,1800.23,1800.25,1800.18,1800.07,1965.3,1800.21,1800.26,1800.28
1894.29,1894.29,2072.53,1894.31,1894.29,1894.29,1894.08,1894.28,1894.3
2463.46,2463.57,2463.55,2463.5,2463.52,2463.56,2463.49,2463.45,2463.57
3912.59,3912.58,3912.22,3912.19,3912.02,3912.37,3912.77,3912.05,3912.51
4000,4000,4000,4000,4000,4000,4000,4000,4000
4000,4000,4000,4000,4000,4000,4000,4000,4000
4000,4000,4000,4000,4000,4000,4000,4000,4000
4000,4000,4000,4000,4000,4000,4000,4000,4000
4000,4000,4000,4000,4000,4000,4000,4000,4000
4000,4000,4000,4000,4000,4000,4000,4000,4000
2338.04,2338.11,2338.11,2338.12,2338.12,2363.76,2338.1,2337.94,2338.04
1046.2,1045.89,2384.41,1044.87,1043.92,1045.62,1045.49,1045,1045.85
1386.54,1386.41,1385.95,1386.11,2387.12,1383.53,1387.26,1386.71,1387.21
1657.09,1655.87,2404.41,1657.22,1657.2,1657.22,1657.6,1657.5,1657.21
1765.18,1764.82,2422.27,1765.47,1764.75,1765.14,1764.83,1764.89,1764.82
1838.22,1837.89,1837.6,1837.66,2426.51,1837.64,1837.33,1837.28,1837.33
2102.52,2368.3,2102.54,2102.35,2102.55,2102.5,2102.52,2102.53,2102.52
3834.4,3833.89,3833.96,3834.05,3834.6,3834.59,3834.46,3834.33,3834.35
4000,4000,4000,4000,4000,4000,4000,4000,4000
4000,4000,4000,4000,4000,4000,4000,4000,4000
4000,4000,4000,4000,4000,4000,4000,4000,4000
4000,4000,4000,4000,4000,4000,4000,4000,4000
4000,4000,4000,4000,4000,4000,4000,4000,4000
4000,4000,4000,4000,4000,4000,4000,4000,4000
1172.3,2217.47,1172.96,1172.91,1172.79,1172.99,1172.88,1173.83,1173.78
-825.074,-821.869,-829.905,-826.554,-826.573,2354.68,-824.96,-827.121,-827.97
-861.37,-860.384,2391.11,-864.425,-863.961,-863.873,-862.72,-862.479,-860.873
-578.299,-581.933,-584.938,-578.12,2400.56,-582.341,-587.089,-588.565,-584.734
1462.74,2421.89,1461.11,1461.64,1460.74,1461.54,1461.28,1461.12,1462.27
2419.61,1787.31,1788,1787.36,1788.21,1787.39,1787.64,1788.21,1788.2
2391.73,1936.8,1936.93,1937.13,1936.94,1936.89,1936.95,1936.95,1936.85
3623.98,3623.95,3624,3623.8,3623.57,3624.06,3623.71,3623.98,3623.84
4000,4000,4000,4000,4000,4000,4000,4000,4000
4000,4000,4000,4000,4000,4000,4000,4000,4000
4000,4000,4000,4000,4000,4000,4000,4000,4000
4000,4000,4000,4000,4000,4000,4000,4000,4000
4000,4000,4000,4000,4000,4000,4000,4000,4000
4000,4000,4000,4000,4000,4000,4000,4000,4000
670.736,670.819,670.913,670.548,2163.58,670.671,671.304,669.798,670.823
-912.77,-914.673,2275.19,-914.779,-913.615,-915.3,-915.164,-914.613,-913.553
-924.722,-931.55,-922.049,-926.63,-927.211,-925.484,-928.023,2372.83,-932.281
28.5707,2394.19,26.7031,25.2334,25.8318,29.3076,36.4243,29.7248,24.699
2367.13,1722.04,1722.03,1722.05,1722.07,1722.02,1722.03,1722.06,1722.06
2385.1,1763.43,1763.43,1763.12,1763.46,1763.03,1763.12,1763.43,1763.08
1841.11,2318.88,1841.56,1841.54,1841.53,1841.54,1841.52,1841.51,1841.54
3618.1,3617.7,3617.82,3618.14,3617.67,3617.96,3618.14,3618.07,3617.92
4000,4000,4000,4000,4000,4000,4000,4000,4000
4000,4000,4000,4000,4000,4000,4000,4000,4000
4000,4000,4000,4000,4000,4000,4000,4000,4000
4000,4000,4000,4000,4000,4000,4000,4000,4000
4000,4000,4000,4000,4000,4000,4000,4000,4000
4000,4000,4000,4000,4000,4000,4000,4000,4000
1334.53,1334.44,1334.79,1838.13,1334.96,1334.91,1335.08,1334.58,1334.57
-970.289,-969.524,-970.38,-970.07,-971.819,-970.511,-971.545,1850.52,-971.449
-963.458,-965.742,-962.869,-966.135,-963.49,-965.114,-966.295,-962.77,1984.46
-906.001,-905.051,-906.123,-908.787,-906.07,-902.404,-905.336,2274.91,-901.087
2415.81,1475.9,1474.61,1473.84,1475.84,1475.15,1476.11,1475.95,1475
2402.55,1697.15,1696.99,1697.48,1698.15,1696.74,1698.32,1697.67,1697.71
2334.14,1746.45,1746.52,1746.84,1746.77,1746.47,1746.52,1746.51,1746.49
3227.49,3227.45,3227.25,3227.27,3227.47,3227.19,3227.09,3227.04,3227.32
4000,4000,4000,4000,4000,4000,4000,4000,4000
4000,4000,4000,4000,4000,4000,4000,4000,4000
4000,4000,4000,4000,4000,4000,4000,4000,4000
4000,4000,4000,4000,4000,4000,4000,4000,4000
4000,4000,4000,4000,4000,4000,4000,4000,4000
4000,4000,4000,4000,4000,4000,4000,4000,4000
1210.39,1210.15,1210.21,1210.11,1559.39,1210.15,1210.36,1209.8,1210.14
-973.999,-973.162,-975.789,1741.84,-973.102,-975.281,-973.948,-974.006,-973.785
-986.708,-986.449,-986.111,-986.913,-986.805,-986.907,-986.922,-986.926,1879.07
-980.954,2239.78,-980.855,-979.717,-981.51,-978.338,-978.515,-981.177,-980.58
2373.9,1540.81,1542.03,1542.38,1539.69,1540.81,1541.63,1541.25,1540.81
2342.26,1687.13,1687.76,1688.36,1687.14,1687.39,1687.49,1687.14,1687.35
2240.27,1727.22,1726.96,1727.51,1726.91,1727.16,1726.84,1726.96,1726.81
3392.63,3392.58,3392.6,3392.89,3392.93,3392.81,3392.84,3392.4,3392.84
4000,4000,4000,4000,4000,4000,4000,4000,4000
4000,4000,4000,4000,4000,4000,4000,4000,4000
4000,4000,4000,4000,4000,4000,4000,4000,4000
4000,4000,4000,4000,4000,4000,4000,4000,4000
4000,4000,4000,4000,4000,4000,4000,4000,4000
4000,4000,4000,4000,4000,4000,4000,4000,4000
2199.65,2199.3,2199.52,2199.56,2199.57,2199.58,2199.39,2199.62,2199.34
757.653,762.149,759.288,762.626,1545.51,758.872,758.925,756.72,760.472
-622.35,-620.842,-617.641,-612.491,-618.322,-614.843,-622.432,1478.03,-617.476
933.912,932.888,931.761,937.056,933.428,1593.35,933.519,934.073,933.525
1670.98,1671,1670.99,1670.9,1671,1670.88,1671,1675.27,1670.98
1702.03,1697.62,1697.66,1697.61,1697.6,1697.57,1697.56,1697.65,1697.61
1778.84,1778.86,1778.87,1779.15,1778.88,1778.93,1778.8,1778.88,1778.89
3656.44,3655.86,3655.53,3655.15,3655.56,3655.38,3655.08,3655.68,3655.16
4000,4000,4000,4000,4000,4000,4000,4000,4000
4000,4000,4000,4000,4000,4000,4000,4000,4000
4000,4000,4000,4000,4000,4000,4000,4000,4000
4000,4000,4000,4000,4000,4000,4000,4000,4000
4000,4000,4000,4000,4000,4000,4000,4000,4000
4000,4000,4000,4000,4000,4000,4000,4000,4000
1819.32,1819.24,1819.21,1819.35,1819.07,1819.26,1819.27,1819.44,1819.33
-716.565,1462.17,-720.07,-723.212,-707.425,-716.883,-719.371,-716.715,-720.363
-412.044,-399.941,-405.509,-406.346,-409.927,-408.457,-405.479,1533.6,-407.96
760.55,754.392,1620.91,757.419,758.596,764.799,766.605,760.125,755.462
1691.17,1691.17,1691.17,1691.12,1691.05,1691.12,1691.09,1691.15,1707.97
1703.97,1704.02,1703.86,1703.97,1704.03,1708.8,1704.01,1704.01,1703.94
1775.08,1775.08,1775.19,1775,1775.01,1774.89,1775.08,1775.09,1775.09
3612.34,3611.32,3611.71,3610.96,3611.5,3611.56,3610.92,3610.72,3610.69
4000,4000,4000,4000,4000,4000,4000,4000,4000
4000,4000,4000,4000,4000,4000,4000,4000,4000
4000,4000,4000,4000,4000,4000,4000,4000,4000
4000,4000,4000,4000,4000,4000,4000,4000,4000
4000,4000,4000,4000,4000,4000,4000,4000,4000
4000,4000,4000,4000,4000,4000,4000,4000,4000
1774.51,1774.46,1774.38,1773.93,1774.49,1773.21,1774.18,1774.37,1773.33
-950.998,-949.389,-947.157,-950.126,-946.341,-945.547,1361.38,-942.688,-948.201
-986.504,-992.193,-991.253,-989.704,-990.569,-991.888,1460.01,-992.033,-989.504
-727.877,-746.615,-748.883,-744.978,-738.324,-737.806,1620.69,-740.922,-750.158
1672.74,1672.77,1793.11,1672.73,1672.72,1672.76,1672.76,1672.75,1672.79
1723.83,1723.79,1723.8,1723.79,1723.66,1861.13,1723.75,1723.78,1723.83
1806.13,1806.11,1848.18,1806.12,1806.11,1806.1,1806.09,1806.12,1806.13
3542.83,3542.86,3543.37,3543.07,3543.69,3543.09,3542.98,3543.13,3542.68
4000,4000,4000,4000,4000,4000,4000,4000,4000
4000,4000,4000,4000,4000,4000,4000,4000,4000
4000,4000,4000,4000,4000,4000,4000,4000,4000
4000,4000,4000,4000,4000,4000,4000,4000,4000
4000,4000,4000,4000,4000,4000,4000,4000,4000
4000,4000,4000,4000,4000,4000,4000,4000,4000
1480.07,1480.84,1479.79,1480.83,1480.83,1480.85,1480.16,1480.86,1485.73
-980.905,-977.164,-978.556,1350.73,-978.513,-981.203,-980.412,-982.255,-975.834
-972.832,-975.252,-981.868,-976.781,-983.026,-979.257,-975.258,1707.45,-980.052
738.437,736.109,739.358,733.438,736.888,736.245,1824.26,739.201,742.236
1749.77,1749.69,1833.63,1749.76,1749.75,1749.77,1749.65,1749.71,1749.78
1782.43,1782.43,1866.47,1782.35,1782.43,1782.41,1782.23,1782.38,1782.3
1926.05,1926.12,1949.96,1925.92,1926.12,1925.95,1925.81,1925.96,1926.09
3647.27,3646.44,3647.14,3646.64,3646.73,3646.84,3646.74,3647.08,3646.93
4000,4000,4000,4000,4000,4000,4000,4000,4000
4000,4000,4000,4000,4000,4000,4000,4000,4000
4000,4000,4000,4000,4000,4000,4000,4000,4000
4000,4000,4000,4000,4000,4000,4000,4000,4000
4000,4000,4000,4000,4000,4000,4000,4000,4000
4000,4000,4000,4000,4000,4000,4000,4000,4000
2413.25,2413.26,2413.34,2413.3,2413.24,2413.32,2413.34,2413.32,2413.26
1400.54,1400.55,1401.63,1401.54,1401.73,1401.13,1445.93,1401.64,1400.85
1754.92,1754.88,1754.91,1754.92,1754.86,1754.93,1756.38,1754.97,1754.85
1741.09,1744.2,1741.11,1741.11,1741.08,1741.09,1741.12,1741.11,1741.04
1764.5,1764.42,1764.49,1764.51,1764.32,1764.45,1764.5,1764.36,1775.79
1802.17,1802.36,1838.44,1802.29,1802.1,1802.35,1802.34,1802.29,1802.3
2032.38,2032.35,2038.18,2032.44,2032.27,2032.28,2032.28,2032.4,2032.37
3766.71,3767.49,3766.77,3766.74,3767.04,3766.3,3766.29,3765.98,3766.43
4000,4000,4000,4000,4000,4000,4000,4000,4000
4000,4000,4000,4000,4000,4000,4000,4000,4000
4000,4000,4000,4000,4000,4000,4000,4000,4000
4000,4000,4000,4000,4000,4000,4000,4000,4000
4000,4000,4000,4000,4000,4000,4000,4000,4000
4000,4000,4000,4000,4000,4000,4000,4000,4000
1594.59,1593.8,1594.52,1594.17,1593.81,1718.01,1594.78,1594.62,1594.51
-524.187,-525.818,-527.553,-531.687,-530.978,-521.105,1989.31,-523.829,-522.084
281.828,1934.43,279.34,285.781,281.334,289.291,279.778,279.999,285.329
1662.8,1662.81,2302.76,1662.75,1662.04,1662.84,1662.8,1661.6,1662.76
1744.96,1745.22,2424.83,1744.97,1745.36,1744.99,1744.97,1744.98,1745.29
1824.76,1824.41,2429.94,1824.77,1825.27,1825.45,1824.46,1824.42,1824.5
2305.85,2306.07,2336.33,2306,2306,2306.07,2306.08,2306.08,2306.08
3892.55,3893.16,3892.68,3892.35,3892.53,3892.73,3892.97,3893.15,3892.36
4000,4000,4000,4000,4000,4000,4000,4000,4000
4000,4000,4000,4000,4000,4000,4000,4000,4000
4000,4000,4000,4000,4000,4000,4000,4000,4000
4000,4000,4000,4000,4000,4000,4000,4000,4000
4000,4000,4000,4000,4000,4000,4000,4000,4000
4000,4000,4000,4000,4000,4000,4000,4000,4000
2541.88,2541.93,2541.93,2541.72,2541.79,2541.9,2540.71,2541.76,2541.22
1437.09,1437.29,2225.44,1436.59,1436.6,1436.88,1437.36,1436.75,1436.97
1580.27,1579.68,2386.26,1580.29,1580.7,1580.3,1580.3,1580.31,1580.29
1616.06,1615.85,2396.23,1616.22,1615.38,1616.61,1616.13,1615.8,1616.23
1679.52,1679.5,2410.33,1679.52,1679.53,1679.47,1679.35,1679.46,1679.54
1840.5,2403.03,1840.53,1840.54,1840.53,1840.47,1840.46,1840.47,1840.53
2249.25,2249.23,2302.43,2249.25,2248.05,2249.26,2249.06,2249.05,2249.22
3885.4,3885.58,3885.57,3885.32,3885.52,3884.94,3885.06,3885.44,3885.54
4000,4000,4000,4000,4000,4000,4000,4000,4000
4000,4000,4000,4000,4000,4000,4000,4000,4000
4000,4000,4000,4000,4000,4000,4000,4000,4000
4000,4000,4000,4000,4000,4000,4000,4000,4000
4000,4000,4000,4000,4000,4000,4000,4000,4000
4000,4000,4000,4000,4000,4000,4000,4000,4000
1675.89,1676.52,1676.86,1676.36,1675.64,1733.77,1676.76,1675.66,1676.83
-900.503,-899.769,2189.13,-904.97,-905.945,-898.438,-905.972,-911.535,-907.452
-845.158,-835.476,-826.767,-831.053,-832.278,-829.494,2111.35,-833.574,-838.766
-314.816,-314.292,2220.35,-310.693,-307.241,-308.094,-311.055,-312.999,-319.626
1702.99,1703.08,1703.06,2339.73,1702.2,1703.1,1703.09,1703.07,1703.1
1815.65,2277.73,1815.73,1815.71,1815.69,1815.68,1815.64,1815.73,1815.71
2171.61,2012.55,2012.56,2012.62,2012.37,2012.6,2012.48,2012.38,2012.63
3777.91,3778.59,3777.94,3778.17,3777.97,3777.91,3778.4,3778.46,3777.96
4000,4000,4000,4000,4000,4000,4000,4000,4000
4000,4000,4000,4000,4000,4000,4000,4000,4000
4000,4000,4000,4000,4000,4000,4000,4000,4000
4000,4000,4000,4000,4000,4000,4000,4000,4000
4000,4000,4000,4000,4000,4000,4000,4000,4000
4000,4000,4000,4000,4000,4000,4000,4000,4000
1853.09,1380.32,1379.37,1379.4,1380.19,1379.98,1380.05,1379.36,1379.83
-875.417,-868.704,-870.407,-873.586,-869.82,-868.171,-874.276,1969.99,-873.656
-936.368,-934.806,-936.281,-936.973,-936.425,-936.607,2288.02,-936.25,-935.565
-892.415,-894.703,2371.69,-895.933,-893.371,-893.747,-891.473,-892.377,-897.533
2423.97,1641.84,1642.45,1641.75,1641.25,1641.9,1641.24,1641.64,1641.96
2398.6,1761.92,1761.88,1761.82,1762.19,1761.87,1761.89,1761.93,1761.92
2334.05,1867.19,1867.03,1867.23,1866.97,1867.03,1867.15,1867.19,1867.21
3672.87,3673.11,3672.24,3672.78,3673.09,3672.7,3672.81,3672.65,3672.65
4000,4000,4000,4000,4000,4000,4000,4000,4000
4000,4000,4000,4000,4000,4000,4000,4000,4000
4000,4000,4000,4000,4000,4000,4000,4000,4000
4000,4000,4000,4000,4000,4000,4000,4000,4000
4000,4000,4000,4000,4000,4000,4000,4000,4000
4000,4000,4000,4000,4000,4000,4000,4000,4000
1745.58,1626.24,1626.01,1626.5,1625.71,1625.82,1625.37,1625.92,1626.5
-914.986,-911.613,1718.94,-914.821,-911.497,-912.97,-914.107,-912.091,-911.912
-939.643,-937.406,-942.275,-939.762,-937.309,-940.658,-936.105,-938.621,1910.19
-685.898,-691.77,-685.975,2332.47,-682.634,-688.221,-684.765,-689.496,-685.984
1634.05,1633.2,2334.12,1633.26,1633.04,1632.82,1633.76,1632.84,1632.8
2367.22,1719.54,1719.01,1718.74,1718.7,1718.72,1719.08,1718.72,1719.03
2283.41,1790.16,1790.12,1790.41,1790.19,1790.15,1790.05,1790.17,1790.22
3602.46,3602.47,3602.56,3602.34,3602.18,3602.12,3602.15,3602.11,3602.44
4000,4000,4000,4000,4000,4000,4000,4000,4000
4000,4000,4000,4000,4000,4000,4000,4000,4000
4000,4000,4000,4000,4000,4000,4000,4000,4000
4000,4000,4000,4000,4000,4000,4000,4000,4000
4000,4000,4000,4000,4000,4000,4000,4000,4000
4000,4000,4000,4000,4000,4000,4000,4000,4000
1380.02,1140.31,1140.61,1140.63,1140.66,1140.11,1140.34,1140.08,1139.93
-995.097,-994.551,-995.458,-996.215,-996.086,1408.81,-996.142,-995.815,-995.772
-994.636,-994.638,-994.57,-994.639,-994.633,-994.631,-994.634,-994.642,1555.63
-969.61,-972.122,2142.15,-969.052,-973.249,-969.097,-970.03,-970.998,-967.543
2327.21,1632.2,1632.19,1632.21,1632.55,1633.09,1632.24,1632.2,1632.24
2281.66,1701.39,1701.39,1701.39,1701.38,1701.37,1701.39,1701.39,1701.34
2136.16,1774.42,1774.43,1774.77,1774.33,1774.39,1774.48,1774.43,1774.51
3574.97,3574.54,3575.23,3574.58,3575.21,3574.98,3574.73,3574.87,3574.74
4000,4000,4000,4000,4000,4000,4000,4000,4000
4000,4000,4000,4000,4000,4000,4000,4000,4000
4000,4000,4000,4000,4000,4000,4000,4000,4000
4000,4000,4000,4000,4000,4000,4000,4000,4000
4000,4000,4000,4000,4000,4000,4000,4000,4000
4000,4000,4000,4000,4000,4000,4000,4000,4000
1555.35,1554.96,1558.06,1555.27,1555.19,1554.3,1554.7,1555.32,1555.17
-986.597,-990.898,-986.161,-992.399,-988.721,-987.363,-989.806,-988.526,1363.21
-988.261,-992.221,-992.759,-989.691,-991.326,-989.311,-992.935,1401.24,-984.801
-591.705,-602.14,-597.354,-596.212,1499.21,-602.495,-591.856,-596.086,-589.424
1596.09,1615.69,1596.2,1596.01,1596,1595.99,1596.03,1596.02,1596.05
1638.38,1623.65,1624.61,1624.62,1624.66,1624.58,1624.42,1624.65,1624.51
1660.93,1660.83,1660.89,1660.89,1664.54,1660.93,1660.76,1660.87,1660.82
3584.88,3584.87,3584.93,3585.21,3583.38,3583.99,3583.95,3584.53,3583.87
4000,4000,4000,4000,4000,4000,4000,4000,4000
4000,4000,4000,4000,4000,4000,4000,4000,4000
4000,4000,4000,4000,4000,4000,4000,4000,4000
4000,4000,4000,4000,4000,4000,4000,4000,4000
4000,4000,4000,4000,4000,4000,4000,4000,4000
4000,4000,4000,4000,4000,4000,4000,4000,4000
392.946,391.795,391.325,393.93,392.023,391.719,1353.91,394.537,392.924
-996.682,-996.553,-995.805,1320,-998.184,-998.512,-997.599,-996.842,-999.27
-997.317,-996.039,-998.665,-996.826,-997.559,-997.592,-998.011,1401.26,-997.11
-975.051,-977.679,-978.547,-981.728,1563.21,-984.856,-979.553,-975.336,-982.656
1599.9,1600.33,1742.67,1600.18,1599.71,1600.09,1600.27,1600.31,1599.92
1621.63,1621.49,1621.6,1621.58,1621.6,1706.25,1621.6,1621.56,1621.65
1647.17,1647.14,1647.17,1652.37,1647.1,1647.16,1647.17,1647.19,1647.16
3326.57,3326.28,3326.6,3326.99,3326.57,3326.32,3326.48,3325.96,3326.62
4000,4000,4000,4000,4000,4000,4000,4000,4000
4000,4000,4000,4000,4000,4000,4000,4000,4000
4000,4000,4000,4000,4000,4000,4000,4000,4000
4000,4000,4000,4000,4000,4000,4000,4000,4000
4000,4000,4000,4000,4000,4000,4000,4000,4000
4000,4000,4000,4000,4000,4000,4000,4000,4000
1834.01,1834.03,1834.42,1833.95,1834,1833.81,1832.85,1833.96,1832.93
1618.2,-586.947,-577.584,-578.858,-586.3,-573.526,-587.419,-578.802,-587.511
-961.062,-959.562,1880.63,-949.575,-960.159,-958.846,-963.785,-952.583,-964.046
-281.062,-283.531,-292.995,-294.364,-276.73,-298.914,-284.204,2087.78,-284.343
1654.21,1654.27,1654.26,1654.29,1654.23,1654.23,1654.29,1654.63,1992.53
1697.69,1798.26,1697.58,1697.62,1697.7,1697.47,1697.65,1697.6,1697.67
1760.73,1760.73,1797.29,1760.62,1760.65,1760.63,1760.61,1760.72,1760.71
3498.51,3498.49,3498.86,3499.05,3499.32,3498.45,3498.31,3498.39,3499.2
4000,4000,4000,4000,4000,4000,4000,4000,4000
4000,4000,4000,4000,4000,4000,4000,4000,4000
4000,4000,4000,4000,4000,4000,4000,4000,4000
4000,4000,4000,4000,4000,4000,4000,4000,4000
4000,4000,4000,4000,4000,4000,4000,4000,4000
4000,4000,4000,4000,4000,4000,4000,4000,4000
1379.75,1378.53,1380.06,1380.12,1379.45,1380.36,1453,1377.85,1380.06
-982.922,1333.96,-984.308,-982.921,-986.17,-982.469,-987.645,-985.568,-987.945
1567.26,-985.853,-987.524,-983.937,-983.829,-983.496,-986.033,-985.545,-979.762
264.977,269.473,258.372,266.119,264.195,254.875,264.127,264.85,1749.6
1710.47,1710.45,1710.48,1710.47,1710.5,1710.47,1710.47,1710.36,1736.98
1740.44,1740.43,1740.37,1740.34,1740.48,1740.36,1742.89,1740.2,1740.25
1847.78,1847.94,1848.65,1848.01,1847.94,1847.87,1847.97,1847.89,1847.94
3615.25,3614.65,3614.31,3615.8,3614.7,3615.28,3614.47,3615.11,3615.39
4000,4000,4000,4000,4000,4000,4000,4000,4000
4000,4000,4000,4000,4000,4000,4000,4000,4000
4000,4000,4000,4000,4000,4000,4000,4000,4000
4000,4000,4000,4000,4000,4000,4000,4000,4000
4000,4000,4000,4000,4000,4000,4000,4000,4000
4000,4000,4000,4000,4000,4000,4000,4000,4000
1553.28,1553.55,1553.59,1553.94,1553.05,1553.85,1553.31,1602.92,1552.96
-727.462,-732.862,-727.517,-730.085,-729.737,-729.748,1950.7,-725.208,-730.276
-161.243,-165.288,-167.702,-171.273,-167.001,-159.89,1800.34,-152.978,-155.511
44.1003,33.7141,31.3204,37.3206,32.8452,40.2564,2035.56,41.9574,36.2131
700.074,692.987,698.197,710.154,2243.77,696.662,708.687,703.526,699.968
1707.42,1707.41,1707.42,1707.41,1707.41,1707.63,1707.42,2185.5,1707.34
1849.55,1849.8,1870.91,1849.72,1849.8,1849.77,1849.7,1849.77,1849.81
3515.91,3515.69,3516.03,3516.14,3515.58,3516.2,3515.89,3515.67,3515.82
4000,4000,4000,4000,4000,4000,4000,4000,4000
4000,4000,4000,4000,4000,4000,4000,4000,4000
4000,4000,4000,4000,4000,4000,4000,4000,4000
4000,4000,4000,4000,4000,4000,4000,4000,4000
4000,4000,4000,4000,4000,4000,4000,4000,4000
4000,4000,4000,4000,4000,4000,4000,4000,4000
1388.59,1388.28,1648.72,1387.84,1388.23,1387.96,1388.56,1387.88,1388.49
34.2242,33.4319,32.6737,32.5607,31.5455,2201.49,37.9559,35.7049,37.7979
987.106,987.222,987.744,987.979,2239.02,986.972,990.631,987.21,988.422
1658.86,1658.95,2419.8,1658.94,1658.88,1658.82,1660.18,1659.44,1658.88
1712.87,1711.59,1711.93,1712.46,2422.79,1712.52,1712.24,1711.64,1711.52
1748.04,2428.75,1747.15,1747.18,1747.1,1747.52,1747.88,1747.48,1747.53
2087.78,2087.74,2194.23,2087.78,2087.84,2087.79,2087.76,2087.79,2087.73
3886.32,3886.52,3886.49,3886.32,3886.38,3886.35,3886.9,3886.47,3886.62
4000,4000,4000,4000,4000,4000,4000,4000,4000
4000,4000,4000,4000,4000,4000,4000,4000,4000
4000,4000,4000,4000,4000,4000,4000,4000,4000
4000,4000,4000,4000,4000,4000,4000,4000,4000
4000,4000,4000,4000,4000,4000,4000,4000,4000
4000,4000,4000,4000,4000,4000,4000,4000,4000
1224.17,1224.5,1223.82,1225.2,1224.52,1224.93,1543.35,1226.4,1225.84
-920.149,-920.553,2191.47,-922.844,-927.186,-918.285,-926.339,-918.999,-912.965
-899.605,-899.117,-903.12,-904.36,-902.67,-905.674,-899.852,2083.68,-907.656
927.56,930.388,1978.44,931.101,928.972,930.342,931.162,930.787,929.16
1745.3,1745.28,1745.2,2133.76,1745.31,1745.32,1745.31,1745.22,1745.2
1834.32,2307.11,1834.35,1834.39,1834.4,1834.27,1834.41,1834.32,1834.39
2316.74,2264.82,2264.79,2264.79,2264.83,2264.82,2264.83,2264.59,2264.8
3902.45,3902.24,3902.49,3902.63,3902.33,3902.32,3902.26,3902.6,3901.92
4000,4000,4000,4000,4000,4000,4000,4000,4000
4000,4000,4000,4000,4000,4000,4000,4000,4000
4000,4000,4000,4000,4000,4000,4000,4000,4000
4000,4000,4000,4000,4000,4000,4000,4000,4000
4000,4000,4000,4000,4000,4000,4000,4000,4000
4000,4000,4000,4000,4000,4000,4000,4000,4000
1202.59,1204.1,1748.37,1202.68,1203.31,1202.03,1204.21,1203.39,1202.8
-992.224,-992.449,-988.417,-990.123,-992.215,1954.21,-990.964,-986.848,-991.318
-976.666,-980.386,2267.94,-981.926,-982.304,-981.614,-984.054,-981.439,-982.653
-852.976,-846.402,-854.632,-861.211,2372.87,-855.118,-854.27,-848.993,-851.63
2406.21,1668.51,1668.66,1668.22,1668.19,1668.2,1668.22,1668.22,1668.49
2373.34,1803.05,1802.95,1803.04,1803.02,1803.06,1803.06,1803.03,1803.06
2217.95,2029.95,2029.85,2029.88,2029.54,2029.89,2029.77,2029.84,2029.79
3829.36,3828.7,3829.28,3829.34,3828.67,3828.65,3829.02,3828.94,3829.02
4000,4000,4000,4000,4000,4000,4000,4000,4000
4000,4000,4000,4000,4000,4000,4000,4000,4000
4000,4000,4000,4000,4000,4000,4000,4000,4000
4000,4000,4000,4000,4000,4000,4000,4000,4000
4000,4000,4000,4000,4000,4000,4000,4000,4000
4000,4000,4000,4000,4000,4000,4000,4000,4000
633.063,632.508,632.398,632.359,631.971,632.839,630.767,1462.75,632.028
-993.95,-993.37,-993.749,1837.16,-994.896,-993.604,-993.4,-994.866,-993.952
-985.416,-987.039,-988.602,-984.262,-986.44,1962.77,-984.785,-988.749,-987.624
2234.43,193.067,190.264,196.752,185.867,186.409,189.385,194.97,185.035
1706.78,1707.62,1707.69,1707.49,1707.62,1707.65,1707.69,2129.86,1707.86
2308.14,1751.75,1751.74,1751.87,1751.74,1751.86,1751.75,1751.73,1751.7
1859.43,1859.57,1859.09,2251.2,1859.4,1859.21,1859.26,1859.03,1859.28
3764.6,3764.46,3764.78,3764.79,3764.78,3764.46,3764.31,3764.01,3763.94
4000,4000,4000,4000,4000,4000,4000,4000,4000
4000,4000,4000,4000,4000,4000,4000,4000,4000
4000,4000,4000,4000,4000,4000,4000,4000,4000
4000,4000,4000,4000,4000,4000,4000,4000,4000
4000,4000,4000,4000,4000,4000,4000,4000,4000
4000,4000,4000,4000,4000,4000,4000,4000,4000
2088.2,2088.13,2088.26,2087.9,2088.34,2088.11,2088.42,2088.29,2088.25
-509.854,-503.913,-505.347,1816.47,-508.571,-503.793,-504.063,-508.286,-511.854
-974.878,-976.036,-977.228,-974.926,-976.092,-973.511,-978.056,-977.544,1627.3
-364.694,-364.555,-360.441,-360.401,-366.039,-363.314,-367.794,1999.39,-354.498
2298.37,1677.46,1677.33,1677.38,1677.45,1677.41,1677.55,1677.41,1677.4
2302.46,1730.18,1730.17,1730.16,1730.07,1729.98,1730.14,1730.15,1730.17
2229.98,1828.96,1828.56,1828.67,1828.62,1828.69,1828.62,1828.7,1828.52
3746.93,3747.21,3746.79,3746.87,3747.18,3747.28,3747.08,3746.61,3747.19
4000,4000,4000,4000,4000,4000,4000,4000,4000
4000,4000,4000,4000,4000,4000,4000,4000,4000
4000,4000,4000,4000,4000,4000,4000,4000,4000
4000,4000,4000,4000,4000,4000,4000,4000,4000
4000,4000,4000,4000,4000,4000,4000,4000,4000
4000,4000,4000,4000,4000,4000,4000,4000,4000
1484.99,1485.35,1501.07,1485.28,1485,1484.94,1484.93,1485.34,1484.64
-987.339,-988.287,-986.091,-986.885,-988.206,-988.296,-989.118,-989.166,1280.51
-995.776,1540.14,-995.827,-995.734,-995.716,-995.636,-994.95,-995.876,-995.153
-937.504,-935.078,-935.647,-931.888,-933.045,-930.053,-931.573,1919.36,-935.593
1624.95,1625.55,1625.1,1625.22,1624.99,1625.27,2157.12,1625.24,1625.42
2240.29,1699.78,1699.75,1699.71,1699.73,1699.79,1699.75,1699.77,1699.75
2046.46,1790.08,1789.73,1790.1,1789.97,1790.02,1790.12,1790.05,1790.11
3687.64,3687.43,3686.84,3687.07,3686.94,3687.03,3687.53,3687.36,3687.36
4000,4000,4000,4000,4000,4000,4000,4000,4000
4000,4000,4000,4000,4000,4000,4000,4000,4000
4000,4000,4000,4000,4000,4000,4000,4000,4000
4000,4000,4000,4000,4000,4000,4000,4000,4000
4000,4000,4000,4000,4000,4000,4000,4000,4000
4000,4000,4000,4000,4000,4000,4000,4000,4000
946.001,943.613,946.696,944.535,947.106,1373.37,947.129,945.008,946.594
-995.118,-993.011,1298.62,-994.743,-994.299,-995.729,-996.382,-992.513,-998.822
-999.329,-998.849,-998.931,-998.979,-999.478,-998.565,-998.664,-998.417,1236.22
-995.272,-989.458,-996.246,1405.19,-997.337,-994.032,-995.043,-997.019,-994.711
1523.7,1523.71,1618.13,1523.7,1523.39,1523.66,1523.71,1523.17,1523.73
1590.71,1562.76,1562.73,1562.84,1562.8,1562.8,1562.83,1562.78,1562.78
1563.28,1563.35,1563.22,1563.24,1563.32,1563.32,1569.17,1563.29,1563.31
3463.28,3462.36,3462.67,3462.82,3463.3,3462.47,3462.9,3463.23,3462.38
4000,4000,4000,4000,4000,4000,4000,4000,4000
4000,4000,4000,4000,4000,4000,4000,4000,4000
4000,4000,4000,4000,4000,4000,4000,4000,4000
4000,4000,4000,4000,4000,4000,4000,4000,4000
4000,4000,4000,4000,4000,4000,4000,4000,4000
4000,4000,4000,4000,4000,4000,4000,4000,4000
298.462,299.745,299.346,299.653,299.451,1287.58,298.032,298.682,301.004
-996.48,-998.098,-998.569,-996.333,-998.39,-999.485,-998.974,-996.596,1198.12
-998.531,-997.747,-995.793,1360.63,-997.382,-997.08,-998.069,-999.288,-995.945
-783.841,-766.601,-784.01,1501.56,-778.031,-770.069,-783.548,-774.145,-780.787
1604.4,1604.41,1604.35,1604.28,1604.3,1604.42,1604.41,1603.69,1626.21
1637.67,1637.67,1640.11,1637.69,1637.7,1637.6,1637.67,1637.73,1637.71
1718.11,1718.35,1718.31,1718.37,1718.52,1718.34,1718.2,1718.02,1718.28
3753.12,3753.57,3753.77,3753.58,3753.37,3752.56,3752.27,3752.71,3753.48
4000,4000,4000,4000,4000,4000,4000,4000,4000
4000,4000,4000,4000,4000,4000,4000,4000,4000
4000,4000,4000,4000,4000,4000,4000,4000,4000
4000,4000,4000,4000,4000,4000,4000,4000,4000
4000,4000,4000,4000,4000,4000,4000,4000,4000
4000,4000,4000,4000,4000,4000,4000,4000,4000
-16.6572,-14.1999,-14.508,-16.1034,1295.1,-15.6422,-15.7457,-16.3137,-14.4688
-992.706,-989.976,1457.33,-993.54,-994.239,-992.157,-986.592,-994.059,-990.372
-919.302,-923.734,-921.81,-920.886,-920.262,-915.384,-922.187,1818.23,-908.894
88.58,85.6162,87.0969,89.1935,91.1115,1798.75,87.195,88.0604,93.4253
1653.01,1653.01,1652.95,1653.05,1653.05,1653.05,1653.02,1652.97,2016.06
1675.34,1675.43,1675.42,1675.45,1675.48,1675.46,1675.33,1675.28,1888.86
1750.97,1749.07,1748.93,1749.06,1748.53,1749.01,1749.09,1749.01,1749.08
3651.34,3651.02,3652.2,3652.7,3651.57,3651.09,3652.05,3652.08,3651.84
4000,4000,4000,4000,4000,4000,4000,4000,4000
4000,4000,4000,4000,4000,4000,4000,4000,4000
4000,4000,4000,4000,4000,4000,4000,4000,4000
4000,4000,4000,4000,4000,4000,4000,4000,4000
4000,4000,4000,4000,4000,4000,4000,4000,4000
4000,4000,4000,4000,4000,4000,4000,4000,4000
951.193,948.113,949.936,1445.01,951.703,951.41,949.503,949.656,951.299
-983.941,-979.425,-980.953,1861.86,-981.814,-979.612,-979.155,-982.425,-984.175
2142.41,-963.189,-965.903,-958.343,-967.562,-968.083,-961.753,-966.183,-969.476
-875.899,-873.975,-881.341,-893.954,2203.2,-889.896,-881.501,-879.332,-881.119
1406.9,1404.28,2211.23,1408.28,1406.58,1402.69,1409.36,1408.87,1411.25
1686.09,1685.99,1686.11,1686.11,1685.88,1686.07,1686.01,1686.07,2008.87
1756.38,1756.43,1775.03,1756.39,1756.39,1756.47,1756.39,1756.47,1756.31
3480.95,3480.39,3480.46,3480.4,3480.57,3480.54,3480.43,3480.9,3480.34
4000,4000,4000,4000,4000,4000,4000,4000,4000
4000,4000,4000,4000,4000,4000,4000,4000,4000
4000,4000,4000,4000,4000,4000,4000,4000,4000
4000,4000,4000,4000,4000,4000,4000,4000,4000
4000,4000,4000,4000,4000,4000,4000,4000,4000
4000,4000,4000,4000,4000,4000,4000,4000,4000
1999.5,1999.6,1999.52,1999.43,2005.17,1999.25,1998.21,1999.59,1998.19
-16.032,-5.77108,-9.32068,3.43954,-7.04556,-14.783,1898.33,-10.6842,-20.9294
-670.555,-689.831,-687.514,-692.143,2044.8,-680.717,-680.037,-693.734,-687.725
141.855,154.626,135.253,2171.6,137.562,134.692,166.841,132.527,135.227
1673.39,1673.44,1673.77,1673.77,1673.9,1673.55,2462.65,1673.47,1673.87
1686.37,1686.48,2426.3,1686.16,1686.31,1685.95,1686.01,1686.87,1686.1
1703.06,1703.07,1703.08,1702.98,1703.07,1703.3,1702.9,2213.49,1703.06
3524.08,3524.19,3524.15,3524.59,3524.18,3524.09,3524.43,3524.56,3524.16
4000,4000,4000,4000,4000,4000,4000,4000,4000
4000,4000,4000,4000,4000,4000,4000,4000,4000
4000,4000,4000,4000,4000,4000,4000,4000,4000
4000,4000,4000,4000,4000,4000,4000,4000,4000
4000,4000,4000,4000,4000,4000,4000,4000,4000
4000,4000,4000,4000,4000,4000,4000,4000,4000
1112.15,1535.22,1111.06,1109.64,1113.36,1112.9,1112.81,1112.96,1113.39
-570.331,-565.434,1523.16,-568.825,-569.703,-567.894,-566.917,-567.19,-571.909
814.633,815.407,816.332,814.378,815.314,820.551,1632.75,813.429,816.606
1671.1,1671.17,1671.14,1671.07,1671.15,1736.49,1671.09,1671.15,1671.18
1695.19,1695.2,1695.17,1695.2,1695.17,1695.18,1787.05,1695.18,1695.15
1728.46,1953.35,1728.45,1728.48,1728.45,1728.49,1728.48,1728.47,1728.47
1977.92,1977.98,2056.73,1977.94,1977.98,1978,1978.01,1977.98,1977.94
3892.81,3892.84,3892.85,3892.58,3892.82,3892.53,3892.79,3892.79,3892.69
4000,4000,4000,4000,4000,4000,4000,4000,4000
4000,4000,4000,4000,4000,4000,4000,4000,4000
4000,4000,4000,4000,4000,4000,4000,4000,4000
4000,4000,4000,4000,4000,4000,4000,4000,4000
4000,4000,4000,4000,4000,4000,4000,4000,4000
4000,4000,4000,4000,4000,4000,4000,4000,4000
1587.64,1547.29,1546.85,1546.82,1546.81,1546.74,1546.64,1546.72,1547.28
-940.931,-940.377,-936.025,-939.341,1837.34,-934.602,-936.779,-932.743,-944.658
-866.94,-868.596,-873.699,-871.016,-871.996,2111.67,-867.978,-870.417,-866.242
836.51,836.03,1806.2,838.021,837.457,838.324,834.151,834.678,833.425
1706.59,1706.75,1706.65,1706.76,1706.74,1759.68,1706.73,1706.76,1706.69
1976.46,1791.88,1791.92,1791.89,1791.86,1791.79,1791.9,1791.76,1791.91
2174.14,2184.63,2174.06,2174.22,2173.61,2174.21,2174.16,2174.13,2174.01
3929.55,3928.96,3928.91,3928.8,3929.5,3928.54,3928.68,3928.77,3929.17
4000,4000,4000,4000,4000,4000,4000,4000,4000
4000,4000,4000,4000,4000,4000,4000,4000,4000
4000,4000,4000,4000,4000,4000,4000,4000,4000
4000,4000,4000,4000,4000,4000,4000,4000,4000
4000,4000,4000,4000,4000,4000,4000,4000,4000
4000,4000,4000,4000,4000,4000,4000,4000,4000
2176.06,2176.23,2176.29,2176.78,2176.8,2176.46,2176.14,2176,2176.69
400.471,396.349,394.191,403.905,397.222,395.208,395.425,1559.1,404.646
-379.963,-374.665,-374.605,-375.975,-375.004,-384.159,-374.342,1954.03,-366.589
1317.95,1316.57,2129.41,1319.88,1318.08,1318.2,1320.68,1319.58,1317.9
1715.96,2244.12,1715.99,1715.01,1715.92,1716.26,1716.02,1716,1716
2310.77,1774.99,1775,1775.01,1775.02,1775.01,1775.02,1775.02,1775.01
2239.82,1958.91,1958.91,1958.64,1958.83,1958.94,1958.84,1958.8,1958.92
3861.83,3862.21,3862.6,3862.48,3862.89,3862.49,3862.35,3862.34,3862.49
4000,4000,4000,4000,4000,4000,4000,4000,4000
4000,4000,4000,4000,4000,4000,4000,4000,4000
4000,4000,4000,4000,4000,4000,4000,4000,4000
4000,4000,4000,4000,4000,4000,4000,4000,4000
4000,4000,4000,4000,4000,4000,4000,4000,4000
4000,4000,4000,4000,4000,4000,4000,4000,4000
1583.15,1582.94,1647.82,1582.79,1582.63,1583.12,1582.81,1583.15,1583.23
-251.645,-248.357,1909.87,-249.648,-246.725,-243.829,-248.996,-250.924,-250.638
-269.482,-268.805,-271.941,-269.558,1902.87,-266.304,-271.181,-271.401,-264.873
1397.39,1396.3,1398.24,1395.24,1398.82,1397.49,1732.23,1397.88,1397.95
1702.51,1977.28,1702.56,1702.52,1702.5,1702.57,1701.33,1702.56,1702.51
2175.74,1735.74,1735.77,1735.6,1735.74,1735.73,1735.78,1735.58,1735.78
2095.38,1850.42,1850.21,1850.45,1850.36,1850.45,1850.45,1850.46,1850.46
3821.87,3822.31,3822.04,3822.45,3822.09,3822.69,3822.1,3821.81,3822.5
4000,4000,4000,4000,4000,4000,4000,4000,4000
4000,4000,4000,4000,4000,4000,4000,4000,4000
4000,4000,4000,4000,4000,4000,4000,4000,4000
4000,4000,4000,4000,4000,4000,4000,4000,4000
4000,4000,4000,4000,4000,4000,4000,4000,4000
4000,4000,4000,4000,4000,4000,4000,4000,4000
1622.33,1496.58,1496.77,1496.83,1496.28,1496.3,1496.64,1496.8,1496.82
-989.808,-990.114,1618.07,-991.466,-988.546,-990.125,-990.543,-987.734,-985.213
-994.396,-994.395,-994.2,-991.737,-993.594,-994.322,-993.129,-994.695,1336.78
-924.239,-929.83,-926.286,-928.262,-928.553,-928.415,1748.83,-928.487,-922.985
1593.58,1593.95,1593.07,1593.8,1593.78,1593.8,2097.45,1593.73,1593.83
2254.83,1674.62,1674.35,1674.35,1674.37,1674.35,1674.36,1674.28,1674.36
2162.45,1735.04,1734.74,1734.68,1734.77,1734.74,1734.74,1734.77,1734.77
3707.16,3706.91,3707.27,3706.94,3707.03,3707.03,3706.71,3706.71,3707.02
4000,4000,4000,4000,4000,4000,4000,4000,4000
4000,4000,4000,4000,4000,4000,4000,4000,4000
4000,4000,4000,4000,4000,4000,4000,4000,4000
4000,4000,4000,4000,4000,4000,4000,4000,4000
4000,4000,4000,4000,4000,4000,4000,4000,4000
4000,4000,4000,4000,4000,4000,4000,4000,4000
1772.79,1772.45,1772.58,1772.11,1771.91,1772.54,1772.41,1772.38,1771.97
-884.376,-887.092,-882.205,-888.665,-890.885,-885.973,-886.951,963.582,-886.035
-980.731,-977.496,-978.092,-977.713,-978.182,-981.467,-979.563,1299.66,-977.444
-777.959,-785.436,-779.747,-782.103,-788.236,-778.556,-778.134,1622.45,-784.453
2234.47,1623.31,1624.53,1624.26,1624.4,1624.86,1624.09,1624.51,1624.43
2207.24,1671.87,1671.87,1672.11,1671.95,1671.94,1671.93,1671.72,1672.02
1999.55,1732.33,1732.15,1732.32,1732.17,1732.32,1732.3,1732.28,1732.09
3760.01,3760.26,3760.4,3760.23,3760.28,3760.45,3759.49,3759.99,3759.87
4000,4000,4000,4000,4000,4000,4000,4000,4000
4000,4000,4000,4000,4000,4000,4000,4000,4000
4000,4000,4000,4000,4000,4000,4000,4000,4000
4000,4000,4000,4000,4000,4000,4000,4000,4000
4000,4000,4000,4000,4000,4000,4000,4000,4000
4000,4000,4000,4000,4000,4000,4000,4000,4000
1488.79,1488.84,1488.91,1488.88,1488.15,1488.13,1488.68,1487.88,1490.27
-989.474,-990.156,-991.969,-989.309,-989.788,-986.327,1204.77,-984.142,-989.933
-999.513,1160.36,-998.639,-997.21,-999.374,-998.2,-999.862,-999.503,-999.405
-846.823,-847.945,-845.308,-839.918,-851.355,-855.386,-855.202,1590.71,-848.295
1568.84,1568.9,1568.87,1568.9,1568.68,1568.81,1568.87,1568.9,2054.85
1582.12,1582.1,1582.11,1581.81,1582.07,1582,1582.02,1582,1915.83
1648.14,1648.14,1648.19,1656.23,1648.14,1648.18,1648.11,1648.13,1648.17
3718.96,3719.53,3720.44,3719.91,3719.56,3719.94,3720.36,3719.79,3719.5
4000,4000,4000,4000,4000,4000,4000,4000,4000
4000,4000,4000,4000,4000,4000,4000,4000,4000
4000,4000,4000,4000,4000,4000,4000,4000,4000
4000,4000,4000,4000,4000,4000,4000,4000,4000
4000,4000,4000,4000,4000,4000,4000,4000,4000
4000,4000,4000,4000,4000,4000,4000,4000,4000
1750.3,1749.44,1748.91,1750.25,1749.94,1750.53,1750.27,1750.29,1750.02
1252,-944.162,-948.161,-944.473,-944.254,-941.61,-943.817,-947.259,-947.214
-997.2,-997.417,-998.498,-999.757,-999.346,-999.569,1180.67,-999.98,-999.793
1413.28,-759.086,-764.538,-763.34,-768.749,-765.385,-765.849,-764.757,-766.341
1623.12,1623.15,1623.15,1623.02,1623.1,1623.16,1623.14,1623.04,1638.55
1643.23,1643.25,1643.22,1643.29,1643.24,1643.3,1643.16,1643.31,1647.83
1709.01,1708.96,1708.95,1709.04,1709.17,1708.96,1709.13,1709.45,1709.03
3765.67,3765.24,3765.28,3766.44,3765.67,3765.24,3766.17,3765.47,3765.03
4000,4000,4000,4000,4000,4000,4000,4000,4000
4000,4000,4000,4000,4000,4000,4000,4000,4000
4000,4000,4000,4000,4000,4000,4000,4000,4000
4000,4000,4000,4000,4000,4000,4000,4000,4000
4000,4000,4000,4000,4000,4000,4000,4000,4000
4000,4000,4000,4000,4000,4000,4000,4000,4000
868.63,867.256,868.218,867.96,869.65,868.112,865.073,868.953,1469.7
1310.87,-997.514,-993.837,-995.113,-991.357,-997.208,-999.061,-995.768,-995.684
-996.394,-998.118,-996.169,-997.155,1623.17,-998.215,-998.423,-999.379,-998.825
-985.627,-988.753,-986.045,-988.86,2075.36,-986.031,-990.053,-981.65,-981.992
1640.4,1640.14,1640.43,1640.3,1640.39,1640.41,1640.08,1640.42,2356.44
1648.99,1648.99,1648.91,1648.99,1648.93,2114.43,1649.02,1649.02,1649
1688.98,1688.94,1689.06,1688.95,1689.04,1689.08,1688.9,1713.64,1688.99
3533.42,3533.37,3533.33,3533.18,3533.66,3533.68,3533.59,3533.52,3533.7
4000,4000,4000,4000,4000,4000,4000,4000,4000
4000,4000,4000,4000,4000,4000,4000,4000,4000
4000,4000,4000,4000,4000,4000,4000,4000,4000
4000,4000,4000,4000,4000,4000,4000,4000,4000
4000,4000,4000,4000,4000,4000,4000,4000,4000
4000,4000,4000,4000,4000,4000,4000,4000,4000
885.958,884.678,887.947,882.765,885.348,1492.4,885.163,885.552,886.505
-987.405,-997.197,-989.359,-993.522,-993.332,-993.459,2373.3,-996.076,-993.859
-983.012,-986.743,-985.014,-983.888,-982.892,-987.293,2472.83,-980.919,-983.75
-889.507,-895.402,-893.706,-889.295,-889.747,-899.618,-909.036,-882.412,2471.95
361.235,343.845,353.513,358.066,2466.37,381.736,381.654,369.704,371.811
1671.64,1671.87,2437.93,1672.71,1671.92,1671.57,1672.72,1672.17,1672.18
1643.74,1643.99,1643.97,1643.95,1643.78,2176.35,1643.98,1643.94,1643.89
2805.49,2805.23,2805.35,2805.27,2805.32,2805.4,2805.41,2805.25,2805.35
4000,4000,4000,4000,4000,4000,4000,4000,4000
4000,4000,4000,4000,4000,4000,4000,4000,4000
4000,4000,4000,4000,4000,4000,4000,4000,4000
4000,4000,4000,4000,4000,4000,4000,4000,4000
4000,4000,4000,4000,4000,4000,4000,4000,4000
4000,4000,4000,4000,4000,4000,4000,4000,4000
-201.384,-200.354,-201.965,-200.866,-202.43,-201.877,-200.788,-200.343,1402.95
1672.01,-851.573,-850.771,-849.83,-848.734,-849.979,-849.749,-847.735,-850.029
422.493,426.255,425.786,428.516,428.86,423.338,1833.77,425.606,426.478
1644.07,1644.11,1644.09,1877.39,1643.07,1644.12,1644.11,1643.77,1644.04
1672.13,1672.17,1672.17,1672.16,1672.14,1672.17,1672.17,1672.14,2054.59
1678.87,1678.85,1678.86,1678.8,1678.87,1678.88,1678.82,2294.15,1678.87
1686.22,1686.26,2090.52,1686.22,1685.75,1686.19,1686.07,1686.27,1686.22
3441.61,3441.91,3441.42,3441.73,3441.44,3441.17,3441.83,3441.94,3441.68
4000,4000,4000,4000,4000,4000,4000,4000,4000
4000,4000,4000,4000,4000,4000,4000,4000,4000
4000,4000,4000,4000,4000,4000,4000,4000,4000
4000,4000,4000,4000,4000,4000,4000,4000,4000
4000,4000,4000,4000,4000,4000,4000,4000,4000
4000,4000,4000,4000,4000,4000,4000,4000,4000
1745.4,1745.83,1746.16,1744.98,1745.79,1744.84,1745.75,1745.78,1745.72
76.5997,76.6936,83.3669,84.2921,1557.77,75.0277,81.8848,78.8515,80.0721
1545.56,1548.97,1545.38,1547.03,1548.78,1545.18,1548.17,1549.31,1597.46
1682.73,1682.8,1682.78,1682.81,1682.78,1682.77,1689.82,1682.74,1682.81
1688.78,1688.77,1688.76,1688.63,1688.77,1688.75,1688.71,1707.02,1688.7
1699.5,1699.53,1699.47,1699.52,1712.26,1699.51,1699.36,1699.52,1699.41
1864.25,1864.19,1864.28,1865.76,1863.98,1864.32,1864.28,1864.21,1864.16
3875.17,3875.96,3875.75,3874.73,3874.99,3874.42,3875.6,3875.32,3874.61
4000,4000,4000,4000,4000,4000,4000,4000,4000
4000,4000,4000,4000,4000,4000,4000,4000,4000
4000,4000,4000,4000,4000,4000,4000,4000,4000
4000,4000,4000,4000,4000,4000,4000,4000,4000
4000,4000,4000,4000,4000,4000,4000,4000,4000
4000,4000,4000,4000,4000,4000,4000,4000,4000
1713.82,1713.79,1713.99,1713.91,1713.82,1713.98,1718.16,1713.96,1713.8
1477.1,375.834,375.857,378.447,372.248,374.594,377.623,374.717,377.334
749.745,753.795,756.185,756.227,1541.29,754.645,752.148,751.134,751.83
1659.97,1659,1659.97,1659.94,1659.43,1774.4,1659.29,1659.15,1659.05
1707.47,1707.77,2066.38,1707.78,1707.81,1707.76,1707.13,1707.75,1707.76
1766.35,1766.36,1888.21,1766.36,1766.07,1766.2,1766.28,1766.32,1766.34
2042.24,2043.73,2042.45,2042.36,2042.43,2042.17,2042.35,2042.37,2042.37
3899.14,3898.05,3898.85,3898.78,3898.09,3898.6,3898.49,3898.83,3897.49
4000,4000,4000,4000,4000,4000,4000,4000,4000
4000,4000,4000,4000,4000,4000,4000,4000,4000
4000,4000,4000,4000,4000,4000,4000,4000,4000
4000,4000,4000,4000,4000,4000,4000,4000,4000
4000,4000,4000,4000,4000,4000,4000,4000,4000
4000,4000,4000,4000,4000,4000,4000,4000,4000
1013.74,1012.24,1533.96,1014.71,1011.69,1015.12,1014.69,1014.61,1014.12
-975.144,-985.237,-977.927,-983.067,-980.48,-975.899,-985.572,1468.29,-980.587
-974.088,-978.823,-975.956,-975.453,-978.601,-974.052,-971.074,-973.613,1843.97
-715.603,-704.757,-708.185,-707.669,2036.02,-717.253,-708.288,-707.897,-701.451
1650.47,1650.01,1650.41,2088.78,1650.21,1650.33,1650.42,1650.41,1649.46
1968.32,1729.52,1729.6,1729.58,1729.52,1729.65,1729.51,1729.62,1729.63
1850.6,1850.61,1850.51,1850.65,1850.33,1850.67,1902.51,1850.52,1850.66
3801.56,3801.97,3802.35,3802.58,3801.65,3802.3,3802.4,3802.55,3802.41
4000,4000,4000,4000,4000,4000,4000,4000,4000
4000,4000,4000,4000,4000,4000,4000,4000,4000
4000,4000,4000,4000,4000,4000,4000,4000,4000
4000,4000,4000,4000,4000,4000,4000,4000,4000
4000,4000,4000,4000,4000,4000,4000,4000,4000
4000,4000,4000,4000,4000,4000,4000,4000,4000
1562.09,1562.49,1562.49,1562.42,1562.78,1562.67,1563.8,1562.25,1562.47
-842.216,-852.017,-839.753,-835.768,-844.554,1476.2,-843.332,-840.96,-849.437
-990.898,-992.824,1568.24,-989.751,-995.856,-989.731,-993.302,-989.318,-989.632
-840.82,-829.711,-828.678,-837.212,-840.741,-833.416,-846.074,-834.832,1741.55
2180.63,1625.21,1625.19,1625.19,1625.21,1625.18,1625.2,1625.19,1625.19
2248.59,1684.1,1684.1,1684.1,1684.12,1684.09,1684.12,1684.11,1684.03
2123.8,1740.08,1740.02,1740.02,1740.09,1740.1,1740.1,1740.09,1739.93
3750.01,3750.04,3749.51,3750.02,3750.21,3749.97,3750.03,3749.57,3749.62
4000,4000,4000,4000,4000,4000,4000,4000,4000
4000,4000,4000,4000,4000,4000,4000,4000,4000
4000,4000,4000,4000,4000,4000,4000,4000,4000
4000,4000,4000,4000,4000,4000,4000,4000,4000
4000,4000,4000,4000,4000,4000,4000,4000,4000
4000,4000,4000,4000,4000,4000,4000,4000,4000
1321.77,1321.46,1321.81,1437.59,1321.83,1319.59,1320.95,1320.59,1321.14
-990.989,1288.29,-992.362,-990.033,-989.469,-991.483,-991.641,-993.24,-993.097
-999.376,-999.96,-998.203,-998.207,-996.913,-997.541,-999.477,-999.585,1048.31
-931.128,1596.28,-924.785,-925.381,-920.117,-921.726,-918.598,-916.435,-927.81
1895.25,1638.07,1638.09,1638.02,1638.08,1638.1,1638.07,1637.26,1637.94
1939.84,1661.69,1661.77,1661.59,1661.7,1661.73,1661.76,1661.7,1661.77
1715.31,1715.38,1715.23,1777.16,1715.36,1715.12,1715.08,1715.24,1715.08
3783.31,3782.93,3783.48,3783.43,3783.29,3782.91,3782.59,3782.79,3783.06
4000,4000,4000,4000,4000,4000,4000,4000,4000
4000,4000,4000,4000,4000,4000,4000,4000,4000
4000,4000,4000,4000,4000,4000,4000,4000,4000
4000,4000,4000,4000,4000,4000,4000,4000,4000
4000,4000,4000,4000,4000,4000,4000,4000,4000
4000,4000,4000,4000,4000,4000,4000,4000,4000
306.653,306.739,304.716,308.327,1287.04,308.028,306.421,310.644,308.053
-996.716,-996.167,-997.021,-996.946,-992.607,-997.275,730.322,-995.068,-996.512
-997.445,-998.261,-996.708,-998.342,-997.593,-997.865,-998.212,996.404,-996.792
-931.065,-935.304,-942.516,-934.69,-930.182,-932.811,-936.713,-931.084,1525.11
2059.95,1614.79,1614.84,1614.36,1614.7,1614.8,1614.8,1614.82,1615.1
1981.87,1647.15,1646.99,1647,1646.94,1646.92,1646.94,1646.95,1646.8
1764.56,1703.17,1703.11,1703.13,1703.03,1703.13,1703.08,1703.11,1702.79
3740.93,3740.45,3740.95,3741.1,3740.96,3741.07,3740.91,3740.85,3740.62
4000,4000,4000,4000,4000,4000,4000,4000,4000
4000,4000,4000,4000,4000,4000,4000,4000,4000
4000,4000,4000,4000,4000,4000,4000,4000,4000
4000,4000,4000,4000,4000,4000,4000,4000,4000
4000,4000,4000,4000,4000,4000,4000,4000,4000
4000,4000,4000,4000,4000,4000,4000,4000,4000
1392.51,1392.37,1392.96,1393.28,1393.05,1435.62,1392.64,1393.29,1392.94
1303.72,-978.747,-976.808,-972.522,-973.583,-973.924,-974.077,-978.069,-980.126
1235.13,-998.228,-996.808,-999.513,-999.843,-995.569,-997.049,-998.895,-997.323
-972.405,-969.922,-967.205,-970.889,1420.72,-973.614,-976.663,-972.852,-974.1
1562.54,1562.69,1561.48,1562.67,1562.59,1562.62,1562.6,1562.61,1665.8
1588.03,1588.19,1588.11,1588.19,1587.8,1588.19,1587.92,1587.91,1653.28
1643.49,1643.47,1643.43,1643.36,1643.45,1643.25,1643.46,1643.42,1653.12
3807.1,3807.15,3807.2,3807.33,3807.95,3808.64,3807.21,3807.78,3807.13
4000,4000,4000,4000,4000,4000,4000,4000,4000
4000,4000,4000,4000,4000,4000,4000,4000,4000
4000,4000,4000,4000,4000,4000,4000,4000,4000
4000,4000,4000,4000,4000,4000,4000,4000,4000
4000,4000,4000,4000,4000,4000,4000,4000,4000
4000,4000,4000,4000,4000,4000,4000,4000,4000
649.086,648.795,648.51,1157.33,648.47,647.935,648.745,648.06,648.407
-998.34,-999.316,-999.892,-998.796,-999.106,1247.19,-999.986,-997.624,-999.76
2095.43,-998.185,-997.629,-996.515,-997.002,-999.575,-995.401,-997.801,-996.732
386.402,378.258,2325.85,382.928,380.73,382.249,383.225,379.186,381.68
1619.64,1619.58,1619.67,1619.67,1619.65,1619.39,1619.61,1619.56,2147.42
1642.7,1642.73,1642.7,1642.68,1642.41,1642.66,1642.69,1642.7,2040.46
1724.54,1724.54,1724.4,1724.57,1724.55,1724.64,1724.48,1724.57,1767.26
3826.83,3827.25,3827.23,3827,3827.23,3826.73,3826.45,3827.14,3827.19
4000,4000,4000,4000,4000,4000,4000,4000,4000
4000,4000,4000,4000,4000,4000,4000,4000,4000
4000,4000,4000,4000,4000,4000,4000,4000,4000
4000,4000,4000,4000,4000,4000,4000,4000,4000
4000,4000,4000,4000,4000,4000,4000,4000,4000
4000,4000,4000,4000,4000,4000,4000,4000,4000
-894.076,-895.404,-893.706,-895.815,-897.762,-897.701,-894.348,1344.06,-895.813
-999.317,-999.939,-998.873,-999.541,-997.042,-999.53,2284.61,-999.015,-998.697
-988.722,-994.145,-991.559,-995.989,-991.15,2470.06,-990.573,-987.761,-994.34
-807.712,-804.874,-803.528,-824.253,-806.349,-818.838,-815.762,-808.055,2469.33
1647.74,1648.22,2445.99,1647.68,1647.52,1647.76,1647.77,1647.46,1647.98
1654.13,1654.02,1653.95,1654.09,1654.09,2059.44,1654.07,1654.12,1654.05
1699.4,1699.4,1699.36,1699.41,1699.25,1699.41,1699.35,1765.86,1699.33
3661.76,3662.27,3662.38,3662.34,3662.29,3662.27,3662.73,3662.79,3662.15
4000,4000,4000,4000,4000,4000,4000,4000,4000
4000,4000,4000,4000,4000,4000,4000,4000,4000
4000,4000,4000,4000,4000,4000,4000,4000,4000
4000,4000,4000,4000,4000,4000,4000,4000,4000
4000,4000,4000,4000,4000,4000,4000,4000,4000
4000,4000,4000,4000,4000,4000,4000,4000,4000
-337.007,-339.613,1526.43,-336.589,-335.762,-337.355,-335.65,-335.701,-335.754
-994.734,-997.121,-995.367,-993.538,-994.492,-997.405,2443.44,-993.666,-992.973
-995.608,2469.64,-993.789,-992.116,-990.303,-986.339,-993.004,-992.207,-991.96
-926.21,-930.12,-946.687,-932.355,-937.477,-944.811,-940.272,2464.22,-951.313
1307.49,2457.91,1317.11,1305.45,1312.71,1313.37,1309.93,1312.69,1317.89
1659.29,1659.3,1659.21,1659.29,1659.25,2393.85,1659.27,1659.17,1659.16
1678.36,1678.33,1786.09,1678.33,1678.31,1678.36,1678.32,1678.3,1678.35
3468.16,3467.84,3468.02,3467.82,3467.6,3467.97,3467.68,3467.55,3467.9
4000,4000,4000,4000,4000,4000,4000,4000,4000
4000,4000,4000,4000,4000,4000,4000,4000,4000
4000,4000,4000,4000,4000,4000,4000,4000,4000
4000,4000,4000,4000,4000,4000,4000,4000,4000
4000,4000,4000,4000,4000,4000,4000,4000,4000
4000,4000,4000,4000,4000,4000,4000,4000,4000
826.523,824.877,825.189,825.912,825.176,825.039,1658.89,825.437,824.839
-871.968,-879.12,-881.859,-878.688,-883.476,-878.004,2375.5,-889.035,-885.473
-903.072,-909.645,-903.035,-896.34,-895.639,-901.748,2470.56,-910.496,-892.277
2472.82,-800.221,-793.403,-798.554,-798.665,-796.532,-802.677,-808.948,-783.249
560.121,542.785,547.046,547.892,540.338,546.795,547.898,2482.14,564.754
1672.83,1672.95,1672.84,1672.96,1672.95,1672.95,1672.86,1672.84,2449.41
1662.42,1873.62,1662.44,1662.36,1662.15,1661.31,1662.44,1662.41,1661.53
3228.03,3227.89,3228.08,3228.05,3228.15,3228.13,3228.06,3228.05,3228.21
4000,4000,4000,4000,4000,4000,4000,4000,4000
4000,4000,4000,4000,4000,4000,4000,4000,4000
4000,4000,4000,4000,4000,4000,4000,4000,4000
4000,4000,4000,4000,4000,4000,4000,4000,4000
4000,4000,4000,4000,4000,4000,4000,4000,4000
4000,4000,4000,4000,4000,4000,4000,4000,4000
812.575,814.272,813.34,1599.71,813.338,814.067,815.085,812.624,813.662
-342.501,-349.762,-337.466,2318.89,-336.942,-356.435,-352.109,-342.904,-351.957
430.155,421.94,424.016,418.313,424.718,422.863,425.452,2429.08,418.202
584.768,576.755,572.42,2484.43,591.821,575.565,581.87,582.214,580.837
1007.61,1004.67,989.685,1009.1,1009.29,996.197,1012.66,2515.13,1004.21
1686.68,1686.51,1686.69,1686.88,2525.05,1687.35,1688.55,1687,1687.81
1718.34,1718.3,1717.55,1718.27,1718.34,1718.34,1718.28,1718.34,1913.48
3554.27,3554.17,3553.98,3554.14,3553.95,3553.9,3554.02,3554.21,3553.62
4000,4000,4000,4000,4000,4000,4000,4000,4000
4000,4000,4000,4000,4000,4000,4000,4000,4000
4000,4000,4000,4000,4000,4000,4000,4000,4000
4000,4000,4000,4000,4000,4000,4000,4000,4000
4000,4000,4000,4000,4000,4000,4000,4000,4000
4000,4000,4000,4000,4000,4000,4000,4000,4000
1497.57,1523.93,1498.29,1499.12,1498.63,1497.02,1496.83,1498.04,1497.74
-965.265,-967.358,1554.58,-968.896,-974.418,-958.852,-954.955,-965.719,-967.904
-953.467,-954.898,-958.862,-949.852,-944.55,-960.364,-951.877,1559.41,-954.688
710.836,703.206,1645.29,699.089,708.557,707.319,706.229,699.283,713.175
1701.7,1701.75,1701.69,1700.55,1701.73,1701.65,1806.81,1701.72,1701.69
1754.86,1754.86,1754.85,1754.81,1754.72,1754.8,1907.54,1754.77,1754.77
2035.25,2035.26,2035.22,2086.89,2035.25,2035.12,2035.46,2035.31,2035.19
3923.87,3924.15,3924.09,3923.57,3924.31,3923.74,3924.35,3924.01,3924
4000,4000,4000,4000,4000,4000,4000,4000,4000
4000,4000,4000,4000,4000,4000,4000,4000,4000
4000,4000,4000,4000,4000,4000,4000,4000,4000
4000,4000,4000,4000,4000,4000,4000,4000,4000
4000,4000,4000,4000,4000,4000,4000,4000,4000
4000,4000,4000,4000,4000,4000,4000,4000,4000
1510.69,1511.59,1512.47,1510.22,1511.21,1524.83,1511.79,1511.86,1512.41
-956.802,-960.024,-956.641,1468.44,-956.465,-954.819,-956.085,-961.268,-954.607
-879.801,-879.98,-880.964,-869.225,-879.71,-881.409,-877.512,-874.504,1552.29
572.479,568.614,575.126,569.837,1598.32,577.103,572.969,572.686,563.193
1706.79,1688.51,1688.54,1688.52,1688.52,1688.41,1688.52,1688.49,1688.56
1721.52,1721.58,1721.5,1721.59,1721.48,1721.44,1769.82,1721.45,1721.57
1843.37,1843.37,1843.31,1898.51,1843.43,1843.26,1843.35,1843.45,1843.44
3878.84,3878.15,3878.82,3878.83,3878.97,3878.68,3878.34,3878.99,3878.06
4000,4000,4000,4000,4000,4000,4000,4000,4000
4000,4000,4000,4000,4000,4000,4000,4000,4000
4000,4000,4000,4000,4000,4000,4000,4000,4000
4000,4000,4000,4000,4000,4000,4000,4000,4000
4000,4000,4000,4000,4000,4000,4000,4000,4000
4000,4000,4000,4000,4000,4000,4000,4000,4000
1158.74,1159.4,1159.06,1158.45,1500.91,1157.74,1156.95,1159.65,1159.04
-908.009,-924.839,-916.147,-909.753,-907.985,1421.73,-907.222,-899.725,-904.685
-989.081,1582.04,-991.245,-986.002,-992.615,-993.934,-992.075,-984.945,-988.174
-954.551,-954.303,-954.075,-952.098,-955.77,-954.412,-964.248,-941.291,1832.24
1919.67,1647.96,1648.35,1647.97,1647.99,1647.99,1647.96,1647.91,1647.98
1664.3,1664.37,1664.2,1664.38,1664.26,1664.26,1791.62,1664.38,1664.38
1730.02,1709.54,1709.32,1709.52,1709.54,1709.54,1709.57,1709.5,1709.5
3817.46,3816.59,3817.02,3817.53,3816.32,3816.65,3817.14,3817.07,3816.81
4000,4000,4000,4000,4000,4000,4000,4000,4000
4000,4000,4000,4000,4000,4000,4000,4000,4000
4000,4000,4000,4000,4000,4000,4000,4000,4000
4000,4000,4000,4000,4000,4000,4000,4000,4000
4000,4000,4000,4000,4000,4000,4000,4000,4000
4000,4000,4000,4000,4000,4000,4000,4000,4000
568.229,563.748,1474.4,564.208,566.179,565.569,562.473,564.816,562.495
-994.692,-993.871,976.109,-993.038,-994.837,-997.943,-997.698,-994.517,-996.053
-995.901,-994.821,-995.576,-991.481,-993.097,1109.37,-996.049,-994.769,-992.842
-993.703,-993.688,-988.733,-984.867,-991.59,-989.839,1587.23,-993.313,-993.532
2110.45,1616.14,1616.18,1616.17,1616.17,1616.41,1616.05,1616.15,1616.17
2003.8,1627.72,1627.73,1627.64,1627.82,1627.58,1627.65,1627.63,1627.54
1651.49,1651.55,1651.28,1651.49,1651.38,1651.48,1677.83,1651.51,1651.56
3730.45,3731.25,3730.74,3731.67,3730.88,3731.15,3731.57,3730.5,3730.54
4000,4000,4000,4000,4000,4000,4000,4000,4000
4000,4000,4000,4000,4000,4000,4000,4000,4000
4000,4000,4000,4000,4000,4000,4000,4000,4000
4000,4000,4000,4000,4000,4000,4000,4000,4000
4000,4000,4000,4000,4000,4000,4000,4000,4000
4000,4000,4000,4000,4000,4000,4000,4000,4000
233.481,234.653,233.468,231.443,1367.02,233.485,237.088,232.283,235.878
-998.108,-995.817,-997.429,-998.608,-997.366,-995.179,-996.168,-997.425,928.514
951.626,-998.299,-998.277,-998.315,-998.713,-998.297,-998.562,-997.543,-997.544
-989.372,-990.821,-987.159,-988.993,-987.958,-993.999,1556.09,-986.867,-988.785
1896.62,1588.01,1588.03,1588.33,1588.11,1588.13,1588.07,1587.03,1588.14
1619.52,1619.37,1619.52,1619.47,1619.57,1619.41,1619.39,1619.45,1759.87
1657.32,1657.24,1657.28,1657.19,1675.86,1657.08,1657.17,1657.4,1657.26
3796.54,3796.64,3797.23,3796.34,3796.01,3796.25,3797.11,3796.64,3796.93
4000,4000,4000,4000,4000,4000,4000,4000,4000
4000,4000,4000,4000,4000,4000,4000,4000,4000
4000,4000,4000,4000,4000,4000,4000,4000,4000
