4000,4000,4000,4000,4000,4000,4000,4000,4000
4000,4000,4000,4000,4000,4000,4000,4000,4000
4000,4000,4000,4000,4000,4000,4000,4000,4000
2505.94,2507.76,2505.65,2518.51,2512.28,2510.91,2519.93,2505.62,2508.73
1469.49,1566.39,1564.56,1508.23,1467.62,1495.02,2347.02,1566.71,1566.71
637.282,674.786,3382.76,702.808,702.808,702.808,702.808,702.808,702.808
148.911,2589.74,189.134,189.134,189.134,189.134,189.134,189.134,189.134
2018.65,1997.66,2017.57,2018.32,2015.46,3489.89,2019.13,2018.04,2013.41
2005.47,2007.72,1993.23,3652.95,2002.13,2003.93,2000.88,2003.75,2003.31
2059.68,2673.65,2055.46,2059.55,2058.65,2062.15,2060.27,2061.84,2058.45
3932.94,3913.22,3913.18,3905.93,3888.15,3881.94,3851.99,3944.96,3869.9
4000,4000,4000,4000,4000,4000,4000,4000,4000
4000,4000,4000,4000,4000,4000,4000,4000,4000
4000,4000,4000,4000,4000,4000,4000,4000,4000
4000,4000,4000,4000,4000,4000,4000,4000,4000
4000,4000,4000,4000,4000,4000,4000,4000,4000
4000,4000,4000,4000,4000,4000,4000,4000,4000
-483.79,-485.825,-486.942,-487.208,-478.455,-487.72,-483.79,1079.09,-495.25
-999.949,-999.949,-999.949,-999.949,3103.82,-999.949,-999.949,-999.949,-999.949
-1000,-1000,-1000,-1000,4122.1,-1000,-997.334,-1000,-1000
-840.95,-840.48,-840.074,-840.368,-851.45,-840.014,3438.25,-840.417,-840.328
2030.27,2031.25,2024.9,2029.46,2035.36,2030.7,2027.57,2028.71,7348.4
2034.64,2033.03,2031.22,2034.91,5058.93,2032.03,2034.21,2032.26,2034.33
2125.67,2128.93,2118.99,2128.29,2127.99,2126.84,2128.92,2120.87,2593.45
3872.6,3829.48,3845.15,3827.03,3771.73,3794.63,3787.97,3872.09,3786
4000,4000,4000,4000,4000,4000,4000,4000,4000
4000,4000,4000,4000,4000,4000,4000,4000,4000
4000,4000,4000,4000,4000,4000,4000,4000,4000
4000,4000,4000,4000,4000,4000,4000,4000,4000
4000,4000,4000,4000,4000,4000,4000,4000,4000
4000,4000,4000,4000,4000,4000,4000,4000,4000
2250.92,-70.1182,-77.0085,-75.1042,-78.804,-81.6302,-68.8685,-72.5222,-76.2967
-999.99,-1000,-1000,-1000,5874.74,-1000,-1000,-1000,-1000
-950,9812,-655.624,-769.736,-668.834,-514.468,-950,-950,-950
98.4517,9748.99,1032.9,92.4898,-466.059,-33.2414,-158.306,-808.604,-59.7932
2375.81,2022.65,9763.91,1700.76,2352.17,1962.5,1845.85,1844.73,2319.8
2051.07,2044.27,8980.84,2053.02,2050.58,2051.28,2052.98,2045.99,2052.5
2140.81,2143.66,2148.47,2142.58,2140.83,3597.69,2137.87,2147.11,2147.14
3949.09,3956.96,3936.87,3894.95,3909.87,3908.04,4000,4000,4000
4000,4000,4000,4000,4000,4000,4000,4000,4000
4000,4000,4000,4000,4000,4000,4000,4000,4000
4000,4000,4000,4000,4000,4000,4000,4000,4000
4000,4000,4000,4000,4000,4000,4000,4000,4000
4000,4000,4000,4000,4000,4000,4000,4000,4000
4000,4000,4000,4000,4000,4000,4000,4000,4000
2769.34,2754.22,2769.8,2757.73,2759.52,2749.46,2731.73,2767.36,2770.19
476.261,495.166,488.49,522.217,479.629,473.485,6512.95,478.375,476.136
8396.06,420.812,455.605,455.637,451.874,399.061,456.137,402.04,452.805
1994.63,1984.35,1996.82,1922.22,1995.39,1998.41,1994.87,9187.18,1995.83
2525.74,1913.72,1911,3122.92,3256.44,1913.75,2223.68,9784.41,2207.53
2851.8,1969.53,1972.35,2273.75,1976.8,9738.95,1968.53,2274.9,2275.85
2227.44,2233.41,2236.56,2225.16,2231.17,2233.42,2215.34,5986.52,2208.05
3906.94,3885.53,3856.67,3875.43,3922.81,3921.21,3917.55,3923.04,3929.79
4000,4000,4000,4000,4000,4000,4000,4000,4000
4000,4000,4000,4000,4000,4000,4000,4000,4000
4000,4000,4000,4000,4000,4000,4000,4000,4000
4000,4000,4000,4000,4000,4000,4000,4000,4000
4000,4000,4000,4000,4000,4000,4000,4000,4000
4000,4000,4000,4000,4000,4000,4000,4000,4000
2637.56,2642.99,2631.28,2635.62,2619.73,2531.16,2619.74,2654.86,2616.54
1016.13,1009.39,2193.82,1040.58,1009.44,1044.15,1050.92,1034.95,1069.94
6363.16,1476.46,1465.54,1548.58,1539.76,1545.88,1489.8,1482.56,1542.25
2204.92,1828.22,1667.06,1895.12,1673.05,1514.56,9773.59,1337.62,1685.81
0.000344729,9770.14,1.54993e-186,2.39971e-140,3.01597e-170,2.13344e-181,3.98356e-96,9.00364e-78,9.14236e-176
1398.03,867.304,9759.48,966.496,824.522,624.554,2114.42,1822.37,769.979
2513.41,2454.46,6894.36,2505.63,2507.72,2499.73,2499.51,2495.04,2498.57
3988.76,3979.93,3932.78,3928.03,3905.02,4000,4000,4000,4000
4000,4000,4000,4000,4000,4000,4000,4000,4000
4000,4000,4000,4000,4000,4000,4000,4000,4000
4000,4000,4000,4000,4000,4000,4000,4000,4000
4000,4000,4000,4000,4000,4000,4000,4000,4000
4000,4000,4000,4000,4000,4000,4000,4000,4000
4000,4000,4000,4000,4000,4000,4000,4000,4000
1677.3,1721.99,1798.47,1665.91,1674.42,1679.62,1658.16,1718.13,1705.89
-39.1369,-66.7155,-70.0042,-31.9043,-31.7011,-70.1831,-31.7018,-70.0774,1876.91
3356.33,1873.94,1873.97,1873.97,1873.97,1873.97,1963.38,1953.43,1891.2
2105.26,2092.7,2102.03,8488.33,2100.32,2101.01,2106.33,2105.71,2102.88
9759.01,1726.1,1614.34,824.708,340.681,637.238,1230.11,1431.1,1665.58
2848.34,3684.03,3505.84,3759.36,9784.37,2573.58,3475.91,1704.8,3021.78
2966.04,2903.2,2968.07,2934.05,2895.52,2949.3,3603.97,2964.49,2959.6
4000,4000,4000,4000,4000,4000,4000,4000,4000
4000,4000,4000,4000,4000,4000,4000,4000,4000
4000,4000,4000,4000,4000,4000,4000,4000,4000
4000,4000,4000,4000,4000,4000,4000,4000,4000
4000,4000,4000,4000,4000,4000,4000,4000,4000
4000,4000,4000,4000,4000,4000,4000,4000,4000
4000,4000,4000,4000,4000,4000,4000,4000,4000
2199.51,2150.01,2122.34,2199.92,2203.78,2194.78,2198.12,2134.46,2194.38
-489.255,-490.508,2019.18,-476.63,-476.63,-476.63,-476.63,-476.63,-476.63
1433.87,1420,1412.21,1460.36,1435.75,1426.84,1442.57,1470.57,2324.89
2098.59,2099.91,2097.3,8664.66,2066.9,2100.13,2098.71,2100.52,2099.85
2021.63,2016.33,2022.78,2023.75,8719,2022.14,2023.1,2021.88,2024.06
2204.61,6041.57,2199,2204.18,2204.53,2203.53,2204.95,2199,2202.15
2630.16,2568.73,2610.78,2619.45,2611.38,2622.36,2616.42,2604.13,2602.38
3935.96,3926.79,3918.56,4000,4000,4000,4000,4000,4000
4000,4000,4000,4000,4000,4000,4000,4000,4000
4000,4000,4000,4000,4000,4000,4000,4000,4000
4000,4000,4000,4000,4000,4000,4000,4000,4000
4000,4000,4000,4000,4000,4000,4000,4000,4000
4000,4000,4000,4000,4000,4000,4000,4000,4000
4000,4000,4000,4000,4000,4000,4000,4000,4000
1873.98,1877.74,1890.02,1870.55,1976.25,1863.11,1875.37,1947.71,1878.15
-450.166,-449.153,-451.368,-449.653,-471.12,-452.309,-451.64,1665.26,-449.084
459.627,454.885,458.446,459.78,459.751,433.648,2229.38,459.945,459.945
1729.14,1713.95,2076.42,1634.27,1709.97,1728.91,1714.31,1728.3,1726.71
2131.38,2127.73,2515.16,2133.84,2124.67,2135.3,2131.94,2132.64,2133.19
2154.39,2149.23,2157.25,2156.48,2154.34,2155.61,2154.18,2930.58,2154.61
2301.03,2295.28,2302.64,2301.36,2293.17,2302.68,2314.48,2300.79,2304.5
3819.18,3901.64,3893.14,3876.15,3846.7,3836.74,3854.97,3847.86,3827.24
4000,4000,4000,4000,4000,4000,4000,4000,4000
4000,4000,4000,4000,4000,4000,4000,4000,4000
4000,4000,4000,4000,4000,4000,4000,4000,4000
4000,4000,4000,4000,4000,4000,4000,4000,4000
4000,4000,4000,4000,4000,4000,4000,4000,4000
4000,4000,4000,4000,4000,4000,4000,4000,4000
1445.89,1443.47,1451.25,1433.5,1441.6,1445.67,1449.32,1425.28,1972.6
-994.836,-995.032,2009.26,-994.825,-994.825,-994.825,-994.825,-994.825,-994.825
-996.742,-996.867,2329.17,-996.738,-996.738,-996.738,-996.738,-996.738,-996.738
-211.176,-242.322,-242.24,-224.236,2118.75,-211.104,-211.104,-211.104,-211.104
2446.56,2108.02,2107.02,2102.03,2102.77,2107.38,2103.22,2105.69,2100.01
2693.67,2101.72,2108.19,2099.42,2106.41,2107.79,2106.69,2107.68,2106.95
2185.54,2167.32,2187.65,2184.83,2190.4,2181.62,2188.16,2191.11,2190.59
3866.35,3851.11,3859.8,3804.62,3821.32,3812.48,3847.36,3789.35,3775.17
4000,4000,4000,4000,4000,4000,4000,4000,4000
4000,4000,4000,4000,4000,4000,4000,4000,4000
4000,4000,4000,4000,4000,4000,4000,4000,4000
4000,4000,4000,4000,4000,4000,4000,4000,4000
4000,4000,4000,4000,4000,4000,4000,4000,4000
4000,4000,4000,4000,4000,4000,4000,4000,4000
1329.44,1339.18,1294.99,1303.46,1359.65,1907.07,1312.15,1302.62,1343.09
-987.112,-987.376,-987.435,-987.424,-987.411,-987.303,1971.16,-987.373,-987.172
-1000,-1000,1725.69,-1000,-1000,-1000,-1000,-1000,-1000
-990.123,2068.81,-989.918,-989.918,-989.918,-989.918,-989.918,-989.918,-989.918
1888.66,1879.45,1883.68,2528.37,1869.74,1885.12,1876.87,1878.17,1877.56
2083.9,2081.15,2080.96,2090.79,2084.49,2085.93,2081.28,2084.94,2084.94
2137.98,2136.87,2129.16,2133.44,2119.52,2135.41,2131.06,2128.73,2135.35
3685.12,3668.02,3656.7,3657.28,3704.95,3636.96,3714.28,3708.72,3644.41
4000,4000,4000,4000,4000,4000,4000,4000,4000
4000,4000,4000,4000,4000,4000,4000,4000,4000
4000,4000,4000,4000,4000,4000,4000,4000,4000
4000,4000,4000,4000,4000,4000,4000,4000,4000
4000,4000,4000,4000,4000,4000,4000,4000,4000
4000,4000,4000,4000,4000,4000,4000,4000,4000
1895.51,1824.94,1818.96,1869.78,1875.98,1864.04,1915.92,1829.58,2020.85
-476.81,-497.479,-420.281,-489.858,-491.853,-477.473,2025.19,-476.63,-476.63
1785.19,-999.806,-999.806,-999.806,-999.806,-999.807,-999.806,-999.028,-999.806
-898.033,1906.97,-888.967,-898.132,-875.604,-900.535,-898.158,-899.209,-898.039
2058.72,2069.21,2077.17,2070.58,2068.18,2069.47,2067.11,2070.52,2067.15
2078.55,2079.54,2087.67,2076.81,2056.7,2078.82,2080,2074.41,2080.43
2132.5,2145.33,2141.23,2141.3,2141.94,2138.48,2141.62,2134.22,2140.04
3667.7,3687.7,3656.44,3639.97,3685.8,3664.68,3626.89,3645.57,3709.88
4000,4000,4000,4000,4000,4000,4000,4000,4000
4000,4000,4000,4000,4000,4000,4000,4000,4000
4000,4000,4000,4000,4000,4000,4000,4000,4000
4000,4000,4000,4000,4000,4000,4000,4000,4000
4000,4000,4000,4000,4000,4000,4000,4000,4000
4000,4000,4000,4000,4000,4000,4000,4000,4000
1340.4,1290.56,1298.53,1300.59,1848.73,1351,1324.07,1360.84,1297.91
-927.341,-927.55,-926.382,-927.896,-926.22,-926.238,1822.24,-925.812,-925.671
-963.676,-963.669,-963.663,-963.683,-963.66,-963.735,-964.053,2898.02,-963.656
-170.019,3679.35,-169.756,-170.083,-198.834,-195.276,-170.91,-170.649,-171.268
2009.03,3020.45,2009.34,2009.88,2002.26,2002.23,2009.59,2002.05,2009.35
2013.4,2010.52,2011.41,2010.56,1995.32,2012.61,2008.55,3881.5,2013.24
2032.44,2027.65,2033.2,2306.28,2026.85,2033.24,2030.37,2032.1,2031.83
3747.32,3788.1,3801.7,3841.13,3767.25,3787.59,3787.71,3833,3782.17
4000,4000,4000,4000,4000,4000,4000,4000,4000
4000,4000,4000,4000,4000,4000,4000,4000,4000
4000,4000,4000,4000,4000,4000,4000,4000,4000
4000,4000,4000,4000,4000,4000,4000,4000,4000
4000,4000,4000,4000,4000,4000,4000,4000,4000
4000,4000,4000,4000,4000,4000,4000,4000,4000
744.133,744.374,716.148,749.931,742.235,745.863,1714.88,750.523,742.676
-755.113,-756.783,4759.1,-756.19,-749.421,-755.176,-753.866,-754.916,-749.924
-999.108,-999.107,-999.116,-999.112,-999.097,-999.097,-999.13,3111.74,-999.101
253.073,255.726,256.956,256.935,249.964,6028.77,233.382,248.746,344.522
2045.26,2045.51,5429.19,2043.21,2044.45,2040.87,2041.03,2030.29,2042.7
2067.26,2066.92,2055.39,2294.39,2062.98,2066.85,2066.53,2052.04,2063.14
2121.98,2123.88,2117.93,2119.56,2084.67,2123.54,2123.76,2117.38,2125.55
3975.58,3948.97,3930.17,3916.94,3911.92,4000,4000,4000,4000
4000,4000,4000,4000,4000,4000,4000,4000,4000
4000,4000,4000,4000,4000,4000,4000,4000,4000
4000,4000,4000,4000,4000,4000,4000,4000,4000
4000,4000,4000,4000,4000,4000,4000,4000,4000
4000,4000,4000,4000,4000,4000,4000,4000,4000
4000,4000,4000,4000,4000,4000,4000,4000,4000
2136.18,2150.81,2068.62,2051.4,2071.99,2135.76,2141.86,2139.51,2151.42
2388.55,386.14,386.621,357.615,347.183,353.185,379.904,340.95,386.134
885.929,885.443,886.143,6746.05,886.533,886.368,812.614,820.97,842.479
6075.58,-657.647,-656.466,-656.335,-656.655,-655.98,-657.62,-656.33,-656.071
2047.83,2045.71,8026.51,2047.36,2046.35,2042.7,2044,2049.59,2046.08
2066.3,6990.19,2063.13,2062.73,2064.4,2065.99,2066.4,2065.49,2065.83
2190.81,2203.03,2164.59,2203.1,2195.18,2664.69,2194.6,2202.76,2200.55
3908.26,3894.7,3912.19,3932.29,3954.2,3884.59,3961.61,3920.76,3945.3
4000,4000,4000,4000,4000,4000,4000,4000,4000
4000,4000,4000,4000,4000,4000,4000,4000,4000
4000,4000,4000,4000,4000,4000,4000,4000,4000
4000,4000,4000,4000,4000,4000,4000,4000,4000
4000,4000,4000,4000,4000,4000,4000,4000,4000
4000,4000,4000,4000,4000,4000,4000,4000,4000
2641.95,2618.17,2624.05,2638.81,2688.36,2634.99,2623.46,2638.62,2635.17
1938.67,8597.83,1927.13,1875.99,1893.78,1893.92,1922.92,1904.25,1906.55
2121.02,1623.84,2159.1,1859.34,9775.48,1745.61,1623.65,2203.78,1076.48
9769.95,1736.73,2079.59,2438.42,2084.81,2205.07,1796,2384.92,2058.07
1660.63,1304.14,1223.22,1825.48,9768.77,1555.49,964.224,1601.53,963.905
2421.39,2193.94,2718.97,2199.88,2637.44,9771.73,2691.46,2704.53,2757.34
4525.71,2279.33,2275.38,2279.05,2270.27,2284.26,2284.48,2276.41,2284.42
3883.87,3872.85,3968.75,3969.52,3945.75,3921.18,3917.9,3915.9,3921.04
4000,4000,4000,4000,4000,4000,4000,4000,4000
4000,4000,4000,4000,4000,4000,4000,4000,4000
4000,4000,4000,4000,4000,4000,4000,4000,4000
4000,4000,4000,4000,4000,4000,4000,4000,4000
4000,4000,4000,4000,4000,4000,4000,4000,4000
4000,4000,4000,4000,4000,4000,4000,4000,4000
2660.01,2565.6,2587.8,2570.15,2539.19,2655.14,2640.24,2619.15,2664.74
1083.49,1083.6,1021.67,1082.48,1007.09,1004.24,1004.71,1007.05,1755.77
1564.79,1566.66,1565.96,1565.41,1565.21,1531.94,3696.33,1566.71,1566.71
2107.03,2109.2,2114.42,2108.99,2114.72,2114.63,4354.58,2109.23,2115.66
2235.78,1891.93,1892.44,1891.18,1864.3,2237.53,1893.24,9805.05,1894.01
1506.3,9763.01,2283.25,2144.23,1262.59,1428.15,1644.87,1578.69,1352.09
2568.24,2561.73,2573.12,2565.32,2529.43,2561.66,4711.18,2548.74,2561.41
3958.37,3934.85,4000,4000,4000,4000,4000,4000,4000
4000,4000,4000,4000,4000,4000,4000,4000,4000
4000,4000,4000,4000,4000,4000,4000,4000,4000
4000,4000,4000,4000,4000,4000,4000,4000,4000
4000,4000,4000,4000,4000,4000,4000,4000,4000
4000,4000,4000,4000,4000,4000,4000,4000,4000
4000,4000,4000,4000,4000,4000,4000,4000,4000
2017.58,1924.86,2013.48,2029.74,1976.39,2023.02,2023.27,2025.42,1955.11
535.318,491.804,487.844,480.345,490.412,525.355,2003.42,536.784,536.784
2447.34,1302.25,1300.2,1300.21,1328.1,1303.08,1303.67,1287.42,1299.01
2122.58,2119.9,2106.58,4466.43,2112.76,2047.9,2122.43,2119.87,2122.34
1993.54,1992.36,1993.2,1992.18,1961.13,1994.24,8647,1992.22,1994.05
2193.4,2193.69,2193.68,2192.28,2173.8,2191.6,2193.9,3292.58,2183.82
3078.17,3047.16,3088.04,3091.93,3076.75,3068.77,3062.18,3064.69,3055.42
4000,4000,4000,4000,4000,4000,4000,4000,4000
4000,4000,4000,4000,4000,4000,4000,4000,4000
4000,4000,4000,4000,4000,4000,4000,4000,4000
4000,4000,4000,4000,4000,4000,4000,4000,4000
4000,4000,4000,4000,4000,4000,4000,4000,4000
4000,4000,4000,4000,4000,4000,4000,4000,4000
4000,4000,4000,4000,4000,4000,4000,4000,4000
2010.62,1954.92,1985.46,1967.69,2007.44,1927.1,1955.48,2021.52,2016.24
4.13894,2207,-10.4103,-23.2848,-21.1492,-22.0593,-13.9646,-19.2408,-11.3402
224.998,249.914,208.395,2133.22,332.331,251.72,251.72,251.72,251.72
2008.28,2305.19,2009.71,2009.31,2012.74,2010.69,2011.08,1924.12,2009.33
2053.82,2050.48,2048.28,6895.6,2045.41,2054.38,2051.8,2047.47,2054.14
2233.19,4258.24,2229.03,2231.32,2225.35,2232.59,2232.62,2232.83,2228.33
2669.58,2914.4,2691.19,2693.22,2646.11,2680.91,2684.39,2666.77,2675.61
3926.34,3915.09,3916.64,4000,4000,4000,4000,4000,4000
4000,4000,4000,4000,4000,4000,4000,4000,4000
4000,4000,4000,4000,4000,4000,4000,4000,4000
4000,4000,4000,4000,4000,4000,4000,4000,4000
4000,4000,4000,4000,4000,4000,4000,4000,4000
4000,4000,4000,4000,4000,4000,4000,4000,4000
4000,4000,4000,4000,4000,4000,4000,4000,4000
2428.52,2444.22,2342.84,2358.46,2415.01,2338,2439.14,2402.29,2394.07
-635.757,-633.745,2344.85,-633.909,-633.999,-634.163,-646.491,-633.773,-637.406
-691.56,-702.429,-702.323,-714.052,2180.17,-702.307,-702.307,-702.307,-702.307
1298.97,1295.66,1294.65,1294.48,1296.02,2047.23,1228.35,1251.12,1295.84
2156.17,2355.08,2101.67,2155.21,2150.87,2155.05,2155.17,2153.76,2148.77
2185.01,2183.47,2184.62,2692.54,2182.66,2183.12,2183.16,2179.51,2177.69
2384.88,2382.51,2370.64,2559.79,2359.25,2381.7,2381.69,2382.29,2375.98
3890.48,3861.93,3930.8,3940.74,3924.55,3923.59,3929.01,3929.32,3924.39
4000,4000,4000,4000,4000,4000,4000,4000,4000
4000,4000,4000,4000,4000,4000,4000,4000,4000
4000,4000,4000,4000,4000,4000,4000,4000,4000
4000,4000,4000,4000,4000,4000,4000,4000,4000
4000,4000,4000,4000,4000,4000,4000,4000,4000
4000,4000,4000,4000,4000,4000,4000,4000,4000
1553.69,1545.9,1567.67,1567.59,1574.68,1575,1528.15,1733.96,1560.91
-983.201,-983.187,-983.186,-983.2,-982.86,-983.177,-983.181,-983.201,1893.08
-986.834,2036.51,-986.407,-986.377,-986.901,-986.38,-986.391,-986.84,-986.374
19.3568,19.3657,17.7668,0.306407,-6.71551,2024.56,19.5341,19.5341,19.5341
2139.47,2136.02,2137.43,2136.5,2137.23,2141.11,2138.28,2135.21,2135.45
2147.47,2163.02,2162.99,2161.08,2163.28,2161.41,2175.89,2153.79,2161.47
2215.43,2219.71,2214.14,2220.48,2200.88,2217.51,2222.01,2213.15,2217.05
3844.17,3826.87,3828.37,3877.84,3873.5,3824.14,3864.18,3866.31,3861.57
4000,4000,4000,4000,4000,4000,4000,4000,4000
4000,4000,4000,4000,4000,4000,4000,4000,4000
4000,4000,4000,4000,4000,4000,4000,4000,4000
4000,4000,4000,4000,4000,4000,4000,4000,4000
4000,4000,4000,4000,4000,4000,4000,4000,4000
4000,4000,4000,4000,4000,4000,4000,4000,4000
1364.84,1304.82,1347.36,1331.79,1350.65,1827.98,1333.89,1322.57,1311.88
1948.84,-997.194,-997.08,-997.078,-997.08,-997.079,-997.079,-842.611,-997.081
-955.381,-957.163,-955.394,1842,-955.379,-955.379,-955.379,-955.379,-955.379
17.4889,18.8768,2038.78,18.8923,18.8908,17.1365,-0.93074,4.33701,2.55121
2103.96,2105.92,2106.13,2103.25,2108.03,2099.76,2106.19,2104.5,2098.49
2117.15,2114.58,2114.45,2128.14,2117.89,2118.95,2116.99,2114.86,2100.68
2180.64,2172.39,2178.96,2175.57,2176.97,2176.05,2171.2,2174.49,2180.47
3842.36,3837.03,3850.61,3832.64,3825.48,3802.94,3887.28,3878.35,3858.64
4000,4000,4000,4000,4000,4000,4000,4000,4000
4000,4000,4000,4000,4000,4000,4000,4000,4000
4000,4000,4000,4000,4000,4000,4000,4000,4000
4000,4000,4000,4000,4000,4000,4000,4000,4000
4000,4000,4000,4000,4000,4000,4000,4000,4000
4000,4000,4000,4000,4000,4000,4000,4000,4000
2246.87,2238.39,2229.62,2177.69,2238.83,2247.19,2242.47,2243.18,2241.43
1084.32,1084.66,2016.67,1086.28,1058.54,1084.77,1007.17,1085.72,1086.2
1870.41,2035.81,1862.66,1879.8,1791.55,1869.21,1845.06,1810.87,1875.76
2091.84,2090.59,2093.05,2033.14,2070.48,2091.19,2086.96,2057.33,2093.63
2141.09,2124.61,2137.65,2137.99,2137.01,2137.99,2132.29,2140.95,2141.07
2113.6,2110.78,2114.34,2114.93,2113.55,2115.51,2112.65,2107.62,2114.62
2140.4,2148.48,2147.3,2148.36,2150.99,2147.26,2149.67,2150.78,2148.63
3734.58,3732.49,3742.88,3777.47,3772.32,3694.77,3749.5,3752.96,3695.52
4000,4000,4000,4000,4000,4000,4000,4000,4000
4000,4000,4000,4000,4000,4000,4000,4000,4000
4000,4000,4000,4000,4000,4000,4000,4000,4000
4000,4000,4000,4000,4000,4000,4000,4000,4000
4000,4000,4000,4000,4000,4000,4000,4000,4000
4000,4000,4000,4000,4000,4000,4000,4000,4000
1807.28,1488.9,1544.93,1537.62,1517.76,1545.53,1509.18,1550.7,1548.79
2663.49,-854.823,-849.184,-854.823,-854.823,-854.823,-854.823,-854.823,-854.823
-988.242,-988.569,3749.24,-988.069,-988.241,-988.241,-988.241,-988.241,-988.241
-270.159,-280.146,-271.32,2876.91,-271.651,-284.546,-270.474,-297.282,-271.241
2013.78,2012.15,2011.54,1977.98,2008.46,2008.52,2007.17,2898,2012.71
3592.57,1999.25,2014.02,1974.63,2014.15,2014.26,2011.75,2014.24,2005.8
2056.87,2059.02,2056.19,2926.72,2040.39,2060.47,2060.29,2060.61,2054.96
3924.61,3918.86,3895.3,3871,3876.26,3876.65,3947.37,3861.66,3939.86
4000,4000,4000,4000,4000,4000,4000,4000,4000
4000,4000,4000,4000,4000,4000,4000,4000,4000
4000,4000,4000,4000,4000,4000,4000,4000,4000
4000,4000,4000,4000,4000,4000,4000,4000,4000
4000,4000,4000,4000,4000,4000,4000,4000,4000
4000,4000,4000,4000,4000,4000,4000,4000,4000
2508.5,2606.57,2593.2,2604.47,2588.45,2577.62,2580.92,2510.55,2603.67
611.494,591.37,587.192,553.07,552.258,1930.43,552.972,607.319,552.971
1944.33,-908.502,-908.502,-908.502,-908.502,-908.502,-908.502,-908.502,-908.502
729.654,678.614,729.875,696.632,730.18,710.097,729.722,2732.87,674.3
1982.76,1982.32,1974,1982.83,1972.36,1979.1,1981.63,2681.67,1975.71
2048.7,2050.5,2047.2,2048.34,2048.52,2045.16,2050.43,2050.64,2280.66
2123.43,2112.66,2128.04,2121.56,2128.75,2128.57,2118.35,2122.92,2128.99
3895.63,3882.94,3867.76,3897.58,3851.52,3844.72,3927.21,3927.38,3919.01
4000,4000,4000,4000,4000,4000,4000,4000,4000
4000,4000,4000,4000,4000,4000,4000,4000,4000
4000,4000,4000,4000,4000,4000,4000,4000,4000
4000,4000,4000,4000,4000,4000,4000,4000,4000
4000,4000,4000,4000,4000,4000,4000,4000,4000
4000,4000,4000,4000,4000,4000,4000,4000,4000
513.537,476.982,476.978,476.974,1121.27,482.285,514.669,481.956,517.718
-999.301,-999.328,-999.3,-999.3,-999.315,1130.25,-999.3,-999.3,-999.3
3524.2,-862.082,-862.082,-862.082,-862.082,-862.082,-862.082,-862.082,-862.082
1612.04,1610.16,1611.55,1611.95,1536.22,1613.55,3293.73,1611.93,1555.16
2016.58,2013.64,2011,2016.98,1981.07,2570.28,2018.81,2018.09,1989.9
2067,2068.45,9706.87,2068.96,2371.78,2057.28,2061.31,2062.49,2370.26
2218.51,2213.06,2212.37,2216.29,2218.3,2602.3,2218.74,2214.56,2207.21
3942.21,3985.49,3977.46,3955.8,3946.13,3950.5,3914.04,3900.42,4000
4000,4000,4000,4000,4000,4000,4000,4000,4000
4000,4000,4000,4000,4000,4000,4000,4000,4000
4000,4000,4000,4000,4000,4000,4000,4000,4000
4000,4000,4000,4000,4000,4000,4000,4000,4000
4000,4000,4000,4000,4000,4000,4000,4000,4000
4000,4000,4000,4000,4000,4000,4000,4000,4000
-147.605,-151.63,-158.105,-152.29,-150.394,-174.638,-151.636,1175.76,-147.632
-1000,-1000,-1000,-1000,1752.41,-1000,-1000,-1000,-1000
-1000,-1000,-1000,-1000,6534.27,-1000,-1000,-1000,-1000
6149.15,-618.657,-631.267,-617.409,-617.446,-617.99,-621.698,-617.686,-611.471
2080.17,4374.74,2079.2,2079.42,2067.34,2071.01,2079.54,2075.43,2071.49
2108.33,2102.6,5150.05,2109.13,2108.74,2106.57,2107.74,2107.72,2103.18
4099.38,2397.13,2409.31,2393.62,2408.49,2409.49,2407.59,2395.68,2393.62
3954.09,3950.86,3898.53,3988.75,4198.91,4000,4000,4000,4000
4000,4000,4000,4000,4000,4000,4000,4000,4000
4000,4000,4000,4000,4000,4000,4000,4000,4000
4000,4000,4000,4000,4000,4000,4000,4000,4000
4000,4000,4000,4000,4000,4000,4000,4000,4000
4000,4000,4000,4000,4000,4000,4000,4000,4000
4000,4000,4000,4000,4000,4000,4000,4000,4000
1473.51,1483.3,1473.68,1554.61,1465.43,1540.47,1845.08,1471.84,1556.77
700.165,668.054,649.269,637.972,686.565,677.007,1952.15,701.105,700.005
2018.52,2018.34,2022.27,2018.53,2024.1,2023.53,1945.54,2021.1,2255.23
7233.76,1959.24,1959.71,1957.6,1955.24,1962.77,1961.95,1959.78,1962.91
9802.89,1887.32,1886.27,1880.71,1887.61,2167.89,1888,1885.94,2200.12
8182.79,2135.31,2134.97,2135.35,2127.92,2129.17,2133.86,2134.31,2135.4
2824.08,2773.78,2754.96,2752.75,2662.65,2774.72,2766.32,2765.24,2774.22
3913.91,3909.03,4000,4000,4000,4000,4000,4000,4000
4000,4000,4000,4000,4000,4000,4000,4000,4000
4000,4000,4000,4000,4000,4000,4000,4000,4000
4000,4000,4000,4000,4000,4000,4000,4000,4000
4000,4000,4000,4000,4000,4000,4000,4000,4000
4000,4000,4000,4000,4000,4000,4000,4000,4000
4000,4000,4000,4000,4000,4000,4000,4000,4000
1808.03,1860.26,1892.56,1885.9,1803.09,1910.86,1884.96,1888.82,1829.12
984.048,983.883,983.633,982.417,978.632,1713.12,984.48,974.925,931.731
1955.03,1953.2,1903.25,1958.37,1933.08,1974.65,1957.87,1959.46,1887.82
2062.05,3027.85,2058,1991.16,2053.76,2040.21,1978.74,2061.11,2062.12
2110.15,2104.56,2109.21,2109.08,2106.76,2108.93,2107.87,2108.86,4112.75
2210.62,2211.74,2211.08,2209.58,2178.94,2212.25,3016.47,2212.65,2208.49
3177.29,3170.98,3182.29,3193.99,3124.45,3200.52,3225.04,3199.43,3213.72
4000,4000,4000,4000,4000,4000,4000,4000,4000
4000,4000,4000,4000,4000,4000,4000,4000,4000
4000,4000,4000,4000,4000,4000,4000,4000,4000
4000,4000,4000,4000,4000,4000,4000,4000,4000
4000,4000,4000,4000,4000,4000,4000,4000,4000
4000,4000,4000,4000,4000,4000,4000,4000,4000
4000,4000,4000,4000,4000,4000,4000,4000,4000
2158.63,2164.06,2100.99,2150.54,2160.28,2113.57,2127.07,2160.22,2162.5
-866.879,-868.111,-867.585,-867.975,-867.49,-867.889,-867.597,-867.546,1969.53
-999.146,-999.264,-999.263,-999.29,1999.06,-999.263,-999.263,-999.263,-999.263
834.626,868.5,869.187,841.697,859.579,875.513,872.271,810.836,2052.11
2131.83,2130.11,2129.26,2135.33,2135.23,2132.02,2128.98,2126.36,2131.95
2244.33,2260.63,2240.97,2242.98,2230.93,2258.95,2241.09,2234.33,2245.42
2816.34,2785.13,2804,2803.4,2814.5,2789.87,2788.2,2811.81,2792.32
3942.5,4000,4000,4000,4000,4000,4000,4000,4000
4000,4000,4000,4000,4000,4000,4000,4000,4000
4000,4000,4000,4000,4000,4000,4000,4000,4000
4000,4000,4000,4000,4000,4000,4000,4000,4000
4000,4000,4000,4000,4000,4000,4000,4000,4000
4000,4000,4000,4000,4000,4000,4000,4000,4000
4000,4000,4000,4000,4000,4000,4000,4000,4000
2989.45,3068.29,3071.97,3002.04,3011.2,3055.29,3083.78,3052.69,3031.1
1086.16,1087.58,1082.06,1087.79,1026.54,1088.84,1727.34,1074.49,1010.6
925.524,970.665,915.921,1903.6,970.047,914.022,925.473,948.604,951.562
1253.41,1261.48,2068.56,1263.62,1263.07,1264.64,1264.12,1261.35,1263.22
2151.26,2148.9,2146.87,2145.04,2200.45,2146.52,2146.61,2144.51,2149.67
2198.86,2199.49,2196.96,2227.65,2192.63,2197.01,2198.97,2198.49,2191.47
2449.94,2461.64,2460.53,2461.75,2443.74,2454.75,2447.27,2455.18,2447.13
3938.48,3920.34,3916.35,3913.07,4000,4000,4000,4000,4000
4000,4000,4000,4000,4000,4000,4000,4000,4000
4000,4000,4000,4000,4000,4000,4000,4000,4000
4000,4000,4000,4000,4000,4000,4000,4000,4000
4000,4000,4000,4000,4000,4000,4000,4000,4000
4000,4000,4000,4000,4000,4000,4000,4000,4000
4000,4000,4000,4000,4000,4000,4000,4000,4000
2905.25,2928.38,2909.63,2909.44,2920,2924.13,2885.47,2911.43,2894.81
1911.43,1952.1,1952.21,1979.72,1880.2,2054.62,1974.74,1937.05,1985.51
1975.36,1974.59,1897.18,1986.4,1908.57,1982.54,2001.76,1988.11,1982.45
2248.5,2251.4,2249.74,2239.84,2244.31,2253.17,2236.07,2249.08,2246.26
2182.65,2178.87,2185.56,2180.14,2155.78,2182.34,2176.71,2181.7,2185.45
2162.09,2158.31,2156.84,2153.59,2162.17,2158.03,2160.98,2162.46,2152.04
2268.4,2268.23,2267.48,2270.05,2263.4,2257.83,2264.75,2267.6,2270.26
3974.17,3933.66,3914.31,3929.62,3925.23,4000,4000,4000,4000
4000,4000,4000,4000,4000,4000,4000,4000,4000
4000,4000,4000,4000,4000,4000,4000,4000,4000
4000,4000,4000,4000,4000,4000,4000,4000,4000
4000,4000,4000,4000,4000,4000,4000,4000,4000
4000,4000,4000,4000,4000,4000,4000,4000,4000
4000,4000,4000,4000,4000,4000,4000,4000,4000
1251.58,1257.94,1257.83,1258.03,1260.07,1289.52,1252.07,1759.37,1264.96
-998.241,1584.2,-998.241,-998.238,-998.238,-998.281,-998.286,-998.289,-998.282
-942.36,-942.377,-942.362,-942.369,-942.341,-942.337,-903.584,-942.383,1869.7
9.7527,11.3823,11.2606,10.7082,9.45844,11.022,-20.8752,11.2227,2009.25
2133.18,2119.86,2116.81,2123.22,2053.68,2120.33,2120.11,2122.35,2116.62
2118.55,2114.74,2116.61,2115.74,2097.9,2118.35,2111.47,2115.76,2116.93
2220.93,2234.61,2235.53,2234.24,2226.77,2228.41,2230.9,2224.38,2227.39
3893.81,3897.92,3864.97,3846.84,3850.3,3931.11,3931.18,3924.74,3920.21
4000,4000,4000,4000,4000,4000,4000,4000,4000
4000,4000,4000,4000,4000,4000,4000,4000,4000
4000,4000,4000,4000,4000,4000,4000,4000,4000
4000,4000,4000,4000,4000,4000,4000,4000,4000
4000,4000,4000,4000,4000,4000,4000,4000,4000
4000,4000,4000,4000,4000,4000,4000,4000,4000
2152.5,2150.01,2139.94,2059.45,2154.29,2152.61,2117,2150.94,2109.36
-929.234,-929.203,-929.239,-929.287,-929.219,1931.58,-929.201,-928.795,-929.201
-994.271,-977.276,-994.414,-994.44,1824.72,-994.266,-994.266,-994.266,-994.266
-281.084,-280.434,-280.679,-299.947,-285.622,-281.084,-280.322,1998.47,-280.589
2100.05,2100.01,2100.05,2098.97,2100.97,2093.13,2095.3,2100.95,2099.8
2080.87,2082.5,2091.45,2092.19,2092.59,2091.84,2089.08,2092.74,2087.15
2167.66,2175.8,2173.54,2172.73,2176.7,2178.83,2168.59,2174.03,2174.69
3785.27,3765.17,3763.24,3747.09,3767.5,3730.92,3725.41,3762.34,3744.11
4000,4000,4000,4000,4000,4000,4000,4000,4000
4000,4000,4000,4000,4000,4000,4000,4000,4000
4000,4000,4000,4000,4000,4000,4000,4000,4000
4000,4000,4000,4000,4000,4000,4000,4000,4000
4000,4000,4000,4000,4000,4000,4000,4000,4000
4000,4000,4000,4000,4000,4000,4000,4000,4000
1691.74,1687.22,1687.07,1690.43,1684.1,1687.21,1762.11,1689.9,1684.99
-862.087,-862.125,-862.087,-867.399,-862.174,-863.422,2130.19,-862.082,-862.082
-975.892,-956.872,-975.898,-976.815,2194.89,-975.888,-975.888,-938.464,-975.888
278.191,316.738,317.184,2030.02,315.259,345.077,307.316,316.992,316.926
1916.94,1922.15,2154.67,1915.02,1889.56,1901.04,1920.61,1920.69,1919.44
2029.26,2586.99,2030.06,2031.48,2004.6,2025.05,2031,2030.89,2028.92
2052.17,2061.9,2064.72,2064.33,2115.34,2062.94,2056.1,2058.05,2062.61
3912.94,3893.97,3956.82,3868.5,3869.94,3908.82,3939.68,3921.33,3914.02
4000,4000,4000,4000,4000,4000,4000,4000,4000
4000,4000,4000,4000,4000,4000,4000,4000,4000
4000,4000,4000,4000,4000,4000,4000,4000,4000
4000,4000,4000,4000,4000,4000,4000,4000,4000
4000,4000,4000,4000,4000,4000,4000,4000,4000
4000,4000,4000,4000,4000,4000,4000,4000,4000
1898.53,1907.75,1919.24,1850.48,2167.16,1911.17,1870.89,1840.06,1879.28
-949.009,-948.723,-948.27,1855.08,-949.36,-950.102,-950,-949.847,-949.94
-922.316,-974.622,-974.625,-974.623,-974.62,-974.658,-975.553,-880.929,2166.17
2773.92,-505.049,-504.15,-504.254,-509.398,-504.35,-503.324,-504.306,-504.816
2029.16,1970.74,2023.18,2019.87,2024.41,2028.53,2015.74,1999.87,4482
2028.22,2029.02,2030.18,2023.44,2030.19,2030.73,2028.4,2773.67,2030.4
2090.81,2087.65,2088.55,2086.68,2086.89,2085.96,2086.95,2110.99,2089.85
3978.4,3956.05,3938.63,3937.54,3933.98,3907.3,3890.54,3902,3900.14
4000,4000,4000,4000,4000,4000,4000,4000,4000
4000,4000,4000,4000,4000,4000,4000,4000,4000
4000,4000,4000,4000,4000,4000,4000,4000,4000
4000,4000,4000,4000,4000,4000,4000,4000,4000
4000,4000,4000,4000,4000,4000,4000,4000,4000
4000,4000,4000,4000,4000,4000,4000,4000,4000
2095.21,2072.23,2029.17,2038.29,2030.47,2088.75,2092.22,2094.69,2088.73
886.681,886.584,882.771,886.558,811.327,2343.7,886.768,886.768,886.768
188.98,188.594,184.394,189.02,2047.21,189.134,189.134,189.134,189.134
701.95,700.329,701.406,2569.97,697.988,701.982,701.854,701.84,701.888
2036.34,2027.42,1974.78,2045.97,2044.65,9712.5,2047.25,2048.01,2044.66
2057.5,2053.1,2059.62,2058.95,2059.07,2054.82,2061.62,2059.87,2377.95
2180.82,2184.86,2190.83,2186.3,2189.54,2183.55,2189.03,2198.11,2185.94
3876.97,3955.67,3847.92,3955.6,3934.81,3944.7,3915.07,3911.99,3903.28
4000,4000,4000,4000,4000,4000,4000,4000,4000
4000,4000,4000,4000,4000,4000,4000,4000,4000
4000,4000,4000,4000,4000,4000,4000,4000,4000
4000,4000,4000,4000,4000,4000,4000,4000,4000
4000,4000,4000,4000,4000,4000,4000,4000,4000
4000,4000,4000,4000,4000,4000,4000,4000,4000
-725.313,-731.901,-729.822,-729.292,-729.167,-728.517,1325.1,-729.644,-727.466
2581.5,-999.225,-999.255,-999.225,-999.256,-999.226,-999.255,-999.255,-999.225
-995.994,-997.065,-997.06,-997.068,-996.905,-997.058,3522.13,-996.637,-997.058
-147.753,-172.768,-146.29,3253.49,-149.809,-146.166,-152.45,-146.041,-147.724
9709.82,2050.24,2055.99,2056.79,2033.1,2052.81,2042.71,1990.76,2056.7
2089.09,2089.79,5615.52,2088.43,2082.44,2089.56,2089.61,2088.35,2088.11
2453.06,2465.19,2465.44,2463.49,2450.43,2460.65,2450.09,2463.13,3075.3
3962.75,3936.12,3907.9,4000,4000,4000,4000,4000,4000
4000,4000,4000,4000,4000,4000,4000,4000,4000
4000,4000,4000,4000,4000,4000,4000,4000,4000
4000,4000,4000,4000,4000,4000,4000,4000,4000
4000,4000,4000,4000,4000,4000,4000,4000,4000
4000,4000,4000,4000,4000,4000,4000,4000,4000
4000,4000,4000,4000,4000,4000,4000,4000,4000
923.619,933.518,889.65,907.685,932.855,911.105,920.329,1961.24,899.868
-854.831,-860.4,-855.24,-858.705,-854.901,-858.543,-857.83,2969.43,-854.823
-250.915,-251.236,-269.318,-251.989,-262.852,2342.09,-250.549,-250.549,-250.549
2113.33,2115.75,2085.05,2110.57,2115.87,2113.25,2593.68,2113.17,2116.56
2090.85,2090.06,4006.53,2092.78,2069.04,2089.88,2091.88,2093.3,2089.85
2138.29,2130.91,2137.68,2133.59,2129.4,2134.3,2136.8,2599.22,2134.33
2841.49,2858.22,2844.44,2852.91,2874.43,2862.84,2848.97,2851.1,2859.6
3938.96,4000,4000,4000,4000,4000,4000,4000,4000
4000,4000,4000,4000,4000,4000,4000,4000,4000
4000,4000,4000,4000,4000,4000,4000,4000,4000
4000,4000,4000,4000,4000,4000,4000,4000,4000
4000,4000,4000,4000,4000,4000,4000,4000,4000
4000,4000,4000,4000,4000,4000,4000,4000,4000
4000,4000,4000,4000,4000,4000,4000,4000,4000
2144.8,2179.13,2173.64,2134.87,2128.28,2172.4,2091.48,2168.18,2094.91
-450.109,-452.578,-449.468,3049.49,-449.398,-471.12,-454.672,-460.575,-450.493
-898.726,-898.954,-901.083,-902.61,-898.758,-898.678,2601.67,-898.875,-898.71
1584.63,1583.73,1582.72,1586.94,1564.76,1584.3,3645.15,1582.53,1580.66
2129.52,2134.19,2131.45,3433.48,2134.28,2129.97,2132.34,2133.94,2134.51
2231.05,2230.01,2228.49,2229.78,2183.73,2227.6,2230.75,2232.77,2233.34
3122.45,3146.22,3142.01,3127.53,2982.23,3145.1,3150.48,3135.46,3124.15
4000,4000,4000,4000,4000,4000,4000,4000,4000
4000,4000,4000,4000,4000,4000,4000,4000,4000
4000,4000,4000,4000,4000,4000,4000,4000,4000
4000,4000,4000,4000,4000,4000,4000,4000,4000
4000,4000,4000,4000,4000,4000,4000,4000,4000
4000,4000,4000,4000,4000,4000,4000,4000,4000
4000,4000,4000,4000,4000,4000,4000,4000,4000
1711.87,1758.28,1688.18,1706.78,1697.7,1749.64,1755.01,1743.91,1772.81
-670.197,-670.252,-670.531,-670.306,-670.468,-671.785,-670.712,-670.661,1793.59
1431.37,1435.65,1436.25,1431.24,1428.3,1435.95,1433.87,1795.87,1359.91
2121.04,2113.8,2118.28,3075.26,2098.79,2118.58,2117.95,2118.61,2120.84
2151.56,2151.75,2149.16,3757.34,2153.16,2151.75,2147.25,2147.53,2149.18
2228.61,2225.85,2226.69,2233.11,2231.11,2208.67,2231.08,2234.04,2233.68
2813.21,2781.9,2778.8,2790.32,2757.24,2792.9,2806.49,2809.45,2807.25
3948.95,3930.72,3912.23,3912.46,4000,4000,4000,4000,4000
4000,4000,4000,4000,4000,4000,4000,4000,4000
4000,4000,4000,4000,4000,4000,4000,4000,4000
4000,4000,4000,4000,4000,4000,4000,4000,4000
4000,4000,4000,4000,4000,4000,4000,4000,4000
4000,4000,4000,4000,4000,4000,4000,4000,4000
4000,4000,4000,4000,4000,4000,4000,4000,4000
926.922,928.233,940.62,905.556,907.506,929.15,899.304,898.443,1788.51
-978.868,-979.107,-979.11,-979.11,-978.728,1927.46,-979.071,-978.948,-979.115
1999.73,-909.05,-908.831,-911.192,-912.191,-910.392,-910.286,-911.326,-911.291
2015.14,1485.28,1570.18,1535.21,1561.88,1562.09,1497.66,1568.55,1492.47
2111.29,2128.07,2114.17,2101.26,2111.1,2113.77,2115.01,2116.05,2113.14
2190.77,2187.37,2189.24,2189.11,2187.41,2177.09,2154.25,2188.17,2185.31
2429.64,2426.02,2426.07,2408.84,2429.56,2426.73,2422.48,2438.73,2428.95
3992.01,3977.27,3963.44,3947.78,3906.49,3902.42,3897.71,4000,4000
4000,4000,4000,4000,4000,4000,4000,4000,4000
4000,4000,4000,4000,4000,4000,4000,4000,4000
4000,4000,4000,4000,4000,4000,4000,4000,4000
4000,4000,4000,4000,4000,4000,4000,4000,4000
4000,4000,4000,4000,4000,4000,4000,4000,4000
4000,4000,4000,4000,4000,4000,4000,4000,4000
2212.47,2180.5,2220.89,2259.34,2259.56,2248.64,2263.7,2266.85,2261.29
-950.562,-950.563,1840.49,-950.558,-950.438,-950.558,-950.558,-950.558,-950.558
-961.862,-961.804,-961.758,-961.783,-961.745,1960.59,-961.743,-944.802,-961.743
1988.3,946.745,1019.42,970.705,1016.44,1020.5,984.998,1021.23,1023.3
2158.54,2152.78,2149.02,2158.55,2151.73,2151.05,2147.8,2158.27,2149.95
2153.2,2146.73,2152.87,2148.15,2141.96,2150.02,2153.41,2148.83,2153.01
2298.75,2299.61,2293.73,2292.97,2289.82,2290.48,2293.87,2295.54,2281.6
3894.84,3975.25,3952.26,3952.55,3924.98,3923.53,3923.54,3892.13,3903.45
4000,4000,4000,4000,4000,4000,4000,4000,4000
4000,4000,4000,4000,4000,4000,4000,4000,4000
4000,4000,4000,4000,4000,4000,4000,4000,4000
4000,4000,4000,4000,4000,4000,4000,4000,4000
4000,4000,4000,4000,4000,4000,4000,4000,4000
4000,4000,4000,4000,4000,4000,4000,4000,4000
1716.4,1774.89,1997.5,1773.74,1678.74,1766.22,1731.18,1774.65,1759.69
-126.039,-160.837,-126.101,-126.04,-127.355,-126.312,-126.029,-160.091,1982.93
-881.827,-881.768,-881.941,1963.89,-881.752,-881.752,-881.752,-881.752,-881.752
-435.339,1980.54,-435.229,-435.411,-435.733,-435.831,-436.072,-435.543,-436.153
2097.49,2103.85,2104.45,2101.42,2084.45,2106.34,2082.84,2097.85,2105.87
2105.38,2103.5,2106.15,2102.62,2093.01,2104.46,2101.88,2105.43,2105.7
2185.29,2185.52,2189.14,2189.37,2182.23,2189.23,2177.46,2186.35,2183.26
3932.43,3915.64,3910.97,3896.95,3899.99,3868.71,3847.6,3865.33,3868.44
4000,4000,4000,4000,4000,4000,4000,4000,4000
4000,4000,4000,4000,4000,4000,4000,4000,4000
4000,4000,4000,4000,4000,4000,4000,4000,4000
4000,4000,4000,4000,4000,4000,4000,4000,4000
4000,4000,4000,4000,4000,4000,4000,4000,4000
4000,4000,4000,4000,4000,4000,4000,4000,4000
2037.39,2041.71,2044.39,2045.32,2044.94,2001.25,2047.47,2042.54,2046.22
-211.795,-211.192,-211.268,-218.181,-211.104,2022.9,-211.104,-211.104,-211.104
-881.771,-881.777,-881.777,-881.9,-881.756,-881.864,-881.779,-882.618,1965.36
-665.443,2018.45,-664.856,-665.422,-678.026,-667.403,-664.795,-664.821,-666.238
2068.77,2067.7,2064.54,2063.76,2069.2,2063.92,2050.68,2065.47,2061.87
2073.06,2067.3,2072.11,2073.91,2073.88,2071.15,2073.09,2074.04,2067.75
2119.01,2122.14,2119.04,2114.76,2121.32,2114.46,2111.69,2109.9,2122.37
3684.4,3678.37,3645.23,3646.58,3670.54,3618.48,3643.75,3635.33,3660.63
4000,4000,4000,4000,4000,4000,4000,4000,4000
4000,4000,4000,4000,4000,4000,4000,4000,4000
4000,4000,4000,4000,4000,4000,4000,4000,4000
4000,4000,4000,4000,4000,4000,4000,4000,4000
4000,4000,4000,4000,4000,4000,4000,4000,4000
4000,4000,4000,4000,4000,4000,4000,4000,4000
1573.06,1580.26,1567.18,1530.99,1510.08,1553.91,1514.74,1945.21,1593.5
-997.204,-997.205,-997.204,-997.306,-997.226,1569.53,-997.203,-997.203,-997.203
-999.559,-999.559,-999.559,-999.559,-999.559,-999.559,-999.576,-914.169,2271.61
250.141,249.778,2280,233.382,247.697,247.775,250.046,247.828,259.614
2037.15,2040.5,2332.75,2041.86,2038.91,2038.22,2042.08,2039.44,2038.98
2036.61,2035.92,2027.79,2023.62,2031.44,2329.91,2025.43,2036.51,2037.25
2087.33,2087.31,2081.89,2083.82,2083.89,2084.28,2085.2,2087.22,2086.55
3930.86,3893.65,3926.63,3879.02,3867.23,3859.4,3852.16,3936.14,3945.53
4000,4000,4000,4000,4000,4000,4000,4000,4000
4000,4000,4000,4000,4000,4000,4000,4000,4000
4000,4000,4000,4000,4000,4000,4000,4000,4000
4000,4000,4000,4000,4000,4000,4000,4000,4000
4000,4000,4000,4000,4000,4000,4000,4000,4000
4000,4000,4000,4000,4000,4000,4000,4000,4000
1112.67,1200.37,1200.58,1199.96,1165.28,1597.76,1200.63,1200.63,1200.63
-967.209,1774.86,-967.199,-967.199,-967.199,-967.199,-967.199,-967.199,-967.199
-769.661,2635.64,-769.651,-769.651,-769.651,-769.651,-769.651,-769.651,-769.651
1546.93,1546.62,1540.32,1461.62,1547.69,1470.29,1546.4,1463.99,2193.96
2059.81,2056.94,2056.45,2425.8,2062.11,2060.63,2060.71,2060.09,2058.92
2047.94,2047.86,2047.95,2048.16,2045.89,2043.4,2046.44,2048.88,2595.24
2129.58,2135.69,2136.91,2264.5,2131.2,2133.3,2132.45,2135.99,2138.9
3982.52,3981.33,3919.53,3910.3,3902.29,4000,4000,4000,4000
4000,4000,4000,4000,4000,4000,4000,4000,4000
4000,4000,4000,4000,4000,4000,4000,4000,4000
4000,4000,4000,4000,4000,4000,4000,4000,4000
4000,4000,4000,4000,4000,4000,4000,4000,4000
4000,4000,4000,4000,4000,4000,4000,4000,4000
4000,4000,4000,4000,4000,4000,4000,4000,4000
399.636,397.29,421.673,401.566,376.892,1409.4,387.623,389.278,406.829
-731.359,-740.732,-731.521,-731.357,-731.343,-731.376,2088.33,-731.332,-731.332
-999.774,-999.776,3242.72,-999.773,-999.773,-999.773,-999.773,-999.773,-999.773
485.617,512.419,3264.13,519.571,526.928,494.305,485.053,489.825,501.728
2061.86,2056.99,4050.51,2062.31,2055.53,2056.24,2055.28,2062.78,2062.4
2066.36,2066.67,4282.87,2066.04,2064.39,2065.77,2065.88,2066.86,2065.73
2222.69,2220.58,2440.86,2217,2221.37,2218.74,2214.96,2216.68,2221.4
3958.98,3944.16,3939.11,3935.09,3905.11,4000,4000,4000,4000
4000,4000,4000,4000,4000,4000,4000,4000,4000
4000,4000,4000,4000,4000,4000,4000,4000,4000
4000,4000,4000,4000,4000,4000,4000,4000,4000
4000,4000,4000,4000,4000,4000,4000,4000,4000
4000,4000,4000,4000,4000,4000,4000,4000,4000
4000,4000,4000,4000,4000,4000,4000,4000,4000
1646.81,1595.15,1626.13,1656.77,1768.12,1603.49,1594.23,1639.17,1621.8
1240.43,1268.9,2213.79,1225.59,1235.56,1294.16,1287.85,1287.71,1288.22
556.643,556.578,556.138,532.107,4611.77,552.757,535.866,549.804,538.189
9715.04,1767.54,1765.99,1742.43,1746.75,1767.25,1691.05,1721.95,1756.98
1948.75,1948.35,1942.92,3483.52,1949.38,1941.36,1949.56,1946.27,1944.41
2101.76,2101.99,2098.48,2101.1,2093.56,2099.63,2101.35,2098.74,2130.24
2443.09,2433.23,2434.14,2437.92,2382.85,2325.89,2444.14,2591.04,2428.88
3969.26,3958.8,3938.56,3916.23,4000,4000,4000,4000,4000
4000,4000,4000,4000,4000,4000,4000,4000,4000
4000,4000,4000,4000,4000,4000,4000,4000,4000
4000,4000,4000,4000,4000,4000,4000,4000,4000
4000,4000,4000,4000,4000,4000,4000,4000,4000
4000,4000,4000,4000,4000,4000,4000,4000,4000
4000,4000,4000,4000,4000,4000,4000,4000,4000
1424.83,135.359,142.201,145.612,142.222,172.488,139.527,172.452,131.919
2868.91,-933.584,-933.613,-935.432,-934.468,-934.54,-935.69,-933.265,-933.305
-724.765,-729.565,2971.52,-727.819,-724.364,-726.684,-727.274,-727.65,-731.758
1500.15,1520.48,1510.88,9717.88,1524.09,1524.02,1523.49,1501.47,1522.76
2084.97,2798.65,2080.3,2087.29,2084.38,2085.42,2081.85,2084.25,2067.43
2126.44,2132.91,2133.08,2130.03,2130.32,2131.84,2131.26,2491.42,2129.59
3298.42,2715.81,2727.43,2704.94,2616.56,2729.96,2731.52,2736.3,2729.89
4000,4000,4000,4000,4000,4000,4000,4000,4000
4000,4000,4000,4000,4000,4000,4000,4000,4000
4000,4000,4000,4000,4000,4000,4000,4000,4000
4000,4000,4000,4000,4000,4000,4000,4000,4000
4000,4000,4000,4000,4000,4000,4000,4000,4000
4000,4000,4000,4000,4000,4000,4000,4000,4000
4000,4000,4000,4000,4000,4000,4000,4000,4000
2299.32,2286.7,2292.68,2283.95,2217.17,2291.25,2268.8,2290.31,2285.4
1791.43,823.166,877.284,874.085,870.009,810.376,877.612,808.145,846.053
944.06,1938.05,945.035,905.803,945.338,921.171,943.975,943.858,911.874
1874.33,1871.19,1877.77,1878.9,1869.51,1859.74,2017.69,1877.72,1875.28
2107.5,2108.21,2100.4,2099.83,2104.26,2102.35,2106.98,2106.19,2108.74
2202.72,2198.56,2205.9,2206.16,2198.25,2205.02,2200.72,2195.07,2197.05
3161.91,3188.69,3183.73,3194.74,3170.56,3172.64,3143.87,3196.51,3189.73
3917.01,4000,4000,4000,4000,4000,4000,4000,4000
4000,4000,4000,4000,4000,4000,4000,4000,4000
4000,4000,4000,4000,4000,4000,4000,4000,4000
4000,4000,4000,4000,4000,4000,4000,4000,4000
4000,4000,4000,4000,4000,4000,4000,4000,4000
4000,4000,4000,4000,4000,4000,4000,4000,4000
4000,4000,4000,4000,4000,4000,4000,4000,4000
2216.91,2229.66,2233.13,2191.35,2296.19,2302.68,2211.29,2285.37,2254.87
297.942,1719.13,296.754,315.051,324.241,329.896,323.751,331.504,290.794
315.257,316.211,346.24,314.093,316.524,2005.48,315.71,315.816,315.745
1087.7,1106.01,1087.32,1087.99,1090.4,2057.26,1090.6,1090.6,1090.6
2058.83,2069.3,2075.9,2071.53,2079.81,2080.18,2074.73,2075.24,2059.14
2209.02,2208.37,2213.29,2201.52,2213.05,2207.71,2206.99,2204.74,2212.47
2851.71,2826.73,2805.42,2822.95,2793.24,2844.65,2834.45,2825.03,2830.18
3931.46,3914.29,3913.39,4000,4000,4000,4000,4000,4000
4000,4000,4000,4000,4000,4000,4000,4000,4000
4000,4000,4000,4000,4000,4000,4000,4000,4000
4000,4000,4000,4000,4000,4000,4000,4000,4000
4000,4000,4000,4000,4000,4000,4000,4000,4000
4000,4000,4000,4000,4000,4000,4000,4000,4000
4000,4000,4000,4000,4000,4000,4000,4000,4000
1591.08,1610.54,1617.35,1545.6,1604.69,1628.03,1613.7,1665.88,1618.28
-476.731,-477.465,-477.376,-476.793,-497.556,1952.94,-476.63,-476.63,-476.63
-423.894,1940.54,-419.703,-426.45,-414.97,-430.938,-416.726,-426.334,-420.342
910.934,912.648,974.162,976.627,975.75,2048.86,973.906,974.258,973.549
2115.32,2115.75,2127.38,2117.69,2115.19,2114.27,2121,2116.81,2108.43
2144.81,2151.71,2155.86,2148.38,2145.24,2141.21,2147.88,2149.26,2150.63
2420.48,2423.79,2408.69,2403.49,2416.48,2398.85,2411.98,2410.71,2401.54
3924,3893.48,4000,4000,4000,4000,4000,4000,4000
4000,4000,4000,4000,4000,4000,4000,4000,4000
4000,4000,4000,4000,4000,4000,4000,4000,4000
4000,4000,4000,4000,4000,4000,4000,4000,4000
4000,4000,4000,4000,4000,4000,4000,4000,4000
4000,4000,4000,4000,4000,4000,4000,4000,4000
4000,4000,4000,4000,4000,4000,4000,4000,4000
1606.27,1628.23,1626.75,1803.99,1630.04,1621.57,1630.05,1609.68,1562.25
-792.111,-799.809,-792.194,-792.219,-798.231,1837.41,-792.11,-792.11,-792.11
-999.368,-999.368,-999.368,-999.369,1885.15,-999.368,-999.368,-999.368,-999.368
94.4522,90.9362,85.1795,90.1007,92.7836,83.6803,1967.66,92.7402,93.1906
2112.83,2108.42,2108.59,2117.37,2119.07,2117.55,2119.2,2119.34,2118.13
2139.58,2142.27,2141.98,2142.36,2139.61,2131.53,2137.3,2116.5,2137.93
2272.18,2280.5,2276.41,2270.98,2265.33,2276.89,2267.92,2266.56,2280.03
3996.73,3974.42,3961,4000,4000,4000,4000,4000,4000
4000,4000,4000,4000,4000,4000,4000,4000,4000
4000,4000,4000,4000,4000,4000,4000,4000,4000
4000,4000,4000,4000,4000,4000,4000,4000,4000
4000,4000,4000,4000,4000,4000,4000,4000,4000
4000,4000,4000,4000,4000,4000,4000,4000,4000
4000,4000,4000,4000,4000,4000,4000,4000,4000
1180.05,1144.9,1813.05,1112.62,1176.52,1143.88,1112.62,1115.34,1181.2
-975.902,-975.889,-975.889,-976.266,1744.42,-975.888,-975.888,-975.888,-975.888
-821.793,-821.81,-821.811,1560.26,-821.76,-821.76,-821.76,-821.76,-821.76
2078.83,2059.89,2060.41,2048.15,2047.34,2048.72,2058.58,2062.89,2045.74
2117.19,2120.95,2123.5,2117.62,2100.47,2119.27,2086.9,2123.82,2116.46
2125.18,2138.69,2140.82,2123.06,2141.09,2141.44,2130.85,2122.31,2140.03
2244.94,2255.63,2248.97,2239.76,2240.13,2236.74,2248.76,2253.86,2225.55
3935.69,3926.11,3928.78,3933.06,3926.34,3915.52,3916.87,4000,4000
4000,4000,4000,4000,4000,4000,4000,4000,4000
4000,4000,4000,4000,4000,4000,4000,4000,4000
4000,4000,4000,4000,4000,4000,4000,4000,4000
4000,4000,4000,4000,4000,4000,4000,4000,4000
4000,4000,4000,4000,4000,4000,4000,4000,4000
4000,4000,4000,4000,4000,4000,4000,4000,4000
1665.17,1634.37,1668.29,1665.42,1589.23,1576.59,1667.48,1951.39,1668.17
-974.629,-975.177,-974.626,-974.724,1757.6,-974.628,-974.624,-975.632,-974.645
-951.158,-950.982,-952.273,-950.994,-950.905,-950.965,1892.28,-950.876,-950.877
2031,536.784,536.784,536.784,536.784,536.784,536.784,536.784,536.784
2055.46,2045.93,2053.58,1976.3,2046.48,2050.93,2025.56,2035.73,2043.6
2104.31,2105.67,2105.76,2104.06,2099.37,2104.77,2106.18,2097.43,2099.2
2201.78,2199.41,2193.79,2184.48,2201.61,2197.3,2197.49,2198.36,2193.5
3888.51,3853.39,3829.58,3843.76,3838.44,3840.2,3921.55,3918.4,3912.96
4000,4000,4000,4000,4000,4000,4000,4000,4000
4000,4000,4000,4000,4000,4000,4000,4000,4000
4000,4000,4000,4000,4000,4000,4000,4000,4000
4000,4000,4000,4000,4000,4000,4000,4000,4000
4000,4000,4000,4000,4000,4000,4000,4000,4000
4000,4000,4000,4000,4000,4000,4000,4000,4000
1576.21,1560.43,1945.22,1559.73,1593.76,1601.82,1606.83,1641.78,1608.11
-543.514,-547.946,-534.559,-545.648,-537.919,-540.809,-537.696,2009.85,-535.379
2175.27,-999.969,-999.969,-999.969,-999.969,-999.969,-999.969,-999.969,-999.969
-552.683,-553.223,-553.159,-552.711,-552.886,-553.364,-552.762,-552.857,2165.36
2030.23,2023.54,2033.69,2356.2,1943.87,2033.86,2033.13,2034.37,2035.31
2025.02,2033.48,2035.96,2030.55,2034.05,2035.9,2033.65,2384.68,2035.65
2058.44,2057.43,2058.5,2090.41,2056.58,2058.33,2058.07,2058.07,2059.13
3872.3,3934.1,3853.98,3949.44,3932.22,3930.91,3926.47,3917.74,3917.16
4000,4000,4000,4000,4000,4000,4000,4000,4000
4000,4000,4000,4000,4000,4000,4000,4000,4000
4000,4000,4000,4000,4000,4000,4000,4000,4000
4000,4000,4000,4000,4000,4000,4000,4000,4000
4000,4000,4000,4000,4000,4000,4000,4000,4000
4000,4000,4000,4000,4000,4000,4000,4000,4000
984.731,1006.22,979.464,1010.05,998.544,1043.18,1013.07,1886.95,1052.07
1726.59,-991.695,-991.362,-991.363,-991.36,-991.703,-991.702,-991.694,-991.361
-997.056,-997.056,-997.056,2368.46,-997.141,-997.056,-997.056,-997.056,-997.056
886.689,885.006,885.816,2059.73,886.455,886.768,886.768,886.768,886.768
2058.79,2058.63,2487.11,2058.5,2058.99,2055.11,2057.68,2056.9,2057.23
2048.73,2047.57,2044.53,2049.58,2048.91,2050.5,2050.51,2046.9,2113.47
2114.67,2111.79,2114.32,2115.32,2118.48,2117.71,2119.7,2121.43,2115.51
3917.6,4000,4000,4000,4000,4000,4000,4000,4000
4000,4000,4000,4000,4000,4000,4000,4000,4000
4000,4000,4000,4000,4000,4000,4000,4000,4000
4000,4000,4000,4000,4000,4000,4000,4000,4000
4000,4000,4000,4000,4000,4000,4000,4000,4000
4000,4000,4000,4000,4000,4000,4000,4000,4000
4000,4000,4000,4000,4000,4000,4000,4000,4000
1217.24,1216.21,1195.59,1153.06,1213.34,1176.73,1189.88,1906.21,1139.98
-615.368,-630.703,-616.097,-615.449,-615.503,2230.68,-616.045,-615.347,-630.686
2370.86,-169.583,-169.583,-169.583,-169.583,-169.583,-169.583,-169.583,-169.583
1959.91,1961.39,1959.11,1963.56,1902.12,1961.65,2091.53,1961.73,1963.38
2077.2,2075.89,2488.39,2077.19,2043.83,2076.58,2075.77,2072.39,2075.23
2080.57,2082.6,2420.91,2080.43,2080.65,2077.7,2080.28,2082,2080.88
2177.12,2176.86,2169.21,2177.81,2164.63,2179.11,2180.86,2178.75,2173.86
3946.21,3927.15,4000,4000,4000,4000,4000,4000,4000
4000,4000,4000,4000,4000,4000,4000,4000,4000
4000,4000,4000,4000,4000,4000,4000,4000,4000
4000,4000,4000,4000,4000,4000,4000,4000,4000
4000,4000,4000,4000,4000,4000,4000,4000,4000
4000,4000,4000,4000,4000,4000,4000,4000,4000
4000,4000,4000,4000,4000,4000,4000,4000,4000
1994.57,1974.02,2023.28,1906.04,1989.09,1992.6,1937.48,1996.33,1914.34
-869.159,-869.094,-869.141,2186.15,-874.046,-822.032,-869.17,-869.475,-874.218
-325.092,-323.693,-324.811,-326.183,-324.464,-329.477,2233.17,-323.62,-323.62
129.156,129.029,9720.74,129.083,129.128,129.443,350.914,128.83,127.51
2078.7,2083.26,2084.17,2370.75,2079.45,2078.74,2084.84,2027.31,2084.33
2184,2108.27,2104.74,2104.45,2105.16,2108.1,2107.93,2105.61,2104.97
2501.23,2493.18,2502.06,2500.96,2507.97,2496.76,2512.95,2502.99,2494.23
3928.19,4000,4000,4000,4000,4000,4000,4000,4000
4000,4000,4000,4000,4000,4000,4000,4000,4000
4000,4000,4000,4000,4000,4000,4000,4000,4000
4000,4000,4000,4000,4000,4000,4000,4000,4000
4000,4000,4000,4000,4000,4000,4000,4000,4000
4000,4000,4000,4000,4000,4000,4000,4000,4000
4000,4000,4000,4000,4000,4000,4000,4000,4000
1333.37,1344.37,1288.88,1284.75,1284.05,1276.31,1975.61,1292.55,1325.52
-79.9751,-80.3519,-81.358,-80.5762,-80.0027,1743.56,-80.2112,-80.4507,-116.672
617.387,617.507,615.985,2032.09,617.668,617.668,617.668,617.668,617.668
2083.04,2082.36,2083.51,2084.41,2082.85,2083.23,2086.48,2084.52,2080.99
2091.11,2089.72,2087.59,2500.89,2057.63,2083.55,2091.02,2090.05,2086.39
2144.27,2146.17,2145.65,2138.11,2477.61,2136.54,2145.75,2144.78,2146.91
2776.39,2781.64,2756.05,2798.14,2717.45,2789.81,2785.03,2774.71,2787.31
4000,4000,4000,4000,4000,4000,4000,4000,4000
4000,4000,4000,4000,4000,4000,4000,4000,4000
4000,4000,4000,4000,4000,4000,4000,4000,4000
4000,4000,4000,4000,4000,4000,4000,4000,4000
4000,4000,4000,4000,4000,4000,4000,4000,4000
4000,4000,4000,4000,4000,4000,4000,4000,4000
4000,4000,4000,4000,4000,4000,4000,4000,4000
698.635,698.735,699.01,1818.36,646.567,640.206,698.58,698.809,697.079
-933.208,-935.455,-935.274,-935.509,-933.574,-933.209,-934.885,1675.87,-935.401
564.244,1629.7,615.13,611.655,615.008,614.355,614.555,614.053,670.717
2082.04,2081.5,2075.43,2078.76,2073.58,2078.06,2081.95,2079.81,2080.62
2055.86,2057.1,2054.56,2065.41,2057.59,2058.28,2061.64,2056.24,2059.56
2174.57,2174.57,2172.99,2169.44,2171.77,2170.92,2174.14,2175.47,2168.23
2979.33,3027.79,3024,3001.11,2898.64,2975.03,3029.51,2982.23,3001.08
4000,4000,4000,4000,4000,4000,4000,4000,4000
4000,4000,4000,4000,4000,4000,4000,4000,4000
4000,4000,4000,4000,4000,4000,4000,4000,4000
4000,4000,4000,4000,4000,4000,4000,4000,4000
4000,4000,4000,4000,4000,4000,4000,4000,4000
4000,4000,4000,4000,4000,4000,4000,4000,4000
4000,4000,4000,4000,4000,4000,4000,4000,4000
572.072,571.813,1195.28,573.88,609.795,571.591,572.416,609.648,585.932
-33.5648,-51.3424,-64.9869,-64.8491,-69.6728,-42.9768,1667.72,-31.4426,-31.4426
1958.41,1957.57,1893.08,1956.61,1959.31,1951.54,1954.54,1960.3,1932.95
1982.25,1953.19,1976.34,1979.88,1970.8,2019.37,1966.39,1970.56,1979.59
2087.99,2083.02,2090.49,2088.06,2087.93,2088.57,2088.69,2067.86,2086.62
2173.01,2182.84,2165.55,2178.4,2182.87,2182.48,2183.18,2181.89,2182.17
2881.3,2886.83,2862.97,2835.06,2740.11,2888.54,2859.35,2871.21,2884.04
4000,4000,4000,4000,4000,4000,4000,4000,4000
4000,4000,4000,4000,4000,4000,4000,4000,4000
4000,4000,4000,4000,4000,4000,4000,4000,4000
4000,4000,4000,4000,4000,4000,4000,4000,4000
4000,4000,4000,4000,4000,4000,4000,4000,4000
4000,4000,4000,4000,4000,4000,4000,4000,4000
4000,4000,4000,4000,4000,4000,4000,4000,4000
2004.44,2044.32,2045.05,2039.59,2046.42,2017.82,2026.87,2023.57,2044.34
534.179,535.447,475.447,534.685,490.007,534.897,535.543,493.974,1802.04
-932.89,-932.752,-932.745,-932.76,-932.843,-932.742,-932.779,1794.64,-932.741
2038.38,30.8276,34.8927,28.1053,36.6959,35.7371,20.1067,37.0074,38.9651
2096.3,2096.5,2098.66,2097.11,2085.95,2096.52,2095.54,2091.93,2088.83
2151.49,2145.67,2143.4,2152.6,2145.29,2150.91,2141.64,2151.14,2153.24
2482.79,2479.17,2477.87,2481.93,2491.46,2453.68,2468.56,2490.59,2478.3
3925.91,4000,4000,4000,4000,4000,4000,4000,4000
4000,4000,4000,4000,4000,4000,4000,4000,4000
4000,4000,4000,4000,4000,4000,4000,4000,4000
4000,4000,4000,4000,4000,4000,4000,4000,4000
4000,4000,4000,4000,4000,4000,4000,4000,4000
4000,4000,4000,4000,4000,4000,4000,4000,4000
4000,4000,4000,4000,4000,4000,4000,4000,4000
3019.74,2984.67,2949.32,2995.04,3009.71,3030.43,2995.34,2998.08,2986.4
-32.7811,-58.8964,-70.1844,-68.6433,-45.6897,-64.1004,1726.01,-46.753,-33.6878
1436.53,1436.44,1437.31,1437.32,1434.17,1437.33,1435.26,1879.99,1437.06
2150.05,2158.72,2157.41,2152.13,2155.57,2127.05,2156.08,2093.48,2156.54
2168.15,2171.4,2162.52,2134.53,2170.46,2170.41,2170.88,2164.8,2167.56
2123.35,2126.51,2124.97,2119.29,2122.09,2128.24,2099.55,2113.52,2125.27
2367.22,2353.45,2360.34,2368.37,2324.93,2355.68,2361.94,2335.17,2359.32
3953.41,4000,4000,4000,4000,4000,4000,4000,4000
4000,4000,4000,4000,4000,4000,4000,4000,4000
4000,4000,4000,4000,4000,4000,4000,4000,4000
4000,4000,4000,4000,4000,4000,4000,4000,4000
4000,4000,4000,4000,4000,4000,4000,4000,4000
4000,4000,4000,4000,4000,4000,4000,4000,4000
4000,4000,4000,4000,4000,4000,4000,4000,4000
1977.66,2026.98,1985.08,1985.99,1979.42,1985.37,1985.36,1981.32,1985.8
1894.87,1973.68,1896.32,1896.95,1893.69,1851.57,1875.13,1859.8,1872.67
-670.607,-670.221,-670.284,-670.189,-682.916,-681.589,1903.83,-670.147,-621.908
-114.485,-102.889,-100.713,-101.812,-100.918,-101.325,-102.034,-101.929,1877.65
2105.5,2108.6,2110.76,2085.87,2107.21,2109.9,2096.84,2105.85,2109.03
2109.82,2106.15,2106.72,2109.13,2105.52,2098.74,2107.62,2109.51,2097.99
2261.09,2254.54,2261.31,2261.53,2235.56,2257.4,2256.2,2257.58,2257.95
3961.46,3938.94,3924.18,4000,4000,4000,4000,4000,4000
4000,4000,4000,4000,4000,4000,4000,4000,4000
4000,4000,4000,4000,4000,4000,4000,4000,4000
4000,4000,4000,4000,4000,4000,4000,4000,4000
4000,4000,4000,4000,4000,4000,4000,4000,4000
4000,4000,4000,4000,4000,4000,4000,4000,4000
4000,4000,4000,4000,4000,4000,4000,4000,4000
2516.81,2525.7,2515.94,2532.83,2526.37,2528.47,2515.79,2537.65,2537.17
251.388,251.398,247.068,251.292,201.783,1773.13,251.72,251.72,251.72
188.335,153.014,188.631,145.425,2050.65,189.134,189.134,189.134,189.134
1697.13,1679.44,2030.31,1611.24,1598.8,1685.73,1682.18,1683.91,1620.61
2142.78,2142.71,2137.67,2141.73,2139.12,2137.26,2124.88,2142.76,2133.37
2142.17,2144.15,2134.62,2140.46,2133.42,2140.84,2143.06,2138.79,2141.65
2201.24,2232.13,2231.41,2213.78,2229.9,2233.14,2231.42,2238.59,2234.12
3983.18,3966.88,3954.59,3951.13,3944.85,3923.45,3921.12,3915.22,3906.47
4000,4000,4000,4000,4000,4000,4000,4000,4000
4000,4000,4000,4000,4000,4000,4000,4000,4000
4000,4000,4000,4000,4000,4000,4000,4000,4000
4000,4000,4000,4000,4000,4000,4000,4000,4000
4000,4000,4000,4000,4000,4000,4000,4000,4000
4000,4000,4000,4000,4000,4000,4000,4000,4000
1658.29,1680.55,1607.59,1586.92,1672.79,1677.23,1600.2,2023.96,1664.18
-862.604,-862.515,-862.44,-862.423,-862.52,-867.43,2013.66,-767.554,-862.515
2059.54,-961.743,-961.743,-961.743,-961.743,-961.743,-961.743,-961.743,-961.743
2127.33,758.335,756.194,758.905,759.948,759.165,759.786,755.673,758.869
2045.18,2048.05,2048.75,2048.51,2048.25,2166.86,2048.68,2048.72,2047.75
2031.4,2033.72,2034.66,2033.44,2034.15,2030.44,2033.32,2241.91,2026.06
2093.77,2054.05,2054.58,2049.11,2050.99,2053.72,2052.17,2053.63,2047.5
3980.67,3914.44,3916.03,3912.36,3900.09,4000,4000,4000,4000
4000,4000,4000,4000,4000,4000,4000,4000,4000
4000,4000,4000,4000,4000,4000,4000,4000,4000
4000,4000,4000,4000,4000,4000,4000,4000,4000
4000,4000,4000,4000,4000,4000,4000,4000,4000
4000,4000,4000,4000,4000,4000,4000,4000,4000
4000,4000,4000,4000,4000,4000,4000,4000,4000
906.629,943.928,941.166,960.773,961.234,960.204,1984.47,908.172,961.074
-950.023,2052.75,-949.197,-949.609,-950.204,-948.179,-948.892,-948.242,-948.775
1969.1,-652.786,-652.786,-652.786,-652.786,-652.786,-652.786,-652.786,-652.786
-665.494,-665.599,-670.824,-672.019,-665.357,-677.553,-673.928,-665.603,2244.44
1854.84,1854.72,1855.84,1855.24,1850.82,1855.07,2204.9,1855.26,1853.62
2042.4,2304.5,2040.28,2043.77,2042.52,2040.77,2043.05,2042.55,2039.45
2091.39,2093.12,2091.34,2093.29,2089.74,2092.68,2094.28,2090.2,2084.44
3933.77,3905.2,4000,4000,4000,4000,4000,4000,4000
4000,4000,4000,4000,4000,4000,4000,4000,4000
4000,4000,4000,4000,4000,4000,4000,4000,4000
4000,4000,4000,4000,4000,4000,4000,4000,4000
4000,4000,4000,4000,4000,4000,4000,4000,4000
4000,4000,4000,4000,4000,4000,4000,4000,4000
4000,4000,4000,4000,4000,4000,4000,4000,4000
425.125,396.61,400.439,421.97,1917.94,392.453,408.432,411.978,390.317
-790.445,-837.444,-830.758,1807.58,-830.828,-830.726,-836.94,-833.013,-837.079
-997.946,-997.944,-882.542,-997.944,-998.024,-976.243,2128.66,-997.944,-997.944
85.1371,127.997,9723.58,239.489,99.6578,127.603,252.293,128.224,126.886
2079.51,2076.87,2078.98,2075.94,2078.89,2066.71,2078.9,2264.24,2075.29
2077.34,2078.89,2079.38,2253,2078.38,2079.77,2079.93,2077.97,2079.44
2201.09,2206.63,2201.15,2191.95,2204.22,2196.25,2203.1,2206.21,2204.42
3943.04,3914.81,4000,4000,4000,4000,4000,4000,4000
4000,4000,4000,4000,4000,4000,4000,4000,4000
4000,4000,4000,4000,4000,4000,4000,4000,4000
4000,4000,4000,4000,4000,4000,4000,4000,4000
4000,4000,4000,4000,4000,4000,4000,4000,4000
4000,4000,4000,4000,4000,4000,4000,4000,4000
4000,4000,4000,4000,4000,4000,4000,4000,4000
2167.2,2102.3,2153.34,2165.54,2167.25,2112.45,2086.51,2079.87,2147.97
-211.407,-212.587,-168.757,1931.6,-242.66,-239.02,-232.344,-214.789,-213.556
73.0714,72.6182,73.1729,71.9365,71.2256,1712.8,73.1938,73.1938,148.846
1948.66,1947.12,1948.28,1941,1891.18,2039.11,1861.8,1885.48,1948.2
2096.41,2092.89,2097.43,2099.15,2082.11,2095.6,2098.91,2096.23,2097.25
2120.32,2118.92,2121.27,2121.18,2120.64,2116.57,2118.94,2118.82,2106.99
2283.46,2286.64,2276.5,2285.12,2278.01,2287.66,2287.74,2274.64,2287.84
3953.03,3938.59,3917.71,4000,4000,4000,4000,4000,4000
4000,4000,4000,4000,4000,4000,4000,4000,4000
4000,4000,4000,4000,4000,4000,4000,4000,4000
4000,4000,4000,4000,4000,4000,4000,4000,4000
4000,4000,4000,4000,4000,4000,4000,4000,4000
4000,4000,4000,4000,4000,4000,4000,4000,4000
4000,4000,4000,4000,4000,4000,4000,4000,4000
1273.23,1249.62,1312.99,1313.2,1252.52,1253.17,2017.16,1316.46,1316.46
712.261,700.078,668.775,1578.26,720.744,709.436,716.814,718.035,703.603
7.96087,20.4347,20.3696,1900.95,16.1093,19.0148,6.94036,20.7404,21.8165
1421.2,1414.15,1422.93,1423.8,1366.99,1422.25,9732.18,1419.6,1414.52
2093.23,2091.38,2092.64,2093.63,2091.63,2091.84,2092.72,2091.01,2093.09
2149.18,2151.16,2148.37,2152.13,2143.96,2147.27,2151.34,2144.36,2146.87
2384.29,2378.69,2379.17,2369.41,2367.37,2381.85,2371.94,2364.3,2381.04
4000,4000,4000,4000,4000,4000,4000,4000,4000
4000,4000,4000,4000,4000,4000,4000,4000,4000
4000,4000,4000,4000,4000,4000,4000,4000,4000
4000,4000,4000,4000,4000,4000,4000,4000,4000
4000,4000,4000,4000,4000,4000,4000,4000,4000
4000,4000,4000,4000,4000,4000,4000,4000,4000
4000,4000,4000,4000,4000,4000,4000,4000,4000
1256.18,1279.6,1220.02,1282.73,1256.23,1283.21,1868.65,1247.83,1295.1
-866.147,1734.97,-862.082,-862.082,-862.082,-862.082,-862.082,-862.082,-862.082
1924.67,886.768,886.768,886.768,886.768,886.768,886.768,886.768,886.768
2101.22,2097.39,2100.98,2102.88,2094.48,2101.98,2097.18,2091.09,2101.63
2111.85,2112.49,2110.43,2112.48,2107.84,2105.12,2109.7,2112.63,2111.16
2108.99,2108.38,2109.03,2108.18,2109.42,2104.75,2109.27,2108.64,2109.2
2828.06,2798.87,2803,2826.32,2833.18,2806.29,2829.92,2823.55,2809.31
4000,4000,4000,4000,4000,4000,4000,4000,4000
4000,4000,4000,4000,4000,4000,4000,4000,4000
4000,4000,4000,4000,4000,4000,4000,4000,4000
4000,4000,4000,4000,4000,4000,4000,4000,4000
4000,4000,4000,4000,4000,4000,4000,4000,4000
4000,4000,4000,4000,4000,4000,4000,4000,4000
4000,4000,4000,4000,4000,4000,4000,4000,4000
-360.273,1380.23,-345.059,-356.552,-360.616,-349.431,-350.318,-350.314,-351.933
-999.999,-999.999,-999.999,-999.999,-999.999,-999.999,-999.999,-999.999,833.268
-965.479,-965.473,1937.51,-965.473,-867.026,-965.473,-965.473,-965.473,-965.473
409.44,402.138,372.779,407.681,2034.08,409.742,409.462,408.566,412.83
2096.38,2095.59,2098.36,2089.21,2093.83,2097.83,2093.54,2084.48,2096.4
2182.23,2181.77,2183.01,2184.19,2160.71,2178.48,2181.57,2178.71,2165.94
2886.67,2880.35,2863.49,2888.18,2860.31,2892.79,2887.42,2871.64,2843.3
3928.97,4000,4000,4000,4000,4000,4000,4000,4000
4000,4000,4000,4000,4000,4000,4000,4000,4000
4000,4000,4000,4000,4000,4000,4000,4000,4000
4000,4000,4000,4000,4000,4000,4000,4000,4000
4000,4000,4000,4000,4000,4000,4000,4000,4000
4000,4000,4000,4000,4000,4000,4000,4000,4000
4000,4000,4000,4000,4000,4000,4000,4000,4000
1754.89,1727.78,1792.36,1787.32,1791.04,1756.74,1780.18,1780.14,1792.48
-917.439,-917.43,-919.437,-920.213,-920.04,-918.182,1428.39,-917.423,-917.423
-998.797,-998.813,-998.889,-998.917,1326.04,-998.889,-998.889,-998.889,-998.889
106.953,32.8415,80.0311,70.6436,1899.12,123.954,55.2785,70.4095,70.7991
2065.15,2074.72,2067.5,2065.09,2054.83,2057.6,2069,2070.44,2055.57
2134.89,2136.03,2139.24,2133.1,2126.82,2134.09,2105.22,2117.25,2127.26
2525.31,2525.48,2515.7,2492.59,2497.33,2502.47,2519.71,2505.64,2485.47
4000,4000,4000,4000,4000,4000,4000,4000,4000
4000,4000,4000,4000,4000,4000,4000,4000,4000
4000,4000,4000,4000,4000,4000,4000,4000,4000
4000,4000,4000,4000,4000,4000,4000,4000,4000
4000,4000,4000,4000,4000,4000,4000,4000,4000
4000,4000,4000,4000,4000,4000,4000,4000,4000
4000,4000,4000,4000,4000,4000,4000,4000,4000
-157.141,-157.365,-154.548,-160.379,-153.789,-148.025,-154.196,1259.65,-157.054
-999.736,-999.736,-999.738,-999.736,1559.16,-999.746,-999.736,-999.736,-999.736
-982.416,-982.991,-982.411,-982.416,-982.414,-982.527,-982.444,1832.74,-982.411
1628.29,1660.37,1601.84,1915.98,1591.19,1635.13,1599.05,1643.03,1646.7
2151.53,2174.98,2174.88,2176.41,2175.76,2176.22,2176.23,2179.02,2172.95
2140.45,2143.03,2146.54,2145.99,2147.63,2146.99,2137.68,2134.45,2147.24
2369.05,2366.67,2371.64,2359.06,2356.46,2375.38,2364.96,2352.88,2349.92
3961.91,4000,4000,4000,4000,4000,4000,4000,4000
4000,4000,4000,4000,4000,4000,4000,4000,4000
4000,4000,4000,4000,4000,4000,4000,4000,4000
4000,4000,4000,4000,4000,4000,4000,4000,4000
4000,4000,4000,4000,4000,4000,4000,4000,4000
4000,4000,4000,4000,4000,4000,4000,4000,4000
4000,4000,4000,4000,4000,4000,4000,4000,4000
2254.74,2263.14,2257.46,2263.42,2262.44,2254.33,2255.2,2256.12,2244.14
1991.22,18.2129,19.4151,-0.512444,-16.6938,2.41253,15.8423,2.56114,-20.4476
-917.43,-917.437,-917.429,-917.45,-917.451,-917.442,-913.665,-880.638,2064.95
196.351,177.967,200.27,200.151,2004.22,198.301,199.523,199.846,235.202
2114.69,2116.22,2121.09,2113.32,2121.46,2119.08,2077.97,2115.64,2121.22
2115.8,2113.55,2113.92,2105.74,2104.83,2112.4,2112.72,2101.66,2082.9
2225.16,2231.41,2225.72,2203.92,2216.41,2231.2,2200.57,2237.96,2206.36
4001.07,4000,4000,4000,4000,4000,4000,4000,4000
4000,4000,4000,4000,4000,4000,4000,4000,4000
4000,4000,4000,4000,4000,4000,4000,4000,4000
4000,4000,4000,4000,4000,4000,4000,4000,4000
4000,4000,4000,4000,4000,4000,4000,4000,4000
4000,4000,4000,4000,4000,4000,4000,4000,4000
4000,4000,4000,4000,4000,4000,4000,4000,4000
1854.89,1912.72,1948.11,1948.92,1989.02,1908.21,1853.1,1888.57,1933.6
-869.139,-868.987,-868.987,-869.054,-874.103,-868.994,1906.64,-868.977,-868.977
-893.335,-893.31,-893.305,-884.366,-893.301,-862.713,-893.363,2012.69,-893.388
2064.31,1189.31,1189.45,1185.37,1189.6,1187.69,1186.31,1189.21,1188.28
2080.45,2080.64,2084.06,2079.1,2060.77,2078.58,2080.07,2077.98,2050.53
2095.14,2108.08,2105.59,2106.79,2095.32,2105.32,2106.79,2107.13,2108.45
2195.48,2195.74,2192.54,2193.44,2201.2,2192.63,2190.72,2176.53,2196.45
3992.22,3955.32,3943.56,3935.83,3939.39,3917.36,3905.99,3912.11,4000
4000,4000,4000,4000,4000,4000,4000,4000,4000
4000,4000,4000,4000,4000,4000,4000,4000,4000
4000,4000,4000,4000,4000,4000,4000,4000,4000
4000,4000,4000,4000,4000,4000,4000,4000,4000
4000,4000,4000,4000,4000,4000,4000,4000,4000
4000,4000,4000,4000,4000,4000,4000,4000,4000
1650.58,1649.62,1561.91,1646.45,1578.53,1562.43,2012.29,1579.18,1646.4
-929.209,-929.222,-929.218,-929.222,-929.225,-929.244,-931.826,-930.385,2225.86
-968.844,-968.991,-968.847,-969.956,1995.62,-968.839,-968.839,-855.903,-968.839
2014.54,1007.78,1023.82,989.808,1057.06,1058.15,1056.45,1057.26,1048.87
1945.77,2035.98,1945.79,1942.78,1946.63,1944.31,1945.66,1940.9,1945.79
2037.89,2047.35,2047.12,2044.6,2037.52,2243.99,2044.59,2045.43,2040.35
2111,2104.18,2101.02,2101.97,2103.31,2098.74,2099.48,2098.19,2102.1
3930.6,4000,4000,4000,4000,4000,4000,4000,4000
4000,4000,4000,4000,4000,4000,4000,4000,4000
4000,4000,4000,4000,4000,4000,4000,4000,4000
4000,4000,4000,4000,4000,4000,4000,4000,4000
4000,4000,4000,4000,4000,4000,4000,4000,4000
4000,4000,4000,4000,4000,4000,4000,4000,4000
4000,4000,4000,4000,4000,4000,4000,4000,4000
1924.5,1858.68,1928.62,1929.25,1890.08,1929.38,1925.75,1927.72,1974.46
-898.628,-898.635,-898.642,-898.633,-898.639,-898.856,-902.475,-882.018,2243.72
2013.34,-957.646,-957.644,-957.651,-957.618,-844.707,-959.224,-959.22,-947.44
115.331,115.52,77.3975,136.704,122.604,151.026,115.252,2080.77,115.212
2057.55,2057.44,2054.95,2057.31,2057.31,2057.56,2056.47,2321.06,2057.45
2059.09,2057.57,2378.73,2059.67,2059.36,2059.72,2060.1,2060.16,2049.45
2140.36,2135.82,2139.93,2135.34,2140.75,2137.86,2139.22,2137.53,2163.49
4000,4000,4000,4000,4000,4000,4000,4000,4000
4000,4000,4000,4000,4000,4000,4000,4000,4000
4000,4000,4000,4000,4000,4000,4000,4000,4000
4000,4000,4000,4000,4000,4000,4000,4000,4000
4000,4000,4000,4000,4000,4000,4000,4000,4000
4000,4000,4000,4000,4000,4000,4000,4000,4000
4000,4000,4000,4000,4000,4000,4000,4000,4000
1195.04,1224.38,1251.07,1221.99,1213.99,1253.48,1200.22,1223.8,2013.49
-999.796,-999.796,-999.796,-999.798,2515.19,-997.929,-999.796,-999.801,-999.8
-978.914,9726.87,-979.261,-978.478,-978.483,-978.479,-978.478,-979.333,-979.115
2050,13.9643,4.07134,-18.2952,-9.54646,-6.47329,13.0771,-3.59684,13.9685
2213.82,1960.75,1959.7,1960.32,1960.24,1959.35,1957.46,1958.06,1954.53
2083.28,2081.68,2083.7,2082.89,2079.42,2081.89,2082.15,2081.88,2082.85
2166.88,2139.36,2143.97,2141.55,2133.04,2141.7,2143.74,2141.77,2138.5
3903.95,4000,4000,4000,4000,4000,4000,4000,4000
4000,4000,4000,4000,4000,4000,4000,4000,4000
4000,4000,4000,4000,4000,4000,4000,4000,4000
4000,4000,4000,4000,4000,4000,4000,4000,4000
4000,4000,4000,4000,4000,4000,4000,4000,4000
4000,4000,4000,4000,4000,4000,4000,4000,4000
4000,4000,4000,4000,4000,4000,4000,4000,4000
1500.56,506.196,505.295,456.765,476.543,470.106,469.915,470.004,503.439
-792.367,-797.514,-799.844,-793.376,-792.458,-796.207,-792.578,1980.44,-715.703
249.52,251.041,239.306,9729.73,251.72,251.72,251.72,251.72,251.72
1485.09,1410.14,2064.57,1482.61,1403.02,1483.6,1447.12,1479.37,1484.74
2080,2077.95,2078.16,2023.67,2078.48,2070.99,2077.17,2075.49,2075.57
2120.39,2114.34,2119.23,2118.95,2116.31,2111.77,2118.53,2118.39,2115.73
2241.04,2245.47,2243.31,2245.55,2220.1,2244.53,2238.14,2242.17,2243.74
4000,4000,4000,4000,4000,4000,4000,4000,4000
4000,4000,4000,4000,4000,4000,4000,4000,4000
4000,4000,4000,4000,4000,4000,4000,4000,4000
4000,4000,4000,4000,4000,4000,4000,4000,4000
4000,4000,4000,4000,4000,4000,4000,4000,4000
4000,4000,4000,4000,4000,4000,4000,4000,4000
4000,4000,4000,4000,4000,4000,4000,4000,4000
2444.07,2433.02,2439.58,2449.14,2344.9,2421.42,2442.51,2448.61,2441.87
1089.21,1089.74,1007.11,1090.59,1087.71,1721.08,1090.6,1090.6,1090.6
1755.07,2027.84,1795.11,1802.48,1801.01,1801.62,1749.72,1708.14,1801.48
2106.43,2011.91,2110.9,2103.77,2091.49,2110.21,2109.12,2096.24,2115.58
2087.36,2091.89,2094.94,2095.24,2075.97,2094.74,2091.7,2089.45,2093.1
2156.11,2163.55,2165.52,2164.03,2163.19,2164.91,2163.07,2163.27,2156.93
2395,2394.09,2388.64,2396.09,2354.91,2380.35,2395.96,2391.69,2392.76
4000,4000,4000,4000,4000,4000,4000,4000,4000
4000,4000,4000,4000,4000,4000,4000,4000,4000
4000,4000,4000,4000,4000,4000,4000,4000,4000
4000,4000,4000,4000,4000,4000,4000,4000,4000
4000,4000,4000,4000,4000,4000,4000,4000,4000
4000,4000,4000,4000,4000,4000,4000,4000,4000
4000,4000,4000,4000,4000,4000,4000,4000,4000
2655.31,2637.39,2644.73,2639.37,2645.68,2632.11,2552.96,2660.85,2603.37
459.688,459.794,412.788,406.076,434.862,1581.91,459.945,459.945,459.945
2080.81,2088.17,2092.34,2092.99,2060.51,2093.23,2088.24,2013.01,2081.28
9734.78,2070.24,2074.87,2024.96,2063.92,2053.28,2074.79,1999.88,2057.15
2105.33,2101.17,2106.75,2107.4,2105.93,2103.82,2106.32,2106.74,2103.55
2163.59,2159.8,2165.97,2163.34,2159.91,2163.31,2163.88,2165.81,2165.4
2909.33,2906.76,2923.55,2904.82,2896.73,2887.33,2905.56,2884.84,2887.12
4000,4000,4000,4000,4000,4000,4000,4000,4000
4000,4000,4000,4000,4000,4000,4000,4000,4000
4000,4000,4000,4000,4000,4000,4000,4000,4000
4000,4000,4000,4000,4000,4000,4000,4000,4000
4000,4000,4000,4000,4000,4000,4000,4000,4000
4000,4000,4000,4000,4000,4000,4000,4000,4000
4000,4000,4000,4000,4000,4000,4000,4000,4000
666.358,632.226,673.071,642.756,631.386,623.7,635.923,675.083,1425.86
-996.201,-979.043,-996.221,-996.208,-996.178,-996.208,-996.214,-996.21,1266.84
-998.565,-998.574,-998.587,-997.831,-959.47,1713.11,-998.564,-998.564,-998.564
186.543,2019.66,188.423,164.791,225.234,188.477,148.612,188.456,176.694
2110.86,2111.03,2100.56,2110.49,2108.15,2112.77,2095.78,2110.2,2110.54
2178.1,2177.54,2174.2,2181.96,2178.41,2176.26,2166.52,2155.4,2172.28
2943.22,2941.07,2965.57,2971.85,2924.44,2901.39,2949.98,2954.81,2971.67
4000,4000,4000,4000,4000,4000,4000,4000,4000
4000,4000,4000,4000,4000,4000,4000,4000,4000
4000,4000,4000,4000,4000,4000,4000,4000,4000
4000,4000,4000,4000,4000,4000,4000,4000,4000
4000,4000,4000,4000,4000,4000,4000,4000,4000
4000,4000,4000,4000,4000,4000,4000,4000,4000
4000,4000,4000,4000,4000,4000,4000,4000,4000
-300.146,-280.519,1379.59,-283.356,-283.443,-281.25,-280.904,-283.506,-279.758
1043.34,-1000,-1000,-1000,-1000,-1000,-1000,-1000,-1000
-999.991,-999.991,-984.245,1320.47,-999.991,-999.991,-999.991,-999.991,-999.991
-482.874,-419.798,-481.939,-482.592,-481.356,1898.14,-497.338,-483.933,-481.378
2031.36,2045.51,2044.68,2049.41,2046.06,2024.92,2024.39,2033.95,2021.41
2153.82,2104.93,2156.47,2154.46,2129.35,2153.29,2160.51,2122.4,2161.3
2609.63,2611.74,2594.21,2600.42,2610.73,2586.52,2580.61,2539.79,2586.76
4000,4000,4000,4000,4000,4000,4000,4000,4000
4000,4000,4000,4000,4000,4000,4000,4000,4000
4000,4000,4000,4000,4000,4000,4000,4000,4000
4000,4000,4000,4000,4000,4000,4000,4000,4000
4000,4000,4000,4000,4000,4000,4000,4000,4000
4000,4000,4000,4000,4000,4000,4000,4000,4000
4000,4000,4000,4000,4000,4000,4000,4000,4000
1317.17,1783.77,1322.09,1318.23,1324.6,1326.45,1312.67,1318.03,1319.13
-955.104,-954.902,-954.888,-954.844,-954.909,-954.98,1414.49,-955.171,-955.68
-993.32,-993.325,1728.37,-993.312,-993.311,-993.312,-993.312,-993.312,-976.03
-530.549,-530.771,-535.388,-531.068,2005.33,-530.164,-530.614,-530.248,-530.119
2079.14,2034.93,2079.84,2069.36,2054.45,2057.63,2060.5,2070.12,2080.86
2082.79,2114.02,2114.01,2089.48,2114.45,2114.51,2089.05,2085.5,2083.77
2426.15,2431.4,2442.66,2429.93,2444.4,2440.98,2437.16,2422.96,2443.74
4000,4000,4000,4000,4000,4000,4000,4000,4000
4000,4000,4000,4000,4000,4000,4000,4000,4000
4000,4000,4000,4000,4000,4000,4000,4000,4000
4000,4000,4000,4000,4000,4000,4000,4000,4000
4000,4000,4000,4000,4000,4000,4000,4000,4000
4000,4000,4000,4000,4000,4000,4000,4000,4000
4000,4000,4000,4000,4000,4000,4000,4000,4000
1952.76,2038.98,2047.4,2046.48,2039.76,2002.48,2033.95,2042.51,2046.15
-830.97,-837.017,-830.919,1537.64,-830.883,-830.975,-831.078,-830.909,-837.481
-862.091,-862.186,-862.082,-862.078,2008.3,-864.065,-862.082,-862.082,-862.082
1540.61,1472.48,1509.23,1535.2,1460.42,1544.82,1534.86,1547.78,2054.32
2052.6,2082.22,2067.86,2067.82,2064.58,2087.31,2089.94,2083.06,2089.16
2138.51,2139.15,2137.55,2125.94,2134.15,2136.37,2128.32,2129.56,2134.51
2295.01,2279.46,2291.22,2279.45,2252.26,2294.18,2241.41,2283.79,2289.9
4000,4000,4000,4000,4000,4000,4000,4000,4000
4000,4000,4000,4000,4000,4000,4000,4000,4000
4000,4000,4000,4000,4000,4000,4000,4000,4000
4000,4000,4000,4000,4000,4000,4000,4000,4000
4000,4000,4000,4000,4000,4000,4000,4000,4000
4000,4000,4000,4000,4000,4000,4000,4000,4000
4000,4000,4000,4000,4000,4000,4000,4000,4000
2130.95,2216.51,2206.19,2216.72,2188.21,2214.84,2213.37,2216.67,2208.09
108.259,86.1471,2057.46,127.61,126.196,114.717,127.54,86.1311,127.599
-959.755,2052.26,-959.729,-959.729,-959.729,-959.729,-959.729,-958.554,-959.729
1443.09,1962.4,1448.7,1456.79,1433.18,1396.27,1420.88,1454.4,1432.96
2114.82,2108.86,2116.71,2078.25,2115.85,2116.73,2116.59,2117.44,2102.5
2107.25,2109.92,2110.11,2085.81,2112.2,2111.21,2070.17,2105.89,2105.91
2259.56,2271.24,2278.16,2278.72,2267.56,2250.67,2268.93,2233.96,2274.18
3978.5,3933.22,3909.21,4000,4000,4000,4000,4000,4000
4000,4000,4000,4000,4000,4000,4000,4000,4000
4000,4000,4000,4000,4000,4000,4000,4000,4000
4000,4000,4000,4000,4000,4000,4000,4000,4000
