135.919
59.8759
37.19
19.1804
9.47546
-19.3974
-36.8566
-38.119
-11.0373
107.883
353.439
430.904
497.447
513.614
485.171
475.334
407.719
322.496
276.505
228.52
193.949
144.807
140.446
137.985
159.814
83.5486
92.4914
70.9869
31.2924
10.5625
-34.7308
-60.2476
-20.8151
89.4719
208.514
372.462
375.673
425.446
522.351
531.554
457.26
402.735
331.188
282.024
206.107
180.555
156.979
164.688
181.568
149.042
142.743
141.602
77.0804
90.1224
9.87087
-18.4866
-33.011
-54.2206
38.7031
161.795
291.224
359.232
460.17
516.548
646.168
571.342
430.628
390.362
281.116
213.105
204.96
180.636
187.608
187.206
179.831
177.554
148.129
165.602
11.5403
35.4549
3.76588
45.9571
98.6401
182.475
259.993
348.98
456.784
556.306
735.699
656.6
578.282
433.591
324.187
264.785
249.873
192.98
196.494
212.637
252.998
209.121
193.992
192.054
170.694
72.0602
88.9474
140.179
149.597
273.59
357.404
436.526
525.421
584.269
695.803
726.594
643.889
545.956
416.892
268.381
231.74
202.067
201.607
209.81
217.711
215.27
214.587
196.245
206.132
190.12
169.588
184.782
173.446
307.084
379.962
536.551
653.921
723.14
808.56
780.275
736.836
702.796
469.638
286.997
218.433
204.162
206.617
214.853
212.322
216.892
219.581
222.615
220.847
219.05
220.953
233.788
211.774
402.98
578.258
667.445
865.156
831.118
831.47
721.31
815.912
712.098
404.884
253.883
215.235
205.362
209.365
214.751
217.177
223.592
225.622
230.504
231.833
238.647
237.007
244.226
276.953
430.804
721.472
804.277
952.553
909.846
980.768
959.151
851.822
643.505
414.253
241.448
218.119
207.251
213.438
220.672
223.916
225.106
232.327
238.558
239.483
241.661
246.428
255.813
289.188
481.6
816.017
917.93
955.02
982.63
953.486
926.383
924.21
698.516
326.236
236.213
220.233
210.944
215.258
223.047
228.231
234.244
237.033
240.92
248.788
249.851
255.534
264.528
292.311
509.164
999.421
905.939
982.127
1001.1
995.061
993.681
954.646
752.742
242.112
238.641
220.923
214.482
216.854
232.518
235.798
239.256
244.097
253.496
256.134
257.938
266.519
277.262
286.658
504.446
977.316
988.246
1000
1000.49
1000.31
1000.15
997.637
861.446
241.699
234.502
222.876
216.49
218.317
234.521
234.049
248.83
255.893
252.905
259.711
263.495
269.903
277.863
286.912
433.928
1000.49
1000.7
1000.2
900
1000
1000
929.423
858.205
240.985
235.474
224.692
218.022
218.847
234.758
235.74
252.054
257.289
260.339
258.235
268.057
274.178
281.971
287.322
431.111
994.399
964.722
866.931
995.111
1000.1
823.559
880.93
929.25
240.076
237.668
221.989
215.975
218.563
240.264
240.984
253.447
253.961
261.533
267.784
273.825
276.02
283.31
287.643
427.162
1000
1000.09
1000.22
1000.1
1000
1000.09
1000
932.431
239.748
237.204
222.441
217.093
217.794
243.778
244.625
255.495
259.015
262.61
267.596
270.676
276.552
282.994
288.878
596.353
1000
1000
1000.11
1000.11
1000
1000.09
925.645
1000
239.252
235.726
224.424
221.09
