0.31281 0.312806
0.328657 0.328229
0.326928 0.326845
0.326923 0.327212
0.330028 0.329917
0.332833 0.332901
0.335377 0.335491
0.340719 0.340762
0.355168 0.351446
0.342833 0.342003
0.337432 0.336283
0.335405 0.334652
0.333853 0.333799
0.333505 0.333297
0.333017 0.332876
0.332591 0.332132
0.33239 0.331967
0.332335 0.332503
0.332766 0.332687
0.33288 0.332544
0.332697 0.333024
0.332775 0.333004
0.33311 0.333012
0.331285 0.331686
0.252082 0.315511
0.317635 0.33034
0.312825 0.330952
0.313639 0.330091
0.32061 0.329369
0.326032 0.32713
0.332232 0.327001
0.346942 0.323842
0.355479 0.326828
0.34163 0.331933
0.340366 0.333419
0.338352 0.333369
0.335501 0.333969
0.334287 0.334263
0.333119 0.333984
0.332191 0.333738
0.331617 0.333316
0.331253 0.333129
0.331939 0.332781
0.331675 0.333066
0.331091 0.333438
0.331763 0.332703
0.332175 0.332984
0.316576 0.331367
0.237837 0.322961
0.319206 0.334656
0.317484 0.33426
0.31849 0.333899
0.319555 0.333857
0.317351 0.333287
0.315927 0.326909
0.318427 0.324704
0.332113 0.330777
0.334825 0.331667
0.334725 0.332013
0.334799 0.332589
0.335318 0.332267
0.334325 0.33337
0.334117 0.333118
0.333595 0.333271
0.333016 0.333696
0.332505 0.33332
0.331544 0.333457
0.330607 0.333634
0.329408 0.333165
0.328972 0.333029
0.329698 0.333081
0.275838 0.33021
0.254519 0.332945
0.327581 0.333778
0.326102 0.333598
0.327534 0.333825
0.328038 0.33411
0.325578 0.334703
0.320371 0.333361
0.327403 0.33196
0.331054 0.332109
0.331233 0.332955
0.331759 0.333031
0.332512 0.333073
0.3332 0.332893
0.333026 0.333336
0.333421 0.332874
0.333355 0.332987
0.333319 0.333284
0.33299 0.333473
0.332263 0.333311
0.329488 0.333885
0.326728 0.334194
0.326771 0.334046
0.327672 0.334557
0.241098 0.330749
0.276668 0.334653
0.331636 0.333689
0.330957 0.333847
0.330447 0.334048
0.331299 0.333357
0.331208 0.333503
0.329467 0.333731
0.330049 0.333561
0.329619 0.333101
0.330096 0.333477
0.331498 0.33307
0.332131 0.333516
0.33244 0.333324
0.332782 0.333066
0.332544 0.333504
0.332915 0.333265
0.333021 0.333286
0.333056 0.333365
0.332661 0.333539
0.329917 0.334309
0.328685 0.334293
0.330237 0.334427
0.331522 0.333592
0.241835 0.32919
0.275607 0.331619
0.332611 0.333353
0.332303 0.333477
0.332505 0.333476
0.332041 0.333387
0.331789 0.333603
0.330677 0.333659
0.33029 0.334086
0.330023 0.333743
0.329525 0.333974
0.330836 0.333516
0.332873 0.333145
0.332235 0.333722
0.332849 0.333094
0.333109 0.333269
0.333034 0.333405
0.333286 0.333138
0.332988 0.333402
0.332554 0.33358
0.331935 0.333539
0.331739 0.334094
0.332544 0.333118
0.333123 0.333258
0.254023 0.327619
0.277676 0.330979
0.332343 0.333585
0.332757 0.33373
0.332471 0.333536
0.332509 0.333567
0.332465 0.333407
0.331532 0.333658
0.331165 0.333752
0.33116 0.333678
0.330224 0.333956
0.330702 0.333806
0.33269 0.333481
0.333072 0.333126
0.332719 0.333433
0.333356 0.333151
0.333222 0.333464
0.333225 0.333455
0.333133 0.333266
0.333209 0.333405
0.333065 0.333319
0.333238 0.333025
0.334164 0.332976
0.333536 0.333189
0.252611 0.326664
0.273896 0.329864
0.332471 0.333522
0.332204 0.333696
0.332561 0.333317
0.33267 0.333285
0.332352 0.333611
0.3324 0.333542
0.331849 0.333976
0.331995 0.333679
0.330979 0.334002
0.331193 0.333847
0.333135 0.333201
0.333257 0.333192
0.333252 0.333374
0.333307 0.333315
0.333298 0.333278
0.333276 0.333356
0.333218 0.333338
0.333187 0.33328
0.333191 0.333287
0.333232 0.333417
0.33485 0.333072
0.333112 0.33308
0.254971 0.327794
0.272597 0.330248
0.332471 0.334038
0.333476 0.332824
0.332429 0.333554
0.333061 0.333603
0.333264 0.333233
0.333097 0.333449
0.332605 0.333449
0.332658 0.333616
0.332107 0.33381
0.331897 0.333977
0.333179 0.333239
0.333298 0.333283
0.333399 0.333407
0.33338 0.333384
0.333353 0.333353
0.333237 0.333378
0.333402 0.333181
0.333219 0.333316
0.333292 0.333333
0.334237 0.33384
0.336129 0.332701
0.332892 0.33326
0.257053 0.329219
0.259134 0.32612
0.332833 0.333511
0.332624 0.333065
0.332996 0.333273
0.333552 0.333415
0.333485 0.333255
0.333373 0.333579
0.333408 0.333667
0.333179 0.333275
0.333565 0.333802
0.333949 0.333963
0.333201 0.333311
0.333335 0.333331
0.3333 0.333262
0.333311 0.333336
0.333332 0.333332
0.333339 0.333322
0.333309 0.333344
0.333244 0.333395
0.333458 0.333662
0.334816 0.333033
0.335588 0.332702
0.332502 0.333278
0.274338 0.332671
0.283207 0.332245
0.332799 0.333351
0.333976 0.33311
0.332931 0.333608
0.333327 0.33372
0.333649 0.333266
0.333676 0.3334
0.333797 0.333465
0.334073 0.333761
0.335211 0.333989
0.335757 0.333504
0.333448 0.333263
0.333359 0.333359
0.333347 0.333347
0.333333 0.333333
0.333334 0.333333
0.333333 0.333334
0.333333 0.333333
0.333337 0.333326
0.333287 0.333489
0.335954 0.332399
0.334762 0.333164
0.332381 0.333518
0.254607 0.325293
0.279875 0.330908
0.333211 0.332949
0.33423 0.332928
0.333481 0.333597
0.33389 0.333104
0.333952 0.333344
0.333895 0.333419
0.334825 0.333713
0.336971 0.334759
0.337537 0.333276
0.336867 0.333246
0.333793 0.333378
0.333333 0.333333
0.333333 0.333333
0.333333 0.333333
0.333333 0.333333
0.333333 0.333333
0.333333 0.333333
0.333412 0.333412
0.333424 0.33339
0.336535 0.332794
0.335735 0.333421
0.333421 0.333733
0.258503 0.327877
0.273135 0.351324
0.332621 0.333529
0.332772 0.332944
0.332732 0.332404
0.333055 0.332443
0.333403 0.332518
0.33403 0.332439
0.335685 0.331419
0.335693 0.329369
0.335562 0.330461
0.335426 0.331862
0.333578 0.333231
0.33334 0.33332
0.333255 0.333373
0.333038 0.333481
0.333322 0.333339
0.333333 0.333333
0.333136 0.333529
0.333233 0.333487
0.333287 0.333274
0.335684 0.333137
0.335777 0.332685
0.334299 0.333003
0.306086 0.351903
0.333443 0.342968
0.331827 0.333443
0.331893 0.332183
0.331311 0.333297
0.331541 0.333258
0.332208 0.333105
0.331625 0.33352
0.330445 0.334217
0.327734 0.334951
0.329783 0.333662
0.332212 0.333464
0.332745 0.3337
0.333333 0.333333
0.333334 0.333333
0.333333 0.333333
0.333333 0.333333
0.333333 0.333333
0.333333 0.333333
0.333333 0.333333
0.333408 0.333408
0.334875 0.3332
0.334911 0.333937
0.33416 0.333982
0.334487 0.323274
0.332624 0.334289
0.331824 0.33368
0.331491 0.335043
0.331388 0.334244
0.332203 0.333803
0.332264 0.334043
0.332466 0.333786
0.332101 0.333911
0.331998 0.333923
0.331187 0.334189
0.332316 0.33361
0.333099 0.33346
0.333333 0.333333
0.333333 0.333333
0.333334 0.333333
0.333334 0.333333
0.333333 0.333333
0.333333 0.333334
0.333416 0.333168
0.333333 0.333333
0.334058 0.332964
0.334956 0.332629
0.334332 0.332765
0.325248 0.337606
