kite_pos_x	kite_pos_y	kite_vel_x	kite_vel_y	kite_acc_x	kite_acc_y	block_pos_x	block_pos_y	block_vel_x	block_vel_y	block_acc_x	block_acc_y	
34.7015	36.035	-24.6288	25.8011	-307.171	337.37	0.039161	0	2.17402	0	82.6629	0	
30.9456	40.8523	-4.34607	13.4148	90.6997	-64.4706	2.11698	0	14.6546	0	18.2223	0	
31.44	42.6136	6.51187	6.22542	17.5602	-10.119	5.28494	0	16.6523	0	6.49695	0	
33.1506	43.618	9.51232	4.43954	4.81038	-3.20898	8.70744	0	17.4331	0	2.45915	0	
35.1246	44.4532	10.1321	3.95603	1.86308	-1.87575	12.2354	0	17.8138	0	1.48261	0	
37.0822	45.2588	9.92007	3.87598	3.10758	-2.37824	15.8304	0	18.1729	0	1.95589	0	
39.0135	46.0365	9.17886	3.97518	-7.86247	1.9519	19.5034	0	18.5565	0	2.05288	0	
40.6272	46.8805	7.23287	4.34294	-4.45592	-0.421567	23.2428	0	18.9404	0	3.36888	0	
42.0606	47.709	7.69316	3.73414	11.5082	-5.96169	27.0988	0	19.5955	0	2.91108	0	
43.833	48.3446	11.1158	2.38005	26.0944	-8.16097	31.0737	0	20.1309	0	2.01414	0	
46.2203	48.7522	12.5129	1.77281	3.08481	-1.91323	35.1196	0	20.2965	0	0.426385	0	
48.9927	49.0302	15.4915	0.977813	16.1553	-3.84039	39.1926	0	20.383	0	-0.506282	0	
52.3326	49.1687	17.6107	0.478924	7.03675	-1.62767	43.2529	0	20.2045	0	-1.00755	0	
55.972	49.2379	18.6902	0.237757	4.26276	-0.895523	47.2756	0	20.0371	0	-0.591275	0	
59.7879	49.2701	19.4388	0.0942369	3.41055	-0.581173	51.2755	0	19.985	0	0.083131	0	
63.7423	49.2785	20.0973	-0.00525165	3.22335	-0.430976	55.2787	0	20.0676	0	0.714131	0	
67.8257	49.2694	20.7319	-0.0827024	3.10608	-0.351878	59.3096	0	20.2543	0	1.09773	0	
72.0328	49.2462	21.3275	-0.148683	2.81314	-0.314188	63.3832	0	20.4818	0	1.10931	0	
76.3516	49.2102	21.8413	-0.210809	2.2883	-0.313236	67.4998	0	20.6701	0	0.706575	0	
80.7612	49.1616	22.2296	-0.27649	1.57207	-0.349842	71.6434	0	20.7395	0	-0.0627254	0	
85.2333	49.0989	22.4643	-0.3534	0.776121	-0.425985	75.7835	0	20.6287	0	-1.06798	0	
89.7367	49.019	22.5457	-0.450007	0.0716105	-0.548663	79.8807	0	20.3081	0	-2.12939	0	
94.2439	48.9168	22.5132	-0.577415	-0.322134	-0.73958	83.893	0	19.7848	0	-3.067	0	
98.7403	48.7847	22.4577	-0.754454	-0.0939338	-1.06136	87.7834	0	19.0986	0	-3.73963	0	
103.237	48.6091	22.5547	-1.02184	1.25927	-1.66792	91.5254	0	18.3133	0	-4.04141	0	
107.764	48.3712	22.6247	-1.34264	-1.27298	-1.34778	95.1064	0	17.4934	0	-4.20282	0	
112.243	48.0796	22.0865	-1.55884	-3.62842	-0.914417	98.5189	0	16.6248	0	-4.48192	0	
116.563	47.7566	21.064	-1.65596	-5.77075	-0.265103	101.754	0	15.7233	0	-4.51379	0	
120.67	47.4172	20.0288	-1.7399	-5.33036	-0.329415	104.808	0	14.8272	0	-4.41806	0	
124.559	47.0672	18.972	-1.79528	-4.18685	-0.613283	107.686	0	13.9635	0	-4.22001	0	
128.263	46.6983	18.0127	-1.86843	-6.80977	0.438877	110.395	0	13.1292	0	-4.13149	0	
131.64	46.3712	15.4582	-1.26042	-18.3823	5.66803	112.94	0	12.3328	0	-3.71599	0	
134.194	46.3108	9.21005	1.05888	-46.4959	18.5647	115.344	0	11.8118	0	-0.47756	0	
135.087	46.9033	1.89221	3.90061	-5.72516	0.603001	117.764	0	12.4502	0	3.21245	0	
135.855	47.5241	5.32591	2.52711	11.9882	-4.37409	120.316	0	13.0532	0	2.87192	0	
137.13	47.957	7.30326	1.86197	8.38236	-2.56336	122.983	0	13.6143	0	2.75739	0	
138.746	48.2843	8.80206	1.43739	6.69625	-1.8144	125.761	0	14.1461	0	2.31113	0	
140.63	48.5387	9.98276	1.12251	5.20762	-1.35264	128.63	0	14.5229	0	1.5613	0	
142.725	48.7384	10.9336	0.885952	4.42205	-1.03992	131.564	0	14.8023	0	1.294	0	
144.998	48.8962	11.791	0.698182	4.22945	-0.854027	134.55	0	15.0586	0	1.30271	0	
147.441	49.0196	12.647	0.539997	4.36369	-0.735248	137.588	0	15.3339	0	1.4693	0	
150.06	49.1135	13.5441	0.402365	4.61318	-0.643742	140.686	0	15.6529	0	1.73293	0	
152.863	49.1815	14.485	0.278886	4.71781	-0.602422	143.853	0	16.008	0	1.6963	0	
155.853	49.2256	15.4018	0.164018	4.39808	-0.541511	147.087	0	16.3236	0	1.45766	0	
159.018	49.2481	16.2279	0.0633972	3.83368	-0.463435	150.379	0	16.5901	0	1.20751	0	
162.336	49.252	16.9263	-0.020988	3.14056	-0.380342	153.72	0	16.8072	0	0.968046	0	
165.779	49.2408	17.4834	-0.0888123	2.44285	-0.299017	157.099	0	16.9804	0	0.776464	0	
169.321	49.2176	17.9119	-0.14119	1.87593	-0.227166	160.51	0	17.124	0	0.679517	0	
172.938	49.1852	18.2499	-0.180752	1.55131	-0.171773	163.948	0	17.2617	0	0.723606	0	
176.618	49.1459	18.5526	-0.211227	1.52753	-0.136502	167.416	0	17.4252	0	0.941366	0	
180.361	49.1011	18.881	-0.23667	1.80222	-0.121067	170.923	0	17.6504	0	1.33866	0	
184.176	49.0514	19.2897	-0.260737	2.31588	-0.121826	174.483	0	17.9709	0	1.88573	0	
188.082	48.9951	19.7538	-0.31137	2.05321	-0.373724	178.108	0	18.2248	0	0.461079	0	
192.067	48.9243	20.0622	-0.400941	1.00816	-0.511965	181.752	0	18.1611	0	-1.05465	0	
196.093	48.8331	20.1648	-0.515326	0.0697435	-0.634488	185.354	0	17.8218	0	-2.28037	0	
200.123	48.7164	20.1163	-0.657553	-0.471447	-0.798512	188.866	0	17.2709	0	-3.1706	0	
204.136	48.5673	20.0154	-0.841824	-0.417624	-1.06992	192.252	0	16.5749	0	-3.73621	0	
208.135	48.3746	20.0112	-1.10193	0.54417	-1.58255	195.49	0	15.7955	0	-4.01096	0	
212.151	48.1196	20.1155	-1.44806	-0.472687	-1.61116	198.568	0	14.9852	0	-4.09054	0	
216.143	47.8024	19.7003	-1.69997	-3.49266	-0.914678	201.482	0	14.1568	0	-4.18233	0	
220	47.4479	18.8147	-1.82614	-5.15962	-0.378071	204.23	0	13.3197	0	-4.17053	0	
223.651	47.0787	17.6499	-1.84439	-6.71321	0.302438	206.811	0	12.4933	0	-4.08547	0	
227.019	46.728	15.8275	-1.57336	-13.0342	3.08381	209.228	0	11.6948	0	-3.83138	0	
229.817	46.5235	11.5475	-0.188126	-30.6436	11.3798	211.498	0	11.0701	0	-1.72672	0	
231.511	46.7274	5.92999	2.0653	-16.2877	6.89638	213.719	0	11.3536	0	3.70718	0	
232.552	47.2022	5.15932	2.4072	4.10326	-1.42511	216.061	0	12.0482	0	3.25413	0	
233.7	47.6444	6.40921	1.99353	7.09837	-2.20847	218.534	0	12.6709	0	3.01078	0	
235.123	48.0015	7.78582	1.59253	6.41198	-1.82262	221.128	0	13.2474	0	2.4758	0	
236.797	48.2864	8.90163	1.27252	4.77673	-1.37294	223.819	0	13.6359	0	1.52224	0	
238.665	48.516	9.73802	1.03537	3.71754	-1.02759	226.573	0	13.8922	0	1.11177	0	
240.683	48.704	10.4346	0.851527	3.3457	-0.831547	229.373	0	14.1014	0	1.01905	0	
242.837	48.8584	11.1061	0.69689	3.42312	-0.725036	232.214	0	14.3114	0	1.10249	0	
245.129	48.9838	11.8184	0.55908	3.72028	-0.656491	235.1	0	14.5493	0	1.28975	0	
247.57	49.0829	12.5983	0.433767	4.07903	-0.596937	238.037	0	14.8322	0	1.54961	0	
250.173	49.1581	13.4482	0.320382	4.40417	-0.545648	241.037	0	15.1725	0	1.80589	0	
252.952	49.2113	14.3304	0.212024	4.33888	-0.526698	244.106	0	15.5106	0	1.57191	0	
255.903	49.2435	15.1613	0.112155	3.93018	-0.469008	247.238	0	15.7995	0	1.31347	0	
259.01	49.257	15.8892	0.0252088	3.32575	-0.399477	250.422	0	16.0346	0	1.03702	0	
262.25	49.2546	16.4847	-0.0473326	2.62351	-0.325925	253.648	0	16.2145	0	0.765869	0	
265.595	49.2391	16.9393	-0.105265	1.93714	-0.254523	256.905	0	16.3437	0	0.536905	0	
269.017	49.2134	17.2684	-0.149726	1.38625	-0.192339	260.183	0	16.435	0	0.395771	0	
272.496	49.1799	17.5091	-0.183184	1.06575	-0.145193	263.478	0	16.5108	0	0.388063	0	
276.019	49.1407	17.7134	-0.208973	1.02579	-0.115771	266.788	0	16.6015	0	0.548003	0	
279.583	49.0967	17.9384	-0.230642	1.26923	-0.103693	270.122	0	16.7422	0	0.887918	0	
283.199	49.0485	18.2376	-0.251445	1.75673	-0.106525	273.491	0	16.9678	0	1.39104	0	
286.886	48.996	18.6525	-0.273995	2.40589	-0.130443	276.917	0	17.3065	0	1.95396	0	
290.664	48.9362	19.1105	-0.33365	1.92375	-0.415521	280.405	0	17.5196	0	0.198857	0	
294.517	48.8602	19.3832	-0.430417	0.80021	-0.542283	283.902	0	17.4025	0	-1.30945	0	
298.403	48.7625	19.4436	-0.549706	-0.137211	-0.652933	287.348	0	17.0192	0	-2.45906	0	
302.285	48.6386	19.3554	-0.694158	-0.664968	-0.801347	290.697	0	16.442	0	-3.25548	0	
306.142	48.4823	19.2133	-0.876589	-0.65065	-1.04537	293.916	0	15.7371	0	-3.74641	0	
309.975	48.2835	19.1449	-1.12583	0.0908933	-1.48677	296.986	0	14.9596	0	-3.99196	0	
313.81	48.0255	19.1941	-1.46031	-0.293317	-1.66542	299.898	0	14.1525	0	-4.06449	0	
317.623	47.7042	18.8444	-1.72993	-3.16465	-0.998236	302.646	0	13.3337	0	-4.11743	0	
321.313	47.3428	17.9834	-1.85889	-5.37549	-0.271694	305.23	0	12.5108	0	-4.09758	0	
324.783	46.9733	16.5948	-1.78472	-9.24991	1.34646	307.651	0	11.701	0	-3.97184	0	
327.85	46.6724	13.6414	-1.02894	-22.5254	7.28512	309.915	0	10.964	0	-3.10425	0	
330.02	46.6665	7.8327	1.12408	-28.2943	11.4295	312.069	0	10.7551	0	1.95648	0	
331.21	47.0485	5.01784	2.30762	-1.46303	0.762164	314.286	0	11.4318	0	3.39814	0	
332.264	47.4955	5.76501	2.07641	6.39836	-2.022	316.638	0	12.0752	0	3.0791	0	
333.551	47.8701	7.11048	1.67901	6.64969	-1.82033	319.113	0	12.6767	0	2.95786	0	
335.098	48.1711	8.30272	1.34456	5.1372	-1.46452	321.699	0	13.1361	0	1.75261	0	
336.851	48.4136	9.18232	1.09349	3.78039	-1.07163	324.356	0	13.419	0	1.1619	0	
338.758	48.6126	9.86357	0.905388	3.14519	-0.833939	327.062	0	13.6264	0	0.960996	0	
340.793	48.778	10.4768	0.752471	3.0581	-0.709191	329.806	0	13.8177	0	0.977939	0	
342.951	48.9148	11.1074	0.618078	3.28177	-0.6404	332.59	0	14.0258	0	1.11817	0	
345.24	49.026	11.798	0.49518	3.63355	-0.589702	335.419	0	14.2703	0	1.33805	0	
347.675	49.1135	12.562	0.382245	4.00153	-0.539092	338.302	0	14.5653	0	1.62143	0	
350.27	49.1795	13.3945	0.278631	4.27485	-0.514012	341.249	0	14.9142	0	1.73785	0	
353.034	49.2251	14.2392	0.177807	4.10884	-0.486379	344.265	0	15.238	0	1.49634	0	
355.962	49.2513	15.0193	0.0858538	3.65793	-0.430903	347.341	0	15.5106	0	1.22515	0	
359.035	49.2602	15.6907	0.00609411	3.03592	-0.365855	350.466	0	15.7265	0	0.932928	0	
362.229	49.2546	16.2278	-0.0602224	2.33217	-0.297349	353.628	0	15.8838	0	0.643515	0	
365.517	49.2371	16.6249	-0.11297	1.65388	-0.231257	356.816	0	15.9864	0	0.393445	0	
368.871	49.2103	16.8982	-0.153299	1.11133	-0.174181	360.02	0	16.0467	0	0.2274	0	
372.27	49.1765	17.0841	-0.183567	0.790237	-0.131239	363.233	0	16.0859	0	0.189974	0	
375.702	49.1374	17.2321	-0.206869	0.736115	-0.104577	366.455	0	16.1336	0	0.315481	0	
379.164	49.094	17.3968	-0.226446	0.953987	-0.0937291	369.689	0	16.2241	0	0.618811	0	
382.666	49.0469	17.63	-0.245282	1.41372	-0.0967092	372.949	0	16.3925	0	1.08928	0	
386.224	48.9958	17.9745	-0.265852	2.05225	-0.110379	376.254	0	16.6687	0	1.68786	0	
389.865	48.94	18.4427	-0.299511	2.38985	-0.308987	379.624	0	17.012	0	1.12161	0	
393.595	48.8724	18.829	-0.382053	1.37992	-0.48888	383.037	0	17.0611	0	-0.573628	0	
397.381	48.7855	18.9896	-0.490251	0.264212	-0.589541	386.428	0	16.8064	0	-1.9052	0	
401.178	48.675	18.9561	-0.618406	-0.532168	-0.696371	389.744	0	16.3238	0	-2.85804	0	
404.955	48.5365	18.805	-0.772008	-0.900102	-0.850912	392.947	0	15.6849	0	-3.48006	0	
408.698	48.3635	18.6301	-0.965678	-0.754522	-1.10872	396.011	0	14.949	0	-3.8408	0	
412.413	48.1456	18.5392	-1.22663	-0.128184	-1.51584	398.922	0	14.1613	0	-4.00781	0	
416.117	47.8684	18.47	-1.54354	-1.11909	-1.48306	401.674	0	13.3539	0	-4.05889	0	
419.771	47.5343	17.9718	-1.77205	-3.88296	-0.749677	404.263	0	12.5395	0	-4.07566	0	
423.267	47.1719	16.8791	-1.80961	-7.41474	0.566142	406.69	0	11.7293	0	-4.00475	0	
426.446	46.8417	14.5877	-1.35387	-17.3299	4.83637	408.957	0	10.9615	0	-3.51475	0	
428.902	46.721	9.50243	0.386116	-30.4377	11.5545	411.093	0	10.5158	0	-0.061313	0	
430.305	46.9961	5.37626	2.05353	-7.39227	3.18154	413.235	0	11.0294	0	3.48051	0	
431.351	47.4237	5.49127	2.06973	5.17638	-1.58591	415.508	0	11.6859	0	3.12316	0	
432.57	47.8017	6.7329	1.70581	6.52031	-1.79519	417.907	0	12.2933	0	2.97723	0	
434.042	48.1086	7.9442	1.37329	5.32149	-1.49282	420.42	0	12.7937	0	1.91632	0	
435.726	48.3562	8.85053	1.1168	3.84222	-1.09019	423.011	0	13.0975	0	1.21431	0	
437.567	48.5597	9.528	0.927394	3.05044	-0.829477	425.653	0	13.3077	0	0.942099	0	
439.532	48.7296	10.11	0.776873	2.8492	-0.69174	428.332	0	13.4904	0	0.914505	0	
441.611	48.8717	10.6917	0.646332	3.00951	-0.620872	431.049	0	13.6825	0	1.02403	0	
443.812	48.9889	11.3251	0.526935	3.33958	-0.574967	433.808	0	13.9056	0	1.21841	0	
446.147	49.083	12.0306	0.416216	3.71502	-0.531809	436.615	0	14.1743	0	1.47762	0	
448.63	49.1559	12.8098	0.314589	4.0697	-0.48358	439.481	0	14.5007	0	1.79534	0	
451.275	49.2091	13.638	0.217133	4.12303	-0.483685	442.417	0	14.845	0	1.60625	0	
454.083	49.2431	14.4343	0.12421	3.79636	-0.441637	445.416	0	15.1408	0	1.34675	0	
457.043	49.2595	15.1424	0.0414674	3.25789	-0.384423	448.47	0	15.3814	0	1.05605	0	
460.132	49.2605	15.7285	-0.029111	2.59088	-0.320866	451.565	0	15.562	0	0.749225	0	
463.325	49.2488	16.1758	-0.0867567	1.88593	-0.256011	454.69	0	15.6818	0	0.454778	0	
466.594	49.2267	16.4871	-0.131802	1.24888	-0.195924	457.834	0	15.7472	0	0.21218	0	
469.913	49.1968	16.6862	-0.165817	0.777431	-0.146527	460.987	0	15.773	0	0.0662186	0	
473.263	49.161	16.8135	-0.191357	0.538909	-0.111505	464.142	0	15.7829	0	0.0583157	0	
476.637	49.1207	16.9193	-0.211426	0.562784	-0.0917304	467.301	0	15.8075	0	0.217256	0	
480.033	49.0766	17.056	-0.228991	0.844287	-0.0861456	470.469	0	15.8817	0	0.551872	0	
483.464	49.0291	17.2722	-0.2467	1.34934	-0.092765	473.659	0	16.0392	0	1.04667	0	
486.95	48.9778	17.6068	-0.26673	2.01514	-0.108725	476.892	0	16.3086	0	1.66027	0	
490.517	48.922	18.0733	-0.298091	2.44069	-0.293757	480.19	0	16.6617	0	1.25035	0	
494.175	48.8549	18.4729	-0.379073	1.44382	-0.483738	483.535	0	16.7328	0	-0.479793	0	
497.89	48.7687	18.6427	-0.485727	0.28978	-0.577697	486.862	0	16.4951	0	-1.82599	0	
501.618	48.6594	18.6091	-0.610127	-0.562235	-0.669142	490.118	0	16.0279	0	-2.78252	0	
505.325	48.5232	18.4436	-0.755686	-1.02359	-0.794432	493.263	0	15.4039	0	-3.40697	0	
508.992	48.355	18.2273	-0.932617	-1.0683	-0.98963	496.273	0	14.6819	0	-3.77509	0	
512.618	48.1468	18.042	-1.15853	-0.751323	-1.28177	499.132	0	13.9058	0	-3.96086	0	
516.212	47.8877	17.8904	-1.43664	-1.06172	-1.41113	501.833	0	13.1056	0	-4.02719	0	
519.756	47.5749	17.466	-1.6707	-3.46345	-0.804969	504.373	0	12.2984	0	-4.03602	0	
523.155	47.2329	16.3847	-1.69713	-7.87934	0.798946	506.752	0	11.4973	0	-3.94502	0	
526.216	46.9336	13.8555	-1.13883	-19.0588	5.57122	508.975	0	10.7553	0	-3.25486	0	
528.508	46.8639	8.77275	0.609949	-27.157	10.2656	511.079	0	10.4131	0	0.61653	0	
529.853	47.148	5.49872	1.93153	-4.56301	2.08986	513.208	0	10.9692	0	3.37425	0	
530.954	47.541	5.8226	1.8858	5.13481	-1.44937	515.467	0	11.6107	0	3.0799	0	
532.234	47.8863	7.00301	1.56441	6.07467	-1.61343	517.85	0	12.2105	0	2.7609	0	
533.749	48.1682	8.08885	1.26701	4.66231	-1.30559	520.339	0	12.6397	0	1.63844	0	
535.45	48.398	8.88261	1.04309	3.38512	-0.955395	522.895	0	12.9034	0	1.07778	0	
537.29	48.5892	9.48754	0.875524	2.76966	-0.742587	525.496	0	13.0946	0	0.879415	0	
539.241	48.7502	10.0249	0.739159	2.67262	-0.634208	528.132	0	13.2687	0	0.886698	0	
541.301	48.8858	10.5769	0.618356	2.88157	-0.579295	530.804	0	13.457	0	1.01112	0	
543.476	48.9981	11.1867	0.50633	3.22809	-0.542008	533.517	0	13.6782	0	1.21127	0	
545.781	49.0888	11.8704	0.401629	3.60691	-0.504267	536.279	0	13.9457	0	1.47278	0	
548.23	49.1593	12.6282	0.305069	3.96418	-0.460355	539.1	0	14.2713	0	1.79203	0	
550.836	49.2111	13.4359	0.211837	4.02504	-0.464614	541.989	0	14.6149	0	1.60338	0	
553.602	49.2443	14.2138	0.122312	3.71134	-0.426715	544.942	0	14.9101	0	1.34285	0	
556.516	49.2606	14.9065	0.0421478	3.18823	-0.373516	547.949	0	15.1496	0	1.04767	0	
559.557	49.262	15.48	-0.0266256	2.53329	-0.313629	550.998	0	15.3276	0	0.73093	0	
562.699	49.2508	15.9162	-0.0831351	1.82972	-0.251721	554.076	0	15.4421	0	0.418751	0	
565.915	49.2296	16.215	-0.127528	1.17705	-0.193471	557.171	0	15.4977	0	0.148312	0	
569.178	49.2005	16.3965	-0.161128	0.670369	-0.14462	560.272	0	15.507	0	-0.0369819	0	
572.468	49.1657	16.4973	-0.186238	0.378522	-0.108934	563.372	0	15.4913	0	-0.0953154	0	
575.774	49.1265	16.5645	-0.205643	0.335909	-0.0875119	566.469	0	15.4795	0	0.00489276	0	
579.095	49.0837	16.6486	-0.222135	0.545409	-0.0795504	569.567	0	15.5049	0	0.278011	0	
582.438	49.0377	16.7981	-0.238251	0.983636	-0.0834205	572.676	0	15.602	0	0.716925	0	
585.822	48.9883	17.0544	-0.256159	1.60266	-0.0970242	575.814	0	15.801	0	1.29118	0	
589.269	48.935	17.4466	-0.277501	2.32719	-0.116988	579.005	0	16.1242	0	1.94726	0	
592.808	48.8755	17.927	-0.328372	2.12784	-0.397829	582.263	0	16.4055	0	0.513217	0	
596.428	48.8009	18.2351	-0.422208	0.929554	-0.522751	585.543	0	16.3426	0	-1.06932	0	
600.086	48.7055	18.3078	-0.534541	-0.149806	-0.598799	588.782	0	16.005	0	-2.23613	0	
603.739	48.586	18.1977	-0.662289	-0.890073	-0.681867	591.932	0	15.4725	0	-3.03068	0	
607.357	48.4392	17.975	-0.809361	-1.27977	-0.795183	594.962	0	14.8122	0	-3.52832	0	
610.926	48.2604	17.7057	-0.983462	-1.37355	-0.952678	597.852	0	14.0754	0	-3.8093	0	
614.439	48.0435	17.4292	-1.19087	-1.43813	-1.10668	600.589	0	13.2981	0	-3.94366	0	
617.892	47.7833	17.0677	-1.406	-2.45423	-0.947739	603.169	0	12.5042	0	-3.98219	0	
621.237	47.4889	16.2754	-1.5036	-5.74941	0.114844	605.591	0	11.7113	0	-3.92418	0	
624.334	47.2065	14.4468	-1.21851	-13.5942	3.23042	607.856	0	10.9561	0	-3.50689	0	
626.872	47.0625	10.5819	-0.0551877	-23.6788	8.04613	609.987	0	10.4285	0	-1.25103	0	
628.553	47.2074	6.67286	1.37785	-11.2675	4.60819	612.077	0	10.6206	0	2.99142	0	
629.781	47.5323	6.06238	1.6999	2.50848	-0.424231	614.267	0	11.2701	0	3.14283	0	
631.072	47.8544	6.93898	1.4934	5.20583	-1.33698	616.582	0	11.8706	0	2.62424	0	
632.56	48.1265	7.90281	1.2346	4.23951	-1.17461	619.001	0	12.2847	0	1.60026	0	
634.217	48.352	8.62944	1.03039	3.10408	-0.879761	621.486	0	12.5426	0	1.0501	0	
636.001	48.5419	9.18109	0.875605	2.50641	-0.687319	624.014	0	12.727	0	0.836718	0	
637.886	48.7041	9.66392	0.749225	2.38765	-0.588919	626.576	0	12.8904	0	0.822396	0	
639.867	48.8425	10.1563	0.636632	2.5717	-0.542531	629.171	0	13.0635	0	0.923145	0	
641.952	48.9591	10.7025	0.531044	2.90425	-0.51448	631.803	0	13.2646	0	1.09768	0	
644.153	49.0552	11.3212	0.430893	3.28351	-0.486238	634.479	0	13.5066	0	1.33145	0	
646.486	49.1319	12.0155	0.337036	3.65518	-0.451145	637.209	0	13.8011	0	1.62232	0	
648.965	49.1905	12.7792	0.249331	3.92898	-0.442435	640.004	0	14.1486	0	1.7169	0	
651.599	49.2316	13.556	0.161688	3.78141	-0.426626	642.866	0	14.4683	0	1.47482	0	
654.383	49.2556	14.2745	0.0803641	3.37094	-0.384373	645.788	0	14.7357	0	1.19401	0	
657.302	49.2644	14.893	0.00860321	2.79314	-0.33222	648.757	0	14.9434	0	0.878181	0	
660.332	49.2598	15.3847	-0.0521652	2.11469	-0.275114	651.761	0	15.0856	0	0.544273	0	
663.447	49.2443	15.7373	-0.101381	1.4189	-0.217569	654.787	0	15.1616	0	0.221079	0	
666.619	49.22	15.957	-0.139508	0.799576	-0.165139	657.822	0	15.1772	0	-0.0531681	0	
669.823	49.1892	16.0676	-0.168083	0.338982	-0.122677	660.854	0	15.1463	0	-0.236204	0	
673.041	49.1533	16.1067	-0.189403	0.0919977	-0.0927773	663.878	0	15.0913	0	-0.289343	0	
676.264	49.1138	16.1202	-0.206042	0.0831874	-0.0757237	666.891	0	15.0411	0	-0.184911	0	
679.49	49.0711	16.1559	-0.220475	0.31144	-0.07047	669.897	0	15.0287	0	0.0884299	0	
682.73	49.0256	16.2593	-0.23492	0.754592	-0.0755655	672.908	0	15.0875	0	0.522824	0	
686.001	48.9771	16.4696	-0.251288	1.37039	-0.0893657	675.939	0	15.247	0	1.09017	0	
689.328	48.9249	16.8151	-0.27109	2.09374	-0.10932	679.015	0	15.5295	0	1.74241	0	
692.737	48.868	17.2941	-0.305135	2.43457	-0.318138	682.158	0	15.8851	0	1.16118	0	
696.238	48.7992	17.6799	-0.388868	1.32945	-0.48647	685.346	0	15.9382	0	-0.5581	0	
699.793	48.7111	17.8217	-0.493602	0.127671	-0.554699	688.513	0	15.6904	0	-1.84413	0	
703.353	48.601	17.7503	-0.609941	-0.785826	-0.608666	691.608	0	15.2267	0	-2.73122	0	
706.883	48.4664	17.5273	-0.737458	-1.39839	-0.66741	694.594	0	14.6189	0	-3.29881	0	
710.357	48.3051	17.2042	-0.8769	-1.81297	-0.724149	697.449	0	13.9226	0	-3.62987	0	
713.759	48.1151	16.7983	-1.02328	-2.29403	-0.7182	700.16	0	13.1778	0	-3.79489	0	
717.066	47.8972	16.2395	-1.14626	-3.49544	-0.434688	702.719	0	12.4128	0	-3.83457	0	
720.228	47.6645	15.2713	-1.14601	-6.62652	0.621674	705.125	0	11.6544	0	-3.71028	0	
723.112	47.4618	13.3734	-0.799844	-12.7946	3.07786	707.384	0	10.96	0	-3.09344	0	
725.489	47.3828	10.2578	0.0855877	-16.8368	5.3026	709.524	0	10.5122	0	-1.09465	0	
727.241	47.4987	7.55533	0.994461	-8.48742	3.10964	711.624	0	10.5802	0	1.61686	0	
728.653	47.7372	6.87742	1.29035	0.552534	0.184744	713.782	0	11.0192	0	2.41023	0	
730.066	47.9901	7.32398	1.20882	3.11166	-0.743416	716.032	0	11.4574	0	1.89168	0	
731.594	48.216	7.94832	1.04997	2.95184	-0.781209	718.357	0	11.7728	0	1.29533	0	
733.239	48.4112	8.48275	0.906356	2.41079	-0.652289	720.734	0	11.9918	0	0.93651	0	
734.981	48.5802	8.92939	0.787124	2.10849	-0.548545	723.15	0	12.1616	0	0.79204	0	
736.809	48.7271	9.34589	0.683783	2.0998	-0.49171	725.598	0	12.3182	0	0.792875	0	
738.721	48.8542	9.78329	0.588507	2.29992	-0.464211	728.078	0	12.485	0	0.887981	0	
740.726	48.9627	10.2735	0.497467	2.61312	-0.446646	730.594	0	12.6779	0	1.05027	0	
742.835	49.0534	10.8316	0.410006	2.97014	-0.427112	733.152	0	12.909	0	1.27009	0	
745.063	49.127	11.4619	0.32708	3.33163	-0.401033	735.761	0	13.1898	0	1.5467	0	
747.425	49.1846	12.1632	0.249638	3.66104	-0.386817	738.432	0	13.5291	0	1.76029	0	
749.931	49.2267	12.8977	0.170873	3.61904	-0.391201	741.172	0	13.8586	0	1.52972	0	
752.582	49.2532	13.5921	0.0953072	3.2908	-0.36162	743.972	0	14.1381	0	1.25789	0	
755.363	49.2653	14.2021	0.0270063	2.78587	-0.320138	746.823	0	14.3587	0	0.942031	0	
758.255	49.2646	14.6979	-0.0322959	2.15715	-0.272179	749.712	0	14.5124	0	0.591812	0	
761.233	49.2531	15.0605	-0.0816298	1.4667	-0.221112	752.623	0	14.5943	0	0.227761	0	
764.27	49.2327	15.2853	-0.120809	0.79305	-0.171455	755.544	0	14.6044	0	-0.119631	0	
767.339	49.2054	15.3839	-0.150604	0.215402	-0.127972	758.461	0	14.5499	0	-0.41304	0	
770.417	49.173	15.3819	-0.172615	-0.203781	-0.0939702	761.361	0	14.4453	0	-0.613933	0	
773.488	49.1368	15.3153	-0.188891	-0.426426	-0.0706185	764.237	0	14.3126	0	-0.68904	0	
776.542	49.0977	15.2254	-0.201535	-0.437129	-0.0574725	767.086	0	14.1796	0	-0.615618	0	
779.579	49.0563	15.1545	-0.212483	-0.238049	-0.0534327	769.911	0	14.077	0	-0.384434	0	
782.608	49.0128	15.1433	-0.223443	0.154838	-0.0574105	772.721	0	14.0362	0	-0.000777045	0	
785.643	48.9669	15.2277	-0.235922	0.712619	-0.0684556	775.531	0	14.0858	0	0.515539	0	
788.707	48.9183	15.4368	-0.251225	1.39176	-0.085361	778.363	0	14.2493	0	1.13046	0	
791.827	48.8662	15.7888	-0.270313	2.13069	-0.105735	781.24	0	14.5417	0	1.79641	0	
795.032	48.8096	16.274	-0.303234	2.45304	-0.311725	784.187	0	14.9098	0	1.22997	0	
798.33	48.7413	16.6574	-0.384304	1.28548	-0.462544	787.181	0	14.9776	0	-0.470873	0	
801.678	48.6549	16.7837	-0.481056	0.0132461	-0.496396	790.158	0	14.7522	0	-1.70551	0	
805.028	48.5487	16.6792	-0.58077	-1.01237	-0.496594	793.068	0	14.3219	0	-2.53591	0	
808.337	48.4227	16.3916	-0.677608	-1.84132	-0.464372	795.878	0	13.7584	0	-3.0531	0	
811.573	48.2785	15.9429	-0.761634	-2.66672	-0.357326	798.566	0	13.1161	0	-3.33432	0	
814.702	48.1205	15.3023	-0.808598	-3.82986	-0.0695591	801.122	0	12.4372	0	-3.4236	0	
817.674	47.961	14.3564	-0.764967	-5.7901	0.581176	803.541	0	11.7607	0	-3.29896	0	
820.411	47.8265	12.9255	-0.543986	-8.57659	1.6845	805.829	0	11.1416	0	-2.81196	0	
822.808	47.7592	10.9916	-0.0974971	-10.2793	2.64993	808.007	0	10.6774	0	-1.72083	0	
824.809	47.7932	9.09966	0.425422	-7.9117	2.32349	810.118	0	10.4841	0	-0.210941	0	
826.502	47.9168	7.99068	0.766565	-3.19736	1.05949	812.22	0	10.5627	0	0.860437	0	
828.061	48.084	7.71173	0.873291	0.0132258	0.114571	814.352	0	10.7749	0	1.1548	0	
829.615	48.2576	7.86309	0.850018	1.25301	-0.274633	816.53	0	10.9982	0	1.04662	0	
831.215	48.4212	8.15144	0.782189	1.5469	-0.376067	818.75	0	11.1899	0	0.876082	0	
832.877	48.57	8.46662	0.70556	1.59654	-0.383543	821.004	0	11.3532	0	0.771557	0	
834.603	48.7035	8.79267	0.629788	1.67821	-0.374001	823.29	0	11.5043	0	0.753441	0	
836.396	48.822	9.14455	0.55575	1.85628	-0.367077	825.606	0	11.6596	0	0.810535	0	
838.264	48.9258	9.54081	0.482812	2.11677	-0.362288	827.955	0	11.8327	0	0.929859	0	
840.216	49.0152	9.99478	0.411	2.42808	-0.355119	830.342	0	12.0353	0	1.10456	0	
842.266	49.0904	10.5138	0.341137	2.76391	-0.342512	832.772	0	12.2782	0	1.33347	0	
844.427	49.1519	11.1011	0.274418	3.10845	-0.323742	835.256	0	12.5725	0	1.6179	0	
846.711	49.2004	11.7552	0.210366	3.38588	-0.332665	837.805	0	12.9179	0	1.70527	0	
849.13	49.2357	12.4278	0.142923	3.28965	-0.33493	840.421	0	13.2365	0	1.4738	0	
851.68	49.2577	13.056	0.0779612	2.96448	-0.312497	843.096	0	13.5042	0	1.19538	0	
854.348	49.2673	13.6031	0.0185743	2.48434	-0.280215	845.819	0	13.7111	0	0.867008	0	
857.114	49.2657	14.0415	-0.033684	1.88494	-0.241578	848.576	0	13.8479	0	0.495428	0	
859.956	49.2544	14.3518	-0.077772	1.21232	-0.199021	851.353	0	13.9073	0	0.0964047	0	
862.846	49.2352	14.5254	-0.113249	0.528597	-0.156152	854.134	0	13.886	0	-0.305597	0	
865.757	49.2097	14.5666	-0.140461	-0.100211	-0.116981	856.902	0	13.7867	0	-0.679486	0	
868.665	49.1795	14.4924	-0.160473	-0.618667	-0.0844891	859.644	0	13.6182	0	-0.991768	0	
871.548	49.1459	14.3288	-0.174774	-0.989565	-0.0599117	862.346	0	13.396	0	-1.2117	0	
874.392	49.1099	14.1076	-0.184942	-1.19371	-0.043028	865	0	13.1412	0	-1.31564	0	
877.189	49.0722	13.8628	-0.192429	-1.22581	-0.0329116	867.602	0	12.8784	0	-1.28936	0	
879.938	49.0331	13.6285	-0.198488	-1.09019	-0.0285744	870.152	0	12.6345	0	-1.12839	0	
882.644	48.9928	13.4372	-0.204193	-0.797992	-0.0292763	872.658	0	12.4359	0	-0.83706	0	
885.318	48.9514	13.3188	-0.210504	-0.365939	-0.0345417	875.131	0	12.3077	0	-0.427246	0	
887.978	48.9086	13.299	-0.218293	0.183474	-0.0439839	877.588	0	12.2719	0	0.0825148	0	
890.645	48.864	13.3984	-0.228342	0.820626	-0.0569858	880.048	0	12.346	0	0.667258	0	
893.346	48.8171	13.6308	-0.241246	1.50658	-0.0722214	882.534	0	12.542	0	1.29548	0	
896.107	48.7673	14.0012	-0.25721	2.19083	-0.0869647	885.073	0	12.8649	0	1.92944	0	
898.955	48.7137	14.4877	-0.28597	2.39199	-0.281429	887.687	0	13.2519	0	1.31795	0	
901.893	48.6498	14.8494	-0.356098	1.13903	-0.381324	890.352	0	13.3488	0	-0.262572	0	
904.877	48.5711	14.939	-0.430262	-0.212413	-0.348702	893.008	0	13.1785	0	-1.36303	0	
907.852	48.4786	14.7769	-0.491791	-1.37748	-0.257481	895.612	0	12.8295	0	-2.06784	0	
910.773	48.376	14.3946	-0.528667	-2.43759	-0.0975285	898.133	0	12.3715	0	-2.46496	0	
913.595	48.2699	13.7983	-0.523614	-3.54081	0.168527	900.556	0	11.8602	0	-2.60761	0	
916.276	48.1711	12.9693	-0.451987	-4.75989	0.56832	902.876	0	11.3448	0	-2.50417	0	
918.766	48.0952	11.8998	-0.290794	-5.87039	1.04079	905.097	0	10.8771	0	-2.1252	0	
921.024	48.0606	10.6722	-0.045508	-6.20919	1.36072	907.234	0	10.5141	0	-1.46494	0	
923.039	48.0791	9.50863	0.226285	-5.20337	1.28391	909.313	0	10.3017	0	-0.65703	0	
924.849	48.1476	8.65554	0.444679	-3.26258	0.867718	911.365	0	10.2438	0	0.0370233	0	
926.528	48.2507	8.19773	0.570448	-1.40179	0.405447	913.418	0	10.2976	0	0.451152	0	
928.148	48.3705	8.05309	0.61629	-0.156547	0.0810264	915.488	0	10.4079	0	0.620774	0	
929.761	48.494	8.09868	0.61248	0.539611	-0.0988706	917.582	0	10.5377	0	0.665133	0	
931.395	48.6138	8.24919	0.582624	0.932637	-0.188957	919.703	0	10.672	0	0.678146	0	
933.065	48.7262	8.46441	0.539784	1.21002	-0.234466	921.851	0	10.8101	0	0.70806	0	
934.784	48.8293	8.73216	0.490168	1.46792	-0.259298	924.028	0	10.9577	0	0.773838	0	
936.562	48.9221	9.05285	0.436777	1.74202	-0.273095	926.236	0	11.1225	0	0.881761	0	
938.409	49.0039	9.43064	0.381456	2.03875	-0.278861	928.479	0	11.3134	0	1.03459	0	
940.338	49.0746	9.86977	0.32571	2.35448	-0.277457	930.763	0	11.5396	0	1.23502	0	
942.362	49.1343	10.3735	0.270908	2.68453	-0.269575	933.098	0	11.8109	0	1.48599	0	
944.493	49.1832	10.9445	0.218245	3.02613	-0.256302	935.492	0	12.1376	0	1.78934	0	
946.744	49.2214	11.5663	0.162527	3.12174	-0.290449	937.954	0	12.4771	0	1.59287	0	
949.118	49.2481	12.1745	0.104657	2.92815	-0.284816	940.48	0	12.7718	0	1.3472	0	
951.61	49.2634	12.7266	0.0494724	2.56946	-0.26561	943.059	0	13.0123	0	1.04911	0	
954.204	49.2682	13.1933	-0.00108855	2.07918	-0.238985	945.68	0	13.1878	0	0.697739	0	
956.88	49.2634	13.5508	-0.045717	1.48124	-0.206539	948.329	0	13.2881	0	0.299571	0	
959.616	49.2504	13.7809	-0.083431	0.813956	-0.170296	950.99	0	13.3052	0	-0.13145	0	
962.384	49.2306	13.8748	-0.113773	0.129132	-0.133404	953.646	0	13.2345	0	-0.574156	0	
965.157	49.2054	13.8346	-0.136955	-0.519306	-0.0991762	956.278	0	13.0763	0	-1.00212	0	
967.909	49.1762	13.6722	-0.153764	-1.08673	-0.0699411	958.87	0	12.8363	0	-1.38738	0	
970.619	49.1443	13.4071	-0.165312	-1.54351	-0.0465723	961.408	0	12.5257	0	-1.70471	0	
973.267	49.1104	13.063	-0.172755	-1.87468	-0.0287662	963.877	0	12.1601	0	-1.93514	0	
975.84	49.0754	12.6657	-0.177123	-2.07672	-0.0156425	966.269	0	11.7581	0	-2.06759	0	
978.331	49.0398	12.2406	-0.179255	-2.15376	-0.00625051	968.579	0	11.3398	0	-2.09868	0	
980.736	49.0039	11.812	-0.179817	-2.11454	0.000166565	970.805	0	10.9252	0	-2.03128	0	
983.057	48.968	11.4019	-0.17935	-1.97016	0.00410766	972.95	0	10.5334	0	-1.87244	0	
985.299	48.9322	11.0302	-0.178318	-1.73252	0.00585837	975.021	0	10.1818	0	-1.6315	0	
987.472	48.8967	10.7144	-0.177142	-1.41348	0.00557618	977.027	0	9.88575	0	-1.31863	0	
989.589	48.8614	10.4696	-0.176216	-1.02457	0.00338438	978.98	0	9.65863	0	-0.944063	0	
991.666	48.8262	10.3087	-0.175905	-0.577387	-0.000533045	980.895	0	9.51176	0	-0.517963	0	
993.719	48.791	10.242	-0.176524	-0.0843278	-0.00583048	982.79	0	9.45441	0	-0.0507518	0	
995.769	48.7556	10.2773	-0.178291	0.440209	-0.0118832	984.683	0	9.49369	0	0.446203	0	
997.837	48.7196	10.4193	-0.181262	0.97858	-0.0176445	986.595	0	9.63426	0	0.959846	0	
999.944	48.683	10.6685	-0.185225	1.50884	-0.0214792	988.544	0	9.87798	0	1.47493	0	
1002.11	48.6456	11.0208	-0.189569	2.00438	-0.0210061	990.553	0	10.2234	0	1.97407	0	
1004.36	48.6073	11.4651	-0.194545	2.36447	-0.0862379	992.64	0	10.6587	0	2.06547	0	
1006.69	48.5653	11.8572	-0.228616	1.38941	-0.19763	994.803	0	10.9239	0	0.659831	0	
1009.08	48.516	12.0008	-0.261614	0.0607644	-0.117	996.994	0	10.9514	0	-0.312034	0	
1011.48	48.4623	11.8922	-0.271329	-1.10855	0.0266628	999.173	0	10.824	0	-0.904798	0	
1013.83	48.4097	11.5706	-0.248547	-2.07043	0.205236	1001.32	0	10.6093	0	-1.19731	0	
1016.09	48.3654	11.0782	-0.1881	-2.81137	0.398691	1003.41	0	10.3611	0	-1.24717	0	
1018.25	48.3371	10.4655	-0.0905587	-3.25585	0.567819	1005.46	0	10.1236	0	-1.09967	0	
1020.28	48.3311	9.80303	0.03381	-3.29326	0.658305	1007.47	0	9.93104	0	-0.808242	0	
1022.17	48.3511	9.17818	0.165005	-2.88764	0.634065	1009.44	0	9.80512	0	-0.44737	0	
1023.96	48.3962	8.66989	0.280611	-2.16117	0.509483	1011.39	0	9.75136	0	-0.0993011	0	
1025.65	48.4614	8.32064	0.365666	-1.33489	0.338893	1013.34	0	9.76077	0	0.17853	0	
1027.29	48.5402	8.13069	0.416625	-0.589084	0.175389	1015.3	0	9.8172	0	0.372156	0	
1028.91	48.6262	8.07514	0.438043	0.00652228	0.0454961	1017.27	0	9.90535	0	0.500707	0	
1030.53	48.714	8.12446	0.437235	0.46649	-0.0476906	1019.27	0	10.0152	0	0.594533	0	
1032.17	48.8	8.25595	0.420897	0.836388	-0.111358	1021.28	0	10.1427	0	0.680553	0	
1033.84	48.8817	8.45607	0.394072	1.15898	-0.153846	1023.32	0	10.2883	0	0.777944	0	
1035.56	48.9572	8.71851	0.360334	1.46341	-0.181352	1025.4	0	10.4556	0	0.899353	0	
1037.33	49.0256	9.0415	0.322254	1.76635	-0.197806	1027.51	0	10.6503	0	1.05336	0	
1039.18	49.086	9.4257	0.281777	2.07649	-0.205672	1029.66	0	10.8796	0	1.2463	0	
1041.11	49.1382	9.87305	0.240438	2.39847	-0.206702	1031.86	0	11.1518	0	1.48296	0	
1043.13	49.1822	10.3862	0.199453	2.73514	-0.202384	1034.12	0	11.476	0	1.76639	0	
1045.26	49.2178	10.9541	0.154645	2.87562	-0.240701	1036.45	0	11.8187	0	1.61862	0	
1047.51	49.2438	11.5185	0.105761	2.7377	-0.244597	1038.85	0	12.1203	0	1.39052	0	
1049.87	49.2602	12.039	0.0576754	2.44665	-0.234851	1041.3	0	12.3712	0	1.10999	0	
1052.32	49.2671	12.4887	0.0123015	2.03084	-0.217858	1043.79	0	12.5604	0	0.773097	0	
1054.86	49.2654	12.8435	-0.0290466	1.50157	-0.194708	1046.32	0	12.6766	0	0.381591	0	
1057.45	49.2559	13.0828	-0.0652235	0.880179	-0.166421	1048.86	0	12.7097	0	-0.0570033	0	
1060.08	49.2397	13.1915	-0.0953992	0.202492	-0.135146	1051.4	0	12.6514	0	-0.529055	0	
1062.72	49.2182	13.1627	-0.119256	-0.487952	-0.10371	1053.91	0	12.4968	0	-1.01562	0	
1065.34	49.1925	12.9979	-0.137026	-1.15014	-0.0746063	1056.39	0	12.2454	0	-1.49488	0	
1067.91	49.1638	12.7062	-0.14934	-1.75336	-0.0492762	1058.8	0	11.9006	0	-1.9457	0	
1070.41	49.1331	12.3014	-0.156997	-2.2801	-0.0279958	1061.14	0	11.4699	0	-2.35125	0	
1072.82	49.1013	11.7994	-0.160763	-2.72513	-0.010235	1063.39	0	10.9636	0	-2.70162	0	
1075.13	49.069	11.2163	-0.161259	-3.09299	0.00487368	1065.52	0	10.3929	0	-2.99478	0	
1077.31	49.037	10.5665	-0.158926	-3.39527	0.0181907	1067.54	0	9.76899	0	-3.23621	0	
1079.35	49.0057	9.86136	-0.15405	-3.64838	0.030401	1069.43	0	9.10102	0	-3.43755	0	
1081.25	48.9756	9.10895	-0.146802	-3.8719	0.041971	1071.18	0	8.39547	0	-3.61505	0	
1082.99	48.9471	8.31303	-0.13728	-4.08739	0.053168	1072.78	0	7.65521	0	-3.78816	0	
1084.57	48.9209	7.47288	-0.125546	-4.318	0.0641003	1074.24	0	6.87895	0	-3.9788	0	
1085.98	48.8971	6.58304	-0.111653	-4.58861	0.0747588	1075.53	0	6.0608	0	-4.21127	0	
1087.2	48.8764	5.63278	-0.0956618	-4.92698	0.085055	1076.66	0	5.1897	0	-4.51307	0	
1088.22	48.859	4.60538	-0.0776587	-5.36569	0.0948559	1077.6	0	4.24862	0	-4.91675	0	
1089.03	48.8455	3.47687	-0.0577572	-5.94554	0.104019	1078.35	0	3.21328	0	-5.4631	0	
1089.6	48.8361	2.21384	-0.0360973	-6.72083	0.112425	1078.88	0	2.04999	0	-6.2063	0	
1089.91	48.8312	0.770044	-0.0128384	-7.76779	0.120003	1079.16	0	0.712215	0	-7.22225	0	
1089.92	48.836	-0.335806	0.0761681	-0.78205	-1.62396	1079.19	0	0.0114871	0	-8.16393	0	
1089.86	48.8499	-0.250689	0.0571166	0.447213	-1.8925	1079.19	0	0.0114846	0	-8.21612	0	
1089.82	48.8586	-0.142752	0.0308696	-0.0220771	-1.7789	1079.2	0	-0.000268898	0	-8.20196	0	
1089.8	48.8636	-0.0784948	0.0178334	-0.103652	-1.75461	1079.2	0	0.00421256	0	-8.19147	0	
1089.79	48.8664	-0.0413146	0.00994128	-0.192362	-1.73156	1079.2	0	0.00506811	0	-8.18475	0	
1089.78	48.868	-0.0206579	0.00521031	-0.267526	-1.71318	1079.2	0	0.00390247	0	-8.18102	0	
1089.78	48.8689	-0.00847916	0.00207771	-0.349732	-1.69408	1079.2	0	0.00161253	0	-8.1783	0	
1089.78	48.8694	-0.00182853	9.50276e-06	-0.424165	-1.67723	1079.2	0	-0.00129689	0	-8.17669	0	
1089.78	48.8697	0.00274295	0.00315481	1.50353	7.57669	1079.2	0	0.0178121	0	36.529	0	
1089.78	48.8698	0.0047205	0.0019878	1.4322	7.59009	1079.21	0	0.0143928	0	36.522	0	
1089.78	48.8699	0.00604974	0.000944053	-0.209844	-1.72249	1079.21	0	0.0108942	0	-8.17339	0	
1089.78	48.8699	0.00669497	4.24079e-05	-0.281167	-1.70688	1079.21	0	0.00736822	0	-8.17272	0	
1089.78	48.8699	0.00668752	-0.000717337	-0.346009	-1.69277	1079.21	0	0.00384555	0	-8.17236	0	
1089.78	48.8699	0.00684508	-0.00150871	-0.41544	-1.67762	1079.21	0	0.000341661	0	-8.17177	0	
1089.78	48.8699	0.00684527	-0.00225991	-0.483077	-1.66289	1079.21	0	-0.00313382	0	-8.17125	0	
1089.78	48.8699	0.00770754	0.00164151	1.44805	7.58261	1079.21	0	0.0157636	0	36.5052	0	
1089.79	48.8699	0.00752369	0.000945535	-0.182982	-1.72749	1079.22	0	0.0123594	0	-8.16975	0	
1089.79	48.8699	0.00765884	0.000188929	-0.252047	-1.71241	1079.22	0	0.00899395	0	-8.16906	0	
1089.79	48.8699	0.00749539	-0.000494258	-0.315634	-1.69857	1079.22	0	0.0056694	0	-8.16859	0	
1089.79	48.8699	0.00724639	-0.00115004	-0.377098	-1.6852	1079.22	0	0.00238606	0	-8.16818	0	
1089.79	48.8699	0.00714641	-0.00182914	-0.440165	-1.67146	1079.22	0	-0.000855996	0	-8.16765	0	
1089.79	48.8698	0.00681044	-0.00244856	-0.498601	-1.65876	1079.22	0	-0.0040581	0	-8.16731	0	
1089.8	48.8698	0.00773124	0.00149927	1.43578	7.58342	1079.22	0	0.0151116	0	36.4948	0	
1089.8	48.8698	0.00767602	0.000836935	-0.191954	-1.72474	1079.23	0	0.0119918	0	-8.16561	0	
1089.8	48.8698	0.00764261	0.000179052	-0.252893	-1.71145	1079.23	0	0.0089145	0	-8.16503	0	
1089.8	48.8698	0.00744099	-0.000433422	-0.310267	-1.69895	1079.23	0	0.00587895	0	-8.16458	0	
1089.8	48.8698	0.00731062	-0.00105242	-0.36794	-1.68638	1079.23	0	0.00288453	0	-8.16408	0	
1089.8	48.8697	0.0069719	-0.00161753	-0.421405	-1.67476	1079.23	0	-6.90247e-05	0	-8.16374	0	
1089.8	48.8697	0.00712243	-0.0022794	-0.481978	-1.66151	1079.23	0	-0.00298063	0	-8.16302	0	
1089.81	48.8697	0.00772157	0.00179941	1.46294	7.57575	1079.23	0	0.016472	0	36.4847	0	
1089.81	48.8697	0.00779416	0.0011719	-0.160785	-1.73069	1079.24	0	0.0136413	0	-8.16147	0	
1089.81	48.8697	0.00762541	0.000605813	-0.21376	-1.71914	1079.24	0	0.0108532	0	-8.161	0	
1089.81	48.8697	0.0074602	4.76803e-05	-0.265939	-1.70776	1079.24	0	0.00810554	0	-8.16053	0	
1089.81	48.8696	0.00752704	-0.000551229	-0.321066	-1.6957	1079.24	0	0.00540144	0	-8.15987	0	
1089.81	48.8696	0.00730718	-0.00107938	-0.370673	-1.68489	1079.24	0	0.00273778	0	-8.15944	0	
1089.81	48.8696	0.00708754	-0.00159881	-0.419457	-1.67426	1079.24	0	0.000114734	0	-8.15901	0	
1089.82	48.8696	0.00707943	-0.0021549	-0.47086	-1.66303	1079.24	0	-0.00246621	0	-8.15842	0	
1089.82	48.8696	0.0078714	0.00195272	1.47699	7.57056	1079.25	0	0.0173114	0	36.4726	0	
1089.82	48.8696	0.00773782	0.0014415	1.42928	7.58068	1079.25	0	0.0148123	0	36.4714	0	
1089.82	48.8695	0.00758478	0.000943657	-0.18302	-1.7249	1079.25	0	0.0123557	0	-8.1564	0	
1089.82	48.8695	0.00753172	0.000433103	-0.230381	-1.71454	1079.25	0	0.00994029	0	-8.15584	0	
1089.82	48.8695	0.00750465	-7.41159e-05	-0.27733	-1.70427	1079.25	0	0.00756638	0	-8.15526	0	
1089.83	48.8695	0.00752276	-0.000582286	-0.324166	-1.69402	1079.25	0	0.00523329	0	-8.15465	0	
1089.83	48.8695	0.00729632	-0.00102881	-0.366234	-1.68484	1079.25	0	0.00294065	0	-8.15423	0	
1089.83	48.8695	0.00727312	-0.00151029	-0.410794	-1.67509	1079.26	0	0.000689732	0	-8.15366	0	
1089.83	48.8694	0.00705369	-0.00194045	-0.451357	-1.66624	1079.26	0	-0.00152017	0	-8.15323	0	
1089.83	48.8694	0.00692242	-0.00238058	-0.492523	-1.65724	1079.26	0	-0.00368797	0	-8.15274	0	
1089.83	48.8694	0.0077068	0.00181574	1.46313	7.57107	1079.26	0	0.0164907	0	36.4584	0	
1089.83	48.8694	0.00763332	0.00138103	1.42262	7.5796	1079.26	0	0.0144057	0	36.457	0	
1089.84	48.8694	0.00765186	0.000935249	-0.183842	-1.72359	1079.26	0	0.0123616	0	-8.15055	0	
1089.84	48.8694	0.00753233	0.000528451	-0.221889	-1.71526	1079.26	0	0.0103596	0	-8.15005	0	
1089.84	48.8693	0.00752328	0.000106728	-0.260882	-1.70671	1079.27	0	0.0083992	0	-8.14946	0	
1089.84	48.8693	0.00742355	-0.000286547	-0.297564	-1.69867	1079.27	0	0.00647962	0	-8.14894	0	
1089.84	48.8693	0.00746688	-0.000701732	-0.335753	-1.69029	1079.27	0	0.00460187	0	-8.14831	0	
1089.84	48.8693	0.00736244	-0.0010762	-0.370691	-1.68263	1079.27	0	0.00276459	0	-8.1478	0	
1089.84	48.8693	0.00733866	-0.00145881	-0.406159	-1.67484	1079.27	0	0.000970382	0	-8.14722	0	
1089.85	48.8693	0.00711576	-0.00178967	-0.437525	-1.66798	1079.27	0	-0.000783743	0	-8.1468	0	
1089.85	48.8692	0.00698453	-0.00213167	-0.469549	-1.66096	1079.27	0	-0.00249763	0	-8.14632	0	
1089.85	48.8692	0.00772476	0.00217029	1.49521	7.56128	1079.28	0	0.0181236	0	36.4423	0	
1089.85	48.8692	0.00776662	0.00180885	1.46188	7.56819	1079.28	0	0.0164928	0	36.4406	0	
1089.85	48.8692	0.00772792	0.00147372	1.43076	7.57468	1079.28	0	0.0149032	0	36.4392	0	
1089.85	48.8692	0.0078012	0.00112338	-0.166254	-1.72602	1079.28	0	0.0133553	0	-8.14348	0	
1089.85	48.8692	0.00759416	0.000842668	-0.192975	-1.72016	1079.28	0	0.0118488	0	-8.14305	0	
1089.86	48.8691	0.00748884	0.000548863	-0.220503	-1.71411	1079.28	0	0.0103836	0	-8.14254	0	
1089.86	48.8691	0.00766382	0.000203255	-0.251735	-1.7072	1079.28	0	0.00895932	0	-8.14182	0	
1089.86	48.8691	0.00749738	-5.93934e-05	-0.276639	-1.70173	1079.29	0	0.00757706	0	-8.14135	0	
1089.86	48.8691	0.00732908	-0.000312848	-0.300667	-1.69644	1079.29	0	0.00623546	0	-8.14089	0	
1089.86	48.8691	0.0075172	-0.000634647	-0.329633	-1.69003	1079.29	0	0.00493445	0	-8.14016	0	
1089.86	48.869	0.00721834	-0.000842117	-0.349928	-1.68558	1079.29	0	0.00367487	0	-8.13981	0	
1089.87	48.869	0.00728796	-0.00112037	-0.375364	-1.67994	1079.29	0	0.00245668	0	-8.13916	0	
1089.87	48.869	0.00737798	-0.00139391	-0.400309	-1.67442	1079.29	0	0.00128066	0	-8.1385	0	
1089.87	48.869	0.00711493	-0.00158217	-0.418706	-1.67037	1079.29	0	0.000145746	0	-8.13812	0	
1089.87	48.869	0.00710395	-0.00181602	-0.440329	-1.66557	1079.3	0	-0.000947767	0	-8.13754	0	
1089.87	48.869	0.0068869	-0.00199658	-0.457813	-1.66171	1079.3	0	-0.00200103	0	-8.13712	0	
1089.87	48.8689	0.00708296	-0.00225729	-0.481155	-1.65651	1079.3	0	-0.00301157	0	-8.13638	0	
1089.87	48.8689	0.00679534	-0.0024047	-0.495843	-1.65327	1079.3	0	-0.0039822	0	-8.13602	0	
1089.88	48.8689	0.00791336	0.00197295	1.4765	7.56053	1079.3	0	0.0173641	0	36.4153	0	
1089.88	48.8689	0.00776192	0.00181413	1.46116	7.56368	1079.3	0	0.0164768	0	36.4142	0	
1089.88	48.8689	0.00778603	0.00162582	1.44388	7.56714	1079.3	0	0.0156289	0	36.4127	0	
1089.88	48.8689	0.00771112	0.00146803	1.42898	7.57014	1079.31	0	0.0148229	0	36.4114	0	
1089.88	48.8688	0.00762733	0.00132106	-0.149116	-1.72763	1079.31	0	0.0140581	0	-8.13261	0	
1089.88	48.8688	0.00783823	0.00111932	-0.166964	-1.72362	1079.31	0	0.0133349	0	-8.13186	0	
1089.88	48.8688	0.0077508	0.000991008	-0.179156	-1.72088	1079.31	0	0.0126527	0	-8.13135	0	
1089.89	48.8688	0.00762664	0.000879706	-0.189932	-1.71846	1079.31	0	0.0120124	0	-8.13086	0	
1089.89	48.8688	0.00771356	0.000731672	-0.203273	-1.71544	1079.31	0	0.0114135	0	-8.1302	0	
1089.89	48.8688	0.00768899	0.000616703	-0.214009	-1.71301	1079.31	0	0.0108559	0	-8.12964	0	
1089.89	48.8687	0.00748284	0.000549689	-0.220947	-1.71143	1079.32	0	0.0103383	0	-8.12922	0	
1089.89	48.8687	0.00758695	0.000424254	-0.232084	-1.70889	1079.32	0	0.00986107	0	-8.12856	0	
1089.89	48.8687	0.00767178	0.000312151	-0.242149	-1.70658	1079.32	0	0.00942616	0	-8.12791	0	
1089.9	48.8687	0.0076196	0.00023833	-0.249137	-1.70497	1079.32	0	0.00903114	0	-8.12737	0	
1089.9	48.8687	0.0075423	0.000178513	-0.254907	-1.70362	1079.32	0	0.00867574	0	-8.12686	0	
1089.9	48.8687	0.00745282	0.000130104	-0.259702	-1.70249	1079.32	0	0.00836086	0	-8.12635	0	
1089.9	48.8686	0.00736033	9.14326e-05	-0.263672	-1.70153	1079.32	0	0.008088	0	-8.12584	0	
1089.9	48.8686	0.00740899	3.15012e-05	-0.269099	-1.70023	1079.32	0	0.00785806	0	-8.12522	0	
1089.9	48.8686	0.00744599	-1.71889e-05	-0.273457	-1.69917	1079.33	0	0.00766841	0	-8.12461	0	
1089.9	48.8686	0.00750886	-6.26734e-05	-0.277416	-1.69819	1079.33	0	0.00751946	0	-8.12399	0	
1089.91	48.8686	0.00759875	-0.000104931	-0.281023	-1.69728	1079.33	0	0.00741246	0	-8.12334	0	
1089.91	48.8686	0.00756147	-0.000110708	-0.281738	-1.69702	1079.33	0	0.00734685	0	-8.12278	0	
1089.91	48.8685	0.0075342	-0.000109647	-0.281783	-1.6969	1079.33	0	0.00732285	0	-8.12222	0	
1089.91	48.8685	0.00754054	-0.000107004	-0.281533	-1.69685	1079.33	0	0.00733978	0	-8.12164	0	
1089.91	48.8685	0.00758113	-0.000103071	-0.281004	-1.69684	1079.33	0	0.00739694	0	-8.12103	0	
1089.91	48.8685	0.00748245	-6.00986e-05	-0.277413	-1.69752	1079.34	0	0.00749521	0	-8.12053	0	
1089.91	48.8685	0.00739098	-1.01834e-05	-0.273103	-1.69836	1079.34	0	0.00763276	0	-8.12003	0	
1089.92	48.8684	-0.000348852	1.33497e-05	-0.0104101	0.00225491	1079.34	0	6.85491e-08	0	0	0	
1089.92	48.8684	-0.000666394	8.24191e-05	0.00135469	-0.000291517	1079.34	0	6.85491e-08	0	0	0	
1089.92	48.8685	-0.000403544	2.58661e-05	0.00109059	-0.000234358	1079.34	0	6.85491e-08	0	0	0	
1089.91	48.8685	-0.000234463	-1.03922e-05	0.000634791	-0.00013571	1079.34	0	6.85491e-08	0	0	0	
1089.91	48.8685	-0.000137364	-3.10726e-05	0.000361979	-7.66723e-05	1079.34	0	6.85491e-08	0	0	0	
1089.91	48.8685	-8.20461e-05	-4.27116e-05	0.000206134	-4.29506e-05	1079.34	0	6.85491e-08	0	0	0	
1089.91	48.8685	-5.05422e-05	-4.91982e-05	0.000117417	-2.3758e-05	1079.34	0	6.85491e-08	0	0	0	
1089.91	48.8685	-3.25924e-05	-5.27531e-05	6.69268e-05	-1.28393e-05	1079.34	0	6.85491e-08	0	0	0	
1089.91	48.8685	-2.23561e-05	-5.46403e-05	3.8193e-05	-6.62927e-06	1079.34	0	6.85491e-08	0	0	0	
1089.91	48.8685	-1.65097e-05	-5.55792e-05	2.18403e-05	-3.09895e-06	1079.34	0	6.85491e-08	0	0	0	
1089.91	48.8685	-1.31616e-05	-5.59791e-05	1.25335e-05	-1.09356e-06	1079.34	0	6.85491e-08	0	0	0	
1089.91	48.8685	-1.12354e-05	-5.60731e-05	7.2366e-06	4.39841e-08	1079.34	0	6.85491e-08	0	0	0	
1089.91	48.8685	-1.01185e-05	-5.59936e-05	4.22162e-06	6.87693e-07	1079.34	0	6.85491e-08	0	0	0	
1089.91	48.8685	-9.46226e-06	-5.58163e-05	2.50521e-06	1.0504e-06	1079.34	0	6.85491e-08	0	0	0	
1089.91	48.8685	-9.06831e-06	-5.55839e-05	1.52792e-06	1.25318e-06	1079.34	0	6.85491e-08	0	0	0	
1089.91	48.8685	-8.82373e-06	-5.53209e-05	9.71188e-07	1.36498e-06	1079.34	0	6.85491e-08	0	0	0	
1089.91	48.8685	-8.66426e-06	-5.50413e-05	6.53772e-07	1.42504e-06	1079.34	0	6.85491e-08	0	0	0	
1089.91	48.8685	-8.55335e-06	-5.47528e-05	4.72598e-07	1.45566e-06	1079.34	0	6.85491e-08	0	0	0	
1089.91	48.8685	-8.47018e-06	-5.44601e-05	3.68956e-07	1.46954e-06	1079.34	0	6.85491e-08	0	0	0	
1089.91	48.8685	-8.40291e-06	-5.41656e-05	3.09404e-07	1.47392e-06	1079.34	0	6.85491e-08	0	0	0	
1089.91	48.8685	-8.34479e-06	-5.38709e-05	2.74977e-07	1.47292e-06	1079.34	0	6.85491e-08	0	0	0	
1089.91	48.8685	-8.29199e-06	-5.35767e-05	2.54846e-07	1.46887e-06	1079.34	0	6.85491e-08	0	0	0	
1089.91	48.8685	-8.24233e-06	-5.32834e-05	2.42816e-07	1.4631e-06	1079.34	0	6.85491e-08	0	0	0	
1089.91	48.8685	-8.19456e-06	-5.29915e-05	2.35484e-07	1.45637e-06	1079.34	0	6.85491e-08	0	0	0	
1089.91	48.8685	-8.14797e-06	-5.27009e-05	2.30736e-07	1.44913e-06	1079.34	0	6.85491e-08	0	0	0	
1089.91	48.8685	-8.10217e-06	-5.24119e-05	2.27523e-07	1.4416e-06	1079.34	0	6.85491e-08	0	0	0	
1089.91	48.8685	-8.05691e-06	-5.21243e-05	2.25146e-07	1.43393e-06	1079.34	0	6.85491e-08	0	0	0	
1089.91	48.8685	-8.01207e-06	-5.18383e-05	2.23316e-07	1.42619e-06	1079.34	0	6.85491e-08	0	0	0	
1089.91	48.8685	-7.96757e-06	-5.15538e-05	2.21745e-07	1.41844e-06	1079.34	0	6.85491e-08	0	0	0	
1089.91	48.8685	-7.92337e-06	-5.12709e-05	2.20259e-07	1.41071e-06	1079.34	0	6.85491e-08	0	0	0	
1089.91	48.8685	-7.87945e-06	-5.09896e-05	2.18966e-07	1.40299e-06	1079.34	0	6.85491e-08	0	0	0	
1089.91	48.8685	-7.83579e-06	-5.07097e-05	2.17681e-07	1.39531e-06	1079.34	0	6.85491e-08	0	0	0	
1089.91	48.8685	-7.79237e-06	-5.04314e-05	2.16469e-07	1.38765e-06	1079.34	0	6.85491e-08	0	0	0	
1089.91	48.8685	-7.7492e-06	-5.01547e-05	2.1523e-07	1.38005e-06	1079.34	0	6.85491e-08	0	0	0	
1089.91	48.8685	-7.70627e-06	-4.98794e-05	2.14057e-07	1.37248e-06	1079.34	0	6.85491e-08	0	0	0	
1089.91	48.8685	-7.66358e-06	-4.96057e-05	2.12879e-07	1.36494e-06	1079.34	0	6.85491e-08	0	0	0	
1089.91	48.8685	-7.62112e-06	-4.93334e-05	2.11676e-07	1.35746e-06	1079.34	0	6.85491e-08	0	0	0	
1089.91	48.8685	-7.5789e-06	-4.90627e-05	2.10537e-07	1.35e-06	1079.34	0	6.85491e-08	0	0	0	
1089.91	48.8685	-7.53691e-06	-4.87934e-05	2.09386e-07	1.34259e-06	1079.34	0	6.85491e-08	0	0	0	
1089.91	48.8685	-7.49515e-06	-4.85257e-05	2.08243e-07	1.33523e-06	1079.34	0	6.85491e-08	0	0	0	
1089.91	48.8685	-7.45362e-06	-4.82593e-05	2.0709e-07	1.3279e-06	1079.34	0	6.85491e-08	0	0	0	
1089.91	48.8685	-7.41231e-06	-4.79945e-05	2.05958e-07	1.32061e-06	1079.34	0	6.85491e-08	0	0	0	
1089.91	48.8685	-7.37124e-06	-4.77311e-05	2.04822e-07	1.31336e-06	1079.34	0	6.85491e-08	0	0	0	
1089.91	48.8685	-7.33039e-06	-4.74692e-05	2.03687e-07	1.30616e-06	1079.34	0	6.85491e-08	0	0	0	
1089.91	48.8685	-7.28976e-06	-4.72086e-05	2.02574e-07	1.29899e-06	1079.34	0	6.85491e-08	0	0	0	
1089.91	48.8685	-7.24935e-06	-4.69496e-05	2.01462e-07	1.29186e-06	1079.34	0	6.85491e-08	0	0	0	
1089.91	48.8685	-7.20917e-06	-4.66919e-05	2.00366e-07	1.28477e-06	1079.34	0	6.85491e-08	0	0	0	
1089.91	48.8685	-7.16921e-06	-4.64357e-05	1.99266e-07	1.27772e-06	1079.34	0	6.85491e-08	0	0	0	
1089.91	48.8685	-7.12946e-06	-4.61808e-05	1.98169e-07	1.27071e-06	1079.34	0	6.85491e-08	0	0	0	
1089.91	48.8685	-7.08994e-06	-4.59274e-05	1.97067e-07	1.26374e-06	1079.34	0	6.85491e-08	0	0	0	
1089.91	48.8685	-7.05063e-06	-4.56753e-05	1.96013e-07	1.2568e-06	1079.34	0	6.85491e-08	0	0	0	
1089.91	48.8685	-7.01154e-06	-4.54247e-05	1.9491e-07	1.2499e-06	1079.34	0	6.85491e-08	0	0	0	
1089.91	48.8685	-6.97266e-06	-4.51754e-05	1.9387e-07	1.24304e-06	1079.34	0	6.85491e-08	0	0	0	
1089.91	48.8685	-6.934e-06	-4.49274e-05	1.92796e-07	1.23622e-06	1079.34	0	6.85491e-08	0	0	0	
1089.91	48.8685	-6.89554e-06	-4.46809e-05	1.91748e-07	1.22943e-06	1079.34	0	6.85491e-08	0	0	0	
1089.91	48.8685	-6.8573e-06	-4.44357e-05	1.90672e-07	1.22269e-06	1079.34	0	6.85491e-08	0	0	0	
1089.91	48.8685	-6.81927e-06	-4.41918e-05	1.89638e-07	1.21598e-06	1079.34	0	6.85491e-08	0	0	0	
1089.91	48.8685	-6.78145e-06	-4.39493e-05	1.88591e-07	1.20931e-06	1079.34	0	6.85491e-08	0	0	0	
1089.91	48.8685	-6.74383e-06	-4.37081e-05	1.87558e-07	1.20267e-06	1079.34	0	6.85491e-08	0	0	0	
1089.91	48.8685	-6.70643e-06	-4.34682e-05	1.86528e-07	1.19607e-06	1079.34	0	6.85491e-08	0	0	0	
1089.91	48.8685	-6.66922e-06	-4.32296e-05	1.85494e-07	1.18951e-06	1079.34	0	6.85491e-08	0	0	0	
1089.91	48.8685	-6.63223e-06	-4.29924e-05	1.84491e-07	1.18298e-06	1079.34	0	6.85491e-08	0	0	0	
1089.91	48.8685	-6.59543e-06	-4.27565e-05	1.83479e-07	1.17648e-06	1079.34	0	6.85491e-08	0	0	0	
1089.91	48.8685	-6.55884e-06	-4.25218e-05	1.82447e-07	1.17003e-06	1079.34	0	6.85491e-08	0	0	0	
1089.91	48.8685	-6.52244e-06	-4.22884e-05	1.81493e-07	1.1636e-06	1079.34	0	6.85491e-08	0	0	0	
1089.91	48.8685	-6.48625e-06	-4.20564e-05	1.8048e-07	1.15722e-06	1079.34	0	6.85491e-08	0	0	0	
1089.91	48.8685	-6.45025e-06	-4.18256e-05	1.79476e-07	1.15087e-06	1079.34	0	6.85491e-08	0	0	0	
1089.91	48.8685	-6.41446e-06	-4.1596e-05	1.78502e-07	1.14455e-06	1079.34	0	6.85491e-08	0	0	0	
1089.91	48.8685	-6.37886e-06	-4.13677e-05	1.77508e-07	1.13827e-06	1079.34	0	6.85491e-08	0	0	0	
1089.91	48.8685	-6.34345e-06	-4.11407e-05	1.76564e-07	1.13202e-06	1079.34	0	6.85491e-08	0	0	0	
1089.91	48.8685	-6.30824e-06	-4.09149e-05	1.75569e-07	1.12581e-06	1079.34	0	6.85491e-08	0	0	0	
1089.91	48.8685	-6.27322e-06	-4.06904e-05	1.74603e-07	1.11964e-06	1079.34	0	6.85491e-08	0	0	0	
1089.91	48.8685	-6.2384e-06	-4.04671e-05	1.73642e-07	1.11349e-06	1079.34	0	6.85491e-08	0	0	0	
1089.91	48.8685	-6.20376e-06	-4.0245e-05	1.72697e-07	1.10738e-06	1079.34	0	6.85491e-08	0	0	0	
1089.91	48.8685	-6.16932e-06	-4.00241e-05	1.71751e-07	1.1013e-06	1079.34	0	6.85491e-08	0	0	0	
1089.91	48.8685	-6.13506e-06	-3.98045e-05	1.7082e-07	1.09525e-06	1079.34	0	6.85491e-08	0	0	0	
1089.91	48.8685	-6.10099e-06	-3.9586e-05	1.69878e-07	1.08925e-06	1079.34	0	6.85491e-08	0	0	0	
1089.91	48.8685	-6.06711e-06	-3.93688e-05	1.68929e-07	1.08327e-06	1079.34	0	6.85491e-08	0	0	0	
1089.91	48.8685	-6.03342e-06	-3.91527e-05	1.6799e-07	1.07733e-06	1079.34	0	6.85491e-08	0	0	0	
1089.91	48.8685	-5.99991e-06	-3.89378e-05	1.67062e-07	1.07142e-06	1079.34	0	6.85491e-08	0	0	0	
1089.91	48.8685	-5.96658e-06	-3.87242e-05	1.66163e-07	1.06554e-06	1079.34	0	6.85491e-08	0	0	0	
1089.91	48.8685	-5.93345e-06	-3.85116e-05	1.65294e-07	1.05968e-06	1079.34	0	6.85491e-08	0	0	0	
1089.91	48.8685	-5.90048e-06	-3.83003e-05	1.64357e-07	1.05387e-06	1079.34	0	6.85491e-08	0	0	0	
1089.91	48.8685	-5.8677e-06	-3.80901e-05	1.63447e-07	1.04809e-06	1079.34	0	6.85491e-08	0	0	0	
1089.91	48.8685	-5.8351e-06	-3.7881e-05	1.62555e-07	1.04233e-06	1079.34	0	6.85491e-08	0	0	0	
1089.91	48.8685	-5.80268e-06	-3.76732e-05	1.61653e-07	1.03662e-06	1079.34	0	6.85491e-08	0	0	0	
1089.91	48.8685	-5.77044e-06	-3.74664e-05	1.60781e-07	1.03092e-06	1079.34	0	6.85491e-08	0	0	0	
1089.91	48.8685	-5.73837e-06	-3.72608e-05	1.5989e-07	1.02527e-06	1079.34	0	6.85491e-08	0	0	0	
1089.91	48.8685	-5.70648e-06	-3.70563e-05	1.59025e-07	1.01964e-06	1079.34	0	6.85491e-08	0	0	0	
1089.91	48.8685	-5.67476e-06	-3.68529e-05	1.58147e-07	1.01404e-06	1079.34	0	6.85491e-08	0	0	0	
1089.91	48.8685	-5.64322e-06	-3.66507e-05	1.57279e-07	1.00848e-06	1079.34	0	6.85491e-08	0	0	0	
1089.91	48.8685	-5.61185e-06	-3.64495e-05	1.56411e-07	1.00295e-06	1079.34	0	6.85491e-08	0	0	0	
1089.91	48.8685	-5.58066e-06	-3.62495e-05	1.55544e-07	9.97443e-07	1079.34	0	6.85491e-08	0	0	0	
1089.91	48.8685	-5.54963e-06	-3.60506e-05	1.54701e-07	9.91965e-07	1079.34	0	6.85491e-08	0	0	0	
1089.91	48.8685	-5.51878e-06	-3.58527e-05	1.53839e-07	9.86524e-07	1079.34	0	6.85491e-08	0	0	0	
1089.91	48.8685	-5.48809e-06	-3.5656e-05	1.53027e-07	9.81105e-07	1079.34	0	6.85491e-08	0	0	0	
1089.91	48.8685	-5.45757e-06	-3.54603e-05	1.52195e-07	9.75717e-07	1079.34	0	6.85491e-08	0	0	0	
1089.91	48.8685	-5.42723e-06	-3.52657e-05	1.51329e-07	9.7037e-07	1079.34	0	6.85491e-08	0	0	0	
1089.91	48.8685	-5.39705e-06	-3.50721e-05	1.50519e-07	9.65038e-07	1079.34	0	6.85491e-08	0	0	0	
1089.91	48.8685	-5.36703e-06	-3.48796e-05	1.4969e-07	9.59745e-07	1079.34	0	6.85491e-08	0	0	0	
1089.91	48.8685	-5.33717e-06	-3.46882e-05	1.48865e-07	9.54479e-07	1079.34	0	6.85491e-08	0	0	0	
1089.91	48.8685	-5.30749e-06	-3.44979e-05	1.48024e-07	9.49244e-07	1079.34	0	6.85491e-08	0	0	0	
1089.91	48.8685	-5.27796e-06	-3.43085e-05	1.47247e-07	9.44029e-07	1079.34	0	6.85491e-08	0	0	0	
1089.91	48.8685	-5.24859e-06	-3.41202e-05	1.46409e-07	9.38855e-07	1079.34	0	6.85491e-08	0	0	0	
1089.91	48.8685	-5.21939e-06	-3.3933e-05	1.45604e-07	9.33703e-07	1079.34	0	6.85491e-08	0	0	0	
1089.91	48.8685	-5.19035e-06	-3.37468e-05	1.44814e-07	9.28575e-07	1079.34	0	6.85491e-08	0	0	0	
1089.91	48.8685	-5.16147e-06	-3.35616e-05	1.44012e-07	9.2348e-07	1079.34	0	6.85491e-08	0	0	0	
1089.91	48.8685	-5.13274e-06	-3.33774e-05	1.43229e-07	9.18411e-07	1079.34	0	6.85491e-08	0	0	0	
1089.91	48.8685	-5.10418e-06	-3.31942e-05	1.42436e-07	9.13372e-07	1079.34	0	6.85491e-08	0	0	0	
1089.91	48.8685	-5.07577e-06	-3.3012e-05	1.41658e-07	9.08357e-07	1079.34	0	6.85491e-08	0	0	0	
1089.91	48.8685	-5.04751e-06	-3.28309e-05	1.40875e-07	9.03377e-07	1079.34	0	6.85491e-08	0	0	0	
1089.91	48.8685	-5.01941e-06	-3.26507e-05	1.40122e-07	8.98412e-07	1079.34	0	6.85491e-08	0	0	0	
1089.91	48.8685	-4.99147e-06	-3.24715e-05	1.39354e-07	8.93483e-07	1079.34	0	6.85491e-08	0	0	0	
1089.91	48.8685	-4.96368e-06	-3.22933e-05	1.3857e-07	8.88581e-07	1079.34	0	6.85491e-08	0	0	0	
1089.91	48.8685	-4.93604e-06	-3.21161e-05	1.37817e-07	8.83708e-07	1079.34	0	6.85491e-08	0	0	0	
1089.91	48.8685	-4.90855e-06	-3.19398e-05	1.37044e-07	8.78857e-07	1079.34	0	6.85491e-08	0	0	0	
1089.91	48.8685	-4.88121e-06	-3.17645e-05	1.36327e-07	8.74027e-07	1079.34	0	6.85491e-08	0	0	0	
1089.91	48.8685	-4.85403e-06	-3.15902e-05	1.35544e-07	8.69237e-07	1079.34	0	6.85491e-08	0	0	0	
1089.91	48.8685	-4.82699e-06	-3.14168e-05	1.34815e-07	8.64465e-07	1079.34	0	6.85491e-08	0	0	0	
1089.91	48.8685	-4.8001e-06	-3.12444e-05	1.34089e-07	8.59717e-07	1079.34	0	6.85491e-08	0	0	0	
1089.91	48.8685	-4.77336e-06	-3.10729e-05	1.33352e-07	8.55e-07	1079.34	0	6.85491e-08	0	0	0	
1089.91	48.8685	-4.74676e-06	-3.09024e-05	1.3265e-07	8.50299e-07	1079.34	0	6.85491e-08	0	0	0	
1089.91	48.8685	-4.72031e-06	-3.07328e-05	1.31866e-07	8.45646e-07	1079.34	0	6.85491e-08	0	0	0	
1089.91	48.8685	-4.69401e-06	-3.05641e-05	1.31153e-07	8.41002e-07	1079.34	0	6.85491e-08	0	0	0	
1089.91	48.8685	-4.66786e-06	-3.03964e-05	1.30424e-07	8.3639e-07	1079.34	0	6.85491e-08	0	0	0	
1089.91	48.8685	-4.64184e-06	-3.02296e-05	1.29737e-07	8.31793e-07	1079.34	0	6.85491e-08	0	0	0	
1089.91	48.8685	-4.61596e-06	-3.00637e-05	1.29018e-07	8.2723e-07	1079.34	0	6.85491e-08	0	0	0	
1089.91	48.8685	-4.59024e-06	-2.98987e-05	1.28296e-07	8.22693e-07	1079.34	0	6.85491e-08	0	0	0	
1089.91	48.8685	-4.56465e-06	-2.97346e-05	1.27586e-07	8.1818e-07	1079.34	0	6.85491e-08	0	0	0	
1089.91	48.8685	-4.5392e-06	-2.95714e-05	1.26894e-07	8.13687e-07	1079.34	0	6.85491e-08	0	0	0	
1089.91	48.8685	-4.51389e-06	-2.94091e-05	1.26202e-07	8.0922e-07	1079.34	0	6.85491e-08	0	0	0	
1089.91	48.8685	-4.48872e-06	-2.92477e-05	1.25515e-07	8.04779e-07	1079.34	0	6.85491e-08	0	0	0	
1089.91	48.8685	-4.46369e-06	-2.90872e-05	1.24817e-07	8.00364e-07	1079.34	0	6.85491e-08	0	0	0	
1089.91	48.8685	-4.43879e-06	-2.89276e-05	1.24132e-07	7.95971e-07	1079.34	0	6.85491e-08	0	0	0	
1089.91	48.8685	-4.41403e-06	-2.87688e-05	1.2346e-07	7.91601e-07	1079.34	0	6.85491e-08	0	0	0	
1089.91	48.8685	-4.38941e-06	-2.8611e-05	1.22762e-07	7.87261e-07	1079.34	0	6.85491e-08	0	0	0	
1089.91	48.8685	-4.36493e-06	-2.84539e-05	1.22111e-07	7.82937e-07	1079.34	0	6.85491e-08	0	0	0	
1089.91	48.8685	-4.34057e-06	-2.82978e-05	1.21417e-07	7.78643e-07	1079.34	0	6.85491e-08	0	0	0	
1089.91	48.8685	-4.31636e-06	-2.81425e-05	1.20752e-07	7.74369e-07	1079.34	0	6.85491e-08	0	0	0	
1089.91	48.8685	-4.29227e-06	-2.7988e-05	1.20104e-07	7.70118e-07	1079.34	0	6.85491e-08	0	0	0	
1089.91	48.8685	-4.26831e-06	-2.78344e-05	1.19455e-07	7.65888e-07	1079.34	0	6.85491e-08	0	0	0	
1089.91	48.8685	-4.24449e-06	-2.76817e-05	1.18796e-07	7.61687e-07	1079.34	0	6.85491e-08	0	0	0	
1089.91	48.8685	-4.2208e-06	-2.75298e-05	1.18127e-07	7.5751e-07	1079.34	0	6.85491e-08	0	0	0	
1089.91	48.8685	-4.19724e-06	-2.73787e-05	1.17483e-07	7.5335e-07	1079.34	0	6.85491e-08	0	0	0	
1089.91	48.8685	-4.1738e-06	-2.72284e-05	1.16841e-07	7.49215e-07	1079.34	0	6.85491e-08	0	0	0	
1089.91	48.8685	-4.1505e-06	-2.7079e-05	1.16194e-07	7.45105e-07	1079.34	0	6.85491e-08	0	0	0	
1089.91	48.8685	-4.12733e-06	-2.69304e-05	1.15542e-07	7.41019e-07	1079.34	0	6.85491e-08	0	0	0	
1089.91	48.8685	-4.10428e-06	-2.67826e-05	1.14936e-07	7.36946e-07	1079.34	0	6.85491e-08	0	0	0	
1089.91	48.8685	-4.08135e-06	-2.66356e-05	1.14311e-07	7.329e-07	1079.34	0	6.85491e-08	0	0	0	
1089.91	48.8685	-4.05856e-06	-2.64894e-05	1.13645e-07	7.28887e-07	1079.34	0	6.85491e-08	0	0	0	
1089.91	48.8685	-4.03589e-06	-2.63441e-05	1.13038e-07	7.24881e-07	1079.34	0	6.85491e-08	0	0	0	
1089.91	48.8685	-4.01334e-06	-2.61995e-05	1.12444e-07	7.209e-07	1079.34	0	6.85491e-08	0	0	0	
1089.91	48.8685	-3.99091e-06	-2.60557e-05	1.11803e-07	7.16947e-07	1079.34	0	6.85491e-08	0	0	0	
1089.91	48.8685	-3.96862e-06	-2.59127e-05	1.1118e-07	7.13014e-07	1079.34	0	6.85491e-08	0	0	0	
1089.91	48.8685	-3.94644e-06	-2.57705e-05	1.1058e-07	7.09098e-07	1079.34	0	6.85491e-08	0	0	0	
1089.91	48.8685	-3.92439e-06	-2.56291e-05	1.09981e-07	7.05204e-07	1079.34	0	6.85491e-08	0	0	0	
1089.91	48.8685	-3.90245e-06	-2.54884e-05	1.09387e-07	7.01337e-07	1079.34	0	6.85491e-08	0	0	0	
1089.91	48.8685	-3.88063e-06	-2.53485e-05	1.08792e-07	6.97484e-07	1079.34	0	6.85491e-08	0	0	0	
1089.91	48.8685	-3.85894e-06	-2.52094e-05	1.08175e-07	6.93662e-07	1079.34	0	6.85491e-08	0	0	0	
1089.91	48.8685	-3.83736e-06	-2.50711e-05	1.07601e-07	6.89851e-07	1079.34	0	6.85491e-08	0	0	0	
1089.91	48.8685	-3.8159e-06	-2.49335e-05	1.06974e-07	6.86069e-07	1079.34	0	6.85491e-08	0	0	0	
1089.91	48.8685	-3.79456e-06	-2.47966e-05	1.06415e-07	6.823e-07	1079.34	0	6.85491e-08	0	0	0	
1089.91	48.8685	-3.77334e-06	-2.46606e-05	1.05827e-07	6.78558e-07	1079.34	0	6.85491e-08	0	0	0	
1089.91	48.8685	-3.75223e-06	-2.45252e-05	1.05241e-07	6.74831e-07	1079.34	0	6.85491e-08	0	0	0	
1089.91	48.8685	-3.73124e-06	-2.43906e-05	1.04663e-07	6.7113e-07	1079.34	0	6.85491e-08	0	0	0	
1089.91	48.8685	-3.71037e-06	-2.42568e-05	1.04084e-07	6.67445e-07	1079.34	0	6.85491e-08	0	0	0	
1089.91	48.8685	-3.68961e-06	-2.41236e-05	1.03525e-07	6.63783e-07	1079.34	0	6.85491e-08	0	0	0	
1089.91	48.8685	-3.66896e-06	-2.39912e-05	1.02936e-07	6.60142e-07	1079.34	0	6.85491e-08	0	0	0	
1089.91	48.8685	-3.64843e-06	-2.38596e-05	1.02374e-07	6.5652e-07	1079.34	0	6.85491e-08	0	0	0	
1089.91	48.8685	-3.62801e-06	-2.37286e-05	1.01821e-07	6.52916e-07	1079.34	0	6.85491e-08	0	0	0	
1089.91	48.8685	-3.6077e-06	-2.35984e-05	1.0128e-07	6.4933e-07	1079.34	0	6.85491e-08	0	0	0	
1089.91	48.8685	-3.5875e-06	-2.34689e-05	1.00735e-07	6.45763e-07	1079.34	0	6.85491e-08	0	0	0	
1089.91	48.8685	-3.56741e-06	-2.33401e-05	1.00137e-07	6.42227e-07	1079.34	0	6.85491e-08	0	0	0	
1089.91	48.8685	-3.54744e-06	-2.3212e-05	9.95956e-08	6.38699e-07	1079.34	0	6.85491e-08	0	0	0	
1089.91	48.8685	-3.52757e-06	-2.30846e-05	9.90412e-08	6.35196e-07	1079.34	0	6.85491e-08	0	0	0	
1089.91	48.8685	-3.50781e-06	-2.29579e-05	9.85266e-08	6.31706e-07	1079.34	0	6.85491e-08	0	0	0	
1089.91	48.8685	-3.48817e-06	-2.2832e-05	9.79703e-08	6.28242e-07	1079.34	0	6.85491e-08	0	0	0	
1089.91	48.8685	-3.46863e-06	-2.27066e-05	9.7447e-08	6.24792e-07	1079.34	0	6.85491e-08	0	0	0	
1089.91	48.8685	-3.44919e-06	-2.2582e-05	9.69007e-08	6.21365e-07	1079.34	0	6.85491e-08	0	0	0	
1089.91	48.8685	-3.42986e-06	-2.24581e-05	9.63861e-08	6.17949e-07	1079.34	0	6.85491e-08	0	0	0	
1089.91	48.8685	-3.41064e-06	-2.23349e-05	9.58452e-08	6.14562e-07	1079.34	0	6.85491e-08	0	0	0	
1089.91	48.8685	-3.39153e-06	-2.22123e-05	9.5297e-08	6.11193e-07	1079.34	0	6.85491e-08	0	0	0	
1089.91	48.8685	-3.37251e-06	-2.20904e-05	9.48218e-08	6.07829e-07	1079.34	0	6.85491e-08	0	0	0	
1089.91	48.8685	-3.35361e-06	-2.19691e-05	9.42742e-08	6.04501e-07	1079.34	0	6.85491e-08	0	0	0	
1089.91	48.8685	-3.3348e-06	-2.18486e-05	9.37451e-08	6.01182e-07	1079.34	0	6.85491e-08	0	0	0	
1089.91	48.8685	-3.31611e-06	-2.17287e-05	9.32448e-08	5.97882e-07	1079.34	0	6.85491e-08	0	0	0	
1089.91	48.8685	-3.29751e-06	-2.16094e-05	9.27366e-08	5.94599e-07	1079.34	0	6.85491e-08	0	0	0	
1089.91	48.8685	-3.27902e-06	-2.14908e-05	9.22054e-08	5.91341e-07	1079.34	0	6.85491e-08	0	0	0	
1089.91	48.8685	-3.26062e-06	-2.13729e-05	9.17173e-08	5.88091e-07	1079.34	0	6.85491e-08	0	0	0	
1089.91	48.8685	-3.24233e-06	-2.12556e-05	9.12031e-08	5.84867e-07	1079.34	0	6.85491e-08	0	0	0	
1089.91	48.8685	-3.22414e-06	-2.11389e-05	9.07153e-08	5.81655e-07	1079.34	0	6.85491e-08	0	0	0	
1089.91	48.8685	-3.20605e-06	-2.10229e-05	9.02014e-08	5.78464e-07	1079.34	0	6.85491e-08	0	0	0	
1089.91	48.8685	-3.18805e-06	-2.09076e-05	8.97163e-08	5.7529e-07	1079.34	0	6.85491e-08	0	0	0	
1089.91	48.8685	-3.17016e-06	-2.07928e-05	8.92188e-08	5.72133e-07	1079.34	0	6.85491e-08	0	0	0	
1089.91	48.8685	-3.15237e-06	-2.06787e-05	8.87311e-08	5.68992e-07	1079.34	0	6.85491e-08	0	0	0	
1089.91	48.8685	-3.13467e-06	-2.05652e-05	8.82424e-08	5.6587e-07	1079.34	0	6.85491e-08	0	0	0	
1089.91	48.8685	-3.11707e-06	-2.04524e-05	8.77773e-08	5.62762e-07	1079.34	0	6.85491e-08	0	0	0	
1089.91	48.8685	-3.09956e-06	-2.03401e-05	8.72786e-08	5.59674e-07	1079.34	0	6.85491e-08	0	0	0	
1089.91	48.8685	-3.08215e-06	-2.02285e-05	8.68035e-08	5.56604e-07	1079.34	0	6.85491e-08	0	0	0	
1089.91	48.8685	-3.06484e-06	-2.01175e-05	8.63337e-08	5.53547e-07	1079.34	0	6.85491e-08	0	0	0	
1089.91	48.8685	-3.04762e-06	-2.00071e-05	8.58487e-08	5.50511e-07	1079.34	0	6.85491e-08	0	0	0	
1089.91	48.8685	-3.0305e-06	-1.98973e-05	8.53782e-08	5.47488e-07	1079.34	0	6.85491e-08	0	0	0	
1089.91	48.8685	-3.01347e-06	-1.97881e-05	8.49146e-08	5.44485e-07	1079.34	0	6.85491e-08	0	0	0	
1089.91	48.8685	-2.99653e-06	-1.96795e-05	8.44656e-08	5.41493e-07	1079.34	0	6.85491e-08	0	0	0	
1089.91	48.8685	-2.97969e-06	-1.95715e-05	8.40004e-08	5.38523e-07	1079.34	0	6.85491e-08	0	0	0	
1089.91	48.8685	-2.96294e-06	-1.94641e-05	8.35363e-08	5.35566e-07	1079.34	0	6.85491e-08	0	0	0	
1089.91	48.8685	-2.94628e-06	-1.93573e-05	8.30704e-08	5.32627e-07	1079.34	0	6.85491e-08	0	0	0	
1089.91	48.8685	-2.92971e-06	-1.9251e-05	8.25836e-08	5.29712e-07	1079.34	0	6.85491e-08	0	0	0	
1089.91	48.8685	-2.91323e-06	-1.91454e-05	8.21627e-08	5.26797e-07	1079.34	0	6.85491e-08	0	0	0	
1089.91	48.8685	-2.89685e-06	-1.90403e-05	8.16862e-08	5.2391e-07	1079.34	0	6.85491e-08	0	0	0	
1089.91	48.8685	-2.88056e-06	-1.89358e-05	8.12532e-08	5.21031e-07	1079.34	0	6.85491e-08	0	0	0	
1089.91	48.8685	-2.86435e-06	-1.88319e-05	8.0806e-08	5.18174e-07	1079.34	0	6.85491e-08	0	0	0	
1089.91	48.8685	-2.84823e-06	-1.87285e-05	8.0364e-08	5.15329e-07	1079.34	0	6.85491e-08	0	0	0	
1089.91	48.8685	-2.8322e-06	-1.86258e-05	7.99118e-08	5.12503e-07	1079.34	0	6.85491e-08	0	0	0	
1089.91	48.8685	-2.81626e-06	-1.85235e-05	7.94884e-08	5.09688e-07	1079.34	0	6.85491e-08	0	0	0	
1089.91	48.8685	-2.80041e-06	-1.84219e-05	7.90521e-08	5.0689e-07	1079.34	0	6.85491e-08	0	0	0	
1089.91	48.8685	-2.78464e-06	-1.83208e-05	7.86084e-08	5.04111e-07	1079.34	0	6.85491e-08	0	0	0	
1089.91	48.8685	-2.76896e-06	-1.82202e-05	7.81746e-08	5.01346e-07	1079.34	0	6.85491e-08	0	0	0	
1089.91	48.8685	-2.75337e-06	-1.81202e-05	7.77576e-08	4.98592e-07	1079.34	0	6.85491e-08	0	0	0	
1089.91	48.8685	-2.73786e-06	-1.80208e-05	7.73344e-08	4.95854e-07	1079.34	0	6.85491e-08	0	0	0	
1089.91	48.8685	-2.72244e-06	-1.79219e-05	7.68944e-08	4.93136e-07	1079.34	0	6.85491e-08	0	0	0	
1089.91	48.8685	-2.7071e-06	-1.78236e-05	7.64697e-08	4.9043e-07	1079.34	0	6.85491e-08	0	0	0	
1089.91	48.8685	-2.69184e-06	-1.77257e-05	7.60817e-08	4.87733e-07	1079.34	0	6.85491e-08	0	0	0	
1089.91	48.8685	-2.67667e-06	-1.76285e-05	7.5628e-08	4.85062e-07	1079.34	0	6.85491e-08	0	0	0	
1089.91	48.8685	-2.66159e-06	-1.75317e-05	7.52314e-08	4.82396e-07	1079.34	0	6.85491e-08	0	0	0	
1089.91	48.8685	-2.64658e-06	-1.74355e-05	7.48067e-08	4.79753e-07	1079.34	0	6.85491e-08	0	0	0	
1089.91	48.8685	-2.63166e-06	-1.73398e-05	7.43923e-08	4.77121e-07	1079.34	0	6.85491e-08	0	0	0	
1089.91	48.8685	-2.61682e-06	-1.72447e-05	7.40292e-08	4.74492e-07	1079.34	0	6.85491e-08	0	0	0	
1089.91	48.8685	-2.60206e-06	-1.715e-05	7.35671e-08	4.719e-07	1079.34	0	6.85491e-08	0	0	0	
1089.91	48.8685	-2.58738e-06	-1.70559e-05	7.32023e-08	4.69301e-07	1079.34	0	6.85491e-08	0	0	0	
1089.91	48.8685	-2.57279e-06	-1.69623e-05	7.27832e-08	4.6673e-07	1079.34	0	6.85491e-08	0	0	0	
1089.91	48.8685	-2.55827e-06	-1.68692e-05	7.23937e-08	4.64167e-07	1079.34	0	6.85491e-08	0	0	0	
1089.91	48.8685	-2.54383e-06	-1.67766e-05	7.1985e-08	4.6162e-07	1079.34	0	6.85491e-08	0	0	0	
1089.91	48.8685	-2.52947e-06	-1.66846e-05	7.15888e-08	4.59085e-07	1079.34	0	6.85491e-08	0	0	0	
1089.91	48.8685	-2.51519e-06	-1.6593e-05	7.12071e-08	4.56566e-07	1079.34	0	6.85491e-08	0	0	0	
1089.91	48.8685	-2.50099e-06	-1.65019e-05	7.08076e-08	4.54061e-07	1079.34	0	6.85491e-08	0	0	0	
1089.91	48.8685	-2.48687e-06	-1.64114e-05	7.04298e-08	4.51569e-07	1079.34	0	6.85491e-08	0	0	0	
1089.91	48.8685	-2.47282e-06	-1.63213e-05	7.00104e-08	4.49095e-07	1079.34	0	6.85491e-08	0	0	0	
1089.91	48.8685	-2.45885e-06	-1.62317e-05	6.96494e-08	4.46624e-07	1079.34	0	6.85491e-08	0	0	0	
1089.91	48.8685	-2.44496e-06	-1.61427e-05	6.92821e-08	4.44173e-07	1079.34	0	6.85491e-08	0	0	0	
1089.91	48.8685	-2.43114e-06	-1.60541e-05	6.88956e-08	4.41736e-07	1079.34	0	6.85491e-08	0	0	0	
1089.91	48.8685	-2.4174e-06	-1.5966e-05	6.85064e-08	4.39313e-07	1079.34	0	6.85491e-08	0	0	0	
1089.91	48.8685	-2.40374e-06	-1.58783e-05	6.81131e-08	4.36905e-07	1079.34	0	6.85491e-08	0	0	0	
1089.91	48.8685	-2.39015e-06	-1.57912e-05	6.77519e-08	4.34505e-07	1079.34	0	6.85491e-08	0	0	0	
1089.91	48.8685	-2.37663e-06	-1.57045e-05	6.73865e-08	4.32119e-07	1079.34	0	6.85491e-08	0	0	0	
1089.91	48.8685	-2.36319e-06	-1.56184e-05	6.70115e-08	4.29751e-07	1079.34	0	6.85491e-08	0	0	0	
1089.91	48.8685	-2.34983e-06	-1.55326e-05	6.66543e-08	4.27387e-07	1079.34	0	6.85491e-08	0	0	0	
1089.91	48.8685	-2.33653e-06	-1.54474e-05	6.62885e-08	4.25042e-07	1079.34	0	6.85491e-08	0	0	0	
1089.91	48.8685	-2.32331e-06	-1.53626e-05	6.59121e-08	4.22713e-07	1079.34	0	6.85491e-08	0	0	0	
1089.91	48.8685	-2.31016e-06	-1.52783e-05	6.55515e-08	4.20392e-07	1079.34	0	6.85491e-08	0	0	0	
1089.91	48.8685	-2.29709e-06	-1.51945e-05	6.52055e-08	4.18082e-07	1079.34	0	6.85491e-08	0	0	0	
1089.91	48.8685	-2.28408e-06	-1.51111e-05	6.48555e-08	4.15787e-07	1079.34	0	6.85491e-08	0	0	0	
1089.91	48.8685	-2.27115e-06	-1.50282e-05	6.4501e-08	4.13503e-07	1079.34	0	6.85491e-08	0	0	0	
1089.91	48.8685	-2.25829e-06	-1.49457e-05	6.41336e-08	4.11238e-07	1079.34	0	6.85491e-08	0	0	0	
1089.91	48.8685	-2.2455e-06	-1.48637e-05	6.37758e-08	4.08981e-07	1079.34	0	6.85491e-08	0	0	0	
1089.91	48.8685	-2.23278e-06	-1.47821e-05	6.34236e-08	4.06738e-07	1079.34	0	6.85491e-08	0	0	0	
1089.91	48.8685	-2.22013e-06	-1.4701e-05	6.30854e-08	4.04503e-07	1079.34	0	6.85491e-08	0	0	0	
1089.91	48.8685	-2.20754e-06	-1.46203e-05	6.27524e-08	4.02283e-07	1079.34	0	6.85491e-08	0	0	0	
1089.91	48.8685	-2.19503e-06	-1.454e-05	6.23812e-08	4.00077e-07	1079.34	0	6.85491e-08	0	0	0	
1089.91	48.8685	-2.18259e-06	-1.44603e-05	6.20644e-08	3.97879e-07	1079.34	0	6.85491e-08	0	0	0	
1089.91	48.8685	-2.17021e-06	-1.43809e-05	6.17155e-08	3.95694e-07	1079.34	0	6.85491e-08	0	0	0	
1089.91	48.8685	-2.1579e-06	-1.4302e-05	6.13694e-08	3.93524e-07	1079.34	0	6.85491e-08	0	0	0	
1089.91	48.8685	-2.14566e-06	-1.42235e-05	6.10454e-08	3.91362e-07	1079.34	0	6.85491e-08	0	0	0	
1089.91	48.8685	-2.13349e-06	-1.41454e-05	6.07091e-08	3.89216e-07	1079.34	0	6.85491e-08	0	0	0	
1089.91	48.8685	-2.12138e-06	-1.40678e-05	6.03432e-08	3.87085e-07	1079.34	0	6.85491e-08	0	0	0	
1089.91	48.8685	-2.10934e-06	-1.39906e-05	6.00412e-08	3.84957e-07	1079.34	0	6.85491e-08	0	0	0	
1089.91	48.8685	-2.09737e-06	-1.39138e-05	5.96895e-08	3.82847e-07	1079.34	0	6.85491e-08	0	0	0	
1089.91	48.8685	-2.08546e-06	-1.38375e-05	5.937e-08	3.80746e-07	1079.34	0	6.85491e-08	0	0	0	
1089.91	48.8685	-2.07362e-06	-1.37615e-05	5.90379e-08	3.78655e-07	1079.34	0	6.85491e-08	0	0	0	
1089.91	48.8685	-2.06184e-06	-1.3686e-05	5.87255e-08	3.76576e-07	1079.34	0	6.85491e-08	0	0	0	
1089.91	48.8685	-2.05013e-06	-1.36109e-05	5.84002e-08	3.74509e-07	1079.34	0	6.85491e-08	0	0	0	
1089.91	48.8685	-2.03848e-06	-1.35362e-05	5.80858e-08	3.72453e-07	1079.34	0	6.85491e-08	0	0	0	
1089.91	48.8685	-2.02689e-06	-1.34619e-05	5.77677e-08	3.70408e-07	1079.34	0	6.85491e-08	0	0	0	
1089.91	48.8685	-2.01537e-06	-1.3388e-05	5.74511e-08	3.68376e-07	1079.34	0	6.85491e-08	0	0	0	
1089.91	48.8685	-2.00391e-06	-1.33146e-05	5.71335e-08	3.66355e-07	1079.34	0	6.85491e-08	0	0	0	
1089.91	48.8685	-1.99252e-06	-1.32415e-05	5.68257e-08	3.64345e-07	1079.34	0	6.85491e-08	0	0	0	
1089.91	48.8685	-1.98119e-06	-1.31688e-05	5.6508e-08	3.62346e-07	1079.34	0	6.85491e-08	0	0	0	
1089.91	48.8685	-1.96991e-06	-1.30966e-05	5.61987e-08	3.60355e-07	1079.34	0	6.85491e-08	0	0	0	
1089.91	48.8685	-1.95871e-06	-1.30247e-05	5.58817e-08	3.5838e-07	1079.34	0	6.85491e-08	0	0	0	
1089.91	48.8685	-1.94756e-06	-1.29532e-05	5.55842e-08	3.56411e-07	1079.34	0	6.85491e-08	0	0	0	
1089.91	48.8685	-1.93647e-06	-1.28821e-05	5.52761e-08	3.54456e-07	1079.34	0	6.85491e-08	0	0	0	
1089.91	48.8685	-1.92545e-06	-1.28114e-05	5.49716e-08	3.52512e-07	1079.34	0	6.85491e-08	0	0	0	
1089.91	48.8685	-1.91448e-06	-1.27411e-05	5.46697e-08	3.50576e-07	1079.34	0	6.85491e-08	0	0	0	
1089.91	48.8685	-1.90358e-06	-1.26712e-05	5.43632e-08	3.48654e-07	1079.34	0	6.85491e-08	0	0	0	
1089.91	48.8685	-1.89274e-06	-1.26017e-05	5.40458e-08	3.46742e-07	1079.34	0	6.85491e-08	0	0	0	
1089.91	48.8685	-1.88195e-06	-1.25325e-05	5.37973e-08	3.44832e-07	1079.34	0	6.85491e-08	0	0	0	
1089.91	48.8685	-1.87123e-06	-1.24637e-05	5.34856e-08	3.42941e-07	1079.34	0	6.85491e-08	0	0	0	
1089.91	48.8685	-1.86056e-06	-1.23953e-05	5.31915e-08	3.41057e-07	1079.34	0	6.85491e-08	0	0	0	
1089.91	48.8685	-1.84995e-06	-1.23273e-05	5.28723e-08	3.39192e-07	1079.34	0	6.85491e-08	0	0	0	
1089.91	48.8685	-1.8394e-06	-1.22596e-05	5.2596e-08	3.37329e-07	1079.34	0	6.85491e-08	0	0	0	
1089.91	48.8685	-1.82891e-06	-1.21924e-05	5.23262e-08	3.35474e-07	1079.34	0	6.85491e-08	0	0	0	
1089.91	48.8685	-1.81847e-06	-1.21255e-05	5.20139e-08	3.33638e-07	1079.34	0	6.85491e-08	0	0	0	
1089.91	48.8685	-1.80809e-06	-1.20589e-05	5.17371e-08	3.31806e-07	1079.34	0	6.85491e-08	0	0	0	
1089.91	48.8685	-1.79777e-06	-1.19927e-05	5.14608e-08	3.29982e-07	1079.34	0	6.85491e-08	0	0	0	
1089.91	48.8685	-1.78751e-06	-1.19269e-05	5.11842e-08	3.28172e-07	1079.34	0	6.85491e-08	0	0	0	
1089.91	48.8685	-1.7773e-06	-1.18615e-05	5.08995e-08	3.26368e-07	1079.34	0	6.85491e-08	0	0	0	
1089.91	48.8685	-1.76715e-06	-1.17964e-05	5.06373e-08	3.24575e-07	1079.34	0	6.85491e-08	0	0	0	
1089.91	48.8685	-1.75705e-06	-1.17316e-05	5.0341e-08	3.22797e-07	1079.34	0	6.85491e-08	0	0	0	
1089.91	48.8685	-1.74701e-06	-1.16673e-05	5.00451e-08	3.21032e-07	1079.34	0	6.85491e-08	0	0	0	
1089.91	48.8685	-1.73703e-06	-1.16032e-05	4.97872e-08	3.19265e-07	1079.34	0	6.85491e-08	0	0	0	
1089.91	48.8685	-1.7271e-06	-1.15395e-05	4.95088e-08	3.17515e-07	1079.34	0	6.85491e-08	0	0	0	
1089.91	48.8685	-1.71722e-06	-1.14762e-05	4.92221e-08	3.15773e-07	1079.34	0	6.85491e-08	0	0	0	
1089.91	48.8685	-1.7074e-06	-1.14132e-05	4.89811e-08	3.14036e-07	1079.34	0	6.85491e-08	0	0	0	
1089.91	48.8685	-1.69763e-06	-1.13506e-05	4.86913e-08	3.12314e-07	1079.34	0	6.85491e-08	0	0	0	
1089.91	48.8685	-1.68792e-06	-1.12883e-05	4.84409e-08	3.10599e-07	1079.34	0	6.85491e-08	0	0	0	
1089.91	48.8685	-1.67826e-06	-1.12264e-05	4.81843e-08	3.08893e-07	1079.34	0	6.85491e-08	0	0	0	
1089.91	48.8685	-1.66865e-06	-1.11648e-05	4.79422e-08	3.0719e-07	1079.34	0	6.85491e-08	0	0	0	
1089.91	48.8685	-1.65909e-06	-1.11035e-05	4.76508e-08	3.05512e-07	1079.34	0	6.85491e-08	0	0	0	
1089.91	48.8685	-1.64959e-06	-1.10426e-05	4.7383e-08	3.03836e-07	1079.34	0	6.85491e-08	0	0	0	
1089.91	48.8685	-1.64014e-06	-1.0982e-05	4.712e-08	3.02171e-07	1079.34	0	6.85491e-08	0	0	0	
1089.91	48.8685	-1.63074e-06	-1.09217e-05	4.68689e-08	3.00509e-07	1079.34	0	6.85491e-08	0	0	0	
1089.91	48.8685	-1.62139e-06	-1.08617e-05	4.66215e-08	2.98859e-07	1079.34	0	6.85491e-08	0	0	0	
1089.91	48.8685	-1.6121e-06	-1.08021e-05	4.63383e-08	2.97224e-07	1079.34	0	6.85491e-08	0	0	0	
1089.91	48.8685	-1.60285e-06	-1.07429e-05	4.61081e-08	2.95588e-07	1079.34	0	6.85491e-08	0	0	0	
1089.91	48.8685	-1.59366e-06	-1.06839e-05	4.58716e-08	2.93963e-07	1079.34	0	6.85491e-08	0	0	0	
1089.91	48.8685	-1.58451e-06	-1.06253e-05	4.55876e-08	2.92353e-07	1079.34	0	6.85491e-08	0	0	0	
1089.91	48.8685	-1.57542e-06	-1.0567e-05	4.53575e-08	2.90746e-07	1079.34	0	6.85491e-08	0	0	0	
1089.91	48.8685	-1.56638e-06	-1.0509e-05	4.51105e-08	2.89151e-07	1079.34	0	6.85491e-08	0	0	0	
1089.91	48.8685	-1.55738e-06	-1.04513e-05	4.48595e-08	2.87565e-07	1079.34	0	6.85491e-08	0	0	0	
1089.91	48.8685	-1.54844e-06	-1.03939e-05	4.45884e-08	2.85991e-07	1079.34	0	6.85491e-08	0	0	0	
1089.91	48.8685	-1.53954e-06	-1.03369e-05	4.43829e-08	2.84415e-07	1079.34	0	6.85491e-08	0	0	0	
1089.91	48.8685	-1.5307e-06	-1.02802e-05	4.40983e-08	2.82862e-07	1079.34	0	6.85491e-08	0	0	0	
1089.91	48.8685	-1.5219e-06	-1.02238e-05	4.38803e-08	2.81304e-07	1079.34	0	6.85491e-08	0	0	0	
1089.91	48.8685	-1.51315e-06	-1.01677e-05	4.36307e-08	2.79759e-07	1079.34	0	6.85491e-08	0	0	0	
1089.91	48.8685	-1.50445e-06	-1.01119e-05	4.33914e-08	2.78226e-07	1079.34	0	6.85491e-08	0	0	0	
1089.91	48.8685	-1.49579e-06	-1.00564e-05	4.3175e-08	2.76695e-07	1079.34	0	6.85491e-08	0	0	0	
1089.91	48.8685	-1.48718e-06	-1.00012e-05	4.29186e-08	2.7518e-07	1079.34	0	6.85491e-08	0	0	0	
1089.91	48.8685	-1.47863e-06	-9.9463e-06	4.26776e-08	2.73672e-07	1079.34	0	6.85491e-08	0	0	0	
1089.91	48.8685	-1.47011e-06	-9.89171e-06	4.24442e-08	2.72169e-07	1079.34	0	6.85491e-08	0	0	0	
1089.91	48.8685	-1.46165e-06	-9.83743e-06	4.2204e-08	2.70677e-07	1079.34	0	6.85491e-08	0	0	0	
1089.91	48.8685	-1.45323e-06	-9.78344e-06	4.19955e-08	2.69187e-07	1079.34	0	6.85491e-08	0	0	0	
1089.91	48.8685	-1.44486e-06	-9.72975e-06	4.17456e-08	2.67712e-07	1079.34	0	6.85491e-08	0	0	0	
1089.91	48.8685	-1.43653e-06	-9.67636e-06	4.15098e-08	2.66244e-07	1079.34	0	6.85491e-08	0	0	0	
1089.91	48.8685	-1.42825e-06	-9.62326e-06	4.12887e-08	2.64783e-07	1079.34	0	6.85491e-08	0	0	0	
1089.91	48.8685	-1.42001e-06	-9.57045e-06	4.10708e-08	2.63327e-07	1079.34	0	6.85491e-08	0	0	0	
1089.91	48.8685	-1.41182e-06	-9.51792e-06	4.08439e-08	2.61884e-07	1079.34	0	6.85491e-08	0	0	0	
1089.91	48.8685	-1.40368e-06	-9.46569e-06	4.06109e-08	2.60446e-07	1079.34	0	6.85491e-08	0	0	0	
1089.91	48.8685	-1.39558e-06	-9.41375e-06	4.04015e-08	2.59015e-07	1079.34	0	6.85491e-08	0	0	0	
1089.91	48.8685	-1.38752e-06	-9.36209e-06	4.01658e-08	2.57595e-07	1079.34	0	6.85491e-08	0	0	0	
1089.91	48.8685	-1.37951e-06	-9.31071e-06	3.99618e-08	2.56179e-07	1079.34	0	6.85491e-08	0	0	0	
1089.91	48.8685	-1.37154e-06	-9.25961e-06	3.97179e-08	2.54777e-07	1079.34	0	6.85491e-08	0	0	0	
1089.91	48.8685	-1.36361e-06	-9.2088e-06	3.95207e-08	2.53377e-07	1079.34	0	6.85491e-08	0	0	0	
1089.91	48.8685	-1.35573e-06	-9.15826e-06	3.92967e-08	2.51987e-07	1079.34	0	6.85491e-08	0	0	0	
1089.91	48.8685	-1.34789e-06	-9.108e-06	3.90743e-08	2.50606e-07	1079.34	0	6.85491e-08	0	0	0	
1089.91	48.8685	-1.3401e-06	-9.05802e-06	3.88706e-08	2.49228e-07	1079.34	0	6.85491e-08	0	0	0	
1089.91	48.8685	-1.33235e-06	-9.00831e-06	3.86301e-08	2.47865e-07	1079.34	0	6.85491e-08	0	0	0	
1089.91	48.8685	-1.32464e-06	-8.95888e-06	3.84408e-08	2.46501e-07	1079.34	0	6.85491e-08	0	0	0	
1089.91	48.8685	-1.31697e-06	-8.90971e-06	3.82325e-08	2.45148e-07	1079.34	0	6.85491e-08	0	0	0	
1089.91	48.8685	-1.30934e-06	-8.86082e-06	3.80255e-08	2.43801e-07	1079.34	0	6.85491e-08	0	0	0	
1089.91	48.8685	-1.30176e-06	-8.81219e-06	3.78138e-08	2.42465e-07	1079.34	0	6.85491e-08	0	0	0	
1089.91	48.8685	-1.29422e-06	-8.76383e-06	3.75918e-08	2.41134e-07	1079.34	0	6.85491e-08	0	0	0	
1089.91	48.8685	-1.28672e-06	-8.71574e-06	3.74113e-08	2.39809e-07	1079.34	0	6.85491e-08	0	0	0	
1089.91	48.8685	-1.27926e-06	-8.66791e-06	3.71721e-08	2.38496e-07	1079.34	0	6.85491e-08	0	0	0	
1089.91	48.8685	-1.27184e-06	-8.62034e-06	3.69834e-08	2.37187e-07	1079.34	0	6.85491e-08	0	0	0	
1089.91	48.8685	-1.26447e-06	-8.57304e-06	3.6807e-08	2.35879e-07	1079.34	0	6.85491e-08	0	0	0	
1089.91	48.8685	-1.25713e-06	-8.52599e-06	3.66132e-08	2.34581e-07	1079.34	0	6.85491e-08	0	0	0	
1089.91	48.8685	-1.24983e-06	-8.4792e-06	3.63975e-08	2.33297e-07	1079.34	0	6.85491e-08	0	0	0	
1089.91	48.8685	-1.24257e-06	-8.43267e-06	3.62123e-08	2.32013e-07	1079.34	0	6.85491e-08	0	0	0	
1089.91	48.8685	-1.23536e-06	-8.38639e-06	3.59845e-08	2.30749e-07	1079.34	0	6.85491e-08	0	0	0	
1089.91	48.8685	-1.22818e-06	-8.34037e-06	3.57871e-08	2.29481e-07	1079.34	0	6.85491e-08	0	0	0	
1089.91	48.8685	-1.22104e-06	-8.2946e-06	3.5594e-08	2.28221e-07	1079.34	0	6.85491e-08	0	0	0	
1089.91	48.8685	-1.21394e-06	-8.24908e-06	3.54217e-08	2.26964e-07	1079.34	0	6.85491e-08	0	0	0	
1089.91	48.8685	-1.20688e-06	-8.20381e-06	3.51795e-08	2.25729e-07	1079.34	0	6.85491e-08	0	0	0	
1089.91	48.8685	-1.19986e-06	-8.15879e-06	3.50144e-08	2.24486e-07	1079.34	0	6.85491e-08	0	0	0	
1089.91	48.8685	-1.19288e-06	-8.11402e-06	3.48234e-08	2.23251e-07	1079.34	0	6.85491e-08	0	0	0	
1089.91	48.8685	-1.18594e-06	-8.06949e-06	3.46138e-08	2.22031e-07	1079.34	0	6.85491e-08	0	0	0	
1089.91	48.8685	-1.17903e-06	-8.02521e-06	3.44147e-08	2.20813e-07	1079.34	0	6.85491e-08	0	0	0	
1089.91	48.8685	-1.17216e-06	-7.98117e-06	3.42507e-08	2.19596e-07	1079.34	0	6.85491e-08	0	0	0	
1089.91	48.8685	-1.16533e-06	-7.93737e-06	3.40727e-08	2.18391e-07	1079.34	0	6.85491e-08	0	0	0	
1089.91	48.8685	-1.15854e-06	-7.89381e-06	3.38792e-08	2.17191e-07	1079.34	0	6.85491e-08	0	0	0	
1089.91	48.8685	-1.15178e-06	-7.85049e-06	3.36873e-08	2.16001e-07	1079.34	0	6.85491e-08	0	0	0	
1089.91	48.8685	-1.14506e-06	-7.80741e-06	3.34883e-08	2.14818e-07	1079.34	0	6.85491e-08	0	0	0	
1089.91	48.8685	-1.13838e-06	-7.76457e-06	3.33271e-08	2.13633e-07	1079.34	0	6.85491e-08	0	0	0	
1089.91	48.8685	-1.13174e-06	-7.72196e-06	3.31328e-08	2.12465e-07	1079.34	0	6.85491e-08	0	0	0	
1089.91	48.8685	-1.12513e-06	-7.67958e-06	3.29566e-08	2.11296e-07	1079.34	0	6.85491e-08	0	0	0	
1089.91	48.8685	-1.11856e-06	-7.63744e-06	3.27675e-08	2.10141e-07	1079.34	0	6.85491e-08	0	0	0	
1089.91	48.8685	-1.11202e-06	-7.59553e-06	3.25884e-08	2.08982e-07	1079.34	0	6.85491e-08	0	0	0	
1089.91	48.8685	-1.10552e-06	-7.55385e-06	3.24064e-08	2.07839e-07	1079.34	0	6.85491e-08	0	0	0	
1089.91	48.8685	-1.09906e-06	-7.51239e-06	3.22067e-08	2.06703e-07	1079.34	0	6.85491e-08	0	0	0	
1089.91	48.8685	-1.09263e-06	-7.47117e-06	3.20572e-08	2.05564e-07	1079.34	0	6.85491e-08	0	0	0	
1089.91	48.8685	-1.08623e-06	-7.43017e-06	3.18876e-08	2.04434e-07	1079.34	0	6.85491e-08	0	0	0	
1089.91	48.8685	-1.07988e-06	-7.38939e-06	3.17186e-08	2.03309e-07	1079.34	0	6.85491e-08	0	0	0	
1089.91	48.8685	-1.07355e-06	-7.34884e-06	3.1525e-08	2.02198e-07	1079.34	0	6.85491e-08	0	0	0	
1089.91	48.8685	-1.06726e-06	-7.30852e-06	3.13396e-08	2.0109e-07	1079.34	0	6.85491e-08	0	0	0	
1089.91	48.8685	-1.06101e-06	-7.26841e-06	3.11802e-08	1.99985e-07	1079.34	0	6.85491e-08	0	0	0	
1089.91	48.8685	-1.05479e-06	-7.22852e-06	3.10433e-08	1.98882e-07	1079.34	0	6.85491e-08	0	0	0	
1089.91	48.8685	-1.0486e-06	-7.18885e-06	3.08223e-08	1.97801e-07	1079.34	0	6.85491e-08	0	0	0	
1089.91	48.8685	-1.04245e-06	-7.1494e-06	3.06887e-08	1.96705e-07	1079.34	0	6.85491e-08	0	0	0	
1089.91	48.8685	-1.03633e-06	-7.11017e-06	3.04864e-08	1.95636e-07	1079.34	0	6.85491e-08	0	0	0	
1089.91	48.8685	-1.03024e-06	-7.07115e-06	3.03525e-08	1.94555e-07	1079.34	0	6.85491e-08	0	0	0	
1089.91	48.8685	-1.02419e-06	-7.03235e-06	3.01806e-08	1.93485e-07	1079.34	0	6.85491e-08	0	0	0	
1089.91	48.8685	-1.01818e-06	-6.99376e-06	2.99958e-08	1.92428e-07	1079.34	0	6.85491e-08	0	0	0	
1089.91	48.8685	-1.01219e-06	-6.95538e-06	2.98323e-08	1.91371e-07	1079.34	0	6.85491e-08	0	0	0	
1089.91	48.8685	-1.00624e-06	-6.91721e-06	2.96775e-08	1.90321e-07	1079.34	0	6.85491e-08	0	0	0	
1089.91	48.8685	-1.00032e-06	-6.87925e-06	2.95292e-08	1.89274e-07	1079.34	0	6.85491e-08	0	0	0	
1089.91	48.8685	-9.94431e-07	-6.8415e-06	2.9358e-08	1.88237e-07	1079.34	0	6.85491e-08	0	0	0	
1089.91	48.8685	-9.88575e-07	-6.80396e-06	2.91699e-08	1.87208e-07	1079.34	0	6.85491e-08	0	0	0	
1089.91	48.8685	-9.82754e-07	-6.76662e-06	2.9027e-08	1.86176e-07	1079.34	0	6.85491e-08	0	0	0	
1089.91	48.8685	-9.76963e-07	-6.72949e-06	2.88672e-08	1.85153e-07	1079.34	0	6.85491e-08	0	0	0	
1089.91	48.8685	-9.71203e-07	-6.69256e-06	2.87201e-08	1.84138e-07	1079.34	0	6.85491e-08	0	0	0	
1089.91	48.8685	-9.65476e-07	-6.65583e-06	2.85465e-08	1.83129e-07	1079.34	0	6.85491e-08	0	0	0	
1089.91	48.8685	-9.59781e-07	-6.61931e-06	2.84125e-08	1.8212e-07	1079.34	0	6.85491e-08	0	0	0	
1089.91	48.8685	-9.54115e-07	-6.58298e-06	2.82269e-08	1.81125e-07	1079.34	0	6.85491e-08	0	0	0	
1089.91	48.8685	-9.48481e-07	-6.54686e-06	2.80975e-08	1.80127e-07	1079.34	0	6.85491e-08	0	0	0	
1089.91	48.8685	-9.42878e-07	-6.51093e-06	2.79607e-08	1.79133e-07	1079.34	0	6.85491e-08	0	0	0	
1089.91	48.8685	-9.37306e-07	-6.4752e-06	2.77859e-08	1.78156e-07	1079.34	0	6.85491e-08	0	0	0	
1089.91	48.8685	-9.31764e-07	-6.43967e-06	2.7617e-08	1.77183e-07	1079.34	0	6.85491e-08	0	0	0	
1089.91	48.8685	-9.26252e-07	-6.40433e-06	2.74757e-08	1.76206e-07	1079.34	0	6.85491e-08	0	0	0	
1089.91	48.8685	-9.20772e-07	-6.36919e-06	2.73316e-08	1.7524e-07	1079.34	0	6.85491e-08	0	0	0	
1089.91	48.8685	-9.1532e-07	-6.33424e-06	2.71746e-08	1.74278e-07	1079.34	0	6.85491e-08	0	0	0	
1089.91	48.8685	-9.09901e-07	-6.29948e-06	2.70023e-08	1.73328e-07	1079.34	0	6.85491e-08	0	0	0	
1089.91	48.8685	-9.0451e-07	-6.26491e-06	2.68758e-08	1.72372e-07	1079.34	0	6.85491e-08	0	0	0	
1089.91	48.8685	-8.99149e-07	-6.23053e-06	2.67376e-08	1.71422e-07	1079.34	0	6.85491e-08	0	0	0	
1089.91	48.8685	-8.93817e-07	-6.19634e-06	2.66241e-08	1.70476e-07	1079.34	0	6.85491e-08	0	0	0	
1089.91	48.8685	-8.88514e-07	-6.16233e-06	2.64479e-08	1.69547e-07	1079.34	0	6.85491e-08	0	0	0	
1089.91	48.8685	-8.83241e-07	-6.12852e-06	2.62978e-08	1.68616e-07	1079.34	0	6.85491e-08	0	0	0	
1089.91	48.8685	-8.77996e-07	-6.09489e-06	2.61451e-08	1.67694e-07	1079.34	0	6.85491e-08	0	0	0	
1089.91	48.8685	-8.7278e-07	-6.06144e-06	2.59759e-08	1.66776e-07	1079.34	0	6.85491e-08	0	0	0	
1089.91	48.8685	-8.67595e-07	-6.02818e-06	2.5868e-08	1.65855e-07	1079.34	0	6.85491e-08	0	0	0	
1089.91	48.8685	-8.62436e-07	-5.9951e-06	2.57405e-08	1.64944e-07	1079.34	0	6.85491e-08	0	0	0	
1089.91	48.8685	-8.57305e-07	-5.9622e-06	2.55828e-08	1.64039e-07	1079.34	0	6.85491e-08	0	0	0	
1089.91	48.8685	-8.52202e-07	-5.92948e-06	2.54066e-08	1.63147e-07	1079.34	0	6.85491e-08	0	0	0	
1089.91	48.8685	-8.47127e-07	-5.89694e-06	2.52836e-08	1.6225e-07	1079.34	0	6.85491e-08	0	0	0	
1089.91	48.8685	-8.42082e-07	-5.86458e-06	2.51695e-08	1.61353e-07	1079.34	0	6.85491e-08	0	0	0	
1089.91	48.8685	-8.37062e-07	-5.8324e-06	2.50321e-08	1.60468e-07	1079.34	0	6.85491e-08	0	0	0	
1089.91	48.8685	-8.32071e-07	-5.8004e-06	2.48879e-08	1.59589e-07	1079.34	0	6.85491e-08	0	0	0	
1089.91	48.8685	-8.27108e-07	-5.76857e-06	2.47558e-08	1.58711e-07	1079.34	0	6.85491e-08	0	0	0	
1089.91	48.8685	-8.22172e-07	-5.73691e-06	2.46149e-08	1.57841e-07	1079.34	0	6.85491e-08	0	0	0	
1089.91	48.8685	-8.17262e-07	-5.70543e-06	2.44719e-08	1.56977e-07	1079.34	0	6.85491e-08	0	0	0	
1089.91	48.8685	-8.12379e-07	-5.67412e-06	2.43504e-08	1.56112e-07	1079.34	0	6.85491e-08	0	0	0	
1089.91	48.8685	-8.07524e-07	-5.64299e-06	2.42217e-08	1.55255e-07	1079.34	0	6.85491e-08	0	0	0	
1089.91	48.8685	-8.02694e-07	-5.61202e-06	2.40768e-08	1.54406e-07	1079.34	0	6.85491e-08	0	0	0	
1089.91	48.8685	-7.9789e-07	-5.58122e-06	2.39825e-08	1.5355e-07	1079.34	0	6.85491e-08	0	0	0	
1089.91	48.8685	-7.93113e-07	-5.5506e-06	2.3785e-08	1.52722e-07	1079.34	0	6.85491e-08	0	0	0	
1089.91	48.8685	-7.88364e-07	-5.52014e-06	2.37062e-08	1.51873e-07	1079.34	0	6.85491e-08	0	0	0	
1089.91	48.8685	-7.8364e-07	-5.48985e-06	2.35635e-08	1.5104e-07	1079.34	0	6.85491e-08	0	0	0	
1089.91	48.8685	-7.78942e-07	-5.45972e-06	2.34176e-08	1.50215e-07	1079.34	0	6.85491e-08	0	0	0	
1089.91	48.8685	-7.74271e-07	-5.42976e-06	2.33075e-08	1.49387e-07	1079.34	0	6.85491e-08	0	0	0	
1089.91	48.8685	-7.69624e-07	-5.39997e-06	2.31802e-08	1.48565e-07	1079.34	0	6.85491e-08	0	0	0	
1089.91	48.8685	-7.65002e-07	-5.37033e-06	2.30367e-08	1.47754e-07	1079.34	0	6.85491e-08	0	0	0	
1089.91	48.8685	-7.60406e-07	-5.34086e-06	2.29147e-08	1.46943e-07	1079.34	0	6.85491e-08	0	0	0	
1089.91	48.8685	-7.55836e-07	-5.31156e-06	2.28007e-08	1.46135e-07	1079.34	0	6.85491e-08	0	0	0	
1089.91	48.8685	-7.51291e-07	-5.28241e-06	2.26287e-08	1.45343e-07	1079.34	0	6.85491e-08	0	0	0	
1089.91	48.8685	-7.46771e-07	-5.25342e-06	2.25417e-08	1.44536e-07	1079.34	0	6.85491e-08	0	0	0	
1089.91	48.8685	-7.42275e-07	-5.22459e-06	2.24228e-08	1.43742e-07	1079.34	0	6.85491e-08	0	0	0	
1089.91	48.8685	-7.37805e-07	-5.19593e-06	2.23225e-08	1.42947e-07	1079.34	0	6.85491e-08	0	0	0	
1089.91	48.8685	-7.33358e-07	-5.16741e-06	2.21731e-08	1.42172e-07	1079.34	0	6.85491e-08	0	0	0	
1089.91	48.8685	-7.28934e-07	-5.13906e-06	2.20526e-08	1.4139e-07	1079.34	0	6.85491e-08	0	0	0	
1089.91	48.8685	-7.24537e-07	-5.11086e-06	2.19219e-08	1.40614e-07	1079.34	0	6.85491e-08	0	0	0	
1089.91	48.8685	-7.20164e-07	-5.08281e-06	2.1807e-08	1.39843e-07	1079.34	0	6.85491e-08	0	0	0	
1089.91	48.8685	-7.15814e-07	-5.05492e-06	2.16443e-08	1.39085e-07	1079.34	0	6.85491e-08	0	0	0	
1089.91	48.8685	-7.11489e-07	-5.02718e-06	2.15805e-08	1.38311e-07	1079.34	0	6.85491e-08	0	0	0	
1089.91	48.8685	-7.07186e-07	-4.9996e-06	2.14095e-08	1.3756e-07	1079.34	0	6.85491e-08	0	0	0	
1089.91	48.8685	-7.02907e-07	-4.97216e-06	2.13174e-08	1.36801e-07	1079.34	0	6.85491e-08	0	0	0	
1089.91	48.8685	-6.98653e-07	-4.94488e-06	2.12185e-08	1.36045e-07	1079.34	0	6.85491e-08	0	0	0	
1089.91	48.8685	-6.94421e-07	-4.91774e-06	2.10993e-08	1.353e-07	1079.34	0	6.85491e-08	0	0	0	
1089.91	48.8685	-6.90214e-07	-4.89076e-06	2.09769e-08	1.3456e-07	1079.34	0	6.85491e-08	0	0	0	
1089.91	48.8685	-6.86029e-07	-4.86392e-06	2.0888e-08	1.33816e-07	1079.34	0	6.85491e-08	0	0	0	
1089.91	48.8685	-6.81866e-07	-4.83723e-06	2.07965e-08	1.33075e-07	1079.34	0	6.85491e-08	0	0	0	
1089.91	48.8685	-6.77726e-07	-4.81069e-06	2.06344e-08	1.32354e-07	1079.34	0	6.85491e-08	0	0	0	
1089.91	48.8685	-6.73609e-07	-4.78429e-06	2.05411e-08	1.31626e-07	1079.34	0	6.85491e-08	0	0	0	
1089.91	48.8685	-6.69515e-07	-4.75803e-06	2.04286e-08	1.30901e-07	1079.34	0	6.85491e-08	0	0	0	
1089.91	48.8685	-6.65443e-07	-4.73193e-06	2.02967e-08	1.30186e-07	1079.34	0	6.85491e-08	0	0	0	
1089.91	48.8685	-6.61394e-07	-4.70596e-06	2.02059e-08	1.29469e-07	1079.34	0	6.85491e-08	0	0	0	
1089.91	48.8685	-6.57368e-07	-4.68014e-06	2.00893e-08	1.28762e-07	1079.34	0	6.85491e-08	0	0	0	
1089.91	48.8685	-6.53363e-07	-4.65445e-06	1.99675e-08	1.28058e-07	1079.34	0	6.85491e-08	0	0	0	
1089.91	48.8685	-6.49379e-07	-4.62891e-06	1.98598e-08	1.27354e-07	1079.34	0	6.85491e-08	0	0	0	
1089.91	48.8685	-6.45418e-07	-4.60351e-06	1.97545e-08	1.26653e-07	1079.34	0	6.85491e-08	0	0	0	
1089.91	48.8685	-6.41479e-07	-4.57825e-06	1.96387e-08	1.25962e-07	1079.34	0	6.85491e-08	0	0	0	
1089.91	48.8685	-6.37561e-07	-4.55313e-06	1.95051e-08	1.25273e-07	1079.34	0	6.85491e-08	0	0	0	
1089.91	48.8685	-6.33664e-07	-4.52815e-06	1.94644e-08	1.2457e-07	1079.34	0	6.85491e-08	0	0	0	
1089.91	48.8685	-6.29791e-07	-4.5033e-06	1.92991e-08	1.23902e-07	1079.34	0	6.85491e-08	0	0	0	
1089.91	48.8685	-6.25937e-07	-4.47859e-06	1.92367e-08	1.23209e-07	1079.34	0	6.85491e-08	0	0	0	
1089.91	48.8685	-6.22104e-07	-4.45401e-06	1.91079e-08	1.22541e-07	1079.34	0	6.85491e-08	0	0	0	
1089.91	48.8685	-6.18292e-07	-4.42957e-06	1.90064e-08	1.21867e-07	1079.34	0	6.85491e-08	0	0	0	
1089.91	48.8685	-6.14501e-07	-4.40527e-06	1.89143e-08	1.21195e-07	1079.34	0	6.85491e-08	0	0	0	
1089.91	48.8685	-6.10732e-07	-4.38109e-06	1.87734e-08	1.20538e-07	1079.34	0	6.85491e-08	0	0	0	
1089.91	48.8685	-6.06983e-07	-4.35705e-06	1.86618e-08	1.19881e-07	1079.34	0	6.85491e-08	0	0	0	
1089.91	48.8685	-6.03254e-07	-4.33314e-06	1.86158e-08	1.1921e-07	1079.34	0	6.85491e-08	0	0	0	
1089.91	48.8685	-5.99546e-07	-4.30937e-06	1.85183e-08	1.18552e-07	1079.34	0	6.85491e-08	0	0	0	
1089.91	48.8685	-5.95858e-07	-4.28572e-06	1.84115e-08	1.17902e-07	1079.34	0	6.85491e-08	0	0	0	
1089.91	48.8685	-5.92191e-07	-4.2622e-06	1.82985e-08	1.17258e-07	1079.34	0	6.85491e-08	0	0	0	
1089.91	48.8685	-5.88543e-07	-4.23882e-06	1.8185e-08	1.16617e-07	1079.34	0	6.85491e-08	0	0	0	
1089.91	48.8685	-5.84916e-07	-4.21556e-06	1.80926e-08	1.15976e-07	1079.34	0	6.85491e-08	0	0	0	
1089.91	48.8685	-5.81309e-07	-4.19243e-06	1.79956e-08	1.15339e-07	1079.34	0	6.85491e-08	0	0	0	
1089.91	48.8685	-5.77721e-07	-4.16942e-06	1.79162e-08	1.14702e-07	1079.34	0	6.85491e-08	0	0	0	
1089.91	48.8685	-5.74154e-07	-4.14654e-06	1.77907e-08	1.14078e-07	1079.34	0	6.85491e-08	0	0	0	
1089.91	48.8685	-5.70606e-07	-4.12379e-06	1.76924e-08	1.13453e-07	1079.34	0	6.85491e-08	0	0	0	
1089.91	48.8685	-5.67077e-07	-4.10116e-06	1.7588e-08	1.12832e-07	1079.34	0	6.85491e-08	0	0	0	
1089.91	48.8685	-5.63568e-07	-4.07866e-06	1.74865e-08	1.12211e-07	1079.34	0	6.85491e-08	0	0	0	
1089.91	48.8685	-5.60078e-07	-4.05628e-06	1.7438e-08	1.11589e-07	1079.34	0	6.85491e-08	0	0	0	
1089.91	48.8685	-5.56606e-07	-4.03402e-06	1.72773e-08	1.10988e-07	1079.34	0	6.85491e-08	0	0	0	
1089.91	48.8685	-5.53154e-07	-4.01188e-06	1.72278e-08	1.10369e-07	1079.34	0	6.85491e-08	0	0	0	
1089.91	48.8685	-5.49721e-07	-3.98987e-06	1.71237e-08	1.09767e-07	1079.34	0	6.85491e-08	0	0	0	
1089.91	48.8685	-5.46306e-07	-3.96798e-06	1.70224e-08	1.09164e-07	1079.34	0	6.85491e-08	0	0	0	
1089.91	48.8685	-5.42911e-07	-3.9462e-06	1.69098e-08	1.08571e-07	1079.34	0	6.85491e-08	0	0	0	
1089.91	48.8685	-5.39534e-07	-3.92455e-06	1.68895e-08	1.07958e-07	1079.34	0	6.85491e-08	0	0	0	
1089.91	48.8685	-5.36175e-07	-3.90302e-06	1.67489e-08	1.07377e-07	1079.34	0	6.85491e-08	0	0	0	
1089.91	48.8685	-5.32834e-07	-3.8816e-06	1.66717e-08	1.06785e-07	1079.34	0	6.85491e-08	0	0	0	
1089.91	48.8685	-5.29513e-07	-3.8603e-06	1.65978e-08	1.06193e-07	1079.34	0	6.85491e-08	0	0	0	
