-154.781
-136.689
-16.7809
-116.661
-122.586
-81.5618
-126.259
-45.9225
-192.902
-153.194
169.495
-106.274
258.982
-126.872
-168.434
-121.997
-53.718
-25.2102
-13.8184
-44.7003
-191.587
-202.479
-163.178
-140.615
-23.0627
-210.222
-22.3475
139.064
-123.265
-152.882
-31.7383
-134.159
185.214
-135.297
438.148
-144.258
-115.904
-144.258
-157.232
163.883
-127.101
-112.303
385.561
255.668
-75.8331
-117.677
167.209
-99.9135
138.993
-124.927
-163.217
132.277
-24.4935
-129.614
-134.114
-143.278
-112.582
326.233
50.002
-26.3356
-117.425
-145.751
55.1776
-53.675
-21.0754
-107.212
-168.69
140.333
-37.7045
-166.56
365.732
-158.825
-189.172
-134.011
561.933
436.66
-147.99
-158.304
153.843
167.382
-32.4671
-131.861
-34.6426
87.8402
-138.807
-137.296
-24.451
-148.156
-131.816
-94.8171
-26.403
-40.5622
-119.648
-144.315
-121.504
-165.296
-53.9975
162.085
-46.6939
-127.709
-50.9435
-139.215
-111.934
-129.308
-146.375
-150.818
-133.979
128.202
-161.274
-121.557
-85.0631
-160.483
-102.907
-159.626
-114.824
-73.571
-42.2201
-162.506
191.832
-88.1894
-135.763
-86.4823
-100.692
257.41
-143.719
-121.529
-122.643
282.673
-98.0121
274.597
-48.5899
-160.709
-143.371
257.674
-143.788
-157.303
-30.911
-124.789
266.354
-130.301
-112.656
-75.9945
-159.351
-26.1568
-146.138
-141.58
-69.4217
-31.5025
-218.998
-129.714
135.649
186.517
-140.668
-37.3125
-53.2509
155.788
-154.304
-142.27
-86.3782
308.071
141.624
224.911
-168.58
-151.369
-55.4415
251.424
163.332
-229.996
-66.2714
-154.078
-170.252
-117.181
-116.851
-128.695
374.187
-150.568
-119.593
261.895
-55.4336
360.085
-147.408
-125.044
-42.1706
-136.564
-66.5609
-145.917
-143.55
-128.602
183.521
437.556
-121.443
-123.412
-124.377
-48.5987
-36.6254
-157.616
-166.671
-134.24
183.811
138.676
265.533
-58.3167
-121.887
152.808
160.183
-126.072
-121.76
-197.442
-139.363
-24.5367
-105.556
-145.984
137.554
183.682
-26.2489
-70.8416
-122.446
-52.5881
-159.789
-125.152
-173.59
-134.609
-143.096
-55.3576
-144.88
-136.269
-20.6112
-138.643
167.827
-169.845
-94.7916
363.23
-120.913
172.065
189.007
-114.207
-130.395
257.274
-103.217
-53.4544
-127.924
-141.773
-43.083
-6.29566
-74.1151
165.42
-146.277
-46.2046
-142.546
-26.0313
-159.21
-150.936
-38.116
-70.5115
-150.248
-24.0962
-131.619
-180.649
-140.881
-127.447
-111.786
262.525
-123.955
-86.7199
-152.438
-142.371
129.804
-126.686
-163.889
-142.721
-38.4472
-48.4598
-28.1269
-158.578
300.984
451.339
-142.376
-33.5264
-43.4075
-173.375
-19.9628
-214.186
-141.626
-100.843
-138.855
-143.19
-149.468
-110.043
-205.725
-98.8764
-179.764
-77.0429
-95.8692
-21.9842
-84.566
-32.3431
-180.772
252.75
-138.132
-139.777
-23.2043
-25.6614
177.941
-113.351
-159.506
-178.213
253.416
234.459
-195.432
-153.897
-225.982
-22.9971
-112.94
-151.63
194.222
-214.361
-5.80236
-121.155
-169.354
-76.6565
-131.791
182.398
-120.652
-133.635
-32.5921
156.832
-40.0728
-35.4345
-179.263
199.987
260.379
-153.414
268.722
-138.822
160.626
-140.932
-61.6797
-175.197
-37.846
-96.0943
-111.311
184.826
36.2908
-147.306
-158.041
-86.0915
-136.19
38.4965
-160.13
-114.499
-120.622
-120.991
-215.352
-137.177
285.307
-43.302
139.533
-109.326
73.2239
-111.575
-122.522
-119.012
165.798
187.063
149.955
-158.799
-40.0758
-131.585
-152.093
-100.052
-161.6
-162.249
65.8625
-68.4509
-146.054
-118.734
-71.7278
-129.358
-119.878
-48.6267
-135.932
73.2099
-102.637
-16.1888
-148.235
-122.699
-167.538
251.577
-147.176
-113.898
-130.207
-41.3866
175.271
-33.1132
258.914
165.333
-131.142
-94.2204
-120.934
-126.079
-136.493
252.345
251.821
-140.622
-135.78
-118.973
-117.198
-34.5635
-166.637
166.583
-109.09
265.981
-40.2104
-112.048
255.696
-120.774
-207.271
255.835
271.613
-20.3077
184.835
-152.25
163.719
-180.31
-126.042
-180.599
-147.78
4.4511
151.71
-51.4274
266.403
-155.019
-22.4223
-142.132
252.868
-164.164
135.355
-71.8184
-51.7344
544.631
-41.4724
265.255
151.952
245.482
270.291
-125.568
-125.263
148.196
259.112
262.696
1.4983
-154.846
159.978
-118.251
-137.507
-50.5789
88.7147
-28.2013
-164.937
-82.7597
-116.975
-27.0405
-22.2432
-166.291
-33.8491
171.838
-13.7331
-166.398
240.224
-124.48
-129.178
-36.058
277.681
214.463
-150.844
-107.764
-108.916
-126.017
-95.6146
-136.079
247.366
-24.0562
225.045
160.132
-3.15948
266.861
367.072
136.318
-37.3633
154.955
-239.681
-166.409
-13.1017
-98.1982
-130.957
-94.5353
-119.847
-58.5134
-134.564
-63.7543
-23.573
-128.766
173.88
258.657
-34.7097
-128.452
144.552
181.811
278.375
140.58
-167.575
84.4807
-23.7839
363.183
-136.05
-147.79
-162.568
-121.836
452.622
-128.092
-122.542
162.922
-161.374
-114.437
-131.481
164.782
159.101
-34.6154
-31.0663
152.351
-185.029
466.477
-56.9734
259.444
-136.221
-37.5026
-34.5535
-10.083
83.5571
-126.317
179.203
-159.279
-101.129
-116.354
-19.2885
394.759
-124.511
-45.7673
-78.7192
191.284
285.712
-33.8408
-25.6792
-58.0864
263.585
333.323
-39.503
-163.996
32.1799
-35.4461
-29.7564
-28.1365
229.988
150.431
-159.921
-93.4093
-109.19
-152.309
-170.919
-152.193
432.668
-213.346
163.971
-40.7657
-73.0326
-37.8912
-144.513
-36.8297
-42.0305
177.88
-153.482
-38.1643
268.046
-136.866
-113.368
-133.996
-27.4908
-127.161
136.454
130.325
-125.909
-115.211
-83.0788
-36.9069
-35.4976
-147.775
-154.734
-140.606
-58.9907
-137.192
-33.9749
-38.7965
-150.142
-63.945
-140.086
-117.28
126.931
-149.784
-45.5119
-58.2363
125.461
-152.068
-16.4735
-118.034
-151.922
-145.007
9.73587
212.783
-159.204
-72.1735
188.933
-226.103
-134.231
70.3682
194.699
129.242
-135.343
-31.537
178.524
226.006
-109.733
-64.3111
-40.1096
-126.347
439.19
-142.177
-108.913
271.007
185.308
-127.19
-138.781
-221.655
155.288
-140.573
-17.3163
-215.435
-103.664
-149.297
156.608
-122.388
-6.44277
185.038
-132.267
-132.098
-144.711
228.344
-110.731
248.269
-184.362
-143.179
270.775
26.6743
-166.751
-111.482
193.496
243.796
-23.6615
-129.224
298.613
168.428
158.757
142.146
575.796
-89.5663
-181.338
-159.273
-17.4707
193.223
-30.0142
270.251
257.622
-26.6803
-119.999
-139.859
-210.183
325.432
-63.4764
-135.235
188.336
186.131
-31.0836
-36.3247
18.7703
165.267
-158.431
176.285
167.647
-151.643
-119.302
-159.24
-129.93
261.312
261.052
153.851
-144.934
271.712
-166.373
-112.978
177.358
255.167
193.467
-187.729
169.277
-123.681
-24.9836
268.935
238.902
-58.6161
266.647
182.952
172.657
49.7728
240.145
-142.221
251.636
-135.272
-129.941
-79.4448
253.323
146.15
249.888
-24.7753
173.83
-162.422
250.604
167.529
-29.5755
182.996
169.4
-23.502
-170.599
-49.6777
-230.103
183.015
-163.119
-30.2368
-125.976
-29.0697
-34.1181
264.652
147.318
-144.737
143.878
264.758
267.256
-106.152
145.386
171.731
158.492
168.128
-111.641
2.5703
-24.8849
-124.15
-66.0241
265.662
-216.656
144.299
155.28
128.936
233.08
316.733
273.194
-118.852
-132.637
178.579
-30.154
-130.584
85.721
173.428
-26.3007
-155.951
189.115
-72.9791
8.24521
164.058
169.815
-113.546
265.618
141.177
259.258
149.078
256.988
261.873
245.36
-22.6372
-32.0269
234.162
-208.825
160.02
-101.686
-33.5365
251.331
-50.3411
-22.4969
-135.603
133.802
360.715
141.088
332.955
-144.305
256.8
306.824
142.381
268.65
156.901
52.3575
253.892
192.609
45.3994
-160.804
-92.232
-148.16
177.891
128.129
183.802
254.704
-104.19
158.947
-144.843
-130.906
-111.802
-115.083
-96.1633
142.154
246.718
-14.2777
-158.514
-123.244
90.0993
263.535
-45.9379
156.229
-125.496
302.851
197.695
-128.88
-38.3808
-122.627
-76.2104
-108.639
184.704
145.264
-129.958
-140.15
168.644
130.866
139.745
-43.9083
-155.211
-151.206
-142.241
-40.1818
153.722
-10.094
-29.8249
-130.509
167.808
-124.738
142.944
12.0115
269.667
179.034
188.97
-148.611
163.147
-84.9641
228.953
-125.411
157.847
-116.633
265.428
190.028
-32.3798
258.527
145.082
150.698
-24.389
46.4394
143.029
-124.054
-127.311
-125.026
84.7234
-27.9336
158.005
176.037
-148.319
-30.8146
140.859
-107.703
-138.672
141.535
-145.225
-24.3348
-130.211
-134.18
184.569
-27.8148
-28.4088
172.351
174.755
168.869
-0.218427
23.506
197.837
-114.743
-120.619
-147.219
172.593
262.395
187.125
-42.9212
166.396
-118.489
177.727
-128.636
-152.506
337.458
275.767
-104.367
70.2412
269.004
180.253
-122.815
330.58
159.279
255.52
207.533
257.839
268.695
-107.265
182.361
-140.095
144.529
167.935
171.075
-130.376
240.239
177.907
180.16
158.64
271.878
-126.023
-139.66
-124.215
243.711
-48.9124
251.734
166.865
6.17778
-127.905
-57.4336
174.637
131.666
-148.167
-129.516
170.045
243.83
-102.459
183.926
259.014
-155.761
-119.301
-80.7161
249.576
-55.4193
268.912
151.186
169.587
308.671
260.62
265.958
186.092
-216.08
-116.094
258.828
-28.0642
-141.484
-117.113
158.813
264.019
159.463
-195.106
191.9
135.415
-147.549
165.243
259.2
-4.77707
162.412
140.975
228.826
215.842
259.808
179.615
-145.732
-42.0455
-147.424
166.889
-119.986
243.199
138.982
-37.9238
96.4043
172.404
245.115
184.345
174.171
263.584
169.494
-121.36
-126.753
233.66
171.174
142.389
260.967
184.522
-127.373
-52.2668
256.901
-29.2485
259.532
163.395
174.975
-43.4412
67.258
-44.3275
180.494
369.457
-20.714
-163.551
36.4299
254.095
162.968
174.177
-44.6179
136.87
-234.775
81.6601
258.268
140.911
-150.836
283.403
-123.313
-143.894
172.064
178.522
179.058
172.259
150.38
384.316
-103.721
-29.3302
-21.2027
-42.3704
177.273
167.469
-136.199
-143.764
-178.975
273.834
-55.8522
254.926
-40.7823
249.317
261.556
-39.4786
-127.721
-132.689
164.354
-43.6483
263.029
171.915
-134.771
-74.9036
258.562
252.35
467.158
152.985
-78.7362
155.505
173.244
273.095
260.443
182.178
221.498
267.651
187.161
137.225
274.723
166.845
96.5608
-135.844
259.581
170.675
-120.781
-150.505
257.735
135.294
-177.843
-112.273
277.956
-35.8166
-121.927
256.872
165.42
-137.012
144.291
162.236
149.468
166.251
-182.431
185.674
131.949
161.47
158.476
-128.054
159.314
117.631
259.226
-152.974
-173.534
365.522
-111.467
259.779
188.476
173.384
-35.3761
140.18
-122.826
164.783
155.012
-114.855
-98.8118
163.139
-137.545
153.437
-230.698
160.432
-27.2144
-99.6864
-154.053
278.382
177.571
-128.187
286.955
-104.739
-191.834
209.588
150.352
-221.967
181.731
-121.223
151.47
263.735
191.284
-120.608
-142.263
155.404
252.74
-16.3992
238.838
-144.598
188.66
-144.191
256.499
-133.16
173.838
23.8863
-75.7511
285.044
138.664
-28.3235
172.083
255.496
-131.853
160.819
180.391
160.363
-125.995
142.304
-145.134
144.826
-206.814
-31.6298
176.199
257.614
141.157
-154.108
-138.845
272.473
-103.35
-108.21
243.433
-111.267
-168.758
-65.0972
156.053
250.884
552.739
159.669
162.293
-24.6315
-152.093
205.646
264.507
-153.586
171.388
273.774
-151.703
80.1513
-49.4885
272.852
-24.2697
-129.934
-128.404
-6.75685
193.378
81.4521
-20.1461
266.641
170.086
143.72
261.261
339.163
-118.771
160.867
157.656
198.095
161.39
176.762
-129.287
345.482
155.996
165.764
-25.8404
169.878
179.808
149.747
181.285
69.8722
149.231
-133.376
153.861
160.516
272.394
-123.372
268.151
166.931
-99.9481
-130.686
174.231
182.104
178.801
197.185
165.087
147.815
-142.755
-43.9849
-24.6448
-132.089
138.75
-121.429
262.48
-27.3738
151.897
289.716
-132.797
-110.404
174.377
-145.865
157.284
-112.911
-158.481
180.821
163.104
265.704
-46.3751
86.8711
-157.173
-30.6151
-38.1063
-103.255
-206.572
-158.173
-46.1285
-133.79
257.152
-141.109
185.095
191.045
173.845
-109.731
169.162
268.619
146.286
-139.23
128.937
-112.933
-137.373
-124.884
371.464
-171.099
-97.6058
-33.5129
260.187
156.867
-155.292
173.63
-36.6129
187.995
-126.514
253.356
161.549
265.694
157.605
163.583
172.933
-68.4416
142.192
-122.809
189.432
179.279
361.54
-32.6062
160.445
167.7
274.245
257.409
64.552
-138.779
256.119
146.746
-117.22
264.876
252.097
151.195
-27.0833
362.494
269.732
177.335
268.097
-153.634
170.156
172.761
-139.816
158.013
264.568
-138.645
-150.725
-153.388
-41.0183
168.945
83.0414
269.556
-139.138
159.172
177.384
-116.426
-228.516
269.641
-68.9945
-124.014
396.12
163.91
-128.393
153.584
-155.553
262.199
146.508
156.692
268.11
-72.2337
173.292
178.142
169.698
261.131
249.204
-128.846
151.925
141.994
429.342
171.949
225.85
258.813
272.171
244.886
-123.145
179.219
176.078
-30.2148
181.536
167.385
239.378
142.649
187.975
266.112
174.024
-119.829
227.076
72.7699
256.216
177.48
261.077
-163.156
176.173
196.454
177.41
-105.983
-183.774
180.798
257.301
164.796
-31.3305
0.420567
182.596
274.694
170.083
173.071
-157.114
355.625
-24.2393
451.769
160.023
-128.071
251.759
135.422
176.787
152.586
-132.07
-144.964
446.48
156.704
254.878
328.06
130.521
167.47
156.42
156.785
192.63
-130.457
320.582
-127.526
-21.6941
347.418
-44.967
241.692
268.029
-139.511
-127.784
280.255
-119.899
260.211
-63.8814
158.69
-151.733
235.933
252.516
158.761
-159.733
-159.653
163.329
179.455
-49.3468
174.145
176.75
-197.821
263.165
232.711
-135.96
266.312
-174.484
-32.2605
263.77
253.154
169.165
172.99
-37.8998
167.896
169.86
-143.664
125.93
-154.913
250.627
163.666
264.627
172.629
155.265
170.8
163.673
263.716
-90.8901
-138.262
259.455
-126.272
170.134
181.73
-110.849
139.112
-106.784
-95.2136
-142.983
-130.762
264.362
255.384
171.834
272.748
183.047
174.683
180.194
-134.872
294.159
-152.763
-37.9529
302.378
170.286
168.761
258.164
-137.076
188.193
257.463
326.815
147.651
173.953
159.341
34.4638
-23.7494
258.812
271.212
160.906
-128.654
248.584
262.06
157.399
-25.1281
-119.137
-40.2453
176.132
-14.6097
162.769
30.8489
-38.5878
175.11
174.214
249.937
287.213
235.849
267.882
-123.446
185.114
264.493
232.715
90.968
-214.694
168.575
274.73
161.18
-119.53
180.128
-8.6054
256.875
-164.751
-19.3677
158.555
-17.7866
165.657
348.042
-56.9154
-130.397
140.526
-25.5571
-110.795
158.658
-31.8161
160.479
-39.4488
181.484
176.803
-171.933
154.755
-13.6468
-22.1193
154.76
168.126
279.249
268.228
-41.9126
153.25
-112.167
-22.0353
273.636
163.386
256.115
261.75
-230.821
249.29
-125.219
-131.948
178.468
172.391
124.583
161.472
361.016
-140.322
306.939
257.292
84.2649
265.571
273.636
270.899
159.961
57.3837
167.229
146.48
-65.0955
170.52
192.983
147.458
-24.2391
-72.2952
151.341
262.469
-181.768
-209.373
-32.1821
170.433
77.4957
252.608
135.384
262.542
161.376
269.53
258.251
238.229
257.717
-33.3399
-233.581
73.2527
86.2696
-161.558
169.243
280.468
174.96
-28.6136
160.607
-107.346
289.372
165.149
172.273
264.558
171.556
169.77
135.507
-141.497
275.84
175.253
159.861
195.544
196.871
-139.696
265.834
183.216
-26.1798
270.034
149.209
-161.968
-94.1211
175.088
139.856
261.747
181.91
-86.5284
141.487
-49.3039
360.426
-94.0445
271.382
229.915
-181.585
161.595
150.022
168.578
-118.449
250.649
-144.503
157.662
176.358
183.031
144.12
133.623
-130.855
260.353
162.941
-21.1821
174.902
163.952
183.004
-211.867
-143.556
-141.233
171.433
-116.744
283.536
282.562
296.861
144.702
-134.452
255.025
158.639
-31.924
-117.164
155.816
-131.77
-15.6612
261.338
172.558
265.57
197.852
-128.262
-103.267
189.245
169.954
271.038
158.222
128.225
-124.914
84.7667
-163.944
171.466
-30.5304
-130.499
355.442
264.569
227.419
-150.423
140.858
164.388
169.726
162.888
-121.7
262.963
462.514
259.484
-27.6511
-126.353
173.138
-12.5082
263.047
-26.284
203.531
260.957
174.75
182.614
183.752
-135.936
-28.8465
268.516
235.162
171.387
182.285
-118.041
-148.876
174.789
260.23
169.526
264.516
354.077
-76.8062
164.861
281.167
264.496
160.223
-154.062
266.115
167.758
168.053
165.152
166.996
186.062
264.098
162.843
-149.523
-132.102
167.286
261.924
264.839
-134.996
265.862
140.287
-222.046
-173.04
-26.4201
-142.929
261.191
155.312
166.979
259.527
69.3091
152.293
268.734
168.391
128.166
148.829
159.039
-134.948
-98.3008
171.71
-173.766
194.883
166.331
260.904
260.285
-136.077
260.902
172.053
259.851
-136.862
123.285
160.022
261.788
164.945
162.763
187.837
-162.762
187.298
149.803
-124.241
-111.967
172.708
153.997
274.01
-152.78
175.913
146.491
238.951
162.788
172.066
253.33
-179.301
-34.2539
-117.977
-118.23
155.608
168.005
-179.432
175.301
130.06
160.906
140.651
-123.307
-126.314
148.398
263.417
361.091
-124.126
-105.877
257.765
349.961
182.757
143.238
-158.35
-183.606
160.96
161.895
142.797
266.531
156.281
246.256
180.923
93.426
175.064
461.546
181.548
-173.377
209.678
-28.9568
354.867
181.759
258.443
-114.386
459.782
358.583
-32.0926
167.398
-120.006
137.199
154.966
165.578
-146.933
258.161
378.754
260.856
313.122
258.551
179.415
174.484
171.492
269.98
271.022
186.811
264.746
171.324
-76.0826
163.977
277.097
260.023
-140.955
135.304
165.577
-134.061
17.2218
-190.081
-33.5258
-230.262
-119.745
-134.003
255.376
244.715
169.502
256.334
175.235
147.179
-124.247
-119.883
166.336
65.2206
258.821
-108.09
265.618
166.438
-47.9667
279.642
269.964
177.607
169.062
-29.327
-148.02
190.882
247.082
162.734
251.75
171.3
155.202
258.219
-134.296
168.025
149.92
-130.808
263.696
-117.244
159.201
262.646
176.824
177.628
262.239
-36.7122
-108.364
-111.035
-143.768
-151.201
144.163
-86.0246
-132.613
174.428
185.781
164.492
175.599
83.9184
274.275
269.062
264.846
-143.157
272.134
273.979
269.035
-35.8687
165.324
-117.706
264.275
-134.297
270.23
-166.401
-123.522
276.79
168.74
175.11
-124.205
274.282
170.486
229.221
250.569
171.247
159.992
188.587
281.284
262.705
265.978
172.465
-118.098
141.139
-133.832
266.359
150.965
-132.304
8.2592
169.305
131.965
159.602
168.789
-127.685
158.739
138.201
-152.225
270.198
-115.629
164.335
182.275
167.599
-156.89
171.909
174.404
170.018
177.533
-143.949
-119.836
163.31
468.642
-133.989
163.357
-35.0795
284.643
-152.366
122.642
252.856
235.487
368.039
258.054
162.204
260.382
173.733
269.083
-130.292
263.834
-28.1945
268.558
-164.62
20.7972
-12.2413
166.901
-8.53525
225.556
158.332
176.278
155
-153.739
179.314
269.443
282.805
-36.1874
164.308
264.694
-28.0891
190.043
263.977
268.189
271.875
171.426
175.155
264.537
450.649
-40.9158
164.156
169.343
155.866
142.285
190.349
131.919
181.247
171.704
-119.927
166.524
131.303
-40.5529
273.988
270.96
256.519
150.632
-37.5832
-113.199
-29.738
-108.194
169.234
165.021
291.245
246.541
576.062
-109.369
169.033
128.146
266.73
138.179
356.789
166.264
266.876
172.156
-133.886
270.542
-34.1312
252.144
257.476
272.2
166.538
171.001
-157.843
169.53
153.039
261.776
-24.2704
179.635
247.156
262.262
265.931
-53.1653
253.395
275.193
-34.8308
-140.554
276.259
164.156
270.731
-143.814
263.163
132.355
175.567
176.92
-34.4791
184.203
163.854
-122.875
-136.207
249.26
230.903
-198.01
172.052
-224.772
271.991
247.6
-134.472
267.845
151.035
178.884
266.5
34.015
144.565
159.328
-120.041
165.27
269.493
183.533
260.219
-23.6231
176.498
138.37
175.123
276.877
189.426
262.569
260.287
172.46
179.113
-131.962
160.753
173.823
138.152
181.075
180.807
179.997
-24.6399
138.654
-144.341
272.207
138.698
152.692
278.777
181.205
146.031
258.711
143.633
269.13
255.167
262.843
162.85
-14.6005
167.139
271.305
205.99
148.372
-167.415
148.744
273.116
256.286
198.159
158.985
270.909
134.955
267.009
-127.543
270.773
161.572
171.389
181.541
371.285
250.618
164.291
-128.957
195.536
153.719
268.065
158.206
175.137
268.218
-131.071
261.253
155.251
158.656
-165.294
-29.8636
153.725
-139.645
-21.2145
142.789
-168.23
-126.924
263.924
-28.6185
175.905
286.664
141.048
270.117
242.345
-137.125
168.713
155.595
255.058
262.652
360.563
145.686
-155.734
262.683
-38.2886
142.515
269.136
258.383
-151.701
174.005
268.126
241.408
162.323
168.46
264.857
254.695
160.753
-126.838
264.208
-86.281
143.663
144.415
247.102
368.314
132.372
176.786
153.345
-117.813
272.362
167.039
145.356
267.467
282.539
192.542
142.664
-28.244
-62.0136
-157.583
255.319
294.59
-152.518
260.822
196.974
-131.664
175.936
259.485
145.657
-109.883
177.692
19.8758
161.985
172.294
139.351
-26.4085
-25.3468
258.652
271.659
268.79
155.992
230.067
-148.527
269.764
163.486
258.578
262.398
166.064
190.204
223.139
167.716
165.332
263.353
242.513
163.343
279.138
136.751
-130.88
-139.386
-121.008
-130.107
289.384
147.36
163.162
-134.766
176.23
267.731
262.765
268.042
161.183
175.547
167.304
265.66
-27.5629
263.727
-132.479
-128.266
168.945
-117.449
186.999
-38.9645
-157.776
354.382
181.262
153.892
361.906
154.021
244.26
-151.222
-122.279
165.904
176.227
174.911
168.514
127.361
145.646
270.38
179.813
130.29
171.062
172.655
-133.656
154.195
168.502
172.529
138.377
147.158
237.088
370.779
-162.982
155.952
-127.682
273.039
127.394
-25.2605
-161.582
263.139
-115.566
266.468
203.047
161.42
181.877
160.296
-23.5658
-161.384
257.869
255.691
162.853
280.534
131.538
250.563
-1.8025
176.083
-27.9493
152.454
-105.456
261.994
181.957
162.968
166.178
-137.112
174.823
-163.928
432.122
167.941
374.174
168.311
256.986
272.295
265.479
-133.287
151.227
177.495
273.641
153.995
152.245
273.124
151.006
101.135
183.317
239.861
167.951
166.586
-155.279
303.154
-37.7281
151.453
247.918
177.861
172.691
251.647
141.97
261.334
259.403
327.294
149.581
143.379
162.379
163.793
176.879
227.407
503.224
176.918
167.366
259.525
168.261
261.241
149.353
238.995
165.227
258.016
259.461
154.863
145.277
-113.566
187.931
252.804
268.194
164.361
165.751
-32.7372
258.534
127.502
169.993
288.697
-131.279
164.814
-121.282
-125.571
243.839
249.075
267.804
169.604
248.026
265.913
268.111
231.003
93.9899
-115.01
156.903
-23.6436
142.505
259.016
88.4441
-46.8249
-114.918
270.075
170.639
180.989
249.959
16.5151
180.824
245.331
158.623
264.278
-117.794
-218.509
153.748
-206.874
166.414
-37.3932
-116.307
163.371
187.938
158.098
178.6
158.513
172.849
126.335
158.633
-129.712
-122.808
172.164
146.129
193.667
-90.9919
126.408
251.535
-150.26
269.322
170.349
-111.31
173.666
-115.108
251.618
171.403
158.83
332.838
-118.882
-114.086
263.636
189.32
157.569
245.45
154.864
-32.3565
-148.674
-55.0574
253.208
260.268
172.13
276.547
171.008
165.497
167.356
260.881
272.706
-40.7148
175.045
156.734
268.681
-142.275
279.331
162.61
262.452
136.067
270.616
258.871
-109.741
-25.3265
-109.269
354.618
-1.90361
249.166
164.026
273.139
262.385
188.931
175.096
171.075
264.1
200.61
167.567
165.822
173.383
-113.37
164.748
184.401
163.34
247.608
250.412
-31.7011
264.543
143.282
225.932
168.974
261.031
166.622
-35.4646
259.662
230.938
156.968
255.536
160.3
165.859
-237.759
170.097
249.034
-120.463
-18.8482
295.095
167.147
171.175
189.376
-161.022
-24.4082
170.294
167.134
181.012
157.314
258.039
-50.2365
198.201
128.67
-115.018
265.055
176.965
160.815
157.154
161.107
271.842
245.75
266.81
-112.557
162.021
75.9885
-34.1054
260.468
245.174
-148.279
78.8495
259.751
155.714
150.856
-34.7966
155.823
273.883
165.507
121.509
283.622
173.109
268.689
154.312
87.9858
-131.144
167.004
165.026
172.406
-141.761
163.737
171.101
190.929
259.442
150.248
161.28
180.619
265.186
150.544
170.568
173.881
232.399
165.651
180.459
-30.2265
162.589
130.837
273.358
264.976
-129.858
257.402
163.403
129.136
-118.629
-36.8252
261.088
176.483
-216.963
64.5726
257.812
167.786
76.2367
162.935
85.8843
183.903
261.95
271.61
261.971
191.559
197.308
143.522
267.321
152.998
173.55
259.733
166.301
178.783
276.557
142.012
268.363
376.055
-101.62
150.709
161.683
263.664
172.921
-108.37
143.311
174.364
165.956
-33.7495
167.656
183.077
-147.67
177.642
271.432
171.911
170.152
139.247
161.205
159.572
269.883
263.485
-137.496
149.328
254.737
-126.838
262.997
171.414
258.491
172.63
255.32
177.855
-116.822
258.917
141.123
172.937
-37.2863
166.617
170.835
147.021
273.981
-153.159
170.417
251.617
-146.081
271.152
199.367
-55.0463
182.999
248.67
-168.451
270.994
-120.385
172.167
-133.101
164.248
154.414
161.964
152.952
355.904
172.959
271.83
275.246
-115.842
167.943
173.951
167.327
152.402
261.487
166.032
-136.119
137.294
144.701
176.833
176.402
471.504
-133.723
258.769
-155.984
278.109
-33.0275
265.518
272.346
163.819
-90.277
190.647
154.855
-96.1012
168.722
-115.728
266.964
164.235
226.187
90.7657
-30.0854
184.376
-17.1373
157.714
164.547
155.925
157.914
-151.898
272.356
-163.206
-121.486
154.287
270.473
160.265
-11.9145
266.096
258.853
262.85
263.462
178.58
258.461
140.777
148.188
187.639
278.576
-138.314
273.679
-41.6693
184.929
149.27
169.737
250.04
254.21
168.669
147.172
149.795
160.997
-141.897
168.582
262.133
351.466
-125.972
205.018
172.627
-131.611
134.214
190.531
-113.95
182.247
168.286
261.613
181.471
178.475
144.939
156.59
164.977
259.544
171.67
165.286
168.728
160.444
159.111
264.872
150.035
-126.706
137.475
268.529
165.759
266.884
78.887
257.618
176.044
261.031
-135.569
158.297
-34.9207
179.612
166.089
231.495
-41.126
289.153
71.8795
256.489
-114.207
246.958
-145.723
256.322
177.476
153.956
186.04
151.226
146.702
215.722
179.56
180.168
145.437
259.94
172.964
-32.7641
261.9
271.267
253.352
266.067
259.669
290.716
-27.2053
180.279
-129.154
189.599
162.544
-127.353
167.474
225.579
169.358
266.678
566.692
247.24
-135.765
172.843
171.597
166.275
259.266
142.157
258.923
272.528
270.45
-146.055
-153.226
-42.2814
-105.428
264.217
151.579
265.494
167.317
-24.152
-40.2814
-169.085
262.659
269.037
-25.5629
-37.77
275.083
-129.297
262.396
-33.3102
129.568
147.228
281.412
182.171
157.635
257.717
-121.624
260.702
161.427
172.198
268.151
262.796
-42.7689
258.359
-118.721
-29.5822
-34.6792
-134.89
71.2651
168.553
265.557
265.277
170.078
165.392
253.949
-126.421
154.162
266.731
-24.0568
265.377
152.466
-119.66
-145.165
-173.74
161.375
243.161
264.002
267.203
170.026
278.616
164.745
156.122
268.215
248.425
-33.5497
270.73
-103.618
-120.993
179.544
-210.335
170.92
-33.9671
281.426
188.336
262.315
156.102
263.098
168.732
188.447
157.436
250.216
-138.615
160.1
164.532
-106.166
-101.221
255.63
170.731
267.538
264.921
169.058
171.941
259.902
139.829
259.687
143.312
256.116
188.541
182.521
260.849
269.899
179.526
280.745
68.8088
-58.9522
267.274
153.608
177.332
176.226
142.557
179.977
176.898
163.022
150.471
162.698
271.336
-125.719
170.301
142.823
166.635
253.301
176.119
261.319
-3.00116
184.256
177.452
137.201
263.552
248.291
376.418
-27.0465
197.723
270.344
168.401
144.454
175.595
244.929
174.543
154.606
66.7125
-59.1798
271.45
176.164
-97.2296
177.516
258.265
154.055
145.963
173.617
171.536
176.085
-129.094
214.949
168.929
156.289
151.967
141.091
161.902
162.225
218.318
191.186
263.273
249.718
181.61
159.192
149.77
-26.5319
184.141
264.572
197.945
168.088
271.726
-115.797
176.82
250.813
-125.016
114.276
-95.1598
189.839
286.903
266.434
272.726
260.661
162.789
150.557
-37.5727
170.534
263.506
265.787
258.61
157.647
-129.563
182.56
155.238
174.626
69.5692
162.58
288.444
267.153
140.982
-135.007
150.834
149.006
127.558
253.313
266.09
175.734
162.969
170.456
-38.4891
-130.807
283.303
259.302
171.823
272.086
150.492
176.071
253.717
265.512
174.746
175.197
182.305
182.723
136.258
180.21
267.286
264.998
460.579
137.285
164.511
-25.3359
64.433
167.291
164.697
170.738
205.575
171.369
155.158
166.368
263.842
261.624
249.987
155.702
-113.118
375.237
171.104
-153.169
160.798
182.05
181.005
165.711
257.179
150.617
258.691
180.462
163.805
151.492
-118.53
-29.1489
162.126
-115.476
-106.84
265.31
-87.5536
252.273
-151.406
159.187
167.333
-29.4681
84.0848
220.215
389.874
183.588
-120.937
270.597
256.545
157.124
268.069
173.345
261.806
-1.17543
171.645
174.699
264.371
166.083
170.29
171.983
-24.9538
-30.6408
144.207
196.787
371.765
167.966
262.476
348.967
227.752
159.366
-36.0394
262.015
139.256
183.33
185.674
269.542
174.688
166.335
168.679
255.955
177.659
262.364
146.053
249.43
166.425
233.287
-36.9429
163.374
265.645
143.172
168.744
175.082
256.847
-147.415
180.111
257.698
265.204
-223.443
257.862
248.349
164.682
175.455
161.492
139.603
170.724
275.256
151.602
140.124
265.156
263.744
128.42
134.399
189.43
259.077
139.454
157.901
159.232
287.234
181.074
169.737
-23.5556
261.422
264.216
-118.942
-208.839
166.74
-163.162
174.598
-79.4643
135.266
-147.36
142.503
119.484
-6.67778
227.612
265.553
167.395
167.08
154.97
268.824
164.475
-128.545
170.417
346.542
160.645
264.638
157.009
-144.645
166.72
166.431
-24.8677
168.223
178.179
253.957
-25.6606
162.491
272.484
157.424
-133.859
248.278
170.847
-117.847
-118.022
253.936
158.799
159.819
261.07
181.637
149.064
261.764
272.531
-146.614
-133.33
-129.525
269.845
175.661
171.542
224.863
265.306
146.11
-120.864
165.417
177.141
361.262
163.688
-30.0542
269.865
266.69
345.767
135.593
177.634
277.452
-36.0593
134.623
172.005
160.408
158.578
81.9748
168.684
140.626
271.036
146.041
-149.392
158.639
164.015
183.206
160.733
181.364
144.914
257.625
267.711
180.347
272.985
266.049
259.575
194.464
-66.6828
161.323
255.869
-125.664
185.822
262.189
-51.6317
160.601
268.812
276.924
270.545
267.348
275.834
-84.9468
-125.084
204.331
31.5021
152.322
290.678
262.358
260.23
-36.7287
275.514
255.901
261.969
24.626
269.551
102.553
181.479
269.584
164.343
256.844
153.888
254.954
177.773
155.562
169.294
285.8
279.762
226.661
-134.022
143.426
-131.594
159.474
76.448
250.096
144.485
258.537
282.886
269.816
174.45
284.386
268.142
155.147
247.552
268.328
178.35
266.061
269.45
247.592
161.118
170.24
259.308
183.816
174.804
-130.192
167.688
271.393
261.549
149.933
185.554
269.562
260.211
166.428
171.34
282.251
-137.291
199.095
154.023
181.505
158.892
-119.316
262.407
-155.579
178.642
259.986
146.843
272.678
259.993
236.426
262.379
163.183
267.343
257.993
177.091
265.919
179.038
153.928
256.896
-115.062
194.981
183.345
156.408
-158.168
262.791
260.224
266.918
237.13
151.165
84.0424
268.233
282.208
159.14
261.137
-154.219
154.331
173.531
254.366
174.604
156.556
170.415
-137.271
163.671
-213.455
265.349
227.413
266.19
465.947
-115.649
184.745
185.196
-113.525
256.226
-25.836
179.62
169.35
152.987
341.794
260.061
249.468
160.31
-131.551
-121.035
168.403
164.224
275.175
268.911
168.45
159.416
266.723
126.823
251.674
172.713
384.619
274.7
154.028
162.71
261.855
257.372
151.804
160.195
274.899
276.018
250
265.742
159.656
-135.346
444.432
160.747
-98.2231
261.06
189.737
-157.209
172.045
176.834
-137.27
268.533
163.875
-30.6834
168.91
144.895
-33.0138
160.941
-162.792
168.816
264.291
165.579
167.247
165.086
150.121
-156.663
156.129
155.293
277.443
268.559
161.632
271.251
-149.2
157.45
273.307
268.96
173.99
171.305
129.061
-149.86
267.449
-26.1859
126.887
-114.32
-232.565
165.302
252.042
259.647
177.581
256.306
187.149
269.958
465.11
175.691
-113.42
162.333
63.9278
154.379
163.682
258.478
330.698
173.608
272.19
270.98
149.689
157.665
-114.255
172.33
168.841
176.908
-155.256
150.36
261.734
180.382
269.242
161.786
260.68
-136.497
-125.44
260.622
261.316
161.973
-157.7
270.962
153.903
-144.966
-132.049
198.081
193.324
130.009
73.0694
171.088
155.283
-30.4664
143.838
257.808
165.298
263.872
167.006
264.434
266.133
179.201
189.82
255.225
159.368
164.743
-34.1393
268.848
170.142
266.498
162
152.282
-235.652
-31.5855
265.59
68.9263
-94.0837
170.432
191.645
180.93
167.966
278.18
131.48
174.245
233.447
130.551
169.542
174.102
-126.711
340.252
181.308
269.507
173.003
161.002
164.444
254.227
-22.4647
262.581
188.109
267.394
178.531
164.76
150.405
177.036
164.846
474.182
171.304
258.864
170.807
-162.434
261.901
260.187
93.8452
173.162
172.607
-26.8693
171.503
269.833
165.279
261.584
172.12
256.864
141.162
164.174
353.095
167.72
192.106
275.952
260.222
159.075
174.441
174.509
171.2
269.384
174.684
265.13
42.4074
152.044
256.355
167.364
260.96
-186.92
160.475
174.952
-25.4402
196.301
175.805
167.456
171.121
91.0414
262.545
266.632
142.53
-126.961
138.363
266.232
188.556
181.689
373.897
-33.8418
267.023
164.664
269.619
-32.2004
263.688
-112.405
173.721
185.736
264.801
173.612
266.358
272.446
185.394
264.288
168.514
259.671
358.157
277.31
-123.534
161.919
260.481
-30.9982
-134.843
157.324
190.523
143.708
184.008
251.353
274.468
-176.704
172.028
260.576
260.893
133.243
239.916
174.667
251.317
178.649
264.541
253.19
250.062
161.405
-126.866
-143.881
-30.2336
155.631
186.888
153.633
361.563
165.767
173.143
187.94
180.513
175.26
252.526
232.818
272.247
363.959
155.296
264.724
160.908
164.187
188.324
161.571
169.882
274.101
170.034
176.464
154.13
180.836
261.951
-235.184
180.169
129.331
174.327
157.473
-108.545
193.909
171.733
206.987
258.594
182.12
183.293
-166.048
182.788
70.8808
267.248
189.834
200.437
203.652
259.722
-92.6921
266.552
261.307
261.892
253.923
179.136
125.667
131.058
240.883
-141.717
172.724
144.964
22.7624
267.08
-30.3326
180.369
266.093
-158.713
86.7332
162.314
-29.7135
187.686
277.581
281.327
153.088
179.267
138.438
256.889
268.277
158.372
176.269
178.78
-138.214
264.981
176.225
263.606
178.472
157.708
175.101
174.539
151.016
177.056
-136.647
152.099
-122.681
167.964
151.993
351.548
178.982
267.506
79.2213
270.869
269.55
263.712
192.141
271.798
261.749
157.904
166.296
-135.003
173.408
273.269
-36.4909
173.939
150.023
41.8514
142.807
257.976
167.433
188.732
279.767
271.413
271.538
266.95
170.558
162.987
179.034
161.425
187.552
168.422
163.892
268.878
-108.422
163.343
254.207
138.165
184.347
178.957
189.162
285.929
278.665
144.432
-157.867
-43.7212
164.612
133.006
179.671
-222.319
-36.8038
-32.0436
-128.783
139.443
187.867
263.669
195.209
276.456
247.87
167.883
268.763
152.129
-165.248
175.971
267.316
-121.626
263.277
-124.182
164.79
259.689
151.453
256.224
289.11
168.797
154.768
171.35
272.781
131.983
164.158
194.294
284.502
176.019
179.365
271.851
147.624
176.64
-109.159
-131.841
180.938
264.256
170.673
176.557
137.709
167.715
266.487
270.914
-128.919
254.467
-7.49282
271.406
-50.7741
248.678
152.7
160.701
190.201
180.014
258.546
271.041
261.255
147.833
-103.144
-146.144
286.423
246.24
272.724
156.287
273.406
-130.982
-25.8941
252.253
-96.9954
372.823
173.643
-93.6609
265.848
158.471
257.499
167.82
165.792
185.168
-120.51
-24.9073
261.353
178.456
99.9159
144.052
266.127
374.106
169.209
160.062
260.646
174.763
-218.427
155.772
-10.617
-176.759
361.849
264.627
158.855
262.462
-17.506
269.367
262.634
272.801
-20.5265
68.3628
191.597
177.432
143.956
264.555
173.468
171.113
259.912
181.51
-128.451
172.507
161.845
169.983
156.369
175.821
270.269
274.12
254.921
272.109
70.3556
168.947
134.095
242.015
263.461
274.543
-124.668
-155.966
176.919
170.789
274.337
262.58
162.532
-133.048
161.509
185.132
248.407
257.316
154.77
131.755
-17.8837
185.03
168.391
177.505
-115.251
170.24
165.777
184.497
262.208
254.308
163.906
276.079
133.468
179.369
259.641
267.151
256.149
177.542
162.57
267.323
265.464
158.984
157.117
366.328
177.408
159.053
168.687
161.221
276.462
272.236
-221.276
195.242
150.967
250.55
-126.542
139.276
152.918
168.971
160.902
273.496
-154.932
-129.674
167.708
181.179
271.409
275.003
180.187
166.228
172.101
50.3955
178.1
-144.248
-140.677
174.97
177.283
265.344
-28.6213
-124.914
364.378
-124.157
-134.694
151.501
160.057
226.839
265.761
-164.757
178.352
174.555
250.575
157.583
268.533
171.55
262.398
183.174
-121.697
173.377
-17.3136
261.907
194.469
264.843
167.485
254.802
184.894
276.81
262.7
87.9824
260.326
159.305
-125.779
272.318
-113.498
-142.917
287.074
272.719
-112.728
186.102
271.794
-49.3901
160.048
159.242
12.1919
160.642
-84.5137
144.486
158.447
166.734
93.8802
268.636
265.977
360.516
285.58
-21.0318
146.587
182.658
148.764
270.003
171.503
251.144
177.375
-127.46
271.417
-127.744
259.764
162.854
258.206
-38.9975
165.704
180.477
258.807
235.832
362.051
264.002
260.377
259.168
281.509
261.87
172.54
157.79
-107.609
165.605
72.2012
272.051
157.915
272.183
187.773
253.863
166.188
173.314
193.22
259.491
-163.056
158.954
164.457
249.77
-31.3161
184.413
259.303
175.701
271.012
268.587
-41.2162
-129.996
238.66
265.634
157.3
152.928
163.657
149.674
260.278
271.438
140.816
174.342
260.43
142.567
139.891
132.649
266.443
267.928
-128.419
189.129
264.966
273.183
272.342
172.074
173.125
159.748
256.892
249.077
180.295
156.563
245.439
267.24
-153.957
184.434
266.382
263.451
280.196
252.127
-77.4883
253.828
276.101
262.563
264.295
155.96
162.815
171.42
263.954
145.951
160.648
255.898
174.125
251.803
254.06
160.585
172.561
184.267
172.5
176.228
-116.931
150.876
140.719
263.691
165.869
269.978
259.887
166.665
194.809
262.476
172.018
165.876
349.471
186.986
267.517
338.655
172.635
278.62
134.699
269.371
-20.2551
196.875
256.765
182.727
265.111
170.671
164.103
275.66
258.031
174.436
259.212
250.269
169.165
-40.2775
268.163
169.479
-119.204
168.023
170.781
270.286
255.052
263.433
271.882
-148.961
164.529
170.303
270.935
162.29
183.555
-122.827
-105.788
172.868
266.538
-39.8778
161.661
153.15
135.183
136.809
-140.513
175.833
276.667
143.16
165.061
-119.659
270.676
158.799
137.699
281.209
260.264
164.913
259.605
143.547
-127.204
176.708
173.775
260.932
156.482
145.238
171.69
153.452
270.313
264.371
178.947
151.694
264.675
145.451
156.921
152.054
-35.2092
270.471
170.178
277.621
358.881
374.125
155.85
250.426
172.883
172.869
155.872
264.638
156.598
270.479
175.308
182.905
239.469
162.126
268.276
282.522
-20.7577
-131.637
268.696
170.24
262.976
362.734
-130.045
178.235
276.97
143.037
185.55
357.218
265.241
-134.051
279.817
180.385
265.425
171.973
270.508
-42.0242
254.568
-146.334
-124.069
262.116
168.913
172.406
181.808
164.751
262.652
-122.351
269.823
164.734
154.993
260.914
171.265
162.702
170.752
-134.868
-164.217
244.429
172.587
257.536
183.814
251.03
265.857
269.404
177.724
166.843
154.024
169.096
-34.0926
167.189
176.57
257.897
265.468
267.311
270.389
164.309
168.729
191.81
297.091
259.862
361.741
169.775
260.415
255.834
252.36
157.191
249.986
172.891
195.78
172.172
265.139
173.917
263.439
145.626
265.195
178.583
259.794
-155.545
262.346
270.777
263.936
272.57
139.609
270.893
172.669
-36.9967
261.992
170.123
185.195
271.779
261.724
-95.0486
357.791
267.328
161.361
288.162
263.982
154.699
288.699
247.719
-122.575
180.169
258.109
171.798
271.269
270.94
151.045
171.881
-120.382
171.595
187.863
159.817
166.366
169.971
269.071
266.717
251.929
248.631
164.912
156.183
253.959
-128.896
155.23
177.113
267.525
163.589
175.844
180.109
253.036
178.23
211.737
260.652
248.678
255.321
169.85
268.033
154.277
-145.318
272.412
167.817
168.713
173.329
-47.605
149.663
164.949
171.631
168.368
178.408
256.002
-39.5883
258.962
273.152
164.577
128.551
143.364
141.223
263.575
160.572
173.635
269.853
166.538
171.881
271.221
287.269
277.184
174.238
-5.25006
165.257
-158.811
262.373
161.703
-105.034
157.899
-35.0604
179.335
164.079
-111.868
161.754
337.986
261.075
255.826
227.551
92.6625
183.89
161.229
168.522
141.974
260.677
256.866
269.511
264.545
262.537
186.289
161.536
181.4
180.149
-125.386
172.083
261.54
-16.3955
179.224
-90.6338
262.523
266.916
151.936
143.906
263.84
175.483
163.079
-27.6097
177.899
269.646
84.5806
165.61
166.444
248.618
272.157
153.799
278.57
179.725
264.399
272.49
166.964
152.826
151.156
172.122
163.312
85.159
-29.8447
159.298
-47.0129
258.368
187.066
267.191
265.527
-30.9889
263.422
154.849
-137.147
265.281
254.35
247.248
-84.4371
-18.5766
177.59
272.354
182.506
261.681
258.792
202.057
184.192
156.03
171.197
248.428
275.996
162.284
162.519
185.061
176.904
170.251
171.074
169.442
267.292
279.389
-150.529
142.447
165.519
260.29
138.637
279.861
150.332
263.44
167.918
267.545
-13.8179
350.473
181.604
161.146
244.265
261.945
263.298
266.699
-200.557
252.814
171.903
237.905
167.329
268.697
-64.0442
155.771
175.155
148.44
139.84
-80.1986
168.749
172.588
167.749
170.086
174.128
168.565
177.599
174.266
365.04
74.1792
269.812
-139.702
164.433
-30.1335
274.524
184.927
171.162
-39.3678
264.797
172.471
347.498
132.59
183.798
164.749
181.477
125.269
169.277
164.344
169.648
256.557
162.698
139.212
-40.1921
263.347
178.02
268.188
264.239
269.371
168.451
183.396
184.278
254.382
268.074
265.35
273.677
147.927
194.217
135.227
258.863
262.61
181.816
260.323
-120.668
161.02
257.099
230.774
251.988
172.832
164.686
261.135
141.71
86.4353
167.43
155.161
255.437
-31.36
257.838
187.684
174.659
172.751
-15.8761
158.185
165.282
140.973
169.561
229.914
187.223
155.157
149.148
-19.7244
259.765
-149.453
263.814
171.037
1.58282
262.32
284.145
128
154.934
177.065
160.342
-43.6844
270.872
180.48
-113.319
262.832
183.922
175.043
181.353
-115.445
177.23
269.745
265.338
172.185
270.494
169.649
183.882
176.961
177.343
172.868
174.232
147.945
156.196
169.473
151.794
165.6
172.591
167.322
240.807
166.282
167.843
157.19
276.514
-166.132
-16.1636
181.241
-221.199
28.9072
174.542
258.812
152.635
179.538
180.195
267.093
156.353
263.684
364.324
263.656
172.439
166.147
4.13263
174.664
361.439
171.302
167.108
172.813
186.715
167.827
164.354
-15.9087
172.243
171.48
257.829
235.714
178.793
178.097
202.483
273.098
254.7
240.366
262.574
177.791
166.73
275.272
169.484
269.704
351.353
237.989
185.378
153.965
167.107
177.807
261.592
271.306
277.152
167.33
277.935
165.884
-188.085
157.094
151.697
171.694
276.232
188.561
154.974
194.995
146.86
270.11
187.959
279.856
162.181
185.047
-42.9075
-134.156
261.273
236.822
154.753
145.575
257.349
98.7988
-126.444
-17.347
161.653
262.863
139.658
263.662
176.128
252.77
166.433
267.959
259.726
259.358
169.76
256.7
162.536
263.134
-114.53
166.621
156.557
256.087
149.909
171.076
-38.5152
186.013
161.067
159.059
83.6005
354.002
263.946
171.778
266.075
144.833
-116.081
170.517
259.347
150.502
173.195
164.48
260.127
185.527
256.158
271.885
263.989
273.936
173.967
183.064
174.124
152.45
183.051
279.723
71.1792
168.628
263.794
173.539
295.766
-0.383434
180.063
262.741
172.926
271.407
262.178
169.17
145.909
165.601
266.37
258.824
260.677
-121.115
176.275
88.2081
156.649
255.245
266.093
263.878
172.257
162.294
130.707
264.478
163.518
275.147
167.482
-151.015
284.102
185.378
-35.9742
-144.418
277.199
267.569
-246.468
161.755
256.698
165.86
282.125
-159.094
-126.798
166.186
161.463
174.428
266.771
263.015
-137.742
156.493
182.393
180.197
269.025
164.498
158.48
163.259
272.212
271.06
247.997
-126.433
171.863
259.959
162.347
164.134
244.502
149.264
64.4419
269.878
166.256
264.092
-119.521
160.533
-37.9373
129.021
173.228
174.71
160.159
256.823
-108.889
168.586
-144.03
257.826
176.091
159.751
244.645
249.809
167.583
168.873
-134.478
254.806
263.258
166.06
266.397
-155.672
183.333
272.947
-105.979
260.48
161.828
159.753
169.769
253.42
-162.122
263.373
161.132
174.155
241.818
278.249
-23.0057
269.388
268.094
257.053
174.9
188.851
263.273
266.849
268.207
192.441
152.442
261.725
158.137
266.745
252.447
178.654
-7.1118
174.478
247.12
133.713
175.518
241.197
-22.0481
162.09
155.756
140.824
270.799
263.296
164.558
278.425
262.812
157.341
165.382
172.961
164.072
174.752
158.107
369.259
172.821
168.747
277.271
177.193
154.035
-122.644
-227.511
171.58
156.503
126.083
69.5408
269.076
127.052
262.673
253.195
259.144
159.109
165.828
368.049
236.255
74.3552
263.558
262.644
276.42
159.188
268.7
326.612
151.052
182.989
171.573
-117.69
148.665
-87.6494
160.986
262.261
-125.752
-17.565
158.925
249.919
164.517
171.46
178.385
171.096
261.963
262.951
161.151
157.129
202.349
-117.515
-152.991
159.301
276.11
154.028
-34.0227
263.731
265.461
270.663
155.156
155.489
342.564
257.882
-110.619
171.021
190.622
171.301
280.853
271.751
268.927
-169.172
176.882
166.398
271.317
168.184
368.18
146.348
149.373
276.595
168.065
166.323
443.747
143.023
441.473
163.699
244.454
259.352
261.782
177.909
162.728
362.323
266.972
159.937
165.817
176.642
266.428
171.981
174.222
287.954
170.252
149.67
181.504
176.038
134.13
397.185
178.028
179.967
166.735
267.301
174.838
139.059
281.468
185.245
268.385
273.271
269.053
168.939
-141.806
270.111
157.971
262.525
255.364
285.315
169.981
265.793
144.8
263.064
174.733
267.648
367.626
-104.936
-167.401
264.334
271.637
165.332
-127.576
-142.386
163.34
273.104
288.521
265.18
194.279
257.691
177.775
271.483
178.111
256.034
264.947
256.972
267.627
270.439
268.898
-102.216
176.949
171.785
28.6833
274.779
168.078
170.151
242.792
263.004
156.1
145.504
262.257
150.795
255.611
158.384
266.592
-44.6819
261.015
199.536
225.62
260.441
171.315
275.222
192.6
262.499
168.675
129.554
276.68
285.867
268.282
265.691
290.146
169.009
158.835
181.358
165.464
250.335
165.589
264.501
136.21
254.234
260.439
366.736
268.534
258.199
142.986
149.384
138.656
271.135
262.792
249.254
261.249
177.589
357.534
271.197
170.275
173.049
164.808
167.909
184.875
176.263
267.115
253.018
-240.51
259.735
162.149
151.596
166.533
172.845
265.176
-112.227
160.616
172.625
267.72
-37.504
-168.283
155.122
144.784
-42.0442
172.695
185.103
150.453
266.083
160.591
281.455
166.157
373.496
-171.77
161.853
181.813
268.271
162.653
258.283
177.702
177.535
274.732
258.196
273.339
264.185
-37.1707
173.602
267.103
-110.657
180.066
243.549
250.04
157.937
168.66
257.902
252.751
268.927
-108.771
138.745
176.058
185.785
253.492
359.797
163.633
258.967
155.336
267.694
263.635
263.087
169.563
174.914
-121.626
266.829
263.602
159.542
259.985
178.515
264.523
145.074
251.519
175.251
137.037
177.836
162.421
267.961
251.523
157.084
149.603
176.774
268.504
160.708
151.465
-8.70151
365.082
264.341
-101.474
187.692
192.442
265.483
144.298
151.723
272.74
158.148
161.95
167.434
164.303
184.992
264.512
181.54
-19.1909
193.806
179.222
173.324
357.851
-163.749
260.845
166.511
188.756
271.988
160.394
180.883
169.28
262.164
270.474
252.503
-151.129
162.742
264.648
268.243
166.136
152.047
135.08
148.745
174.621
268.81
172.873
264.703
275.303
141.102
249.233
145.163
158.38
166.185
162.795
250.075
257.196
262.755
176.725
268.791
164.143
-133.784
259.475
270.085
275.428
266.373
153.344
216.2
259.892
269.019
169.383
133.976
-13.539
171.908
252.5
156.667
266.602
152.477
151.776
165.461
-22.3587
359.752
169.743
161.174
267.406
266.402
150.345
183.63
160.02
152.673
267.156
163.497
161.063
178.431
175.226
260.686
266.39
-13.15
-99.4054
266.564
279.142
160.012
376.898
-19.2692
290.377
-124.272
149.853
155.89
171.829
269.599
261.119
258.521
171.241
191.044
150.613
139.325
142.341
179.397
163.384
159.197
271.44
267.108
154.087
279.142
152.702
162.217
281.091
173.664
172.125
163.637
156.984
168.81
147.498
269.105
163.691
256.132
227.055
141.115
267.648
187.519
170.564
265.871
172.88
259.558
156.972
160.792
167.559
180.444
171.716
164.262
86.889
147.672
270.083
142.77
253.567
159.933
75.6544
-23.0863
159.291
25.7214
179.32
254.454
147.477
255.34
169.675
263.44
169.697
152.236
265.679
183.715
-124.635
263.527
179.038
263.259
190.061
165.772
266.052
248.722
227.816
253.595
150.413
127.12
262.339
251.382
194.966
-27.5454
167.069
-125.879
276.531
145.304
254.528
267.031
263.376
261.199
255.769
266.581
158.825
159.938
257.119
331.272
263.159
356.883
257.48
184.589
263.495
268.412
171.512
159.337
267.129
273.601
-125.346
144.764
159.883
187.316
248.153
261.081
182.367
262.229
179.562
130.887
-142.157
288.085
236.353
190.861
135.677
274.395
88.7184
264.427
180.128
280.607
257.667
171.583
132.338
144.322
165.019
161.221
-113.404
262.377
255.631
-134.918
263.782
273.696
179.011
260.162
-202.475
-148.972
158.73
163.237
263.354
265.421
278.514
159.913
263.034
-132.762
164.991
136.415
170.767
152.115
168.046
179.397
262.149
167.581
180.625
150.755
171.993
170.751
165.939
225.662
271.234
177.628
254.121
272.856
166.876
152.357
266.301
-37.2498
167.497
303.253
257.399
273.124
286.531
265.003
195.06
265.217
186.21
-125.036
190.515
358.653
473.664
170.487
188.041
269.167
371.084
166.864
259.064
-26.3717
182.426
266.024
-154.328
229.714
167.874
168.795
266.954
252.355
-27.3083
172.182
273.428
192.177
139.321
66.8437
176.907
165.325
272.392
150.479
135.489
173.788
127.2
158.967
144.468
249.519
163.269
149.108
280.554
267.758
276.433
173.538
154.247
174.196
162.917
178.652
130.224
254.573
181.583
166.48
266.574
182.378
168.208
260.389
171.255
167.555
256.674
152.345
60.3117
101.297
251.185
263.346
189.852
174.055
192.463
163.514
175.093
265.842
256.325
265.338
153.702
-156.154
-32.2772
262.506
164.563
267.843
167.154
237.341
265.024
272.748
376.068
-59.5575
251.271
179.725
263.747
169.885
264.542
265.489
260.201
151.307
270.024
157.653
158.549
241.372
164.789
177.077
157.671
178.049
268.316
281.978
85.9767
152.962
169.187
172.844
257.322
183.364
153.047
136.205
261.964
361.171
139.27
262.661
257.413
151.188
261.366
259.45
-51.7884
184.019
189.843
-116.803
280.32
166.507
-139.772
361.008
-128.855
-114.878
142.945
253.18
153.308
148.58
129.374
260.8
271.39
-26.3681
170.671
177.26
274.354
265.801
174.126
132.724
169.59
267.777
274.835
165.952
162.526
258.228
163.851
-77.9237
175.501
149.937
136.391
-181.622
178.141
360.397
-119.003
268.536
-159.821
171.856
173.528
256.947
261.866
174.238
-53.0039
261.633
263.723
166.465
250.227
270.186
265.917
-123.813
128.76
175.132
262.727
266.424
268.133
148.595
142.569
173.312
157.135
156.532
175.168
-133.882
262.819
264.296
180.394
259.855
136.906
259.656
260.308
177.27
264.412
261.854
-23.0004
167.173
265.705
169.765
180.278
159.331
167.883
160.807
159.004
272.894
253.14
163.689
368.794
352.198
173.402
261.061
179.972
-40.3834
-28.4702
258.344
179.969
-145.617
137.291
262.706
162.252
151.948
186.142
167.395
262.748
170.069
173.566
261.347
275.067
151.139
166.01
172.166
168.233
263.928
171.06
178.929
248.463
265.112
155.14
178.391
276.809
158.514
172.828
178.009
269.9
174.339
179.767
266.645
381.508
183.417
182.154
163.706
265.837
283.549
-115.024
263.047
264.789
173.964
-120.15
74.1101
-111.682
265.549
278.351
271.415
255.241
153.966
164.424
159.09
164.927
187.229
154.643
250.371
263.497
184.597
165.14
149.85
217.671
283.788
57.8129
271.651
162.655
130.813
-99.1308
373.05
181.42
339.903
-143.972
-24.4729
256.571
264.634
155.958
166.931
251.985
270.444
-131.473
359.539
140.268
261.926
128.85
192.66
174.515
180.804
166.989
172.012
256.097
264.125
189.717
85.7191
76.9803
265.256
160.845
-105.367
147.934
369.192
259.753
161.888
163.652
273.769
170.012
154.885
267.519
378.135
198.697
-28.3288
-106.292
267.001
148.328
138.957
97.3512
-36.3543
255.833
236.314
172.962
254.002
259.89
246.522
128.779
164.252
170.607
166.573
264.245
178.185
231.716
174.596
265.456
175.766
187.233
-198.094
172.981
168.964
171.151
170.316
171.863
181.207
175.558
147.389
183.34
168.737
167.247
261.353
179.347
251.317
163.193
262.126
176.531
-116.748
-117.314
-30.3442
155.252
268.55
132.677
135.955
124.297
268.65
165.152
164.688
183.411
269.084
272.223
259.023
269.829
259.457
187.265
177.735
264.882
168.877
171.958
247.507
257.123
169.394
151.498
174.094
166.637
178.551
155.861
266.657
170.468
270.074
153.88
269.316
267.336
284.843
268.566
172.649
169.496
158.783
181.169
256.554
-118.639
160.776
264.916
166.768
270.601
153.178
261.054
269.605
-227.996
230.621
250.242
282.261
165.068
143.864
179.291
148.908
276.047
171.067
266.287
264.321
159.318
-53.2634
178.545
263.901
244.241
152.96
284.328
180.526
152.223
263.622
259.641
174.156
270.726
257.306
165.119
259.805
-121.385
182.381
169.173
261.051
249.412
166.921
169.165
267.52
230.272
184.409
167.76
167.016
264.354
262.536
176.19
151.743
256.482
271.847
176.067
155.951
175.049
167.69
274.424
150.687
265.273
-29.3234
260.859
270.864
255.233
263.999
160.604
166.03
180.027
168.19
147.932
259.991
-145.307
257.48
166.114
279.775
160.786
-31.4975
173.197
77.956
169.03
167.543
261.863
169.338
170.485
256.151
177.729
156.627
277.989
174.823
259.058
164.25
262.515
169.282
93.0574
68.7527
257.903
264.439
186.792
236.723
163.372
166.215
173.13
253.192
258.085
155.543
170.646
170.576
265.421
153.834
281.612
247.965
177.095
170.489
196.003
259.861
162.07
166.401
142.819
272.186
257.946
142.356
186.861
264.581
262.182
128.643
180.163
154.119
273.326
126.115
264.665
78.8625
165.877
260.361
270.004
262.498
-156.518
267.163
267.651
137.542
-124.135
259.771
254.608
166.273
266.676
168.467
263.85
141.424
258.758
163.53
130.995
163.992
261.951
167.171
-122.32
272.721
174.681
270.475
259.817
167.814
146.202
265.302
264.206
268.639
161.487
265.465
87.4595
-135.953
185.216
172.535
261.025
274.032
164.872
159.721
267.003
251.9
271.813
256.276
-131.234
177.957
166.999
260.437
246.88
169.252
194.01
171.691
261.04
267.395
272.513
166.337
265.738
287.627
264.347
171.781
-36.5663
182.623
180.248
246.537
142.657
173.209
263.316
164.392
263.944
265.858
-70.2524
264.403
271.041
267.271
181.73
262.786
-120.897
182.937
260.117
169.615
268.22
159.816
272.275
263.486
178.364
258.988
-151.992
265.01
169.854
265.852
277.78
141.661
192.321
262.96
169.188
155.052
265.12
273.212
159.317
179.425
260.359
-23.5588
80.642
265.125
173.946
159.802
172.604
235.159
171.363
170.502
255.04
-40.1706
148.534
160.206
176.718
272.062
-122.224
184.798
264.828
262.033
262.643
262.081
168.198
158.857
161.797
265.44
-47.2202
265.223
244.577
161.507
258.557
163.143
164.83
165.723
164.395
266.524
170.564
139.496
171.348
161.637
165.283
262.554
257.77
188.844
156.74
371.66
165.773
-123.955
158.142
245.93
264.634
160.706
157.859
160.751
265.881
179.408
142.719
252.585
253.906
263.271
167.078
165.343
259.495
262.2
73.903
255.22
163.301
155.144
269.79
372.628
167.212
165.148
164.092
166.527
177.233
-59.3236
162.58
256.142
268.761
161.659
165.667
-128.706
79.0882
142.843
163.151
162.735
154.234
268.547
172.276
174.143
266.041
177.265
-195.306
164.199
149.214
169.681
150.464
165.093
269.291
270.176
270.583
161.025
295.068
276.91
272.875
-29.0431
166.51
131.733
163.858
255.76
159.048
270.564
272.874
267.812
378.281
157.617
-34.1565
168.841
159.448
266.213
170.189
146.959
256.294
274.438
267.727
185.543
167.373
177.093
168.185
271.424
179.02
273.428
260.862
270.394
173.464
266.079
163.823
167.365
174.591
135.559
276.711
145.719
168.097
243.015
173.243
40.5483
147.036
149.558
268.709
127.468
179.886
153.158
-122.767
186.727
186.938
253.989
269.714
154.298
168.593
264.458
273.292
189.516
185.496
135.322
130.668
145.328
193.579
147.477
154.764
259.38
256.804
-155.533
268.274
159.525
236.448
188.337
217.467
128.811
167.865
174.766
163.235
142.882
271.234
262.926
-31.3254
-19.849
267.795
272.615
250.142
279.314
163.537
261.733
150.722
270.983
174.135
-114.443
179.284
156.804
273.085
279.306
259.374
268.871
161.673
263.513
165.407
170.155
152.09
262.373
359.669
267.447
162.93
-167.186
179.872
168.2
181.504
171.556
-92.3775
170.911
196.295
260.689
175.409
173.53
183.742
162.148
237.039
137.508
265.894
273.668
142.124
146.716
170.192
263.5
290.488
152.224
185.388
139.459
-159.13
276.251
144.852
140.336
180.336
269.337
-137.286
271.438
262.263
262.754
171.951
148.407
268.579
182.366
260.296
263
380.623
269.588
170.052
254.714
172.213
264.01
276.149
191.7
164.894
255.815
285.281
148.779
263.961
158.606
176.941
157.934
165.796
-34.9166
165.061
-142.215
264.872
356.014
-150.587
-147.303
270.389
-123.294
130.013
265.512
262.712
254.684
262.815
176.196
162.85
164.045
158.24
265.78
165.306
262.275
186.27
-117.976
163.93
-129.703
160.93
141.119
205.125
257.573
190.424
273.835
-231.332
168.883
163.759
-131.102
264.634
-121.783
156.839
161.246
228.415
164.378
146.326
-116.361
183.016
170.578
262.448
170.125
242.565
161.442
177.298
174.144
117.447
175.987
163.405
168.356
176.349
173.988
177.172
-161.386
169.36
154.1
230.589
196.623
64.5443
267.753
147.055
163.771
151.432
263.415
167.139
188.195
154.091
154.556
174.621
261.473
271.274
265.054
152.322
251.9
62.1651
239.929
145.828
202.039
268.377
174.262
259.853
-160.697
179.29
186.83
162.192
262.401
260.888
-23.3232
80.2287
277.811
200.358
159.265
-165.811
171.953
-126.387
155.414
262.37
140.508
273.614
181.409
255.074
180.963
267.277
159.737
265.29
263.646
252.443
140.127
151.931
278.948
-115.792
245.125
265.972
357.519
264.13
268.361
136.337
151.248
149.602
184.789
160.031
166.362
272.192
258.561
-159.635
266.147
165.722
166.782
135.352
270.123
252.631
255.274
264.522
263.693
-108.764
183.394
480.38
257.784
173.872
262.574
-64.34
254.073
162.552
177.89
-24.115
271.779
287.476
-66.9412
250.472
168.497
176.949
165.058
261.14
175.905
263.655
-75.0705
169.001
175.226
153.503
273.837
169.391
264.479
265.03
265.615
176.17
173.768
161.659
159.906
260.635
274.482
144.017
148.583
-12.0274
175.887
282.88
233.111
267.005
-31.2471
269.463
262.359
247.232
134.918
-101.296
172.907
139.951
134.439
254.873
273.835
271.596
171.265
268.629
267.646
154.192
148.531
254.954
165.387
171.385
261.211
181.209
265.54
270.719
256.467
269.69
157.17
179.427
264.416
-144.372
-123.115
-132.701
168.654
170.736
172.584
170.751
264.667
173.522
272.191
262.2
129.621
180.409
256.593
180.117
-60.6807
263.819
154.787
-139.903
166.178
263.475
167.905
170.825
252.953
180.965
81.5803
159.513
173.284
165.602
273.704
254.144
158.941
273.706
256.18
269.152
168.23
262.51
-31.7768
63.3288
255.18
-112.457
272.308
161.111
-142.909
179.75
274.037
166.221
172.747
356.739
233.036
173.562
271.658
256.023
170.195
163.254
-17.3512
279.797
277.637
369.402
270.882
197.543
139.863
179.001
191.363
11.8422
180.657
182.857
265.111
174.319
180.589
261.96
164.492
256.049
-29.8751
-121.387
-123.647
275.14
160.616
-32.68
260.963
-138.762
227.065
272.474
193.117
255.364
262.201
269.141
189.027
270.893
361.305
-121.886
163.811
255.653
282.522
262.117
278.65
164.48
160.911
266.567
266.147
159.166
255.324
271.637
157.919
293.016
155.56
-150.149
176.163
182.701
173.448
-132.486
259.808
270.45
257.965
263.85
155.901
266.803
260.571
245.58
144.797
243.478
-114.342
270.123
263.812
274.85
283.819
169.848
358.147
68.9969
141.204
161.692
245.421
266.913
168.324
168.676
182.854
141.109
276.227
268.821
172.555
273.731
-123.294
140.296
167.331
249.717
156.526
264.7
267.63
-128.197
167.794
166.181
169.059
174.562
164.091
-139.744
163.676
-60.4648
295.282
139.745
269.587
176.735
270.33
168.937
169.835
163.612
156.419
165.686
160.34
268.332
-128.515
187.39
266.003
176.085
176.725
155.172
174.539
151.431
162.606
-164.017
282.266
260.895
154.071
199.502
177.118
363.91
179.569
163.101
70.2215
185.629
181.723
172.061
171.391
287.76
226.904
283.661
279.541
179.338
181.444
189.55
170.678
-168.699
174.809
167.83
257.968
-70.6236
276.623
363.031
164.327
261.593
266.042
254.9
171.468
361.711
-130.494
260.1
275.944
176.536
143.705
155.792
-28.8334
255.229
172.231
177.754
252.97
133.511
163.643
259.372
173.918
265.334
284.471
249.39
174.897
257.005
265.396
265.374
269.446
268.877
266.681
261.098
275.963
153.858
168.877
271.745
157.184
199.929
140.094
255.096
175.149
271.296
162.307
179.536
-125.175
167.652
262.713
76.5006
-164.214
162.52
171.478
250.716
266.618
11.9618
251.901
256.641
-125.353
140.043
176.543
162.305
169.644
153.73
153.342
79.5026
264.31
254.617
259.524
272.461
177.327
266.978
259.897
190.968
276.929
148.325
266.35
159.422
-61.8722
168.207
-1.25223
262.846
270.019
192.652
-33.3948
259.882
264.608
172.152
168.812
166.728
173.905
260.482
11.8716
144.596
180.324
144.898
168.708
-130.409
260.049
174.834
163.032
188.568
265.939
-136.831
183.687
-126.511
183.34
266.112
77.7796
62.4633
137.865
144.059
256.303
359.859
261.961
256.398
198.505
172.263
194.781
249.274
-153.481
168.043
152.652
262.618
178.9
187.094
274.735
164.85
259.585
267.767
166.553
-141.31
258.383
89.6115
265.697
222.828
167.083
265.678
178.413
175.437
151.732
173.241
191.12
269.946
-31.9032
186.983
184.329
179.063
273.443
148.897
177.411
143.715
186.341
263.926
187.835
146.818
263.511
171.008
269.302
168.431
182.028
270.364
244.259
274.224
268.077
255.565
267.194
256.491
276.709
156.383
259.64
-125.457
167.281
264.901
163.146
157.117
-117.025
189.527
178.602
174.422
156.814
-135.577
149.595
256.047
151.375
228.679
172.197
128.531
150.774
144.891
170.147
259.769
261.759
162.886
268.511
184.773
181.342
170.173
147.716
266.054
266.721
270.126
160.432
178.575
260.191
268.354
182.977
84.3573
169.955
274.02
151.756
173.643
253.886
89.6059
184.999
169.91
141.842
165.016
265.916
184.546
165.65
174.039
271.697
163.317
257.272
259.255
160.744
166.171
-19.7399
250.675
251.043
80.0382
93.0422
158.716
167.968
143.59
270.031
173.786
275.222
164.34
269.027
165.9
181.381
259.95
185.443
-39.1738
170.506
166.827
271.658
145.217
250.748
156.437
141.736
259.557
-128.729
159.229
255.891
243.949
180.903
162.409
170.655
268.433
171.71
173.512
140.933
165.164
264.73
266.43
-55.9485
168.953
161.738
359.66
270.747
153.61
168.915
183.604
273.192
261.234
269.404
145.417
184.538
262.821
36.2291
147.108
278.777
252.189
180.243
308.353
258.782
174.285
170.049
378.037
161.478
258.765
265.43
177.782
281.909
265.319
262.362
286.621
266.329
-104.978
167.561
153.591
75.0891
188.582
172.46
268.493
269.564
192.958
258.205
154.444
258.77
276.388
148.532
266.703
260.577
181.107
-26.605
156.603
259.029
173.855
249.404
171.181
83.8145
-125.522
260.342
268.216
263.565
274.407
255.748
163.495
249.681
251.568
172.645
260.271
264.431
264.991
169.67
170.618
264.354
170.438
169.166
162.643
168.055
257.677
256.268
163.68
261.279
167.551
-94.8426
264.516
268.124
267.572
162.973
266.332
291.338
259.976
169.119
263.172
167.466
-219.674
268.423
174.612
172.376
266.058
175.378
172.01
193.369
272.863
268.209
257.902
265.679
150.343
177.028
263.815
-141.215
184.452
147.195
180.431
394.848
170.251
269.968
244.363
271.253
274.455
155.056
256.832
169.388
277.086
256.141
-216.669
148.452
-173.18
150.619
261.066
168.789
85.0412
269.948
90.9019
270.59
-135.271
274.433
174.211
158.769
-20.9144
269.451
264.878
180.537
-18.5341
178.436
81.396
273.648
256.021
268.938
266.292
165.018
165.934
157.935
360.944
265.704
264.076
277.106
183.032
267.231
159.791
275.361
-40.8061
152.738
162.151
271.443
167.83
264.775
278.942
171.653
197.121
175.726
161.541
175.666
186.522
244.592
258.164
168.949
157.464
149.232
283.01
245.683
160.953
268.366
371.216
263.23
177.985
164.554
140.711
238.713
181.502
265.19
156.414
166.834
254.414
151.47
263.984
273.721
168.524
-33.8382
268.815
170.059
264.586
83.2482
243.607
130.363
273.3
261.193
260.194
258.697
162.431
251.983
146.144
156.427
168.247
169.406
176.182
297.646
265.251
174.477
166.881
168.08
176.968
164.795
255.192
271.128
260.687
270.657
271.436
164.73
283.103
170.163
174.703
146.95
266.918
254.906
152.996
150.51
137.167
274.661
185.283
252.049
183.587
266.49
271.698
456.412
275.17
-118.748
257.099
261.149
264.47
262.29
59.0085
-159.725
168.62
155.35
166.616
177.776
168.71
262.117
160.711
268.281
267.25
93.4283
168.665
175.269
-114.934
156.871
172.192
168.998
153.909
257.274
150.011
271.002
-218.407
167.907
145.996
157.963
187.758
170.066
67.92
263.111
266.696
169.662
178.827
253.686
170.722
137.553
277.048
265.649
151.711
169.859
183.222
264.733
161.039
269.545
252.386
-102.397
172.075
-124.671
262.565
264.069
261.077
187.999
269.003
280.199
181.865
279.111
160.651
235.821
270.919
253.02
-96.615
176.472
178.244
255.674
371.642
150.449
182.313
264.026
261.416
257.118
152.277
184.957
187.815
258.218
176.713
265.559
193.185
250.686
249.028
269.183
268.482
143.131
247.124
253.193
170.768
267.936
150.961
261.582
263.502
-37.6344
-145.044
199.33
146.812
271.734
144.786
147.562
171.444
-81.2246
164.613
161.489
256.495
184.588
54.8164
-124.503
167.538
183.645
248.244
-122.118
255.667
-228.032
155.221
140.577
170.54
264.95
266.964
-121.427
264.282
176.21
176.156
265.582
196.8
267.75
-143.228
249.17
185.661
167.759
183.625
163.132
279.395
-155.364
170.533
168.363
73.2321
177.959
178.566
267.574
259.269
160.205
270.301
175.19
151.013
169.737
194.798
172.737
184.803
154.217
267.606
159.299
185.839
270.011
139.083
265.054
267.931
186.627
161.824
177.066
256.418
266.598
164.19
262.571
275.643
154.83
265.036
171.565
265.439
177.657
173.4
253.415
269.554
364.056
148.141
257.327
174.644
460.34
176.447
190.526
155.73
141.488
175.242
265.2
-62.2952
263.119
170.404
265.095
162.153
266.908
245.956
162.449
169.879
258.899
-39.7063
261.218
144.384
186.457
175.562
168.961
168.805
268.033
168.032
248.57
151.921
180.111
259.051
178.962
193.147
165.787
68.1692
260.844
260.806
268.961
263.722
161.583
162.7
265.927
168.579
171.549
162.926
175.023
161.641
274.857
178.881
277.891
175.169
244.41
167.9
-119.693
-141.351
164.347
-4.33091
252.835
-45.1974
170.793
271.764
239.291
153.806
166.926
258.558
152.935
165.315
268.9
161.361
160.447
183.45
-90.1096
157.141
181.913
278.107
74.0877
266.939
-20.2257
265.481
178.245
84.067
164.311
165.399
174.404
273.195
257.751
257.666
181.065
160.13
258.855
264.343
-114.367
132.481
137.516
266.5
279.539
175.998
175.049
187.206
261.179
165.711
262.534
263.875
184.48
258.88
267.948
176.803
179.224
172.933
259.538
263.539
270.926
-100.388
161.521
181.365
-168.462
176.177
266.274
271.233
194.408
259.599
270.992
-200.042
156.613
252.293
269.665
-119.627
168.546
266.954
255.943
260.259
270.331
361.166
178.765
-161.446
268.94
184.481
259.267
257.794
172.266
140.256
149.252
167.631
282.346
159.11
256.003
265.184
179.4
172.894
228.319
148.908
265.091
259.097
256.396
166.556
264.387
145.075
163.916
173.103
138.931
170.658
177.286
149.935
163.318
181.483
270.123
269.83
160.277
182.868
152.009
147.185
160.593
76.8098
253.976
275.573
260.445
-153.754
261.519
267.898
185.055
-33.1961
269.668
150.196
270.509
253.949
163.905
178.483
175.691
162.69
171.261
265.291
273.232
171.679
185.412
260.405
260.738
279.199
159.821
136.862
-151.649
268.054
162.175
179.643
245.721
178.825
-131.152
161.782
257.223
259.396
140.361
-102.06
171.461
271.802
263.141
269.18
142.491
280.279
266
165.052
262.574
260.709
143.897
-34.8553
277.478
268.067
158.488
182.741
147.516
361.384
154.318
268.108
264.12
180.757
285.142
79.7961
155.547
274.294
251.818
165.671
162.745
173.986
-117.403
-14.9082
275.557
152.867
168.087
177.078
262.833
160.079
132.985
248.288
-99.8556
262.24
191.973
-157.836
167.336
261.12
255.451
178.179
261.407
165.233
269.065
168.864
232.76
268.342
175.134
264.515
74.1372
66.9888
291.512
-32.8145
186.081
156.636
129.051
170.663
263.968
263.442
185.81
-218.623
260.553
258.453
138.37
270.635
269.146
276.062
173.163
154.734
268.175
259.977
265.733
158.005
269.525
354.301
269.024
273.798
260.173
162.634
174.749
-139.68
159.892
177.783
262.785
165.379
257.56
166.513
187.946
140.183
264.69
262.403
258.464
268.619
263.162
147.298
269.211
279.279
275.264
187.02
132.577
177.611
169.958
255.649
152.807
268.384
-123.513
270.26
3.26913
154.684
269.318
265.701
-128.97
158.812
-149.966
348.442
274.198
161.969
163.187
159.831
167.276
265.09
252.456
268.788
263.294
272.207
265.462
151.301
-89.3037
261.221
256.719
261.398
251.556
-170.989
143.772
171.559
253.934
266.84
-22.8152
270.977
264.831
266.529
-24.3597
164.238
263.245
268.494
-124.303
270.248
153.968
256.575
168.658
168.582
-58.5587
151.467
178.336
163.73
175.199
260.724
264.43
161.236
278.747
136.675
284.863
175.475
266.197
264.744
169.564
170.639
251.626
-132.801
155.391
265.836
267.496
-26.2176
166.42
264.306
166.794
271.88
-128.876
172.317
265.947
-2.27561
191.431
152.644
159.289
176.468
255.931
170.224
172.217
155.513
179.075
260.689
258.821
-117.671
259.273
-33.9519
252.215
158.788
171.911
257.991
267.139
164.665
287.921
178.583
164.835
267.835
142.528
260.762
170.178
156.361
183.732
272.036
264.723
274.37
248.473
141.623
282.855
263.62
253.291
155.921
239.715
-14.7089
175.852
152.304
158.07
270.285
-174.253
269.951
262.56
142.332
165.219
274.455
264.88
172.41
151.66
172.39
163.168
-49.4339
268.01
171.045
246.078
147.466
178.344
173.932
267.133
253.482
276.834
188.784
154.975
263.019
184.999
154.842
179.956
171.452
172.984
286.466
264.192
169.424
171.618
159.611
163.76
178.098
156.933
179.709
176.695
270.393
176.648
175.588
257.287
269.391
135.946
149.116
80.4092
177.849
169.9
252.822
171.519
266.086
261.401
152.007
182.627
185.453
272.047
255.323
172.841
267.555
168.492
267.962
147.601
187.2
149.534
260.363
143.699
260.043
89.6485
265.78
175.793
262.739
224.819
181.408
250.329
167.788
176.563
253.484
259.088
157.617
262.518
167.192
179.134
-34.019
173.717
266.678
184.096
272.444
196.294
258.088
273.821
266.649
164.048
163.757
156.848
268.69
157.658
165.135
181.806
-38.7724
-149.47
267.176
178.886
164.409
271.433
271.801
137.765
184.998
254
149.443
167.623
-125.004
-166.737
181.561
-126.74
141.312
181.911
437.054
165.539
166.331
270.211
144.736
259.375
267.51
263.295
77.3408
170.297
164.098
265.81
-122.202
268.738
366.625
171.545
261.614
-30.2393
182.915
253.111
153.497
263.748
165.739
269.86
-14.1048
262.178
166.446
387.672
274.264
264.253
77.926
79.4182
258.012
172.838
152.582
272.475
163.731
173.068
171.516
271.235
262.392
233.37
280.982
267.691
166.05
287.849
271.975
256.692
255.052
164.163
369.258
83.2781
252.322
154.678
254.527
263.537
-132.652
144.459
269.651
196.891
167.347
-120.387
140.9
168.462
269.511
142.35
188.646
146.025
268.713
166.724
-37.2071
158.951
175.347
258.817
151.106
140.516
-133.416
-157.829
164.739
271.476
182.135
161.947
362.322
433.641
264.579
163.851
263.258
266.646
153.189
156.242
278.235
278.865
158.952
265.382
268.835
186.664
253.478
-191.943
-16.8023
184.052
274.205
145.839
269.412
164.62
261.033
150.429
181.347
281.038
196.684
247.211
262.982
358.096
168.078
288.919
265.146
155.696
261.793
67.293
155.525
178.199
176.641
160.89
266.734
256.567
194.897
172.941
175.859
265.237
263.085
176.317
261.854
169.732
277.434
175.398
163.045
263.396
465.263
176.059
255.68
267.06
171.364
264.196
-123.778
186.756
263.909
266.657
377.846
264.698
257.798
169.54
167.303
256.66
173.035
157.027
148.99
85.2041
271.279
255.401
76.4011
129.721
194.763
169.973
267.723
159.102
-79.2899
252.952
185.646
278.368
270.143
266.21
193.059
265.299
175.015
-32.2695
157.601
154.375
255.88
180.305
186.233
186.758
263.04
70.6591
168.08
276.366
276.133
172.73
156.051
166.251
269.959
268.468
278.807
-124.896
-25.0123
176.295
169.061
257.294
180.341
262.92
174.782
264.429
-148.475
-93.4203
266.123
161.101
166.428
78.9382
172.083
328.292
163.066
257.308
155.586
177.586
270.448
262.885
261.52
137.225
172.667
168.155
265.4
265.471
183.264
269.031
255.73
276.635
259.759
362.924
-113.402
125.251
269.26
153.024
180.512
181.876
175.753
164.095
267.422
171.566
274.295
181.25
269.658
169.682
262.608
155.502
168.413
277.187
177.249
143.712
252.269
267.169
167.882
158.04
177.103
269.7
196.664
224.89
166.707
173.217
272.728
252.282
168.538
198.919
254.957
176.967
192.931
138.065
248.408
-15.3922
170.649
265.833
244.055
186.748
173.922
265.494
156.092
165.538
274.194
176.434
268.827
-116.83
156.4
163.272
264.371
173.471
-123.786
144.595
166.85
280.342
-84.0614
-197.389
171.876
275.218
264.007
164.602
-138.833
-141.542
261.207
182.903
-27.681
156.999
249.216
270.615
-167.355
273.427
264.505
173.662
184.582
132.72
262.493
266.958
173.995
264.935
167.499
167.737
158.419
172.354
-20.6354
363.088
165.619
169.534
173.599
175.823
171.383
160.542
263.047
161.665
184.323
261.171
256.759
271.895
177.183
260.924
274.444
279.562
265.552
147.93
154.648
172.814
174.3
251.604
256.188
258.327
173.371
265.312
140.969
165.367
269.889
164.907
263.971
-1.69019
169.857
162.866
-105.559
165.654
257.38
249.05
169.87
268.167
-44.5373
241.177
171.604
149.01
168.377
257.995
149.592
268.805
162.691
173.725
275.758
255.027
259.283
262.675
163.806
188.565
266.235
171.546
274.07
165.605
172.477
193.06
181.368
159.416
254.269
154.978
174.842
260.387
180.947
151.665
166.817
-43.5928
172.877
-128.603
163.647
-105.841
263.038
166.29
143.227
156.813
257.24
178.811
174.872
262.732
149.824
167.745
174.931
148.138
267.743
147.228
179.592
186.042
180.22
180.993
168.614
160.629
174.206
156.385
237.355
178.993
272.665
166.376
74.2774
156.557
155.544
160.391
173.681
289.465
268.601
290.607
142.345
169.813
267.897
169.379
162.583
274.811
-17.309
163.186
164.579
172.519
263.62
265.613
154.435
267.369
259.071
236.406
266.035
168.911
270.611
111.274
156.95
275.714
168.882
271.802
171.589
187.686
132.513
-122.592
259.124
270.865
269.246
188.023
175.257
261.912
252.644
178.43
277.878
264.03
182.26
149.712
261.869
261.534
193.51
-131.825
178.175
166.706
152.608
262.076
-179.291
153.867
173.517
149.088
171.573
247.382
167.098
260.793
69.1462
166.767
179.056
181.73
272.186
261.364
178.955
157.464
150.56
175.998
263.942
161.825
261.811
160.201
195.52
164.981
191.037
152.957
262.016
160.777
173.334
-148.555
174.122
185.813
271.346
286.133
262.222
169.447
178.513
271.428
264.323
151.202
142.373
182.573
160.708
272.381
165.703
183.306
173.478
62.9734
-59.7514
256.775
171
290.058
-123.107
265.26
260.376
160.893
155.035
165.738
167.972
267.009
170.53
258.09
184.514
264.555
185.065
268.292
265.651
264.186
270.695
165.589
160.459
162.798
-159.198
276.991
268.803
259.802
265.777
166.899
177.369
157.5
249.129
169.757
269.557
198.151
175.25
-42.1526
266.964
262.099
179.382
34.6099
270.828
168.739
151.398
154.105
159.42
171.194
187.684
261.507
277.486
191.262
158.027
248.707
187.233
160.373
173.769
364.971
277.19
270.057
262.561
-162.838
247.655
165.239
163.333
272.025
167.703
162.397
255.343
165.24
175.447
272.394
145.373
272.962
-166.104
175.261
267.94
180.831
267.742
262.951
180.722
155.505
172.011
169.674
279.841
261.256
170.12
262.578
276.576
267.741
274.767
182.789
135.228
249.995
159.577
164.128
167.527
262.256
163.723
160.42
170.71
265.092
263.285
270.773
174.488
270.708
166.097
-31.2983
161.154
178.498
261.012
183.989
177.921
263.128
255.406
174.227
156.29
144.377
160.132
294.166
73.4869
271.534
-110.305
246.081
168.411
-122.402
171.721
259.087
176.989
264.858
176.011
263.746
258.025
261.176
179.419
188.568
259.865
141.328
179.84
161.081
184.581
162.427
260.786
184.483
175.545
161.22
166.562
262.318
264.738
264.766
256.785
141.072
263.88
253.963
175.171
154.203
264.809
-169.08
166.445
270.13
279.282
261.258
157.15
264.104
263.671
170.05
267.664
268.985
167.485
272.672
272.348
161.55
362.747
164.244
176.833
178.513
152.931
148.237
264.037
159.532
254.507
195.572
268.494
181.965
181.006
265.674
265.645
271.459
263.648
276.191
262.032
258.207
162.207
365.05
148.921
268.556
256.794
262.286
171.703
267.537
172.966
266.081
259.239
166.22
356.068
186.696
187.546
177.693
166.983
265.36
237.12
184.718
180.109
183.4
173.084
161.505
201.272
180.968
265.386
179.7
139.784
256.367
-133.236
169.52
267.297
82.2735
266.813
159.88
155.268
187.39
261.453
159
260.305
159.197
-124.677
257.469
183.117
272.141
156.576
89.905
168.173
161.77
269.921
203.29
259.435
164.8
174.949
264.888
271.329
180.597
259.531
161.641
271.737
149.892
258.802
146.131
188.117
276.241
258.631
259.359
149.223
183.157
270.531
142.685
195.34
256.237
263.281
272.842
192.724
142.913
172.198
267.082
271.033
270.737
76.4793
163.826
-21.6826
273.417
154.128
153.233
232.708
270.398
-123.67
-120.636
266.874
270.576
269.313
152.271
269.703
263.047
256.03
265.954
168.961
217.31
260.228
264.303
167.76
69.0045
183.69
165.024
155.563
168.075
277.628
245.408
149.705
192.002
168.014
256.802
266.468
270.118
158.988
258.069
184.267
265.284
262.115
163.452
188.337
-24.7101
160.23
179.721
-21.8217
268.74
147.3
174.409
235.751
258.266
154.246
150.09
267.682
154.69
274.743
176.683
246.229
251.066
83.6703
182.714
174.292
274.629
173.189
263.065
179.675
263.046
267.664
149.734
179.412
158.025
178.716
263.62
158.206
138.811
257.687
170.455
266.942
149.481
265.774
168.392
193.309
185.266
172.051
168.101
155.73
142.412
162.98
257.219
169.266
147.472
155.776
135.145
257.592
165.882
136.508
184.343
96.0085
258.806
252.695
268.102
257.606
169.449
147.657
260.819
258.96
173.511
151.306
266.125
254.365
159.185
-34.4037
260.736
262.963
176.032
-114.81
153.603
192.823
262.231
267.558
171.545
257.379
98.6016
265.966
171.206
261.579
-33.0086
86.0339
170.18
176.19
256.038
182.557
157.472
252.159
-38.8
-157.29
271.123
-118.181
276.717
242.178
182.831
164.511
164.724
279.776
275.578
250.761
264.998
159.013
178.448
267.78
178.778
359.977
145.421
168.014
364.309
154.065
156.831
146.809
174.497
261.755
-132.393
173.176
250.912
264.67
259.831
266.747
162.976
232.666
163.833
164.925
180.945
84.623
85.6971
169.662
241.735
177.84
166.695
263.286
170.629
254.995
177.024
-34.5199
156.45
253.346
270.718
260.565
157.07
149.071
167.72
262.795
150.86
170.325
-80.1871
180.861
139.549
143.246
182.062
177.498
273.78
260.895
-129.901
271.775
145.63
168.129
143.782
156.736
169.645
261.142
364.883
365.945
270.125
172.933
262.355
163.993
272.395
259.765
266.941
178.298
109.643
167.864
156.831
161.777
-187.034
179.474
285.61
257.903
187.754
153.869
184.362
271.372
172.135
147.341
167.376
263.653
273.458
159.659
164.656
271.579
160.702
256.654
263.291
188.111
171.164
163.636
165.234
183.193
171.889
147.209
260.236
127.29
263.396
150.748
-113.547
170.669
-86.6359
82.2448
262.589
278.411
260.961
-38.6404
254.741
275.035
266.25
282.068
169.753
288.126
182.819
227.494
252.539
158.812
267.506
170.172
256.244
267.006
142.198
267.301
162.061
259.987
266.097
162.29
262.66
262.747
260.053
14.422
268.493
265.083
259.853
183.154
144.165
264.22
154.766
166.76
272.922
194.955
266.323
179.617
261.878
162.909
461.841
170.841
360.408
79.9202
270.622
257.292
-34.0413
161.897
173.359
252.774
270.249
-1.8856
169.721
264.547
-129.686
166.101
195.164
176.356
181.127
254.984
176.039
172.655
268.161
259.353
168.006
180.937
264.319
161.621
183.985
272.754
147.755
79.3771
175.617
265.251
264.108
180.619
360.636
165.515
170.339
176.901
172.071
279.116
181.049
-17.2356
3.04751
265.979
157.975
180.413
-40.6117
-25.4426
175.22
167.464
276.781
-10.9577
256.645
189.006
155.565
263.869
254.493
166.292
163.423
272.947
-174.21
188.816
269.995
190.345
288.036
176.922
172.187
263.206
272.518
161.639
146.802
140.103
161.893
88.945
191.264
257.12
176.005
267.164
136.415
370.034
271.027
173.756
148.268
168.747
181.432
255.065
254.378
152.42
266.678
173.229
158.362
175.695
160.712
175.142
134.438
126.402
155.198
161.773
171.321
169.903
264.505
172.656
173.203
169.197
252.029
277.547
163.771
173.711
169.835
172.102
230.087
169.88
264.091
277.033
258.522
178.975
-118.376
160.229
267.358
266.474
258.251
149.9
152.763
184.159
160.245
262.509
255.394
96.3328
139.756
266.365
266.085
152.414
277.952
163.939
266.607
271.42
168.725
361.159
131.279
260.521
276.633
262.296
259.703
259.216
250.491
268.933
180.842
77.6369
273.796
188.568
260.599
160.684
268.921
278.216
167.241
264.915
272.266
261.218
162.847
149.369
166.024
189.954
259.069
265.707
265.179
263.148
171.819
181.298
172.115
186.991
181.177
179.621
276.985
288.365
274.511
366.733
259.491
264.031
167.431
188.408
262.98
269.473
265.541
143.559
168.622
279.71
250.333
278.089
174.466
0.126494
283.223
164.464
158.165
178.822
-142.868
173.776
180.988
266.828
81.3214
163.515
-11.9825
261.271
160.782
268.264
183.622
266.989
262.095
252.897
266.015
275.783
171.892
162.004
195.755
186.625
265.592
162.466
260.227
270.492
258.203
266.747
263.133
257.84
167.797
250.643
-101.814
-79.0232
-232.403
266.968
176.974
166.855
164.652
157.007
264.458
172.307
268.385
261.972
159.747
270.818
179.212
248.298
270.431
157.37
-37.9614
163.84
175.024
273.029
134.03
259.415
288.33
156.875
266.47
263.233
267.063
170.444
137.835
157.567
279.292
150.583
259.833
247.033
181.874
200.932
138.19
183.849
166.057
268.651
176.173
268.44
181.209
253.306
174.02
282.975
268.625
154.541
270.07
255.406
183.78
178.154
265.481
147.081
264.685
176.894
191.154
271.987
175.23
264.105
179.405
267.824
268.66
180.136
264.257
254.128
167.468
159.455
175.787
268.631
259.347
-122.766
255.373
139.73
162.171
265.888
187.325
268.522
264.008
273.64
80.2699
262.967
167.335
266.823
266.113
169.428
173.984
187.661
168.273
164.994
184.455
-134.521
176.168
255.589
260.542
182.304
186.992
253.467
131.606
164.806
257.626
133.114
169.976
359.619
268.256
164.006
-138.141
168.62
193.734
159.053
172.018
176.434
176.353
255.525
159.913
171.867
183.859
289.305
171.585
269.935
158.825
177.536
167.16
146.39
172.571
146.671
178.822
153.651
163.373
159.404
273.213
279.493
168.272
262.29
145.927
273.833
160.79
277.222
186.891
170.815
181.663
164.568
264.393
179.153
269.939
273.777
276.645
145.331
185.164
265.431
-143.637
176.982
261.23
267.787
264.871
265.243
270.354
197.515
144.984
259.715
261.288
278.056
154.83
169.544
136.983
184.503
-145.12
262.164
287.854
191.067
164.067
169.483
-133.135
265.303
265.816
267.114
170.75
170.359
180.611
270.163
167.655
181.617
179.614
179.89
269.378
264.462
169.211
363.852
155.045
268.151
263.752
169.719
272.175
176.234
174.358
268.94
170.102
130.437
152.89
283.11
146.224
262.457
141.188
169.366
166.382
169.699
175.242
176.451
256.635
282.702
158.005
83.247
175.156
149.222
159.486
267.797
-165.506
272.737
277.144
152.996
173.669
155.739
254.049
246.582
177.273
182.169
463.359
172.054
-151.623
161.627
179.985
264.285
264.524
163.636
168.119
266.022
260.826
149.381
175.431
252.812
163.135
258.398
262.318
164.98
85.7854
193.444
183.616
166.864
173.103
258.162
178.513
160.808
149.849
159.18
277.199
161.763
166.741
281.542
176.965
181.362
264.327
191.164
264.124
263.12
144.263
106.482
179.935
175.972
261.64
260.372
306.517
164.333
144.199
169.945
163.828
163.32
89.1073
262.44
171.473
154.789
271.119
266.326
275.106
157.73
266.711
169.266
-165.452
257.118
144.149
133.065
185.701
-122.584
-28.9399
160.441
255.756
174.289
149.068
272.6
274.687
267.747
264.218
249.345
175.698
153.79
166.598
147.983
158.421
163.905
271.679
147.795
179.075
-134.59
255.767
167.954
254.183
199.63
138.949
167.728
266.303
172.546
267.686
-150.178
253.989
165.574
171.962
187.812
-18.0667
-126.866
170.785
269.435
265.233
266.672
266.999
180.334
272.16
238.071
263.761
157.23
84.7303
260.792
259.422
178.647
171.148
263.437
258.586
193.904
256.944
174.871
266.696
80.5208
351.066
159.546
281.825
175.364
150.906
166.457
278.935
-150.13
269.719
263.72
268.013
266.415
159.622
74.2763
251.796
153.071
262.96
267.875
177.47
272
178.148
260.813
168.14
153.736
267.351
266.757
274.326
273.486
146.905
150.67
148.854
137.928
159.187
129.044
149.312
263.756
143.828
248.258
260.885
174.52
268.449
272.682
260.817
162.455
126.045
262.838
188.831
257.074
232.134
148.144
-120.615
172.554
178.937
275.687
299.966
278.546
166.014
179.07
260.899
177.305
195.117
148.925
173.346
264.859
284.304
158.853
270.497
264.61
271.856
267.897
260.984
260.433
166.231
272.146
256.694
277.832
188.584
268.912
275.426
258.689
169.324
266.013
186.854
280.589
254.754
-29.954
-30.1998
166.829
272.944
278.998
278.347
279.433
174.618
169.533
163.283
173.368
134.4
175.157
260.22
155.888
-162.566
275.979
165.427
265.945
167.842
196.797
270.519
373.982
265.847
154.478
167.863
181.609
266.169
277.026
269.894
166.127
262.772
266.802
197.946
260.758
176.434
269.868
161.019
266.583
170.145
268.258
260.587
181.583
170.467
265.287
162.949
169.598
-109.271
184.837
274.898
172.464
267.631
183.798
169.743
167.849
164.781
260.985
264.257
178.746
179.182
255.513
258.869
163.4
167.093
187.677
161.117
-213.444
164.303
167.107
159.044
170.637
-166.994
93.8041
187.452
144.549
271.24
-11.0647
265.594
160.744
174.588
161.321
270.948
189.752
178.615
256.692
161.218
-101.826
264.134
260.732
187.219
163.509
161.292
-130.661
165.207
165.983
187.329
275.783
163.339
175.833
170.015
274.246
157.018
259.551
164.283
270.029
166.392
259.691
263.444
142.547
159.429
274.784
259.078
137.41
266.307
264.256
168.396
158.085
139.071
232.747
269.452
168.629
280.227
154.39
262.82
266.332
262.246
159.775
190.057
269.954
261.281
172.439
-27.7925
266.259
260.436
264.748
259.62
285.561
271
169.754
172.011
156.729
173.27
163.77
169.301
186.965
271.646
262.691
292.774
168.172
163.743
156.806
366.529
152.345
268.731
162.688
175.376
173.212
159.647
153.248
149.218
271.058
260.894
149.982
259.746
266.339
252.389
162.107
352.069
-36.5378
159.316
246.43
167.562
-148.609
271.459
163.061
141.288
265.386
354.677
170.672
156.024
267.289
158.756
264.512
160.002
279.59
266.451
140.498
171.916
258.43
-116.936
274.275
271.639
163.991
175.929
259.606
366.15
269.572
139.257
158.079
265.666
276.976
-98.7791
163.812
158.101
168.151
163.562
163.804
276.221
261.749
178.012
154.679
167.45
163.96
178.173
258.425
173.503
269.91
166.517
169.214
254.95
258.772
263.534
260.47
185.408
168.699
274.831
133.997
270.011
178.982
159.619
269.338
157.389
178.261
268.438
175.84
-216.262
244.428
160.248
240.025
271.146
177.393
270.994
271.051
164.798
258.604
169.134
254.741
258.355
263.566
263.598
169.579
262.502
265.174
258.107
155.461
162.626
169.734
167.234
226.292
167.263
259.565
267.951
162.074
262.333
267.355
185.521
159.75
68.3238
145.66
275.303
265.722
275.272
171.811
267.657
169.562
271.075
140.756
169.497
263.541
259.297
275.69
173.599
262.652
264.247
262.794
272.729
160.539
61.8412
163.35
264.065
257.163
162.834
269.169
164.54
265.898
173.177
266.316
166.41
159.016
256.241
277.42
147.262
373.843
157.5
255.653
159.742
273.38
268.861
261.444
-27.4678
270.312
-123.987
173.867
164.768
266.535
172.031
274.73
167.299
269.816
174.114
256.715
264.744
167.712
154.376
157.668
281.383
276.45
169.89
250.428
165.137
171.834
273.686
352.972
146.711
169.569
144.446
270.485
186.966
263.654
266.231
266.644
180.942
268.201
244.947
182.563
153.449
280.611
146.158
269.111
266.451
166.934
172.094
179.333
158.617
173.367
-131.576
143.049
257.216
171.464
176.886
179.929
263.861
268.273
183.659
173.099
353.153
164.874
268.517
264.982
226.288
146.34
153.985
269.788
189.655
183.943
169.138
169.949
165.811
163.327
269.162
143.579
163.134
-21.3543
182.766
269.887
161.099
272.225
255.619
175.533
250.003
179.168
277.722
365.64
153.556
266.858
265.793
170.967
136.547
266.581
262.358
94.0447
255.847
179.29
173.648
263.458
267.448
272.739
171.47
362.175
162.029
176.124
269.899
4.30751
163.174
263.101
186.647
264.477
263.261
259.585
164.141
250.054
168.021
267.258
-109.085
158.345
263.339
266.216
138.28
-213.214
257.704
254.923
179.87
188.488
281.784
-47.8521
163.601
268.882
-114.242
251.961
266.921
257.231
154.914
246.71
163.017
270.025
270.376
170.316
172.197
166.355
-112.865
181.673
153.588
205.058
365.229
284.2
258.923
255.127
268.617
259.759
252.551
264.431
264.82
140.072
257.134
276.891
160.407
150.075
167.261
151.382
356.348
192.128
259.829
169.921
255.849
169.187
179.277
162.463
150.907
142.594
271.94
173.45
165.704
160.65
151.404
255.375
160.642
156.14
269.33
269.436
169.009
258.282
186.475
262.614
158.507
168.287
167.991
263.398
172.824
166.937
267.422
261.685
258.663
158.084
189.465
147.98
182.43
269.506
266.799
271.116
174.38
263.508
271.457
-112.113
163.14
171.338
268.045
260.407
263.623
178.353
166.977
186.637
284.253
160.769
171.725
258.149
273.908
163.995
-133.347
157.276
138.291
170.46
261.854
266.622
143.36
170.252
260.407
155.062
151.356
266.401
261.695
261.337
159.476
263.176
163.553
170.214
174.284
270.01
258.04
259.254
159.497
192.535
180.713
280.18
166.934
262.65
275.376
242.837
262.582
186.491
263.197
272.879
169.668
158.876
265.454
260.102
127.709
270.848
262.391
171.566
164.678
133.962
75.8532
-23.0494
154.656
262.22
193.645
137.197
80.2309
-128.154
185.168
179.228
275.159
154.943
162.242
267.574
176.458
249.23
273.354
148.116
155.522
259.623
281.889
157.007
194.844
191.846
159.362
254.425
162.591
-116.474
264.354
267.528
170.35
271.862
267.575
270.966
174.582
162.672
188.88
168.875
262.517
359.738
265.31
266.999
256.415
270.256
184.605
173.991
293.529
171.028
261.032
146.814
182.658
252.13
182.88
264.077
178.075
184.889
171.303
162.336
160.276
149.773
144.567
265.459
170.257
270.521
255.312
366.871
261.126
149.982
277.721
267.535
254.106
258.517
269.004
275.078
271.233
259.764
141.935
157.932
259.175
273.841
-114.771
-215.828
159.901
266.388
268.402
150.101
-38.1302
257.75
257.867
163.255
145.456
263.572
159.297
176.431
146.257
185.84
274.802
170.379
157.103
263.782
272.176
171.943
-130.834
179.648
277.686
261.218
262.462
177.218
-43.9774
148.528
140.62
155.398
269.193
273.624
263.092
176.027
262.345
186.663
151.702
259.364
270.065
192.076
178.271
169.667
161.361
171.088
147.7
257.513
162.191
274.787
155.574
175.199
167.737
266.671
77.5637
179.395
173.534
-45.5961
180.566
258.144
271.202
273.154
270.131
172.684
173.746
83.9772
172.6
270.097
275.555
172.127
162.933
261.131
264.847
266.842
158.324
178.071
148.158
159.45
164.444
145.654
58.4588
264.697
-115.872
169.943
256.633
181.485
262.441
175.038
245.543
186.795
130.946
141.978
182.652
262.292
168.582
281.665
175.317
80.2968
179.095
288.578
183.216
253.709
262.45
266.347
172.11
153.734
180.218
278.693
180.103
171.838
130.082
173.017
184.596
155.104
272.888
179.824
166.329
238.827
170.644
-151.375
264.687
163.893
356.543
265.908
258.967
165.316
157.119
264.384
265.632
173.018
166.425
167.707
270.223
254.642
175.949
180.178
76.2329
167.732
173.163
261.045
163.697
255.008
171.227
271.973
254.639
278.962
263.267
158.127
180.688
171.697
169.018
179.142
189.147
272.14
173.209
265.098
271.614
177.649
264.186
161.156
161.882
166.827
72.7234
273.343
266.988
168.151
151.006
268.003
265.84
174.129
-139.107
68.7813
-98.7583
169.346
-79.3718
271.475
244.112
187.539
-38.6544
262.494
377.035
271.543
267.093
266.012
169.252
163.879
168.023
186.15
268.09
260.966
131.749
255.477
264.165
258.5
169.643
-157.867
177.625
269.054
177.718
236.479
253.869
173.178
175.337
351.332
186.685
266.633
188.31
270.135
184.671
140.356
364.385
172.135
261.457
254.065
163.066
147.059
267.372
261.101
355.582
181.875
266.719
357.37
271.168
166.566
144.755
265.861
263.772
255.38
165.819
187.781
271.883
171.548
154.773
268.317
180.254
267.785
160.396
175.942
259.202
142.029
160.968
176.789
161.67
145.11
213.459
168.471
278.288
150.476
270.398
247.938
250.957
265.661
168.993
133.363
150.729
201.397
160.974
266.873
187.311
259.346
131.451
155.085
261.542
263.937
262.978
258.326
268.658
259.941
178.981
171.033
177.795
269.013
367.947
172.789
167.452
265.411
195.251
267.532
268.1
262.096
266.947
73.1751
164.19
252.678
245.527
262.907
274.396
266.266
174.006
269.955
149.459
269.126
160.768
256.942
271.132
265.739
179.309
258.648
168.435
165.77
263.645
181.077
-18.2988
175.748
170.89
270.505
267.537
187.071
169.722
-218.76
143.817
259.684
270.055
196.855
262.586
258.252
270.899
-92.1992
264.656
267.005
263.937
268.118
168.826
264.773
261.219
274.699
159.604
137.901
265.63
-208.624
186.331
170.323
274.802
183.936
168.641
259.777
274.675
176.852
176.482
152.504
173.894
177.103
92.5836
257.791
165.499
159.668
273.32
262.33
154.939
176.917
168.864
157.313
176.245
268.106
166.224
262.557
279.426
278.873
272.689
262.709
173.444
173.414
173.028
154.95
176.22
90.6419
267.882
-107.798
162.112
184.068
280.891
258.562
262.02
185.137
132.159
171.818
262.481
263.301
264.747
172.332
188.568
147.741
258.665
153.648
254.441
273.197
266.893
