0.10437 0.103188 0.0901684 0.102336 0.101228 0.0931044 0.148957 0.141468
0.104299 0.101707 0.0933036 0.106646 0.103045 0.0947161 0.142698 0.139218
0.0966696 0.0972069 0.0953126 0.098225 0.0967015 0.0892936 0.149667 0.151725
0.0888279 0.0886215 0.0792142 0.0895175 0.0892694 0.0763025 0.189161 0.172124
0.0931896 0.0914624 0.0979422 0.0905306 0.091643 0.0964031 0.156532 0.140803
0.0972344 0.0950027 0.0953553 0.0985816 0.0974669 0.0941338 0.143971 0.145656
0.107087 0.108408 0.104898 0.107614 0.109366 0.105007 0.123112 0.119935
0.111977 0.106324 0.106853 0.106176 0.11391 0.111924 0.114618 0.116762
0.106501 0.112179 0.10961 0.11451 0.112619 0.111288 0.111562 0.111234
0.111478 0.112559 0.110367 0.112564 0.112476 0.10936 0.111374 0.108846
0.113992 0.113923 0.112019 0.112796 0.11122 0.112736 0.107147 0.107705
0.111473 0.110958 0.116951 0.110397 0.110753 0.111637 0.109072 0.106701
0.105162 0.104849 0.10965 0.108152 0.105931 0.106363 0.118316 0.120151
0.0978377 0.0976325 0.0971869 0.0979017 0.101682 0.0955552 0.138188 0.141389
0.100087 0.0954595 0.09048 0.0983276 0.0988715 0.0935814 0.149219 0.146136
0.10114 0.102283 0.0972602 0.0988756 0.0985809 0.0956894 0.14466 0.141333
0.110809 0.103553 0.0934976 0.115361 0.101046 0.0943418 0.14509 0.128636
0.108198 0.101821 0.0958519 0.110408 0.103538 0.0938472 0.162573 0.123459
0.107335 0.103531 0.0898067 0.103807 0.100679 0.0930595 0.17203 0.128802
0.0967512 0.0849414 0.0781086 0.101245 0.084921 0.0749255 0.237865 0.134187
0.0915286 0.0980807 0.0945835 0.0919915 0.0957097 0.0968101 0.148667 0.153233
0.0981923 0.101161 0.0920117 0.0931687 0.0945265 0.0932083 0.158491 0.145603
0.109466 0.107288 0.104793 0.109633 0.10556 0.105518 0.126475 0.119707
0.11144 0.108635 0.108858 0.109364 0.111019 0.110413 0.115667 0.113465
0.110059 0.111962 0.110873 0.111452 0.108149 0.111754 0.113769 0.112151
0.112644 0.110426 0.107621 0.111189 0.110245 0.109718 0.113895 0.111812
0.112016 0.113355 0.108909 0.113165 0.110712 0.111908 0.109911 0.109577
0.107719 0.112657 0.112658 0.111105 0.114049 0.113844 0.105927 0.108527
0.107563 0.106456 0.10691 0.10603 0.106324 0.109247 0.116052 0.11992
0.103783 0.0969983 0.0962286 0.102575 0.0991665 0.095427 0.141144 0.133311
0.104609 0.100075 0.0945447 0.107077 0.095372 0.0915001 0.156098 0.132796
0.109451 0.0993413 0.0962326 0.110128 0.1006 0.0935643 0.15193 0.130827
0.115481 0.105054 0.100651 0.113213 0.101133 0.100835 0.135799 0.115345
0.113659 0.104355 0.102117 0.117687 0.103122 0.104093 0.131991 0.1098
0.111335 0.0998176 0.104598 0.110967 0.0991576 0.101378 0.149703 0.113234
0.102113 0.0916248 0.0957351 0.102525 0.090328 0.0910348 0.162982 0.145352
0.0974904 0.0952899 0.0966488 0.0941826 0.0901179 0.0944145 0.155944 0.133696
0.102943 0.0923709 0.0963764 0.106003 0.0962024 0.0949069 0.151404 0.133525
0.110943 0.109383 0.11019 0.108184 0.108797 0.106879 0.120029 0.113738
0.11196 0.111218 0.111025 0.1122 0.106114 0.107312 0.116971 0.113265
0.111955 0.111542 0.109557 0.111767 0.109073 0.112314 0.112819 0.111245
0.107733 0.110733 0.11211 0.113277 0.111483 0.110864 0.11297 0.109934
0.110052 0.114135 0.114337 0.114491 0.110297 0.109629 0.108372 0.112096
0.111369 0.107219 0.106387 0.107789 0.11347 0.110355 0.11253 0.114918
0.103284 0.10261 0.111004 0.103407 0.108111 0.107717 0.119507 0.121805
0.10197 0.0988363 0.0998373 0.100778 0.100504 0.103821 0.133687 0.127208
0.107806 0.105092 0.0988242 0.106132 0.0963111 0.0985364 0.143035 0.123178
0.111788 0.0988991 0.0992083 0.111384 0.103712 0.0979367 0.148812 0.118907
0.105933 0.104525 0.10911 0.10432 0.101151 0.114011 0.120033 0.110905
0.10644 0.10365 0.110379 0.104853 0.103137 0.113651 0.117569 0.107668
0.101541 0.103715 0.110401 0.100896 0.103723 0.110033 0.108996 0.111462
0.0883747 0.0957699 0.102302 0.0886819 0.095457 0.100846 0.136715 0.117609
0.088202 0.094145 0.0958473 0.0884942 0.0916741 0.0969873 0.12396 0.141038
0.0967049 0.101332 0.100541 0.0975957 0.100935 0.104237 0.133955 0.12822
0.109605 0.10917 0.108722 0.10555 0.112471 0.11018 0.114655 0.114721
0.112472 0.107104 0.11144 0.111687 0.111715 0.111356 0.111158 0.111945
0.110944 0.107112 0.109558 0.110345 0.113027 0.111879 0.112877 0.11064
0.114748 0.109786 0.111763 0.109959 0.1107 0.11105 0.111214 0.111696
0.114415 0.113211 0.110681 0.112136 0.111731 0.109302 0.111846 0.108817
0.110054 0.109429 0.111758 0.112311 0.107046 0.111547 0.112347 0.113665
0.103182 0.105112 0.109169 0.106036 0.104176 0.108286 0.118445 0.122418
0.0934637 0.0985306 0.102723 0.0970495 0.100197 0.107445 0.121711 0.131791
0.0993278 0.0999539 0.106784 0.100333 0.102238 0.105888 0.126987 0.122714
0.104678 0.101867 0.111908 0.105591 0.101641 0.109285 0.124383 0.114534
0.0960261 0.102346 0.118141 0.0975656 0.104549 0.117324 0.103476 0.117785
0.0950711 0.0997679 0.124015 0.097441 0.10138 0.119458 0.0992588 0.117723
0.0931438 0.0946093 0.128541 0.0906384 0.0956746 0.119048 0.0964895 0.118249
0.0878484 0.0896675 0.104671 0.0856115 0.0896205 0.0994056 0.10826 0.152226
0.0865931 0.0871383 0.108705 0.0847047 0.0874756 0.102166 0.123568 0.156085
0.091758 0.0999116 0.106484 0.0947656 0.100299 0.10231 0.131102 0.130321
0.104801 0.110104 0.106742 0.112674 0.111114 0.110208 0.1139 0.113795
0.110632 0.111421 0.107993 0.110411 0.111874 0.11096 0.113669 0.110743
0.111601 0.111014 0.111486 0.108503 0.111858 0.113806 0.11361 0.108342
0.112178 0.114153 0.109687 0.113202 0.110839 0.109576 0.111283 0.108985
0.112611 0.113295 0.106925 0.114726 0.114134 0.109311 0.113117 0.110943
0.111604 0.109949 0.111076 0.111362 0.10816 0.109006 0.115931 0.112578
0.0998931 0.102258 0.107813 0.106214 0.105215 0.105544 0.124709 0.123216
0.0917347 0.0992149 0.107079 0.0918372 0.0966016 0.109839 0.121464 0.133826
0.0875393 0.100758 0.112562 0.0856938 0.101526 0.116381 0.105609 0.126145
0.0915533 0.105394 0.116646 0.0922718 0.101366 0.11652 0.101835 0.123233
0.086167 0.100752 0.115373 0.086899 0.100203 0.11714 0.0996999 0.134503
0.0911795 0.100494 0.117135 0.0888783 0.103019 0.114614 0.0995613 0.129102
0.0855097 0.101831 0.109751 0.0811487 0.104114 0.112728 0.102699 0.134331
0.0696283 0.0808624 0.0891431 0.0712107 0.0816738 0.0898159 0.111035 0.148396
0.0790143 0.0912386 0.0990729 0.0752512 0.0953339 0.0955006 0.133841 0.157374
0.094899 0.100324 0.0976636 0.0953531 0.0998108 0.107109 0.120771 0.136385
0.110432 0.104332 0.110875 0.110248 0.108944 0.109254 0.11489 0.115754
0.111689 0.109316 0.110967 0.112952 0.112446 0.110544 0.11094 0.111297
0.110353 0.113089 0.110022 0.113334 0.110538 0.113238 0.111115 0.107091
0.110839 0.111891 0.111588 0.109968 0.111505 0.112798 0.110769 0.110132
0.115689 0.113806 0.113691 0.112312 0.110691 0.107752 0.108731 0.107676
0.114957 0.108254 0.109114 0.109934 0.114574 0.111679 0.11534 0.108122
0.104426 0.100468 0.105178 0.102307 0.107001 0.106789 0.121031 0.127378
0.0876102 0.0972713 0.104825 0.0909506 0.096602 0.102504 0.124744 0.140532
0.0846568 0.0978476 0.109697 0.082474 0.0988852 0.111834 0.105187 0.143035
0.0837795 0.10068 0.111229 0.0878103 0.101342 0.115674 0.100735 0.130614
0.0957545 0.103729 0.103421 0.0875878 0.103804 0.102937 0.114463 0.143043
0.0888527 0.10006 0.101817 0.0914232 0.0994486 0.0984396 0.118953 0.153232
0.0908978 0.0972641 0.0979996 0.0908148 0.0957145 0.0987051 0.116895 0.161018
0.0707282 0.0821519 0.0814995 0.0715054 0.0807179 0.0803382 0.125138 0.191188
0.0885113 0.08623 0.0876924 0.0851293 0.0832016 0.0846399 0.140706 0.164545
0.0974693 0.0989933 0.099976 0.0925844 0.101122 0.0969722 0.133191 0.140205
0.106462 0.106541 0.110837 0.108213 0.108838 0.110398 0.112616 0.118877
0.107386 0.110394 0.110972 0.110913 0.112389 0.10955 0.110657 0.112819
0.110476 0.10939 0.109786 0.112696 0.111761 0.113414 0.111657 0.111299
0.110699 0.11195 0.111938 0.114934 0.110659 0.112777 0.110464 0.10807
0.112736 0.110361 0.114088 0.113839 0.112503 0.11302 0.107415 0.109097
0.110941 0.114287 0.113281 0.111048 0.113634 0.114358 0.112692 0.107049
0.104508 0.103517 0.105425 0.105153 0.102146 0.101809 0.128002 0.122886
0.0933797 0.0973917 0.0986786 0.0904985 0.0991771 0.0943901 0.135736 0.144293
0.086335 0.0979061 0.0950264 0.0874058 0.0997854 0.0958434 0.129734 0.158933
0.0860904 0.101251 0.0993019 0.088838 0.101062 0.101733 0.115288 0.155507
0.0904889 0.0890352 0.080311 0.110937 0.113333 0.0999559 0.155625 0.141179
0.0884208 0.0857982 0.0819061 0.110716 0.106369 0.0985772 0.150625 0.159293
0.0786228 0.0763896 0.0795361 0.108328 0.101839 0.0901 0.16285 0.172849
0.0532027 0.0539841 0.0469143 0.0963911 0.0918734 0.0762764 0.212206 0.231787
0.0525131 0.0577911 0.0618871 0.0832503 0.0854065 0.0785689 0.194172 0.217596
0.0649469 0.0615248 0.0609139 0.0982723 0.101474 0.0901268 0.193178 0.187639
0.0879609 0.0907637 0.0872889 0.116284 0.119702 0.104554 0.13575 0.138522
0.107101 0.105043 0.103737 0.115702 0.116094 0.110857 0.115252 0.116819
0.111069 0.10882 0.111156 0.110758 0.109653 0.114333 0.109125 0.112201
0.111875 0.113325 0.111685 0.111382 0.111334 0.112096 0.106378 0.110375
0.118366 0.119385 0.12153 0.105943 0.107781 0.110156 0.107537 0.103749
0.116183 0.113796 0.114658 0.108065 0.112478 0.114651 0.105667 0.103051
0.0885424 0.0926654 0.0877605 0.113874 0.114847 0.115984 0.126314 0.12768
0.0756439 0.0694937 0.0702639 0.112575 0.108788 0.102584 0.151525 0.165047
0.0751449 0.0754135 0.0705421 0.108864 0.109644 0.0947048 0.161687 0.174024
0.0836618 0.0877453 0.0786834 0.121728 0.106384 0.0973853 0.161514 0.144668
0.101117 0.0875246 0.0802148 0.126208 0.105123 0.0951898 0.171446 0.129321
0.0958992 0.0890311 0.079865 0.125603 0.0996122 0.0878909 0.186932 0.130308
0.0834267 0.0821763 0.0773916 0.115249 0.0957339 0.0845139 0.196471 0.160075
0.0640415 0.0603292 0.0526333 0.112813 0.0882846 0.0658539 0.289121 0.168226
0.0587258 0.064754 0.0616671 0.0888348 0.0865143 0.0802844 0.252012 0.164919
0.0744918 0.0674721 0.0673412 0.111545 0.0969036 0.0844613 0.224742 0.154496
0.100417 0.0929703 0.0940601 0.119602 0.111492 0.0972474 0.144502 0.131029
0.107826 0.106304 0.104594 0.112782 0.113119 0.109834 0.114782 0.119234
0.109947 0.111493 0.108874 0.114301 0.115023 0.110721 0.111815 0.11241
0.114177 0.111756 0.113769 0.111582 0.112062 0.107555 0.108024 0.11045
0.115874 0.115806 0.120056 0.106923 0.113536 0.111625 0.0998268 0.10764
0.114893 0.114383 0.112662 0.103465 0.109941 0.116594 0.104311 0.109041
0.0932712 0.0878211 0.094627 0.109449 0.111861 0.115445 0.124356 0.127071
0.0814566 0.076713 0.0748774 0.11582 0.108024 0.10394 0.147707 0.149712
0.0854736 0.0799197 0.0756896 0.121874 0.109781 0.0954878 0.178275 0.139308
0.0930935 0.0925151 0.0819451 0.126697 0.11112 0.0938819 0.159427 0.136493
0.101543 0.0960102 0.0984599 0.125537 0.10324 0.104404 0.14391 0.118485
0.102638 0.0949213 0.0951047 0.121492 0.104379 0.0968973 0.156211 0.118665
0.0969804 0.0850914 0.0845684 0.11439 0.0943816 0.0947596 0.189385 0.122838
0.0703494 0.0603517 0.0645424 0.112246 0.0847902 0.0801833 0.254291 0.150332
0.0660749 0.0669994 0.0682792 0.096606 0.0905448 0.0971807 0.197589 0.162167
0.0765468 0.0734096 0.0712152 0.1106 0.100852 0.0983407 0.198403 0.141937
0.100488 0.0948555 0.105978 0.120627 0.108561 0.10716 0.133442 0.116584
0.105646 0.108977 0.11009 0.116858 0.109907 0.109565 0.115714 0.115375
0.111927 0.108839 0.109554 0.114793 0.111306 0.109281 0.114474 0.111682
0.116118 0.112033 0.110112 0.113766 0.112802 0.10669 0.112299 0.109634
0.12108 0.113768 0.112761 0.107575 0.114567 0.109183 0.107681 0.108707
0.10848 0.10935 0.111875 0.108481 0.114517 0.118087 0.105055 0.112035
0.0900238 0.0924653 0.0899927 0.107231 0.108237 0.11883 0.119441 0.129138
0.0812175 0.0810886 0.0847363 0.106965 0.105678 0.109648 0.139853 0.136779
0.0923452 0.0836969 0.0857159 0.125252 0.107423 0.103918 0.153299 0.123413
0.103791 0.0924218 0.0916135 0.122214 0.104858 0.0995428 0.152826 0.120372
0.100215 0.098504 0.104659 0.108145 0.100443 0.115607 0.126449 0.114215
0.0967116 0.0925661 0.100878 0.10606 0.0996869 0.119997 0.124139 0.117982
0.0888782 0.0913663 0.0987751 0.101167 0.101468 0.112298 0.12323 0.125956
0.0679378 0.0724681 0.0741664 0.0888255 0.0845298 0.110988 0.141264 0.1285
0.0646845 0.0655232 0.06938 0.0817889 0.0975625 0.119296 0.139886 0.15419
0.0730185 0.0720761 0.0802019 0.106775 0.104019 0.104825 0.159079 0.14776
0.106007 0.102175 0.104696 0.110141 0.112756 0.110556 0.123288 0.116332
0.106891 0.110051 0.110073 0.113748 0.109824 0.11022 0.116154 0.11176
0.110405 0.107528 0.111103 0.116505 0.110576 0.107224 0.114905 0.111574
0.11391 0.109276 0.112029 0.113042 0.111615 0.10969 0.113761 0.108252
0.123805 0.118388 0.109107 0.11249 0.111303 0.108014 0.108949 0.105248
0.109775 0.112198 0.109148 0.111806 0.11981 0.114097 0.110144 0.111175
0.0857011 0.085181 0.0931876 0.10636 0.113079 0.118276 0.123995 0.135551
0.0791951 0.0786491 0.0881375 0.0993044 0.104548 0.115487 0.129111 0.137726
0.0885893 0.0834834 0.0947159 0.102698 0.102429 0.122082 0.121286 0.119146
0.0973968 0.097275 0.106703 0.108609 0.102824 0.115405 0.123297 0.109299
0.0875861 0.0901651 0.105739 0.0911506 0.105054 0.121636 0.101421 0.124554
0.083857 0.0910871 0.103038 0.0897394 0.0994041 0.123162 0.0998625 0.118458
0.0770075 0.0860407 0.0996014 0.0853229 0.0988412 0.117401 0.10264 0.122094
0.056048 0.0613474 0.0678342 0.0683006 0.0865406 0.112943 0.0971438 0.133321
0.0536313 0.0562475 0.0673593 0.0736346 0.0875189 0.101992 0.107512 0.164977
0.0724813 0.0741702 0.0829266 0.0983199 0.100352 0.113295 0.139188 0.142819
0.0990134 0.103629 0.108087 0.108129 0.110584 0.114594 0.11783 0.116201
0.112212 0.108255 0.108789 0.110346 0.108444 0.11332 0.11322 0.112594
0.114385 0.111692 0.109396 0.113888 0.109351 0.107042 0.110766 0.112723
0.116827 0.115627 0.110102 0.110134 0.111644 0.106207 0.113636 0.106891
0.128392 0.120639 0.113048 0.113379 0.106884 0.100831 0.110748 0.102919
0.122894 0.112426 0.111532 0.124065 0.117119 0.102302 0.111475 0.105651
0.078949 0.0860602 0.0882104 0.109698 0.1111 0.119235 0.134485 0.138724
0.0729517 0.0758382 0.086072 0.0900177 0.104559 0.122193 0.118883 0.146385
0.072633 0.0829497 0.0932019 0.0872005 0.0986349 0.131582 0.105715 0.130642
0.0832755 0.089117 0.105584 0.0887052 0.102331 0.131242 0.0990082 0.11983
0.0761408 0.0834114 0.0964311 0.0842465 0.106328 0.129327 0.100019 0.134868
0.0750808 0.0846095 0.0940675 0.0853757 0.104537 0.13264 0.0961747 0.137529
0.0634423 0.0776654 0.0866293 0.0806663 0.0953155 0.121699 0.0927044 0.143564
0.0496584 0.0525025 0.0593298 0.0699069 0.0795477 0.117363 0.0954579 0.175287
0.0474596 0.0563339 0.0538915 0.0667865 0.0816903 0.0921735 0.108694 0.195662
0.0692909 0.0729157 0.0742913 0.091473 0.103122 0.107662 0.126502 0.167633
0.10042 0.0945961 0.0975344 0.110496 0.111675 0.115343 0.112522 0.122239
0.105251 0.109628 0.108541 0.110728 0.111153 0.111574 0.111843 0.114068
0.111668 0.11167 0.111715 0.109831 0.110571 0.109893 0.110609 0.11023
0.113511 0.113373 0.113942 0.109181 0.111353 0.108186 0.108295 0.11266
0.131056 0.114646 0.117214 0.109938 0.109639 0.108068 0.108584 0.105192
0.126444 0.111274 0.112592 0.128585 0.110975 0.103443 0.109134 0.0981758
0.0790962 0.0844733 0.0846617 0.111433 0.120002 0.110267 0.144701 0.13931
0.0627386 0.0731291 0.07209 0.0878962 0.100419 0.113171 0.129199 0.162293
0.0610333 0.071354 0.080953 0.0748562 0.0998196 0.125922 0.0977573 0.148676
0.0716932 0.0793877 0.093164 0.0817084 0.103567 0.138 0.0963175 0.144139
0.0771101 0.0820866 0.0821301 0.0881625 0.112006 0.112999 0.122334 0.171057
0.075286 0.0819019 0.0803299 0.093034 0.109337 0.110161 0.112764 0.180756
0.07072 0.0722073 0.0747131 0.0842035 0.105368 0.10898 0.116221 0.178849
0.0417538 0.0486796 0.0468015 0.0650254 0.0915348 0.0896187 0.146327 0.212074
0.0461403 0.046492 0.0454336 0.0691352 0.0802293 0.0839367 0.146823 0.252227
0.0639876 0.0662922 0.0658703 0.087915 0.0987898 0.0989528 0.13645 0.200691
0.0980956 0.0935153 0.0948995 0.106338 0.114731 0.113208 0.118817 0.132699
0.111125 0.106294 0.10742 0.110617 0.111954 0.111337 0.111567 0.115921
0.111277 0.111279 0.109481 0.112455 0.111649 0.112546 0.111034 0.108094
0.11687 0.112889 0.113722 0.111365 0.105901 0.108371 0.10893 0.111776
0.118638 0.121849 0.119208 0.110363 0.107392 0.107539 0.104706 0.105441
0.120756 0.122874 0.121983 0.113712 0.11042 0.111298 0.104708 0.0954587
0.0807132 0.0827451 0.0870152 0.122358 0.110628 0.116165 0.146993 0.129064
0.0589794 0.0640616 0.0638539 0.0913583 0.101232 0.102782 0.141502 0.199774
0.0584116 0.0642047 0.0639295 0.0809265 0.102591 0.103147 0.121602 0.217546
0.0673194 0.0721147 0.0737317 0.0867423 0.107318 0.105341 0.122147 0.179422
0.0904904 0.0940673 0.0839699 0.120949 0.115234 0.0935288 0.144853 0.139512
0.0925821 0.0897275 0.0803054 0.112271 0.114729 0.0966115 0.153415 0.147628
0.0837235 0.0820695 0.070643 0.120757 0.123733 0.0927306 0.165349 0.146959
0.0569348 0.056663 0.0485764 0.103621 0.117442 0.0771557 0.245736 0.184306
0.0435332 0.0457184 0.044888 0.0876921 0.0856202 0.0748743 0.263349 0.239703
0.0571579 0.0570354 0.0511252 0.103638 0.104207 0.0775806 0.218666 0.221815
0.0886982 0.0899375 0.0731647 0.124407 0.124138 0.0935894 0.152384 0.143437
0.112472 0.109168 0.103068 0.114112 0.117529 0.108642 0.113364 0.111816
0.116351 0.115223 0.112246 0.110999 0.11359 0.110623 0.105359 0.107812
0.115676 0.114813 0.116598 0.109965 0.110367 0.112591 0.105547 0.104158
0.117044 0.119631 0.123704 0.107113 0.10846 0.111651 0.10296 0.102443
0.113476 0.112273 0.119826 0.108072 0.107785 0.118853 0.10591 0.103369
0.0930663 0.0929306 0.092102 0.114602 0.110101 0.114731 0.121586 0.124586
0.0807486 0.0778627 0.0727251 0.113152 0.121224 0.103056 0.145595 0.14667
0.0787606 0.0817134 0.0687831 0.116238 0.122417 0.0904403 0.166818 0.1576
0.0863683 0.0870907 0.0753583 0.117134 0.119704 0.0960741 0.159169 0.147681
0.104752 0.0895823 0.0797433 0.14283 0.108608 0.091373 0.162526 0.127964
0.105036 0.0880712 0.0756877 0.127464 0.107919 0.0881642 0.18415 0.124307
0.0921026 0.0760156 0.0656454 0.145171 0.102482 0.0797921 0.203402 0.135469
0.0680853 0.0510829 0.0439271 0.121445 0.0914402 0.0601181 0.340394 0.135386
0.0517729 0.0489303 0.0494719 0.111318 0.0882803 0.0714122 0.308976 0.152821
0.0744116 0.0634885 0.0550085 0.139875 0.101831 0.0803987 0.242844 0.139862
0.10505 0.0944775 0.0789797 0.133895 0.108862 0.0899472 0.169293 0.122371
0.116396 0.112242 0.0987609 0.12351 0.111588 0.102707 0.116459 0.112905
0.121329 0.113607 0.104652 0.11279 0.112336 0.10906 0.109222 0.110151
0.114238 0.119747 0.111756 0.106471 0.110445 0.112182 0.108264 0.105029
0.112479 0.115522 0.121674 0.110452 0.108189 0.112721 0.101967 0.10539
0.10552 0.109041 0.129695 0.104014 0.108194 0.125953 0.0991339 0.104179
0.0926294 0.0933912 0.0991275 0.107128 0.110826 0.125202 0.112166 0.118254
0.0874171 0.0840085 0.0790523 0.11981 0.11047 0.108932 0.135552 0.132856
0.0974293 0.0854024 0.0723765 0.133037 0.106743 0.0867015 0.175877 0.142283
0.102411 0.087323 0.0765025 0.140223 0.111539 0.0874008 0.173578 0.126098
0.107031 0.0936276 0.0873558 0.129044 0.104994 0.0974815 0.157055 0.114173
0.106665 0.0911169 0.0880222 0.129065 0.103536 0.0979157 0.156706 0.113159
0.0971186 0.0839178 0.0780667 0.133915 0.0998378 0.0964308 0.167323 0.123629
0.0754932 0.0605578 0.0582479 0.125934 0.0849998 0.0868716 0.249842 0.12989
0.0647506 0.0584929 0.0652106 0.112847 0.0944618 0.0949053 0.188399 0.161225
0.0818284 0.065288 0.0691902 0.133488 0.0997512 0.0902253 0.209416 0.133112
0.116596 0.0957651 0.0932788 0.126534 0.111812 0.100737 0.137798 0.113311
0.118867 0.104002 0.101586 0.119514 0.10749 0.106856 0.120996 0.113574
0.119411 0.109907 0.108446 0.111913 0.113041 0.10752 0.112801 0.110358
0.117706 0.116668 0.108885 0.111625 0.112875 0.106573 0.112218 0.107614
0.11785 0.12159 0.112807 0.108285 0.112151 0.109852 0.103558 0.109747
0.109845 0.117144 0.125477 0.104353 0.116015 0.115201 0.0961962 0.108967
0.0850989 0.0914905 0.097424 0.100588 0.113187 0.129031 0.105127 0.127576
0.085581 0.0823835 0.0881636 0.110171 0.11108 0.120307 0.12368 0.124764
0.101518 0.0908812 0.0834707 0.126648 0.104858 0.106444 0.146079 0.118505
0.102712 0.0965519 0.0899697 0.1345 0.107919 0.0973999 0.144983 0.11677
0.100617 0.095253 0.103773 0.109847 0.102821 0.118873 0.119504 0.11609
0.0922646 0.0938312 0.100621 0.10986 0.101572 0.117546 0.121342 0.119937
0.0836819 0.081461 0.0965179 0.100284 0.0996701 0.121241 0.123416 0.131688
0.0661282 0.0641984 0.0739843 0.0859575 0.0888855 0.116236 0.13332 0.134462
0.0518591 0.0613187 0.0717534 0.0814743 0.0852468 0.118916 0.125148 0.143078
0.0737777 0.0714213 0.0764072 0.114338 0.0998049 0.108207 0.159641 0.139963
0.105501 0.0999805 0.101365 0.118201 0.108632 0.110976 0.126728 0.114477
0.114079 0.107334 0.106603 0.115521 0.111558 0.10662 0.116473 0.112009
0.116164 0.109235 0.108482 0.115202 0.109543 0.109772 0.115199 0.109255
0.122048 0.109504 0.108674 0.115026 0.109568 0.104823 0.113857 0.10968
0.126961 0.123837 0.109414 0.117877 0.10888 0.10076 0.110063 0.103695
0.121374 0.125661 0.121372 0.11336 0.114669 0.098826 0.104578 0.102731
0.0764773 0.0865299 0.0988457 0.10024 0.118421 0.12312 0.116944 0.135617
0.0757454 0.0773056 0.0923069 0.095231 0.104188 0.130817 0.10443 0.132963
0.0876235 0.0864956 0.102912 0.0971165 0.103459 0.130741 0.10958 0.116913
0.0963701 0.0964776 0.104614 0.104031 0.103196 0.125241 0.120306 0.112544
0.0783909 0.0874468 0.10404 0.0878533 0.0986722 0.137696 0.0954919 0.118089
0.080003 0.0860965 0.102062 0.0833943 0.097606 0.137102 0.0980841 0.123724
0.0653141 0.0767771 0.0949686 0.0800077 0.0958085 0.129514 0.0935937 0.128236
0.0480974 0.0561749 0.0710859 0.0641039 0.0791043 0.158595 0.0830463 0.147278
0.0412336 0.0482587 0.0568299 0.0571549 0.0740705 0.109069 0.0835235 0.152191
0.0689135 0.0718518 0.0761739 0.096649 0.103194 0.122201 0.132393 0.14774
0.0963712 0.0990045 0.108867 0.107896 0.108591 0.119095 0.114176 0.118605
0.107729 0.107266 0.110967 0.11185 0.110123 0.110681 0.113241 0.112096
0.111651 0.11105 0.111699 0.110909 0.111163 0.113206 0.111451 0.110083
0.115245 0.108418 0.110139 0.11551 0.10927 0.108851 0.112483 0.110187
0.128861 0.112467 0.10503 0.122022 0.109584 0.0992609 0.11148 0.106566
0.14861 0.130943 0.104649 0.127877 0.106697 0.0882863 0.108865 0.0974354
0.0792973 0.085308 0.0980286 0.111969 0.122053 0.11601 0.130144 0.139973
0.0633494 0.0712625 0.0874845 0.0799328 0.104243 0.139706 0.0969325 0.142889
0.0667044 0.0771699 0.104643 0.0812937 0.101002 0.14362 0.0890916 0.121116
0.0774761 0.0884398 0.108722 0.0843741 0.101071 0.149423 0.0940345 0.118162
0.0699877 0.0791459 0.09887 0.0768017 0.106684 0.14584 0.0869843 0.124425
0.0638521 0.0792459 0.10023 0.076484 0.100675 0.140852 0.0918292 0.139961
0.0605832 0.0745543 0.0899339 0.0714371 0.0997631 0.125365 0.0918078 0.138275
0.0413082 0.049266 0.0580855 0.0525228 0.0775591 0.110341 0.0832761 0.160912
0.0349267 0.0411418 0.0465445 0.0514531 0.0723032 0.103177 0.0917954 0.184853
0.0556061 0.0614681 0.0689157 0.0824881 0.0962839 0.112927 0.115405 0.154735
0.0928876 0.0952665 0.102278 0.101267 0.11391 0.123035 0.108833 0.126256
0.10835 0.108084 0.113254 0.107159 0.109803 0.115095 0.108552 0.114384
0.111221 0.112157 0.11283 0.110751 0.11212 0.112427 0.109193 0.109557
0.114494 0.112536 0.111498 0.113012 0.111226 0.107784 0.112041 0.1095
0.128376 0.113123 0.106199 0.117404 0.107961 0.10513 0.109827 0.106246
0.156685 0.123012 0.112189 0.13258 0.101115 0.0905362 0.109592 0.0937901
0.0839986 0.0923943 0.0906261 0.135216 0.125782 0.106448 0.147857 0.12092
0.052015 0.0626817 0.0721833 0.0766784 0.105861 0.134829 0.0958383 0.162444
0.0517593 0.0706707 0.0863068 0.0662515 0.0981805 0.14713 0.0811233 0.14987
0.0610036 0.0756108 0.0945249 0.0688932 0.101381 0.146287 0.0826321 0.144928
0.0703752 0.0838833 0.0825634 0.0867051 0.11804 0.115549 0.115605 0.15565
0.0663701 0.0860001 0.083009 0.0909419 0.115335 0.114338 0.112336 0.16076
0.0683651 0.0762211 0.0796396 0.0832622 0.105203 0.106488 0.116005 0.194652
0.0464748 0.0532627 0.0553588 0.0755611 0.098278 0.097254 0.122796 0.24448
0.0327781 0.0358781 0.0363581 0.0565504 0.0798951 0.0741396 0.150675 0.274866
0.053395 0.0570325 0.0557132 0.0825926 0.105827 0.110279 0.133103 0.210004
0.0822087 0.0910481 0.0873899 0.105438 0.117324 0.117759 0.119356 0.135461
0.107687 0.108849 0.110995 0.107276 0.111626 0.111862 0.114497 0.113103
0.110448 0.113465 0.113603 0.113184 0.109462 0.110718 0.109374 0.111511
0.113826 0.110985 0.11354 0.112105 0.111609 0.109462 0.10875 0.110955
0.118116 0.113822 0.118397 0.113132 0.111127 0.105102 0.109451 0.104597
0.150164 0.123031 0.122353 0.115427 0.102934 0.098139 0.102024 0.0953538
0.108925 0.096103 0.0946745 0.139907 0.114316 0.108333 0.135359 0.0985838
0.0440083 0.0518307 0.0552811 0.080238 0.109287 0.109737 0.127036 0.230639
0.0457276 0.0579733 0.0576772 0.0699159 0.112175 0.113527 0.112886 0.214655
0.0631834 0.0744736 0.0739393 0.0832068 0.116439 0.108869 0.113745 0.184737
0.0948582 0.0994305 0.0777612 0.12375 0.115965 0.091907 0.146848 0.142824
0.0951686 0.0922673 0.0799094 0.116226 0.130228 0.0961367 0.141614 0.136223
0.0857192 0.0861396 0.067731 0.114693 0.132809 0.086831 0.171836 0.144306
0.0669145 0.0684288 0.0518704 0.124613 0.117515 0.071254 0.182168 0.217191
0.0472687 0.0471505 0.0442149 0.0868648 0.0869319 0.0673661 0.209655 0.276306
0.0656488 0.0633506 0.0516533 0.111834 0.119287 0.0750055 0.227815 0.195015
0.0884335 0.0971781 0.0653562 0.130106 0.147348 0.0831248 0.155785 0.142625
0.11484 0.117433 0.104992 0.117199 0.113242 0.106499 0.11168 0.111838
0.11935 0.121017 0.115429 0.110295 0.107075 0.106202 0.105477 0.10717
0.118077 0.115277 0.1199 0.109315 0.108814 0.110852 0.103303 0.106895
0.11049 0.114008 0.12079 0.109108 0.110212 0.112412 0.107079 0.105902
0.113904 0.114257 0.126105 0.108083 0.106795 0.115251 0.102316 0.102918
0.10225 0.102129 0.107488 0.109255 0.113708 0.127582 0.107242 0.104593
0.0935736 0.0906671 0.0874838 0.119252 0.123446 0.104284 0.128414 0.127145
0.0878173 0.090563 0.0692042 0.127453 0.114527 0.0889492 0.156369 0.159986
0.0970357 0.0941688 0.0782265 0.125971 0.119493 0.0884535 0.142458 0.152568
0.109947 0.0929171 0.0814945 0.140831 0.111984 0.0843678 0.161581 0.12276
0.107541 0.0892178 0.0775341 0.137583 0.104847 0.0826456 0.183083 0.122279
0.102045 0.0799347 0.0693794 0.13674 0.102998 0.078704 0.193614 0.141179
0.0758089 0.0576698 0.0431959 0.109442 0.0805928 0.0589986 0.350855 0.140614
0.0650416 0.0555275 0.0491134 0.116914 0.0847198 0.077456 0.285017 0.142843
0.0896222 0.0664889 0.0516349 0.145841 0.0900233 0.0690295 0.288788 0.117623
0.12128 0.0921716 0.0738701 0.154319 0.10775 0.0802522 0.165101 0.120095
0.13127 0.112476 0.100897 0.121066 0.116163 0.0963498 0.112867 0.110387
0.118307 0.114764 0.108046 0.113414 0.114957 0.104782 0.111262 0.110092
0.115781 0.118734 0.113002 0.108308 0.112624 0.108771 0.106748 0.108378
0.111308 0.115146 0.123273 0.105278 0.109999 0.116895 0.0999609 0.107897
0.101274 0.117002 0.133842 0.0970643 0.107731 0.126444 0.0961246 0.103733
0.0977849 0.100037 0.108537 0.102218 0.108201 0.130734 0.0982407 0.113011
0.0983137 0.0925818 0.0892591 0.122997 0.107459 0.114406 0.126658 0.120384
0.111066 0.0919568 0.0692677 0.141258 0.113162 0.083475 0.173281 0.122851
0.119602 0.0924542 0.0746256 0.140082 0.110736 0.0847892 0.165669 0.123532
0.114532 0.0963391 0.0892109 0.127235 0.109944 0.0979018 0.146908 0.111779
0.111028 0.0892193 0.0859716 0.131173 0.101108 0.0951163 0.160597 0.114918
0.100826 0.0804904 0.0811213 0.139423 0.099709 0.099763 0.164013 0.118892
0.0929227 0.0621093 0.0617661 0.123485 0.0907907 0.0913106 0.205038 0.141946
0.0633622 0.0573956 0.0602591 0.0905794 0.0879864 0.0963079 0.187887 0.16382
0.0950328 0.0761073 0.0672561 0.136618 0.101652 0.0898811 0.200283 0.123807
0.122075 0.0948822 0.0895257 0.140481 0.109097 0.0937727 0.139851 0.11059
0.122312 0.108412 0.0971532 0.124088 0.110914 0.103488 0.119608 0.110539
0.119177 0.108761 0.106782 0.116378 0.11268 0.103885 0.11546 0.110758
0.117322 0.112454 0.109772 0.10968 0.112653 0.110229 0.110183 0.112074
0.111967 0.121756 0.113599 0.11115 0.114659 0.107087 0.106772 0.109149
0.107733 0.124036 0.130543 0.101492 0.11423 0.112292 0.0984004 0.109108
0.0841257 0.0956823 0.110166 0.0964734 0.110003 0.134472 0.0969997 0.121354
0.0926196 0.0901322 0.101354 0.0986064 0.105844 0.128914 0.105462 0.118501
0.106814 0.0907354 0.0935733 0.129142 0.100969 0.110296 0.13762 0.104835
0.116308 0.093972 0.0926625 0.130729 0.100833 0.0971414 0.15001 0.113573
0.100732 0.0948113 0.10829 0.103621 0.100546 0.119033 0.11659 0.110104
0.090562 0.0898166 0.0997065 0.101793 0.102406 0.128147 0.119306 0.114246
0.079881 0.0790871 0.0967482 0.0962383 0.10408 0.131379 0.12303 0.110614
0.0629054 0.0623221 0.0823184 0.0920041 0.0897339 0.136213 0.131194 0.132325
0.053893 0.0553956 0.0719996 0.0750737 0.0837569 0.137954 0.123332 0.144943
0.0791948 0.0722196 0.0760822 0.110919 0.100936 0.116526 0.15224 0.133285
0.11171 0.0997718 0.100507 0.120327 0.106393 0.109742 0.123592 0.113183
0.11309 0.106712 0.108788 0.118076 0.109358 0.110387 0.11489 0.109218
0.115949 0.110895 0.108036 0.119331 0.108798 0.109302 0.11329 0.105628
0.120435 0.112423 0.10216 0.118037 0.10984 0.105842 0.116692 0.107213
0.123895 0.11656 0.104764 0.11619 0.107956 0.10612 0.113896 0.10881
0.126866 0.131969 0.113221 0.113581 0.112551 0.101328 0.105041 0.104047
0.0801347 0.0949728 0.108372 0.0929662 0.119991 0.129308 0.104175 0.133283
0.07265 0.0812928 0.108165 0.0839827 0.104063 0.148535 0.0900709 0.113264
0.0862276 0.0923323 0.111484 0.093495 0.101348 0.143478 0.0958548 0.112042
0.0967764 0.0925388 0.113939 0.103512 0.1027 0.130168 0.108919 0.105667
0.0738625 0.0903253 0.115503 0.0797875 0.0996536 0.153907 0.0901448 0.117945
0.0714423 0.0812611 0.108605 0.0800116 0.0993752 0.148962 0.0890487 0.120739
0.0669104 0.072989 0.104682 0.0741167 0.0930047 0.16088 0.086344 0.115924
0.0447405 0.052885 0.0835894 0.0566797 0.0799638 0.144193 0.0779798 0.113248
0.0346368 0.044019 0.0602864 0.0480694 0.0741725 0.119981 0.0677671 0.137979
0.0619427 0.0671979 0.0835661 0.0840261 0.0976523 0.138423 0.118506 0.137879
0.0979643 0.100092 0.110224 0.105018 0.108617 0.120672 0.114356 0.115013
0.106765 0.108985 0.115328 0.110485 0.109441 0.114934 0.110589 0.111684
0.113195 0.107962 0.110155 0.112581 0.109846 0.110773 0.112697 0.110824
0.116084 0.110305 0.108352 0.114678 0.111773 0.109594 0.112862 0.107983
0.125089 0.1138 0.106919 0.119427 0.10916 0.102912 0.115383 0.107185
0.160597 0.125534 0.0964913 0.123281 0.107315 0.088916 0.11401 0.0988548
0.0902159 0.100586 0.100034 0.110369 0.124718 0.106756 0.122823 0.133442
0.0580763 0.0760515 0.106642 0.0710309 0.105068 0.166369 0.0768613 0.129601
0.059316 0.0742213 0.114444 0.0643767 0.0945559 0.176213 0.0689205 0.105204
0.069565 0.0856683 0.120117 0.0760783 0.0965675 0.153421 0.0815614 0.111134
0.0635078 0.0807942 0.11289 0.0714499 0.106509 0.145289 0.0846908 0.135761
0.0565544 0.0810485 0.108045 0.071579 0.0988013 0.154967 0.0821675 0.131802
0.0532375 0.0713658 0.101415 0.0637815 0.0996139 0.153564 0.079024 0.127641
0.0338829 0.0494409 0.0659733 0.0481087 0.0713671 0.127395 0.0634372 0.103725
0.0285635 0.0373016 0.0470593 0.0436033 0.0773315 0.106486 0.0783718 0.159534
0.0494847 0.0641649 0.0775409 0.0748633 0.107497 0.123947 0.103265 0.162025
0.0870281 0.0963557 0.108963 0.0920366 0.112017 0.129419 0.101342 0.11844
0.104916 0.109174 0.114559 0.10694 0.113688 0.110809 0.108739 0.113022
0.105436 0.111384 0.114114 0.109897 0.112876 0.110914 0.112056 0.111396
0.111495 0.111862 0.11057 0.114599 0.111582 0.11021 0.11236 0.108659
0.123054 0.114104 0.106249 0.116162 0.108997 0.105181 0.113984 0.106237
0.166869 0.109842 0.0982416 0.129236 0.10054 0.0931475 0.114673 0.0973132
0.110678 0.105872 0.094693 0.140742 0.116434 0.0911431 0.146095 0.111291
0.0466039 0.0667473 0.0876911 0.0612518 0.10791 0.16404 0.0754027 0.1531
0.0389397 0.0592756 0.0879599 0.0499174 0.0924138 0.167062 0.0592986 0.131036
0.0499165 0.0726675 0.105854 0.0607841 0.0991884 0.166553 0.069 0.138368
0.0604199 0.0857093 0.0832232 0.0842343 0.122019 0.116835 0.108583 0.162247
0.0625686 0.0853536 0.0817697 0.0860571 0.123206 0.121549 0.110953 0.16088
0.0585455 0.0761112 0.0751974 0.080471 0.117734 0.113973 0.103246 0.179801
0.0365758 0.0502717 0.0496645 0.0547619 0.0921594 0.0957791 0.087326 0.276837
0.0270793 0.0325656 0.0320393 0.0524693 0.0776873 0.0764929 0.115164 0.216688
0.0494647 0.0585388 0.0589436 0.0806249 0.101821 0.110294 0.119074 0.22412
0.0819494 0.0932997 0.0982969 0.0931478 0.123618 0.123172 0.104287 0.131264
0.105514 0.112441 0.109352 0.107617 0.107842 0.114052 0.10977 0.119047
0.111161 0.109651 0.112736 0.108409 0.111637 0.10746 0.113385 0.111985
0.11223 0.11206 0.11074 0.113898 0.109019 0.11215 0.111292 0.108603
0.1146 0.110617 0.112858 0.116889 0.108893 0.112278 0.108072 0.109123
0.13616 0.116229 0.115305 0.111646 0.102209 0.102435 0.109249 0.104482
0.13074 0.113667 0.110949 0.140965 0.0956557 0.102642 0.124189 0.0935944
0.0394513 0.0556004 0.056262 0.070484 0.113825 0.126279 0.109898 0.212469
0.0355957 0.0543436 0.0527842 0.0576267 0.10912 0.104246 0.0853012 0.263848
0.0501389 0.0773382 0.0683114 0.071579 0.117991 0.123696 0.101987 0.185323
0.103715 0.102354 0.0794913 0.125445 0.121282 0.0887109 0.134747 0.143483
0.103316 0.0997487 0.0728765 0.12047 0.129645 0.089965 0.141113 0.14806
0.094006 0.0970638 0.0714891 0.132233 0.125169 0.0827167 0.153826 0.147126
0.0783196 0.0792327 0.0481132 0.126051 0.12639 0.0649874 0.219267 0.175484
0.0503455 0.0515283 0.0438696 0.105722 0.0913426 0.0737023 0.205996 0.227926
0.089182 0.0872836 0.0516158 0.158871 0.157818 0.0681943 0.172563 0.140247
0.1152 0.122171 0.0656675 0.140817 0.135738 0.0777498 0.138645 0.134967
0.118737 0.115987 0.105288 0.11474 0.116482 0.102562 0.109745 0.113036
0.114804 0.115817 0.117888 0.109755 0.110537 0.109411 0.105901 0.105382
0.110889 0.112208 0.119583 0.10755 0.107245 0.115628 0.106123 0.10865
0.112505 0.112049 0.121342 0.107002 0.107308 0.115035 0.105842 0.106737
0.110666 0.110871 0.126951 0.108644 0.105706 0.116258 0.103262 0.102445
0.109849 0.113017 0.119302 0.108844 0.111334 0.115399 0.103936 0.104203
0.107469 0.10904 0.0933426 0.117115 0.118403 0.113035 0.116076 0.119145
0.101504 0.0975861 0.0685245 0.143638 0.115214 0.0853533 0.157529 0.140048
0.108299 0.10315 0.0740538 0.128377 0.125845 0.0842948 0.138646 0.140926
0.128357 0.0975094 0.0743824 0.144468 0.111854 0.0834018 0.154521 0.119133
0.122733 0.093897 0.0742495 0.145164 0.106634 0.0777692 0.173443 0.117402
0.109958 0.0833244 0.0671184 0.177398 0.105621 0.0757305 0.175939 0.120407
0.0955144 0.0566303 0.0444901 0.189291 0.0845622 0.0607788 0.297514 0.10474
0.067724 0.0564429 0.057646 0.116576 0.0931097 0.0965951 0.216161 0.124143
0.116949 0.07635 0.0575901 0.201232 0.104508 0.0681485 0.199034 0.105704
0.14631 0.0947098 0.0717013 0.167233 0.110448 0.0710927 0.160627 0.1042
0.12385 0.114718 0.0940195 0.118915 0.114226 0.0985636 0.116542 0.117419
0.116902 0.119044 0.103792 0.112633 0.114168 0.105656 0.108322 0.114116
0.111207 0.116135 0.111583 0.108793 0.112401 0.109555 0.108363 0.111669
0.106887 0.11589 0.11778 0.106763 0.108751 0.114692 0.105585 0.109047
0.102204 0.110585 0.134322 0.0998769 0.107112 0.124895 0.0978745 0.103318
0.0977228 0.105677 0.125026 0.097358 0.106422 0.135855 0.0941358 0.107711
0.101208 0.106788 0.0987096 0.115252 0.109497 0.116342 0.118184 0.11417
0.129472 0.0992862 0.0718596 0.155612 0.107316 0.079922 0.155854 0.111501
0.128995 0.0962492 0.0721995 0.144983 0.113843 0.0787043 0.169574 0.109812
0.117713 0.0935467 0.0892315 0.14055 0.103542 0.0976463 0.141248 0.10854
0.112678 0.0900287 0.0916328 0.143175 0.100441 0.0978671 0.143517 0.110171
0.11349 0.0857776 0.085441 0.144731 0.100021 0.091023 0.161226 0.109215
0.0962704 0.0672879 0.0671951 0.137451 0.0938155 0.0927382 0.226384 0.104824
0.05586 0.0546972 0.0636501 0.0845161 0.0883082 0.109453 0.122825 0.123642
0.119673 0.0805372 0.0711029 0.142549 0.102543 0.0979113 0.158432 0.110928
0.139065 0.10002 0.0876246 0.136711 0.102046 0.0938154 0.14003 0.107806
0.123333 0.109146 0.100429 0.118811 0.109258 0.104065 0.119525 0.110982
0.115867 0.115399 0.106794 0.115512 0.110066 0.109283 0.112537 0.112624
0.116888 0.114314 0.104558 0.112705 0.112474 0.105346 0.113726 0.112233
0.111401 0.115014 0.111278 0.110716 0.113633 0.108985 0.105656 0.112855
0.106359 0.125068 0.11822 0.102413 0.115101 0.113121 0.0972613 0.111757
0.0852018 0.101138 0.124914 0.0884583 0.112899 0.138691 0.091894 0.111879
0.0922344 0.0921515 0.11877 0.0921999 0.103096 0.136635 0.0947219 0.106045
0.113901 0.095741 0.0991356 0.122199 0.0997719 0.118181 0.121506 0.103287
0.124344 0.095825 0.0930037 0.133964 0.105196 0.0960384 0.13835 0.106945
0.0916669 0.0929685 0.114391 0.100676 0.102604 0.133789 0.111436 0.110857
0.0895887 0.0902811 0.111799 0.101944 0.0986731 0.132015 0.108589 0.108468
0.0810048 0.0812264 0.105006 0.0968084 0.092217 0.145529 0.108322 0.109742
0.0678078 0.0674142 0.0977867 0.0962124 0.0920311 0.152958 0.109561 0.112142
0.0461624 0.0505289 0.0752417 0.0712181 0.0773906 0.143697 0.0862775 0.140195
0.0855751 0.0807089 0.0910683 0.106035 0.106817 0.13233 0.11522 0.12735
0.115733 0.101977 0.104027 0.119156 0.105172 0.110137 0.124951 0.108966
0.116727 0.107192 0.107192 0.114909 0.109314 0.111172 0.116866 0.107249
0.117935 0.109952 0.108274 0.114098 0.111457 0.110056 0.114153 0.10589
0.119593 0.109879 0.107864 0.112894 0.10747 0.10547 0.116516 0.11128
0.120585 0.113804 0.102312 0.11683 0.11144 0.104679 0.114428 0.11117
0.120917 0.122185 0.105915 0.114705 0.112272 0.101637 0.107633 0.113743
0.0813547 0.105092 0.109841 0.0887572 0.122006 0.130771 0.0940114 0.12774
0.0726751 0.0882037 0.127526 0.0764723 0.0976083 0.165389 0.0799492 0.109831
0.0810261 0.0868913 0.13189 0.0867616 0.0967538 0.15784 0.088655 0.107337
0.0966385 0.09389 0.115164 0.0964458 0.10191 0.135915 0.104663 0.108253
0.0666909 0.0810908 0.126491 0.0744631 0.100044 0.177007 0.0789689 0.107697
0.0644822 0.0856224 0.13061 0.0679608 0.0966815 0.156314 0.0768478 0.110781
0.060116 0.0695436 0.117606 0.0641937 0.089993 0.181872 0.0756249 0.105387
0.039544 0.0567362 0.0891194 0.0548846 0.073224 0.140394 0.0613711 0.0980209
0.0289598 0.0460966 0.0669782 0.0408714 0.0729377 0.122975 0.063827 0.102029
0.0611774 0.0737408 0.101134 0.0827435 0.104518 0.162458 0.100997 0.136459
0.0983639 0.101893 0.115148 0.103098 0.109869 0.120155 0.105606 0.113185
0.107943 0.111224 0.111667 0.109675 0.110475 0.114542 0.109094 0.112368
0.113087 0.111629 0.110526 0.112285 0.109425 0.110269 0.111637 0.110775
0.115969 0.111124 0.106936 0.11276 0.112383 0.108494 0.113383 0.109269
0.121138 0.111411 0.103517 0.112517 0.108929 0.104228 0.120789 0.108279
0.137281 0.114249 0.0960797 0.126247 0.106065 0.0952605 0.122949 0.107437
0.0923626 0.108249 0.0948728 0.106795 0.124986 0.10153 0.117922 0.138476
0.05251 0.0753252 0.131422 0.0596746 0.0994438 0.194336 0.0646982 0.104389
0.0519945 0.0750614 0.135627 0.0567787 0.0901013 0.213913 0.0618829 0.0927904
0.0632492 0.0824404 0.138171 0.0658837 0.0917407 0.18511 0.0748107 0.102801
0.0512706 0.0764878 0.109791 0.0596323 0.102254 0.178189 0.0672914 0.133738
0.0521901 0.0767402 0.115986 0.0619103 0.100937 0.175965 0.0718944 0.136634
0.0486978 0.0715808 0.11216 0.0576052 0.0954849 0.173618 0.0690839 0.142124
0.0350628 0.0486397 0.0756947 0.0413904 0.0739718 0.139895 0.0552926 0.110053
0.0264468 0.0384272 0.0493539 0.0390786 0.0639347 0.0938392 0.057338 0.134998
0.0480855 0.0654954 0.081069 0.0684216 0.096228 0.165675 0.0814607 0.125228
0.08441 0.102892 0.12124 0.0884976 0.107203 0.131336 0.0935269 0.114677
0.102578 0.113168 0.11007 0.105117 0.112839 0.118504 0.107784 0.114615
0.109825 0.113052 0.111148 0.106701 0.113875 0.111158 0.11188 0.108448
0.112596 0.109307 0.111088 0.110636 0.110413 0.111687 0.112833 0.111217
0.117317 0.110756 0.106592 0.114025 0.109115 0.106956 0.116848 0.109331
0.140339 0.103766 0.0958433 0.124847 0.106594 0.0968154 0.126785 0.106597
0.122916 0.102386 0.0815637 0.144991 0.107525 0.0823406 0.150312 0.115303
0.0400801 0.0684496 0.102462 0.0520475 0.108055 0.165708 0.0622327 0.163303
0.0333812 0.0595515 0.100088 0.0397924 0.0864121 0.212623 0.0420378 0.0992249
0.0425434 0.0690226 0.118718 0.0498161 0.098924 0.166849 0.0549194 0.121575
0.0548014 0.0818217 0.0796681 0.0710498 0.132075 0.124473 0.0941506 0.18822
0.0557461 0.0795196 0.0810341 0.0772607 0.125921 0.118244 0.100186 0.181431
0.0531692 0.0759107 0.0815605 0.0707914 0.120235 0.120519 0.0974282 0.191447
0.0293227 0.0394093 0.0405415 0.0387493 0.0804978 0.083769 0.0744695 0.346086
0.0255606 0.033222 0.0315929 0.0417673 0.0656135 0.0657047 0.0876429 0.322427
0.0492631 0.0674673 0.0654775 0.0779479 0.122688 0.117769 0.0985059 0.215381
0.0800376 0.0998178 0.100908 0.08825 0.130053 0.119985 0.102248 0.131848
0.103006 0.113695 0.107997 0.101758 0.116247 0.115956 0.10959 0.114533
0.111879 0.111412 0.1108 0.109999 0.114547 0.111327 0.111045 0.10959
0.109049 0.110502 0.10978 0.114043 0.111094 0.111449 0.111239 0.109413
0.117382 0.111938 0.11062 0.113116 0.109076 0.111478 0.112613 0.104391
0.129566 0.107647 0.107355 0.11587 0.104712 0.104278 0.118262 0.107391
0.137154 0.095946 0.095176 0.141775 0.0989273 0.0967326 0.137191 0.0931703
0.0392071 0.0616745 0.0625835 0.0667514 0.117543 0.118058 0.0966669 0.241569
0.0265917 0.0460844 0.0443802 0.0437589 0.100946 0.103666 0.0615184 0.210392
0.0444506 0.0714718 0.0694852 0.0665977 0.115915 0.121952 0.0877082 0.19334
0.112826 0.112722 0.078061 0.122527 0.128527 0.0924224 0.126471 0.138345
0.110955 0.109812 0.0779562 0.121829 0.128602 0.0851277 0.144162 0.132073
0.107295 0.103959 0.0687581 0.134881 0.138695 0.0767131 0.149753 0.143309
0.0959843 0.0989846 0.0493466 0.150931 0.135795 0.0695079 0.1727 0.153313
0.0785712 0.0721166 0.0608416 0.12757 0.128657 0.115258 0.123831 0.128593
0.143648 0.162074 0.0632198 0.123011 0.156165 0.0730438 0.0995781 0.126052
0.136096 0.130632 0.0756855 0.122358 0.132782 0.0742683 0.127108 0.126954
0.116506 0.117255 0.10259 0.111714 0.11182 0.103878 0.111835 0.116378
0.110632 0.112125 0.113699 0.111622 0.107781 0.110567 0.109011 0.109381
0.110498 0.110002 0.11614 0.108977 0.108943 0.114536 0.107513 0.10733
0.111798 0.110442 0.116659 0.107238 0.108175 0.115307 0.109164 0.10595
0.10887 0.107758 0.125111 0.106096 0.108005 0.116983 0.106455 0.103071
0.111601 0.111361 0.130226 0.106187 0.10465 0.122602 0.101083 0.0971182
0.110268 0.115287 0.112495 0.112539 0.122887 0.102334 0.104758 0.108256
0.115934 0.110266 0.075143 0.14753 0.137716 0.0813102 0.130534 0.127026
0.104306 0.124562 0.0733122 0.133016 0.128919 0.082443 0.133707 0.135234
0.139016 0.100036 0.0711395 0.154978 0.109027 0.0812003 0.154718 0.110183
0.137931 0.102016 0.0733959 0.152877 0.104576 0.0783485 0.152648 0.112502
0.149397 0.0948386 0.0688323 0.175441 0.10341 0.0710272 0.152153 0.108967
0.127886 0.0770415 0.050527 0.213091 0.0939641 0.0574238 0.220728 0.0971591
0.0667312 0.0624767 0.0816846 0.0990325 0.0888396 0.122433 0.109633 0.105968
0.167452 0.0978932 0.067938 0.189352 0.105403 0.0740383 0.143451 0.0878889
0.161376 0.107509 0.0759356 0.148462 0.103828 0.0744103 0.149728 0.107313
0.126124 0.114901 0.0975276 0.120332 0.114335 0.101612 0.118073 0.111064
0.114401 0.114356 0.106955 0.112608 0.112543 0.10611 0.11318 0.113679
0.11188 0.114054 0.110998 0.107589 0.113233 0.112506 0.107767 0.112999
0.103046 0.113215 0.118305 0.105963 0.110999 0.115267 0.106684 0.11103
0.102325 0.112118 0.126059 0.0996373 0.109989 0.120488 0.102314 0.106268
0.0972405 0.10759 0.131075 0.0955613 0.106094 0.137337 0.0893606 0.106336
0.11095 0.106102 0.111221 0.110115 0.112052 0.11498 0.0985894 0.109348
0.146861 0.11079 0.077131 0.146374 0.106246 0.0872942 0.134365 0.0982796
0.145775 0.103554 0.0719366 0.163109 0.106095 0.0779424 0.145041 0.104234
0.126093 0.0959414 0.0938124 0.129196 0.104286 0.0991984 0.138873 0.107235
0.130049 0.0895355 0.0898376 0.13006 0.103532 0.102542 0.144384 0.104578
0.121948 0.0877188 0.0822833 0.134352 0.0965234 0.10239 0.15153 0.106521
0.124632 0.0786846 0.0772052 0.161969 0.0877686 0.0894526 0.169501 0.0937768
0.0536706 0.0612118 0.0741507 0.0715856 0.0796132 0.147353 0.0819132 0.110125
0.132126 0.0944699 0.0914826 0.142061 0.103487 0.103745 0.119409 0.0995935
0.142808 0.103985 0.0945928 0.133553 0.102173 0.0966864 0.133217 0.0996976
0.124752 0.109667 0.103462 0.113573 0.109984 0.102986 0.121983 0.109155
0.117059 0.107826 0.103693 0.116867 0.10897 0.106534 0.116668 0.112329
0.113607 0.112197 0.105809 0.112422 0.11226 0.107538 0.111335 0.113589
0.110901 0.114626 0.105637 0.108764 0.112359 0.110222 0.110299 0.113718
0.101411 0.116297 0.113805 0.101645 0.114929 0.11415 0.105941 0.114377
0.0859931 0.106274 0.128548 0.0881379 0.110901 0.141262 0.0832095 0.109238
0.0868316 0.0966783 0.124515 0.0905757 0.0993385 0.151061 0.0888822 0.104951
0.118515 0.096025 0.112001 0.118777 0.101411 0.117307 0.103416 0.0983246
0.130793 0.100399 0.0958939 0.129934 0.102313 0.104803 0.125214 0.105904
0.0927026 0.0926327 0.125628 0.0994159 0.0970724 0.133916 0.0980604 0.107462
0.0902153 0.0857775 0.123945 0.0953413 0.0972628 0.14239 0.101533 0.106781
0.0830499 0.07821 0.115355 0.0900253 0.0945454 0.154398 0.0943265 0.10326
0.0766354 0.0736326 0.114625 0.0853599 0.085901 0.173252 0.0874758 0.101401
0.0398212 0.048275 0.0842419 0.050178 0.0729174 0.128494 0.0599145 0.100363
0.0884727 0.0889178 0.109483 0.0969334 0.106109 0.139643 0.0929679 0.117767
0.115627 0.107729 0.111196 0.116739 0.10786 0.111213 0.112628 0.106593
0.11591 0.109587 0.110692 0.115424 0.108482 0.108958 0.113055 0.109974
0.114032 0.107715 0.108364 0.114743 0.107164 0.110689 0.115315 0.109845
0.115624 0.110145 0.110678 0.113039 0.11025 0.106758 0.113711 0.110384
0.113905 0.10911 0.10803 0.114564 0.111298 0.105375 0.116897 0.113777
0.117102 0.11141 0.104066 0.113057 0.11378 0.103119 0.112846 0.117797
0.0786249 0.10735 0.114687 0.0848612 0.117511 0.134021 0.0919829 0.120497
0.0674792 0.0872471 0.14363 0.0708625 0.0955397 0.168177 0.0753112 0.103632
0.0758573 0.0872575 0.149598 0.0771606 0.0963674 0.160213 0.0775553 0.101074
0.0884537 0.0899331 0.130918 0.0976405 0.0989995 0.134909 0.0957693 0.102781
0.0593612 0.0828695 0.137301 0.0675053 0.093616 0.171587 0.0700502 0.100781
0.0553468 0.0749866 0.131641 0.0612739 0.0911881 0.194528 0.0652377 0.099338
0.0493328 0.067545 0.120062 0.0581814 0.0843402 0.201992 0.0651525 0.0985738
0.0386999 0.054916 0.096238 0.0439445 0.0705673 0.224248 0.0530127 0.0871699
0.0306952 0.0546331 0.0793789 0.0438882 0.0745217 0.176062 0.0549098 0.114154
0.0650871 0.0829101 0.134389 0.0754826 0.104939 0.168197 0.0818897 0.113785
0.101963 0.104529 0.114458 0.103794 0.108808 0.128334 0.102817 0.106253
0.111252 0.106246 0.11571 0.107089 0.109694 0.116663 0.108318 0.109965
0.110776 0.108795 0.110788 0.1117 0.110519 0.109757 0.111372 0.113554
0.111093 0.107096 0.110243 0.114526 0.111513 0.105738 0.11279 0.114198
0.115251 0.108627 0.106959 0.116709 0.110485 0.107444 0.116975 0.110537
0.124673 0.108871 0.0959828 0.124142 0.105357 0.097638 0.128032 0.1136
0.0854363 0.09932 0.0925969 0.101163 0.11724 0.111895 0.111265 0.142815
0.0509785 0.0881476 0.15953 0.0571961 0.0972454 0.183993 0.0601154 0.109095
0.0475788 0.0774186 0.165754 0.0544457 0.0850015 0.230428 0.0546022 0.089396
0.0545546 0.0798602 0.16109 0.0594569 0.0896359 0.193707 0.065764 0.0974331
0.0383578 0.0686591 0.124335 0.0455329 0.0939475 0.185961 0.0527089 0.123969
0.0433033 0.0706298 0.114872 0.0482887 0.0959427 0.202725 0.0548082 0.122649
0.0351349 0.0611715 0.102383 0.0464516 0.0872809 0.188937 0.0504592 0.108689
0.0204496 0.0332096 0.0557847 0.0252805 0.0576389 0.166679 0.0307699 0.0756212
0.0252098 0.0375491 0.0503356 0.0326063 0.0652579 0.132947 0.0442058 0.103284
0.0536336 0.0855766 0.120196 0.0676415 0.106977 0.170601 0.0710005 0.1071
0.0826153 0.100077 0.127711 0.0847798 0.107211 0.152552 0.0850016 0.112531
0.106455 0.1107 0.11452 0.100076 0.113775 0.11439 0.102772 0.115935
0.109934 0.10951 0.112272 0.107836 0.11101 0.11111 0.11177 0.118209
0.111547 0.108849 0.11098 0.110428 0.112153 0.109717 0.114124 0.112824
0.111976 0.11162 0.107017 0.115278 0.11043 0.106162 0.11646 0.11001
0.120705 0.102535 0.0988373 0.12361 0.106786 0.100265 0.130632 0.109159
0.106857 0.0903264 0.0770124 0.122226 0.105372 0.0925 0.156965 0.1374
0.0356403 0.0698262 0.0981436 0.0441104 0.105847 0.177177 0.0488266 0.135344
0.0270698 0.060827 0.12878 0.0328654 0.0827794 0.298039 0.0361921 0.0844183
0.0331818 0.0673902 0.126342 0.038151 0.0917354 0.219376 0.0456173 0.0976855
0.0437393 0.079047 0.0775391 0.0621118 0.128513 0.121226 0.0813771 0.213283
0.0458432 0.0765283 0.0706 0.0628085 0.126135 0.129297 0.0844021 0.196387
0.0375565 0.0614292 0.0610824 0.0568685 0.131726 0.118503 0.0766126 0.213333
0.0156953 0.0260364 0.0255785 0.0290479 0.079543 0.0696505 0.0416142 0.391238
0.0240496 0.0295761 0.0284266 0.0443994 0.0854916 0.0871524 0.0753118 0.329809
0.0507977 0.0727813 0.0719162 0.0675068 0.140653 0.143065 0.0811985 0.193177
0.0826138 0.107817 0.108866 0.0898702 0.127996 0.124497 0.084971 0.135696
0.104661 0.110816 0.109984 0.102279 0.108937 0.117211 0.109895 0.120488
0.109824 0.111331 0.109795 0.109576 0.108983 0.115589 0.111657 0.114245
0.111476 0.109611 0.110368 0.111889 0.111229 0.109942 0.114553 0.111333
0.11183 0.111625 0.109368 0.114093 0.110086 0.109714 0.112477 0.111638
0.117566 0.103353 0.103828 0.117167 0.107173 0.107371 0.120854 0.112448
0.107723 0.0790377 0.0781592 0.13427 0.0981149 0.096191 0.161875 0.125706
0.0350982 0.0513338 0.0512003 0.0592424 0.118877 0.113398 0.0884289 0.261667
0.0196472 0.0401904 0.0393468 0.0298902 0.0968513 0.0935425 0.0367149 0.399168
0.032974 0.0564985 0.0609527 0.0477376 0.123041 0.119308 0.0625945 0.2459
0.113485 0.12018 0.0804157 0.133261 0.12516 0.0864452 0.129575 0.123573
0.125685 0.116813 0.0761077 0.131113 0.131456 0.0803637 0.130118 0.127957
0.127415 0.125257 0.0720086 0.141246 0.129597 0.0723848 0.131239 0.128797
0.130188 0.141549 0.0610507 0.146144 0.143073 0.0666335 0.120198 0.119934
0.0966491 0.105283 0.107241 0.111058 0.109569 0.131261 0.103517 0.0982367
0.166043 0.196498 0.0792384 0.108586 0.12145 0.0682389 0.100967 0.102403
0.120343 0.121553 0.082864 0.125607 0.121483 0.0800806 0.13479 0.132038
0.114456 0.108805 0.102124 0.111136 0.113377 0.103623 0.117675 0.117214
0.110869 0.106936 0.112257 0.112297 0.108611 0.112083 0.112471 0.107446
0.107427 0.111106 0.114041 0.108953 0.108703 0.11557 0.108284 0.108489
0.109454 0.108887 0.115812 0.109339 0.106435 0.116459 0.109123 0.105126
0.108912 0.109523 0.117701 0.107762 0.107667 0.113556 0.107614 0.106977
0.111963 0.108073 0.13086 0.106335 0.103041 0.118819 0.100118 0.101399
0.115563 0.113338 0.114099 0.113244 0.106319 0.110472 0.106529 0.107083
0.133784 0.141198 0.0831615 0.128995 0.133324 0.0786336 0.112218 0.117328
0.128112 0.119355 0.076708 0.133444 0.13276 0.0782778 0.13297 0.121385
0.140397 0.103872 0.0765184 0.153328 0.111004 0.0767772 0.145633 0.107831
0.155429 0.101507 0.0756309 0.155642 0.105108 0.0751702 0.148414 0.107482
0.151626 0.0970027 0.0668165 0.165722 0.0981656 0.0716472 0.166727 0.106479
0.189944 0.0890163 0.0579311 0.191651 0.0828301 0.0560506 0.184856 0.084529
0.0714233 0.0667185 0.102403 0.0760502 0.083808 0.180662 0.079164 0.081305
0.22464 0.102691 0.0829301 0.137111 0.0939315 0.0836187 0.119105 0.0785151
0.145463 0.105208 0.082829 0.149482 0.103817 0.0764972 0.155801 0.106587
0.120229 0.115284 0.0977405 0.116256 0.111977 0.0971267 0.119365 0.118783
0.115111 0.115321 0.105086 0.106119 0.115155 0.108125 0.114631 0.116372
0.11203 0.113645 0.109428 0.110457 0.109032 0.108512 0.11066 0.114191
0.107169 0.111374 0.115479 0.107504 0.112617 0.113907 0.107324 0.110603
0.105292 0.108831 0.121235 0.104396 0.105106 0.118516 0.102323 0.111582
0.0974294 0.107933 0.127683 0.0933221 0.10908 0.132258 0.0934492 0.10642
0.10185 0.105618 0.118436 0.100396 0.107816 0.128544 0.0999548 0.106611
0.138741 0.114337 0.0925547 0.139087 0.102338 0.0937019 0.115816 0.0927031
0.154045 0.104129 0.074639 0.16596 0.0987723 0.0786099 0.138152 0.100896
0.120708 0.098203 0.0973012 0.124252 0.100643 0.102763 0.134215 0.109911
0.125441 0.0944232 0.0920148 0.13395 0.0993814 0.108068 0.136387 0.102682
0.129442 0.0878486 0.0946134 0.138623 0.0928408 0.10586 0.139659 0.101139
0.149954 0.0801934 0.0862997 0.14257 0.0815546 0.107246 0.140058 0.0927511
0.0486664 0.0557643 0.0959089 0.0497717 0.0698233 0.175244 0.0529669 0.0816904
0.135413 0.101528 0.108181 0.109089 0.0978676 0.115273 0.111993 0.103771
0.128226 0.10627 0.0994675 0.136942 0.103087 0.0971267 0.12681 0.105606
0.114331 0.110638 0.104557 0.119984 0.108554 0.103232 0.121279 0.109961
0.114834 0.11249 0.108879 0.114446 0.109446 0.104992 0.114213 0.111608
0.111302 0.10945 0.106541 0.109534 0.114257 0.107148 0.116889 0.112949
0.109688 0.113546 0.108843 0.111341 0.114372 0.110852 0.111385 0.111176
0.104352 0.110944 0.112632 0.102281 0.115855 0.114366 0.103627 0.117044
0.0816926 0.107042 0.131393 0.0854464 0.104914 0.137804 0.08476 0.114968
0.0836053 0.0941911 0.137676 0.0834955 0.100829 0.160117 0.08122 0.104263
0.108308 0.0938861 0.117672 0.0981225 0.0961603 0.133295 0.0946575 0.100822
0.122178 0.0988759 0.0989358 0.122954 0.103211 0.10627 0.120395 0.105382
0.0904025 0.0888859 0.130005 0.0922717 0.0973227 0.143834 0.093801 0.107102
0.0847228 0.0881401 0.137499 0.0872961 0.0970058 0.157381 0.0921532 0.100648
0.0752331 0.080415 0.134451 0.0807237 0.0900023 0.171935 0.0825164 0.0980913
0.068782 0.0712902 0.130328 0.0645065 0.0842586 0.20512 0.0767233 0.0942014
0.0339797 0.0498635 0.0913405 0.0398667 0.0647664 0.175671 0.0433938 0.0823538
0.0859286 0.098764 0.136404 0.0825779 0.10569 0.14947 0.0840441 0.106841
0.114823 0.10931 0.112251 0.114573 0.105904 0.113045 0.112086 0.105534
0.112763 0.108864 0.112825 0.113659 0.109587 0.110713 0.114041 0.109783
0.114428 0.109836 0.107362 0.113679 0.109119 0.11225 0.112738 0.11307
0.112697 0.109436 0.110273 0.113462 0.111778 0.106664 0.117176 0.109107
0.112402 0.110336 0.105108 0.11172 0.111939 0.110013 0.116738 0.112459
0.111151 0.111183 0.105357 0.108517 0.112538 0.105896 0.1133 0.119831
0.0732608 0.101696 0.115325 0.0772959 0.11116 0.141577 0.0868625 0.124198
0.0628945 0.0911429 0.154542 0.0668818 0.0933481 0.167406 0.0688761 0.102861
0.062564 0.0816752 0.161284 0.0638159 0.0918806 0.186371 0.0688285 0.0995645
0.0865287 0.0915484 0.129814 0.0884125 0.094396 0.1461 0.092346 0.109018
0.0541287 0.0805119 0.166679 0.057589 0.0903532 0.183265 0.0614186 0.103627
0.0502721 0.0753935 0.150641 0.0532421 0.0841323 0.194747 0.0581827 0.0987368
0.0445813 0.0667226 0.13448 0.0504693 0.0787348 0.238863 0.0527519 0.0833001
0.0319227 0.0465188 0.136844 0.035182 0.0616977 0.208123 0.0389761 0.06822
0.0273309 0.0473315 0.107167 0.034535 0.0691084 0.201874 0.0415003 0.0914529
0.0657356 0.0947722 0.149153 0.0699105 0.105729 0.1677 0.0705195 0.108945
0.101461 0.109393 0.118258 0.101667 0.108413 0.123073 0.101114 0.109585
0.106898 0.110232 0.115503 0.104189 0.109059 0.118937 0.107509 0.109092
0.1105 0.112718 0.111845 0.111611 0.107688 0.11093 0.111071 0.109036
0.109479 0.10911 0.112547 0.112817 0.108388 0.109983 0.111327 0.111524
0.110907 0.108838 0.105718 0.111195 0.111239 0.111166 0.115414 0.113416
0.112567 0.104325 0.101164 0.119794 0.110209 0.105799 0.122722 0.113205
0.0725377 0.0890705 0.0914678 0.0861939 0.114363 0.128548 0.101673 0.15304
0.0476847 0.0813843 0.154984 0.0498742 0.0959292 0.192085 0.0555756 0.108414
0.041514 0.073787 0.220089 0.0443617 0.081338 0.229818 0.0503524 0.0898969
0.0501234 0.0766163 0.177237 0.0498783 0.0900068 0.205646 0.0579411 0.0951747
0.0288487 0.0637008 0.141304 0.0353361 0.0884357 0.223584 0.0413672 0.100717
0.0306584 0.0638541 0.124136 0.0370319 0.0817011 0.236336 0.0416944 0.10486
0.0286379 0.0558996 0.103868 0.0333953 0.0721541 0.224083 0.0366459 0.0880952
0.0186051 0.039081 0.0935187 0.0220919 0.055683 0.201348 0.0227224 0.0668252
0.0245934 0.0468851 0.0745138 0.0334445 0.0735206 0.171925 0.0408279 0.103374
0.0562504 0.0858177 0.133326 0.0619938 0.0953854 0.195905 0.0656167 0.10593
0.0893231 0.106687 0.134477 0.0832402 0.108513 0.135111 0.0860411 0.113583
0.099809 0.111688 0.11768 0.102088 0.112252 0.119976 0.10429 0.116601
0.106449 0.110635 0.113083 0.110059 0.114321 0.110886 0.107761 0.115884
0.109426 0.10756 0.108691 0.110985 0.112199 0.113689 0.112159 0.113174
0.113245 0.111326 0.107961 0.113596 0.11008 0.109679 0.113489 0.112034
0.109339 0.104882 0.104072 0.120074 0.110833 0.101426 0.128667 0.114267
0.0750306 0.0762395 0.075931 0.0992587 0.111742 0.110798 0.144582 0.155788
0.0313141 0.0706549 0.104795 0.0388594 0.100299 0.181959 0.0474598 0.121196
0.0256112 0.0691174 0.171208 0.0308369 0.0798474 0.274731 0.0353453 0.0828443
0.0253057 0.0634219 0.15386 0.031393 0.081777 0.261388 0.0368158 0.0881304
0.0310017 0.0680226 0.0702382 0.0438762 0.142256 0.138948 0.0602971 0.230315
0.0302996 0.063472 0.0608961 0.0429279 0.123476 0.119818 0.062638 0.274002
0.0245739 0.0496126 0.0484477 0.0333747 0.123532 0.12923 0.0426015 0.253804
0.0121811 0.0282407 0.0278257 0.0187678 0.07162 0.0654638 0.0252618 0.309459
0.0272829 0.0425665 0.0426839 0.0422444 0.0989536 0.103319 0.0710866 0.316526
0.0557489 0.110792 0.105589 0.068451 0.127204 0.149403 0.067621 0.158783
0.0909302 0.116926 0.123644 0.0847284 0.127396 0.118296 0.0875949 0.124056
0.104425 0.110744 0.106389 0.106955 0.11738 0.11363 0.109374 0.116511
0.110579 0.110968 0.11058 0.111725 0.113103 0.107843 0.108201 0.113085
0.110048 0.109129 0.108235 0.114322 0.109724 0.113262 0.112685 0.112348
0.11179 0.108621 0.107512 0.114501 0.108706 0.111579 0.113623 0.110404
0.110669 0.107528 0.104822 0.110676 0.110694 0.107923 0.121775 0.111609
0.0690744 0.0689404 0.0676837 0.107617 0.109095 0.103172 0.163009 0.151667
0.0281951 0.0422288 0.0430176 0.0475606 0.0959906 0.0930084 0.0733954 0.321443
0.0166848 0.0420469 0.0427205 0.0239527 0.108659 0.114906 0.0302754 0.330852
0.0236027 0.0602521 0.0595894 0.0355932 0.151735 0.120225 0.0463687 0.232921
0.133373 0.135838 0.0835879 0.124781 0.129203 0.0867573 0.114742 0.111834
0.129329 0.136516 0.0808455 0.135229 0.122831 0.0802715 0.116856 0.116612
0.144066 0.128545 0.071804 0.141994 0.132376 0.0765931 0.1161 0.122256
0.142486 0.142689 0.0675785 0.143564 0.139494 0.066612 0.135035 0.109816
0.121159 0.115485 0.115431 0.0998046 0.105011 0.1351 0.0942589 0.0912472
0.156364 0.171681 0.088277 0.132753 0.135533 0.0796851 0.0816294 0.0873716
0.114757 0.113618 0.0886955 0.133366 0.12375 0.0950627 0.128704 0.120665
0.106005 0.106587 0.104922 0.117048 0.114669 0.108268 0.115662 0.118685
0.109278 0.10662 0.111627 0.10957 0.111584 0.112506 0.111943 0.11203
0.110136 0.110883 0.112988 0.108549 0.110387 0.112106 0.110744 0.107323
0.109985 0.108417 0.113272 0.106957 0.109348 0.114932 0.109748 0.109776
0.110151 0.108972 0.118217 0.109426 0.108799 0.115498 0.108299 0.107709
0.111338 0.11025 0.123681 0.110058 0.110988 0.119561 0.100717 0.101993
0.112175 0.11455 0.112968 0.108485 0.111056 0.116631 0.102675 0.104676
0.144577 0.145664 0.0869386 0.132951 0.126801 0.08245 0.103211 0.104733
0.143997 0.132984 0.077638 0.135719 0.135763 0.0813353 0.110357 0.106062
0.151806 0.101265 0.0742114 0.16205 0.109356 0.0823443 0.136743 0.101726
0.158639 0.10049 0.0733737 0.152576 0.106324 0.0782323 0.154632 0.10135
0.174221 0.0957983 0.0691313 0.175902 0.0956058 0.0695815 0.161862 0.0915202
0.204155 0.0881558 0.0562925 0.184398 0.0899661 0.0640558 0.161386 0.0868503
0.0682236 0.0746004 0.13009 0.0779758 0.0762661 0.190376 0.0689127 0.0775096
0.185936 0.118408 0.0940979 0.145102 0.0971277 0.0929177 0.0983959 0.083555
0.134795 0.109709 0.0854599 0.139318 0.1115 0.087715 0.141261 0.103956
0.116076 0.112023 0.0980234 0.117109 0.114735 0.103417 0.119667 0.119938
0.111417 0.112697 0.10665 0.112644 0.1123 0.105702 0.114692 0.115184
0.109356 0.113286 0.11215 0.108429 0.112324 0.11177 0.110965 0.114175
0.106179 0.111332 0.112711 0.108189 0.111741 0.11509 0.107632 0.111149
0.100248 0.110522 0.122012 0.105364 0.106822 0.121421 0.10501 0.106999
0.0981942 0.108044 0.131784 0.0977635 0.107962 0.136566 0.0912096 0.104042
0.0961456 0.103746 0.12774 0.0961617 0.111593 0.135642 0.0959438 0.104646
0.134405 0.109628 0.106326 0.114264 0.100559 0.119188 0.105292 0.0950608
0.143294 0.101071 0.0863728 0.154807 0.102903 0.0875051 0.124746 0.0998725
0.116827 0.0913476 0.0949923 0.119946 0.0929473 0.101052 0.110193 0.100116
0.132816 0.0940049 0.104038 0.134518 0.0979564 0.102041 0.123303 0.0984775
0.134649 0.0965653 0.106403 0.131305 0.0958328 0.104405 0.123249 0.0932973
0.128807 0.0759202 0.0986043 0.146309 0.0899332 0.115793 0.139444 0.0856109
0.0486209 0.0636221 0.12581 0.0487874 0.0735082 0.235086 0.0473121 0.0834248
0.124617 0.104727 0.125359 0.107191 0.105608 0.127662 0.0909104 0.097053
0.129752 0.106469 0.100306 0.125975 0.107843 0.0990359 0.12386 0.103631
0.117458 0.108543 0.106733 0.120073 0.105904 0.107498 0.118856 0.108185
0.113727 0.109825 0.105588 0.115415 0.112031 0.109113 0.115887 0.11074
0.112588 0.111666 0.108504 0.112925 0.11128 0.107757 0.111096 0.114266
0.108359 0.110229 0.109452 0.110758 0.112151 0.110861 0.110572 0.117448
0.105109 0.111028 0.114862 0.102962 0.115394 0.11358 0.104131 0.116869
0.0815042 0.103974 0.132988 0.0825789 0.110615 0.155039 0.0817401 0.110468
0.0775415 0.0949811 0.13934 0.0812137 0.101491 0.164086 0.0794494 0.0987548
0.0898918 0.0896664 0.131615 0.0793774 0.0942828 0.167435 0.0708331 0.0964678
0.115566 0.0894491 0.0959988 0.108964 0.0999992 0.114101 0.101057 0.103164
0.0803409 0.0853348 0.125047 0.0824154 0.0929704 0.144305 0.0875379 0.149766
0.0813431 0.0837329 0.145137 0.0794186 0.0916856 0.161083 0.0797906 0.0964761
0.0688184 0.0827707 0.151258 0.0688303 0.085799 0.167611 0.0708854 0.0909562
0.0555392 0.0696423 0.159518 0.0612503 0.0778167 0.184082 0.0637689 0.0826596
0.0323573 0.054448 0.133527 0.0357121 0.0701887 0.265314 0.0396218 0.0706077
0.0803658 0.101362 0.146643 0.0809914 0.109462 0.151065 0.0788095 0.104625
0.113741 0.108068 0.111059 0.111988 0.108949 0.114241 0.108531 0.110485
0.109428 0.10706 0.112041 0.114638 0.110196 0.1124 0.11342 0.108163
0.112927 0.111655 0.109018 0.113618 0.109412 0.1083 0.11413 0.10858
0.112478 0.108548 0.10948 0.112337 0.110307 0.110465 0.115602 0.110208
0.112084 0.107006 0.108872 0.114588 0.110438 0.107902 0.117916 0.113377
0.10772 0.10969 0.10289 0.111935 0.114159 0.108377 0.115194 0.118474
0.0706451 0.0970502 0.123982 0.0791441 0.117083 0.158365 0.0792576 0.119579
0.0606021 0.0904513 0.172226 0.0639346 0.0976758 0.184121 0.0659237 0.0948907
0.050281 0.0734501 0.182313 0.0512481 0.0866889 0.21247 0.0546045 0.0892587
0.0765859 0.0825371 0.135228 0.0791385 0.094357 0.149366 0.0815185 0.135197
0.045231 0.074059 0.17789 0.0497172 0.0850735 0.188719 0.0779364 0.0908739
0.042498 0.069869 0.162031 0.0448886 0.0757349 0.21735 0.0450835 0.0837601
0.0400405 0.0659968 0.178556 0.0418609 0.0749963 0.227823 0.0457828 0.0825639
0.0305977 0.05292 0.147487 0.0337976 0.0587108 0.304615 0.0362681 0.0702606
0.0293071 0.0594844 0.158358 0.033914 0.0784445 0.233566 0.0345107 0.0833393
0.065753 0.105033 0.166385 0.0712842 0.106332 0.167759 0.0671303 0.100399
0.103859 0.108652 0.123783 0.101391 0.108962 0.12227 0.103475 0.108499
0.106399 0.108359 0.117031 0.107919 0.10921 0.115922 0.107493 0.11085
0.107754 0.109275 0.112851 0.10838 0.107829 0.116294 0.110862 0.110798
0.112236 0.109741 0.114732 0.112167 0.108412 0.109167 0.111759 0.111287
0.11009 0.109645 0.108644 0.111439 0.112068 0.109383 0.112216 0.112749
0.109438 0.105931 0.106348 0.114424 0.11034 0.108356 0.118748 0.115984
0.0628044 0.0871438 0.10448 0.07665 0.116758 0.143529 0.0851758 0.13683
0.0424502 0.0845813 0.172979 0.0474056 0.0951764 0.213412 0.0492285 0.0958876
0.0338485 0.0683329 0.278946 0.0385458 0.0760582 0.205043 0.0433618 0.0798589
0.0434987 0.0776366 0.181003 0.049631 0.0863799 0.209495 0.0737735 0.0957302
0.0230711 0.0585928 0.186929 0.02789 0.0812593 0.298393 0.028828 0.0782045
0.0228413 0.0526408 0.159574 0.0256592 0.0671634 0.361822 0.0272869 0.0716814
0.0228352 0.050558 0.15896 0.0243712 0.0632539 0.299761 0.0271277 0.0660951
0.0126605 0.0307273 0.108483 0.0139993 0.0377962 0.213384 0.0161225 0.0385108
0.0263812 0.0573182 0.104529 0.0322439 0.083569 0.326754 0.0362125 0.0860379
0.0614368 0.0977122 0.171876 0.065298 0.104762 0.182861 0.0602949 0.0979216
0.0902724 0.108244 0.13087 0.0890269 0.112938 0.132723 0.0935719 0.106508
0.100272 0.114622 0.117788 0.103258 0.113483 0.114823 0.101989 0.112502
0.105212 0.112876 0.113278 0.109478 0.113255 0.113523 0.105689 0.11065
0.10751 0.11215 0.111953 0.108364 0.115589 0.109714 0.111572 0.114622
0.107896 0.110822 0.108689 0.112271 0.110251 0.109699 0.113824 0.114498
0.1079 0.107677 0.101974 0.115669 0.111997 0.108393 0.118494 0.1162
0.0573861 0.0752322 0.0839966 0.0822841 0.117504 0.147631 0.103269 0.148816
0.0297771 0.0668842 0.104914 0.0375662 0.0933071 0.185166 0.0396359 0.119591
0.0265447 0.0772101 0.186704 0.0339958 0.0847607 0.267929 0.0350138 0.0820517
0.0233936 0.0676406 0.192544 0.0276888 0.0729821 0.283032 0.0301888 0.0751144
0.0230485 0.0888016 0.0880323 0.0354182 0.210421 0.16557 0.0370148 0.179393
0.0187647 0.0627753 0.0687982 0.0271845 0.152895 0.166141 0.0315199 0.235759
0.013673 0.0459872 0.0453198 0.0182439 0.157137 0.167355 0.0213829 0.200449
0.00959525 0.035172 0.0385203 0.0142775 0.0969065 0.128013 0.014372 0.238735
0.0294642 0.0641686 0.0680114 0.0534576 0.181635 0.196244 0.0575445 0.185321
0.0601058 0.130023 0.126466 0.0676722 0.157074 0.173739 0.061678 0.109196
0.0918025 0.113366 0.124139 0.0914049 0.125817 0.133087 0.0877233 0.119051
0.107315 0.11137 0.110265 0.107496 0.11651 0.110823 0.109277 0.115114
0.111126 0.110588 0.109328 0.110743 0.113488 0.111331 0.113156 0.108042
0.10675 0.108653 0.110258 0.112992 0.109706 0.11087 0.117003 0.110758
0.111221 0.109688 0.110061 0.114076 0.110012 0.11036 0.115539 0.109417
0.108824 0.103857 0.106962 0.112916 0.108749 0.113003 0.117535 0.113922
0.0495404 0.0630201 0.0614188 0.0887699 0.118263 0.116341 0.146079 0.183721
0.0225888 0.0355359 0.0372817 0.0382333 0.0874042 0.0909465 0.0687309 0.327108
0.0176778 0.0580229 0.0566024 0.0255667 0.142071 0.135584 0.0327391 0.285442
0.0219101 0.0811802 0.0829356 0.0304955 0.1994 0.19192 0.0324023 0.186441
0.137857 0.139529 0.0867301 0.117454 0.119036 0.0831122 0.120857 0.111293
0.137873 0.132154 0.0868275 0.121353 0.120897 0.0793456 0.120792 0.120469
0.126637 0.144055 0.074396 0.124507 0.14141 0.0672595 0.134714 0.116699
0.134505 0.140805 0.0771764 0.121728 0.141283 0.0638325 0.125254 0.135325
0.111343 0.113 0.13326 0.0994441 0.0991667 0.114229 0.106306 0.1007
0.147762 0.141851 0.100792 0.111245 0.108528 0.0804621 0.110317 0.114186
0.130012 0.126814 0.0944618 0.117473 0.113749 0.0844041 0.123205 0.124505
0.107809 0.113955 0.106978 0.11366 0.116465 0.105361 0.111255 0.114734
0.108838 0.107856 0.113708 0.110995 0.109021 0.111913 0.113229 0.110071
0.108357 0.108449 0.112978 0.110213 0.111185 0.113415 0.111727 0.109442
0.10476 0.108921 0.113315 0.109466 0.110636 0.11541 0.110236 0.112135
0.106948 0.110487 0.118697 0.110297 0.109072 0.116325 0.109941 0.106606
0.105034 0.109505 0.122853 0.106954 0.106984 0.121531 0.106153 0.104015
0.114113 0.108336 0.122432 0.102361 0.106942 0.116105 0.103543 0.104908
0.141832 0.140142 0.0886748 0.115957 0.113614 0.081483 0.116239 0.120827
0.145656 0.150948 0.0835918 0.115502 0.111164 0.0821762 0.116531 0.113657
0.155334 0.107151 0.0834529 0.14037 0.102405 0.0850519 0.137122 0.103326
0.17108 0.107999 0.0755216 0.142641 0.102402 0.072166 0.152315 0.101492
0.192484 0.096582 0.0706265 0.160282 0.0949365 0.0685827 0.158126 0.0924613
0.244629 0.0837798 0.0560458 0.179268 0.0774484 0.0535318 0.169713 0.0758375
0.0779513 0.0792586 0.157547 0.0706455 0.0779482 0.205664 0.074015 0.0764661
0.154476 0.117421 0.104651 0.125761 0.095145 0.0926008 0.111953 0.100753
0.126262 0.112121 0.0967513 0.13008 0.107082 0.0924391 0.133784 0.108677
0.115641 0.114468 0.103535 0.115131 0.113004 0.105209 0.114355 0.114284
0.110775 0.113591 0.109398 0.110209 0.113879 0.109485 0.108985 0.113898
0.109197 0.111706 0.109505 0.109423 0.114003 0.111646 0.109597 0.114915
0.103725 0.11318 0.113025 0.108561 0.112392 0.115455 0.110466 0.111868
0.108197 0.109754 0.118743 0.100852 0.110947 0.117008 0.103406 0.111105
0.0968607 0.113309 0.135694 0.0922106 0.106251 0.131628 0.092852 0.105097
0.0992872 0.10394 0.138503 0.0945438 0.106831 0.13141 0.0919462 0.103758
0.125897 0.104705 0.126025 0.104957 0.0962888 0.120452 0.108073 0.0927004
0.146632 0.108594 0.0926879 0.129087 0.102008 0.10001 0.122207 0.101297
0.111517 0.0897793 0.0929399 0.103691 0.0888908 0.158885 0.104617 0.0945105
0.130047 0.0981226 0.109091 0.122706 0.0965718 0.109084 0.130996 0.0946427
0.137707 0.0948476 0.105397 0.121034 0.0944217 0.111616 0.127865 0.0959895
0.128688 0.085015 0.114976 0.125464 0.0906365 0.119451 0.131286 0.088415
0.0489893 0.0676096 0.223165 0.0473987 0.0770271 0.225718 0.0439247 0.077567
0.105883 0.109881 0.13083 0.096733 0.100831 0.122925 0.101986 0.107276
0.122183 0.107341 0.105272 0.121897 0.107205 0.106284 0.118988 0.105467
0.11486 0.111265 0.103931 0.11576 0.111388 0.108635 0.118569 0.104223
0.110276 0.108573 0.110595 0.11555 0.111923 0.108898 0.113091 0.112488
0.112349 0.108573 0.109281 0.112125 0.113818 0.110975 0.112403 0.110862
0.109469 0.112746 0.110447 0.109478 0.112274 0.108685 0.111079 0.113159
0.104169 0.113391 0.113984 0.104781 0.113248 0.116338 0.10795 0.11492
0.0846496 0.112676 0.141093 0.083913 0.10935 0.142819 0.0843179 0.108206
0.0775749 0.0987501 0.157243 0.0779716 0.0959835 0.156457 0.0781305 0.100152
0.0696405 0.0889317 0.173492 0.0675527 0.0866528 0.183585 0.0657598 0.0851603
0.0982949 0.0924765 0.106077 0.0968266 0.0981284 0.158385 0.0966445 0.0926687
0.0346135 0.054534 0.200727 0.0384175 0.100537 0.231207 0.0366348 0.0970652
0.0684745 0.0843595 0.159035 0.0670155 0.0883004 0.193266 0.0653052 0.0869213
0.0686485 0.078271 0.177697 0.0667315 0.0843649 0.185578 0.0672505 0.0874124
0.0557595 0.066713 0.154559 0.0547962 0.0711261 0.215714 0.0549213 0.0713423
0.0353533 0.0696381 0.20074 0.0393806 0.0683945 0.264954 0.0392331 0.0699439
0.0847063 0.107612 0.154753 0.0782207 0.105107 0.141148 0.0805306 0.10605
0.111774 0.110932 0.111785 0.110344 0.110522 0.113155 0.109774 0.109881
0.112156 0.109892 0.113897 0.111379 0.10769 0.111511 0.112842 0.109481
0.111824 0.111872 0.109433 0.113701 0.10895 0.112352 0.113775 0.109508
0.111625 0.109154 0.109447 0.112808 0.112354 0.110877 0.11465 0.109444
0.114364 0.11081 0.110167 0.11831 0.109416 0.10771 0.114126 0.108509
0.109506 0.110364 0.11281 0.111624 0.112466 0.108684 0.110944 0.114962
0.0740144 0.105199 0.136891 0.0732259 0.11126 0.155422 0.0744618 0.110294
0.0603834 0.0948128 0.184685 0.0615017 0.0968563 0.174658 0.0622015 0.0958508
0.0445551 0.0748922 0.215389 0.0446908 0.0797139 0.212514 0.0435509 0.0798617
0.0672186 0.0813404 0.1483 0.071562 0.123439 0.151951 0.0711812 0.125038
0.0397043 0.0741638 0.193976 0.0607992 0.0816853 0.204721 0.0655059 0.0807586
0.0372269 0.0678287 0.213896 0.0385013 0.071966 0.195026 0.0390863 0.069918
0.0353767 0.0641934 0.219641 0.0385828 0.0713194 0.224921 0.0392154 0.0689499
0.0256648 0.0451024 0.242645 0.026839 0.0537851 0.294681 0.0273695 0.0544755
0.0321668 0.068584 0.209813 0.0326989 0.0743995 0.250868 0.0309839 0.0708912
0.0715426 0.109201 0.163811 0.0708406 0.106026 0.149734 0.0701178 0.103976
0.106108 0.111227 0.116725 0.102107 0.110509 0.120409 0.106715 0.11006
0.106334 0.109181 0.116221 0.107431 0.110904 0.113238 0.108756 0.111884
0.110447 0.110464 0.112273 0.109538 0.111887 0.111646 0.11159 0.111829
0.111452 0.11097 0.112933 0.110411 0.11296 0.113329 0.108919 0.109708
0.111877 0.113188 0.110046 0.109579 0.11042 0.10954 0.110703 0.111368
0.110608 0.11097 0.105596 0.114379 0.113738 0.109316 0.112956 0.111757
0.0628643 0.0986517 0.129834 0.0720073 0.116863 0.170225 0.0724051 0.11581
0.042877 0.0910839 0.170987 0.0461398 0.0934365 0.216489 0.0454599 0.0939151
0.031882 0.0739461 0.255066 0.0354193 0.0752034 0.213806 0.036507 0.0754762
0.0445626 0.0810729 0.188979 0.0642825 0.0861285 0.186963 0.0654175 0.0867222
0.0216667 0.0667368 0.259354 0.0240308 0.0690527 0.23763 0.024336 0.0664726
0.0204356 0.0596511 0.232258 0.022025 0.0638835 0.257691 0.0211457 0.0598009
0.0190211 0.0489549 0.21427 0.022296 0.0521002 0.28977 0.0221844 0.0542259
0.0142338 0.0468345 0.233599 0.015783 0.0417164 0.324126 0.0161795 0.0430395
0.0341647 0.0767078 0.201038 0.0353167 0.0882985 0.20206 0.0365792 0.0823964
0.0665712 0.112874 0.190724 0.0652451 0.104671 0.144526 0.0634893 0.10352
0.0962808 0.110536 0.126541 0.0968724 0.109356 0.131872 0.093515 0.108412
0.103957 0.114074 0.117463 0.105931 0.114055 0.118756 0.101535 0.109805
0.109364 0.114713 0.108652 0.109993 0.111239 0.112569 0.106388 0.112657
0.109799 0.114447 0.111833 0.110637 0.1116 0.109953 0.109137 0.111816
0.112591 0.11041 0.109784 0.113068 0.112059 0.105695 0.112344 0.113038
0.112223 0.111424 0.113573 0.11337 0.110534 0.109842 0.112302 0.108267
0.0540154 0.0849404 0.118393 0.0714797 0.122977 0.177159 0.0719808 0.127967
0.0284707 0.0719765 0.132504 0.0344872 0.10842 0.252045 0.0344715 0.112101
0.0287684 0.0778552 0.208783 0.0316801 0.0824434 0.238261 0.0311653 0.082508
0.0252547 0.0811696 0.295452 0.0275675 0.0759505 0.212643 0.0280287 0.0765861
0.0260162 0.157968 0.158662 0.0280506 0.156428 0.155521 0.0283861 0.145418
0.0167205 0.108326 0.120699 0.0192553 0.200432 0.178406 0.0191944 0.178293
0.00944725 0.102988 0.0837647 0.011822 0.167034 0.171635 0.0116531 0.246709
0.00899751 0.0650995 0.0616981 0.0102422 0.241408 0.134684 0.00938217 0.342399
0.0545071 0.136969 0.137572 0.0554099 0.140807 0.15095 0.0571774 0.1281
0.0774415 0.14596 0.154488 0.0713736 0.115031 0.125038 0.0742812 0.12324
0.0956489 0.127156 0.122528 0.0940996 0.113265 0.118124 0.0976321 0.113253
0.104524 0.114255 0.113126 0.106605 0.112523 0.116141 0.105561 0.11132
0.110889 0.113055 0.109066 0.111067 0.110935 0.111571 0.108835 0.112515
0.114158 0.110084 0.112367 0.109192 0.111844 0.110372 0.11342 0.108096
0.114887 0.11058 0.108364 0.115806 0.109705 0.107782 0.114546 0.109033
0.112072 0.110167 0.109814 0.113276 0.11305 0.107949 0.116656 0.108046
0.0523208 0.0813071 0.0807335 0.088555 0.158086 0.152464 0.0874196 0.151275
0.0257036 0.048236 0.0482811 0.0597347 0.193703 0.193829 0.0561715 0.181608
0.0274257 0.102854 0.0969045 0.0372635 0.177583 0.180861 0.0375669 0.163815
0.0293497 0.170652 0.17909 0.0306671 0.125503 0.153578 0.0305691 0.156687
