kite_pos_x	kite_pos_y	kite_pos_z	kite_vel_x	kite_vel_y	kite_vel_z	kite_acc_x	kite_acc_y	kite_acc_z	block_pos_x	block_vel_x	block_acc_x	
35.1906	-0.0290997	35.5246	-6.49597	-1.50699	6.87977	-125.592	-53.2089	136.118	0.00877973	0.449435	14.5209	
33.4122	-2.05718	37.6588	1.43514	-21.4977	2.39318	158.531	0.306522	-133.544	0.587706	5.45697	19.8968	
34.1578	-5.91032	37.8267	3.90017	-14.9576	1.57976	1.19101	42.7172	8.04861	2.00092	8.37006	10.0672	
35.5481	-8.00405	37.804	10.3668	-6.99118	-2.13259	26.1845	28.2546	-17.2581	3.81766	9.3903	0.0466542	
37.8613	-9.01278	37.1896	12.0752	-4.16289	-3.34609	1.13102	3.43515	-2.48719	5.6774	9.15279	-1.6712	
40.3158	-9.70108	36.4354	12.9906	-2.20757	-4.11952	7.95302	17.2836	-4.95974	7.47549	8.82955	-1.60006	
42.968	-9.82238	35.5517	13.6032	0.8031	-4.37236	0.193214	16.1613	1.69084	9.20759	8.50271	-1.51131	
45.6336	-9.35712	34.7102	13.2281	3.43897	-3.79183	-2.06633	7.35399	1.57224	10.8799	8.23296	-1.1429	
48.1888	-8.43153	34.001	12.6597	5.59155	-3.07271	-4.01628	9.18474	4.77613	12.5097	8.10673	-0.0630065	
50.438	-7.13347	33.6262	10.0454	6.97729	-0.293957	-14.8754	0.117049	14.579	14.1273	8.08006	-0.0522983	
52.133	-5.85358	33.7807	7.41542	5.48392	1.94216	-11.9084	-9.4865	9.52923	15.7382	7.99883	-0.659853	
53.4041	-5.01386	34.2424	5.77279	2.78995	2.89213	-5.58333	-15.5069	1.67195	17.3174	7.78039	-1.32048	
54.4225	-4.78915	34.8042	5.0007	-0.759856	2.83114	-0.048915	-20.0642	-4.51292	18.8467	7.51171	-1.3799	
55.4436	-5.38392	35.182	6.14057	-5.11676	0.750363	13.9354	-19.0383	-18.327	20.3266	7.30237	-0.764061	
57.0396	-6.66494	34.8234	10.6891	-6.5497	-4.27366	27.5953	13.4825	-26.4862	21.783	7.31644	0.823573	
59.5662	-7.52293	33.5611	14.4328	-1.0982	-7.19583	8.65057	39.7803	-1.32849	23.2715	7.59953	1.76038	
62.4306	-6.94484	32.2278	13.6914	6.18892	-4.75281	-16.3889	24.0263	24.1997	24.836	8.04936	2.24446	
64.7379	-5.47283	31.7265	9.92002	7.37414	-0.0959003	-16.656	-7.4427	17.8035	26.4817	8.34903	0.596214	
66.4266	-4.23919	31.8825	7.78362	5.00916	1.73176	-6.70211	-11.4117	4.0866	28.1445	8.22796	-1.31862	
67.8277	-3.41645	32.2333	6.83154	3.33982	2.13233	-5.20825	-8.17967	2.50839	29.758	7.8888	-1.92074	
69.0258	-2.92308	32.6799	5.56574	1.37061	2.90789	-7.17698	-14.3597	4.84294	31.2977	7.5241	-1.50682	
70.0105	-3.00975	33.2329	5.16042	-2.53819	2.64934	3.39892	-23.0386	-7.60053	32.7756	7.26767	-1.05906	
71.1711	-3.97148	33.4432	7.59247	-7.01521	-0.777433	23.6664	-18.3397	-29.0996	34.2144	7.1723	0.612637	
73.1963	-5.32036	32.6193	12.9867	-4.65498	-6.56385	20.5142	35.4063	-18.4195	35.6745	7.46579	1.94237	
76.0013	-5.40196	31.0973	14.4614	3.88396	-6.78627	-9.38943	38.2915	18.7615	37.2195	8.00316	2.89256	
78.5207	-4.13198	30.1787	11.1032	7.36719	-1.89059	-17.2412	-0.748147	21.7279	38.8687	8.42078	0.981985	
80.4603	-2.69705	30.0115	8.83655	6.96752	0.733269	-10.9256	-3.31395	11.9838	40.5598	8.44106	-0.464651	
82.0139	-1.43415	30.2671	7.43229	5.21638	2.1164	-7.37852	-13.8318	7.04392	42.242	8.37655	-0.702504	
83.3523	-0.661899	30.6966	6.62366	2.71428	2.54842	-2.73772	-10.5866	0.305512	43.8906	8.07893	-1.91813	
84.5556	-0.322992	31.174	5.99008	0.609072	2.72318	-2.48983	-12.2512	0.0793965	45.4657	7.67115	-2.05488	
85.6619	-0.491467	31.6528	5.81768	-2.56193	2.36138	2.3571	-20.111	-5.60375	46.9604	7.29143	-1.60377	
86.9145	-1.5099	31.8522	8.14995	-7.4417	-0.892168	25.7426	-15.8592	-32.3953	48.4022	7.21099	1.04237	
89.0391	-2.85442	30.9601	13.2494	-4.11328	-6.9314	15.9539	39.3239	-16.8751	49.8786	7.58341	2.21278	
91.7861	-2.80439	29.4134	13.8381	4.49062	-6.74071	-12.5643	35.1431	21.3053	51.4472	8.13741	2.95173	
94.159	-1.49377	28.5273	10.4717	7.26958	-1.73264	-15.4602	-2.76155	21.2784	53.122	8.5374	0.88621	
95.9468	-0.193486	28.4531	8.38877	5.42355	0.856828	-5.90898	-10.3194	5.60152	54.8325	8.4929	-1.24864	
97.4629	0.726512	28.6607	7.40673	4.01044	1.63709	-5.55773	-4.25589	4.83564	56.4994	8.15899	-1.77893	
98.765	1.41748	29.0524	6.21142	2.74253	2.7848	-6.25919	-9.68793	6.60997	58.097	7.82901	-1.43876	
99.8414	1.69987	29.6747	5.38049	-0.247241	3.63681	0.00982978	-19.4085	-1.04085	59.6365	7.58115	-1.13426	
100.907	1.23683	30.2708	6.06533	-4.21556	2.53017	5.45522	-16.2397	-8.27871	61.1312	7.38108	-0.704503	
102.366	-0.0296167	30.3198	9.71673	-7.40753	-2.38153	24.7251	4.65499	-33.2578	62.6063	7.42731	1.01505	
104.692	-1.11692	29.2054	13.7329	-2.20075	-7.71498	12.2214	44.2287	-14.8364	64.1209	7.77252	2.79491	
107.42	-0.855205	27.604	13.5427	3.76335	-7.00317	-7.928	17.6985	13.1408	65.7365	8.37612	2.58165	
109.774	0.306329	26.6205	10.6436	6.68279	-2.49026	-12.9244	0.0136067	19.185	67.4499	8.68333	0.440641	
111.628	1.55512	26.3832	8.79372	5.50795	0.0637601	-5.79528	-7.66335	6.54544	69.1838	8.59504	-1.29277	
113.222	2.54538	26.4584	7.94005	4.57863	0.810887	-1.71821	-1.69334	-0.740316	70.8729	8.28059	-1.77541	
114.709	3.47028	26.568	7.25855	4.57306	1.20921	-5.87013	-3.2974	6.58773	72.4947	7.95155	-1.46751	
115.975	4.28134	26.9182	5.95919	3.43773	2.86659	-7.85902	-9.18468	11.5969	74.0579	7.7008	-0.827724	
117.004	4.66449	27.6147	5.26034	0.0907345	4.13213	0.396066	-21.2187	1.19329	75.5843	7.56374	-0.692653	
118.064	4.21945	28.3341	6.32597	-4.52696	2.97064	11.2248	-22.8662	-14.4877	77.0839	7.44094	-0.433141	
119.581	2.95213	28.45	9.85758	-7.2519	-2.02431	22.1918	2.19061	-33.3169	78.5695	7.45444	0.742237	
121.846	1.77089	27.4454	13.3594	-3.02102	-7.58203	12.4527	42.7417	-20.9695	80.0867	7.77932	2.82636	
124.554	1.90785	25.7	13.6382	4.50011	-8.23784	-13.81	43.1788	22.1653	81.704	8.44257	4.09913	
126.939	3.18932	24.4838	10.7548	6.81799	-3.14352	-8.51414	-9.63145	15.9091	83.4601	9.03575	1.08831	
128.828	4.34366	24.1422	9.16732	4.95583	-0.620381	-4.20782	-6.20192	4.46375	85.2586	8.86719	-1.79399	
130.51	5.26983	24.0553	8.39101	4.39054	0.0236902	-3.42008	-1.93019	2.02703	86.9949	8.48161	-2.1116	
132.068	6.15298	24.0219	7.76392	4.62011	0.238422	-4.96525	0.406451	4.89838	88.6505	8.09044	-1.73839	
133.463	7.13266	24.1027	6.62935	5.0925	1.54757	-8.26284	-3.01407	13.7067	90.2412	7.86024	-0.504424	
134.585	7.95251	24.6319	5.60241	2.69695	3.80233	-1.2903	-17.4466	6.03868	91.8074	7.79771	-0.533157	
135.64	8.11019	25.4154	5.84266	-1.0541	4.188	3.84001	-19.9881	-2.35666	93.3525	7.63833	-0.981943	
136.84	7.50457	26.1037	6.95928	-4.5811	2.98228	6.9956	-15.1147	-9.03729	94.8608	7.4554	-0.693065	
138.454	6.2473	26.2272	10.2376	-7.10098	-1.94686	19.8454	2.23477	-33.7322	96.3439	7.4187	0.56568	
140.702	5.0276	25.2739	12.8725	-3.46888	-7.13018	6.6702	38.7065	-19.0195	97.8516	7.70444	2.02879	
143.209	5.20021	23.6268	12.2247	5.05247	-7.38839	-12.7444	34.7279	17.2586	99.4498	8.28108	2.8196	
145.248	6.54012	22.6557	9.22456	6.73361	-1.86822	-9.26487	-11.1473	19.6239	101.158	8.69816	0.208565	
146.879	7.66944	22.4859	8.16696	4.88674	0.134403	-3.32408	-6.3397	4.46861	102.884	8.50971	-1.65589	
148.343	8.56859	22.5606	7.48962	4.3182	0.842314	-1.35072	-1.61211	-0.964974	104.553	8.17629	-1.77884	
149.655	9.36616	22.8048	6.5934	3.64631	2.09337	-3.39551	-6.66645	5.66541	106.156	7.86423	-1.51049	
150.799	9.92248	23.3281	5.89498	1.84757	3.55902	-1.28778	-13.1677	5.12395	107.703	7.60856	-1.22382	
151.882	9.96499	24.0612	6.05161	-1.41057	4.10511	3.61242	-19.6703	-0.870234	109.2	7.36871	-1.11551	
153.123	9.24137	24.7198	7.5204	-5.44397	2.68647	8.95751	-16.0726	-11.2674	110.655	7.20358	-0.366683	
154.872	7.85543	24.6734	11.1571	-7.0854	-3.23631	18.6938	12.0952	-36.963	112.097	7.27236	1.22827	
157.246	6.96738	23.3579	12.8424	-0.564718	-8.15187	-4.25351	42.4347	-4.09254	113.587	7.66546	2.354	
159.564	7.4466	21.7605	11.24	5.10447	-6.58544	-14.3327	25.7601	21.7266	115.167	8.13218	2.28164	
161.426	8.65389	20.8647	8.81678	6.467	-2.098	-8.85772	-0.977303	17.8713	116.819	8.33359	0.22436	
162.966	9.8301	20.6049	7.83193	5.30556	0.0471717	-3.54603	-7.53134	7.54443	118.482	8.2448	-1.19067	
164.343	10.7394	20.6733	7.16074	4.27141	1.17859	-4.24287	-2.59578	6.40071	120.102	7.94291	-1.54313	
165.586	11.5504	20.9105	6.50078	3.8334	2.0924	-2.87597	-7.18673	6.51981	121.662	7.66828	-1.34704	
166.679	12.1362	21.4473	5.8417	2.35299	3.73418	-1.92061	-5.87316	4.93361	123.174	7.46066	-0.822423	
167.728	12.242	22.2315	6.23745	-1.05296	4.38324	4.73679	-18.637	-1.67174	124.649	7.2756	-1.1146	
168.974	11.5785	22.9459	7.91314	-5.1075	2.84718	12.6419	-18.5006	-16.9076	126.085	7.09294	-0.775404	
170.727	10.2355	22.9488	11.1831	-6.91838	-2.7493	16.0543	9.83542	-35.9002	127.498	7.09094	0.781039	
173.077	9.30689	21.6095	12.9186	-0.44309	-8.64743	-6.62986	48.2911	-4.986	128.957	7.57043	3.21264	
175.241	9.94538	20.0505	10.178	5.52542	-5.14284	-12.5912	7.53901	23.5386	130.529	8.0527	0.825236	
176.907	11.0757	19.3351	8.45833	5.59651	-1.65242	-5.25125	-4.49061	11.2325	132.146	8.05073	-0.901514	
178.339	12.0653	19.0947	7.76096	4.84754	-0.407484	-1.4162	-1.66394	-0.109646	133.732	7.7898	-1.53169	
179.646	12.9489	19.0281	7.09665	4.54875	0.451048	-4.05175	-1.64045	6.33548	135.258	7.47624	-1.51545	
180.797	13.7604	19.1911	6.25335	3.97408	2.07984	-3.07705	-6.60482	8.63145	136.726	7.21464	-1.13537	
181.805	14.3256	19.7207	5.88668	1.96644	3.83593	0.389406	-13.58	6.27225	138.15	7.02127	-1.04215	
182.821	14.3337	20.5167	6.4426	-1.44469	4.58539	5.96234	-19.4189	-1.75227	139.536	6.83348	-1.02901	
184.062	13.5991	21.2307	8.12463	-5.19026	3.07993	13.1363	-19.4626	-16.8986	140.883	6.64993	-0.678038	
185.793	12.2199	21.2424	11.4413	-7.22187	-2.79537	18.9301	5.54003	-42.3666	142.208	6.66082	1.38974	
188.058	11.2301	19.897	12.5094	-1.49357	-8.08261	-4.37146	26.4134	-4.20074	143.581	7.09016	2.27693	
190.108	11.5841	18.2884	10.1593	4.68909	-6.10938	-12.3876	16.413	19.6226	145.037	7.427	1.00257	
191.726	12.617	17.285	8.42657	5.90563	-2.73636	-6.8425	-1.26451	16.386	146.536	7.52841	-0.219553	
193.057	13.6634	16.9087	7.47969	5.18809	-0.360338	-3.38185	-4.41464	8.42066	148.03	7.37508	-1.17709	
194.236	14.5599	16.8835	6.92796	4.4963	0.859792	-2.73899	-4.29842	6.51327	149.481	7.12492	-1.4392	
195.312	15.2822	17.0863	6.42127	3.54724	2.14964	-2.26348	-5.6265	6.68061	150.877	6.82793	-1.48851	
196.289	15.7713	17.5744	6.07232	2.24541	3.4886	-1.00755	-4.36284	3.00892	152.216	6.56719	-1.26666	
197.245	15.8621	18.3153	6.3932	-0.65243	4.67813	4.61825	-18.1045	1.6162	153.508	6.34938	-1.08142	
198.389	15.2362	19.0848	8.02847	-4.73117	3.67222	12.2324	-21.0624	-14.074	154.757	6.15852	-0.710014	
199.975	13.8605	19.3049	10.393	-7.47528	-0.0579928	7.24549	-5.68891	-13.7008	155.982	6.14372	0.733661	
202.031	12.3929	18.4613	12.7189	-4.99712	-6.99922	3.01728	25.6511	-22.1788	157.244	6.54362	3.03432	
204.138	12.2233	16.6858	10.8879	3.68379	-7.6185	-14.9629	29.8335	21.1952	158.615	7.13863	2.31894	
205.786	13.0837	15.4525	8.97429	5.26518	-3.55665	-6.64004	0.0311375	16.0261	160.068	7.29447	-0.511142	
207.143	14.0088	14.8756	8.04117	4.92101	-1.40184	-3.56576	-2.02065	7.18401	161.509	7.07784	-1.45424	
208.327	14.8968	14.6385	7.20029	4.94902	0.178033	-3.86612	-1.30465	8.81415	162.898	6.82235	-1.17208	
209.358	15.7152	14.741	6.57171	4.25891	1.99617	-2.35729	-5.77296	9.55159	164.239	6.59425	-1.06358	
210.308	16.2816	15.1691	6.39427	2.60924	3.44839	-0.814017	-9.18274	8.20686	165.533	6.33905	-1.26464	
211.257	16.4579	15.8172	6.57468	0.603626	4.12012	0.167978	-6.56844	1.64166	166.771	6.03654	-1.56426	
212.168	16.5036	16.5012	5.94978	1.7819	3.81104	-4.6622	15.2189	-6.0355	167.949	5.75473	-1.16711	
212.916	17.0999	16.9208	5.16966	5.18108	2.19993	-2.83009	12.0674	-3.31211	169.084	5.66827	0.713639	
213.596	18.1103	17.0887	5.55735	6.0022	0.751121	3.79637	0.254329	-8.73448	170.237	5.84693	0.621116	
214.415	19.1611	16.8489	6.57862	6.09381	-1.80733	6.71333	-3.49846	-13.1364	171.416	5.93376	0.242441	
215.628	19.9897	15.8109	9.81721	3.10358	-6.74823	18.2669	-26.0371	-17.3133	172.609	5.99997	0.581664	
217.486	19.8379	14.155	12.6251	-2.77411	-7.07582	5.88213	-26.7691	19.1573	173.824	6.18208	1.26992	
219.573	18.7246	13.0238	12.4576	-5.60572	-2.90964	-4.79953	-4.32794	18.2356	175.076	6.2928	-0.1237	
221.46	17.4405	12.5769	11.2645	-5.29183	-0.612188	-4.76752	1.25682	6.74025	176.317	6.0861	-1.50076	
223.143	16.1973	12.4441	10.5058	-5.50936	0.70187	-3.62407	-2.34551	8.41815	177.503	5.78412	-1.29106	
224.688	14.8849	12.5733	9.84701	-5.71082	1.98516	-5.79784	4.20082	9.53718	178.639	5.58429	-0.92415	
226.07	13.6264	12.9669	9.23304	-5.46639	2.75449	0.000780516	-2.56946	-3.08238	179.741	5.43431	-0.740593	
227.425	12.2451	13.3564	9.26789	-6.65978	3.04003	-3.86857	2.15457	9.83968	180.822	5.42469	0.704828	
228.618	10.9514	14.1354	7.90823	-4.38111	5.6324	-4.2666	14.5733	2.34824	181.923	5.60821	0.838494	
229.706	9.93402	15.005	8.36185	-4.92529	4.2589	3.63591	-5.52833	-10.2384	183.055	5.69756	0.0703305	
231.016	8.65425	15.2577	9.99393	-6.33765	-0.653361	8.10946	1.7127	-30.958	184.192	5.64347	-0.490104	
232.62	7.46948	14.3816	11.0375	-3.87628	-6.12427	1.85755	26.7736	-23.3491	185.316	5.64107	0.619576	
234.284	7.16767	12.7362	10.8468	0.687928	-8.16493	0.278356	7.77753	-4.22548	186.465	5.89665	2.12302	
235.811	7.67301	11.1527	9.62674	5.05333	-5.94815	-7.84962	19.0332	20.4625	187.677	6.20458	1.32131	
237.072	8.78888	10.2879	8.41379	6.235	-1.73185	-4.2668	-1.14985	16.74	188.937	6.34063	-0.0539317	
238.17	9.82544	10.0798	7.82415	5.31211	0.516285	-2.75586	-3.45558	8.76873	190.192	6.17985	-1.07884	
239.162	10.6981	10.2432	7.32312	4.47544	2.20741	-2.23248	-5.26359	8.55991	191.405	5.95297	-1.14163	
240.08	11.3268	10.7069	7.0726	2.92135	3.42028	-0.993063	-8.40172	5.00728	192.57	5.68477	-1.52475	
240.956	11.6627	11.3456	6.83545	1.61101	4.24639	-1.37066	-5.12548	3.88098	193.677	5.38775	-1.36391	
241.823	11.5744	12.1782	7.01244	-1.2916	5.18176	1.51741	-13.7761	2.16553	194.73	5.15995	-0.799718	
242.844	10.7026	12.9564	8.5612	-6.27261	3.04318	11.6755	-22.9841	-26.3501	195.751	5.09272	0.296076	
244.271	9.08367	12.7792	10.9833	-7.60819	-4.71643	10.2808	21.5254	-50.1627	196.79	5.39183	3.02564	
245.998	8.29168	11.0481	10.7343	1.26229	-8.71377	-10.0267	39.4707	17.0725	197.941	6.1077	2.6059	
247.439	8.98715	9.60776	9.0884	5.38693	-4.40154	-5.80366	4.67368	20.4994	199.199	6.38712	0.179386	
248.635	10.0018	8.95666	8.2001	5.73727	-1.37995	-3.65143	0.180012	12.4841	200.471	6.30857	-0.624438	
249.689	11.0041	8.81248	7.61167	5.30939	0.8236	-2.3716	-3.87298	9.91038	201.717	6.14679	-0.937046	
250.651	11.8417	9.06124	7.27364	4.14883	2.48191	-0.77437	-8.08273	5.41613	202.926	5.92682	-1.36795	
251.57	12.3886	9.55765	7.07988	2.65866	3.49039	-1.00343	-7.68249	5.3308	204.081	5.61701	-1.62742	
252.449	12.6336	10.2727	6.86907	1.26236	4.60194	-0.760886	-6.49373	4.23064	205.174	5.33353	-1.22157	
253.352	12.3854	11.2114	7.54076	-2.81566	5.38067	7.26965	-25.2325	-7.15874	206.224	5.18894	-0.386109	
254.525	11.2105	11.8487	9.36072	-7.14779	1.69606	8.21313	-12.3083	-23.6903	207.259	5.19415	0.63601	
256.056	9.61283	11.3646	11.0433	-6.72116	-5.5463	5.52884	14.8801	-32.3336	208.32	5.48817	2.82638	
257.708	8.9972	9.634	10.3272	1.99738	-8.75306	-9.44512	42.2041	14.0195	209.475	6.08834	3.06085	
259.065	9.75215	8.26989	8.78503	5.44526	-4.0647	-4.98216	3.79726	19.3145	210.726	6.32948	0.0239812	
260.205	10.7602	7.68499	8.00274	5.73278	-1.14292	-3.26165	0.0426171	12.4923	211.984	6.23724	-0.638696	
261.227	11.7342	7.557	7.53027	5.35488	0.565988	-2.54738	-2.0511	10.495	213.214	6.05427	-0.914478	
262.163	12.5948	7.78704	7.1973	4.36403	2.46165	-0.486865	-8.32688	6.63958	214.405	5.85692	-1.21184	
263.065	13.1642	8.3101	7.08488	2.76097	3.62435	-0.499628	-8.39182	5.65166	215.549	5.57419	-1.52194	
263.954	13.3735	9.0594	7.09367	0.598852	4.96368	1.15303	-15.5211	9.14365	216.634	5.28769	-1.09484	
264.92	12.9538	10.002	8.01737	-3.64843	4.94345	7.80258	-24.8422	-10.579	217.673	5.12163	-0.506368	
266.178	11.6239	10.5315	9.92792	-7.61663	0.277764	10.2301	-7.43371	-40.4273	218.699	5.17843	0.882835	
267.78	10.1507	9.60362	10.8635	-3.97291	-7.63473	-3.72538	40.5425	-22.2382	219.77	5.56275	2.28294	
269.271	10.0476	7.87351	9.3504	3.48336	-7.26766	-8.26657	25.3907	18.934	220.926	5.96559	1.46591	
270.473	10.9102	6.69915	8.22391	5.93938	-3.62802	-5.0116	8.41283	19.5162	222.139	6.12882	0.477695	
271.504	11.972	6.25257	7.6104	5.90645	-0.350214	-2.29385	-2.21955	13.9413	223.362	6.08379	-0.460205	
272.451	12.9131	6.34956	7.39283	4.69133	1.73132	-0.548424	-7.43753	6.36522	224.565	5.91648	-1.31974	
273.367	13.6048	6.68478	7.18028	3.70809	2.5806	-1.30009	-5.04016	5.91277	225.719	5.61422	-1.60699	
274.235	14.0945	7.23645	6.92123	2.75637	3.75201	-0.697252	-7.61217	8.26117	226.811	5.30795	-1.39608	
275.08	14.2751	8.11019	7.04069	0.52568	5.56818	1.56466	-10.7654	3.35002	227.851	5.12222	-0.651374	
276.056	13.775	9.12635	8.31202	-4.10934	4.96364	8.90348	-25.2632	-13.7764	228.864	5.01568	-0.307924	
277.366	12.3695	9.54624	10.168	-7.70627	-0.183592	6.81799	-5.69035	-28.9754	229.868	5.06454	1.00968	
278.957	10.9292	8.53169	10.7401	-3.51893	-8.01797	-5.8458	42.8341	-18.8362	230.915	5.46449	2.4361	
280.375	10.9561	6.76074	9.01942	4.55833	-7.23827	-8.85292	27.5046	25.5896	232.06	5.98326	2.3741	
281.486	11.9491	5.77783	7.98067	6.14359	-2.32167	-2.96603	0.0736457	19.0699	233.279	6.14861	0.0725958	
282.478	12.9304	5.53259	7.63609	5.29452	0.224037	-1.76737	-3.18534	9.62043	234.496	5.99465	-1.07057	
283.409	13.7453	5.6776	7.39661	4.31981	1.70141	-1.01276	-5.3359	5.09945	235.671	5.73147	-1.6137	
284.297	14.349	6.05078	7.13254	3.4219	2.76153	-1.41533	-4.43196	6.18179	236.783	5.39204	-1.68817	
285.129	14.7956	6.63372	6.88639	2.47875	4.09554	-0.115449	-8.83227	9.04855	237.83	5.09049	-1.29823	
285.967	14.8655	7.53829	7.27887	-0.392461	5.62565	4.54938	-20.468	3.95874	238.826	4.88247	-0.768611	
286.988	14.1383	8.53374	8.6882	-5.21513	4.89824	8.32957	-24.1993	-8.55053	239.792	4.81761	0.564052	
288.258	12.6867	9.16952	10.1409	-8.05196	1.09817	12.6831	-14.6146	-44.8664	240.769	4.99565	1.69868	
289.838	10.9619	8.55958	11.1061	-6.80868	-5.13604	-1.00951	23.8373	-23.0078	241.809	5.43903	2.23011	
291.399	10.113	7.04604	10.1035	0.0805454	-7.78974	-7.9479	32.9062	4.89441	242.939	5.80947	1.06916	
292.672	10.5283	5.6255	8.70805	4.64771	-5.21078	-5.32586	10.9823	18.6427	244.117	5.94208	0.198359	
293.732	11.445	4.85728	7.95071	5.51514	-2.04894	-2.70163	0.15522	12.6789	245.302	5.87514	-0.756028	
294.681	12.3832	4.61202	7.50248	5.26041	0.0447883	-1.94188	-2.13035	8.95721	246.458	5.67591	-1.16203	
295.555	13.2268	4.73721	7.15875	4.69735	1.76302	-1.4408	-3.73774	8.61506	247.569	5.43274	-1.22874	
296.375	13.9112	5.23444	7.00302	3.5257	3.70764	0.217988	-9.05997	8.66155	248.635	5.221	-1.08615	
297.208	14.2217	6.06636	7.25116	1.09636	5.19867	2.52258	-15.7853	5.52618	249.657	5.00592	-1.03744	
298.145	13.9007	7.07997	8.01005	-2.55048	5.45977	3.76442	-16.2585	-2.39266	250.639	4.82776	-0.634817	
299.281	12.8152	7.8893	9.41757	-6.74412	2.64167	9.72173	-19.8977	-31.7403	251.597	4.78991	0.385092	
300.727	11.1861	7.51533	10.6486	-6.37497	-5.69541	-0.234423	28.4704	-39.4106	252.575	5.03999	2.10555	
302.225	10.3273	5.79967	10.052	-0.0490577	-9.24579	-5.38113	29.7706	4.98878	253.646	5.70481	3.39198	
303.455	10.8378	4.29064	8.59379	4.92533	-4.83834	-4.19539	6.72745	21.1522	254.831	6.02808	0.100066	
304.499	11.7344	3.6126	8.01358	5.22201	-1.81869	-2.24266	-0.90764	10.4329	256.028	5.90266	-1.11833	
305.448	12.621	3.38981	7.52238	5.30199	0.0253465	-2.46531	0.92249	10.1498	257.185	5.66464	-1.04633	
306.309	13.5037	3.56031	7.17306	5.10439	1.8582	-1.36392	-0.486624	4.04791	258.298	5.48156	-0.766716	
307.136	14.2258	4.11489	7.17725	3.6259	4.12546	1.21306	-11.1155	10.5993	259.378	5.32112	-0.75068	
308.013	14.4992	4.98168	7.59686	0.900475	4.9815	2.30711	-14.4916	2.53366	260.42	5.08351	-1.39427	
308.964	14.2592	6.0009	8.16645	-2.23557	5.7053	6.83284	-25.9235	-2.30905	261.416	4.89384	-0.507834	
310.128	13.199	6.81745	9.4319	-6.23433	2.9832	5.80383	-15.2826	-19.0966	262.384	4.81293	0.0196215	
311.522	11.5408	6.91607	10.6864	-8.08042	-2.72435	5.25785	9.7717	-50.5894	263.363	5.04596	2.18447	
313.104	9.85221	5.8011	11.2415	-7.61705	-6.43054	0.788239	6.43512	-4.46913	264.426	5.63784	3.95513	
314.652	8.78073	4.30108	10.3457	-1.34445	-7.79039	-7.33402	38.2675	3.31557	265.616	6.15069	1.2932	
315.964	8.95895	2.90828	9.16611	3.24372	-5.29948	-4.29714	10.3024	13.9699	266.857	6.19518	-0.722869	
317.097	9.63766	2.05201	8.43771	4.64172	-3.15588	-3.46987	7.0847	8.8344	268.076	5.98552	-1.04814	
318.11	10.4977	1.58216	7.87206	5.3067	-1.35842	-2.9818	5.00568	9.58645	269.249	5.74374	-1.01909	
319.028	11.4471	1.49701	7.49311	5.31547	0.662111	-1.39325	-2.23709	9.59608	270.378	5.5379	-1.10742	
319.893	12.3137	1.82536	7.31	4.56829	2.73271	-0.272682	-6.44153	9.40025	271.466	5.33971	-1.07019	
320.751	12.9127	2.52675	7.36673	2.84914	4.50708	1.00285	-11.2734	8.1685	272.512	5.121	-1.08949	
321.654	13.0496	3.54615	7.72203	0.132202	5.89171	1.75291	-12.0182	2.14471	273.516	4.93883	-0.692139	
322.658	12.5845	4.69586	8.51362	-3.68019	5.97049	5.69376	-22.5785	-4.06364	274.494	4.87459	0.413394	
323.839	11.3777	5.71886	9.26655	-6.35662	4.85744	3.7124	-10.0668	-10.4163	275.485	5.0822	1.51808	
325.209	9.72186	6.04335	10.4833	-7.96294	-1.78803	3.97618	10.0578	-47.4192	276.535	5.42146	1.78626	
326.687	8.51853	4.85507	10.1364	-1.90048	-8.0171	-5.96945	40.7028	-8.61668	277.656	5.79219	1.8617	
327.967	8.73033	3.30229	8.91068	4.29409	-6.06379	-4.89004	17.7438	20.015	278.845	6.06351	0.761199	
329.063	9.64308	2.45479	8.304	5.3348	-2.38212	-2.08092	-0.818393	12.7439	280.062	6.03934	-0.912569	
330.07	10.5719	2.15843	7.88418	5.22447	-0.431156	-1.81015	-1.8716	8.11439	281.247	5.80692	-1.32251	
331.002	11.4715	2.16575	7.50352	5.08967	0.879467	-1.65115	-1.9952	8.49288	282.383	5.55409	-1.26003	
331.868	12.3095	2.52012	7.24011	4.53339	3.02759	0.0662981	-7.87294	9.88392	283.472	5.35219	-0.921447	
332.711	12.952	3.20498	7.09059	3.85849	3.74409	-1.91097	2.53928	-1.79936	284.523	5.16443	-0.882748	
333.54	13.4041	4.0954	7.33087	1.66395	5.53814	3.14028	-17.6072	6.40921	285.543	5.03537	-0.666504	
334.487	13.1868	5.23037	8.17956	-2.31403	5.87774	6.43861	-24.9798	-7.36211	286.54	4.93781	-0.432823	
335.666	12.076	6.04085	9.60486	-7.00605	2.48554	7.18732	-19.6781	-22.1747	287.521	4.9168	0.796094	
337.092	10.4708	5.63803	10.3572	-6.04716	-5.80841	-1.98614	29.0866	-36.3306	288.524	5.15467	1.82804	
338.458	9.94812	3.90593	9.13214	2.60978	-8.63915	-8.42039	40.5666	18.8744	289.612	5.7531	2.9867	
339.553	10.7469	2.67683	8.16282	5.56562	-3.5659	-2.46706	2.0444	19.3758	290.794	5.96743	-0.13256	
340.531	11.7272	2.24487	7.74409	5.6584	-0.689247	-1.82144	-0.358759	12.2423	291.977	5.84566	-0.775943	
341.446	12.6516	2.29652	7.49014	5.09003	1.40667	-1.15247	-3.24774	10.0505	293.127	5.64558	-1.06735	
342.321	13.4358	2.61961	7.28463	4.42029	2.33782	-0.646054	-5.37012	7.77283	294.23	5.39048	-1.32465	
343.161	14.0582	3.17436	7.15093	3.4218	3.68314	0.00316301	-7.59066	8.75337	295.282	5.12829	-1.25404	
344.006	14.3646	4.08677	7.44298	0.992108	5.96374	4.33602	-20.3151	9.71989	296.287	4.95833	-0.361512	
345.006	13.9337	5.20653	8.64762	-3.63917	5.25963	7.22627	-24.6041	-12.9473	297.268	4.85075	-0.485232	
346.28	12.5887	5.81261	10.0993	-7.48371	0.376324	6.0476	-7.59121	-40.2607	298.238	4.87952	0.632048	
347.737	11.0542	5.08491	10.2663	-4.78521	-7.02909	-5.00115	35.8905	-28.3843	299.237	5.14991	1.95313	
349.021	10.7527	3.40107	8.73046	2.87176	-7.67315	-7.46343	29.5678	17.3354	300.308	5.54282	1.6076	
350.028	11.5798	2.25551	7.72993	6.12784	-3.39106	-3.20045	8.15719	21.3994	301.439	5.73263	0.58209	
350.927	12.6185	1.92001	7.52329	5.59719	-0.109523	-0.652705	-4.73346	11.1374	302.583	5.66247	-0.923828	
351.799	13.477	2.05926	7.36724	4.68492	1.62671	-0.912852	-4.27604	7.3732	303.693	5.41961	-1.39756	
352.634	14.1817	2.45313	7.15129	4.00884	2.88325	-0.640225	-5.08967	8.62161	304.749	5.14281	-1.33298	
353.444	14.6847	3.15647	7.11299	2.77619	4.48043	1.14159	-10.5803	9.63509	305.752	4.90208	-1.05611	
354.305	14.7589	4.20481	7.78536	-0.562319	6.00465	5.49446	-22.1869	1.06774	306.717	4.75617	-0.63734	
355.375	13.9875	5.27166	9.15572	-5.35043	4.60139	8.90753	-25.0909	-23.084	307.66	4.6997	0.133125	
356.708	12.3944	5.85473	10.3704	-8.362	1.26954	6.37752	-7.854	-32.9807	308.621	4.96962	2.06395	
358.223	10.7836	5.06336	10.6003	-4.3863	-7.59182	-6.2714	43.2459	-24.6269	309.66	5.44692	2.59998	
359.572	10.4194	3.41587	9.43531	1.06982	-7.44217	-4.53987	15.801	9.09778	310.787	5.76737	0.709992	
360.692	10.9529	2.15383	8.34735	4.7404	-4.39701	-3.38193	6.54417	17.0055	311.953	5.84567	-0.345833	
361.665	11.8351	1.54154	7.81981	5.38689	-1.66552	-1.7528	-0.742439	11.4699	313.11	5.70492	-0.99129	
362.558	12.7543	1.37808	7.46277	5.38073	0.0626568	-2.11368	1.27931	10.8802	314.231	5.50145	-0.986873	
363.394	13.6261	1.55315	7.20952	5.03496	1.78157	-1.27203	-1.6937	12.0542	315.311	5.29552	-0.928485	
364.205	14.3356	2.08677	7.1862	3.84853	3.91362	0.699266	-8.4249	11.9752	316.349	5.09145	-0.849822	
365.057	14.6656	3.01725	7.66473	1.11637	5.38191	3.20091	-16.4033	3.50394	317.35	4.91006	-1.08627	
366.003	14.4559	4.07403	8.23364	-1.8522	5.52244	5.28225	-22.0418	-3.27226	318.311	4.69835	-0.964691	
367.148	13.4266	4.97378	9.65874	-6.7004	2.99143	8.1029	-20.1101	-32.5338	319.24	4.64713	0.41657	
368.557	11.7533	4.74603	10.4623	-6.94863	-4.77458	-1.53158	23.4178	-41.9715	320.187	4.87525	1.84022	
369.894	10.9223	3.18905	9.13531	0.630731	-8.52353	-8.70237	38.8848	6.97412	321.204	5.29694	2.00123	
370.927	11.4829	1.78338	7.88537	5.42808	-4.72909	-3.4628	9.56656	22.5446	322.295	5.56174	0.559621	
371.807	12.5057	1.20782	7.47998	6.12979	-1.42757	-0.789911	-0.465176	6.78879	323.411	5.57828	-0.09681	
372.644	13.5159	1.2223	7.3947	5.44518	1.50952	0.253981	-6.52028	11.5025	324.52	5.48959	-0.787909	
373.464	14.3698	1.60807	7.27959	4.74287	2.952	1.0596	-8.93303	10.6176	325.599	5.30777	-0.806509	
374.311	14.9051	2.32469	7.58855	2.53463	4.20058	1.22866	-10.7763	3.80059	326.64	5.07329	-1.54323	
375.215	14.995	3.19958	7.77495	0.502353	4.86486	0.0510883	-7.34776	2.76774	327.622	4.74527	-1.6041	
376.162	14.6626	4.19193	8.15187	-2.10331	5.65989	3.69953	-17.9795	5.41378	328.542	4.48722	-0.613141	
377.287	13.5517	5.22241	9.53146	-7.03276	5.05094	6.0253	-19.1448	-4.00958	329.44	4.56749	1.8134	
378.654	11.7721	5.817	10.5844	-8.58471	1.12016	2.57591	1.5232	-18.6235	330.406	5.09401	2.52912	
380.156	10.0932	5.24351	10.7778	-5.50052	-6.14193	-4.37071	36.0764	-28.4167	331.464	5.47199	1.79974	
381.517	9.60687	3.71143	9.44151	1.63607	-7.37569	-6.8055	29.2813	9.30031	332.588	5.72605	0.92516	
382.625	10.2343	2.49138	8.40215	5.25188	-4.13762	-3.45707	8.02817	18.3214	333.746	5.82369	0.0434486	
383.593	11.2109	1.96303	7.93938	5.67082	-1.05341	-1.59641	-1.35254	12.5809	334.904	5.73665	-0.778105	
384.503	12.1102	1.89148	7.65656	5.14725	0.415301	-1.94773	-0.465676	9.0031	336.028	5.49393	-1.2292	
385.361	12.9007	2.09127	7.39269	4.47317	1.82103	-1.39848	-3.07994	7.10095	337.098	5.20183	-1.49922	
386.17	13.5539	2.60674	7.20898	3.58431	3.60423	-0.089395	-7.32329	8.91085	338.112	4.94297	-1.23397	
386.984	13.8944	3.46405	7.41372	1.38942	5.31118	2.44443	-15.4626	7.12465	339.077	4.71923	-0.982217	
387.9	13.6151	4.55677	8.16873	-2.3589	5.82489	3.71468	-16.9941	-1.77548	340.004	4.56633	-0.45572	
389.001	12.5587	5.5368	9.40768	-6.56928	3.47717	8.62683	-21.9393	-31.7693	340.919	4.60793	0.578916	
390.357	10.8712	5.49039	10.3982	-7.49943	-3.60374	1.08271	17.3057	-44.4531	341.86	4.8458	1.73236	
391.726	9.86235	4.02698	9.51827	-0.28975	-8.7562	-8.30846	42.5547	3.96326	342.872	5.2966	2.3123	
392.835	10.2956	2.48483	8.32814	4.90269	-5.72885	-4.33567	13.5515	24.2775	343.968	5.63183	0.86591	
393.786	11.2612	1.73642	7.81832	5.71882	-1.84173	-1.52157	-1.29854	14.259	345.1	5.63441	-0.642842	
394.672	12.2032	1.58334	7.55141	5.22781	0.338941	-1.29526	-2.85148	8.69922	346.209	5.43509	-1.2357	
395.509	13.0352	1.80782	7.25496	4.84504	2.27563	-1.10653	-2.74534	12.159	347.271	5.19913	-0.924577	
396.319	13.6947	2.4592	7.33661	3.24046	4.37355	1.62783	-12.255	7.33352	348.293	5.01949	-0.992947	
397.178	13.9249	3.40455	7.56388	1.1568	5.26935	0.568421	-8.29927	2.97126	349.275	4.80131	-1.09543	
398.124	13.6024	4.45587	8.38327	-2.83819	5.37827	5.99486	-24.4178	-6.8042	350.215	4.60424	-0.744606	
399.274	12.4344	5.27031	9.80871	-7.60823	2.16301	10.2813	-23.8045	-39.6399	351.13	4.61479	1.32474	
400.682	10.774	4.73181	10.3032	-5.65599	-6.60781	-4.22511	35.293	-33.3266	352.083	4.95949	2.22147	
401.95	10.3178	3.05058	8.83054	2.32512	-7.97	-7.49002	32.3053	15.6415	353.12	5.38885	1.73155	
402.967	11.0305	1.75352	7.95726	5.61076	-4.07905	-2.65345	5.47496	21.5436	354.23	5.63861	0.253577	
403.899	11.9673	0.992649	7.96024	4.9324	-3.89493	0.807145	-7.44985	-4.37397	355.361	5.6442	-0.403048	
404.814	12.7938	0.300166	7.55216	5.48347	-2.36092	-2.98861	6.84282	13.4566	356.478	5.52576	-0.507188	
405.645	13.7371	0.0907364	7.22805	5.72662	0.28464	-1.03716	-0.326297	13.9375	357.569	5.3817	-0.61644	
406.443	14.627	0.410002	7.24719	4.84749	2.88449	1.09675	-7.76173	12.1688	358.631	5.24327	-0.719875	
407.285	15.1823	1.12414	7.54193	2.80124	4.36857	1.26066	-9.84604	9.01284	359.658	5.00725	-1.23326	
408.176	15.3508	2.07247	7.89134	0.532462	5.26326	2.98867	-15.5531	3.03969	360.634	4.74993	-1.36403	
409.16	14.9856	3.12104	8.50979	-2.56491	5.37394	5.96389	-23.4449	-4.89716	361.559	4.51018	-0.941927	
410.359	13.7825	3.86726	9.96761	-7.31663	1.46458	6.88198	-16.6636	-37.4385	362.449	4.44455	0.515958	
411.77	12.1337	3.1898	10.2531	-5.38143	-7.99413	-6.9205	44.8692	-39.717	363.367	4.84553	3.77756	
412.954	11.9111	1.35131	8.33687	3.94054	-7.49014	-6.09849	23.9123	31.2109	364.411	5.53884	1.93761	
413.877	12.78	0.365646	7.7643	5.70002	-3.10704	-0.598017	-0.747408	9.13208	365.538	5.66848	-0.0304637	
414.733	13.7591	0.027792	7.45264	5.92591	-0.634421	-1.73326	1.20431	12.4791	366.662	5.5493	-0.818626	
415.562	14.6514	0.145498	7.49985	4.80535	1.5459	0.514976	-7.69613	6.47665	367.756	5.35685	-1.42606	
416.395	15.2996	0.546344	7.37593	3.92189	2.45596	-0.595575	-4.67823	5.83789	368.795	5.0338	-1.69401	
417.193	15.8053	1.14552	7.09582	3.56471	3.63842	-1.84647	0.471952	6.65794	369.769	4.72712	-1.16431	
417.987	16.1034	2.07764	7.54172	1.23036	5.81839	4.52028	-18.0346	11.0824	370.695	4.54484	-0.575069	
418.963	15.6736	3.27125	8.96249	-3.62053	5.77568	8.45424	-26.0784	-14.7096	371.594	4.47099	-0.177234	
420.266	14.234	3.91598	10.6237	-8.08705	0.57879	5.29367	-9.71621	-31.6351	372.492	4.5691	1.49407	
421.773	12.4056	3.3412	10.9865	-7.29664	-5.48578	-3.39135	24.5361	-27.7391	373.449	5.04557	3.01802	
423.108	11.6367	1.75309	9.21484	1.19296	-8.07689	-8.60347	35.2331	12.3823	374.51	5.52296	1.62962	
424.134	12.118	0.513216	8.18167	4.46465	-4.33059	-3.09234	6.37171	15.5868	375.626	5.56415	-0.598352	
424.821	12.7224	-0.000205359	7.82284	4.98986	-2.72485	-1.11167	-1.12822	-4.51452	376.466	5.44634	-0.834035	
34.7923	-2.50649	36.1563	13.2154	-21.4172	-10.2025	211.297	173.461	-185.9	0.343003	4.03386	22.3577	
38.623	-2.99408	33.398	16.0339	12.3433	-8.25409	-86.195	60.4786	108.005	1.52953	7.57695	14.0518	
40.6554	-0.882333	33.1269	7.0882	7.36864	2.22484	-15.025	-30.3741	16.1955	3.21529	8.85479	1.68629	
41.9494	0.0542398	33.6692	6.13618	2.71136	2.91414	-2.04112	-15.8181	0.0127097	4.98612	8.76574	-1.43804	
43.1678	0.315839	34.2066	6.16336	0.0801394	2.37709	0.566723	-11.2644	-3.35707	6.70237	8.36441	-2.3928	
44.3902	0.060527	34.6347	6.24381	-2.84153	1.78072	3.51535	-18.1615	-6.0917	8.32951	7.91919	-1.9789	
45.8085	-0.899376	34.7644	8.61477	-6.62164	-1.11179	22.8391	-13.2188	-25.4127	9.88273	7.67379	-0.147601	
48.0426	-2.14324	33.986	13.713	-4.23018	-6.54437	23.1759	35.1556	-23.1716	11.4288	7.85497	2.19937	
50.9731	-2.25525	32.5152	14.4547	2.58336	-6.87156	-8.07672	19.2953	10.3423	13.0533	8.3787	2.04084	
53.6074	-1.16439	31.4706	11.9425	7.14115	-3.64904	-8.25741	8.12755	9.73137	14.7697	8.74249	1.30733	
55.7083	0.235213	31.0758	9.1519	6.34538	-0.377193	-10.3023	-9.3691	10.9683	16.5388	8.86287	-0.620119	
57.3805	1.38603	31.1519	7.68086	5.09206	1.06243	-7.46048	-6.21456	7.19795	18.2959	8.68013	-1.22893	
58.7933	2.24327	31.4681	6.59967	3.4238	1.97985	-4.43065	-8.44817	3.28164	20.0034	8.37454	-1.77877	
60.0106	2.74793	31.9424	5.66619	1.4596	2.7499	-3.56344	-12.5899	2.85924	21.6433	8.02878	-1.69703	
61.0593	2.7012	32.5729	5.24396	-2.29842	3.18725	4.84535	-22.5969	-5.49747	23.2226	7.78906	-0.9364	
62.283	1.74918	33.01	7.3874	-7.02444	0.816079	15.086	-17.1347	-16.8292	24.7694	7.74018	0.802356	
64.3296	0.255049	32.5176	13.1324	-5.97467	-5.79844	24.0221	34.5162	-28.248	26.3463	8.09085	2.57515	
67.1902	-0.0657334	31.0805	14.1131	2.64876	-6.86015	-13.4351	32.1869	16.5851	28.0211	8.63209	1.83552	
69.7158	0.880612	30.06	11.2302	5.90888	-3.37795	-13.0845	5.04656	15.4474	29.7693	8.78795	-0.03561	
71.7862	2.09734	29.5699	9.81306	6.25473	-1.88381	-5.05175	1.74064	4.82499	31.5212	8.72483	-0.334396	
73.5384	3.44717	29.4203	7.9107	6.95937	0.262455	-6.01836	-0.686061	6.92376	33.2577	8.66464	0.173691	
74.902	4.67087	29.7538	6.06457	4.51703	2.85973	-4.46563	-18.7959	7.43419	34.9922	8.68458	-0.275136	
76.0746	5.2886	30.3782	5.73616	1.48457	3.41062	-0.600993	-16.2189	1.30068	36.7162	8.51872	-1.2669	
77.2503	5.3458	30.9993	6.08593	-1.07383	2.86265	2.25309	-14.2304	-3.27674	38.3866	8.16509	-1.99538	
78.4765	4.89705	31.5312	6.49046	-3.78988	2.29227	8.25385	-18.9913	-9.49581	39.983	7.82257	-1.41811	
80.028	3.77306	31.6785	9.62103	-7.00443	-1.44304	22.8925	-3.36502	-28.9064	41.5271	7.67733	0.174252	
82.4165	2.59567	30.7621	14.1424	-3.13935	-7.52536	14.1836	45.8108	-21.3363	43.082	7.97759	3.16736	
85.2736	2.76195	29.1606	13.5247	4.33412	-7.04778	-17.1845	33.6754	21.5547	44.7492	8.67752	2.88236	
87.731	3.95608	28.0497	11.3009	7.00645	-4.15816	-9.0748	3.51666	12.4197	46.5283	9.06877	1.41777	
89.6762	5.29416	27.6542	8.68507	5.98455	-0.337659	-7.69088	-8.73891	10.8473	48.358	9.14436	-0.716023	
91.3359	6.31097	27.6517	7.97894	4.42187	0.392299	-3.4912	-4.81076	2.62915	50.1592	8.83105	-2.00221	
92.8315	7.16179	27.7896	7.08984	4.15331	1.10024	-5.8847	-2.34761	6.16734	51.8878	8.46446	-1.66791	
94.1437	7.91323	28.0923	6.08122	3.44618	2.17123	-6.89418	-6.47569	9.34524	53.5466	8.14308	-1.25813	
95.2607	8.44215	28.6314	5.29883	1.85889	3.29274	-2.03486	-7.61788	3.12746	55.1501	7.90843	-0.983806	
96.2831	8.5323	29.3479	5.32369	-1.4394	3.86617	4.12346	-21.8983	-0.933001	56.7129	7.72475	-0.82903	
97.4876	7.70482	30.0202	7.6287	-6.78049	2.09645	22.4514	-22.6165	-24.0544	58.2522	7.71729	0.747305	
99.4606	6.25242	29.8139	12.3466	-6.56916	-4.27859	23.1124	20.125	-35.248	59.8094	7.88946	1.73125	
102.115	5.61706	28.5068	13.718	0.760878	-7.66314	-4.12699	42.4669	-2.16999	61.4201	8.24016	2.32922	
104.603	6.32481	27.1622	11.6585	5.20624	-5.61481	-7.74906	11.4177	8.9379	63.1019	8.55114	1.39557	
106.607	7.5919	26.4063	8.87219	6.52095	-1.73284	-10.0687	-6.90345	16.2129	64.8332	8.71777	-0.0826043	
108.194	8.75271	26.2751	7.6437	5.259	0.136273	-1.45943	-5.07896	1.18282	66.5652	8.57116	-1.19164	
109.576	9.68934	26.4311	6.58127	4.15523	1.64488	-5.16219	-6.4096	7.76404	68.2549	8.32037	-1.26046	
110.753	10.4153	26.8668	5.52094	3.11241	3.12683	-6.02047	-8.43533	9.77291	69.8922	8.05457	-1.25188	
111.768	10.6999	27.6235	5.42505	-0.541697	4.39255	4.38798	-22.4256	0.829275	71.4901	7.93673	-0.548082	
112.964	10.1535	28.3662	7.24146	-4.79478	3.02605	13.7339	-20.2479	-13.9399	73.0613	7.77852	-0.680983	
114.69	8.86944	28.5494	10.7416	-7.1933	-1.35904	22.1238	1.82991	-32.8079	74.6105	7.75627	0.549751	
117.173	7.71849	27.5796	14.1247	-3.5079	-7.38559	7.76515	24.9648	-18.1367	76.1848	8.04669	2.62476	
119.97	7.77265	25.8018	13.9526	2.69178	-8.64277	-5.59249	5.95883	9.60464	77.8505	8.68526	3.80375	
122.607	8.24954	24.2137	13.2721	1.57287	-6.97914	-2.39456	-9.23049	6.55306	79.6436	9.14828	0.976528	
125.165	8.41508	22.8217	12.9971	0.295712	-6.42202	-2.51818	-5.39762	4.72152	81.4786	9.19208	0.0708431	
127.653	8.11069	21.6385	12.4713	-3.04955	-4.6744	-5.84198	-10.9945	12.7591	83.3114	9.11394	-0.753086	
129.974	7.30072	20.8383	11.6304	-4.77365	-3.12517	-3.27157	-7.96845	4.96648	85.1126	8.87735	-1.42064	
132.14	6.17967	20.295	10.864	-6.27408	-1.90879	-3.93181	-7.33582	5.78182	86.8626	8.62361	-1.32056	
134.093	4.8718	20.1167	9.47428	-6.13159	0.585684	-6.91043	6.5657	10.9374	88.5781	8.54386	-0.551357	
135.778	3.75847	20.3664	8.31049	-5.07427	2.18678	-5.56004	4.26858	7.3525	90.2685	8.33383	-1.26149	
137.274	2.76216	20.8446	7.37356	-4.49345	3.36532	-6.48251	8.26953	9.61524	91.9109	8.10693	-0.864566	
138.565	1.94937	21.6019	6.28541	-3.0819	4.8752	-6.53695	15.1222	9.43419	93.5153	7.94596	-0.566862	
139.652	1.67208	22.6362	5.74321	1.16793	5.34295	3.04332	28.0189	-9.13667	95.102	7.9514	0.225787	
140.775	2.29011	23.4805	6.10901	4.17366	4.03398	-1.33276	7.09288	-0.513	96.6919	7.91755	-0.410274	
141.866	3.20603	24.2696	5.56761	4.45987	4.66235	-4.7226	-8.19498	8.4905	98.2704	7.92566	0.45989	
142.849	3.55691	25.3029	5.54187	-1.02971	5.40018	4.44503	-26.7577	-5.17345	99.8721	8.05795	0.00986291	
144.065	2.87902	26.0435	7.63665	-5.07997	2.09579	12.4821	-10.4985	-21.955	101.481	7.98882	-0.954134	
145.779	1.71237	25.9315	10.4657	-5.89408	-2.96681	16.521	5.73933	-29.7451	103.062	7.84382	-0.130061	
148.047	0.912346	24.7949	12.8263	-1.15692	-7.46867	5.60866	37.9349	-11.3632	104.636	7.96256	1.78297	
150.471	1.39308	23.3284	11.6492	5.07177	-5.54049	-11.7642	15.5557	20.4935	106.267	8.32436	1.07271	
152.544	2.60282	22.474	9.97927	6.54478	-2.5608	-5.01475	-1.66911	8.63744	107.954	8.5153	0.388652	
154.284	3.83061	22.2165	8.504	5.52794	0.0113499	-4.99552	-6.32129	7.45137	109.655	8.42785	-1.15963	
155.801	4.83134	22.3033	7.5372	4.7278	1.33375	-5.25805	-3.19149	7.56467	111.313	8.15828	-1.28755	
157.152	5.7045	22.6015	6.9668	4.20662	1.86188	-2.47047	-1.30401	1.59304	112.919	7.8913	-1.36309	
158.367	6.39806	23.0661	6.10982	2.67147	3.26024	-3.69438	-10.8409	6.99588	114.47	7.63125	-1.19041	
159.447	6.64207	23.7905	5.7309	-0.404527	4.29417	0.797738	-20.1943	1.78877	115.974	7.42242	-0.875837	
160.506	6.23504	24.6414	5.96283	-3.88885	4.53617	5.43294	-22.1033	-4.22751	117.45	7.3802	0.606604	
161.662	5.26301	25.4435	6.93914	-5.7826	3.29063	11.6208	-12.5613	-17.5925	118.943	7.55284	0.583508	
163.337	3.85953	25.4459	10.7098	-6.78653	-2.97873	17.0739	13.7333	-32.1193	120.468	7.69212	0.712063	
165.61	2.87677	24.338	12.6012	-2.45574	-7.00221	2.63151	22.1332	-8.09555	122.026	7.89896	1.33287	
168.033	2.9972	22.8113	12.1097	4.08608	-6.82301	-10.4156	29.3811	16.9798	123.638	8.26061	2.03913	
170.134	4.08289	21.7838	10.0782	6.2734	-3.26665	-10.0015	5.22328	18.0619	125.313	8.44655	0.402513	
171.879	5.30189	21.4	8.55665	5.65702	-0.469826	-5.23328	-5.50961	8.73567	127.002	8.38154	-1.03225	
173.39	6.33696	21.4167	7.63984	4.72759	0.947339	-3.84734	-4.76229	5.29064	128.656	8.13552	-1.50447	
174.716	7.2031	21.7113	6.6397	3.91238	2.56754	-4.82684	-7.23838	9.2058	130.256	7.88674	-1.04112	
175.887	7.77027	22.2863	6.07884	2.12232	3.6514	-3.30967	-5.16752	5.54444	131.809	7.64118	-1.03407	
176.978	7.85888	23.0631	6.0946	-1.28552	4.2673	3.21966	-20.162	-1.94186	133.317	7.43866	-1.01852	
178.177	7.20477	23.782	7.20896	-5.14989	3.01711	7.953	-15.8327	-11.5815	134.789	7.30942	-0.286919	
179.796	5.85549	23.8706	10.4135	-7.53612	-2.39342	22.1637	1.75894	-40.9189	136.253	7.37835	1.53615	
182.102	4.81042	22.6233	13.0774	-1.26261	-8.52765	0.0497773	49.8936	-8.31871	137.77	7.88033	3.4471	
184.429	5.33919	21.0706	11.0129	5.3957	-5.52157	-13.145	11.2931	24.7309	139.4	8.36302	1.1944	
186.304	6.48569	20.3172	9.12674	5.78168	-1.92893	-6.49041	-2.64993	11.9332	141.08	8.37764	-0.728758	
187.901	7.56662	20.071	8.05544	5.32259	-0.138793	-5.35909	-0.356948	8.42518	142.736	8.1632	-1.1138	
189.29	8.5684	20.1675	7.09959	4.64365	1.57449	-3.27569	-7.29314	6.6683	144.347	7.95178	-1.20652	
190.52	9.3322	20.5677	6.46788	3.12283	2.90622	-2.27723	-9.31526	5.43581	145.913	7.69968	-1.37271	
191.641	9.71897	21.228	6.06866	0.743286	4.19368	0.679993	-16.0632	2.84833	147.427	7.45777	-1.14358	
192.776	9.481	22.0144	6.71654	-3.02863	3.96103	6.67228	-21.4583	-6.9263	148.896	7.23492	-0.98242	
194.196	8.42994	22.4662	9.08369	-6.90895	0.408059	16.8178	-11.5516	-30.3022	150.329	7.12876	0.133078	
196.234	7.04645	21.7667	12.3888	-5.60054	-6.60623	10.0918	21.3965	-25.5292	151.773	7.41873	3.09032	
198.616	6.79516	20.0656	11.9863	2.36435	-7.77827	-8.08687	17.4534	13.1139	153.324	8.04094	2.04272	
200.681	7.57425	18.7621	10.2288	5.19845	-4.8336	-4.9748	5.6751	8.51613	154.957	8.24408	0.546742	
202.413	8.68433	18.0682	8.70987	5.63032	-1.76186	-5.39515	-2.6193	11.0579	156.607	8.20471	-0.85776	
203.913	9.72243	17.838	7.83231	5.05213	-0.110141	-3.81926	-2.75286	6.5445	158.226	7.96835	-1.38933	
205.254	10.6675	17.8745	7.12751	4.69714	1.00428	-3.72234	-3.49569	7.22307	159.793	7.70437	-1.31225	
206.46	11.5117	18.1324	6.40406	4.08275	2.42055	-4.79956	-4.8562	11.9835	161.309	7.46518	-0.873698	
207.534	12.1042	18.7292	5.98401	2.29787	4.00543	-0.404265	-7.10872	2.87632	162.783	7.28821	-0.805445	
208.584	12.1694	19.6065	6.36976	-1.56904	5.15383	6.04607	-24.8601	0.0538376	164.228	7.17504	-0.314822	
209.88	11.3757	20.3597	8.43989	-5.72102	2.55791	13.2889	-16.6815	-22.1867	165.652	7.06357	-0.476845	
211.549	9.97413	20.5382	9.79887	-7.65879	0.342274	4.9599	-7.76027	-7.00316	167.066	7.12693	1.25166	
213.359	8.42181	20.4417	10.297	-7.38321	-1.00162	5.23549	3.32029	-13.9177	168.511	7.32083	0.814602	
215.36	7.0297	19.8132	11.8437	-5.45741	-5.36018	9.34587	27.8032	-31.4415	169.993	7.51862	1.52076	
217.591	6.61752	18.2982	11.7037	1.6845	-7.42656	-9.2199	29.539	11.8439	171.531	7.86009	1.22736	
219.58	7.34885	16.9758	10.0591	5.26715	-4.64569	-8.71493	10.9733	17.34	173.127	8.05618	0.415916	
221.245	8.43606	16.3029	8.729	5.48397	-1.67738	-4.68722	-2.71054	10.0644	174.736	7.9862	-1.01389	
222.708	9.44182	16.0607	7.93882	4.98723	-0.184642	-3.59318	-2.02198	6.02491	176.309	7.72564	-1.46999	
224.011	10.3835	16.098	7.0803	4.84478	1.4052	-4.28836	-2.60355	9.83128	177.827	7.47334	-1.02176	
225.149	11.2223	16.5023	6.42132	3.83387	3.28165	-2.34189	-10.37	10.5796	179.305	7.3207	-0.67024	
226.208	11.6673	17.2633	6.43046	0.866522	4.7259	3.05086	-17.6074	0.445926	180.757	7.18633	-0.94948	
227.357	11.4415	18.0924	7.14963	-2.38057	4.22934	3.08074	-12.4846	-3.93035	182.171	6.94615	-1.27841	
228.727	10.5296	18.6305	8.90892	-6.1273	1.39086	12.5574	-15.4317	-25.0413	183.537	6.73726	-0.541892	
230.573	9.1403	18.1544	11.6393	-5.81555	-5.72225	8.32979	28.4072	-34.9179	184.888	6.86958	1.89986	
232.737	8.59827	16.4873	11.4182	1.73041	-8.28842	-10.9307	36.4573	13.3653	186.321	7.45012	2.28048	
234.566	9.38927	15.1282	9.34651	5.58226	-4.35078	-8.14571	5.80029	19.4922	187.843	7.69909	0.314773	
236.052	10.5415	14.5336	8.06532	5.95339	-1.01459	-4.77738	-2.23022	13.5864	189.387	7.70764	-0.422796	
237.38	11.6047	14.3639	7.53529	5.29777	0.362159	-3.5668	-3.31684	9.70455	190.915	7.55356	-0.952696	
238.602	12.5449	14.4403	7.20528	4.68305	0.983118	-1.10101	-2.43476	0.263694	192.405	7.33276	-1.35194	
239.744	13.3196	14.687	6.66813	3.82402	2.37268	-3.42232	-3.9422	9.62856	193.843	7.04882	-1.24175	
240.786	13.8595	15.2446	6.40552	2.09057	3.87533	0.00102987	-11.4597	5.97144	195.229	6.80465	-1.27446	
241.815	13.9656	16.0445	6.41515	-0.112082	5.0468	0.45341	-11.4468	6.06073	196.566	6.58745	-0.64164	
242.959	13.4417	16.9149	7.85991	-4.41916	4.07455	10.6876	-22.1006	-14.0449	197.868	6.44037	-0.581349	
244.516	12.111	17.189	10.4485	-7.66735	-0.764823	13.0851	-8.74885	-28.6021	199.151	6.44647	1.25674	
246.534	10.826	16.1578	12.0176	-3.07973	-8.0067	-0.616722	43.1741	-24.4592	200.469	6.79666	2.82526	
248.509	10.9342	14.3889	10.5256	3.26037	-7.28566	-7.21009	11.633	14.9091	201.887	7.32419	1.45284	
250.147	11.7605	13.1764	8.91058	5.33754	-3.77041	-6.34356	2.28766	16.7883	203.37	7.44394	-0.283159	
251.516	12.765	12.6151	7.96703	5.28057	-1.22561	-3.26968	-3.04437	9.2478	204.847	7.30179	-1.14894	
252.728	13.7227	12.4442	7.36336	5.01476	0.207193	-2.35386	-4.37398	7.59207	206.286	7.08433	-1.27558	
253.842	14.5601	12.5169	6.88559	4.49589	1.34306	-3.59355	-1.24999	9.31465	207.676	6.80997	-1.22723	
254.846	15.2739	12.8938	6.43901	3.4255	3.29761	-1.4041	-8.26571	10.7354	209.016	6.59576	-0.942561	
255.825	15.6208	13.5817	6.64312	1.05087	4.4066	1.9552	-13.5405	3.90524	210.311	6.35089	-1.34491	
256.809	15.6471	14.4013	6.35838	0.599814	4.9733	-2.15293	-0.86578	4.7777	211.557	6.1246	-0.716557	
257.8	15.3568	15.3875	7.35241	-3.04998	5.39797	10.9347	-24.0974	-10.1162	212.773	6.06216	-0.227655	
259.165	14.1975	16.04	9.77393	-6.84881	1.63852	13.8077	-10.4878	-32.1507	213.984	6.0585	0.152254	
260.965	12.6588	15.6853	11.5789	-7.03917	-3.65429	8.4246	7.8589	-30.5336	215.205	6.20861	1.76349	
262.982	11.4912	14.3813	11.7655	-1.90102	-7.90757	-8.52474	40.7664	-4.52684	216.492	6.66012	1.8361	
264.797	11.5835	12.7426	10.1911	3.23954	-6.81166	-9.88	24.1673	13.7511	217.854	6.93628	0.991934	
266.28	12.4084	11.5986	8.74195	5.39302	-3.74526	-6.41111	5.85129	16.3936	219.252	7.0094	-0.0827098	
267.537	13.3826	11.0447	7.92963	5.13873	-1.15292	-2.7671	-3.27932	8.47896	220.644	6.86221	-1.28443	
268.667	14.2503	10.8675	7.31528	4.87588	0.320476	-3.38755	-0.337183	8.24073	221.988	6.58476	-1.27389	
269.682	15.0366	10.979	6.84706	4.24086	1.76534	-1.70738	-4.82254	7.01056	223.277	6.30586	-1.39218	
270.616	15.6774	11.3364	6.52741	3.59584	2.68671	-1.68135	-1.2986	2.71151	224.51	6.03171	-1.29044	
271.498	16.1007	11.9402	6.4476	1.82223	4.35065	1.13287	-12.5086	7.56274	225.692	5.7897	-1.11142	
272.43	16.0121	12.8134	7.14866	-1.53919	5.22005	6.32479	-21.0067	-0.681158	226.829	5.5883	-0.87685	
273.617	15.1094	13.5946	9.10375	-6.04777	3.01373	12.8867	-20.2808	-24.3333	227.932	5.47141	-0.141083	
275.268	13.5475	13.3889	11.5768	-7.00899	-4.61798	9.12787	18.2004	-48.2328	229.035	5.63041	2.3119	
277.131	12.7863	11.6823	10.6642	1.39798	-8.75249	-13.7481	38.865	16.2915	230.224	6.27485	2.56716	
278.567	13.4611	10.241	8.53861	5.71397	-4.49544	-7.4369	8.48102	22.5304	231.513	6.56429	0.753268	
279.716	14.4395	9.62091	7.77772	5.25563	-1.23006	-2.35984	-4.00027	9.90504	232.823	6.47493	-1.14286	
280.753	15.2839	9.44324	7.2492	4.84685	0.370922	-2.91967	-0.957376	8.28319	234.091	6.20867	-1.28754	
281.691	16.0274	9.56465	6.87965	4.11675	1.76819	-1.42069	-4.6036	6.35964	235.305	5.92295	-1.51209	
282.566	16.6016	9.93057	6.59691	3.31985	2.86558	-1.17543	-5.75184	7.68818	236.459	5.62194	-1.44735	
283.361	17.1133	10.4636	6.10649	3.85968	3.15561	-1.73069	5.71077	-5.35657	237.56	5.42047	-0.681424	
284.082	17.6802	11.0371	6.0296	3.05283	4.21412	1.94209	-13.4949	10.9382	238.633	5.31007	-0.513453	
284.862	17.8092	11.9082	6.73759	0.0802164	5.41699	5.99171	-19.3633	2.46069	239.683	5.18821	-0.736446	
285.865	17.2188	12.8165	8.38935	-4.13164	4.51025	10.6337	-21.6877	-13.1777	240.705	5.03179	-0.714265	
287.298	15.7845	13.1373	11.125	-7.79861	-0.96016	13.6037	-3.05466	-44.6195	241.707	5.05464	1.2979	
289.15	14.3796	11.905	11.7098	-2.35285	-8.82836	-10.604	50.4612	-14.0892	242.763	5.58837	3.41118	
290.675	14.5393	10.1728	9.13812	4.50892	-6.30145	-10.3833	18.8155	21.5672	243.928	6.00317	1.20939	
291.799	15.4182	9.23059	7.89004	5.4845	-2.33682	-4.07475	0.563584	14.3023	245.138	6.03062	-0.559777	
292.77	16.2454	8.87474	7.45287	4.72834	-0.422141	-2.01445	-2.98738	6.27971	246.323	5.78356	-1.57843	
293.672	16.9722	8.67868	7.07176	4.79954	-0.44729	-3.25843	4.31528	1.05282	247.447	5.4747	-1.25204	
294.471	17.7547	8.5577	6.53152	4.95451	0.757043	-2.10956	-2.68788	10.7356	248.519	5.25749	-0.974502	
295.172	18.459	8.86743	6.28186	3.94387	3.36357	0.490244	-9.22869	13.0727	249.557	5.12445	-0.589665	
295.912	18.761	9.56741	6.84762	1.37677	4.59921	3.31336	-13.5255	3.712	250.563	4.91428	-1.31758	
296.788	18.5064	10.4062	7.72088	-1.70313	4.87402	5.99754	-18.0687	-1.86521	251.518	4.63181	-1.40215	
297.903	17.5343	11.1432	9.46929	-5.99241	3.37936	14.4866	-26.314	-21.9978	252.421	4.4489	0.0166902	
299.456	15.8071	11.0773	11.8581	-8.00866	-3.45852	6.45566	8.73075	-36.1064	253.328	4.71686	2.82557	
301.2	14.2334	9.99022	11.6439	-5.60979	-5.71814	-2.5998	12.9853	-7.2946	254.318	5.1488	1.60338	
302.782	13.5274	8.4018	10.3024	0.313202	-7.65108	-6.70044	18.1923	5.8108	255.383	5.46514	0.897493	
304.03	13.8811	6.92605	8.69889	4.42263	-5.33349	-6.46975	9.60897	19.6259	256.496	5.62997	0.0884692	
305.024	14.6702	6.10467	7.83279	5.10787	-2.28923	-2.99687	0.0261228	11.3197	257.614	5.51837	-1.01804	
305.89	15.4739	5.76156	7.32171	4.95474	-0.452534	-2.30024	-1.1431	7.90442	258.695	5.27231	-1.35692	
306.666	16.2244	5.75183	6.84555	4.79232	1.23105	-2.75537	0.167432	11.0415	259.722	5.00832	-1.07371	
307.359	16.8979	6.15405	6.62619	3.91056	3.65648	0.773689	-9.28708	12.2984	260.705	4.83544	-0.68587	
308.08	17.222	6.95265	6.98551	1.90248	4.73163	1.05209	-7.2352	1.38712	261.657	4.66543	-1.11039	
308.905	17.059	7.86278	7.77361	-1.30283	5.20092	5.38247	-18.8837	-1.14304	262.565	4.4183	-1.23821	
309.952	16.1446	8.66472	9.32979	-5.63527	3.29697	10.1311	-21.9929	-21.792	263.427	4.22697	-0.467038	
311.359	14.5115	8.53987	11.1845	-7.40359	-4.37558	5.54176	14.1972	-52.4998	264.276	4.35621	2.40805	
312.889	13.3783	6.91877	10.3338	-0.559637	-9.55856	-13.0807	52.9564	0.294704	265.208	5.02593	3.78159	
314.033	13.7951	5.30858	8.34405	4.98028	-5.07226	-5.24979	7.30638	23.222	266.267	5.42891	0.344407	
314.937	14.6353	4.59434	7.70762	5.20079	-1.77881	-2.11817	-1.71706	11.0727	267.347	5.32931	-1.07865	
315.747	15.4363	4.36472	7.23182	5.11825	0.0987253	-2.4503	0.176299	9.91844	268.389	5.08785	-1.11348	
316.471	16.2017	4.53057	6.91588	4.65707	2.22949	-0.626545	-4.96967	11.1883	269.385	4.88268	-0.94319	
317.169	16.7784	5.08144	6.90491	3.57324	3.54299	0.256008	-5.1226	1.29954	270.342	4.68518	-1.13276	
317.9	17.0316	5.87006	7.27378	1.25729	5.04365	2.74627	-14.3721	8.06944	271.257	4.45544	-1.0934	
318.709	16.8154	6.90534	7.61328	-0.793069	6.11957	0.469638	-5.15113	3.46463	272.128	4.29626	-0.268121	
319.68	16.0206	7.91224	9.04507	-4.84276	4.65317	6.48612	-15.9701	-13.357	272.979	4.22014	-0.196111	
321.006	14.4052	8.21078	11.1423	-8.34894	-1.6507	9.3534	-3.41808	-49.7249	273.832	4.36219	1.68571	
322.536	13.0479	6.87905	10.5977	-1.66696	-8.87761	-11.1094	47.4426	-6.33974	274.759	4.92944	2.85516	
323.739	13.2107	5.18187	8.77575	4.21454	-6.09898	-6.63596	12.7659	24.5299	275.793	5.3352	0.606475	
324.676	13.9715	4.28919	7.96429	5.04142	-2.55675	-2.65299	-0.105363	11.9867	276.858	5.2609	-1.02213	
325.505	14.7515	3.87252	7.47101	5.09904	-1.0184	-3.29261	3.10331	9.23928	277.886	5.01706	-1.14124	
326.237	15.5464	3.80202	7.02462	5.04702	0.902995	-2.25992	-0.0337856	11.0588	278.867	4.78742	-1.02284	
326.909	16.2779	3.99985	6.80026	4.55422	2.04656	-0.75354	-4.41951	9.67123	279.801	4.55874	-1.14207	
327.553	16.8352	4.59276	6.88195	3.08215	4.31002	2.26607	-12.1642	8.12872	280.696	4.38843	-0.942904	
328.244	17.0383	5.47603	7.24956	1.01386	5.47696	4.48038	-17.4276	4.47992	281.555	4.20922	-0.876016	
329.1	16.5811	6.52198	8.55734	-3.39707	5.58841	9.68406	-27.6779	-7.66882	282.38	4.06458	-0.291643	
330.296	15.174	7.21101	10.6996	-7.98655	0.807122	9.99546	-10.7248	-45.0548	283.2	4.18093	1.40177	
331.845	13.1718	6.66596	11.8678	-8.42615	-6.37464	0.102315	31.3632	-55.1862	284.07	4.60798	3.94374	
333.379	12.0141	4.67308	10.3021	0.841492	-10.4728	-13.784	55.0785	22.8371	285.067	5.45985	4.42044	
334.491	12.6345	3.09755	8.7857	5.35729	-4.40574	-2.00385	-2.37428	28.2184	286.212	5.85654	0.100302	
335.475	13.3826	2.53115	8.56473	4.12486	-1.63438	-1.61053	-4.47828	4.48395	287.364	5.59073	-2.15805	
336.396	13.9721	2.22484	8.03121	4.07379	-1.13935	-3.34281	2.49523	2.14178	288.438	5.15218	-2.11877	
337.192	14.6566	2.03283	7.30097	4.93849	-0.188922	-3.25311	3.84712	8.54542	289.43	4.80256	-1.30656	
337.881	15.4209	2.13124	6.89076	5.01694	1.32354	-1.4493	-0.236608	2.84506	290.365	4.56043	-1.01551	
338.522	16.1104	2.60051	6.875	3.976	3.68286	1.48601	-9.72235	10.3261	291.259	4.38893	-0.853422	
339.219	16.4218	3.47172	7.37481	1.43534	5.33576	3.61168	-15.8736	5.76988	292.119	4.20343	-0.979979	
340.031	16.1873	4.56979	8.16975	-1.81687	6.15294	8.14821	-27.0388	0.474736	292.943	4.06406	-0.279709	
341.116	15.0628	5.48835	9.8533	-6.5668	3.16252	6.05328	-14.5299	-21.5082	293.753	4.05836	0.364436	
342.483	13.3565	5.22337	10.8863	-6.8692	-5.61406	-1.59242	26.7615	-47.9297	294.581	4.30947	2.71066	
343.76	12.6415	3.47551	9.07562	2.161	-8.76561	-10.7826	41.0491	18.397	295.507	4.95873	2.89786	
344.675	13.3206	2.20438	7.92293	5.41336	-3.68654	-2.24893	1.32886	20.2267	296.531	5.18588	-0.183038	
345.467	14.2044	1.75578	7.52919	5.50562	-0.748055	-1.4432	-1.30144	12.0438	297.558	5.0596	-0.876125	
346.207	15.0196	1.79088	7.34336	4.84974	1.22521	-1.14176	-2.78048	8.86492	298.549	4.83456	-1.28316	
346.921	15.6752	2.18434	7.24272	3.90683	2.92384	0.378079	-7.55434	6.31314	299.49	4.57581	-1.43909	
347.605	16.1907	2.74156	6.97269	3.59622	3.45482	0.266935	-7.03995	9.08062	300.377	4.30309	-1.24653	
348.288	16.4748	3.58666	7.27414	1.48397	5.65519	4.03245	-17.1719	11.7843	301.215	4.10346	-0.539212	
349.136	16.0745	4.77995	8.6001	-3.01672	6.36984	6.69848	-20.3766	-4.02766	302.03	4.07601	0.352942	
350.257	14.8378	5.70747	9.68527	-6.18109	4.36083	2.216	-7.61326	-3.52525	302.849	4.14016	0.829633	
351.502	13.2487	6.27307	10.2334	-7.42198	2.02075	3.54245	-7.68697	-14.3702	303.696	4.32685	1.13538	
352.813	11.553	6.35455	10.4276	-7.42141	-0.528642	0.472259	2.79609	-15.8304	304.58	4.50746	0.690525	
354.176	10.0328	5.55949	10.4988	-4.77694	-6.32608	-4.93384	34.0456	-22.8302	305.506	4.77174	1.24493	
355.413	9.57594	3.93344	9.34107	1.95897	-7.86381	-7.37092	33.5729	11.7877	306.494	5.11506	1.66081	
356.406	10.2065	2.70154	8.32099	5.06442	-4.04	-3.32409	5.69062	16.7785	307.532	5.20336	-0.299098	
357.258	11.1523	2.15481	7.75274	5.89217	-1.12587	-2.04808	0.973275	14.2674	308.564	5.11491	-0.484835	
358.043	12.0758	2.12605	7.49814	5.23936	1.03768	-1.70676	-1.30168	10.6756	309.569	4.92122	-1.01174	
358.792	12.8339	2.46421	7.32579	4.23131	2.64956	-0.800715	-5.37479	7.87514	310.528	4.66704	-1.34096	
359.52	13.3585	3.14614	7.30123	2.71711	4.47093	0.848818	-10.9939	8.07957	311.438	4.43432	-1.14287	
360.266	13.5276	4.10221	7.28282	1.41306	5.42859	-1.48517	-0.397179	2.57339	312.304	4.23627	-0.766643	
360.966	13.6422	5.18898	6.94395	1.62632	6.41892	-0.750491	-0.790746	6.68119	313.142	4.18616	0.48482	
361.594	13.8207	6.57173	6.63443	2.08459	8.07202	1.7946	-3.99205	4.08055	313.993	4.39877	2.2739	
362.313	13.7832	7.96562	7.40236	0.826219	6.3959	0.330658	4.81481	-14.1874	314.914	4.71873	0.0668383	
363.056	13.8664	8.90778	7.14629	2.13726	4.3072	-1.73705	5.0291	-7.89153	315.849	4.58194	-1.3248	
363.715	14.2438	9.53401	6.5174	4.087	3.11898	-2.97904	11.221	-7.02351	316.743	4.37816	-0.620356	
364.266	15.0329	9.87975	6.12506	5.88832	1.84301	-0.75753	7.47363	-7.08074	317.613	4.36528	0.602841	
364.776	16.0012	10.1344	6.06841	5.41365	3.14784	1.24863	-14.5952	18.0822	318.502	4.5155	0.571121	
365.346	16.4922	10.8613	6.72715	2.1832	5.02535	2.80354	-10.2991	-0.0330101	319.41	4.52732	-0.538002	
365.984	16.6923	11.5943	6.56334	2.71896	3.95635	-2.30647	7.58247	-6.64019	320.3	4.35758	-0.965628	
366.573	17.0523	12.077	6.25436	3.2364	3.32081	-2.54868	-0.932889	6.63434	321.147	4.12204	-0.939439	
367.118	17.2883	12.7086	6.25771	1.55613	4.89805	-0.0571419	-7.52994	7.62614	321.955	3.96167	-0.535845	
367.719	17.096	13.5815	6.89752	-1.13943	5.69189	4.90439	-13.6621	-2.0741	322.737	3.87172	-0.410686	
368.561	16.2119	14.3924	8.86197	-5.61346	4.0438	14.8287	-25.7033	-20.4355	323.503	3.80918	0.211314	
369.926	14.5395	14.3282	11.5365	-7.1439	-3.12346	6.92539	15.6499	-40.6896	324.279	3.98326	1.26545	
371.545	13.3758	12.8521	11.4049	-1.16972	-8.77555	-9.66271	46.498	-10.9316	325.11	4.3896	2.95974	
372.833	13.6928	11.0944	8.92857	5.16902	-5.74865	-9.50185	10.8927	25.7776	326.039	4.83923	1.05522	
373.738	14.5878	10.2065	7.71584	5.74502	-1.87134	-4.46433	0.726602	14.6854	327.014	4.85735	-0.385159	
374.493	15.4377	9.87571	7.4171	5.0525	-0.739603	0.30991	-2.20484	-5.89896	327.971	4.68464	-1.22377	
375.179	16.2188	9.70587	6.76712	5.10852	0.981325	-2.73232	-2.60631	12.0241	328.888	4.4937	-0.780786	
375.782	16.9364	9.80598	6.59065	4.62732	1.48641	-1.01351	-2.06805	2.02918	329.77	4.31234	-1.06934	
376.335	17.562	10.0626	6.21292	4.0904	3.208	-0.533202	-8.50652	13.9831	330.614	4.15187	-0.500567	
376.893	17.8458	10.7034	6.66705	1.48857	4.65522	3.11367	-14.3405	4.61606	331.428	3.97063	-1.13322	
377.582	17.5391	11.5289	7.58522	-1.95645	5.1593	7.12291	-20.3849	-3.43325	332.199	3.7475	-1.02241	
378.555	16.4387	12.1872	9.63459	-6.49416	2.61291	14.7106	-24.4466	-26.594	332.931	3.61193	0.189048	
379.989	14.7248	11.7467	11.8123	-6.66638	-5.84457	3.45698	28.3812	-47.4515	333.668	3.8621	2.89942	
381.467	14.022	9.91065	9.98366	1.95371	-8.41531	-13.2334	34.8024	15.3252	334.505	4.4591	2.15019	
382.476	14.641	8.49206	8.05287	5.54566	-4.15339	-5.88675	4.90392	20.6926	335.427	4.69145	0.26473	
383.215	15.5911	7.90843	7.1853	5.93147	-0.479544	-2.01163	-4.30485	15.5883	336.37	4.71606	-0.297802	
383.883	16.3555	7.8851	7.11374	4.53088	1.00032	-0.68424	-3.12371	-0.272302	337.295	4.49734	-1.49504	
384.512	16.9247	8.1092	6.82021	3.69726	2.44934	-0.794655	-5.77339	6.23367	338.166	4.21171	-1.53579	
385.1	17.2989	8.5927	6.65793	2.61061	3.74565	0.202238	-8.71424	7.59157	338.98	3.93341	-1.37056	
385.691	17.3661	9.34971	6.87867	0.503841	5.21792	3.90837	-16.9583	5.47382	339.743	3.71073	-0.959515	
386.44	16.769	10.2898	8.31967	-3.96499	5.11293	10.5494	-25.0026	-12.2032	340.471	3.58762	-0.338889	
387.589	15.2339	10.7563	10.5716	-7.99906	0.761164	8.11488	-5.11963	-29.8931	341.193	3.70651	1.39823	
389.046	13.4222	10.2073	11.4646	-6.41058	-5.36497	-1.27611	31.1846	-36.1879	341.972	4.09687	1.98259	
390.438	12.6667	8.55374	9.97096	1.03992	-8.10555	-10.5092	33.8935	7.42375	342.829	4.45999	1.53713	
391.455	13.1719	7.10228	8.22471	5.27002	-4.73055	-6.12335	9.1066	20.1416	343.745	4.65972	0.404058	
392.226	14.0999	6.38369	7.48813	5.78676	-1.63183	-2.50279	-2.07781	14.7474	344.68	4.66562	-0.492007	
392.89	15.009	6.24634	7.03089	5.41768	1.20669	-0.97675	-5.58677	12.6762	345.605	4.57625	-0.609697	
393.52	15.6935	6.57994	6.96843	4.1145	2.82527	-0.932174	-2.64785	2.82401	346.503	4.39022	-1.04949	
394.136	16.1659	7.11356	6.77512	3.54194	3.40893	-1.48541	-1.80444	4.54971	347.358	4.15968	-1.0723	
394.703	16.5791	7.76521	6.67432	2.52247	4.8902	2.34983	-14.596	11.701	348.173	4.00654	-0.499072	
395.365	16.4571	8.71641	7.64359	-1.20205	5.56124	6.38332	-20.6465	-3.15402	348.961	3.86347	-0.878371	
396.269	15.556	9.54822	8.90705	-4.93623	4.0395	6.31354	-16.6004	-11.5963	349.717	3.7048	-0.504859	
397.408	14.0483	9.92179	10.4698	-7.9097	-0.0558931	12.5624	-11.8787	-44.8543	350.456	3.74385	1.39542	
398.856	12.4908	8.82669	10.9506	-3.39823	-8.19795	-8.18113	44.6476	-16.9187	351.25	4.23415	2.60032	
400.061	12.4464	7.03567	8.92179	4.0893	-6.8861	-8.83158	20.8232	23.289	352.146	4.69174	1.384	
400.928	13.2859	6.0013	7.80152	5.7281	-2.65836	-3.20685	0.15227	16.7163	353.099	4.78263	-0.30257	
401.646	14.2336	5.67156	7.29289	5.74684	-0.143377	-0.998839	-1.91434	4.34446	354.05	4.7113	-0.50675	
402.316	15.0501	5.6935	7.05619	4.93499	1.56854	-1.46106	-3.80932	10.7608	354.974	4.5238	-0.958573	
402.952	15.6566	6.08137	6.99067	3.55024	3.16263	0.0754982	-8.00868	6.47972	355.856	4.28247	-1.37876	
403.595	15.9387	6.73892	7.06809	1.72742	4.44246	1.0635	-11.2002	6.36464	356.684	3.99591	-1.41333	
404.297	15.7486	7.62278	7.63044	-1.38935	5.37397	5.20771	-20.8915	0.85906	357.456	3.74593	-1.00371	
405.202	14.7687	8.52055	9.36898	-6.60244	3.86577	13.7808	-29.4258	-28.0617	358.196	3.71334	0.933567	
406.57	12.9053	8.28271	11.4897	-7.59096	-5.70068	0.401044	35.1252	-49.8009	358.976	4.18263	3.76775	
407.959	12.1394	6.48668	9.79675	1.91829	-8.57935	-11.199	37.8719	17.6743	359.888	4.88875	2.4881	
408.96	12.799	5.14156	8.33791	5.38405	-3.84613	-3.29098	0.0376505	20.8729	360.899	5.13086	-0.170431	
409.799	13.624	4.59692	7.86833	4.95437	-1.24855	-2.10103	-2.21489	7.90863	361.91	4.93973	-1.43771	
410.551	14.3883	4.42612	7.32475	5.04194	0.329951	-2.62804	0.423615	9.313	362.87	4.66639	-1.18904	
411.223	15.0972	4.57597	7.0216	4.40319	1.87694	-1.39204	-3.55861	7.94603	363.776	4.39314	-1.37501	
411.851	15.6417	5.04485	6.8499	3.36327	3.62045	-0.0447544	-7.63343	9.36156	364.628	4.13451	-1.18509	
412.489	15.8576	5.86541	7.13966	1.01477	5.36341	3.30236	-16.5494	6.80017	365.433	3.9251	-0.898416	
413.269	15.4072	6.89923	8.3043	-3.34127	5.47175	8.47337	-26.0282	-8.90867	366.202	3.788	-0.398935	
414.387	13.9756	7.4902	10.339	-7.83511	0.277835	8.28173	-7.45679	-43.0419	366.964	3.87001	1.06673	
415.811	12.2511	6.61758	11.018	-5.1916	-7.9147	-6.1779	47.7229	-33.2814	367.786	4.42818	3.72961	
417.155	11.4223	4.92325	10.4016	-2.64178	-7.43625	-0.856968	-1.45848	7.44166	368.724	4.88199	1.20952	
418.396	10.9338	3.37462	9.53921	0.699905	-7.48843	-7.74157	30.3107	4.91189	369.721	5.07589	0.759273	
419.393	11.3845	2.07307	8.3466	4.70683	-4.6026	-3.49695	6.70784	18.4449	370.749	5.17027	-0.234434	
420.238	12.2075	1.43073	7.8324	5.18395	-1.82668	-2.09739	0.1981	10.4221	371.771	5.01647	-1.12437	
421.001	13.0592	1.22844	7.38535	5.43775	-0.270041	-2.1617	2.30323	2.66272	372.751	4.79103	-0.930599	
421.671	14.0523	0.973609	6.9305	6.48954	-2.5051	-0.632431	2.12763	-17.1199	373.695	4.70692	0.390469	
422.315	14.7895	-0.00137736	7.9896	3.24408	-8.01121	6.1431	-19.8839	-18.804	374.551	4.88073	1.26013	
33.5634	-0.229069	37.3455	-9.38912	-13.1097	11.8759	117.286	-196.753	-96.0202	0.32469	3.99336	25.2285	
34.8242	-3.65003	37.1121	17.7841	-9.06442	-10.1424	48.565	142.894	-27.0884	1.51182	7.40607	11.4701	
38.3066	-3.472	35.4084	15.0962	5.7318	-5.50179	-22.8985	8.54217	24.0321	3.17245	8.90823	3.34212	
40.8309	-2.24782	34.7767	11.0662	5.89093	-1.66301	-13.1943	-4.64494	11.1179	4.97562	9.0066	-0.959298	
42.8263	-1.13276	34.6023	9.14871	5.23277	-0.188435	-7.14861	-4.82371	4.64552	6.75112	8.7264	-1.77632	
44.5323	-0.138358	34.6236	8.00261	4.65488	0.468636	-6.30034	-3.18429	3.87429	8.46052	8.35729	-1.95895	
45.9721	0.739878	34.8177	6.34952	4.01827	1.71253	-9.71602	-6.62678	8.13236	10.0956	8.01647	-1.35367	
47.0925	1.36693	35.2638	5.07269	1.89432	2.71006	-4.89491	-16.0228	3.77139	11.6736	7.76428	-1.25057	
48.0373	1.42338	35.8391	4.58275	-1.75078	3.03102	0.467214	-26.7853	-0.602715	13.2029	7.54721	-0.653067	
49.1219	0.536631	36.2645	7.07838	-7.05373	0.601367	25.2287	-20.4565	-24.4083	14.7042	7.51704	0.646737	
51.0601	-1.0034	35.8633	12.2529	-7.10585	-4.4349	21.4913	12.8496	-20.8981	16.2324	7.80714	2.18763	
53.8094	-2.05494	34.6745	15.3475	-1.53071	-7.31224	4.46119	49.431	-1.78245	17.8412	8.3055	2.85501	
56.7375	-1.52264	33.3938	13.2416	5.68003	-4.65024	-18.6371	17.822	20.892	19.5529	8.75624	1.39211	
59.0298	-0.198019	32.8309	9.99541	7.10228	-1.18955	-14.1778	0.619886	14.6118	21.3186	8.8478	-0.0473367	
60.7658	1.06081	32.8456	7.72452	5.37305	1.08998	-8.04098	-9.66094	7.40141	23.0829	8.75127	-1.03743	
62.2016	1.91917	33.129	6.80248	3.39133	1.70755	-3.8706	-7.8343	2.03024	24.8021	8.41336	-2.02346	
63.4766	2.46238	33.5019	5.94654	2.11042	2.20205	-6.75986	-8.5453	5.62662	26.443	8.00126	-1.88129	
64.5587	2.66695	34.0129	5.1344	-0.253449	2.82576	-1.8028	-17.6768	1.30219	28.0085	7.66474	-1.49772	
65.5595	2.31567	34.575	5.05306	-3.09623	2.78499	2.81985	-17.3442	-3.13858	29.5162	7.44111	-0.680189	
66.8246	1.21947	34.8561	8.35525	-7.36017	-0.62322	26.2368	-10.1323	-27.6594	30.9973	7.41117	0.523177	
69.0403	-0.201523	34.1378	13.5361	-5.21459	-6.15048	20.1346	37.1888	-21.8753	32.5056	7.73323	2.20317	
71.9528	-0.363612	32.6751	14.3462	3.59201	-6.88831	-16.0672	34.1604	18.8118	34.1053	8.28644	2.43014	
74.4747	0.914059	31.6898	10.7809	8.15501	-2.66823	-20.2977	7.21711	24.194	35.8095	8.71239	1.72125	
76.2559	2.40636	31.592	7.58813	6.18352	1.21459	-9.37675	-16.0379	11.2473	37.5765	8.88963	-0.127796	
77.7514	3.4692	31.8195	7.47732	4.57575	1.06396	-1.05469	-5.80819	-0.826053	39.3399	8.69356	-1.66431	
79.1624	4.28099	32.0709	6.61458	3.44683	1.68679	-4.19127	-7.53689	3.22191	41.0434	8.33835	-1.88272	
80.3844	4.83321	32.473	5.74599	2.03438	2.38914	-4.20738	-10.4742	3.97519	42.6742	7.97578	-1.76183	
81.4351	5.01495	33.0334	4.98236	-0.627195	3.25376	-2.27436	-21.4837	4.17294	44.2391	7.69082	-1.01594	
82.4977	4.39683	33.6338	6.43909	-5.48541	2.0798	16.8456	-21.1404	-16.927	45.7636	7.57981	-0.253578	
84.2293	2.98192	33.5622	11.3945	-7.34031	-3.28225	26.3578	16.2022	-31.2827	47.2858	7.70702	1.34376	
86.9174	1.99158	32.3821	14.3848	-2.85122	-7.01385	-0.93915	12.1204	0.101824	48.8691	8.15519	2.31354	
89.7755	2.03396	30.9398	13.6704	3.68065	-6.52857	-13.3544	31.2347	14.5861	50.5481	8.60519	1.85756	
92.1818	3.20005	29.9864	10.4762	6.99358	-2.74863	-16.4236	0.887122	20.8579	52.299	8.86414	0.793535	
93.9977	4.50045	29.7655	8.20895	5.59621	0.142755	-6.36034	-9.7092	7.43509	54.0761	8.83487	-1.14247	
95.515	5.46526	29.8984	7.11406	4.26901	1.26003	-5.50999	-5.21886	5.42151	55.8141	8.53275	-1.63007	
96.8149	6.18692	30.2507	6.07576	2.84379	2.36422	-5.49154	-8.73171	6.39377	57.4889	8.21463	-1.53011	
97.9556	6.53068	30.7795	5.55315	0.493368	3.00818	-1.49426	-14.2126	2.41227	59.0984	7.88067	-1.64457	
99.0463	6.2708	31.4021	5.89853	-3.28201	2.94201	7.2928	-21.8196	-6.51587	60.6468	7.61699	-1.07679	
100.462	5.161	31.723	9.02635	-7.1798	-0.42139	23.3437	-8.16523	-28.1574	62.1593	7.54549	0.271636	
102.74	3.82002	30.993	13.6883	-5.18856	-6.50987	15.2105	23.1054	-21.3413	63.6881	7.84376	3.14434	
105.615	3.57354	29.3935	14.5211	3.48857	-8.45203	-9.06777	46.286	7.30051	65.3228	8.49409	3.31183	
108.079	4.87351	28.2247	10.2114	7.36855	-2.58622	-17.4899	-7.09326	26.3641	67.095	9.13034	1.28931	
109.878	6.09971	28.0182	8.38148	5.24084	0.0616012	-5.4146	-7.13097	6.51461	68.9173	9.01898	-1.3833	
111.453	7.00145	28.0868	7.61649	4.10276	0.74542	-4.1414	-2.83023	3.17321	70.6847	8.64055	-2.03324	
112.881	7.77068	28.259	6.85096	3.66381	1.27533	-5.9515	-1.84566	5.86655	72.3722	8.23814	-1.85487	
114.106	8.41206	28.6278	5.68422	2.54176	2.69921	-6.18753	-9.68665	9.25336	73.9862	7.92084	-1.24284	
115.15	8.6368	29.2719	5.28852	-0.540259	3.74818	1.96775	-19.6434	1.21413	75.5466	7.69521	-1.01997	
116.25	8.11228	29.9866	6.48612	-4.91256	3.10656	13.7116	-27.2332	-11.6804	77.0715	7.57409	-0.104929	
117.89	6.79879	30.15	10.5267	-7.27127	-1.79952	22.907	4.10195	-31.9929	78.5855	7.59467	0.619361	
120.418	5.69947	29.0773	14.3121	-1.80259	-7.90613	2.73629	49.8832	-12.5174	80.1407	8.04264	3.27263	
123.062	6.22273	27.5659	11.8211	5.90225	-5.64124	-19.1188	18.4417	24.9071	81.812	8.62388	2.07537	
125.063	7.45131	26.856	9.06846	5.94935	-1.72622	-8.54033	-4.7875	12.1088	83.5514	8.68728	-0.717565	
126.67	8.57798	26.696	7.62874	5.15035	0.25485	-4.67291	-7.41637	6.71503	85.2733	8.5095	-1.30712	
128.047	9.48554	26.8467	6.61118	4.07928	1.60792	-5.16867	-6.06678	7.34871	86.9472	8.23046	-1.34717	
129.226	10.1327	27.2776	5.74917	2.32387	3.04289	-3.25803	-12.0951	7.04907	88.5665	7.9692	-1.19714	
130.308	10.3699	27.8995	5.66709	-0.17336	3.60758	1.94657	-16.3295	0.835227	90.133	7.69622	-1.39501	
131.463	9.96506	28.5511	6.70102	-3.85395	3.002	9.54381	-20.0276	-8.61359	91.6446	7.42758	-1.16854	
133.028	8.78462	28.8099	9.97642	-7.11611	-0.810179	21.5605	-3.86301	-30.2086	93.117	7.33553	0.209106	
135.408	7.54552	27.9101	13.6629	-3.20234	-7.14908	4.16444	41.745	-17.4079	94.6115	7.66842	2.21065	
138.012	7.60236	26.3369	12.3006	3.93335	-6.91114	-15.9444	26.3044	17.632	96.1938	8.13622	1.73241	
140.086	8.72034	25.2974	9.34961	6.38063	-2.95021	-11.5551	-0.913107	18.14	97.8477	8.35115	0.177721	
141.693	9.90533	24.9518	7.73456	5.49849	-0.339345	-5.59113	-5.83503	9.02796	99.5118	8.25001	-1.02381	
143.113	10.9851	24.8596	7.10445	5.40028	0.300697	-6.71109	-3.8564	10.7735	101.145	8.08805	-0.792784	
144.32	11.9363	25.0814	5.97285	4.03636	2.40692	-3.49036	-11.4674	9.30193	102.747	7.93244	-0.759108	
145.379	12.46	25.6626	5.67405	1.62212	3.66887	-0.131071	-8.02633	2.06595	104.317	7.75757	-0.995576	
146.457	12.4298	26.3848	6.1586	-1.43583	3.92673	2.1122	-11.6489	-0.0856969	105.846	7.52109	-1.23448	
147.743	11.7482	26.9867	7.96816	-4.94623	2.27678	12.789	-15.6374	-15.0435	107.324	7.26203	-1.23481	
149.546	10.4977	26.9516	11.403	-6.70961	-2.59989	21.7617	3.11093	-35.4735	108.758	7.13991	0.601516	
152.025	9.47325	25.7449	13.6467	-2.20091	-7.72345	-2.78886	28.6023	-5.41098	110.219	7.54439	2.5447	
154.446	9.84189	24.1476	11.1864	4.93404	-6.04494	-16.1594	15.7084	21.7327	111.783	8.02671	1.21363	
156.347	10.9696	23.1552	9.11998	6.26401	-2.96841	-10.9063	1.17551	18.4391	113.41	8.20631	0.255866	
157.874	12.1131	22.7817	7.85098	5.46161	-0.632385	-1.87312	-3.41198	2.51434	115.046	8.10629	-0.986487	
159.206	13.0706	22.752	6.94958	4.49096	0.996279	-3.76151	-5.47479	7.05596	116.644	7.86636	-1.35387	
160.4	13.7871	22.9739	6.48791	3.15719	1.93887	-1.90305	-6.52945	3.74234	118.186	7.53671	-1.83121	
161.502	14.2385	23.3693	6.02475	1.77979	2.91329	-1.42607	-9.05192	4.77498	119.656	7.17542	-1.73698	
162.524	14.3614	23.9652	5.76885	-0.377406	4.10619	0.952495	-18.2159	7.19038	121.059	6.87629	-1.04413	
163.633	13.815	24.7056	7.31629	-4.60121	3.5631	13.3243	-21.1474	-12.3599	122.417	6.71294	-0.641012	
165.233	12.4977	24.9688	10.6849	-7.4629	-0.797773	20.2025	0.633239	-35.0748	123.754	6.7083	0.685255	
167.555	11.2506	23.954	13.2918	-2.73228	-7.42718	-2.49583	41.8951	-15.132	125.13	7.08781	2.12281	
169.854	11.4271	22.3082	11.4721	4.077	-7.21644	-8.96361	16.5239	10.1173	126.588	7.50824	2.22408	
171.645	12.4779	21.202	8.77276	6.01076	-2.94821	-8.769	-2.28317	17.4504	128.116	7.69511	-0.12443	
173.058	13.5367	20.7818	7.6122	5.13787	-0.565994	-3.96597	-4.77348	7.88068	129.642	7.53522	-1.28086	
174.288	14.4687	20.6827	6.76474	4.72299	0.8807	-4.28379	-4.42703	9.17695	131.127	7.31141	-1.0953	
175.35	15.2167	20.9274	6.13337	3.37609	2.59169	-2.12444	-8.94956	8.17567	132.566	7.08199	-1.15722	
176.353	15.6516	21.3852	6.12968	1.6222	3.23154	0.14184	-10.2287	3.73385	133.954	6.77969	-1.68639	
177.364	15.6637	21.9814	6.36031	-0.798838	3.84525	2.81605	-14.8383	1.81656	135.275	6.43852	-1.6517	
178.505	15.0715	22.6105	7.67391	-4.47516	3.2928	11.5368	-20.9314	-10.275	136.533	6.15677	-1.03191	
180.066	13.7317	22.837	10.6019	-7.58997	-0.492996	14.3319	-4.35963	-25.0024	137.756	6.13858	0.850765	
182.282	12.4016	21.7913	13.3982	-2.99699	-8.25949	-1.57865	50.6495	-23.0352	139.019	6.60255	3.68917	
184.501	12.5179	19.9877	10.8905	4.4539	-6.82827	-16.7865	18.1977	26.0002	140.411	7.23769	1.61297	
186.166	13.4607	18.8923	8.89082	5.36348	-3.19288	-7.28626	-0.175311	14.1346	141.872	7.2974	-0.629593	
187.527	14.4259	18.3599	7.72479	5.2693	-1.05415	-5.08995	-0.779372	9.2929	143.313	7.10412	-1.0815	
188.662	15.4026	18.196	6.80799	5.27442	0.50313	-1.28399	-3.12302	3.27342	144.712	6.90643	-0.721109	
189.653	16.2265	18.3758	6.26266	3.87034	2.49032	-0.991751	-9.9674	8.4964	146.075	6.7249	-0.978608	
190.593	16.6676	18.8743	6.36728	1.64076	3.59468	2.27239	-11.887	1.43703	147.397	6.47307	-1.61645	
191.596	16.643	19.4717	6.81748	-0.684604	3.74441	2.7349	-12.5931	0.169727	148.655	6.10229	-1.96806	
192.723	16.092	20.0499	7.83162	-3.82473	3.26316	8.70448	-19.0775	-7.46995	149.837	5.73596	-1.53798	
194.215	14.8124	20.254	10.6264	-7.66654	-0.320854	16.4573	-12.9741	-26.3417	150.965	5.62694	1.12236	
196.287	13.3575	19.275	13.0218	-4.00323	-7.971	0.181295	47.8646	-30.4789	152.124	6.06923	3.67961	
198.316	13.3944	17.4219	10.5663	4.79052	-7.76284	-15.7478	31.8435	18.3197	153.402	6.67641	2.55765	
199.856	14.3952	16.1553	8.63218	6.02443	-3.32435	-7.66458	-1.21698	20.9077	154.779	6.99651	0.188884	
201.092	15.3759	15.671	7.75994	5.03495	-0.619105	-2.93294	-4.47877	8.09348	156.169	6.85111	-1.31716	
202.212	16.1444	15.5203	7.43405	4.13235	0.0961459	-0.918356	-1.56448	-1.9643	157.507	6.50562	-1.98475	
203.259	16.8119	15.4271	6.83612	4.1126	0.643675	-4.75472	1.64839	6.85687	158.769	6.12126	-1.63914	
204.163	17.4904	15.5041	6.09641	4.27752	1.73355	-3.72521	2.18752	5.51226	159.963	5.84434	-0.86303	
204.964	18.2427	15.6331	5.93857	4.89395	0.985636	-0.642652	3.16676	-3.72156	161.114	5.68593	-0.587305	
205.713	19.1401	15.6368	5.6554	5.33622	1.18569	-0.157434	-4.82948	6.1485	162.248	5.67007	-0.0417592	
206.391	19.8125	16.056	5.66721	2.87327	4.23599	4.10012	-17.3929	9.97225	163.383	5.66907	-0.25672	
207.2	19.8912	16.7639	6.68416	0.0133667	4.50006	4.66773	-15.0745	2.38342	164.499	5.45601	-1.38442	
208.213	19.3988	17.4447	7.80491	-2.77915	4.01535	4.7078	-10.9779	-4.14845	165.558	5.12684	-1.65568	
209.502	18.3214	17.8878	9.84916	-6.08237	1.67263	14.2972	-14.2725	-23.9789	166.553	4.8617	-0.763528	
211.258	16.7976	17.4749	12.2617	-6.09557	-4.76176	6.67943	21.2549	-38.7261	167.523	4.90378	1.32056	
213.244	15.8321	15.8588	12.2443	-2.47323	-8.12468	-2.95176	11.6158	-2.04656	168.543	5.3357	2.43792	
214.963	15.8613	14.0232	9.69156	4.2644	-6.89638	-13.9732	17.8598	25.5543	169.665	5.84275	1.40246	
216.166	16.6932	12.9373	7.97272	5.34548	-2.78944	-4.81218	-1.39804	14.5571	170.845	5.88466	-0.665219	
217.148	17.5105	12.4603	7.29346	4.8235	-0.715087	-2.649	-2.8091	7.46974	172.002	5.66113	-1.42687	
218.022	18.2193	12.2654	6.82272	4.44676	0.302711	-2.76223	-1.79802	6.66746	173.104	5.35829	-1.53348	
218.769	18.8731	12.3715	6.16033	4.09264	2.38452	-1.72502	-5.91168	11.9788	174.151	5.13372	-0.86834	
219.457	19.3066	12.8447	6.29864	2.38383	3.74138	1.86658	-11.1884	5.78827	175.159	4.92575	-1.29089	
220.203	19.3345	13.5138	6.60187	0.553834	4.42478	0.841088	-6.99938	2.24855	176.116	4.64541	-1.42725	
221.009	19.0026	14.275	7.26463	-1.98549	4.86904	7.22303	-19.6982	-0.707645	177.018	4.38113	-1.15396	
222.056	18.0037	14.9743	9.04382	-5.77125	3.48791	10.0663	-16.8768	-12.9519	177.876	4.23142	-0.189875	
223.603	16.3051	14.8793	12.0235	-7.72064	-3.37388	12.6207	12.4651	-50.9373	178.735	4.43326	2.40115	
225.414	15.225	13.2905	11.2041	-0.14244	-8.62011	-13.8557	40.8557	2.13046	179.677	4.96985	2.24561	
226.755	15.6443	11.6425	8.62761	5.12467	-5.28895	-9.11801	9.18499	22.3867	180.713	5.3137	0.614165	
227.715	16.517	10.8178	7.49694	5.43544	-1.76419	-3.30541	-2.61891	12.7643	181.777	5.27895	-0.789128	
228.518	17.3254	10.541	6.90387	4.98403	0.376558	-2.85195	-2.05258	10.1625	182.814	5.08329	-1.0433	
229.234	17.98	10.6326	6.55279	4.11963	2.07284	-1.8377	-4.43913	9.71349	183.805	4.82919	-1.17864	
229.897	18.4123	11.0717	6.54462	2.53131	3.64516	1.25161	-10.1398	5.42755	184.747	4.58274	-1.40951	
230.604	18.4397	11.7384	6.91998	0.227101	4.56611	2.94779	-13.7876	3.59294	185.634	4.28283	-1.51345	
231.431	17.9124	12.5407	7.87816	-3.11296	4.83303	8.90286	-22.1678	-5.89204	186.464	4.03948	-0.932926	
232.529	16.663	13.1667	9.55269	-6.81965	3.09189	12.4606	-21.5966	-17.3236	187.261	3.98279	0.825103	
234.032	14.9133	12.8922	11.7169	-6.96336	-4.5057	4.08751	23.2139	-42.2592	188.079	4.24115	1.9391	
235.707	13.8767	11.1815	11.1241	-0.331972	-9.19744	-13.4443	48.4439	0.920921	188.987	4.87757	3.25718	
237.012	14.287	9.37442	8.87758	5.46456	-5.7774	-9.13362	11.1801	30.5627	190.021	5.41646	1.51078	
237.985	15.1395	8.5595	8.05624	4.99825	-1.84851	-2.29927	-4.14035	9.9097	191.106	5.34908	-1.31413	
238.853	15.8441	8.20946	7.59132	4.46714	-0.578938	-2.58631	-1.10032	4.57252	192.144	5.01999	-1.80499	
239.62	16.4929	8.07011	6.96095	4.57338	0.509873	-4.0552	2.64459	8.40749	193.112	4.679	-1.38721	
240.267	17.1401	8.2353	6.50634	4.13083	2.35496	-1.13307	-5.23056	9.52435	194.023	4.43521	-1.14741	
240.866	17.5741	8.80989	6.50797	2.44772	4.6154	2.95332	-14.3814	7.7142	194.891	4.2625	-0.785606	
241.534	17.5465	9.70595	7.26563	-0.583225	5.55751	6.37669	-19.9993	-0.180996	195.729	4.11423	-0.838618	
242.449	16.7455	10.568	8.92676	-4.89846	4.02743	10.3934	-21.8434	-17.5475	196.535	3.95335	-0.598682	
243.755	15.1837	10.668	11.0146	-7.40032	-2.30555	7.3921	5.22363	-43.2838	197.322	3.97274	1.04178	
245.295	13.9436	9.19747	10.7078	-0.950812	-9.34845	-12.0031	51.1212	-8.40383	198.165	4.52053	3.57867	
246.444	14.3438	7.47782	8.36126	5.37633	-5.31932	-6.76553	7.70165	27.1497	199.132	5.04372	0.89615	
247.292	15.2225	6.73234	7.61923	5.37229	-1.56542	-2.10278	-3.30627	11.9306	200.143	5.00579	-0.946624	
248.041	16.0079	6.52304	7.23804	4.77466	0.297652	-1.6034	-3.43454	6.87455	201.123	4.77131	-1.46946	
248.727	16.6525	6.6146	6.83458	4.32228	1.72431	-2.67489	-0.793428	9.80563	202.047	4.47139	-1.29862	
249.351	17.1607	7.0143	6.65322	3.2766	3.35557	-0.204827	-7.18261	8.65478	202.913	4.20057	-1.28573	
249.973	17.3692	7.73911	6.77563	1.51987	4.86886	0.361579	-6.70157	4.74327	203.729	3.96673	-1.01068	
250.614	17.2737	8.73947	7.15721	-0.553428	6.2275	4.71576	-14.4568	-0.137891	204.512	3.89497	-0.137988	
251.512	16.4042	9.71919	9.03142	-5.33416	4.67309	9.06653	-21.109	-11.2127	205.287	3.86983	0.386846	
252.772	14.7823	10.0385	10.6981	-7.88698	0.191042	3.49873	-1.83949	-16.2377	206.071	4.00796	1.25263	
254.279	13.0406	9.31912	11.531	-5.4788	-6.84752	-3.60984	39.7682	-34.2531	206.914	4.47057	2.82182	
255.656	12.6188	7.5384	9.62355	2.88829	-7.75725	-10.6567	30.5172	18.8221	207.863	4.98023	1.88794	
256.656	13.3107	6.3291	8.26541	5.20988	-3.47637	-3.76371	1.00699	16.577	208.876	5.08055	-0.499809	
257.483	14.1462	5.80486	7.63314	5.292	-1.01116	-2.96076	0.5793	10.312	209.877	4.91037	-1.00745	
258.21	14.9432	5.69817	7.15971	5.04258	0.874089	-2.14375	-1.75221	10.1966	210.835	4.68023	-1.05636	
258.868	15.6302	5.97376	6.97129	4.01529	2.65916	-0.163607	-7.24709	6.99397	211.749	4.45343	-1.32333	
259.478	16.2235	6.41396	6.56944	4.51894	2.43508	-1.31365	1.97288	-3.94559	212.619	4.25952	-0.841523	
260.025	16.9404	6.66727	6.28817	5.40898	0.779007	-0.843264	5.7306	-13.7493	213.456	4.12331	-0.420832	
260.525	17.8823	6.49871	6.27412	6.27472	-1.37288	1.88864	-1.26198	-9.32252	214.285	4.18875	0.45987	
261.104	18.7894	5.83756	7.13347	5.23992	-4.38276	4.51753	-8.00055	-10.712	215.136	4.30891	0.394096	
261.867	19.3796	4.66005	8.13836	3.50984	-6.67964	4.70439	-8.8925	-6.79894	216.009	4.44362	0.96317	
262.843	19.5178	3.12791	9.03121	1.59491	-7.90235	0.679593	-1.49286	-2.80619	216.914	4.59297	0.864974	
263.907	19.4023	1.38828	9.8018	-0.301254	-8.63824	9.13821	-21.7585	6.21248	217.844	4.76223	1.4109	
265.214	18.5215	-0.00218624	11.5109	-4.85888	-5.45863	3.47675	-12.3339	20.0483	218.767	4.89107	0.0337475	
33.3101	0.38961	37.6029	-11.917	2.44565	14.4338	60.5174	-6.35637	-43.8891	0.365831	4.51914	24.7117	
32.0662	0.545325	39.6502	-0.818326	-3.26652	6.45085	52.7896	-43.861	-36.8962	1.6143	7.41728	7.88161	
32.8929	-0.783097	40.2092	7.93332	-7.70168	0.0141639	34.4815	-2.48076	-26.3986	3.1842	8.04566	0.811756	
34.9958	-2.17977	39.7969	13.1581	-5.40762	-4.03466	21.7199	24.3165	-16.749	4.80299	8.12157	0.228442	
37.8783	-2.67651	38.781	15.1637	0.623542	-5.55834	-0.256706	32.48	0.724496	6.42848	8.1506	0.422773	
40.7813	-1.94798	37.7684	13.1082	6.09177	-3.75949	-19.2502	16.2845	16.1778	8.07178	8.30174	0.733719	
43.0972	-0.459647	37.2466	9.8789	8.36469	-1.12499	-21.0545	3.83209	17.4846	9.74264	8.40691	0.621241	
44.6717	1.17177	37.3315	6.05597	7.29077	2.02027	-15.5462	-12.1896	12.4652	11.4316	8.48092	-0.0836585	
45.6527	2.12555	37.9242	4.63904	1.92123	3.34085	2.54012	-25.4971	-2.02936	13.1394	8.55576	-0.577434	
46.6988	2.11963	38.4615	5.82034	-1.61158	2.1712	4.72345	-14.8142	-5.16942	14.8217	8.22327	-2.09549	
47.9996	1.54731	38.7344	7.38621	-4.06285	0.559124	10.3098	-11.7663	-10.218	16.4204	7.76132	-2.26755	
49.7429	0.536427	38.5733	10.4953	-5.66847	-2.38561	21.0638	-0.177874	-19.5571	17.9323	7.39557	-1.16532	
52.2371	-0.435682	37.708	14.4284	-2.8519	-6.08415	15.1953	33.0319	-14.5578	19.402	7.3723	0.939889	
55.2495	-0.173689	36.3535	14.1649	5.25664	-5.87246	-20.54	29.6322	18.7715	20.9185	7.82129	2.18958	
57.6551	1.21404	35.5527	10.1275	7.82812	-2.13417	-22.6966	5.3851	21.6482	22.5182	8.1443	1.3815	
59.2934	2.63944	35.4769	6.61343	6.17378	1.24936	-13.8906	-13.6538	13.7617	24.1598	8.24307	0.167457	
60.4044	3.5321	35.9212	5.04277	2.53136	2.87117	-0.882631	-19.8694	1.21982	25.8055	8.1802	-0.960278	
61.3742	3.73244	36.5136	4.98	-0.55951	2.94122	3.1447	-11.2146	-3.50972	27.4224	7.97242	-1.35907	
62.4017	3.41079	37.038	5.28349	-2.72014	2.52953	2.3185	-15.4464	-2.19736	28.988	7.69413	-1.13136	
63.6837	2.44674	37.3278	8.18808	-6.50309	-0.0587325	22.2586	-9.67271	-20.7522	30.5073	7.52194	-0.530967	
65.6826	1.0969	36.9457	12.3662	-6.06267	-4.1272	24.0705	18.8279	-24.0662	32.0081	7.52082	0.575758	
68.4702	0.318268	35.7714	15.1236	-1.60719	-7.03453	8.72018	26.9687	-9.33117	33.5336	7.793	2.45638	
71.5175	0.581144	34.3082	14.5792	4.7166	-6.55925	-20.6442	35.8088	21.4488	35.1467	8.36237	3.03896	
74.0426	1.90144	33.3828	11.0955	7.31179	-2.89326	-12.0058	-3.54984	12.9304	36.8665	8.77032	1.23111	
76.0263	3.31468	33.0268	8.68111	6.43533	-0.337979	-11.5227	-8.84958	12.197	38.6333	8.85023	-0.441102	
77.5692	4.4104	33.1353	7.12439	4.45226	1.2361	-4.03598	-10.6712	3.43367	40.3867	8.64607	-1.62892	
78.9307	5.16022	33.3953	6.43351	3.0951	1.66903	-5.69713	-6.14144	4.6654	42.0789	8.2653	-1.93263	
80.1135	5.61292	33.7932	5.61724	1.29613	2.3533	-3.1817	-11.2269	2.89479	43.6933	7.87846	-1.92364	
81.1397	5.64718	34.337	4.95191	-1.28125	3.10415	-0.333149	-22.8225	2.5678	45.2372	7.58593	-1.01641	
82.2453	4.88695	34.8653	6.97155	-6.06914	1.52089	19.8268	-18.2757	-18.9212	46.7417	7.48312	-0.214135	
84.1218	3.45618	34.6559	12.2894	-6.99857	-3.98997	30.226	16.8824	-33.6069	48.2443	7.60735	1.7762	
86.9787	2.52769	33.356	15.85	-2.13806	-8.27843	10.3657	29.7459	-14.0094	49.8132	8.12328	3.38254	
90.0884	3.11773	31.6588	13.9794	7.48658	-6.74047	-27.5376	30.6955	31.5437	51.5113	8.90573	4.11034	
92.4773	4.83431	30.7488	10.0355	9.10434	-2.11396	-18.044	-3.39959	22.0401	53.3471	9.34689	1.0472	
94.2405	6.37635	30.6271	8.66092	6.53997	-0.156119	2.24765	-7.79405	-3.69206	55.2367	9.44166	-0.873678	
95.8798	7.43191	30.6762	7.97382	4.18415	0.712976	-2.26131	-8.16072	1.57694	57.1023	9.16109	-2.12659	
97.4213	8.16368	30.7972	7.60277	3.35856	0.695043	-3.02203	-2.14381	0.830222	58.8877	8.68065	-2.52513	
98.8519	8.81141	30.9371	6.87078	3.25046	0.960013	-5.41922	-1.02833	3.86118	60.5739	8.19341	-2.25718	
100.058	9.43651	31.2317	5.40748	2.68821	2.38096	-6.74566	-9.90515	9.23897	62.1708	7.81795	-1.23149	
101.015	9.66369	31.8643	4.76093	-0.842191	3.95422	2.60276	-24.8242	3.46295	63.7164	7.6638	-0.388456	
102.091	9.01328	32.5723	6.69117	-5.48135	2.89576	18.4947	-24.159	-15.164	65.2428	7.614	0.0659372	
103.838	7.63273	32.6752	11.0026	-7.32492	-1.69641	15.8733	6.0826	-20.6139	66.7682	7.67338	0.64102	
106.2	6.29773	32.0229	12.9937	-5.5068	-4.61804	9.95301	17.8006	-16.49	68.3179	7.83374	0.947635	
108.92	5.86048	30.7222	13.9276	1.5996	-7.2676	-7.49864	39.0636	1.71595	69.9071	8.09787	1.92478	
111.377	6.79658	29.4781	10.7243	6.78025	-4.12677	-18.7762	9.50162	22.9563	71.5654	8.46689	1.4415	
113.183	8.08431	29.0042	8.20652	5.89113	-0.756407	-7.79392	-7.162	10.491	73.266	8.47178	-0.832642	
114.631	9.1374	29.0017	6.81552	4.76065	1.0278	-6.03475	-6.71567	8.04678	74.9401	8.26158	-1.16476	
115.832	9.9142	29.3257	5.81087	2.9844	2.52763	-3.60256	-11.1906	6.39177	76.5689	8.02246	-1.27206	
116.888	10.2311	29.9085	5.44529	0.118017	3.58312	0.853292	-17.6346	2.97328	78.1489	7.77912	-1.18478	
118.008	9.88224	30.5475	6.55166	-3.47422	2.94783	9.3895	-17.838	-8.2873	79.678	7.50972	-1.379	
119.515	8.82561	30.8351	9.50336	-6.66677	-0.168876	20.3348	-7.10655	-25.1701	81.1564	7.31245	-0.391205	
121.787	7.56007	30.1561	13.789	-4.46784	-6.3918	16.0859	36.2687	-29.9997	82.6244	7.46519	2.39239	
124.516	7.56006	28.5627	12.8439	4.25714	-7.09068	-20.3552	27.9816	21.6343	84.1774	8.06523	2.31585	
126.665	8.68943	27.4992	9.7452	6.45661	-3.33112	-14.1941	5.76782	18.3226	85.8198	8.29858	0.556879	
128.317	9.89813	27.0931	7.76463	5.75965	-0.495726	-8.08179	-3.37382	11.3562	87.4759	8.2266	-0.692084	
129.694	11.025	27.032	7.13204	6.149	-0.188417	-0.752999	5.83668	-3.52788	89.1027	8.03777	-0.751651	
131.059	12.2526	26.863	7.19615	6.1312	-0.511689	-4.05166	-2.87242	6.26992	90.7082	8.02507	-0.0752707	
132.299	13.2486	26.9153	6.28819	4.14667	1.39139	-2.72735	-9.41305	6.25474	92.2994	7.85234	-1.32221	
133.418	13.8822	27.2179	5.90345	2.62594	2.19965	-2.09944	-8.54559	4.72691	93.8399	7.54178	-1.69754	
134.456	14.1804	27.6906	5.56384	0.552436	3.24903	0.518504	-13.4453	3.80728	95.3146	7.21411	-1.55573	
135.505	13.9346	28.3226	6.22848	-2.88008	3.62992	8.46264	-19.996	-3.72319	96.7281	6.93837	-1.15469	
136.893	12.8938	28.7915	9.22096	-6.73332	1.0652	20.7385	-11.6991	-24.3929	98.1005	6.80895	-0.221801	
139.081	11.4721	28.2815	13.7314	-5.5399	-5.74143	15.4611	33.7337	-35.1844	99.4733	7.01435	2.45227	
141.757	11.0336	26.6845	13.2622	1.53336	-7.71887	-15.7821	36.4369	9.05694	100.935	7.5755	1.97225	
143.932	11.8017	25.3422	10.0682	5.54718	-4.53214	-13.5203	6.93256	17.4804	102.477	7.78376	0.238356	
145.558	12.9385	24.6657	7.99283	5.71047	-1.48474	-6.90672	-4.47369	11.6335	104.035	7.75018	-0.793824	
146.868	13.9529	24.4837	6.82127	4.81932	0.507706	-3.46544	-7.59344	7.52094	105.566	7.55812	-1.23782	
148.008	14.7151	24.6129	6.26446	3.41198	1.68586	-2.41606	-6.75625	5.03634	107.049	7.25818	-1.67354	
149.038	15.1956	24.962	5.67798	1.93999	2.97858	-2.70322	-9.94285	8.04202	108.468	6.93492	-1.41286	
149.972	15.2979	25.5849	5.69262	-0.636866	4.1325	5.11322	-18.105	0.876616	109.831	6.70862	-1.09529	
151.058	14.7077	26.2962	7.29591	-4.4335	3.54068	13.8012	-18.9649	-12.3062	111.156	6.54741	-0.813521	
152.655	13.45	26.5132	10.7296	-6.89235	-0.741956	19.0791	-1.04746	-30.4577	112.452	6.43865	-0.0451449	
154.955	12.1523	25.6011	13.6242	-5.15007	-6.2085	5.41989	8.64548	-12.2122	113.758	6.71502	2.67557	
157.462	11.6788	23.9627	12.9809	1.17066	-7.90895	-8.12494	23.893	3.48176	115.158	7.25919	2.35449	
159.514	12.4123	22.5464	9.90217	5.62255	-4.53574	-12.981	8.45444	19.0318	116.646	7.54249	0.52273	
161.049	13.4973	21.8616	8.14756	5.40569	-1.40221	-4.8936	-5.83708	10.0223	118.154	7.48771	-1.11359	
162.336	14.4264	21.6308	7.31143	4.53484	0.14103	-2.7708	-5.07132	5.00237	119.628	7.22489	-1.67993	
163.486	15.1722	21.6334	6.68943	3.77672	1.12322	-2.82732	-4.09072	4.60076	121.039	6.8776	-1.80282	
164.499	15.7666	21.8493	6.01629	3.12813	2.2351	-1.67434	-2.30953	1.94091	122.381	6.55754	-1.46025	
165.41	16.1305	22.292	5.70738	1.56455	3.39741	-1.1108	-5.21223	3.30751	123.663	6.27187	-1.33483	
166.302	16.0358	22.9881	6.20718	-1.80743	4.50631	7.53871	-20.2554	-1.46148	124.897	6.07794	-0.917485	
167.484	15.1604	23.6057	8.58395	-5.84059	2.57455	16.336	-17.3569	-19.767	126.095	5.92049	-0.512386	
169.286	13.6994	23.4085	12.3059	-6.83503	-3.72132	18.7969	13.6949	-42.2459	127.278	5.97341	1.64171	
171.569	12.8604	21.9262	12.7355	-0.499837	-8.17065	-6.18569	25.5344	-2.44058	128.51	6.37058	2.25422	
173.576	13.2371	20.2645	10.1614	4.87349	-6.1016	-14.3135	16.1304	19.9249	129.823	6.72096	1.08313	
175.091	14.2686	19.2048	8.40589	6.02076	-3.1099	-4.26315	0.688264	8.10083	131.186	6.86103	0.234251	
176.335	15.3148	18.6745	7.35283	5.46673	-0.662933	-5.07991	-2.82719	11.5424	132.555	6.78359	-0.772973	
177.384	16.197	18.6053	6.62044	4.47313	1.31682	-2.55477	-6.46129	8.51866	133.893	6.58797	-1.14508	
178.327	16.8145	18.8679	6.35851	2.90483	2.63892	0.368475	-9.27911	3.55777	135.185	6.31895	-1.63062	
179.251	17.1223	19.282	6.29941	1.71794	3.00116	-1.18191	-3.06062	1.17817	136.413	5.95749	-1.87049	
180.145	17.1314	19.848	6.25674	-0.529797	4.35481	2.58989	-16.8887	6.16079	137.57	5.63601	-1.23951	
181.114	16.5641	20.6169	7.43772	-4.09852	4.45417	13.2318	-22.0308	-11.5626	138.68	5.4918	-0.472935	
182.543	15.2381	20.9441	10.64	-7.18115	-0.152078	16.914	-3.59201	-34.1856	139.772	5.45217	0.287366	
184.534	13.7931	20.107	12.643	-4.80448	-6.25671	2.61482	33.5672	-29.3847	140.879	5.67128	1.76066	
186.593	13.3724	18.3741	11.6639	1.55805	-8.364	-7.01475	24.4911	0.99521	142.053	6.09209	2.5828	
188.209	14.1556	16.8649	8.77801	6.32663	-4.35484	-11.3638	5.91346	25.925	143.317	6.49898	1.23279	
189.4	15.1903	16.2438	7.6715	5.26673	-0.906582	-2.87538	-6.19508	9.44001	144.618	6.44329	-1.15623	
190.444	16.0032	16.0641	7.15977	4.32829	0.470341	-2.13508	-4.10693	4.64826	145.881	6.15791	-1.73187	
191.375	16.6679	16.1298	6.56349	3.75615	1.75575	-1.69606	-5.49484	5.66884	147.08	5.84514	-1.58721	
192.22	17.1364	16.4361	6.2557	2.54462	2.93453	-1.1766	-7.27213	6.32978	148.217	5.52187	-1.59556	
193.023	17.2929	16.9857	6.25001	0.537251	4.20893	1.701	-13.5772	5.68258	149.291	5.22223	-1.36991	
193.906	16.894	17.7226	7.24787	-3.07574	4.58101	9.11846	-22.1464	-4.53769	150.31	4.99018	-0.885001	
195.127	15.6927	18.2471	9.8605	-7.32578	1.59792	20.2643	-20.2286	-32.5059	151.298	4.93404	0.807707	
196.983	14.0533	17.55	12.5321	-5.75645	-6.09008	1.19344	24.0632	-21.7082	152.319	5.33497	2.44092	
198.984	12.9364	16.0631	12.2574	-4.15236	-6.58942	-2.4009	6.65578	0.645219	153.432	5.7621	1.60027	
200.866	12.4025	14.4142	11.1568	1.26764	-7.72659	-11.0557	32.5491	6.9193	154.621	6.10255	1.38207	
202.388	12.9256	12.9709	9.30061	4.64353	-4.8643	-7.85136	6.89157	17.4409	155.86	6.24101	-0.155948	
203.603	13.7722	12.1496	8.17563	5.08753	-2.21276	-4.15512	-0.237421	9.84959	157.097	6.09626	-1.11686	
204.641	14.6217	11.7471	7.4033	5.09345	-0.521192	-4.3095	1.70533	9.02189	158.292	5.84871	-1.11873	
205.529	15.4572	11.7071	6.74683	4.75669	1.45915	-2.85686	-3.29875	10.8828	159.441	5.64501	-0.938511	
206.325	16.1024	12.0592	6.53785	3.28881	3.26522	0.527642	-10.176	6.24107	160.55	5.43942	-1.21387	
207.126	16.3618	12.6794	6.7287	1.10237	4.28174	1.61156	-12.3678	4.13251	161.611	5.16238	-1.4823	
208.001	16.1069	13.4452	7.38434	-2.00824	4.69669	5.7004	-19.4527	-1.61912	162.615	4.87784	-1.26738	
209.116	15.0926	14.0706	9.29439	-6.34797	2.34892	13.2608	-19.6748	-25.8765	163.57	4.71447	-0.152293	
210.713	13.4674	13.6323	11.8958	-6.66484	-5.99995	6.64448	29.985	-48.6748	164.527	4.97413	3.26824	
212.454	12.7451	11.8619	10.5795	1.20682	-8.52606	-12.3872	37.6166	10.4308	165.581	5.5377	2.20927	
213.768	13.4118	10.3641	8.40521	6.08517	-4.58214	-8.01313	9.05843	25.7239	166.727	5.89154	1.22819	
214.783	14.415	9.74911	7.65752	5.41103	-0.942708	-2.05683	-5.29784	10.6252	167.908	5.85544	-1.01377	
215.695	15.2418	9.62505	7.21624	4.69736	0.744567	-2.64258	-1.86846	7.80232	169.057	5.60918	-1.35411	
216.534	15.9014	9.77118	6.88934	3.86288	1.8918	-1.79346	-3.78158	5.89327	170.147	5.29105	-1.64019	
217.307	16.3879	10.1583	6.57721	2.90313	3.27539	-1.00065	-6.69427	7.96823	171.173	4.97883	-1.43995	
218.047	16.5802	10.8708	6.69166	0.710791	5.03461	3.20981	-16.2974	5.95917	172.144	4.7494	-0.970599	
218.915	16.1291	11.7851	7.92403	-3.43076	5.04577	9.42787	-24.1103	-8.55035	173.077	4.58832	-0.573224	
220.148	14.7934	12.2809	10.3011	-7.48045	0.417005	12.3053	-9.03209	-38.5317	173.989	4.57738	0.665171	
221.811	13.231	11.3247	11.7677	-4.94365	-7.88463	-1.22929	28.6931	-22.681	174.939	5.02929	3.67462	
223.352	13.0365	9.45603	9.549	3.59716	-7.24845	-10.7824	21.9962	24.1199	176.015	5.63898	1.43638	
224.479	13.8273	8.33275	8.12203	5.5377	-3.16673	-5.04664	4.54992	16.1798	177.155	5.71189	-0.179186	
225.415	14.7327	7.86957	7.61461	5.12375	-0.975501	-0.905811	-3.26506	1.66517	178.287	5.56095	-1.22584	
226.267	15.5475	7.71832	7.20641	4.89467	0.0603365	-1.3183	-1.36447	0.711323	179.376	5.3226	-1.33187	
227.048	16.2818	7.75814	6.73923	4.68639	1.38233	-3.1207	-0.13801	11.2504	180.413	5.05964	-1.0513	
227.749	17.0252	7.89572	6.38551	5.2706	0.823716	-2.71499	7.16348	-3.47441	181.404	4.87017	-0.449301	
228.37	17.8091	8.18547	6.18396	4.34681	3.46352	2.56078	-13.383	11.6861	182.371	4.81573	-0.329086	
229.046	18.1555	8.92897	6.76727	1.78736	4.73078	1.61842	-7.7606	0.940702	183.322	4.67004	-1.04233	
229.833	18.0109	9.8272	7.56671	-1.22605	5.40147	6.8504	-19.5987	-2.74017	184.235	4.4718	-1.01387	
230.844	17.1639	10.6943	8.81312	-4.55361	4.31885	6.76111	-15.5461	-10.4014	185.114	4.31708	-0.623885	
232.072	15.7696	11.2546	10.1615	-7.3023	1.95632	10.7641	-16.0126	-23.8528	185.975	4.33445	0.928646	
233.694	13.9929	10.5891	12.162	-6.45525	-7.51369	-0.322058	40.6576	-46.4645	186.871	4.73318	3.96959	
235.25	13.5441	8.65309	9.80605	3.06353	-7.63418	-11.6878	23.5766	27.805	187.901	5.47116	1.56152	
236.361	14.2015	7.4757	8.41671	4.8111	-3.48225	-4.08749	1.23564	13.8367	189.005	5.4875	-0.860295	
237.29	14.9566	6.89505	7.76316	4.80658	-1.50695	-2.88787	-0.284164	7.3653	190.079	5.23982	-1.46025	
238.101	15.7089	6.64173	7.10765	5.06039	0.0426476	-3.40718	1.69227	9.97427	191.098	4.96653	-1.08709	
238.803	16.4602	6.71298	6.65358	4.88635	1.69692	-2.17511	-2.1358	12.9646	192.069	4.75053	-0.781309	
239.436	17.1103	7.18254	6.49641	4.06669	3.59927	-0.0558517	-4.20073	5.29683	193.006	4.63354	-0.508542	
240.111	17.4083	7.96205	7.01421	1.57317	4.79295	1.39726	-7.81718	0.345159	193.919	4.47126	-1.16213	
240.849	17.3474	8.81093	7.21775	-0.0218793	5.24124	3.8879	-17.7072	7.0683	194.788	4.22609	-1.01892	
241.735	16.6985	9.70062	8.57403	-4.15591	4.535	9.41917	-23.2716	-12.3943	195.613	4.02732	-0.727746	
242.979	15.1794	10.0918	10.7949	-8.28453	0.0378693	10.1174	-9.6626	-32.2436	196.417	4.11028	1.85821	
244.57	13.4486	9.18235	11.5424	-4.75387	-7.81435	-6.65232	46.2817	-28.3905	197.293	4.68863	3.24551	
246.015	12.9736	7.36636	9.79592	2.32067	-7.92713	-11.0076	32.0482	17.1926	198.29	5.22691	1.83868	
247.075	13.6366	6.0955	8.298	5.40916	-3.76123	-4.42331	4.03552	19.1207	199.357	5.38055	-0.0349436	
247.946	14.514	5.57072	7.73082	5.29971	-0.908178	-1.94245	-2.77467	10.1078	200.423	5.25089	-1.11372	
248.741	15.2803	5.47532	7.43513	4.53431	0.598456	-1.37464	-3.91408	5.0578	201.448	4.97151	-1.70186	
249.473	15.9158	5.63332	6.98858	4.24499	1.96156	-2.09932	-1.94609	8.80949	202.409	4.65364	-1.39598	
250.139	16.4327	6.13088	6.86769	3.06258	3.77216	0.724314	-9.34103	7.41729	203.315	4.41026	-1.25867	
250.833	16.577	6.93122	7.18594	0.670189	5.30073	3.12126	-16.5683	9.41083	204.172	4.16822	-0.916005	
251.666	16.0831	7.90909	8.21103	-3.09648	5.29648	4.93035	-16.6372	-3.81334	204.986	3.99125	-0.623131	
252.789	14.7566	8.51725	10.0665	-7.38039	1.42727	7.63595	-12.4756	-25.4132	205.778	3.97124	0.691893	
254.222	12.946	8.08038	11.445	-7.33179	-6.26878	2.38453	27.3999	-52.9706	206.604	4.37222	3.36207	
255.654	12.1605	6.25793	9.83572	1.4506	-8.44264	-11.0893	34.8692	20.3152	207.558	5.09845	2.01878	
256.709	12.7274	4.90583	8.39528	4.92081	-4.19092	-4.07212	4.04174	17.8735	208.604	5.26858	-0.342373	
257.585	13.5396	4.28443	7.79851	5.07611	-1.61478	-2.43887	-0.611571	9.31265	209.643	5.09168	-1.2377	
258.366	14.3284	4.06505	7.33232	4.94226	-0.00124179	-2.24366	-0.731332	7.67301	210.635	4.82163	-1.38423	
259.053	15.1145	4.21321	6.86843	4.92384	2.2617	-0.990806	-4.06819	13.4348	211.578	4.62776	-0.683748	
259.709	15.727	4.81706	6.99573	3.32152	4.09238	1.91387	-12.1397	7.11802	212.49	4.48486	-0.990741	
260.415	15.9556	5.66492	7.36989	0.987997	5.19665	3.31824	-15.8494	3.52442	213.367	4.2805	-1.13748	
261.256	15.5551	6.63367	8.30963	-2.80059	5.1045	6.55551	-22.4355	-6.52058	214.2	4.05614	-0.976899	
262.378	14.2538	7.25923	10.2916	-7.86066	0.968565	11.5238	-17.5578	-43.1254	215.002	4.04465	1.34015	
263.824	12.5551	6.43166	10.9826	-5.25352	-7.84115	-6.04558	46.3397	-34.8254	215.852	4.5464	3.66126	
265.078	12.2915	4.59534	8.94357	3.7974	-7.58552	-8.92822	28.3981	25.8105	216.829	5.17905	2.18152	
266.01	13.0812	3.54223	8.00201	5.46791	-2.92962	-3.10688	3.10748	15.986	217.881	5.25933	-0.37897	
266.824	13.9708	3.18395	7.61989	5.2237	-0.371846	-0.866546	-5.07735	8.87436	218.92	5.10107	-1.26866	
267.589	14.7169	3.20511	7.31738	4.63749	1.03625	-2.34286	-0.0720273	8.01461	219.91	4.80164	-1.44718	
268.287	15.3871	3.54966	7.00197	4.18345	3.02167	-0.475078	-5.51052	11.0887	220.845	4.55732	-1.03738	
268.979	15.8075	4.29758	7.24699	2.13832	4.86941	2.66447	-14.0809	5.52848	221.737	4.361	-1.07372	
269.772	15.6808	5.27571	7.96121	-1.17695	5.43449	4.9007	-19.8551	-0.907528	222.586	4.13115	-1.12556	
270.765	14.7739	6.15717	9.2142	-5.48464	3.82592	6.10102	-18.5818	-13.4425	223.393	3.97063	-0.25129	
272.053	13.0884	6.22561	10.8254	-8.48837	-2.56637	5.34446	0.616997	-38.0291	224.196	4.16465	2.68086	
273.469	11.7207	4.79663	10.109	-1.60845	-8.94242	-10.9612	47.7876	1.92079	225.096	4.84431	2.73151	
274.553	11.9334	3.2045	8.40134	4.55245	-5.89929	-6.09315	18.7269	19.8469	226.102	5.1526	0.917972	
275.406	12.843	2.39817	7.76594	5.64736	-1.93272	-1.27662	-2.96403	14.7355	227.142	5.18787	-0.67755	
276.195	13.7063	2.20677	7.47368	5.15753	0.178663	-2.0604	-0.0787674	9.46656	228.16	4.96943	-1.17934	
276.927	14.491	2.32012	7.15578	4.86478	1.63731	-1.65064	-1.26946	10.9702	229.128	4.72206	-1.0814	
277.607	15.2098	2.64984	6.88373	4.65877	2.08998	-1.56151	-0.219015	3.19846	230.049	4.49069	-1.06755	
278.257	15.7943	3.23957	6.91776	3.3121	4.24022	1.48273	-10.5213	10.2906	230.927	4.29459	-0.892395	
278.974	15.941	4.23577	7.59373	0.195276	5.96318	5.47525	-20.7611	2.64851	231.771	4.15617	-0.650482	
279.821	15.5138	5.36891	7.97424	-1.72954	6.07056	0.964496	-6.65399	0.315289	232.591	4.04999	-0.376537	
280.799	14.5747	6.39065	9.30103	-5.90598	4.40348	11.8819	-30.4789	-23.7057	233.396	4.03564	0.640494	
282.142	12.8017	6.39191	11.1752	-8.20152	-4.42735	3.80937	14.919	-55.0082	234.23	4.36997	2.79551	
283.585	11.552	4.82421	10.5393	-2.65642	-8.47459	-6.32373	30.5988	-2.13037	235.175	5.05662	2.67286	
284.784	11.4926	3.19337	8.98839	3.29805	-6.30935	-5.86631	15.3991	20.5406	236.226	5.36774	0.225801	
285.743	12.1531	2.23612	8.1893	4.72251	-3.16743	-2.92592	2.63801	11.5443	237.293	5.25632	-1.05895	
286.581	12.9634	1.77793	7.61944	5.29689	-1.15124	-2.795	3.2173	10.2755	238.322	5.03691	-1.00913	
287.328	13.8335	1.67697	7.20231	5.48987	0.592891	-1.64566	-0.356827	12.2806	239.308	4.83821	-0.819186	
288.022	14.6639	2.02328	7.07197	4.88918	2.83468	-0.442147	-2.66024	4.98618	240.262	4.70912	-0.569502	
288.682	15.4163	2.63651	6.88824	4.47537	4.49439	1.74472	-10.6488	16.0575	241.19	4.58099	-0.238407	
289.417	15.7406	3.735	7.89741	0.643054	6.35393	7.07207	-24.0084	0.0512678	242.104	4.56848	-0.208727	
290.407	15.167	4.84397	9.25377	-3.97106	4.93091	7.29975	-22.5517	-16.616	243.007	4.44431	-0.602337	
291.652	13.7987	5.34044	10.5253	-7.21847	-0.22204	5.37863	-6.71561	-40.3098	243.888	4.40023	0.466331	
293.045	12.3591	4.3765	10.3082	-3.43399	-8.04652	-8.22312	42.5441	-22.4786	244.792	4.71201	2.4801	
294.227	12.0708	2.68644	8.83121	2.50615	-7.21737	-7.43722	24.6373	16.663	245.778	5.07848	0.841417	
295.133	12.7182	1.57031	7.80674	5.37841	-3.6956	-3.73407	9.15079	16.8115	246.802	5.12492	-0.0120713	
295.911	13.6412	1.13742	7.4732	5.46229	-0.683564	-0.941604	-3.04173	11.0871	247.82	5.02137	-1.01496	
296.651	14.4599	1.17619	7.23198	4.99375	1.21487	-1.64897	-0.544418	10.5577	248.801	4.78115	-1.12658	
297.359	15.1424	1.56798	7.13555	4.04578	2.89561	-0.200424	-5.6903	8.47679	249.731	4.52034	-1.32366	
298.052	15.6396	2.29898	7.21867	2.69967	4.76419	2.40232	-12.8989	8.19355	250.615	4.32705	-0.957806	
298.822	15.687	3.32611	7.80014	-0.141346	5.80553	4.86408	-19.9179	2.55634	251.462	4.13978	-0.879995	
299.783	14.9683	4.3753	9.14312	-4.89783	4.58914	8.30852	-25.5902	-18.3092	252.275	4.00923	-0.280981	
301.04	13.3723	4.62562	10.5109	-7.82458	-2.39582	2.41442	6.22341	-47.0835	253.081	4.11016	1.46728	
302.352	12.1155	3.25018	9.50907	-1.25636	-9.00352	-10.5893	46.4183	-2.27915	253.949	4.61744	2.69093	
303.318	12.4466	1.64502	7.80344	5.56824	-5.79439	-5.15311	18.873	27.8722	254.919	5.05362	1.77547	
304.085	13.4978	1.00387	7.50309	6.12618	-0.888342	-0.114406	-4.0608	17.0151	255.951	5.19309	-0.27118	
304.846	14.4224	0.874344	7.45103	5.42475	-0.480789	-1.07816	-1.2778	3.01641	256.978	5.05359	-0.934286	
305.582	15.2278	0.969633	7.28334	4.83036	1.48047	-0.937242	-2.76432	9.48143	257.966	4.8234	-1.2349	
306.303	15.8562	1.40699	7.20811	3.86434	3.13864	-0.326581	-4.87262	10.2201	258.903	4.54908	-1.27176	
307.034	16.2191	2.14918	7.37969	2.12806	4.54552	1.4943	-10.6904	6.97422	259.785	4.26494	-1.40789	
307.836	16.1288	3.14323	7.98412	-0.862564	5.64226	5.0272	-20.2403	2.112	260.611	4.01225	-1.04491	
308.845	15.2323	4.13554	9.55627	-6.09958	4.05445	11.4194	-31.8714	-23.6831	261.399	3.90756	0.491517	
310.174	13.4661	4.18617	10.7726	-7.8993	-3.9034	-1.27293	20.5038	-48.3806	262.2	4.18728	2.32396	
311.485	12.3454	2.61626	9.44611	-0.559329	-8.79707	-10.7327	43.111	6.1095	263.102	4.80478	2.27039	
312.449	12.6741	1.13727	7.97119	4.6914	-5.26748	-4.12981	11.5998	20.8781	264.094	5.04972	0.325378	
313.235	13.5308	0.445638	7.49112	5.52212	-1.80006	-1.37537	-0.382366	13.53	265.102	4.9918	-0.770824	
313.955	14.4417	0.348062	7.26492	5.38633	0.788245	0.249534	-6.01667	10.3297	266.086	4.84765	-1.00999	
314.665	15.2001	0.673286	7.23237	4.42873	2.2824	-0.0846799	-5.65266	7.66116	267.035	4.61963	-1.37117	
315.367	15.7624	1.22688	7.09302	3.70008	3.30774	-1.32531	-1.41008	3.3912	267.931	4.34289	-1.31003	
