3000,3000,3000,3000,3000,3000,3000,3000,3000
3000,3000,3000,3000,3000,3000,3000,3000,3000
3000,3000,3000,3000,3000,3000,3000,3000,3000
2059.9,2059.79,2060.29,2060.3,2060.33,2060.13,2060.18,2059.68,2060.29
1154.07,1152.64,1144.99,1151.6,1145.96,1685.3,1155.58,1159.91,1159.8
-334.094,-380.706,-356.115,-358.983,-364.109,-367.674,-352.79,-351.47,1639.4
-852.285,-831.985,-836.56,-795.689,-843.679,-811.068,1875.36,-801.01,-835.197
1738.64,1738.77,1896.86,1738.4,1736.68,1738.63,1738.6,1738.5,1739.27
1749.32,1749.25,1953.22,1749.34,1749.38,1749.31,1749.13,1749.4,1749.48
1771.63,1771.91,1771.89,1771.92,1771.88,1771.89,1771.91,1771.92,1793.55
2620.97,2621.97,2621.71,2621.45,2622.31,2620.97,2622.61,2622.48,2622.13
3000,3000,3000,3000,3000,3000,3000,3000,3000
3000,3000,3000,3000,3000,3000,3000,3000,3000
3000,3000,3000,3000,3000,3000,3000,3000,3000
3000,3000,3000,3000,3000,3000,3000,3000,3000
3000,3000,3000,3000,3000,3000,3000,3000,3000
3000,3000,3000,3000,3000,3000,3000,3000,3000
1479.88,1475.13,1480.16,1479.31,1589.33,1480.68,1479.18,1477.79,1480.5
-966.611,-962.895,-964.654,-977.564,-965.544,-967.606,-958.886,1630.85,-962.121
-957.859,-929.333,-937.149,-932.544,-938.83,-937.927,1943.69,-943.068,-933.534
1990.84,-237.708,-276.35,-262.115,-269.394,-256.562,-219.74,-288.071,-270.792
1770.92,1770.83,2223.99,1771.02,1771.13,1771.19,1770.59,1770.97,1771.08
1772.58,1772.61,1772.7,1772.57,1772.34,2250.22,1772.7,1772.98,1772.69
1798.44,1798.5,1798.45,1798.34,1798.53,2036.18,1798.52,1798.25,1798.51
2713.53,2712.89,2713.77,2714,2713.19,2712.71,2712.84,2712.36,2711.91
3000,3000,3000,3000,3000,3000,3000,3000,3000
3000,3000,3000,3000,3000,3000,3000,3000,3000
3000,3000,3000,3000,3000,3000,3000,3000,3000
3000,3000,3000,3000,3000,3000,3000,3000,3000
3000,3000,3000,3000,3000,3000,3000,3000,3000
3000,3000,3000,3000,3000,3000,3000,3000,3000
1274.4,1402.89,1272.97,1273.77,1275.69,1273.68,1274.06,1273.56,1272.3
-933.616,-944.408,-918.382,1637.18,-942.269,-937.938,-938.515,-932.175,-946.468
-943.482,-931.053,-932.664,-927.464,-915.852,-904.551,-923.231,-919.449,1795.16
-236.538,1907.64,-223.578,-234.537,-238.981,-231.936,-243.27,-225.301,-226.219
1796.29,1796.06,2252.45,1796.17,1796.28,1796.72,1796.26,1796.28,1795.75
1812.7,1812.88,1812.92,1812.89,1812.84,2167.17,1812.88,1812.92,1813.22
1889.26,1889.47,1889.46,1889.38,1889.24,1889.29,1889.28,1889.45,2339.78
2831.3,2830.08,2831.23,2830.71,2829.95,2831.31,2831.82,2830.29,2830.89
3000,3000,3000,3000,3000,3000,3000,3000,3000
3000,3000,3000,3000,3000,3000,3000,3000,3000
3000,3000,3000,3000,3000,3000,3000,3000,3000
3000,3000,3000,3000,3000,3000,3000,3000,3000
3000,3000,3000,3000,3000,3000,3000,3000,3000
3000,3000,3000,3000,3000,3000,3000,3000,3000
1872.96,1872.98,1872.9,1872.96,1872.88,1872.35,1882.84,1872.86,1872.2
-390.712,-402.923,-393.971,-387.626,-403.65,-399.634,2100.99,-385.943,-387.632
-521.178,1894.83,-522.586,-547.693,-535.585,-552.05,-535.172,-523.134,-535.87
1389.47,1387.49,1384.51,1383.97,1385.85,1385.11,2015.43,1390.8,1385.87
1839.65,1839.86,1839.93,1840,1839.59,2716.56,1839.8,1839.51,1839.79
1855.52,1855.26,2638.53,1855.23,1855.46,1855.47,1855.42,1855.47,1855.47
2014.29,2014.08,2076.51,2014.25,2014.23,2014.01,2014.16,2013.93,2014.24
2910.91,2911.6,2912.29,2910.78,2911.68,2911.31,2911.08,2910.4,2911.24
3000,3000,3000,3000,3000,3000,3000,3000,3000
3000,3000,3000,3000,3000,3000,3000,3000,3000
3000,3000,3000,3000,3000,3000,3000,3000,3000
3000,3000,3000,3000,3000,3000,3000,3000,3000
3000,3000,3000,3000,3000,3000,3000,3000,3000
3000,3000,3000,3000,3000,3000,3000,3000,3000
2154.87,2154.64,2154.79,2154.72,2154.83,2154.48,2154.9,2154.45,2151.04
1191.46,1193.77,1190.09,1844.41,1187.48,1190.7,1188.14,1189.53,1187.47
1842.45,1842.38,1839.43,1842.48,1842.47,2273.19,1842.49,1842.19,1849.97
1837.85,1835.63,3151.03,1837.47,1837.07,1837.76,1837.91,1837.82,1837.65
1871.63,1869.93,1870.75,1870.09,1870.56,1870.18,1870.24,1870.24,4732.26
1942.04,1909.72,6249.77,1914.78,1915.67,1928.97,1915.24,1910.56,1921.51
2172.28,2172.76,2172.67,2172.65,2172.34,2801.17,2172.27,2173.33,2172.61
2658.26,2658.15,2657.16,2657.48,2679.72,2658.16,2657.76,2657.05,2657.81
3000,3000,3000,3000,3000,3000,3000,3000,3000
3000,3000,3000,3000,3000,3000,3000,3000,3000
3000,3000,3000,3000,3000,3000,3000,3000,3000
3000,3000,3000,3000,3000,3000,3000,3000,3000
3000,3000,3000,3000,3000,3000,3000,3000,3000
3000,3000,3000,3000,3000,3000,3000,3000,3000
2006.28,2016.34,6775.15,2012.62,2030.7,2013.17,2002.52,2005.81,2028.27
1301.41,1302.51,1304.23,1304.48,1308.18,5749.86,1307.94,1296.01,1307.99
1495.23,1500.79,1511.13,1501.92,1494.04,1515.01,1491.49,1493.1,5798.76
1864.2,1926.17,1880.3,1866.52,1857.61,1854.92,1791.14,1874.54,6309.3
2273.81,2392.49,2406.07,2251.72,2393.25,2356.33,2127.55,2362.04,6271.08
2127.77,2214.62,2272.54,2142.47,2209.25,6279.86,1996.64,2167.62,2186.26
1125.53,6299.95,1172.44,1086.87,1057.44,1139.37,1052.55,1013.27,1181.41
2810.98,2810.59,2810.39,2808.88,5301.83,2811.24,2813.31,2811.23,2810.86
3000,3000,3000,3000,3000,3000,3000,3000,3000
3000,3000,3000,3000,3000,3000,3000,3000,3000
3000,3000,3000,3000,3000,3000,3000,3000,3000
3000,3000,3000,3000,3000,3000,3000,3000,3000
3000,3000,3000,3000,3000,3000,3000,3000,3000
3000,3000,3000,3000,3000,3000,3000,3000,3000
1981.17,1968.27,1968.64,1966.97,1969.31,5747.24,1968.61,1968.41,1968.05
662.855,706.865,712.781,702.672,672.626,688.381,682.081,728.196,6233.78
5727.91,1651.32,1654.63,1654.31,1647.49,1647.79,1640.86,1654.48,1648.06
2089.29,2038.52,2056.27,2048.12,2086.5,6279.37,2015.67,2003.52,2077.65
2359.41,2392.57,6264.8,2374.56,2472.04,2435.14,2279.53,2524.94,2367.14
6282.15,2192.49,2079.83,2003.11,1975.12,2102.55,2000.58,2166.6,2007.31
1578.16,1717.51,1753.36,6294.69,1626.19,1638.04,1599.9,1628.64,1636.61
2763.39,2762.55,2763.2,2763.4,5501.15,2763.77,2763.48,2762.8,2763.76
3000,3000,3000,3000,3000,3000,3000,3000,3000
3000,3000,3000,3000,3000,3000,3000,3000,3000
3000,3000,3000,3000,3000,3000,3000,3000,3000
3000,3000,3000,3000,3000,3000,3000,3000,3000
3000,3000,3000,3000,3000,3000,3000,3000,3000
3000,3000,3000,3000,3000,3000,3000,3000,3000
1119.16,1128.37,1124.61,1119.04,1123.73,6211.99,1129.52,1125.77,1123.02
-184.779,-113.35,-156.925,-76.3319,-149.78,-23.5859,-87.7784,-115.867,6302.95
783.082,922.773,837.594,817.219,726.229,6058.93,863.141,664.911,881.471
938.922,900.951,922.014,989.746,6264.68,837.267,949.984,933.284,938.075
1060.2,6276.83,1109.29,1122.44,1071.54,1129.32,1139.97,1091.08,1009.08
6284.63,2049.46,2043.89,2080.57,2088.96,2026.53,2061.91,2089.68,2144.14
2004.08,2076.59,1965.23,6277.97,2009.85,2024.15,1939.15,1985.79,1985.54
2825.26,2826.15,2824.67,2825.9,6138.11,2821.93,2830.18,2824.47,2827.22
3000,3000,3000,3000,3000,3000,3000,3000,3000
3000,3000,3000,3000,3000,3000,3000,3000,3000
3000,3000,3000,3000,3000,3000,3000,3000,3000
3000,3000,3000,3000,3000,3000,3000,3000,3000
3000,3000,3000,3000,3000,3000,3000,3000,3000
3000,3000,3000,3000,3000,3000,3000,3000,3000
1369.68,1373.7,1366.44,1369.38,6105.56,1369.88,1374.89,1364.82,1380.54
331.89,391.449,324.68,355.005,312.501,354.064,237.224,6303.05,305.365
-1000,-1000,-1000,-1000,-1000,-1000,-996.701,5761.14,-1000
1247.53,1220.13,1210.67,1164.88,1255.43,6288.92,1165.1,1164.41,1237.78
1857.61,1845.6,1797.28,6289.65,1835.83,1831.66,1844.73,1853.21,1868.06
1680.45,1638.07,1650.63,6272.71,1624.05,1687.47,1722.86,1690.03,1650.93
6301.13,1971.83,1962.76,1961.58,1955.39,2018.09,1993.08,1946.3,1958.44
2802.64,2802.32,2802.68,4710.67,2802.64,2807.91,2802.65,2802.21,2802.66
3000,3000,3000,3000,3000,3000,3000,3000,3000
3000,3000,3000,3000,3000,3000,3000,3000,3000
3000,3000,3000,3000,3000,3000,3000,3000,3000
3000,3000,3000,3000,3000,3000,3000,3000,3000
3000,3000,3000,3000,3000,3000,3000,3000,3000
3000,3000,3000,3000,3000,3000,3000,3000,3000
504.726,506.615,506.118,504.748,509.894,4485.47,505.549,504.114,505.64
-865.664,-861.195,-887.131,-866.731,-852.834,6298.89,-889.733,-881.759,-889.439
-814.49,-789.597,-803.333,-842.85,-814.814,6307.92,-819.385,-842.882,-818.57
-0.0463311,126.51,6290.55,64.0585,-98.6214,-10.6327,0.130769,76.5853,32.7051
1794.81,1695.85,1762.6,1704.58,1775.08,1718.74,6232.84,1731.22,1701.13
6295.89,1925.27,1929.15,1893.63,1948.76,1990.9,1964.66,1971.28,1942.3
6292.96,2026.79,2066.08,2007.08,2076.92,1998.65,2054.54,2042.61,2036.1
5205.37,2598.43,2599.03,2601.51,2601.26,2599.25,2598.94,2598.96,2598.56
3000,3000,3000,3000,3000,3000,3000,3000,3000
3000,3000,3000,3000,3000,3000,3000,3000,3000
3000,3000,3000,3000,3000,3000,3000,3000,3000
3000,3000,3000,3000,3000,3000,3000,3000,3000
3000,3000,3000,3000,3000,3000,3000,3000,3000
3000,3000,3000,3000,3000,3000,3000,3000,3000
802.096,800.075,799.436,800.755,799.642,802.101,2928.79,800.533,800.594
-971.173,-971.102,-964.341,-961.613,-965.44,6315.41,-956.787,-963.6,-963.914
-959.966,-952.239,-961.632,-950.464,-962.341,-956.37,-953.128,6279.65,-929.894
-725.038,-629.91,-734.31,-692.623,-735.382,6307.43,-708.441,-767.795,-752.658
6279.39,1889.77,1848.46,1842.43,1906.06,1876.28,1880.99,1832.6,1868.11
2013.57,2050.94,2046.57,6293.01,1967.95,2130.89,2047.57,2062.69,2007.62
6306.2,1903.64,1847.75,1866.44,1895.45,1866.32,1898.86,1861.39,1853.83
2607.77,2607.81,2610.89,2607.83,2607.89,2607.04,3839.18,2607.68,2607.09
3000,3000,3000,3000,3000,3000,3000,3000,3000
3000,3000,3000,3000,3000,3000,3000,3000,3000
3000,3000,3000,3000,3000,3000,3000,3000,3000
3000,3000,3000,3000,3000,3000,3000,3000,3000
3000,3000,3000,3000,3000,3000,3000,3000,3000
3000,3000,3000,3000,3000,3000,3000,3000,3000
1807.03,1806.95,1806.96,1804.14,1806.91,1821.7,1807.03,1806.75,1806.18
-912.891,-888.389,-893.71,-901.887,-910.069,1586.1,-878.079,-911.99,-913.047
-980.16,-983.507,-960.922,-962.476,-973.827,-962.841,1599.29,-968,-971.45
1898.29,-913.138,-892.459,-868.036,-882.841,-845.173,-868.655,-878.067,-879.23
1732.52,1732.54,2058.91,1731.71,1732.76,1732.61,1730.61,1729.3,1732.2
1746.22,1745.91,1832.35,1746.24,1746.16,1746.15,1746.21,1746.02,1745.98
1767.92,1768.05,1765.61,1770.13,1768.01,1767.97,1767.28,1767.95,1767.84
2588.72,2589.91,2588.91,2588.69,2588.87,2589.61,2590.02,2588.62,2588.84
3000,3000,3000,3000,3000,3000,3000,3000,3000
3000,3000,3000,3000,3000,3000,3000,3000,3000
3000,3000,3000,3000,3000,3000,3000,3000,3000
3000,3000,3000,3000,3000,3000,3000,3000,3000
3000,3000,3000,3000,3000,3000,3000,3000,3000
3000,3000,3000,3000,3000,3000,3000,3000,3000
1578.69,1579.4,1580.66,1579.1,1578.78,1579.34,1579.97,1622.92,1577.68
-972.136,-976.847,-977.159,1486.6,-969.456,-966.973,-960.764,-970.034,-966.94
-970.211,-964.076,-966.917,1684.33,-958.35,-960.928,-954.528,-960.893,-933.705
215.881,193.569,219.031,1754.47,210.164,197.717,191.855,198.846,218.159
1774.72,1774.7,1774.67,1774.57,1774.7,1794.04,1774.58,1774.7,1774.71
1779.46,1779.45,1804.68,1779.4,1779.4,1779.49,1779.49,1779.48,1779.42
1833.42,1826.99,1827.07,1827.03,1827.08,1826.93,1827,1826.83,1826.92
2751.81,2752.14,2750.3,2751.06,2750.85,2751.06,2751.46,2751.65,2750.75
3000,3000,3000,3000,3000,3000,3000,3000,3000
3000,3000,3000,3000,3000,3000,3000,3000,3000
3000,3000,3000,3000,3000,3000,3000,3000,3000
3000,3000,3000,3000,3000,3000,3000,3000,3000
3000,3000,3000,3000,3000,3000,3000,3000,3000
3000,3000,3000,3000,3000,3000,3000,3000,3000
1927.17,1928.48,1927.89,1928.26,1928.15,1928.1,1927.93,1928.22,1928.22
1790.56,-520.376,-541.611,-522.344,-524.469,-528.02,-522.26,-538.222,-525.237
2115.51,-906.214,-906.867,-905.688,-911.257,-898.291,-899.336,-900.559,-905.081
2112.49,222.804,220.105,233.504,223.613,235.248,251.868,212.603,235.537
1805.4,1805.29,1805.38,1805.24,1805.38,1805.52,1805.42,2087.92,1805.43
1817.47,1817.41,1816.93,1817.47,1817.33,1817.44,1817.42,1817.26,1935.69
1905.4,1905.26,1938.45,1905.43,1905.37,1905.6,1905.24,1905.51,1905.51
2835.24,2835.98,2836.12,2834.44,2835.75,2834.85,2836.59,2834.62,2835.71
3000,3000,3000,3000,3000,3000,3000,3000,3000
3000,3000,3000,3000,3000,3000,3000,3000,3000
3000,3000,3000,3000,3000,3000,3000,3000,3000
3000,3000,3000,3000,3000,3000,3000,3000,3000
3000,3000,3000,3000,3000,3000,3000,3000,3000
3000,3000,3000,3000,3000,3000,3000,3000,3000
1499.56,1294.18,1295.37,1291.29,1295.14,1293.57,1292.76,1293.72,1294.92
1557.01,-904.128,-890.848,-891.949,-890.669,-905.969,-886.791,-890.107,-900.481
1738.67,-912.385,-922.124,-935.208,-923.347,-904.555,-927.614,-919.304,-930.824
484.139,499.32,495.703,480.871,502.838,470.626,1967.94,478.028,474.859
1820.5,2684.88,1821.25,1821.23,1821.11,1821.21,1821.26,1821.19,1821.19
1880.58,1860.24,6253.04,1862.74,1897.22,1880.08,1857.16,1883.2,1871.98
1972.13,1972.27,2480.94,1972.13,1972.08,1972.27,1971.94,1972.11,1972.28
2894.79,2894.71,2894.09,2893.87,2893.72,2893.64,2894.45,2893.91,2893.82
3000,3000,3000,3000,3000,3000,3000,3000,3000
3000,3000,3000,3000,3000,3000,3000,3000,3000
3000,3000,3000,3000,3000,3000,3000,3000,3000
3000,3000,3000,3000,3000,3000,3000,3000,3000
3000,3000,3000,3000,3000,3000,3000,3000,3000
3000,3000,3000,3000,3000,3000,3000,3000,3000
2033.91,2029.48,2032.85,2033.23,2033.05,2033.21,2033.17,2033.17,2033.15
1977.79,439.382,426.471,433.12,434.358,435.53,433.015,431.854,444.447
121.013,115.922,106.478,109.639,1883.3,126.502,124.577,114.314,127.009
1746.68,1746.56,1745.55,1745.19,1746.02,1746.52,1746.71,1936.2,1747.06
1858.58,1859.33,3589.73,1858.46,1858.54,1858.55,1858.76,1858.51,1858.18
1897.96,3044.44,1898.05,1897.91,1897.8,1897.4,1897.89,1898.03,1897.86
2082.3,2226.59,2082.09,2082.48,2082.02,2082.22,2082.29,2082.26,2082.42
2954.06,2953.31,2953.65,2953.38,2953.33,2955.19,2954.34,2955.22,2955.23
3000,3000,3000,3000,3000,3000,3000,3000,3000
3000,3000,3000,3000,3000,3000,3000,3000,3000
3000,3000,3000,3000,3000,3000,3000,3000,3000
3000,3000,3000,3000,3000,3000,3000,3000,3000
3000,3000,3000,3000,3000,3000,3000,3000,3000
3000,3000,3000,3000,3000,3000,3000,3000,3000
1060.12,1061.39,1060.28,1063.08,1061.88,2251.66,1062.06,1061.05,1059.3
-359.002,-359.741,-353.884,-353.584,2650.38,-361.717,-369.25,-371.537,-370.951
890.048,886.362,891.949,886.35,887.396,2523.38,885.052,889.325,891.405
1798.02,1798.2,1797.94,1797.74,1796.44,4225.84,1797.9,1797.82,1797.87
1886.4,1886.38,5155.76,1886.42,1885.11,1886.64,1886.78,1886.27,1887.15
1926.89,1926.78,1930.69,1926.82,1926.65,5223.31,1926.97,1926.87,1927.11
2254.55,2255.36,2255.04,2255.04,3767.53,2255.08,2254.91,2254.92,2254.95
2972.19,2972.54,2973.07,2971.66,2973.57,2972.7,2972.55,2972.66,2972.55
3000,3000,3000,3000,3000,3000,3000,3000,3000
3000,3000,3000,3000,3000,3000,3000,3000,3000
3000,3000,3000,3000,3000,3000,3000,3000,3000
3000,3000,3000,3000,3000,3000,3000,3000,3000
3000,3000,3000,3000,3000,3000,3000,3000,3000
3000,3000,3000,3000,3000,3000,3000,3000,3000
1507.5,1506.74,5613.6,1514.7,1507.12,1505.48,1505.56,1506.41,1507.36
20.9924,50.0255,20.8615,22.1991,66.0163,5774.44,23.7738,49.3819,49.5119
112.722,87.5972,6306.44,100.342,151.995,141.072,116.842,113.198,154.019
1646.61,1685.63,6303.57,1585.31,1619.45,1597.56,1559.62,1685.58,1537.14
1544.85,1550.38,6258.76,1531.13,1549.8,1566.94,1495.37,1544.42,1473.54
6234.06,1951.78,1877.42,1889.65,1837.11,1904.87,1815.95,1870.88,1879.96
2082.51,2081.77,2082.1,3631.86,2081.99,2081.86,2082.05,2081.74,2082.06
2922.74,2922.38,2923.45,2922.18,2923.09,2923.08,2922.96,2923.21,2922.55
3000,3000,3000,3000,3000,3000,3000,3000,3000
3000,3000,3000,3000,3000,3000,3000,3000,3000
3000,3000,3000,3000,3000,3000,3000,3000,3000
3000,3000,3000,3000,3000,3000,3000,3000,3000
3000,3000,3000,3000,3000,3000,3000,3000,3000
3000,3000,3000,3000,3000,3000,3000,3000,3000
1690.41,1689.5,6232.71,1694.45,1699.79,1696.26,1689.64,1693.02,1693.85
-378.665,-356.457,-375.284,-284.196,-379.302,-380.451,-386.106,5662.31,-418.491
-23.4107,-25.746,-8.2458,-21.9148,-2.30671,5759.82,-4.86103,-23.635,-3.59266
1335.41,1339.53,1338.31,1342.71,5864.13,1338.81,1335.79,1335.58,1338.24
1872.93,6324.23,1873.14,1870.91,1885.48,1881.05,1872.04,1872.89,1874.68
5793.72,1862.73,1862.96,1863.64,1868.48,1862.59,1872.79,1868.2,1866.99
5850.3,1848.98,1861.58,1880.58,1856.52,1895.01,1853.89,1875.81,1861.26
2883.58,2883.57,3721.74,2883.54,2883.4,2883.52,2883.26,2882.97,2882.38
3000,3000,3000,3000,3000,3000,3000,3000,3000
3000,3000,3000,3000,3000,3000,3000,3000,3000
3000,3000,3000,3000,3000,3000,3000,3000,3000
3000,3000,3000,3000,3000,3000,3000,3000,3000
3000,3000,3000,3000,3000,3000,3000,3000,3000
3000,3000,3000,3000,3000,3000,3000,3000,3000
6213.88,421.053,425.762,413.248,426.496,418.119,420.938,423.984,430.589
-334.918,-409.423,6307.45,-398.468,-350.807,-432.137,-345.197,-316.451,-362.075
-606.424,-608.74,-616.431,-582.44,6264.6,-499.966,-565.692,-644.134,-604.615
39.1449,221.191,173.205,-0.690864,148.09,-39.2866,50.1967,23.3803,6287.23
6251.38,1882.04,1824.73,1764.38,1696.06,1788.73,1753.75,1795.3,1790.31
6281.6,1977.33,1820.29,1904.22,1856.78,1939.44,1838.79,1844.26,1779.77
6.62041,2.26842e-08,10.8349,6327.06,11.1677,5.79598,6.02137,13.9227,16.6318
2752.52,2752.78,2752.75,4374.63,2752.22,2752.3,2751.81,2752.3,2752.69
3000,3000,3000,3000,3000,3000,3000,3000,3000
3000,3000,3000,3000,3000,3000,3000,3000,3000
3000,3000,3000,3000,3000,3000,3000,3000,3000
3000,3000,3000,3000,3000,3000,3000,3000,3000
3000,3000,3000,3000,3000,3000,3000,3000,3000
3000,3000,3000,3000,3000,3000,3000,3000,3000
1625.71,1625.46,1624.03,1626.23,1625.44,1624.51,2401.18,1625.85,1624.74
-463.961,6260.42,-469.158,-449.421,-488.988,-475.895,-481.262,-478.978,-457.708
-999.999,2928.36,-999.999,-999.999,-999.999,-999.999,-999.999,-999.999,-999.999
-141.629,-173.404,-142.193,-155.218,6316.39,-159.225,-118.844,-171.999,-172.179
5856.23,1736.06,1737.09,1740.1,1740.39,1737.59,1742.93,1737.56,1740.22
6297.48,1871.78,1857.72,1867.16,1847.24,1862.28,1846.71,1858.63,1869.88
5815.32,1759.61,1758.35,1757.84,1757.5,1762.25,1757.76,1759.81,1759.92
3387.68,2760.26,2760.06,2760.15,2759.39,2759.94,2759.48,2760.28,2760.35
3000,3000,3000,3000,3000,3000,3000,3000,3000
3000,3000,3000,3000,3000,3000,3000,3000,3000
3000,3000,3000,3000,3000,3000,3000,3000,3000
3000,3000,3000,3000,3000,3000,3000,3000,3000
3000,3000,3000,3000,3000,3000,3000,3000,3000
3000,3000,3000,3000,3000,3000,3000,3000,3000
1289.49,1289.69,1288.95,2083.75,1287.11,1289.25,1286.29,1290.51,1288.35
3839.5,-951.954,-948.514,-961.787,-958.185,-961.014,-963.354,-962.829,-958.543
-981.41,-973.943,-982.871,-979.423,-983.135,-974.429,-986.854,6104.94,-990.141
-877.388,-858.733,-863.508,-843.118,-858.652,-876.151,-874.011,5135.58,-858.601
6175.61,1775.27,1761.95,1772.19,1771.34,1767.29,1785.95,1766.05,1766.88
6309.17,1823,1832.14,1821.2,1815.8,1827.29,1883.27,1812.78,1830.73
1808.72,1812.57,1808.77,1808.79,1808.7,1808.48,4433.65,1808.75,1809.17
2789.77,2789.29,2790.06,2910.9,2790.03,2789.51,2789.54,2789.55,2788.46
3000,3000,3000,3000,3000,3000,3000,3000,3000
3000,3000,3000,3000,3000,3000,3000,3000,3000
3000,3000,3000,3000,3000,3000,3000,3000,3000
3000,3000,3000,3000,3000,3000,3000,3000,3000
3000,3000,3000,3000,3000,3000,3000,3000,3000
3000,3000,3000,3000,3000,3000,3000,3000,3000
1846.53,1846.33,1846.26,1846.38,1846.06,1846.42,1844.98,1846.37,1843.66
-552.707,-561.414,-562.01,-549.079,-571.62,-562.294,-565.83,1625.68,-537.631
-956.57,-962.73,-969.587,-979.252,1528.96,-972.25,-974.651,-987.923,-971.608
-764.545,-767.851,-750.985,-779.817,-777.574,-765.936,-769.897,1692.89,-759.539
1745.39,1745.34,1745.42,1741.55,1745.47,1742.78,1745.45,1745.45,1860.77
1752.6,1752.15,1752.61,1752.27,1752.44,1752.63,1752.61,1752.48,1775.52
1774.24,1774.2,1787.03,1774.26,1774.18,1770.13,1774.33,1774.34,1774.37
2651.17,2651.82,2650.76,2651.36,2652.61,2650.86,2651.08,2652.59,2651.81
3000,3000,3000,3000,3000,3000,3000,3000,3000
3000,3000,3000,3000,3000,3000,3000,3000,3000
3000,3000,3000,3000,3000,3000,3000,3000,3000
3000,3000,3000,3000,3000,3000,3000,3000,3000
3000,3000,3000,3000,3000,3000,3000,3000,3000
3000,3000,3000,3000,3000,3000,3000,3000,3000
1921.07,1921.54,1921.39,1918.79,1920.8,1920.92,1921.55,1921.49,1921.36
-691.18,-673.419,-680.694,-672.676,-687.195,-686.262,-693.854,1457.15,-693.419
-98.9343,1651.9,-65.7709,-81.6948,-92.034,-76.4948,-93.9297,-90.3346,-76.5006
1716,1719.1,1719.32,1736.54,1719.27,1719.15,1719.25,1719.09,1719.14
1789.63,1790.5,1789.67,1789.44,1789.67,1789.56,1789.56,1789.53,1789.67
1788.37,1788.38,1839.85,1788.4,1788.36,1788.47,1788.45,1788.43,1788.36
1828.19,1829.07,1828.14,1828.01,1827.8,1827.95,1828.21,1828.1,1828.19
2780.75,2780.55,2778.85,2778.95,2780.43,2780.01,2780.63,2779.2,2779.1
3000,3000,3000,3000,3000,3000,3000,3000,3000
3000,3000,3000,3000,3000,3000,3000,3000,3000
3000,3000,3000,3000,3000,3000,3000,3000,3000
3000,3000,3000,3000,3000,3000,3000,3000,3000
3000,3000,3000,3000,3000,3000,3000,3000,3000
3000,3000,3000,3000,3000,3000,3000,3000,3000
1823.48,1821.76,1827.1,1827.1,1824.94,1826.91,1827.05,1823.74,1827.04
-464.416,-462.216,1582.43,-455.003,-441.516,-429.563,-457.933,-453.176,-464.162
-947.713,-959.753,-965.395,-954.293,-932.429,2066.13,-936.27,-916.037,-940.792
-707.921,-754.177,-755.282,-723.266,2565.09,-766.947,-764.909,-757.067,-726.8
1777.54,1777.43,2985.85,1777.42,1777.28,1777.51,1777.52,1777.58,1774.77
1821.46,1841.09,6256.08,1815.88,1827.98,1834.97,1812.67,1835.5,1826.4
1903.56,1903.24,2109.7,1903.54,1903.44,1903.18,1903.44,1903.32,1903.38
2853.7,2854.67,2853.94,2854.14,2855.02,2854.31,2853.31,2854.7,2854.96
3000,3000,3000,3000,3000,3000,3000,3000,3000
3000,3000,3000,3000,3000,3000,3000,3000,3000
3000,3000,3000,3000,3000,3000,3000,3000,3000
3000,3000,3000,3000,3000,3000,3000,3000,3000
3000,3000,3000,3000,3000,3000,3000,3000,3000
3000,3000,3000,3000,3000,3000,3000,3000,3000
2002.1,2001.7,2002.02,2001.78,2001.9,1998.81,2001.88,2001.7,2002.01
-426.839,-465.369,-440.479,-455.013,-464.905,-436.577,-454.724,-456.589,1717.51
1932.92,-955.259,-947.994,-940.761,-929.604,-927.251,-940.133,-942.184,-925.915
389.41,368.008,366.051,389.889,365.941,376.512,1924.44,378.566,377.899
1821.54,1926.36,1821.6,1821.44,1818.79,1821.61,1821.56,1821.65,1821.37
1837.94,1837.94,2143.72,1838,1837.9,1838.07,1838.09,1838.03,1838.05
1905.38,1909.93,1905.41,1905.54,1905.33,1905.48,1905.43,1905.55,1905.61
2845.59,2846.07,2857.37,2846.61,2846.26,2846.37,2844.94,2845.23,2845.98
3000,3000,3000,3000,3000,3000,3000,3000,3000
3000,3000,3000,3000,3000,3000,3000,3000,3000
3000,3000,3000,3000,3000,3000,3000,3000,3000
3000,3000,3000,3000,3000,3000,3000,3000,3000
3000,3000,3000,3000,3000,3000,3000,3000,3000
3000,3000,3000,3000,3000,3000,3000,3000,3000
1323.84,1323.87,2023.75,1320.4,1322.81,1324.49,1323.29,1320.39,1324.74
-604.926,-614.174,-600.598,-605.987,-607.561,-595.173,-588.141,1827.08,-606.349
602.913,1661.57,614.548,607.137,605.816,613.644,606.829,601.711,607.715
1800.11,1799.97,1799.99,1833.68,1800.14,1800.11,1800.08,1799.69,1800.14
1852.39,1852.5,1922.16,1852.61,1852.45,1852.61,1852.58,1852.54,1852.61
1892.12,1892.14,2254.59,1891.89,1892.06,1892.02,1892.17,1891.72,1892.12
2123.39,2123.12,2165.8,2123.16,2123.2,2123.41,2123.27,2123.48,2123
2950.89,2952.14,2950.32,2951.21,2950.24,2951.95,2952.16,2950.11,2950.44
3000,3000,3000,3000,3000,3000,3000,3000,3000
3000,3000,3000,3000,3000,3000,3000,3000,3000
3000,3000,3000,3000,3000,3000,3000,3000,3000
3000,3000,3000,3000,3000,3000,3000,3000,3000
3000,3000,3000,3000,3000,3000,3000,3000,3000
3000,3000,3000,3000,3000,3000,3000,3000,3000
2192.46,2193.89,2273.9,2196.34,2196.97,2196.73,2193.49,2196.85,2193.35
1711.21,1404.5,1408.63,1408.25,1407.97,1407.46,1406.22,1406.36,1408.64
1861.59,1861.42,2140.55,1861.67,1861.78,1861.43,1861.67,1858.46,1861.68
1834.49,1834.47,2665.77,1834.54,1834.53,1834.54,1834.22,1834.39,1834.51
1883.37,1883,1883.33,1883.46,2765.61,1883.28,1883.22,1883.35,1883.18
1934.73,1934.8,1998.46,1934.86,1934.51,1934.85,1934.8,1934.7,1934.81
2389.84,2389.96,2389.95,2389.61,2386.4,2389.31,2402.93,2389.83,2389.65
2985.01,2985.14,2985.03,2983.94,2984.78,2985.51,2983.72,2983.53,2983.79
3000,3000,3000,3000,3000,3000,3000,3000,3000
3000,3000,3000,3000,3000,3000,3000,3000,3000
3000,3000,3000,3000,3000,3000,3000,3000,3000
3000,3000,3000,3000,3000,3000,3000,3000,3000
3000,3000,3000,3000,3000,3000,3000,3000,3000
3000,3000,3000,3000,3000,3000,3000,3000,3000
1929.95,1930.67,1930.53,1928.84,1929.05,1951.08,1929.43,1929.72,1928.03
-437.907,-438.224,-428.539,-423.635,-440.188,-439.403,2093.15,-421.108,-433.001
516.718,3047.86,507.726,514.3,515.2,511.858,513.817,520.308,519.931
1767.58,1765.37,2347.58,1767.66,1767.36,1767.85,1767.86,1767.77,1767.64
1888.26,2421.57,1888.19,1888.05,1888.25,1888.01,1888.24,1888.11,1888.26
1923.13,3030.53,1923.27,1923.37,1923.38,1923.29,1923.51,1923.23,1923.29
2201.87,2752.92,2201.89,2201.68,2201.44,2202.15,2201.97,2201.55,2202.17
2963.76,2963.98,2963.77,2970.07,2963.9,2964.16,2963.21,2963.93,2963.32
3000,3000,3000,3000,3000,3000,3000,3000,3000
3000,3000,3000,3000,3000,3000,3000,3000,3000
3000,3000,3000,3000,3000,3000,3000,3000,3000
3000,3000,3000,3000,3000,3000,3000,3000,3000
3000,3000,3000,3000,3000,3000,3000,3000,3000
3000,3000,3000,3000,3000,3000,3000,3000,3000
2869.43,1581.32,1580.93,1579.7,1580.92,1583.65,1580.93,1579.69,1582.1
-884.826,-883.574,-871.155,-864.301,-889.73,-852.409,-881.514,4692.24,-877.091
-557.462,-606.936,5850.04,-608.491,-611.288,-587.318,-595.89,-628.438,-623.479
6482.14,1697.84,1708.52,1696.59,1690.55,1728.8,1694.44,1707.92,1690.12
3957.4,1860.04,1860.58,1860.26,1860.32,1860.31,1859.98,1860.18,1860.24
1854.3,1854.23,4864.87,1855.06,1854,1854.2,1854.24,1854.24,1854.35
1975.87,4506.36,1979.59,1983.26,1975.99,1976.21,1975.77,1976.01,1975.81
2854.7,2855.2,2855.54,2855.5,2855.43,2855.03,2854.23,2913.36,2854.66
3000,3000,3000,3000,3000,3000,3000,3000,3000
3000,3000,3000,3000,3000,3000,3000,3000,3000
3000,3000,3000,3000,3000,3000,3000,3000,3000
3000,3000,3000,3000,3000,3000,3000,3000,3000
3000,3000,3000,3000,3000,3000,3000,3000,3000
3000,3000,3000,3000,3000,3000,3000,3000,3000
1423.68,1427.67,1427.06,1425.21,1425.33,1426.15,1426.06,1426.94,1566.36
-881.425,-878.899,-878.222,2768.45,-871.369,-895.247,-885.973,-870.737,-890.874
-755.888,-755.063,-740.115,-773.341,-757.241,-751.528,-737.003,3043.25,-740.966
-384.442,-369.406,-370.296,-367.91,-369.953,-366.479,-397.687,-381.796,4432.19
1810.06,5618.01,1809.59,1809.92,1809.26,1810.3,1809.63,1809.59,1809.59
1729.11,5588.46,1739.5,1729.26,1728.78,1729.2,1729.21,1729.1,1729.04
1861.53,1862.05,1861.39,4934.78,1862.01,1863.32,1861.99,1861.98,1861.81
2869.1,2869.25,2925,2869.41,2868.9,2869.32,2867.94,2869.12,2868.1
3000,3000,3000,3000,3000,3000,3000,3000,3000
3000,3000,3000,3000,3000,3000,3000,3000,3000
3000,3000,3000,3000,3000,3000,3000,3000,3000
3000,3000,3000,3000,3000,3000,3000,3000,3000
3000,3000,3000,3000,3000,3000,3000,3000,3000
3000,3000,3000,3000,3000,3000,3000,3000,3000
4760.03,1631.79,1632.36,1634.31,1634.89,1632.69,1634.9,1634.8,1634.78
-617.881,-599.688,-595.527,-615.638,5311.32,-615.053,-610.599,-614.534,-609.789
-582.914,6291.33,-580.9,-610.36,-603.033,-597.686,-574.955,-601.311,-560.968
-194.368,-185.371,-176.429,-276.597,-220.599,-237.082,-299.939,-246.924,6288.4
6293.77,2026.38,2084.33,2110.56,2104.89,2078.78,2020.54,2035.8,1991.29
6286.12,2114.72,2068.26,2090.37,2083,2069.89,2033.69,2084.29,2009.47
5764.48,1800.37,1797.63,1797.27,1799.87,1795.05,1814.97,1783.1,1779.72
2761.08,2757.37,6109.19,2755.59,2758.25,2754.37,2754.76,2755.03,2768.18
3000,3000,3000,3000,3000,3000,3000,3000,3000
3000,3000,3000,3000,3000,3000,3000,3000,3000
3000,3000,3000,3000,3000,3000,3000,3000,3000
3000,3000,3000,3000,3000,3000,3000,3000,3000
3000,3000,3000,3000,3000,3000,3000,3000,3000
3000,3000,3000,3000,3000,3000,3000,3000,3000
1677.42,2287.65,1677.48,1677.24,1675.83,1674.79,1675.59,1677.51,1676.82
-823.285,-836.187,6105.14,-835.799,-817.834,-837.083,-825.918,-822.333,-842.012
-979.818,-978.194,-980.91,-980.149,-980.686,3751.98,-980.721,-979.292,-972.484
-947.507,-944.032,-950.64,-943.96,-945.119,-944.695,-934.384,-941.549,5000.99
6283.89,1756.53,1743.42,1756.98,1755.2,1725.88,1727.03,1759.47,1737.23
5834.85,1779.63,1781.57,1791.66,1779.8,1778.8,1779.12,1779.2,1779.2
1786.39,1786.27,1785.99,5289.2,1786.69,1786.55,1794.86,1786.51,1786.61
2809.86,2810.25,2810.01,2810.37,2810.22,3025.73,2808.9,2809.57,2809.52
3000,3000,3000,3000,3000,3000,3000,3000,3000
3000,3000,3000,3000,3000,3000,3000,3000,3000
3000,3000,3000,3000,3000,3000,3000,3000,3000
3000,3000,3000,3000,3000,3000,3000,3000,3000
3000,3000,3000,3000,3000,3000,3000,3000,3000
3000,3000,3000,3000,3000,3000,3000,3000,3000
1784.29,1787.19,1785.94,1787.3,1785.84,1784.12,1787.65,1787.49,1784.29
-796.374,-815.108,1531.08,-816.165,-799.804,-813.364,-819.481,-790.346,-790.824
-816.183,-819.465,-838.951,-833.017,-825.698,-831.97,1592.18,-823.497,-829.194
-314.057,-343.669,-319.49,-323.582,-325.619,-313.872,-303.977,-314.425,1734.67
1755.88,1754.42,1807.74,1756.01,1755.73,1755.99,1755.95,1756.01,1756.02
1765.37,1765.51,1765.41,1765.13,1765.5,1765.39,1765.35,1765.5,1766.79
1798.53,1798.54,1798.62,1798.4,1798.52,1798.48,1798.1,1803.3,1798.6
2745.94,2746.01,2746.82,2746.31,2746.28,2747.16,2746.34,2748.14,2747.34
3000,3000,3000,3000,3000,3000,3000,3000,3000
3000,3000,3000,3000,3000,3000,3000,3000,3000
3000,3000,3000,3000,3000,3000,3000,3000,3000
3000,3000,3000,3000,3000,3000,3000,3000,3000
3000,3000,3000,3000,3000,3000,3000,3000,3000
3000,3000,3000,3000,3000,3000,3000,3000,3000
1674.06,1672.1,1673.82,1674.5,1674.6,1674.17,1672.65,1673.83,1672.9
-976.886,-955.794,-977.744,-955.563,-972.213,-973.076,-974.09,-973.262,1459.37
-956.859,-970.08,1713.82,-952.839,-950.069,-954.131,-935.125,-955.644,-958.645
1855.99,-95.6532,-94.2832,-78.9056,-96.1926,-67.2067,-89.0706,-40.5488,-66.7964
1783.09,1783.07,1784.21,1783.09,1781.41,1900.4,1783.1,1783.03,1783.17
1790.15,1790.17,1789.88,1790.02,1789.84,1790.11,1790.15,1872.73,1790
1862.17,1862.3,1861.93,1862.06,1862.17,1862.29,1861.99,1874.4,1862.21
2825.9,2826.09,2824.12,2824.38,2824.17,2824.27,2824.36,2824.94,2820.45
3000,3000,3000,3000,3000,3000,3000,3000,3000
3000,3000,3000,3000,3000,3000,3000,3000,3000
3000,3000,3000,3000,3000,3000,3000,3000,3000
3000,3000,3000,3000,3000,3000,3000,3000,3000
3000,3000,3000,3000,3000,3000,3000,3000,3000
3000,3000,3000,3000,3000,3000,3000,3000,3000
1321.71,1321.8,1322.98,1319.89,1545.4,1322.85,1324.16,1322.57,1323.54
-775.445,-781.905,-768.757,1662.06,-768.42,-775.407,-779.425,-764.714,-788.93
-367.752,-364.795,-408.47,-381.201,-353.312,-345.322,-380.821,1756.87,-325.437
172.278,182.187,186.198,163.38,1950.54,194.4,194.704,162.888,189.374
1798.21,2226.08,1798.19,1798.09,1798.2,1795.31,1798.2,1798.19,1798.19
1802.15,1802.18,1949.47,1802.23,1802.09,1802.25,1802.19,1802.24,1802.2
1854.75,1854.72,1870.58,1855.06,1855.05,1854.97,1855.09,1854.7,1855.02
2810.49,2811.97,2810.95,2810.15,2809.94,2810.9,2810.68,2811.3,2810.45
3000,3000,3000,3000,3000,3000,3000,3000,3000
3000,3000,3000,3000,3000,3000,3000,3000,3000
3000,3000,3000,3000,3000,3000,3000,3000,3000
3000,3000,3000,3000,3000,3000,3000,3000,3000
3000,3000,3000,3000,3000,3000,3000,3000,3000
3000,3000,3000,3000,3000,3000,3000,3000,3000
1356.44,1355.11,1356.25,1357.46,1356.09,1354.01,1514.23,1356.56,1355.37
-907.193,-934.103,-932.708,-932.03,-932.264,-909.228,2001.54,-940.231,-915.281
2314.15,-883.569,-898.695,-866.013,-882.705,-863.154,-856.537,-894.934,-868.175
501.576,498.747,510.525,520.16,499.028,518.937,505.288,2040.1,529.068
6259.23,1843.43,1867.78,1843.75,1867.86,1824.34,1831.67,1832.87,1840.87
1825.61,1825.98,1825.98,1825.99,1974.15,1825.88,1825.95,1825.95,1825.91
1954.94,1955.2,1955.16,1955.15,1954.87,2009.83,1955.08,1955.07,1955.11
2883.14,2883.92,2884.15,2882.28,2883.38,2883.91,2882.16,2883.91,2882.6
3000,3000,3000,3000,3000,3000,3000,3000,3000
3000,3000,3000,3000,3000,3000,3000,3000,3000
3000,3000,3000,3000,3000,3000,3000,3000,3000
3000,3000,3000,3000,3000,3000,3000,3000,3000
3000,3000,3000,3000,3000,3000,3000,3000,3000
3000,3000,3000,3000,3000,3000,3000,3000,3000
751.273,741.078,749.327,741.611,749.763,746.456,1695.59,748.296,748.027
-945.289,-922.956,-950.829,1969.68,-958.098,-950.911,-928.718,-926.447,-945.127
-566.574,-583.548,-558.423,1707.22,-585.252,-574.418,-584.497,-570.076,-586.217
1698.07,1698.07,1698.02,1760.14,1698.08,1697.71,1695.67,1697.62,1698
1823.61,1820.96,1989.12,1823.67,1823.56,1823.3,1823.55,1823.69,1823.56
1864.61,2170.32,1864.53,1864.6,1864.61,1864.6,1864.42,1864.58,1864.52
2130.27,2166.01,2130.25,2130.2,2130.28,2130.27,2129.54,2130.3,2129.94
2945.86,2946.1,2947.64,2946.8,2947.89,2947.18,2946.17,2947.78,2946.33
3000,3000,3000,3000,3000,3000,3000,3000,3000
3000,3000,3000,3000,3000,3000,3000,3000,3000
3000,3000,3000,3000,3000,3000,3000,3000,3000
3000,3000,3000,3000,3000,3000,3000,3000,3000
3000,3000,3000,3000,3000,3000,3000,3000,3000
3000,3000,3000,3000,3000,3000,3000,3000,3000
1618.03,1699.22,1618.93,1617.46,1616.88,1616.59,1616.01,1618.78,1617.63
2088.82,-657.445,-664.839,-648.398,-670.894,-643.25,-666.98,-662.373,-673.482
-182.754,-193.065,-198.589,-184.131,-182.511,-188.133,1779.13,-192.382,-196.593
1341.39,1338.2,1344.83,1336.39,1342.43,1346.26,1781.51,1338.61,1333.53
1850.27,1845.28,1848.65,1848.57,1848.44,1848.51,1848.58,1848.29,1848.45
1917.82,1917.92,1920.34,1917.78,1917.15,1917.92,1917.79,1917.75,1917.86
2375.26,2374.81,2375.28,2375.44,2374.01,2375.43,2374.9,2375.49,2374.61
2983.65,2985.47,2984.61,2983.77,2985.22,2985.52,2982.38,2984.09,2985.86
3000,3000,3000,3000,3000,3000,3000,3000,3000
3000,3000,3000,3000,3000,3000,3000,3000,3000
3000,3000,3000,3000,3000,3000,3000,3000,3000
3000,3000,3000,3000,3000,3000,3000,3000,3000
3000,3000,3000,3000,3000,3000,3000,3000,3000
3000,3000,3000,3000,3000,3000,3000,3000,3000
2287.07,2287.39,2287.44,2286.68,2287.52,2287.83,2285.64,2287.51,2287.78
1598.25,1597.43,1598.83,1589.68,1597.76,1592.04,1597.94,1653.66,1598.41
1803.17,1803.82,1805.12,1804.81,1805.11,1805.18,1805.27,1805.31,1805.08
1891.14,1852.2,1852.24,1852.05,1852.18,1851.75,1852.07,1852.06,1852.03
1891.49,1891.68,1891.26,1891.49,1891.48,1891.23,1891.49,1891.47,1891.18
1921.46,1921.42,1921.32,1921.41,1921.48,1921.45,1921.23,1921.36,1921.45
2173.83,2173.67,2173.8,2174.46,2173.54,2173.93,2173.93,2174.02,2173.92
2965.47,2965.9,2965.59,2966.77,2967.38,2966.16,2965.19,2965.17,2964.96
3000,3000,3000,3000,3000,3000,3000,3000,3000
3000,3000,3000,3000,3000,3000,3000,3000,3000
3000,3000,3000,3000,3000,3000,3000,3000,3000
3000,3000,3000,3000,3000,3000,3000,3000,3000
3000,3000,3000,3000,3000,3000,3000,3000,3000
3000,3000,3000,3000,3000,3000,3000,3000,3000
2092.99,2092.95,2217.66,2092.98,2092.9,2093.42,2093.5,2093.03,2093.57
2861.77,-603.495,-608.782,-619.298,-617.563,-603.168,-604.586,-603.007,-611.804
-287.719,-299.574,-316.099,-312.878,-300.58,4818.9,-315.961,-300.083,-307.467
1758.93,1758.7,4168.8,1759.05,1762.88,1759.09,1758.87,1758.95,1761.92
1856.71,2479.96,1856.58,1856.62,1856.74,1856.87,1856.8,1856.84,1856.64
1865.11,2580.58,1864.91,1865.05,1864.56,1865.03,1864.95,1864.77,1865.07
3249.34,1962.75,1962.98,1962.99,1965,1962.58,1962.36,1963.01,1962.85
2966.41,2895.43,2895.02,2895.03,2895.26,2895.39,2893.76,2895.39,2894.6
3000,3000,3000,3000,3000,3000,3000,3000,3000
3000,3000,3000,3000,3000,3000,3000,3000,3000
3000,3000,3000,3000,3000,3000,3000,3000,3000
3000,3000,3000,3000,3000,3000,3000,3000,3000
3000,3000,3000,3000,3000,3000,3000,3000,3000
3000,3000,3000,3000,3000,3000,3000,3000,3000
1430.68,1431.59,1427.62,1431.16,1429.47,1430.86,1431.61,1679.38,1429.76
-788.435,2294.55,-799.47,-797.755,-799.823,-811.18,-801.91,-788.268,-795.11
-948.571,-961.002,-951.56,-950.414,-948.756,3429.42,-954.263,-938.753,-951.859
-762.59,4739.38,-770.933,-767.984,-742.572,-786.309,-785.348,-775.621,-780.269
1795.73,4742.82,1795.97,1796.24,1796.3,1796.37,1796.2,1801.47,1796.37
4280.95,1818.26,1818.19,1821.4,1817.14,1818.14,1818.09,1818.24,1818.19
1859.44,1859.43,1859.22,3109.03,1859.25,1859,1859.37,1859.3,1859.38
2843.76,2951.26,2843.58,2843.77,2843.67,2842.19,2843.38,2842.3,2842.84
3000,3000,3000,3000,3000,3000,3000,3000,3000
3000,3000,3000,3000,3000,3000,3000,3000,3000
3000,3000,3000,3000,3000,3000,3000,3000,3000
3000,3000,3000,3000,3000,3000,3000,3000,3000
3000,3000,3000,3000,3000,3000,3000,3000,3000
3000,3000,3000,3000,3000,3000,3000,3000,3000
1714.5,1710.84,2148.45,1717.08,1713.49,1713.2,1713.9,1713.3,1714.83
-326.699,-332.745,-330.115,-318.088,-299.058,-316.916,-323.681,2839.93,-328.934
-962.891,-945.271,-956.485,2871.04,-949.104,-950.224,-951.593,-958.531,-947.025
-748.146,-748.845,-745.797,-712.655,-766.56,-743.489,-733.267,4096.97,-750.214
1733,5425.03,1734.09,1734.15,1732.8,1735.3,1732.98,1732.99,1733.19
5163.75,1786.2,1786.06,1785.62,1786.01,1785.86,1787.87,1785.96,1785.69
4589.64,1817.1,1817.07,1816.83,1817.01,1816.93,1817.1,1816.88,1816.96
2964.68,2815.65,2813.85,2815.09,2815.25,2814.58,2814.75,2814.92,2815.12
3000,3000,3000,3000,3000,3000,3000,3000,3000
3000,3000,3000,3000,3000,3000,3000,3000,3000
3000,3000,3000,3000,3000,3000,3000,3000,3000
3000,3000,3000,3000,3000,3000,3000,3000,3000
3000,3000,3000,3000,3000,3000,3000,3000,3000
3000,3000,3000,3000,3000,3000,3000,3000,3000
1835.09,1836.72,1837.8,1837.1,1836.58,1835.2,1834.63,2685.78,1836.87
-181.476,-190.294,-199.22,-199.802,-158.184,-184.047,3502.55,-190.598,-180.257
-875.459,-885.458,-848.057,-859.281,-875.455,-805.976,-843.119,-813.408,6308.04
-842.338,-783.181,6287.19,-792.04,-813.093,-806.118,-788.977,-779.37,-822.084
6305.57,1854.33,1788.02,1752.69,1887.53,1819.06,1783.21,1791.24,1765.75
5811.26,1806.11,1819.18,1802.52,1807.8,1806.12,1819.74,1817.58,1808.43
6198.08,1742.29,1751.12,1747.93,1745.68,1745.45,1742.58,1743.37,1745.67
2822.31,2821.7,3041.36,2821.89,2822.2,2822,2820.62,2822.15,2822.55
3000,3000,3000,3000,3000,3000,3000,3000,3000
3000,3000,3000,3000,3000,3000,3000,3000,3000
3000,3000,3000,3000,3000,3000,3000,3000,3000
3000,3000,3000,3000,3000,3000,3000,3000,3000
3000,3000,3000,3000,3000,3000,3000,3000,3000
3000,3000,3000,3000,3000,3000,3000,3000,3000
1673.2,1671.78,1673.17,1673,1673.43,1677,1673.58,1674.34,1674.4
-934.194,-937.253,-944.305,-936.218,1538.23,-936.719,-930.681,-943.676,-931.624
-949.78,-928.972,-917.902,-948.614,-935.946,-945.457,-933.108,1588.62,-942.889
416.107,400.681,403.359,411.378,422.97,1710.11,406.836,407.833,399.023
1761.28,1761.28,1761.27,1761.13,1761.29,1782.05,1761.46,1761.22,1761.34
1773.74,1799.8,1773.68,1773.76,1773.83,1773.82,1773.77,1773.84,1773.78
1834.29,1834.32,1834.17,1834.47,1834.44,1834.36,1834.19,1834.21,1834.49
2835.49,2836.32,2836.59,2835.65,2834.89,2834.76,2837.02,2833.69,2835.2
3000,3000,3000,3000,3000,3000,3000,3000,3000
3000,3000,3000,3000,3000,3000,3000,3000,3000
3000,3000,3000,3000,3000,3000,3000,3000,3000
3000,3000,3000,3000,3000,3000,3000,3000,3000
3000,3000,3000,3000,3000,3000,3000,3000,3000
3000,3000,3000,3000,3000,3000,3000,3000,3000
1996.88,1997.11,1996.76,1996.82,1996.63,1996.25,1996.95,1997.03,1997.13
1202.95,1196.78,1201.79,1206.77,1199.54,1195.26,1708.02,1200.09,1195.23
1659.49,364.546,376.15,367.215,364.108,365.625,351.011,373.886,353.585
-170.908,-163.27,-152.937,-159.838,-167.033,-168.134,1699.53,-164.797,-161.865
1770.85,1770.73,1768.69,1770.83,1770.84,1826.47,1770.73,1770.84,1770.72
1772.97,1773.15,1866.35,1772.73,1771.74,1773.08,1773.14,1773.14,1772.98
1818.84,1837.14,1818.72,1818.69,1818.84,1818.56,1818.72,1818.8,1818.79
2806.33,2806.04,2805.88,2806.94,2807.88,2807.66,2806.67,2805.73,2807.54
3000,3000,3000,3000,3000,3000,3000,3000,3000
3000,3000,3000,3000,3000,3000,3000,3000,3000
3000,3000,3000,3000,3000,3000,3000,3000,3000
3000,3000,3000,3000,3000,3000,3000,3000,3000
3000,3000,3000,3000,3000,3000,3000,3000,3000
3000,3000,3000,3000,3000,3000,3000,3000,3000
1217.73,1215.48,1217.95,1217.69,1215.11,1218.25,1219.68,1588.66,1219.68
1536.59,-976.783,-966.159,-973.362,-962.218,-963.549,-966.919,-974,-956.069
1882.15,-923.518,-893.961,-888.17,-915.034,-916.317,-915.349,-932.202,-920.675
832.648,826.915,835.629,828.723,823.566,2048.51,831.688,811.028,849.542
1807.2,1811.36,1811.36,1811.39,1879.66,1811.38,1811,1811.17,1811.23
1810.58,1810.54,1810.58,1810.52,1810.58,1810.43,1810.56,1810.25,1924.51
1935.31,1935.27,1953.94,1935,1935.31,1935.11,1935.14,1935.2,1935.27
2887.53,2886.64,2887.9,2888.46,2888.11,2887.77,2888.02,2888.32,2887.56
3000,3000,3000,3000,3000,3000,3000,3000,3000
3000,3000,3000,3000,3000,3000,3000,3000,3000
3000,3000,3000,3000,3000,3000,3000,3000,3000
3000,3000,3000,3000,3000,3000,3000,3000,3000
3000,3000,3000,3000,3000,3000,3000,3000,3000
3000,3000,3000,3000,3000,3000,3000,3000,3000
1440.11,1442.31,1442.41,1444.32,1439.59,1442.91,1768.68,1440.84,1443.13
1751.55,-373.691,-401.408,-412.926,-364.578,-400.211,-392.187,-373.284,-362.059
-574.842,2259.64,-582.887,-564.611,-596.171,-558.59,-567.791,-592.329,-573.154
-110.358,-137.608,-136.937,-243.482,6265.83,-155.915,-163.35,-137.08,-259.967
1805.99,6262.5,1824.65,1810.17,1830.34,1815.43,1813.81,1822.77,1800.99
1817.44,1817.57,1817.72,1817.6,1817.65,1817.46,1817.7,1817.66,1817.62
1902.49,1902.48,1902.47,1902.39,1902.3,1902.28,1902.46,1902.18,1902.39
2906.45,2908.39,2908.27,2906.08,2907.43,2906.52,2906.69,2907.9,2906.59
3000,3000,3000,3000,3000,3000,3000,3000,3000
3000,3000,3000,3000,3000,3000,3000,3000,3000
3000,3000,3000,3000,3000,3000,3000,3000,3000
3000,3000,3000,3000,3000,3000,3000,3000,3000
3000,3000,3000,3000,3000,3000,3000,3000,3000
3000,3000,3000,3000,3000,3000,3000,3000,3000
1469.06,1144.96,1146.33,1145.35,1144.44,1145.93,1146.74,1145.37,1144.39
-405.516,1524.21,-398.332,-386.789,-401.359,-401.533,-397.994,-409.414,-399.827
-94.3607,-88.7837,-85.4565,1989.04,-57.1393,-97.4298,-112.283,-84.5916,-72.9198
1243.5,1248.35,1245.78,1995.59,1233.98,1238.24,1247.33,1238.87,1231.47
1832.6,1833.14,1832.5,1833.17,1833.04,1833.32,1833.18,2203.2,1833.4
1838.92,2090.08,1839.1,1839.01,1839.03,1838.9,1839,1838.68,1838.81
2060.76,2060.88,2060.84,2060.35,2060.53,2060.64,2060.66,2060.69,2060.67
2960.28,2961.37,2960.83,2962.09,2960.64,2961.47,2961.11,2959.98,2961.52
3000,3000,3000,3000,3000,3000,3000,3000,3000
3000,3000,3000,3000,3000,3000,3000,3000,3000
3000,3000,3000,3000,3000,3000,3000,3000,3000
3000,3000,3000,3000,3000,3000,3000,3000,3000
3000,3000,3000,3000,3000,3000,3000,3000,3000
3000,3000,3000,3000,3000,3000,3000,3000,3000
2166.31,2166.37,2166.1,2165.86,2163.88,2162.94,2162.13,2165.81,2165.74
1677.08,1678.76,1679.78,1712.82,1679.09,1676.26,1679.02,1676.9,1678.16
1807,1806.56,1806.96,1806.98,1806.49,1806.38,1806.42,1806.84,1806.96
1844.12,1843.73,1843.82,1843.85,1843.79,1843.81,1843.85,1843.93,1843.85
1952.56,1850.31,1850.2,1850.14,1850.19,1850.11,1850.09,1850.22,1850.16
1959.73,1899.63,1899.78,1899.5,1899.61,1899.71,1899.82,1899.81,1899.8
2360.03,2358.98,2360.29,2360.15,2359.66,2359.9,2360.08,2359.21,2360.07
2990.58,2990.05,2989.48,2989.25,2989.77,2988.87,2988.42,2989.54,2989.41
3000,3000,3000,3000,3000,3000,3000,3000,3000
3000,3000,3000,3000,3000,3000,3000,3000,3000
3000,3000,3000,3000,3000,3000,3000,3000,3000
3000,3000,3000,3000,3000,3000,3000,3000,3000
3000,3000,3000,3000,3000,3000,3000,3000,3000
3000,3000,3000,3000,3000,3000,3000,3000,3000
713.472,710.829,714.826,711.58,1491.3,711.441,710.306,710.69,715.651
-938.985,-938.367,-949.4,-922.373,-938.843,-945.497,-937.15,-923.659,1726.88
1649.23,-499.942,-490.182,-498.623,-502.097,-474.673,-480.745,-482.777,-483.645
1793.53,1608.49,1603.74,1607.8,1607.27,1604.03,1604.77,1602.61,1604.23
1887.14,1882.16,1882.12,1882.41,1882.12,1882.2,1882.02,1882.27,1882.08
1926.14,1926.18,1925.98,2024.68,1926.07,1926.02,1926.08,1926.17,1926.11
2151,2151.49,2151.29,2151.35,2151.23,2188.19,2151.21,2151.73,2151.55
2966.43,2966.1,2967.27,2967.14,2968.37,2967.15,2967.1,2967.85,2966.3
3000,3000,3000,3000,3000,3000,3000,3000,3000
3000,3000,3000,3000,3000,3000,3000,3000,3000
3000,3000,3000,3000,3000,3000,3000,3000,3000
3000,3000,3000,3000,3000,3000,3000,3000,3000
3000,3000,3000,3000,3000,3000,3000,3000,3000
3000,3000,3000,3000,3000,3000,3000,3000,3000
1650.63,1648.67,1649.54,1649.28,1650.28,1651.26,1651.71,1648.92,1654.15
-407.657,-403.485,-413.871,-421.137,-415.889,-427.702,-421.431,1441.13,-423.849
485.113,487.095,490.687,497.414,490.474,1619.99,473.561,492.222,493.972
1585.92,1585.49,1581.2,1582.5,1590.88,1591.58,1584.33,1592.46,1727.01
1853.34,1853.3,1901.31,1853.06,1853.3,1853.35,1853.38,1852.91,1853.2
1872.05,1871.71,1872.06,1872.11,1872.08,1872.14,1872.63,1870.29,1872.13
1938.84,1941.2,1938.73,1939.04,1938.96,1938.82,1938.99,1938.84,1938.83
2879.91,2878.84,2878.48,2880.51,2879.1,2880.24,2879.59,2880.47,2878.24
3000,3000,3000,3000,3000,3000,3000,3000,3000
3000,3000,3000,3000,3000,3000,3000,3000,3000
3000,3000,3000,3000,3000,3000,3000,3000,3000
3000,3000,3000,3000,3000,3000,3000,3000,3000
3000,3000,3000,3000,3000,3000,3000,3000,3000
3000,3000,3000,3000,3000,3000,3000,3000,3000
1268.66,1269.08,1270.24,1269.14,1612.45,1268.82,1270.75,1270.84,1271.26
-787.314,-777.975,-791.923,-790.77,-778.603,1945.86,-770.477,-770.893,-788.962
-959.298,-956.439,-957.28,-966.681,-963.743,-950.848,-960.504,2577.36,-952.593
-721.006,3819.81,-705.705,-707.667,-681.918,-706.343,-740.808,-719.057,-725.036
1777.05,3327.36,1776.85,1775.53,1777.23,1777.19,1777.22,1776.58,1777.17
2933.78,1819.15,1819.18,1819.35,1819.03,1819.18,1819.01,1819.05,1819.24
1879.11,1879.34,1878.9,1878.71,1878.81,1878.79,2287.98,1878.89,1878.89
2885.23,2885.08,2885.44,2885.1,2885.24,2889.67,2885.18,2884.48,2884.57
3000,3000,3000,3000,3000,3000,3000,3000,3000
3000,3000,3000,3000,3000,3000,3000,3000,3000
3000,3000,3000,3000,3000,3000,3000,3000,3000
3000,3000,3000,3000,3000,3000,3000,3000,3000
3000,3000,3000,3000,3000,3000,3000,3000,3000
3000,3000,3000,3000,3000,3000,3000,3000,3000
1532.16,588.383,585.701,583.854,581.104,586.244,586.861,585.341,582.995
-965.343,-964.256,-969.437,-972.699,-967.347,-955.975,-969.912,-978.177,2233.47
-903.646,-927.193,-910.485,3542.22,-907.094,-940.352,-911.903,-929.128,-924.978
-295.841,4073.75,-307.684,-322.596,-299.352,-334.835,-313.503,-306.514,-333.429
3742.35,1784.3,1782.6,1784.74,1784.57,1784.12,1784.32,1784.58,1784.48
1800.81,3270.98,1800.78,1800.61,1802.49,1800.59,1800.81,1800.77,1800.63
1844.72,1844.93,2812.06,1843.77,1844.4,1844.77,1844.81,1844.71,1844.73
2906.71,2886.14,2886.58,2885.59,2885.58,2884.78,2885.67,2883.98,2884.36
3000,3000,3000,3000,3000,3000,3000,3000,3000
3000,3000,3000,3000,3000,3000,3000,3000,3000
3000,3000,3000,3000,3000,3000,3000,3000,3000
3000,3000,3000,3000,3000,3000,3000,3000,3000
3000,3000,3000,3000,3000,3000,3000,3000,3000
3000,3000,3000,3000,3000,3000,3000,3000,3000
1592.74,1592.17,2038.19,1591.09,1591.88,1592.24,1591.37,1590.4,1593.13
-104.812,-98.1676,-88.3056,-98.2143,-99.8343,-94.1553,2430.99,-98.7008,-101.533
-831.954,6305.68,-771.745,-799.328,-794.933,-819.42,-842.695,-788.317,-796.895
4858.1,720.77,699.736,699.648,703.45,712.467,703.773,709.116,699.117
4529.06,1795.19,1796.6,1796.6,1796.94,1794.96,1797.01,1797.18,1796.82
1804.19,3804.47,1804.08,1804.37,1804.07,1803.73,1804.07,1804.05,1804.17
1864.66,1864.01,3027.57,1864.45,1868.57,1864.53,1864.84,1864.28,1863.94
2906.17,2909.24,2904.67,2904.84,2906.13,2905.69,2905.02,2905.05,2905.96
3000,3000,3000,3000,3000,3000,3000,3000,3000
3000,3000,3000,3000,3000,3000,3000,3000,3000
3000,3000,3000,3000,3000,3000,3000,3000,3000
3000,3000,3000,3000,3000,3000,3000,3000,3000
3000,3000,3000,3000,3000,3000,3000,3000,3000
3000,3000,3000,3000,3000,3000,3000,3000,3000
1781.17,1782.92,1783.18,1783.27,1783.35,1783.28,1783.18,1783.24,1782.68
1626.36,-764.457,-760.971,-745.396,-767.549,-744.775,-734.34,-732.893,-761.038
-934.382,-924.895,-916.961,-924.183,-929.05,-933.601,-918.632,1596.39,-904.354
-520.271,-526.713,-498.364,1682.53,-509.008,-494.89,-521.259,-526.882,-520.435
1780.09,1760.9,1760.92,1760.8,1760.79,1758.59,1760.89,1760.3,1760.83
1766.11,1766.13,1766.17,1763.39,1766.02,1766.1,1765.87,1766.09,1766.16
1813.3,1813.35,1813.32,1813.35,1813.09,1813.22,1813.35,1813.38,1813.08
2888.24,2888.48,2888.86,2887.52,2887.98,2889.53,2888.17,2888.58,2888.66
3000,3000,3000,3000,3000,3000,3000,3000,3000
3000,3000,3000,3000,3000,3000,3000,3000,3000
3000,3000,3000,3000,3000,3000,3000,3000,3000
3000,3000,3000,3000,3000,3000,3000,3000,3000
3000,3000,3000,3000,3000,3000,3000,3000,3000
3000,3000,3000,3000,3000,3000,3000,3000,3000
2200.76,2198.68,2199.05,2198.63,2198.78,2198.85,2199.31,2198.42,2199.32
1186.08,1184.38,1182.1,1184.59,1690.81,1187.2,1185.95,1184.78,1185.78
1708.51,1571.42,1573.97,1571.99,1575.28,1576.31,1573.45,1572.7,1572.82
1787,1771.64,1771.54,1771.29,1771.72,1771.55,1771.59,1771.71,1771.68
1806.58,1806.88,1842.92,1806.86,1806.85,1806.82,1806.86,1806.73,1806.6
1797.03,1796.94,1830,1797.04,1796.8,1796.97,1796.62,1796.62,1796.98
1898.92,1899.19,1899.24,1899.28,1898.97,1899.33,1899.3,1900.87,1897.07
2927.13,2927.39,2926.21,2927.15,2926.97,2926.86,2926.72,2927.17,2926.46
3000,3000,3000,3000,3000,3000,3000,3000,3000
3000,3000,3000,3000,3000,3000,3000,3000,3000
3000,3000,3000,3000,3000,3000,3000,3000,3000
3000,3000,3000,3000,3000,3000,3000,3000,3000
3000,3000,3000,3000,3000,3000,3000,3000,3000
3000,3000,3000,3000,3000,3000,3000,3000,3000
1637.52,1637.84,1639.32,1652.85,1640.04,1639.53,1639.15,1640.44,1640.06
-107.257,-101.421,-91.9441,-114.199,-109.432,-120.095,1691.08,-83.8884,-105.283
-56.1303,-22.436,-21.2946,-67.0392,-63.9548,-92.326,-117.459,6276.13,-6.55134
560.422,547.518,6269.15,575.938,543.905,535.876,538.182,530.058,578.781
1803.25,1803.22,1800.07,1803.13,1803.27,2307.86,1802.99,1802.88,1802.71
1791.58,1791.55,1791.44,1791.5,1863,1791.57,1790.95,1791.24,1791.43
1915.55,1915.59,1915.55,1920.72,1915.37,1915.81,1915.32,1915.12,1915.68
2921.16,2919.86,2921.22,2921.34,2921.41,2920.34,2919.08,2920.02,2920.87
3000,3000,3000,3000,3000,3000,3000,3000,3000
3000,3000,3000,3000,3000,3000,3000,3000,3000
3000,3000,3000,3000,3000,3000,3000,3000,3000
3000,3000,3000,3000,3000,3000,3000,3000,3000
3000,3000,3000,3000,3000,3000,3000,3000,3000
3000,3000,3000,3000,3000,3000,3000,3000,3000
1921.28,1919.79,1921.4,1921.24,1917.79,1921.59,1920.45,1919.64,1921.59
506.344,516.21,506.506,509.885,511.836,512.598,1722.05,505.097,509.821
-19.2707,-47.4789,-13.3846,7.32041,2101.52,-9.27954,-21.8156,-9.29913,-19.3465
1535.28,1529.8,1528.51,1546.69,1529.2,1538.14,1529.67,2202.09,1531.71
1822.79,1822.69,2463.02,1822.78,1822.79,1822.63,1822.71,1822.86,1823.51
1828.88,1828.86,1828.93,2134.48,1828.76,1828.77,1828.76,1828.54,1828.51
1992.77,1993.1,1993.26,1992.51,1992.99,1993.13,1992.63,1993.06,1992.8
2952.22,2949.98,2952.11,2951.02,2951.86,2950.58,2950.88,2951.38,2950.88
3000,3000,3000,3000,3000,3000,3000,3000,3000
3000,3000,3000,3000,3000,3000,3000,3000,3000
3000,3000,3000,3000,3000,3000,3000,3000,3000
3000,3000,3000,3000,3000,3000,3000,3000,3000
3000,3000,3000,3000,3000,3000,3000,3000,3000
3000,3000,3000,3000,3000,3000,3000,3000,3000
1754.78,1754.15,1754.71,1755.88,1755.78,1753.65,1755.6,1755.73,1755.63
-300.664,-296.212,-302.474,-294.5,1642.24,-309.517,-290.608,-300.204,-313.051
579.191,556.822,573.875,1799.98,563.772,570.704,559.064,561.97,546.284
1676.6,1670.45,1671.19,1678.88,1676.4,1677.87,1772.14,1673.45,1664.01
1826.92,1827.03,1826.85,2195.64,1826.25,1826.87,1827.09,1827.12,1826.97
1838.92,1838.92,1838.79,1923.3,1838.86,1838.77,1838.92,1838.9,1838.81
1880.16,1880.36,1880.97,1880.53,1880.49,1880.67,1880.66,1880.53,1880.55
2963.24,2962.29,2964.49,2963.47,2962.59,2964.24,2963.58,2962.32,2962.69
3000,3000,3000,3000,3000,3000,3000,3000,3000
3000,3000,3000,3000,3000,3000,3000,3000,3000
3000,3000,3000,3000,3000,3000,3000,3000,3000
3000,3000,3000,3000,3000,3000,3000,3000,3000
3000,3000,3000,3000,3000,3000,3000,3000,3000
3000,3000,3000,3000,3000,3000,3000,3000,3000
1379.74,438.532,438.412,438.015,435.996,439.213,442.763,438.642,439.762
-251.883,-258.496,1322.5,-255.986,-255.797,-252.963,-252.58,-251.47,-255.143
1773.24,877.569,883.554,880.262,878.08,883.129,882.096,882.231,885.262
1148.28,1150.29,1144.25,1770.24,1152.03,1140.57,1144.42,1147.93,1146.28
1843.8,1843.89,1843.96,1843.95,1843.99,1843.11,1878.12,1843.7,1843.65
1864.69,1864.69,1864.69,1864.39,1864.13,1864.67,1864.36,1864.59,1864.61
2437.28,2436.91,2437.1,2437.12,2437.72,2437.81,2437.28,2437.33,2437.89
2991.26,2991.92,2991.54,2991.16,2990.77,2990.54,2990.12,2991.04,2992.28
3000,3000,3000,3000,3000,3000,3000,3000,3000
3000,3000,3000,3000,3000,3000,3000,3000,3000
3000,3000,3000,3000,3000,3000,3000,3000,3000
3000,3000,3000,3000,3000,3000,3000,3000,3000
3000,3000,3000,3000,3000,3000,3000,3000,3000
3000,3000,3000,3000,3000,3000,3000,3000,3000
146.054,129.221,1483.71,136.702,147.224,137.501,133.168,134.278,138.358
-957.332,1719.27,-952.715,-937.213,-950.196,-962.946,-964.054,-939.623,-944.741
-690.072,-696.282,-678.402,-698.65,1747.09,-681.862,-688.662,-687.646,-688.94
1041.57,1039.73,1038.76,1753.78,1041.36,1046.03,1033.42,1044.14,1044.63
1872.63,1981.48,1872.66,1872.54,1872.17,1871.95,1872.59,1872.57,1872.54
1987.82,1946.44,1946.5,1946.53,1946.21,1946.55,1946.36,1946.21,1946.48
2123.6,2123.7,2123.86,2123.57,2123.75,2123.75,2123.93,2123.2,2123.08
2976.14,2976.96,2974.83,2976.21,2976.17,2975.42,2976.56,2976.2,2975.39
3000,3000,3000,3000,3000,3000,3000,3000,3000
3000,3000,3000,3000,3000,3000,3000,3000,3000
3000,3000,3000,3000,3000,3000,3000,3000,3000
3000,3000,3000,3000,3000,3000,3000,3000,3000
3000,3000,3000,3000,3000,3000,3000,3000,3000
3000,3000,3000,3000,3000,3000,3000,3000,3000
1778.07,1777.27,1777.68,1777.24,1777.3,1790.24,1777.43,1777.4,1778.56
-808.478,-818.447,-812.589,-794.55,-796.558,-795.489,-813.553,1511.47,-827.5
-693.751,-655.956,1819.88,-708.767,-630.348,-672.397,-685.6,-668.741,-676.871
1093.49,1114.21,1133.03,1103.61,1684.28,1119.31,1115.21,1116.82,1108.62
1836.64,1836.52,1836.2,1836.63,1836.63,2020.44,1836.58,1836.3,1836.6
1890.81,1890.98,1890.87,2068.87,1890.77,1890.81,1888.93,1891.08,1890.95
2119.17,1969.23,1969.39,1969.26,1969.05,1969.35,1969.19,1969.02,1969.03
2935.81,2936.69,2937.22,2937.69,2936,2937.63,2936.1,2937.82,2935.36
3000,3000,3000,3000,3000,3000,3000,3000,3000
3000,3000,3000,3000,3000,3000,3000,3000,3000
3000,3000,3000,3000,3000,3000,3000,3000,3000
3000,3000,3000,3000,3000,3000,3000,3000,3000
3000,3000,3000,3000,3000,3000,3000,3000,3000
3000,3000,3000,3000,3000,3000,3000,3000,3000
1839.74,1839.3,1836.65,1839.8,1837.22,1885.21,1839.22,1839.27,1837.38
-187.745,-185.895,2049.81,-184.405,-199.804,-183.555,-174.974,-199.86,-196.628
-879.122,1955.82,-907.051,-898.798,-896.789,-904.185,-901.598,-885.402,-891.914
-130.764,2503.68,-123.598,-134.713,-109.866,-124.714,-94.3248,-89.7737,-115.995
1812.6,1809.53,1812.58,1812.14,1812.59,2024.83,1812.68,1812.25,1811.97
1838.12,1851.53,1838.36,1837.9,1838.42,1837.8,1838.41,1837.74,1838.08
1899.46,1899.09,1899.4,1902.37,1899.59,1899.02,1899.06,1899.52,1899.5
2923.38,2922.56,2923.16,2922.8,2921.52,2922.91,2921.95,2921.59,2921.87
3000,3000,3000,3000,3000,3000,3000,3000,3000
3000,3000,3000,3000,3000,3000,3000,3000,3000
3000,3000,3000,3000,3000,3000,3000,3000,3000
3000,3000,3000,3000,3000,3000,3000,3000,3000
3000,3000,3000,3000,3000,3000,3000,3000,3000
3000,3000,3000,3000,3000,3000,3000,3000,3000
2045.53,2046.72,2099.34,2047.35,2048.91,2047.79,2048.48,2049.3,2048.89
98.7201,92.3944,94.8346,102.665,83.702,98.2237,93.4804,91.1851,1676.23
403.891,400.039,399.369,393.575,393.598,383.849,381.222,390.228,2344.32
2517,1664.27,1665.97,1664.87,1663.61,1665.96,1664.68,1665.9,1666.07
1797.06,2063.24,1796.92,1797.09,1797.14,1797.27,1797.24,1797.12,1796.57
2330.87,1790.52,1790.15,1790.42,1790.54,1790.47,1790.33,1790.15,1790.3
2488.63,1825.57,1825.44,1825.31,1825.52,1825.5,1825.64,1825.46,1825.01
2929.47,2930.4,2931.56,2931.96,2930.35,2931.1,2931.58,2929.75,2930.25
3000,3000,3000,3000,3000,3000,3000,3000,3000
3000,3000,3000,3000,3000,3000,3000,3000,3000
3000,3000,3000,3000,3000,3000,3000,3000,3000
3000,3000,3000,3000,3000,3000,3000,3000,3000
3000,3000,3000,3000,3000,3000,3000,3000,3000
3000,3000,3000,3000,3000,3000,3000,3000,3000
1434.93,1648.38,1435.85,1435.28,1433.47,1432.98,1435.86,1434.61,1431.88
-984.916,-982.405,-960.984,-983.151,-982.288,-980.451,-985.113,-975.95,1331.06
-964.829,-983.3,-985.878,-980.724,1937.16,-981.422,-981.337,-978.907,-985.818
-862.082,-838.2,-849.278,-862.088,-843.053,-849.495,-838.004,-857.26,2239.81
1729.65,1732.51,3033.77,1732.28,1732.11,1731.96,1732.57,1732.23,1732.54
1756.74,1757.16,2700.79,1756.93,1756.8,1757.02,1756.98,1756.71,1757.11
1795.01,1794.86,2667.85,1794.22,1794.47,1794.95,1794.96,1794.49,1794.42
2915.86,2915.59,2915.67,2915.27,2915.4,2931.45,2915.28,2915.4,2915.26
3000,3000,3000,3000,3000,3000,3000,3000,3000
3000,3000,3000,3000,3000,3000,3000,3000,3000
3000,3000,3000,3000,3000,3000,3000,3000,3000
3000,3000,3000,3000,3000,3000,3000,3000,3000
3000,3000,3000,3000,3000,3000,3000,3000,3000
3000,3000,3000,3000,3000,3000,3000,3000,3000
1973.53,1973.81,1973.35,1973.68,1973.4,1973.71,1973.37,1973.61,1973.77
-631.293,1588,-638.679,-652.739,-629.325,-635.073,-642.323,-634.445,-633.312
-920.146,-928.72,-904.354,-924.608,-908.309,-906.403,1555.73,-913.994,-905.181
733.559,737.096,741.676,730.142,728.056,727.337,726.791,725.401,1715.68
1775.95,1775.93,1775.93,1776,1776.05,1775.92,1793.04,1775.93,1775.99
1784.55,1784.28,1784.47,1784.32,1784.54,1784.56,1784.55,1784.55,1784.4
1886.63,1886.72,1886.45,1887.01,1886.93,1887.05,1886.97,1886.84,1886.78
2936.52,2934.92,2934.76,2934.77,2935.59,2935.35,2934.49,2935.69,2936.22
3000,3000,3000,3000,3000,3000,3000,3000,3000
3000,3000,3000,3000,3000,3000,3000,3000,3000
3000,3000,3000,3000,3000,3000,3000,3000,3000
3000,3000,3000,3000,3000,3000,3000,3000,3000
3000,3000,3000,3000,3000,3000,3000,3000,3000
3000,3000,3000,3000,3000,3000,3000,3000,3000
1740.46,1740.64,1740.51,1740.47,1740.64,1740.24,1740.6,1739.01,1738.57
-536.865,-549.212,-544.073,-524.969,-545.228,-532.032,-542.798,-544.377,1450.58
50.7298,38.1383,76.4677,60.71,71.5167,1742.31,50.0689,45.0764,55.1545
1778.9,1778.98,1778.48,1779.01,1778.83,1782.22,1778.85,1778.66,1778.95
1809.87,1845.79,1809.95,1810.11,1809.81,1809.97,1810.19,1809.96,1810.13
1818.35,1818.14,1818.27,1818.04,1817.85,1818.28,1818.41,1818.44,1818.07
1991.29,1991.45,1991.27,1991.5,1991.15,1991.75,1991.25,1991.75,1991.36
2955.66,2955.67,2957.44,2957.74,2955.71,2956.05,2955.88,2955.56,2955.78
3000,3000,3000,3000,3000,3000,3000,3000,3000
3000,3000,3000,3000,3000,3000,3000,3000,3000
3000,3000,3000,3000,3000,3000,3000,3000,3000
3000,3000,3000,3000,3000,3000,3000,3000,3000
3000,3000,3000,3000,3000,3000,3000,3000,3000
3000,3000,3000,3000,3000,3000,3000,3000,3000
1780.17,1780.17,1780.21,1780.14,1780.14,1779.64,1780.2,1780.11,1779.83
-368.56,-377.988,-371.505,-373.129,-348.471,-368.412,-361.589,1619.78,-350.364
-684.308,-703.077,-694.387,-685.744,-688.25,-697.587,-677.831,-695.049,1551.14
1349.58,6272.58,1362.97,1351.49,1371.65,1380.43,1356.07,1338.23,1360.73
1821.18,1820.96,1821.06,1817.51,1820.44,1821.13,1821.04,1825.31,1820.6
1833.11,1832.83,1832.93,1832.82,1833.14,1832.93,1832.93,1832.75,1832.47
2073.35,2073.01,2072.66,2072.93,2073.4,2073.43,2073.04,2072.76,2072.76
2959.71,2960.61,2960.17,2961.68,2961.4,2959.91,2962.06,2961.12,2961.52
3000,3000,3000,3000,3000,3000,3000,3000,3000
3000,3000,3000,3000,3000,3000,3000,3000,3000
3000,3000,3000,3000,3000,3000,3000,3000,3000
3000,3000,3000,3000,3000,3000,3000,3000,3000
3000,3000,3000,3000,3000,3000,3000,3000,3000
3000,3000,3000,3000,3000,3000,3000,3000,3000
1890.7,1892.85,1892.82,1890.12,1892.55,1892.74,1892.27,1889.08,1892.57
643.305,636.258,622.907,635.358,631.779,631.524,1688.03,627.708,625.131
6279.24,453.124,531.26,517.885,579.933,438.821,449.35,465.727,473.765
2264.76,2.39961,-4.66921,13.1654,-5.90834,-23.5242,-40.8207,-80.4534,-81.6491
1807.08,1807.14,1806.76,1806.99,1807.09,1807.07,1807.13,1861.68,1807.05
1826.71,1826.55,1826.68,1826.51,1826.45,1852.87,1826.7,1826.47,1826.6
1955.45,1955.67,1955.38,1955.36,1954.44,1955.3,1955.56,1955.13,1955.3
2950.38,2951.21,2950.31,2951.67,2951.78,2952.18,2950.08,2949.75,2951.67
3000,3000,3000,3000,3000,3000,3000,3000,3000
3000,3000,3000,3000,3000,3000,3000,3000,3000
3000,3000,3000,3000,3000,3000,3000,3000,3000
3000,3000,3000,3000,3000,3000,3000,3000,3000
3000,3000,3000,3000,3000,3000,3000,3000,3000
3000,3000,3000,3000,3000,3000,3000,3000,3000
1968.75,1967.19,1970.67,1969.07,1971.01,1967.9,1970.99,1970.8,1970.79
-482.307,-469.116,-472.348,-472.119,-469.865,-452.952,-473.181,1380.45,-467.307
-873.419,-899.401,-924.608,-874.627,-895.424,-897.763,1743.23,-874.047,-915.282
885.861,876.005,870.044,1876.29,861.814,874.582,861.192,851.497,861.985
1898.92,1847.94,1847.87,1847.95,1847.56,1847.88,1847.85,1847.66,1847.88
1850.81,1850.76,1850.65,1850.77,1850.21,1904.47,1850.73,1850.61,1850.8
1934.95,1934.83,1934.59,1934.86,1934.12,1935,1934.84,1936.65,1934.91
2984.58,2984.32,2983.2,2983.62,2983.6,2982.98,2984.57,2982.96,2983.36
3000,3000,3000,3000,3000,3000,3000,3000,3000
3000,3000,3000,3000,3000,3000,3000,3000,3000
3000,3000,3000,3000,3000,3000,3000,3000,3000
3000,3000,3000,3000,3000,3000,3000,3000,3000
3000,3000,3000,3000,3000,3000,3000,3000,3000
3000,3000,3000,3000,3000,3000,3000,3000,3000
31.8316,1278.82,39.1962,32.7067,33.8319,32.9694,30.4325,36.3782,41.5287
-967.602,-981.331,1618.54,-964.865,-969.824,-952.933,-979.781,-956.485,-979.444
-818.177,-817.333,-819.98,-819.712,1264.39,-819.402,-807.949,-822.361,-819.392
923.749,1776.29,918.461,917.232,923.458,921.368,920.608,926.48,915.353
1854.93,1886.03,1855.15,1855.18,1855.13,1855,1855.11,1855.16,1855.21
1870.31,1870.56,1870.6,1936.3,1870.57,1870.56,1870.32,1870.55,1870.39
2490.66,2491.21,2489.88,2490.47,2490.36,2489.85,2490.95,2491,2490.42
2993.22,2995.11,2994.59,2994.97,2993.49,2994.48,2993.32,2994.45,2994.16
3000,3000,3000,3000,3000,3000,3000,3000,3000
3000,3000,3000,3000,3000,3000,3000,3000,3000
3000,3000,3000,3000,3000,3000,3000,3000,3000
3000,3000,3000,3000,3000,3000,3000,3000,3000
3000,3000,3000,3000,3000,3000,3000,3000,3000
3000,3000,3000,3000,3000,3000,3000,3000,3000
2346.99,2347.56,2347.73,2346.92,2345.97,2346.99,2346.62,2346.37,2347.17
1711.07,1712.12,1708.99,1710.38,1708.49,1711.34,1710.81,1709.01,1782.1
1904.5,1904.02,1904.36,1902.85,1904.64,1904.24,1904.47,1904.66,1904.09
1868.17,1868.05,1867.98,1893.34,1865.17,1868.22,1868.44,1865.67,1868.26
1875.9,1876.4,1876.47,1876.06,1876.48,1876.51,1876.32,1876.54,1876.44
1961.61,1961.54,1961.49,1961.3,1960.79,1961.58,1961.16,1961.13,1961.08
2072.28,2072.25,2072.45,2071.68,2072.49,2072.6,2072.41,2072.18,2072.35
2984.05,2984.8,2983.09,2984.2,2984.48,2983.76,2984.23,2984.38,2983.47
3000,3000,3000,3000,3000,3000,3000,3000,3000
3000,3000,3000,3000,3000,3000,3000,3000,3000
3000,3000,3000,3000,3000,3000,3000,3000,3000
3000,3000,3000,3000,3000,3000,3000,3000,3000
3000,3000,3000,3000,3000,3000,3000,3000,3000
3000,3000,3000,3000,3000,3000,3000,3000,3000
1694.76,1694.54,1692.25,1694.72,1694.63,1692.02,1693.5,1694.43,1694.68
-718.921,-725.483,-713.78,-715.239,-732.301,-728.908,-716.061,-704.41,1462.06
-399.18,-405.219,-406.243,-390.034,-413.153,-387.257,-401.981,-399.007,1622.13
1779.52,1776.65,1779.54,1779.53,1778.7,1781.64,1779.48,1779.5,1779.54
1904.41,1905.01,1904.9,1905.06,1905.02,1905.07,1904.85,1924.43,1904.51
1915.52,1915.77,1915.71,1915.61,1915.65,1917.9,1915.78,1915.37,1915.58
2085.22,2084.32,2085.25,2085.17,2084.73,2085.06,2084.64,2084.71,2084.86
2972.15,2973.04,2972.77,2973.49,2972.3,2972.14,2974.22,2971.83,2973.34
3000,3000,3000,3000,3000,3000,3000,3000,3000
3000,3000,3000,3000,3000,3000,3000,3000,3000
3000,3000,3000,3000,3000,3000,3000,3000,3000
3000,3000,3000,3000,3000,3000,3000,3000,3000
3000,3000,3000,3000,3000,3000,3000,3000,3000
3000,3000,3000,3000,3000,3000,3000,3000,3000
1890.42,1888.78,1890.39,1890.16,1890.42,1892.6,1890.44,1890.55,1890.48
-657.356,-662.416,-661.154,-650.902,-659.145,-662.374,1521.33,-658.912,-660.2
-884.637,-921.557,-911.191,-914.833,-883.1,1505.19,-916.109,-915.417,-893.334
-14.317,-6.02721,11.1289,-4.0069,6.4041,-30.0893,-0.994562,10.3328,1675.02
1798.07,1801.4,1801.31,1822.4,1801.41,1801.54,1801.53,1801.28,1800.95
1863.86,1840.06,1840.34,1840.26,1840.21,1840.19,1840.28,1840.22,1840.19
1938.45,1935.79,1936,1935.62,1935.79,1935.75,1935.96,1935.49,1935.05
2949.66,2948.52,2950.17,2950.39,2951.14,2949.14,2948.71,2951.07,2950.56
3000,3000,3000,3000,3000,3000,3000,3000,3000
3000,3000,3000,3000,3000,3000,3000,3000,3000
3000,3000,3000,3000,3000,3000,3000,3000,3000
3000,3000,3000,3000,3000,3000,3000,3000,3000
3000,3000,3000,3000,3000,3000,3000,3000,3000
3000,3000,3000,3000,3000,3000,3000,3000,3000
1583.86,1591.94,1585.28,1586.14,1586.14,1586.7,1586.12,1586.12,1586.24
-876.599,-896.624,1636.56,-875.019,-884.449,-872.298,-896.989,-889.43,-898.842
-988.041,-986.114,-990.141,-983.132,1311.61,-983.169,-989.235,-993.839,-984.572
-853.913,-858.174,1823.06,-842.752,-859.386,-859.007,-857.195,-877.211,-849.51
1748.17,1746.94,2242.66,1749.36,1749.39,1748.83,1749.06,1749.17,1749.2
1788.03,1787.35,1850.94,1787.61,1787.93,1787.14,1788.02,1787.81,1787.59
1879.09,1879.54,1879.72,1879.65,1879.94,1879.54,1887.07,1880.15,1879.63
2937.58,2937.03,2936.55,2936.94,2936.4,2935.24,2937.61,2936.08,2935.68
3000,3000,3000,3000,3000,3000,3000,3000,3000
3000,3000,3000,3000,3000,3000,3000,3000,3000
3000,3000,3000,3000,3000,3000,3000,3000,3000
3000,3000,3000,3000,3000,3000,3000,3000,3000
3000,3000,3000,3000,3000,3000,3000,3000,3000
3000,3000,3000,3000,3000,3000,3000,3000,3000
869.183,872.77,874.064,867.592,870.052,1560.84,872.726,870.061,869.295
-987.634,-989.404,-973.997,-974.001,-978.842,1404.45,-990.481,-981.393,-973.204
-950.403,-977.29,-981.328,1816.62,-974.652,-977.083,-967.194,-981.133,-982.56
-874.435,-865.21,-878.975,-856.935,2229.14,-847.581,-876.732,-862.847,-872.148
2798.5,1693.58,1694.78,1694.3,1694.18,1691.58,1692.7,1691.24,1694.61
1725.5,2673.3,1725.21,1724.93,1725.09,1725.04,1725.48,1725.31,1725.25
1741.62,1741.02,1741.74,1741.46,1741.57,2367,1741.63,1741.38,1741.88
2879.2,2879.85,2879.02,2880.29,2880.46,2879.9,2879.08,2881.02,2879.13
3000,3000,3000,3000,3000,3000,3000,3000,3000
3000,3000,3000,3000,3000,3000,3000,3000,3000
3000,3000,3000,3000,3000,3000,3000,3000,3000
3000,3000,3000,3000,3000,3000,3000,3000,3000
3000,3000,3000,3000,3000,3000,3000,3000,3000
3000,3000,3000,3000,3000,3000,3000,3000,3000
2001.9,2001.46,2001.65,2001.26,2001.64,2001.18,2001.36,2001.56,2001.56
1653,-146.796,-163.913,-156.337,-152.214,-165.485,-149.219,-163.779,-162.914
-956.241,-955.468,-962.192,-963.122,1562.68,-943.074,-965.044,-963.933,-953.979
-178.527,-175.836,-182.457,-196.084,-191.269,-195.597,1656.72,-170.042,-201.604
1774.18,1774.1,1773.97,1773.74,1774.18,1773.99,1774.25,1774.12,1774.01
1800.66,1781.81,1781.56,1781.76,1781.71,1781.61,1781.79,1781.69,1781.77
1888.58,1888.32,1888.67,1888.47,1888.41,1888.61,1888.58,1888.51,1888.45
2964.02,2963.37,2965.1,2964.06,2964.64,2964.71,2964.19,2965.52,2964.45
3000,3000,3000,3000,3000,3000,3000,3000,3000
3000,3000,3000,3000,3000,3000,3000,3000,3000
3000,3000,3000,3000,3000,3000,3000,3000,3000
3000,3000,3000,3000,3000,3000,3000,3000,3000
3000,3000,3000,3000,3000,3000,3000,3000,3000
3000,3000,3000,3000,3000,3000,3000,3000,3000
1952.17,1951.86,1951.97,1952.04,1951.86,1951.95,1951.96,1951.75,1949.64
1395.04,1756.61,1400.91,1402.02,1402.37,1398.5,1402.89,1402.56,1392.96
720.896,720.718,721.959,715.106,713.342,713.334,721.103,712.92,1597.34
494.759,483.118,484.93,490.169,1649.38,487.775,481.178,494.642,497.393
1784.19,1784,1784.07,1784.48,1784.23,1794.26,1784.25,1784.23,1784.22
1789.69,1789.71,1789.49,1789.86,1789.64,1789.49,1789.66,1789.4,1789.58
1946.77,1946.83,1946.89,1946.83,1946.46,1946.32,1946.37,1946.9,1946.2
2968.48,2970.95,2968.76,2970.22,2968.18,2969.63,2970.13,2968.73,2970.02
3000,3000,3000,3000,3000,3000,3000,3000,3000
3000,3000,3000,3000,3000,3000,3000,3000,3000
3000,3000,3000,3000,3000,3000,3000,3000,3000
3000,3000,3000,3000,3000,3000,3000,3000,3000
3000,3000,3000,3000,3000,3000,3000,3000,3000
3000,3000,3000,3000,3000,3000,3000,3000,3000
1617.49,1428.41,1428.42,1427.06,1427.07,1426.47,1426.79,1427.84,1426.62
-908.473,-915.048,-908.124,-923.076,-898.277,1475.62,-914.246,-924.492,-912.077
-669.995,-688.769,-685.573,-666.914,-680.781,-677.824,-674.945,-670.779,1696.74
1715.2,1714.75,1715.04,1746.1,1714.33,1715.17,1713.81,1713.34,1713.87
1854.92,1854.6,1854.74,1854.58,1894.59,1854.85,1854.46,1854.51,1854.7
1870.71,1870.42,1870.93,1870.9,1889.65,1870.81,1870.91,1870.58,1870.42
2188.93,2188.65,2188.61,2189.4,2188.52,2189.06,2189.34,2188.45,2188.93
2977.34,2978.1,2977.71,2979.18,2976.26,2977.65,2977.29,2978.57,2976.92
3000,3000,3000,3000,3000,3000,3000,3000,3000
3000,3000,3000,3000,3000,3000,3000,3000,3000
3000,3000,3000,3000,3000,3000,3000,3000,3000
3000,3000,3000,3000,3000,3000,3000,3000,3000
3000,3000,3000,3000,3000,3000,3000,3000,3000
3000,3000,3000,3000,3000,3000,3000,3000,3000
1443.55,1601.88,1444.46,1443.3,1444.19,1445.28,1444.75,1444.19,1445.71
-943.003,-936.572,-948.448,-919.081,-945.097,1451.46,-946.151,-922.278,-942.037
-914.888,-923.784,1700.59,-918.487,-945.05,-901.468,-921.266,-918.802,-923.395
82.5434,1918.27,87.3619,94.5453,80.1245,89.2013,121.211,93.8287,61.5845
1828.2,1881.93,1828.24,1828.24,1828.3,1826.93,1828.3,1828.04,1828.13
1886.72,1886.57,1886.75,1886.78,1886.47,1886.58,1886.53,1885.98,1890.42
2433.37,2434.07,2433.95,2433.45,2432.71,2432.96,2433.94,2434.07,2433.43
2988.07,2985.76,2987.66,2987.7,2986.06,2985.98,2986.2,2988.05,2988.09
3000,3000,3000,3000,3000,3000,3000,3000,3000
3000,3000,3000,3000,3000,3000,3000,3000,3000
3000,3000,3000,3000,3000,3000,3000,3000,3000
3000,3000,3000,3000,3000,3000,3000,3000,3000
3000,3000,3000,3000,3000,3000,3000,3000,3000
3000,3000,3000,3000,3000,3000,3000,3000,3000
632.872,633.427,629.88,635.999,633.798,1441.5,639.454,632.03,638.616
-971.979,-973.985,1558.33,-971.764,-971.561,-971.625,-961.831,-961.872,-968.424
-921.815,-942.73,-945.204,-941.27,-934.183,-927.43,-940.709,1489.96,-942.004
6282.96,848.279,843.407,853.145,832.23,845.276,845.608,846.128,832.9
1841.05,1840.86,1840.7,1841.07,1841.07,1840.55,1840.78,1840.45,1840.87
1921.41,1925.59,1921.53,1921.38,1921.02,1921.41,1921.32,1920.6,1921.28
2611.21,2609.71,2611,2610.43,2611.17,2610.78,2609.71,2611.97,2610.78
2995.78,2995.66,2995.34,2993.52,2996.33,2994.2,2996.56,2996.51,2996.52
3000,3000,3000,3000,3000,3000,3000,3000,3000
3000,3000,3000,3000,3000,3000,3000,3000,3000
3000,3000,3000,3000,3000,3000,3000,3000,3000
3000,3000,3000,3000,3000,3000,3000,3000,3000
3000,3000,3000,3000,3000,3000,3000,3000,3000
3000,3000,3000,3000,3000,3000,3000,3000,3000
966.187,966.785,966.682,968.845,971.452,967.014,970.825,971.304,1481.76
101.462,94.1546,102.247,93.0005,100.095,100.373,101.518,88.7041,1541.78
911.091,912.167,921.962,910.742,1641.78,922.495,914.115,917.035,919.341
1860.64,1830.82,1837.26,6285.79,1816.3,1828.6,1859.39,1828.42,1828.9
1853.57,1853.49,1853.4,1853.21,1852.96,1852.92,1853.57,1853.09,1853.57
1887.01,1905.17,1887.05,1887.08,1887.1,1887.03,1887.11,1886.73,1887.15
2670.74,2671.36,2671.95,2671.14,2670.06,2671.17,2670.49,2670.93,2671.23
2996.6,2998.2,2998.16,2996.09,2998.2,2997.84,2997.37,2997.72,2997.57
3000,3000,3000,3000,3000,3000,3000,3000,3000
3000,3000,3000,3000,3000,3000,3000,3000,3000
3000,3000,3000,3000,3000,3000,3000,3000,3000
3000,3000,3000,3000,3000,3000,3000,3000,3000
3000,3000,3000,3000,3000,3000,3000,3000,3000
3000,3000,3000,3000,3000,3000,3000,3000,3000
1327.2,1326.99,1497.75,1324.87,1325.11,1324.47,1325.67,1327.58,1324.19
-194.164,-187.847,1555.68,-173.22,-179.861,-183.648,-179.571,-192.409,-181.868
1110.95,1112.01,1112.03,1601.48,1111.9,1113.56,1113.69,1113.53,1108.82
1851.11,1851.15,1851.25,1884.75,1851.16,1851.29,1851.03,1851.08,1851.22
1875.23,1875.01,1875.37,1875.51,1875.29,1875.46,1875.51,1875.48,1875.16
1989.93,1989.87,1989.57,1989.89,1989.97,1990.24,1990.06,1989.04,1990.14
2448.55,2449.06,2448.43,2448.93,2449.01,2448.49,2449.51,2449.85,2449.21
2996.59,2996.95,2997.27,2996.95,2996.6,2995.95,2996.18,2995.52,2995.24
3000,3000,3000,3000,3000,3000,3000,3000,3000
3000,3000,3000,3000,3000,3000,3000,3000,3000
3000,3000,3000,3000,3000,3000,3000,3000,3000
3000,3000,3000,3000,3000,3000,3000,3000,3000
3000,3000,3000,3000,3000,3000,3000,3000,3000
3000,3000,3000,3000,3000,3000,3000,3000,3000
1492.85,1492.23,1492.55,1491.86,1574.52,1493.28,1490.32,1491.61,1491.99
-806.244,-815.296,-803.476,-827.368,-798.193,-809.467,-820.098,-807.725,1553.19
-899.72,-898.083,-911.783,-903.107,1595.14,-895.113,-897.666,-898.55,-917.909
283.502,271.204,1707.85,308.984,279.861,301.495,290.931,293.688,282.436
1852.07,1852.42,1851.66,1852.27,1852.3,1851.87,1852.08,1852.31,1852.3
1925.35,1925.39,1925.57,1925.11,1924.92,1925.41,1925.25,1925.18,1925.27
2192.82,2192.84,2192.5,2193.09,2192.34,2192.22,2192.96,2192.57,2193.05
2991.15,2992.01,2992.6,2992.55,2991.43,2993.23,2991.67,2991.25,2993.11
3000,3000,3000,3000,3000,3000,3000,3000,3000
3000,3000,3000,3000,3000,3000,3000,3000,3000
3000,3000,3000,3000,3000,3000,3000,3000,3000
3000,3000,3000,3000,3000,3000,3000,3000,3000
3000,3000,3000,3000,3000,3000,3000,3000,3000
3000,3000,3000,3000,3000,3000,3000,3000,3000
1676.48,1676.64,1675.05,1674.95,1676.61,1674.75,1675.56,1674.98,1674.3
-852.191,1487.19,-864.85,-852.049,-852.622,-839.833,-856.549,-865.317,-861.259
-866.854,1575.17,-866.321,-873.783,-885.368,-849.489,-831.626,-860.891,-865.314
959.523,959.669,961.01,1677.62,966.957,967.156,964.61,971.842,962.067
1841.38,1841.3,1841.46,1849.88,1839.54,1841.46,1841.4,1841.07,1841.43
1850.48,1850.02,1851.11,1850.63,1850.64,1850.25,1850.61,1849.3,1850.48
1996.93,1996.86,1997.04,1996.38,1996.86,1997.17,1997.17,1996.81,1996.17
2978.39,2978.35,2978.48,2977.02,2978.18,2977.06,2977.1,2978.79,2978.47
3000,3000,3000,3000,3000,3000,3000,3000,3000
3000,3000,3000,3000,3000,3000,3000,3000,3000
3000,3000,3000,3000,3000,3000,3000,3000,3000
3000,3000,3000,3000,3000,3000,3000,3000,3000
3000,3000,3000,3000,3000,3000,3000,3000,3000
3000,3000,3000,3000,3000,3000,3000,3000,3000
1795.36,1797.75,1798.77,1798.52,1798.87,1798.25,1798.22,1798.85,1798.3
-156.225,-166.514,-172.608,-161.642,-174.618,-165.445,-154.979,1591.99,-154.753
-284.477,-281.802,-274.089,-284.335,-257.866,-269.374,-271.161,-266.122,1559.18
185.456,189.3,186.718,188.767,1653.18,186.183,196.596,193.261,181.612
1771.89,1771.78,1771.61,1772.02,1772.12,1772.08,1772.07,1771.77,1771.84
1773.89,1773.86,1773.99,1774.11,1774.11,1773.62,1773.69,1773.99,1773.8
1854.19,1854.47,1854.3,1854.47,1853.54,1854.48,1854.38,1853.78,1854.2
2961.41,2963.2,2963.19,2963.38,2961.88,2963.99,2963.69,2962.43,2964
3000,3000,3000,3000,3000,3000,3000,3000,3000
3000,3000,3000,3000,3000,3000,3000,3000,3000
3000,3000,3000,3000,3000,3000,3000,3000,3000
3000,3000,3000,3000,3000,3000,3000,3000,3000
3000,3000,3000,3000,3000,3000,3000,3000,3000
3000,3000,3000,3000,3000,3000,3000,3000,3000
1827.19,1827.19,1827.13,1827.17,1826.59,1827.05,1826.9,1826.97,1826.97
-114.902,1612.22,-122.96,-135.899,-122.533,-129.514,-130.694,-124.241,-128.394
-902.387,-916.259,-918.647,-908.137,-921.907,-904.88,-909.479,1530.24,-884.524
-200.683,-211.113,-180.881,-202.992,-203.356,-190.945,-194.561,-184.141,1585.31
1740.26,1739.5,1740.26,1740.53,1740.23,1739.94,1740.77,1740.53,1740.72
1755.64,1755.12,1755.59,1755.56,1755.96,1755.81,1755.35,1755.28,1755.66
1829.04,1829.65,1829.56,1829.39,1829.49,1829.08,1829.7,1829.48,1829.85
2955.62,2956.61,2954.99,2954.59,2956.64,2955.51,2954.57,2955.02,2956.07
3000,3000,3000,3000,3000,3000,3000,3000,3000
3000,3000,3000,3000,3000,3000,3000,3000,3000
3000,3000,3000,3000,3000,3000,3000,3000,3000
