Critic_lr	Actor_lr
0.0005	1e-06
0.0005	1e-06
0.0005	1e-06
0.0005	1e-06
0.0005	1e-06
0.0005	1e-06
0.0005	1e-06
0.0005	1e-06
0.0005	1e-06
0.0005	1e-06
0.0005	1e-06
0.0005	1e-06
0.0005	1e-06
0.0005	1e-06
0.0005	1e-06
0.0005	1e-06
0.0005	1e-06
0.0005	1e-06
0.0005	1e-06
0.0005	1e-06
0.0005	1e-06
0.0005	1e-06
0.0005	1e-06
0.0005	1e-06
0.0005	1e-06
0.0005	1e-06
0.0005	1e-06
0.0005	1e-06
0.0005	1e-06
0.0005	1e-06
0.0005	1e-06
0.0005	1e-06
0.0005	1e-06
0.0005	1e-06
0.0005	1e-06
0.0005	1e-06
0.0005	1e-06
0.0005	1e-06
0.0005	1e-06
0.0005	1e-06
0.0005	1e-06
0.0005	1e-06
0.0005	1e-06
0.0005	1e-06
0.0005	1e-06
0.0005	1e-06
0.0005	1e-06
0.0005	1e-06
0.0005	1e-06
0.0005	1e-06
0.0005	1e-06
0.0005	1e-06
0.0005	1e-06
0.0005	1e-06
0.0005	1e-06
0.0005	1e-06
0.0005	1e-06
0.0005	1e-06
0.0005	1e-06
0.0005	1e-06
0.0005	1e-06
0.0005	1e-06
0.0005	1e-06
0.0005	1e-06
0.0005	1e-06
0.0005	1e-06
0.0005	1e-06
0.0005	1e-06
0.0005	1e-06
0.0005	1e-06
0.0005	1e-06
0.0005	1e-06
0.0005	1e-06
0.0005	1e-06
0.0005	1e-06
0.0005	1e-06
0.0005	1e-06
0.0005	1e-06
0.0005	1e-06
0.0005	1e-06
0.0005	1e-06
0.0005	1e-06
0.0005	1e-06
0.0005	1e-06
0.0005	1e-06
0.0005	1e-06
0.0005	1e-06
0.0005	1e-06
0.0005	1e-06
0.0005	1e-06
0.0005	1e-06
0.0005	1e-06
0.0005	1e-06
0.0005	1e-06
0.0005	1e-06
0.0005	1e-06
0.0005	1e-06
0.0005	1e-06
0.0005	1e-06
0.0005	1e-06
0.0005	1e-06
0.0005	1e-06
0.0005	1e-06
0.0005	1e-06
0.0005	1e-06
0.0005	1e-06
0.0005	1e-06
0.0005	1e-06
0.0005	1e-06
0.0005	1e-06
0.0005	1e-06
0.0005	1e-06
0.0005	1e-06
0.0005	1e-06
0.0005	1e-06
0.0005	1e-06
0.0005	1e-06
0.0005	1e-06
0.0005	1e-06
0.0005	1e-06
0.0005	1e-06
0.0005	1e-06
0.0005	1e-06
0.0005	1e-06
0.0005	1e-06
0.0005	1e-06
0.00047619	1e-06
0.000454545	1e-06
0.000434783	1e-06
0.000416667	1e-06
0.0004	1e-06
0.000384615	1e-06
0.00037037	1e-06
0.000357143	1e-06
0.000344828	1e-06
0.000333333	1e-06
0.000322581	1e-06
0.0003125	1e-06
0.00030303	1e-06
0.000294118	1e-06
0.000285714	1e-06
0.000277778	1e-06
0.00027027	1e-06
0.000263158	1e-06
0.00025641	1e-06
0.00025	1e-06
0.000243902	1e-06
0.000238095	1e-06
0.000232558	1e-06
0.000227273	1e-06
0.000222222	1e-06
0.000217391	1e-06
0.000212766	1e-06
0.000208333	1e-06
0.000204082	1e-06
0.0002	1e-06
0.000196078	1e-06
0.000192308	1e-06
0.000188679	1e-06
0.000185185	1e-06
0.000181818	1e-06
0.000178571	1e-06
0.000175439	1e-06
0.000172414	1e-06
0.000169492	1e-06
0.000166667	1e-06
0.000163934	1e-06
0.00016129	1e-06
0.00015873	1e-06
0.00015625	1e-06
0.000153846	1e-06
0.000151515	1e-06
0.000149254	1e-06
0.000147059	1e-06
0.000144928	1e-06
0.000142857	1e-06
0.000140845	1e-06
0.000138889	1e-06
0.000136986	1e-06
0.000135135	1e-06
0.000133333	1e-06
0.000131579	1e-06
0.00012987	1e-06
0.000128205	1e-06
0.000126582	1e-06
0.000125	1e-06
0.000123457	1e-06
0.000121951	1e-06
0.000120482	1e-06
0.000119048	1e-06
0.000117647	1e-06
0.000116279	1e-06
0.000114943	1e-06
0.000113636	1e-06
0.00011236	1e-06
0.000111111	1e-06
0.00010989	1e-06
0.000108696	1e-06
0.000107527	1e-06
0.000106383	1e-06
0.000105263	1e-06
0.000104167	1e-06
0.000103093	1e-06
0.000102041	1e-06
0.00010101	1e-06
0.0001	1e-06
9.90099e-05	1e-06
9.80392e-05	1e-06
9.70874e-05	1e-06
9.61538e-05	1e-06
9.52381e-05	1e-06
9.43396e-05	1e-06
9.34579e-05	1e-06
9.25926e-05	1e-06
9.17431e-05	1e-06
9.09091e-05	1e-06
9.00901e-05	1e-06
8.92857e-05	1e-06
8.84956e-05	1e-06
8.77193e-05	1e-06
8.69565e-05	1e-06
8.62069e-05	1e-06
8.54701e-05	1e-06
8.47458e-05	1e-06
8.40336e-05	1e-06
8.33333e-05	1e-06
8.26446e-05	1e-06
8.19672e-05	1e-06
8.13008e-05	1e-06
8.06452e-05	1e-06
8e-05	1e-06
7.93651e-05	1e-06
7.87402e-05	1e-06
7.8125e-05	1e-06
7.75194e-05	1e-06
7.69231e-05	1e-06
7.63359e-05	1e-06
7.57576e-05	1e-06
7.5188e-05	1e-06
7.46269e-05	1e-06
7.40741e-05	1e-06
7.35294e-05	1e-06
7.29927e-05	1e-06
7.24638e-05	1e-06
7.19424e-05	1e-06
7.14286e-05	1e-06
7.0922e-05	1e-06
7.04225e-05	1e-06
6.99301e-05	1e-06
6.94444e-05	1e-06
6.89655e-05	1e-06
6.84932e-05	1e-06
6.80272e-05	1e-06
6.75676e-05	1e-06
6.71141e-05	1e-06
6.66667e-05	1e-06
6.62252e-05	1e-06
6.57895e-05	1e-06
6.53595e-05	1e-06
6.49351e-05	1e-06
6.45161e-05	1e-06
6.41026e-05	1e-06
6.36943e-05	1e-06
6.32911e-05	1e-06
6.28931e-05	1e-06
6.25e-05	1e-06
6.21118e-05	1e-06
6.17284e-05	1e-06
6.13497e-05	1e-06
6.09756e-05	1e-06
6.06061e-05	1e-06
6.0241e-05	1e-06
5.98802e-05	1e-06
5.95238e-05	1e-06
5.91716e-05	1e-06
5.88235e-05	1e-06
5.84795e-05	1e-06
5.81395e-05	1e-06
5.78035e-05	1e-06
5.74713e-05	1e-06
5.71429e-05	1e-06
5.68182e-05	1e-06
5.64972e-05	1e-06
5.61798e-05	1e-06
5.58659e-05	1e-06
5.55556e-05	1e-06
5.52486e-05	1e-06
5.49451e-05	1e-06
5.46448e-05	1e-06
5.43478e-05	1e-06
5.40541e-05	1e-06
5.37634e-05	1e-06
5.34759e-05	1e-06
5.31915e-05	1e-06
5.29101e-05	1e-06
5.26316e-05	1e-06
5.2356e-05	1e-06
5.20833e-05	1e-06
5.18135e-05	1e-06
5.15464e-05	1e-06
5.12821e-05	1e-06
5.10204e-05	1e-06
5.07614e-05	1e-06
5.05051e-05	1e-06
5.02513e-05	1e-06
5e-05	1e-06
4.97512e-05	1e-06
4.9505e-05	1e-06
4.92611e-05	1e-06
4.90196e-05	1e-06
4.87805e-05	1e-06
4.85437e-05	1e-06
4.83092e-05	1e-06
4.80769e-05	1e-06
4.78469e-05	1e-06
4.7619e-05	1e-06
4.73934e-05	1e-06
4.71698e-05	1e-06
4.69484e-05	1e-06
4.6729e-05	1e-06
4.65116e-05	1e-06
4.62963e-05	1e-06
4.60829e-05	1e-06
4.58716e-05	1e-06
4.56621e-05	1e-06
4.54545e-05	1e-06
4.52489e-05	1e-06
4.5045e-05	1e-06
4.4843e-05	1e-06
4.46429e-05	1e-06
4.44444e-05	1e-06
4.42478e-05	1e-06
4.40529e-05	1e-06
4.38596e-05	1e-06
4.36681e-05	1e-06
4.34783e-05	1e-06
4.329e-05	1e-06
4.31034e-05	1e-06
4.29185e-05	1e-06
4.2735e-05	1e-06
4.25532e-05	1e-06
4.23729e-05	1e-06
4.21941e-05	1e-06
4.20168e-05	1e-06
4.1841e-05	1e-06
4.16667e-05	1e-06
4.14938e-05	1e-06
4.13223e-05	1e-06
4.11523e-05	1e-06
4.09836e-05	1e-06
4.08163e-05	1e-06
4.06504e-05	1e-06
4.04858e-05	1e-06
4.03226e-05	1e-06
4.01606e-05	1e-06
4e-05	1e-06
3.98406e-05	1e-06
3.96825e-05	1e-06
3.95257e-05	1e-06
3.93701e-05	1e-06
3.92157e-05	1e-06
3.90625e-05	1e-06
3.89105e-05	1e-06
3.87597e-05	1e-06
3.861e-05	1e-06
3.84615e-05	1e-06
3.83142e-05	1e-06
3.81679e-05	1e-06
3.80228e-05	1e-06
3.78788e-05	1e-06
3.77358e-05	1e-06
3.7594e-05	1e-06
3.74532e-05	1e-06
3.73134e-05	1e-06
3.71747e-05	1e-06
3.7037e-05	1e-06
3.69004e-05	1e-06
3.67647e-05	1e-06
3.663e-05	1e-06
3.64964e-05	1e-06
3.63636e-05	1e-06
3.62319e-05	1e-06
3.61011e-05	1e-06
3.59712e-05	1e-06
3.58423e-05	1e-06
3.57143e-05	1e-06
3.55872e-05	1e-06
3.5461e-05	1e-06
3.53357e-05	1e-06
3.52113e-05	1e-06
3.50877e-05	1e-06
3.4965e-05	1e-06
3.48432e-05	1e-06
3.47222e-05	1e-06
3.46021e-05	1e-06
3.44828e-05	1e-06
3.43643e-05	1e-06
3.42466e-05	1e-06
3.41297e-05	1e-06
3.40136e-05	1e-06
3.38983e-05	1e-06
3.37838e-05	1e-06
3.367e-05	1e-06
3.3557e-05	1e-06
3.34448e-05	1e-06
3.33333e-05	1e-06
3.32226e-05	1e-06
3.31126e-05	1e-06
3.30033e-05	1e-06
3.28947e-05	1e-06
3.27869e-05	1e-06
3.26797e-05	1e-06
3.25733e-05	1e-06
3.24675e-05	1e-06
3.23625e-05	1e-06
3.22581e-05	1e-06
3.21543e-05	1e-06
3.20513e-05	1e-06
3.19489e-05	1e-06
3.18471e-05	1e-06
3.1746e-05	1e-06
3.16456e-05	1e-06
3.15457e-05	1e-06
3.14465e-05	1e-06
3.1348e-05	1e-06
3.125e-05	1e-06
3.11526e-05	1e-06
3.10559e-05	1e-06
3.09598e-05	1e-06
3.08642e-05	1e-06
3.07692e-05	1e-06
3.06748e-05	1e-06
3.0581e-05	1e-06
3.04878e-05	1e-06
3.03951e-05	1e-06
3.0303e-05	1e-06
3.02115e-05	1e-06
3.01205e-05	1e-06
3.003e-05	1e-06
2.99401e-05	1e-06
2.98507e-05	1e-06
2.97619e-05	1e-06
2.96736e-05	1e-06
2.95858e-05	1e-06
2.94985e-05	1e-06
2.94118e-05	1e-06
2.93255e-05	1e-06
2.92398e-05	1e-06
2.91545e-05	1e-06
2.90698e-05	1e-06
2.89855e-05	1e-06
2.89017e-05	1e-06
2.88184e-05	1e-06
2.87356e-05	1e-06
2.86533e-05	1e-06
2.85714e-05	1e-06
2.849e-05	1e-06
2.84091e-05	1e-06
2.83286e-05	1e-06
2.82486e-05	1e-06
2.8169e-05	1e-06
2.80899e-05	1e-06
2.80112e-05	1e-06
2.7933e-05	1e-06
2.78552e-05	1e-06
2.77778e-05	1e-06
2.77008e-05	1e-06
2.76243e-05	1e-06
2.75482e-05	1e-06
2.74725e-05	1e-06
2.73973e-05	1e-06
2.73224e-05	1e-06
2.7248e-05	1e-06
2.71739e-05	1e-06
2.71003e-05	1e-06
2.7027e-05	1e-06
2.69542e-05	1e-06
2.68817e-05	1e-06
2.68097e-05	1e-06
2.6738e-05	1e-06
2.66667e-05	1e-06
2.65957e-05	1e-06
2.65252e-05	1e-06
2.6455e-05	1e-06
2.63852e-05	1e-06
2.63158e-05	1e-06
2.62467e-05	1e-06
2.6178e-05	1e-06
2.61097e-05	1e-06
2.60417e-05	1e-06
2.5974e-05	1e-06
2.59067e-05	1e-06
2.58398e-05	1e-06
2.57732e-05	1e-06
2.57069e-05	1e-06
2.5641e-05	1e-06
2.55754e-05	1e-06
2.55102e-05	1e-06
2.54453e-05	1e-06
2.53807e-05	1e-06
2.53165e-05	1e-06
2.52525e-05	1e-06
2.51889e-05	1e-06
2.51256e-05	1e-06
2.50627e-05	1e-06
2.5e-05	1e-06
2.49377e-05	1e-06
2.48756e-05	1e-06
2.48139e-05	1e-06
2.47525e-05	1e-06
2.46914e-05	1e-06
2.46305e-05	1e-06
2.457e-05	1e-06
2.45098e-05	1e-06
2.44499e-05	1e-06
2.43902e-05	1e-06
2.43309e-05	1e-06
2.42718e-05	1e-06
2.42131e-05	1e-06
2.41546e-05	1e-06
2.40964e-05	1e-06
2.40385e-05	1e-06
2.39808e-05	1e-06
2.39234e-05	1e-06
2.38663e-05	1e-06
2.38095e-05	1e-06
2.3753e-05	1e-06
2.36967e-05	1e-06
2.36407e-05	1e-06
2.35849e-05	1e-06
2.35294e-05	1e-06
2.34742e-05	1e-06
2.34192e-05	1e-06
2.33645e-05	1e-06
2.331e-05	1e-06
2.32558e-05	1e-06
2.32019e-05	1e-06
2.31481e-05	1e-06
2.30947e-05	1e-06
2.30415e-05	1e-06
2.29885e-05	1e-06
2.29358e-05	1e-06
2.28833e-05	1e-06
2.28311e-05	1e-06
2.2779e-05	1e-06
2.27273e-05	1e-06
2.26757e-05	1e-06
2.26244e-05	1e-06
2.25734e-05	1e-06
2.25225e-05	1e-06
2.24719e-05	1e-06
2.24215e-05	1e-06
2.23714e-05	1e-06
2.23214e-05	1e-06
2.22717e-05	1e-06
2.22222e-05	1e-06
2.21729e-05	1e-06
2.21239e-05	1e-06
2.20751e-05	1e-06
2.20264e-05	1e-06
2.1978e-05	1e-06
2.19298e-05	1e-06
2.18818e-05	1e-06
2.18341e-05	1e-06
2.17865e-05	1e-06
2.17391e-05	1e-06
2.1692e-05	1e-06
2.1645e-05	1e-06
2.15983e-05	1e-06
2.15517e-05	1e-06
2.15054e-05	1e-06
2.14592e-05	1e-06
2.14133e-05	1e-06
2.13675e-05	1e-06
2.1322e-05	1e-06
2.12766e-05	1e-06
2.12314e-05	1e-06
2.11864e-05	1e-06
2.11416e-05	1e-06
2.1097e-05	1e-06
2.10526e-05	1e-06
2.10084e-05	1e-06
2.09644e-05	1e-06
2.09205e-05	1e-06
2.08768e-05	1e-06
2.08333e-05	1e-06
2.079e-05	1e-06
2.07469e-05	1e-06
2.07039e-05	1e-06
2.06612e-05	1e-06
2.06186e-05	1e-06
2.05761e-05	1e-06
2.05339e-05	1e-06
2.04918e-05	1e-06
2.04499e-05	1e-06
2.04082e-05	1e-06
2.03666e-05	1e-06
2.03252e-05	1e-06
2.0284e-05	1e-06
2.02429e-05	1e-06
2.0202e-05	1e-06
2.01613e-05	1e-06
2.01207e-05	1e-06
2.00803e-05	1e-06
2.00401e-05	1e-06
2e-05	1e-06
1.99601e-05	1e-06
1.99203e-05	1e-06
1.98807e-05	1e-06
1.98413e-05	1e-06
1.9802e-05	1e-06
1.97628e-05	1e-06
1.97239e-05	1e-06
1.9685e-05	1e-06
1.96464e-05	1e-06
1.96078e-05	1e-06
1.95695e-05	1e-06
1.95313e-05	1e-06
1.94932e-05	1e-06
1.94553e-05	1e-06
1.94175e-05	1e-06
1.93798e-05	1e-06
1.93424e-05	1e-06
1.9305e-05	1e-06
1.92678e-05	1e-06
1.92308e-05	1e-06
1.91939e-05	1e-06
1.91571e-05	1e-06
1.91205e-05	1e-06
1.9084e-05	1e-06
1.90476e-05	1e-06
1.90114e-05	1e-06
1.89753e-05	1e-06
1.89394e-05	1e-06
1.89036e-05	1e-06
1.88679e-05	1e-06
1.88324e-05	1e-06
1.8797e-05	1e-06
1.87617e-05	1e-06
1.87266e-05	1e-06
1.86916e-05	1e-06
1.86567e-05	1e-06
1.8622e-05	1e-06
1.85874e-05	1e-06
1.85529e-05	1e-06
1.85185e-05	1e-06
1.84843e-05	1e-06
1.84502e-05	1e-06
1.84162e-05	1e-06
1.83824e-05	1e-06
1.83486e-05	1e-06
1.8315e-05	1e-06
1.82815e-05	1e-06
1.82482e-05	1e-06
1.82149e-05	1e-06
1.81818e-05	1e-06
1.81488e-05	1e-06
1.81159e-05	1e-06
1.80832e-05	1e-06
1.80505e-05	1e-06
1.8018e-05	1e-06
1.79856e-05	1e-06
1.79533e-05	1e-06
1.79211e-05	1e-06
1.78891e-05	1e-06
1.78571e-05	1e-06
1.78253e-05	1e-06
1.77936e-05	1e-06
1.7762e-05	1e-06
1.77305e-05	1e-06
1.76991e-05	1e-06
1.76678e-05	1e-06
1.76367e-05	1e-06
1.76056e-05	1e-06
1.75747e-05	1e-06
1.75439e-05	1e-06
1.75131e-05	1e-06
1.74825e-05	1e-06
1.7452e-05	1e-06
1.74216e-05	1e-06
1.73913e-05	1e-06
1.73611e-05	1e-06
1.7331e-05	1e-06
1.7301e-05	1e-06
1.72712e-05	1e-06
1.72414e-05	1e-06
1.72117e-05	1e-06
1.71821e-05	1e-06
1.71527e-05	1e-06
1.71233e-05	1e-06
1.7094e-05	1e-06
1.70648e-05	1e-06
1.70358e-05	1e-06
1.70068e-05	1e-06
1.69779e-05	1e-06
1.69492e-05	1e-06
1.69205e-05	1e-06
1.68919e-05	1e-06
1.68634e-05	1e-06
1.6835e-05	1e-06
1.68067e-05	1e-06
1.67785e-05	1e-06
1.67504e-05	1e-06
1.67224e-05	1e-06
1.66945e-05	1e-06
1.66667e-05	1e-06
1.66389e-05	1e-06
1.66113e-05	1e-06
1.65837e-05	1e-06
1.65563e-05	1e-06
1.65289e-05	1e-06
1.65017e-05	1e-06
1.64745e-05	1e-06
1.64474e-05	1e-06
1.64204e-05	1e-06
1.63934e-05	1e-06
1.63666e-05	1e-06
1.63399e-05	1e-06
1.63132e-05	1e-06
1.62866e-05	1e-06
1.62602e-05	1e-06
1.62338e-05	1e-06
1.62075e-05	1e-06
1.61812e-05	1e-06
1.61551e-05	1e-06
1.6129e-05	1e-06
1.61031e-05	1e-06
1.60772e-05	1e-06
1.60514e-05	1e-06
1.60256e-05	1e-06
1.6e-05	1e-06
1.59744e-05	1e-06
1.5949e-05	1e-06
1.59236e-05	1e-06
1.58983e-05	1e-06
1.5873e-05	1e-06
1.58479e-05	1e-06
1.58228e-05	1e-06
1.57978e-05	1e-06
1.57729e-05	1e-06
1.5748e-05	1e-06
1.57233e-05	1e-06
1.56986e-05	1e-06
1.5674e-05	1e-06
1.56495e-05	1e-06
1.5625e-05	1e-06
1.56006e-05	1e-06
1.55763e-05	1e-06
1.55521e-05	1e-06
1.5528e-05	1e-06
1.55039e-05	1e-06
1.54799e-05	1e-06
1.5456e-05	1e-06
1.54321e-05	1e-06
1.54083e-05	1e-06
1.53846e-05	1e-06
1.5361e-05	1e-06
1.53374e-05	1e-06
1.53139e-05	1e-06
1.52905e-05	1e-06
1.52672e-05	1e-06
1.52439e-05	1e-06
1.52207e-05	1e-06
1.51976e-05	1e-06
1.51745e-05	1e-06
1.51515e-05	1e-06
1.51286e-05	1e-06
1.51057e-05	1e-06
1.5083e-05	1e-06
1.50602e-05	1e-06
1.50376e-05	1e-06
1.5015e-05	1e-06
1.49925e-05	1e-06
1.49701e-05	1e-06
1.49477e-05	1e-06
1.49254e-05	1e-06
1.49031e-05	1e-06
1.4881e-05	1e-06
1.48588e-05	1e-06
1.48368e-05	1e-06
1.48148e-05	1e-06
1.47929e-05	1e-06
1.4771e-05	1e-06
1.47493e-05	1e-06
1.47275e-05	1e-06
1.47059e-05	1e-06
1.46843e-05	1e-06
1.46628e-05	1e-06
1.46413e-05	1e-06
1.46199e-05	1e-06
1.45985e-05	1e-06
1.45773e-05	1e-06
1.4556e-05	1e-06
1.45349e-05	1e-06
1.45138e-05	1e-06
1.44928e-05	1e-06
1.44718e-05	1e-06
1.44509e-05	1e-06
1.443e-05	1e-06
1.44092e-05	1e-06
1.43885e-05	1e-06
1.43678e-05	1e-06
1.43472e-05	1e-06
1.43266e-05	1e-06
1.43062e-05	1e-06
1.42857e-05	1e-06
1.42653e-05	1e-06
1.4245e-05	1e-06
1.42248e-05	1e-06
1.42045e-05	1e-06
1.41844e-05	1e-06
1.41643e-05	1e-06
1.41443e-05	1e-06
1.41243e-05	1e-06
1.41044e-05	1e-06
1.40845e-05	1e-06
1.40647e-05	1e-06
1.40449e-05	1e-06
1.40252e-05	1e-06
1.40056e-05	1e-06
1.3986e-05	1e-06
1.39665e-05	1e-06
1.3947e-05	1e-06
1.39276e-05	1e-06
1.39082e-05	1e-06
1.38889e-05	1e-06
1.38696e-05	1e-06
1.38504e-05	1e-06
1.38313e-05	1e-06
1.38122e-05	1e-06
1.37931e-05	1e-06
1.37741e-05	1e-06
1.37552e-05	1e-06
1.37363e-05	1e-06
1.37174e-05	1e-06
1.36986e-05	1e-06
1.36799e-05	1e-06
1.36612e-05	1e-06
1.36426e-05	1e-06
1.3624e-05	1e-06
1.36054e-05	1e-06
1.3587e-05	1e-06
1.35685e-05	1e-06
1.35501e-05	1e-06
1.35318e-05	1e-06
1.35135e-05	1e-06
1.34953e-05	1e-06
1.34771e-05	1e-06
1.3459e-05	1e-06
1.34409e-05	1e-06
1.34228e-05	1e-06
1.34048e-05	1e-06
1.33869e-05	1e-06
1.3369e-05	1e-06
1.33511e-05	1e-06
1.33333e-05	1e-06
1.33156e-05	1e-06
1.32979e-05	1e-06
1.32802e-05	1e-06
1.32626e-05	1e-06
1.3245e-05	1e-06
1.32275e-05	1e-06
1.321e-05	1e-06
1.31926e-05	1e-06
1.31752e-05	1e-06
1.31579e-05	1e-06
1.31406e-05	1e-06
1.31234e-05	1e-06
1.31062e-05	1e-06
1.3089e-05	1e-06
1.30719e-05	1e-06
1.30548e-05	1e-06
1.30378e-05	1e-06
1.30208e-05	1e-06
1.30039e-05	1e-06
1.2987e-05	1e-06
1.29702e-05	1e-06
1.29534e-05	1e-06
1.29366e-05	1e-06
1.29199e-05	1e-06
1.29032e-05	1e-06
1.28866e-05	1e-06
1.287e-05	1e-06
1.28535e-05	1e-06
1.2837e-05	1e-06
1.28205e-05	1e-06
1.28041e-05	1e-06
1.27877e-05	1e-06
1.27714e-05	1e-06
1.27551e-05	1e-06
1.27389e-05	1e-06
1.27226e-05	1e-06
1.27065e-05	1e-06
1.26904e-05	1e-06
1.26743e-05	1e-06
1.26582e-05	1e-06
1.26422e-05	1e-06
1.26263e-05	1e-06
1.26103e-05	1e-06
1.25945e-05	1e-06
1.25786e-05	1e-06
1.25628e-05	1e-06
1.25471e-05	1e-06
1.25313e-05	1e-06
1.25156e-05	1e-06
1.25e-05	1e-06
1.24844e-05	1e-06
1.24688e-05	1e-06
1.24533e-05	1e-06
1.24378e-05	1e-06
1.24224e-05	1e-06
1.24069e-05	1e-06
1.23916e-05	1e-06
1.23762e-05	1e-06
1.23609e-05	1e-06
1.23457e-05	1e-06
1.23305e-05	1e-06
1.23153e-05	1e-06
1.23001e-05	1e-06
1.2285e-05	1e-06
1.22699e-05	1e-06
1.22549e-05	1e-06
1.22399e-05	1e-06
1.22249e-05	1e-06
1.221e-05	1e-06
1.21951e-05	1e-06
1.21803e-05	1e-06
1.21655e-05	1e-06
1.21507e-05	1e-06
1.21359e-05	1e-06
1.21212e-05	1e-06
1.21065e-05	1e-06
1.20919e-05	1e-06
1.20773e-05	1e-06
1.20627e-05	1e-06
1.20482e-05	1e-06
1.20337e-05	1e-06
1.20192e-05	1e-06
1.20048e-05	1e-06
1.19904e-05	1e-06
1.1976e-05	1e-06
1.19617e-05	1e-06
1.19474e-05	1e-06
1.19332e-05	1e-06
1.1919e-05	1e-06
1.19048e-05	1e-06
1.18906e-05	1e-06
1.18765e-05	1e-06
1.18624e-05	1e-06
1.18483e-05	1e-06
1.18343e-05	1e-06
1.18203e-05	1e-06
1.18064e-05	1e-06
1.17925e-05	1e-06
1.17786e-05	1e-06
1.17647e-05	1e-06
1.17509e-05	1e-06
1.17371e-05	1e-06
1.17233e-05	1e-06
1.17096e-05	1e-06
1.16959e-05	1e-06
1.16822e-05	1e-06
1.16686e-05	1e-06
1.1655e-05	1e-06
1.16414e-05	1e-06
1.16279e-05	1e-06
1.16144e-05	1e-06
1.16009e-05	1e-06
1.15875e-05	1e-06
1.15741e-05	1e-06
1.15607e-05	1e-06
1.15473e-05	1e-06
1.1534e-05	1e-06
1.15207e-05	1e-06
1.15075e-05	1e-06
1.14943e-05	1e-06
1.14811e-05	1e-06
1.14679e-05	1e-06
1.14548e-05	1e-06
1.14416e-05	1e-06
1.14286e-05	1e-06
1.14155e-05	1e-06
1.14025e-05	1e-06
1.13895e-05	1e-06
1.13766e-05	1e-06
1.13636e-05	1e-06
1.13507e-05	1e-06
1.13379e-05	1e-06
1.1325e-05	1e-06
1.13122e-05	1e-06
1.12994e-05	1e-06
1.12867e-05	1e-06
1.1274e-05	1e-06
1.12613e-05	1e-06
1.12486e-05	1e-06
1.1236e-05	1e-06
1.12233e-05	1e-06
1.12108e-05	1e-06
1.11982e-05	1e-06
1.11857e-05	1e-06
