1860.62,2021.2,3860.81,1965.03,1853.03,1861.9,1898.62,1860.63,1861.68
723.141,839.126,755.272,907.076,741.919,735.865,836.984,887.31,3855.97
-7.94079,-16.6077,3857.63,-16.5932,-16.5932,-16.5932,-16.5932,-16.5932,-16.5932
-9.9039e-13,-9.72744e-13,-9.72779e-13,-9.73051e-13,-9.73622e-13,-9.90888e-13,3413.69,-9.87763e-13,-9.91391e-13
-973.494,2944.08,-975.071,-975.071,-975.071,-975.071,-975.071,-975.071,-975.071
70.1755,1371.47,109.558,109.558,109.558,109.558,109.558,109.558,109.558
2060.21,2058.09,2054.52,2043.12,2057.97,2063.1,2051.98,2052.7,2043.16
2526.3,2543.47,2503.27,2521.85,2526.17,2523.82,2515.71,2519.95,2533.78
2535.78,2508.39,2503.24,2498.87,2509.2,2532.47,2499.9,2502.65,2497.16
2271.72,2251.42,2258.24,2259.73,2278.95,2274.66,2277.27,2266.18,2272.03
1886.81,1884.13,1867.79,1880.48,1859.63,1885.19,1936.89,1862.07,1876.02
1658.4,1653.25,1661.7,1658.64,1650.34,2440.94,1657.72,1655.25,1660.72
1695.5,1691.72,3861.89,1788.16,1691.87,1772.02,1695.44,1696.17,1794.59
2171.22,1796.54,3857.11,1891.99,2094.02,1973.31,1940.72,1979.07,1978.34
0.626658,18.5147,0.458147,0.453701,0.459186,1.41184,0.460381,0.460508,3851.06
1629.34,1632.79,1626.9,3860.68,1561.41,1724.07,1632.98,1629.53,1629.72
-38.111,55.1483,-30.9781,3863.24,-44.331,-44.331,-44.331,-37.6041,-44.331
109.74,589.887,790.552,3860,424.829,597.289,6.58138,553.638,718.819
-5.6287,3853.1,6.58618,-5.6287,-5.6287,-5.6287,9.11343,10.5688,-5.6287
-502.269,-502.269,-502.269,-502.269,-502.272,3740.62,-502.274,-502.346,-502.271
1959.86,1966.43,1964.37,2064.64,1961.46,1965.85,1955.27,1961.25,1952.97
2221,2228.31,2229.8,2225.91,2235.53,2281.57,2238.1,2229.14,2222.74
2290.09,2280,2281.81,2287.4,2307.34,2277.96,2245.16,2278.29,2274.35
2190.17,2168.18,2179.2,2177.34,2195.7,2194.02,2231.16,2182.93,2185.28
1829.15,1839.72,1846.21,1835.56,1846.76,1848.54,1844.98,1829.49,1935.6
1672.81,1668.89,1672.62,1665.11,1671.89,3806.01,1672.42,1671.7,1663.69
212.237,406.67,289.298,374.902,316.591,341.642,243.087,305.508,3861.49
0.146601,0.147784,20.2666,7.06147,0.00388136,0.548856,0.0791425,16.7167,3855.43
572.056,570.252,572.011,571.947,638.768,572.165,572.078,3861.54,571.798
252.197,262.184,3858.81,245.009,247.087,233.955,264.572,255.902,408.497
3780.41,-803.449,-803.429,-795.866,-803.469,-802.485,-796.65,-802.769,-667.955
313.048,352.032,3695.52,362.247,362.247,362.247,362.247,362.247,362.247
-1.92869,-2.70408,-2.58261,3838.86,2.08771,-1.38448,11.028,-2.66914,6.00922
0.587918,-0.400817,-0.400866,3830.5,-0.400667,-0.400667,-0.400667,-0.400667,15.1833
1919.68,3830.81,1923.8,1879.58,1924.98,1921.02,1924.93,1924.88,1920.99
2110.32,3779.69,2099.24,2110.85,2111.12,2100.7,2104.66,2110.91,2101.36
468.755,469.269,469.581,3130.44,469.731,469.655,469.196,467.951,467.134
3771.63,2065.21,2059.55,2059.2,2063.37,2062.35,2054.74,2057.43,2065.88
1.25963,1.27931,1.27494,1.27709,1.27011,1023.78,1.27205,1.27102,1.27697
1640.04,1638.37,1641.48,1640.44,1711.22,3849.98,1716.97,1743.45,1638.45
8.16133,80.8861,8.16689,25.6815,8.56382,8.16879,8.17216,3858.52,35.4881
1706.05,3856.84,1709.93,1705.92,1708.97,1707.5,1710.13,1710.44,1708.93
1861.89,1862.78,1907.55,3861.01,1862.35,1875.67,1859.89,1857.34,1858.92
902.729,904.128,936.601,3852.44,893.516,870.051,925.089,936.101,881.369
789.302,659.146,676.341,3861.9,666.086,654.404,676.464,651.257,673.18
-447.34,-574.162,-573.81,-574.537,-574.962,-574.267,3776.85,-573.762,-573.762
3832.09,-213.233,-769.851,-19.1795,-587.715,-623.639,28.5262,-351.706,-597.895
3854.18,558.087,527.718,769.718,682.121,707.465,557.774,497.729,561.257
105.971,90.4173,78.4568,78.6808,3838.98,111.808,78.6309,79.4733,78.5191
213.57,3855.76,234.514,213.553,213.621,213.006,213.256,213.17,212.665
670.24,670.178,668.62,3857.46,670.053,666.596,669.875,669.948,640.773
17.5909,3851.43,17.5812,17.5924,17.5885,17.6222,17.5835,17.569,50.8485
0.198236,4.26866,16.8191,3833.25,0.198166,0.198231,22.9923,1.23997,15.2132
17.4184,1.96903e-07,3824.72,0.45082,0.0426982,7.99356,2.39031e-05,0.787937,0.000107521
3858.42,1770.49,1865.72,2063.21,1791.6,1818.92,1759.87,1769.67,1850.86
0.00154254,0.00154753,3.57789,0.000432752,0.384177,0.260641,3857.07,18.2994,1.77587
1851.94,1846.75,1847.22,1849.1,1825.99,1851.66,2661.55,1849,1855.27
1854.75,1863.68,1862.82,2386.94,1863.37,1851.07,1860.2,1859.77,1857.12
1570.96,1586.8,1561.31,1526.17,1531.82,1503.52,2564.11,1581.04,1531.97
1312.22,1272.24,1260.03,1320,1313.56,1315.07,3783.75,1317.8,1273.1
9.8367,3784.25,-75.5024,-75.5024,-6.74477,-75.5024,-75.5024,-75.5024,-75.5024
1141.83,1102.91,1188.53,3860.78,1140.92,1130.07,1139.09,1128.28,1137.55
3862.49,2051.86,2044.62,2052.37,2050.36,2036.59,2132.11,2049.82,2051.34
3862.17,2215.92,2210.06,2215.71,2215.34,2212.47,2271.75,2214.22,2209.71
2120.35,2125.43,2125.6,3860.28,2059.99,2128.4,2208.71,2130.87,2129.12
2076.59,2073.75,2135.44,3853.13,2144.4,2073.1,2074.9,2095.42,2127.06
3846.83,1883.35,1880.64,1819.84,1997.2,1895.98,1895.02,1971.67,1887.19
3.14472e-06,5.10907e-06,0.49414,3820.6,0.62132,0.00174829,0.0104722,6.18973e-08,1.55603
1777.02,1774.71,1772.68,3808.62,1773.01,1770.82,1777.59,1774.04,1777.8
2772.46,1823.84,1821.22,1822.12,1823.75,1820.93,1823.9,1819.51,1824.03
1835.08,1840.51,1831.01,1838.03,1832.53,1837.8,1834.71,1838.39,1838.85
1757.43,1755.5,1761.62,1761.38,1759.24,1756.25,1761.63,1759.13,1746.47
1712.79,1708.58,1710.23,1819.4,1684.43,1682.95,1713.36,1711.62,1704.48
973.941,983.887,951.146,975.896,936.591,981.953,1869.99,976.367,964.44
-659.144,-668.839,-661.588,-663.993,2280.33,-658.97,-658.97,-658.97,-658.97
2073.05,1803.95,1807.38,1806.11,1803.38,1806.62,1807.5,1805.33,1801.64
2170.75,2170.35,2165.29,2181.31,2170.27,2164.52,2164.44,2168.92,2169.17
2438.54,2445.7,2425.53,2447.94,2447.87,2442.42,2441.3,2448.31,2429.18
2504.8,2511.15,2528.59,2512.08,2516.34,2506.09,2533.87,2511.78,2511.42
2345.43,2353.33,2352.03,2333.73,2331,2339.75,2345.02,2344.91,2339.37
1977.99,2004.39,1980.75,1988.27,1988.1,1987.16,1975.17,1983.97,1986.49
1689.24,1686.32,1688.66,1687.87,1687.56,1684.73,2539.02,1688.42,1686.05
1785.29,1784.86,1783.04,1780.56,2039.22,1780.81,1784.8,1782.92,1784.83
1821.52,1819.27,1825.34,1821.56,1804.43,1825.97,1957.49,1823.48,1824.15
1882.18,1883.27,1883.75,1885.68,1902.26,1874.02,1880.08,1869.19,1878.34
1849.3,1849.05,1834.93,1849.17,1838.96,1858.18,1849.18,1851.31,1847.35
1694.29,1661.03,1665.63,1641.28,1657.3,1661.51,1655.23,1639.87,1663.37
1405.4,1395.11,1401.94,1349.94,1391,1400.73,1406.02,1600.58,1399.07
-999.934,-999.934,-999.935,-999.935,-999.935,-999.934,-999.935,-999.934,1391.92
1211.09,1191.21,1212.75,1206.33,1177.11,1210.36,1646.06,1207.31,1210.44
2247.49,2249.87,2251.73,2254.25,2236.03,2259.49,2251.34,2259.54,2242.08
2498.91,2470.6,2461.81,2493.34,2498.06,2492.71,2470.81,2479.09,2471.76
2573.1,2602.74,2582.75,2607.77,2606.97,2584.98,2606.58,2590.78,2581.45
2438.4,2444.75,2424.83,2428.24,2420.18,2428.49,2443.85,2419.1,2443.75
2049.76,2049.22,2060.99,2055.31,2045.48,2056.83,2060.29,2051.31,2062.37
1946.31,1773.6,1778.15,1783.27,1786.19,1778.91,1785.02,1775.09,1788.62
1796.42,1779.34,1782.2,1788.57,1757.68,1780.03,1788.14,1777.68,1777.55
1824.59,1820.96,1806.47,1823.86,1836.67,1811.58,1823.25,1824.72,1807.78
1900.33,1911.4,1899.28,1917.29,1899.06,1914.27,1973.31,1915.82,1917.88
1814.46,1821.17,1761.23,1814.6,1827.62,1819.06,1823.17,1826.9,1822.06
647.523,609.764,610.868,671.695,632.696,1676.84,672.481,672.481,672.481
-578.186,-580.459,-577.252,-580.723,-586.658,-578.961,-577.804,1480.98,-578.266
-1000,1239.1,-1000,-1000,-1000,-1000,-1000,-1000,-1000
-544.178,-542.087,-543.809,-543.119,-542.545,1459.61,-542.173,-541.462,-542.103
2264.98,2283.18,2277.56,2279.04,2273.12,2279.95,2279.64,2272.29,2299.43
2623.39,2648.1,2648.06,2647.93,2665.89,2650.93,2634.57,2615.56,2674.07
2630.36,2621.53,2677.53,2680.52,2672.95,2633.1,2618.85,2622.47,2654.04
2498.27,2491.16,2474.15,2481.93,2501.57,2500.41,2488.7,2466.14,2471.71
2067.72,2045.27,2067.35,2068.2,2059.37,2062.67,2071.72,2069.64,2071.08
1782.34,1776.29,1784.76,1911.19,1780.82,1785.48,1784.3,1782.86,1785.47
1782.33,1748.25,1773.27,1780.66,1761.45,1780.89,1779.34,1772.8,1785.78
1875.54,1874.33,1856.9,1868.38,1846.42,1874.66,1874.2,1870.57,1874.11
1907.92,1915.5,1915.3,1912.39,1895.83,1910.46,1896.58,1914.91,1918.03
1797.42,1811.3,1807.41,1811.14,1810.03,1744.72,1804.51,1804.92,1804.39
-494.505,-497.153,-480.569,-495.828,-486.41,-491.476,-480.499,-489.157,1648.31
-785.148,-785.309,-786.092,1498.74,-785.066,-785.066,-785.066,-785.066,-785.066
-993.098,-993.294,1397.17,-993.085,-993.085,-993.085,-993.085,-993.085,-993.085
-996.479,-996.475,-996.473,-996.476,1378.06,-996.465,-996.468,-996.467,-996.584
1010.11,933.692,1686.31,990.433,1002.28,1002.36,991.465,1002.37,1000.88
2336.31,2347.98,2342.92,2346.41,2330.36,2338.14,2360.93,2332.06,2341.99
2384.42,2385,2395.56,2391.46,2400.8,2414.64,2417.17,2391.01,2401.15
2333.44,2337.46,2336.86,2324.02,2323.37,2317.56,2334.22,2319.51,2332.5
2016.19,2011.49,2023.36,2023.62,2019.84,2025,2025.31,2009.05,2020.37
1743.83,1750.8,1758.29,1758.74,1751.65,1746.91,1757.62,1766.93,1755.57
1767.04,1785.94,1787.14,1777.85,1780.55,1780.51,1782.36,1784.89,1786.59
1867.17,1871.42,1865.05,1870.3,1873.68,1869.57,1873.86,1875.99,1871.53
1885.58,1887.8,1885.11,1888.33,1884.01,1882.2,1888.67,1888.31,1889.81
1726.02,1716.73,1723.71,1721.99,1710.4,1711.28,1719.15,1725.48,1726.5
1654.19,1605.2,1581.26,1613.81,1742.34,1654.07,1652.8,1650.75,1632.04
167.527,124.227,168.729,1598.17,167.956,167.956,167.956,167.956,167.956
-998.783,-998.791,-998.693,-992.045,-998.836,1345.55,-998.791,-998.791,-998.791
214.529,215.738,175.029,210.715,210.812,215.932,179.118,215.758,1554.31
1212.33,1210.11,1212.03,1704.57,1141.77,1212,1203.12,1211.54,1145.8
2444.48,2432.73,2437.99,2459.08,2468.66,2451.44,2437.45,2469.75,2437.93
2380.11,2401.83,2382.37,2380.58,2408.4,2387.05,2397.23,2409.32,2378.88
2207.65,2223.58,2204.67,2212.86,2210.73,2201.49,2218.83,2221.84,2221.99
1846.62,1854.67,1850.74,1850.87,1838.71,1842.24,1854.01,1848.37,1846.73
1733.54,1732.54,1728.85,1713.27,1737.36,1735.15,1732.57,1734.57,1737.29
1747.75,1741.06,1749.37,1746.5,1748.47,1748.86,1743.71,1743.24,1748.95
1853.32,1851.61,1849.35,1851.21,1851.22,1848.51,1851.32,1842.58,1842.14
2006.09,2011.06,2005.3,1997.75,2004.97,1995.05,1996.98,2002.97,2005.74
1919.81,1928.84,1920.4,1922.24,1924.73,1930.42,1921.77,1921.56,1928.24
1845.94,1855.75,1855.2,1858.36,1802.9,1851.9,1852.52,1857.32,1858.28
1584.04,1540.18,1557.85,1594.6,1523.05,1559.65,1613.92,1565.84,1561.79
-998.271,-998.305,-998.269,-998.269,-998.269,-998.299,1150.2,-998.334,-998.334
1037.15,1048.29,1049.87,1048.74,1050.2,1049.05,1050.03,1050.28,1626.6
1859.92,1859.88,1857.08,1843.86,1860.65,1854.84,1859.4,1851.64,1857.56
2443.17,2439.97,2437.39,2409.19,2420.99,2430.41,2442.29,2442.81,2417.11
2442.57,2462.25,2464.94,2453.84,2442.52,2477.01,2479.43,2471.51,2473.45
2272.36,2246.12,2266.06,2255.47,2257.56,2259.23,2253.28,2254.59,2262.29
1916.51,1918.8,1914.12,1917.74,1905.5,1919.08,1899.29,1911.98,1917.55
1698.45,1709.68,1708.31,1706.03,1705.29,1706.63,1706.3,1706.16,1708.39
1750.49,1750.12,1745.86,1748.56,1744.81,1748.19,1750.31,1750.12,1750.64
1855.56,1850.02,1848.37,1857.83,1850.53,1850.95,1848.66,1855.8,1855.87
1860.57,1863.51,3852.04,1864.53,1866.48,1866.99,1864.79,1866.91,1864.99
1765.15,1765.76,3847.85,1763.37,1765.38,1767.08,1765.44,1756.32,1767.16
1552.25,1603.78,3816.8,1603.32,1520.01,1603.62,1596.18,1603.65,1603.48
-497.074,-500.302,-496.989,-496.989,-497.13,-497.019,3330.8,-496.989,-495.39
-902.571,-902.513,-902.509,-905.96,-903.691,1236.32,-902.501,-902.501,-902.501
-96.3195,-97.8892,-97.0346,-122.961,1659.97,-96.2578,-96.2578,-96.2578,-96.2578
2147.79,2152.29,2136.25,2144.87,2136.63,2145.89,2115.29,2135.64,2147.73
2707.69,2705.16,2651.93,2670.34,2672.33,2661.13,2707.8,2688.72,2675.44
2690.36,2664.76,2677.44,2622.61,2659.15,2677.12,2679.21,2689.57,2694.83
2484.43,2529.56,2539.05,2523.26,2499.23,2528.13,2518.19,2534.52,2499.44
1972.95,1981.2,2103.04,1946.71,1983.89,1981.2,1973.92,1971.47,1974.39
1664.02,1657.89,1667.03,1670.14,1654.08,1674.69,1669.28,1660.66,2917.43
1682.5,1686.05,3853.05,1661.66,1683.19,1685.66,1680.05,1686.02,1685.04
1803.67,1799.83,1804.47,1801.41,1803.76,3857.97,1804.12,1804.48,1804.08
339.143,323.833,386.97,339.44,3852.06,339.006,339.635,339.315,338.358
-22.3665,-22.3527,-22.5899,-22.3587,-22.632,-22.5994,-22.3542,3672.68,-22.3598
652.926,653.008,652.501,603.659,680.682,602.726,3832.12,627.428,602.83
-2.18118,-14.6128,-4.68623,3844.68,-1.19246,-1.19246,17.7715,-1.19246,136.562
-1000,-1000,-1000,-1000,3813.77,-1000,-1000,-1000,-1000
-853.015,3813.83,-853.151,-856.809,-853.1,-853.212,-853.053,-853.473,-853.074
2064.71,2059.29,2094.09,2068.8,2062.15,2062.57,2062.16,2057.34,2062.77
2439.19,2448.63,2461.8,2443.38,2467.68,2456.92,2456.99,2454.54,2462.68
2542.44,2525.01,2548.79,2555,2522.96,2519.53,2545.91,2519.63,2550.48
2446.08,2444.61,2428.63,2419.61,2449.63,2437.69,2430.85,2438.73,2442.38
1963.73,1971.45,1978.01,1960.02,1971.67,1967.76,1942.59,2046.4,1975.35
1680.06,1676.2,3800.32,1664.2,1660.55,1678.35,1679.26,1680.3,1681.72
1860.99,1716.17,1717.68,1716.62,1713.25,3838.28,1716.87,1710.97,1714.77
1466.49,1492.26,1465.48,1593.01,1548.48,1466.39,1463.85,1550.45,3848.28
12.492,12.4761,33.4617,12.4817,3850.33,12.4631,12.4739,12.4918,12.3709
1311.35,1378.74,1377.37,3855.43,1305.5,1374.38,1364.27,1335.75,1377.3
1755.97,1760.87,1754.46,1761.05,1734.06,1758.73,3741.18,1756.67,1767.17
-617.187,-616.614,-429.929,-617.196,-622.63,-617.506,3736.82,-616.876,-616.964
-898.368,-898.368,-898.368,-898.368,-898.368,-898.368,-898.368,3800.8,-898.357
299.622,302.925,305.575,3844,315.124,310.258,308.921,315.54,312.165
2167.24,2171.33,3857.44,2167.33,2165.41,2190.35,2140.16,2170.23,2171.33
2422.66,3851.52,2422.86,2418.18,2418.18,2420.16,2412.96,2409.18,2421.13
2537.38,2542.64,2542.93,3834.56,2539.24,2543.2,2541.24,2532.13,2543.21
2405.72,2409.71,2410.8,2410.43,2406.34,2412.21,2397.57,2402.68,3861
1894.02,3847.76,1922.36,1917.74,1921.67,1921.65,1918.63,1916.1,1922.82
1998.06,2035.19,3855.24,1889.66,1832.66,2068.2,2014.18,2094.48,2159.25
6.15414e-10,1.14389,0.000557865,0.00852426,0.0255349,0.594511,0.000180416,0.0702523,3858.55
0.0238299,0.0274989,3859.36,0.328673,6.21686e-08,11.8159,2.84286e-06,1.66403,1.81868e-10
1800.37,1716.5,1799.07,1798.22,1803.62,1799.64,1796.87,2393.6,1785.6
1525.1,1527.06,1551.19,3837.79,1530.68,1509.35,1547.86,1542.2,1542.49
3863.73,1151.46,1149.78,1131.44,1140.65,1155.06,1276.66,1091.69,1150.24
-318.224,3820.99,-361.174,-361.938,-315.965,-359.349,-360.717,-361.885,-361.564
-917.859,-918.689,-917.837,3803.07,-917.835,-917.813,-913.688,-917.837,-917.875
3859.05,1821.03,1818.73,1822.14,1821.46,1886.86,1822.98,1824.23,1813.38
2063.96,3857.45,2058.07,2064.44,2062.93,2058.44,2064.39,2066.48,2065.13
2182.53,3859.29,2178.66,2182.41,2179,2184.46,2170.54,2181.77,2183.18
2269.05,3860.34,2267.3,2268.93,2272.78,2269.3,2269.13,2272.3,2272.93
2110.38,3861.57,2108.47,2112.85,2114.14,2114.59,2115,2116.19,2115.03
1856.8,3855.16,1948.26,1849.84,1833.3,1855.37,1852.8,1842.76,1848.99
13.8465,1.81804,3837.04,7.6791,0.673353,2.55494,1.73911,8.52362,14.0384
229.652,229.725,229.479,272.525,229.831,229.339,246.948,3819.4,229.724
1743.58,1742.41,1740.19,1743.12,1743.74,3824.09,1742.1,1738.77,1742.89
1859.16,1855.99,1858.81,1858.99,1857.56,1845.57,3817.65,1854.96,1846.17
1830.63,1851.06,1851.25,1777.95,1850.17,1843.23,1836.58,2298.51,1852.28
1782.07,1782.71,1780.4,1707.27,1786.5,1786.98,2072.07,1781.88,1753.88
877.432,870.557,889.399,3756.85,883.325,890.156,889.47,841.565,851.432
-226.094,-225.644,-227.363,-226.149,-245.533,3057.88,-225.154,-225.154,-225.154
1797.84,1799.03,1795.15,1797.7,1777.69,1799.78,3867.13,1800.17,1798.37
2047.39,3861.83,2045.54,2047.26,2046.15,2116.39,2047.06,2045.78,2100.05
3860.26,2370.66,2369.73,2369.29,2369.4,2371.07,2370.28,2371.34,2366.05
3860.12,2181.86,2179.88,2182.94,2180.03,2183.04,2180.91,2180.59,2171.3
2125.26,3860.79,2126.43,2125.47,2124.64,2123.81,2120.37,2124.31,2117.6
1876.25,1876.05,1877.57,1873.61,1876.98,1876.84,1877.48,3856.6,1877.37
0.0489478,3.00699,31.9438,0.140544,0.0404607,12.3167,0.123408,3840.74,0.0405601
1767.73,1870.34,1774.65,3859.24,1773.54,1764.14,1866.93,1823.72,1778.57
1836.37,1836.77,1842.62,1834.22,3862.05,1844.73,1837.74,1840.29,1841.67
1836.82,1846.72,1844.29,1841.26,1838,1843.66,1837.78,1839.35,1844.93
1818.1,1821.2,1815.45,1819.14,1817.93,1800.87,1818.76,1804.17,1820.43
1758.15,1760.92,1752.88,1760.35,1760.61,1741.04,1766.63,1754.92,1745.76
1209.67,1214.56,1211.18,1218.13,1215.13,1241.88,1240.78,1216.23,1579.33
-936.416,-936.416,-936.415,-936.501,-936.415,-936.372,3039.16,-936.631,-936.285
2854.78,924.776,920.264,923.446,922.37,924.223,924.357,920.329,925.104
2090.98,2094.52,2097.69,2093.28,2089.78,2084.94,2093.6,2095.11,2095.95
2319.2,2334.85,2320.38,2346.15,2329.08,2344.14,2319.31,2335.98,2344.23
2262.81,2250.29,2258.04,2245.1,2256.03,2244.91,2236.04,2249.92,2253.02
2283.8,2292.39,2259.25,2295.76,2283.32,2281.57,2299.9,2285.05,2276.24
1961.57,1962.37,1962.09,1964.05,1956.3,1960.22,1961.67,1956.08,1955.3
1774.09,1791.5,1775.05,1789.4,1784.59,1790.91,1911.41,1792.15,1793.1
1777.3,1782.05,1784.61,1784.36,1781.12,1784.28,1783.93,1961.17,1775.62
1809.75,1803.13,1804.54,1800.82,1805.62,1793.49,1806.82,1803.26,1805.68
1864.07,1867.61,1853.11,1868.96,1870.83,1870.48,1863.79,1869.29,1871.11
1887.64,1815.11,1811.15,1804.53,1816.99,1805.52,1816.19,1817.52,1813.76
1574.85,1597.45,1582.59,1579.5,1576.29,1585.86,1637.33,1587.74,1569.5
1113.4,1110.3,1074.45,1120.26,1088.21,1077.91,1071.97,1116.36,1558.83
425.463,391.058,383.155,1635.76,433.944,433.944,433.944,433.944,433.944
1884.01,1888.76,1884.36,1881.09,1893.06,1878.86,1887.41,1889.46,1887.12
2177.74,2184.8,2182.17,2184.9,2191.91,2199.82,2180.51,2190.8,2192.91
2453.81,2441.32,2468.76,2432.99,2444.63,2443.78,2471.66,2453.77,2465.8
2450.41,2439.04,2454.17,2458.22,2467.62,2452.53,2471.46,2454.51,2459.32
2411.23,2407,2388.07,2384.18,2398.86,2414.72,2384.29,2406.33,2387.13
2002.08,1997.95,2003.29,1987.88,2004.07,1994.79,2005.98,2004.62,2004.19
1768.72,1767.71,1874.21,1757.07,1767.74,1755.08,1771.02,1772.57,1766.69
1784.05,1781.03,1779.5,1784.99,1757.36,1784.64,1780.03,1802.01,1781.82
1824.84,1822.52,1829.35,1823.19,1815.41,1826.12,1823.3,1822.18,1825.99
1847.19,1848.88,1847.71,1843.77,1789.65,1845.85,1845.77,1847.52,1847.6
1830.8,1876.99,1810.64,1830.31,1829.69,1809.58,1826.05,1828.7,1826.64
333.834,304.761,330.507,332.399,331.237,1600.49,289.158,310.223,324.08
-775.927,-782.235,-774.236,-776.41,-779.192,-778.852,1552.34,-774.364,-776.89
1324.33,-999.299,-999.303,-999.303,-999.278,-999.303,-999.28,-999.278,-999.293
267.547,269.198,269.288,263.669,259.843,1644.79,268.472,266.099,267.054
2330.89,2274.13,2311.2,2326.78,2299,2330.26,2329.47,2326.91,2320.02
2573.13,2583.36,2560.6,2593.25,2542.18,2570.09,2571.27,2597.22,2570.9
2488.15,2485.02,2459.09,2479.03,2484.56,2502.54,2477.14,2477.09,2489.6
2504.9,2512.15,2483.62,2516.71,2493.6,2477.55,2475.06,2490.84,2504.88
1922.82,1920.52,1928.75,1920.02,1917.04,1926.53,1925.43,1923.74,1922.42
1774.85,1773.58,1775.04,1762.37,1759.08,1764.56,1763.13,1809.64,1774.57
1758.58,1756.52,1763.92,1758.54,1755.35,1759.1,1774.7,1763.2,1760.38
1822.79,1830.68,1828.37,1829.34,1830.82,1822.84,1827.93,1830.6,1829.21
1915.59,1930.43,1927.39,1931.63,1923.05,1923.07,1929.27,1930.51,1925.13
1737.04,1596.71,1632.62,1634.49,1550.99,1605.33,1631.6,1631.79,1629.12
-75.2105,-79.8587,-79.5103,1292.94,-79.3382,-51.643,-54.07,-80.5367,-51.6407
479.677,508.142,1460.96,507.798,505.739,507.662,498.75,505.289,507.802
1674.07,1706.93,1674.27,1704.03,1662.73,1713.08,1708.32,1701.11,1706.98
1677.76,1688.03,1687.52,1674.59,1678.49,1749.79,1689.05,1687.85,1691.25
2118.71,2106.31,2113.4,2095.17,2122.36,2121.14,2105.82,2117.42,2113.59
2585.64,2588.86,2604.63,2599.07,2584.71,2604.27,2588.75,2566.01,2607.29
2537.5,2539.46,2514.97,2539.87,2505.54,2525.55,2513.68,2508.69,2530.74
2430.28,2421.13,2423.7,2404.31,2418.19,2388.28,2404.75,2407.59,2410.82
1960.77,1957.7,1951.39,1967.92,1966.64,1960.96,1959.88,1954.9,1963.95
1732.78,1745.04,1745.16,1746.44,1697.79,1744.19,1726.32,1745.13,1746.77
1783.37,1788.8,1786.38,1777.5,1777.64,1792.16,1796.24,1792.57,1787.77
1855.29,1842.65,1851.14,1854.73,1853.56,1836.48,1850.65,1851.46,1845.5
1910.17,1907.53,1909.73,1898.44,1907.94,1900.49,1877.36,1905.6,1911.75
1828.45,1825.6,1826.65,1825.77,1827.79,1827.29,1825.46,1830.25,1830.72
1639.53,-337.5,-361.294,-304.262,-361.108,-337.026,-337.855,-336.923,-337.053
293.667,292.242,292.408,293.506,293.613,290.544,293.754,293.708,1602.25
1385.72,-990.599,-990.602,-990.634,-990.943,-990.604,-990.602,-990.606,-990.862
1454.78,-842.096,-842.149,-842.177,-842.124,-842.28,-845.48,-842.105,-842.181
1938.18,1936.26,1939.73,1914.15,1933.36,1933.58,1935.9,1940.54,1939.91
2119.11,2107.13,2122.37,2117.67,2122.07,2124.01,2123.03,2121.94,2103.73
2288.98,2303.55,2273.6,2279.99,2296.96,2285.95,2292.81,2300.06,2290.56
2170.25,2175.44,2164.6,2169.77,2177.71,2178.56,2169.17,2164.95,2175.68
1860.83,1855.56,1852.94,1863.73,1856.08,1859.8,1864.97,1847.53,1861.63
1712.44,1711.38,1712.18,1696.81,1709.7,1710.66,1718.07,1705.82,1711.38
1759.97,1757.13,1759.99,1762.18,1741.58,1759.75,1753.78,1740.33,1751.43
1845.41,1845.59,1842.22,1844.02,1834.41,1840.03,1847.16,1837.71,1846.22
1911.83,1914.65,1911.68,1918.44,1921.85,1920.19,1912.33,1924.45,1917.9
1941.81,1887.11,1946,1951.8,1951.57,1956.38,1956.59,1955.5,1953.53
1472.92,1407.28,1444.01,1470.63,1402.86,1470.19,1400.36,1677.09,1473.1
950.388,943.875,950.189,1627.07,879.807,877.595,947.736,944.157,945.972
1512.82,-485.951,-483.255,-485.951,-485.951,-485.951,-485.951,-485.951,-485.951
-883.104,-880.433,-882.51,-879.584,-882.134,911.05,-880.951,-882.337,-881.971
1985.21,1903.22,1964.64,1986.31,1968.26,1894.28,1971.32,1983.32,1986.89
2392.81,2383.9,2389.76,2374.27,2380.96,2364.44,2373.96,2374.18,2359.6
2399.9,2386.05,2382.47,2375.94,2398.05,2380.44,2383.65,2386.28,2380.35
2208.76,2209.11,2208.57,2201.57,2191.46,2183.37,2199.26,2180.77,2186.3
1857.75,1849.31,1854.95,1860.82,1858.63,1846.64,1850.5,1854.32,1857.35
1699.83,1701.27,1692.18,1692.55,1686.41,1699.27,1695.29,1680.07,1691.46
1741.26,1743.14,1742.99,1747.21,1742.18,1737.91,1737.32,1726,1745.93
1837.1,1833.5,1835.63,1835.61,1836,1831.43,1826.86,1832.18,1826.01
1778.82,1778.16,3831.22,1777.76,1761.49,1768.92,1775.88,1769.78,1766.45
-305.75,-296.366,-305.881,-305.319,-312.83,-128.555,-304.895,-295.003,3745.76
-961.035,-961.035,-961.035,-961.035,3526.42,-961.035,-961.035,-961.035,-961.035
-971.828,-971.828,-971.828,-971.828,1774.16,-971.828,-971.828,-971.828,-971.828
-1000,-1000,-1000,-1000,-1000,-1000,-1000,-1000,-214.251
950.219,947.46,950.64,878.049,912.517,1348.83,950.7,950.7,950.7
2434.47,2437.25,2433.74,2429.51,2422.5,2440.3,2440.35,2446.44,2437.74
2827.62,2848.76,2811.44,2827.09,2813.17,2790.72,2859.33,2861.85,2846.81
2825.09,2810.85,2846.01,2802.53,2867.06,2816.31,2856.97,2850.27,2833.24
2650.01,2631.41,2671.25,2655.15,2633.43,2661.87,2638.95,2652.29,2641
2158.38,2184.41,2163.03,2158.18,2162.39,2159.73,2169.69,2160.56,2171.49
1653.41,1642.03,1636.59,1653.38,1614.97,1762.84,1641.12,1651.42,1655.53
1702.31,1704.98,3847.69,1702.51,1697.16,1702.23,1705.18,1704.54,1705.16
1758.97,1764.5,3843.66,1764.6,1764.46,1762.18,1729.73,1756.85,1754.96
1156.76,1157.13,1157.89,1160.77,1097.6,1158.03,1158.06,3764.22,1128.28
-512.169,3509.14,-512.023,-512.023,-512.023,-512.023,-512.023,-512.023,-512.023
752.085,3806.34,752.003,752.273,689.527,716.984,749.569,750.207,688.178
-237.244,-238.925,-247.72,3663.05,-246.024,-239.998,-247.623,-248.357,-237.736
-999.855,-999.855,-999.859,-999.858,-999.858,-999.858,2220.88,-999.855,-999.855
3801.9,588.857,588.857,588.857,588.857,588.857,588.857,588.857,588.857
2457.28,2470.55,2483.57,2489.9,2478.48,2433.89,2428.79,2455.97,2491.66
2671.71,2657.6,2663.98,2652.58,2689.49,2687.21,2666.95,2665.15,2651.1
2731.86,2730.19,2707.62,2728.55,2729.58,2711.03,2728.03,2701.42,2720.81
2559.25,2547.35,2550.86,2554.93,2569.88,2578.61,2547.43,2561.89,2564.65
2039.14,2252.86,2049.81,2048.85,2032.75,2054.2,2051.66,2041.75,2051.92
1684.27,1673.43,2348.23,1674.6,1660.04,1683.42,1659.76,1679.53,1680.98
1730.46,1728.35,3822.27,1727.97,1722.55,1729.9,1727.76,1730.26,1725.08
1812.84,1813.91,3840.59,1792.92,1809.01,1812.81,1810.53,1813.13,1813.57
308.312,308.385,308.345,343.069,3831.6,308.342,308.387,308.373,308.354
1734.04,1742.48,1744.13,1713.6,1686.1,1714.72,1745.7,1698.07,2720.46
1520.85,1520.91,1514.7,1520.13,1426.83,1464.33,2910.11,1526.4,1521
3746.37,583.854,578.875,541.794,581.656,569.033,585.306,585.255,584.409
3803.6,-984.128,-984.128,-984.128,-984.128,-984.128,-984.128,-984.128,-984.128
-493.838,-494.759,-494.33,-494.814,-512.305,-495.278,3593.5,-494.371,-494.206
2144.61,2133.47,3808.43,2149.45,2145.91,2139.09,2149.32,2146.51,2147.39
2584,2604.69,2592.99,2588.88,2589.45,2603.53,2584.38,2590.73,2576.09
2542.48,2537.18,2753.83,2532.66,2516.61,2534.73,2544.99,2533.26,2532.98
2420.73,2418.53,3760.45,2412.6,2410.83,2420.87,2425.78,2422.92,2421.9
1956.9,1965.41,1969.49,1963.14,1948.13,3859.94,1959.91,1969.53,1965.19
1749.49,1747.19,1735.21,1741.95,1740.56,3858.2,1748.38,1728.25,1749.34
1760.08,1741.62,3831.85,1751.95,1751.03,1751.46,1790.43,1747.74,1751
30.1127,10.2965,10.2911,53.6174,34.3284,10.296,15.3337,45.3074,3839.57
3816.84,1181.72,1184.24,1184.57,1171.38,1184.6,1218.71,1185.44,1183.28
1794.52,1880.66,1878.71,1856.43,3853.98,1881.23,1870.96,1880.07,1860.55
1433.43,1478.76,1486.49,1427.36,1441.49,1486.67,3857.98,1490.34,1482.93
-423.497,3858.77,-220.325,-423.097,-422.908,-424.807,-422.92,-422.921,-422.92
-1000,-1000,-1000,-771.909,3864.13,-1000,-844.461,-1000,-940.137
-937.265,-720.431,-937.683,-938.972,3870.22,-937.242,-937.242,-937.242,-937.242
1938.51,3862.72,1942.24,1939.8,1943.13,1943.65,1943.77,1938.4,1943.02
2286.19,3856.65,2286.86,2275.14,2286.85,2285.73,2283.96,2269.05,2283.28
2314.38,3858.2,2315.66,2309.1,2317.65,2317.43,2314.03,2304.48,2314.97
2213.12,3858.97,2214.68,2207.62,2216.03,2214.88,2215.85,2202.27,2214.28
1823.69,1843.03,1838.47,1844.06,1828.87,3870.15,1896.23,1919.98,1841.96
1493.05,1510.42,3851.07,1480.56,1615.05,1432.25,1428.43,1541.48,1531.95
3857.92,0.113768,1.56562,0.00105751,0.482118,0.46088,2.83915e-05,0.000749511,0.215422
161.86,161.833,161.896,3838.37,197.461,161.484,161.644,161.845,161.408
1855.31,1848.2,1854.24,1851.65,1840.05,1997.36,1848.55,1850.27,1853.38
1985.12,1858.02,1848.53,1857.8,1857.68,1855.3,1858.93,1859.27,1858.98
1768.32,1743.09,1740.8,1734.7,1735.83,1740.97,1733.89,1734.13,1742.29
949.355,3681.04,918.794,952.295,923.867,946.205,946.352,935.831,911.862
-999.916,-999.916,-999.919,-999.901,3709,-999.916,-999.916,-999.916,-999.916
48.2296,51.5645,49.8444,3866.97,54.0804,54.0804,54.0804,131.143,54.0804
1989.51,1989.66,1987.77,3869.04,1989.64,1985.47,1986.63,1989.08,1979.89
2308.11,2300.22,2304.21,3854.05,2303.93,2304.58,2310.19,2309.03,2301.48
2408.74,2395.7,2401.92,3850,2402.39,2392.48,2393.73,2403.68,2404.2
2116.96,2111.29,2111.97,2114.02,3837.28,2108.06,2110.16,2110.91,2114.72
3837.99,1892.12,1894.95,1892.95,1871.07,1896.19,1894.05,1896.1,1894.64
3838.92,15.2293,0.0347808,0.0347688,4.7758,0.0347065,16.5918,0.0347849,0.183993
1707.21,1708.86,1700.41,1706.93,1690.24,1709.4,3835.4,1702.55,1705.7
1821.62,1865.79,1823.12,1827.75,1821.36,1826.87,1824.16,1824.57,1827.79
1832.58,1833.54,1833.12,1835.94,1836.26,1910.18,1833.99,1834.75,1835.48
1801.9,1792.06,1805.06,1802.03,1806.32,1791.74,1816.47,1800.08,1787.02
1744.97,1744.38,1742.46,1742.66,1737.82,1738.82,1982.22,1735.76,1745.1
989.078,1050.43,1047.87,1049.57,1033.85,1037.86,1041.53,1052.4,1644.16
-879.066,-879.021,-878.761,-879.066,1677.47,-879.066,-879.067,-879.066,-879.008
1877.93,1718.93,1719.24,1719.56,1715.93,1715.91,1716.07,1715.9,1717.62
2063.26,2060.5,2058.93,2060.5,2053.09,2059.39,2044.56,2042.41,2061.46
2377.93,2393.3,2391.7,2384.53,2386.48,2390.04,2394.69,2400.68,2397.78
2280.36,2280.38,2294.05,2294.78,2298.86,2298.17,2289.14,2277.51,2279
2207.75,2192.03,2208.55,2192.39,2208.19,2206.47,2204.59,2197.97,2207.95
1967.16,1967.69,1974.52,1979.16,1976.63,1982.79,1980.21,1980.78,1978.8
1799.12,1799.59,1794.55,1790.96,1795.6,1797.74,1789.65,1799.3,1791.98
1792.12,1792.46,1793.57,1792.27,1767.82,1790.95,2167.56,1791.35,1790.52
2143.73,1799.89,1796.95,1799.22,1799.24,1800.17,1796.86,1798.41,1799.95
1849.42,1849.74,1836.86,1842.58,1853.3,1890.72,1906.95,1850.83,1853.08
1739.11,1739.8,1741.58,1739.6,1713.54,1733.98,1741.49,1681.17,1758.25
1391.35,1395.15,1346.14,1394.91,1395.46,1390.14,1375.99,1396.45,1738.19
-909.02,-908.949,-910.018,-908.392,-912.299,1598.45,-911.389,-911.45,-909.147
-1000,-1000,-1000,-1000,1521.27,-1000,-1000,-1000,-1000
801.8,794.412,800.115,799.842,760.55,799.54,800.53,800.471,1776.86
1874.16,1874.51,1879.93,1875.99,1880.93,1873.12,1884.73,1880.9,1881.57
2131.88,2110.39,2123.96,2114.82,2124.11,2116.38,2126.68,2124.46,2132.06
2418.68,2409.38,2415.19,2402.16,2374.75,2420.72,2421.53,2422.95,2392.93
2263.4,2273.41,2261.88,2286.59,2292.68,2292.98,2271.29,2265.7,2288.95
1954.77,1955.94,1962.47,1956.41,1961,1954.11,1960.52,1958.7,1953.73
1794.16,1771.13,1757.01,1775.63,1723.69,1776.18,1775.73,1775.54,1776.01
1769.38,1790.89,1776.3,1777.18,1769.3,1763.44,1773.34,1772.71,1777.46
1829.11,1827.76,1822.18,1824.06,1827.39,1826.29,1826.19,1827.47,1830.45
1849.88,1837.93,1855.83,1853.72,1854.8,1851.19,1845.81,1851.37,1854.98
1883.85,1862.31,1882.75,1882.14,1884.62,1884.58,1865.86,1880.79,1884.13
1424.54,1730.15,1453.24,1454.93,1411.38,1449.25,1422.81,1456.82,1442.8
-839.924,-835.031,-836.295,-836.211,-839.91,1500.22,-840.159,-839.688,-838.589
-968.179,-967.891,-967.796,-968.064,-967.815,-968.056,-967.808,1481.12,-967.783
1901.17,1901.71,1915.57,1907.64,1901.35,1911.3,1908.93,1913.78,1907.64
2116.9,2127,2128.53,2113.32,2119.55,2136.88,2141.46,2136.3,2123.36
2505.01,2509.72,2479.41,2496.24,2512.41,2467.91,2507.75,2507.94,2503.9
2472.98,2471.51,2471,2444.08,2466.31,2480.4,2456.38,2464.63,2464.94
2299.35,2289.73,2279.84,2292.61,2276.94,2282.87,2306.33,2294.5,2302.71
1856.76,1864.23,1864.75,1860.25,1864.34,1853.41,1853.98,1854.24,1855.64
1831.52,1739.71,1733.79,1741.74,1743.07,1738.72,1743.74,1742.65,1740.63
1723.15,1717.63,1723.97,1725.45,1716.11,1724.13,1769.88,1691.81,1720.69
1837.7,1839.65,1833.09,1834.1,1838.34,1839.94,1885.92,1837.52,1840
1897.07,1898.05,1894.22,1896.71,1892.24,1897.33,1894.94,1895.89,1898.41
1476.15,1425.17,1482.05,1461.42,1463.91,1666.46,1422.2,1480.68,1484.27
1514.67,1512.69,1511.65,1515.05,1486.56,1421.92,1718.67,1425.92,1514.27
-970.215,-969.949,-970.892,-970.004,-849.426,1523.37,-969.944,-969.983,-970.543
-999.995,-999.996,-999.996,-999.996,1021.48,-999.996,-999.996,-999.996,-999.996
-993.779,-993.777,1765.59,-993.78,-993.777,-993.78,-993.789,-993.996,-993.776
2371.33,2370.83,2376.33,2367.27,2365.49,2361.88,2362.99,2360.99,2364.26
2527.14,2494.55,2506.44,2530.66,2526.54,2531.87,2498.88,2498.83,2521.75
2517.33,2485.1,2469.31,2500.8,2501.99,2519.01,2506.11,2490.51,2483.32
2362.22,2348.93,2360.62,2363.95,2360.66,2350.44,2354.55,2350.49,2356.39
1945.3,1949.9,1946.15,1951.5,1935.95,1955.24,1939.28,1951.27,1935.19
1720.2,1720.32,1721.67,1768.92,1689.14,1722.3,1722.24,1716.95,1717.45
1767.8,1710.48,1709.85,1708.24,1710.85,1708.45,1704.57,1698.29,1707.33
1824.93,1829.44,1832,1835.98,1825.64,1835.3,2020.17,1834.52,1832.86
1858.58,1857.15,1849.69,1853.63,1847.82,1852.53,1855.54,1849.53,1857.12
1722.65,1716.41,1722.28,1733.68,1721.1,1720.46,1720.59,1719.43,1720.72
1511.04,1463.48,1510.1,1508.03,1443.32,1464.87,1467.77,1709.79,1511.52
-942.289,-941.406,-941.414,-941.406,-942.28,1551.28,-941.401,-941.401,-941.401
-999.325,-999.324,-999.325,-999.328,-999.349,-999.337,933.547,-999.339,-999.327
290.998,290.59,290.977,291.46,289.514,1472.13,244.825,291.455,291.163
2200.76,2196.32,2183.18,2185.25,2192.14,2181.02,2202.97,2196.47,2197.13
2424.7,2431.76,2436.01,2443.59,2430.86,2446.33,2435.65,2424.85,2449.58
2481.19,2461.51,2469.38,2454.47,2466.28,2470.55,2479.58,2451.96,2470.08
2414.87,2416.85,2400.68,2422.56,2431.62,2430.83,2415.23,2425.92,2416.26
1943.71,1950.93,1943.23,1947.24,1942.48,1943.98,1932.9,1950.55,1930.41
1670.52,1670.83,1666.8,1664.92,1665.84,1663.85,1671.45,1667.76,1664.62
1739.58,1731.99,1738.5,1738.06,1739.85,1737.53,1741.49,1733.84,1733.53
1819.86,1821.4,1824.69,1824.96,1821.96,1822.52,1820.74,1822.65,1816.88
1870.23,1860.86,1850.62,1871.89,1872.93,1862.94,1861.51,1871.1,1859.97
1851.01,1850.87,1849.44,1850.71,1846.59,1844.81,1849.39,1847.57,1839.72
1291.02,1675.02,1299.13,1299.03,1261.26,1302.15,1293.94,1291.87,1268.88
-985.822,-986.339,-985.821,-985.828,-986.349,-986.295,-986.333,1401.69,-985.821
-960.447,-960.454,-960.469,-960.465,-960.46,-960.455,-960.497,-961.212,1391.82
569.351,570.47,1338.63,519.021,569.55,551.896,569.439,570.921,568.591
2128.86,2134.49,2127.48,2135.71,2080.34,2078.27,2135.8,2136.91,2129.65
2668.3,2657.7,2677.94,2660.84,2686.13,2666.11,2643.33,2673.37,2660.69
2665.79,2679.57,2652.52,2679.7,2689.18,2650.84,2648.33,2691.17,2644.86
2471.55,2481.13,2459.63,2468.9,2445.72,2455.31,2429.79,2450.08,2476.76
1894.1,1919.94,1917.88,1909,1914.82,1917.43,1914.95,1909.49,1914.89
1649.54,1653.39,1650.7,1653.29,1652.32,1641.17,1652.73,1652.26,1637.64
1716.56,1702.05,1717.28,1716.79,1714.81,1716.61,1719.08,1719.42,1720.4
1814.04,1799.35,1806.62,1808.71,1808.64,1804.78,1813.72,1807.51,1813.88
1940.29,1944.38,1941.92,1942.61,1936.03,1941.79,2215.52,1938.29,1940.66
1835.98,1842.97,1844.73,1841.19,1841.87,1955.39,1837.03,1831.23,1839.79
2184.43,1585.51,1631.96,1569.57,1598.53,1639.76,1644.34,1574.48,1638.67
-882.268,1801.68,-877.944,-881.316,-881.625,-877.897,-881.617,-877.965,-882.326
-999.206,-999.209,502.839,-999.192,-999.192,-999.192,-999.192,-999.192,-999.192
638.423,638.074,637.687,637.838,631.54,635.425,580.207,1403.65,591.672
2483.1,2493.26,2488.05,2473.18,2454.97,2475.17,2465.73,2461.92,2482.71
2677.71,2677.66,2675.23,2685.73,2702.16,2710.69,2690.96,2663.8,2690.93
2766.45,2734.86,2728.01,2762.08,2731.22,2771.74,2753.29,2731.63,2747.44
2640.67,2626.89,2612.76,2630.42,2603.7,2630.22,2618.11,2609.27,2597.55
2071.68,2073.18,2087.29,2087.32,2080.65,2090.72,2076.57,2085.38,2076.41
1685.27,1680.51,1685.71,1689.09,1693.94,1693.95,1659.04,1683.08,1694.04
1706.96,1707.54,1701.95,1700.95,1707.56,1708.4,1708.37,1707.97,2764.43
1850.59,1850.94,1850.77,1844.89,1845.62,2888.47,1850.15,1851.11,1851.17
1105.87,3775.44,1086.82,1061.67,1077.5,1106.74,1106.62,1106.74,1106.07
-742.45,2889.5,-748.398,-746.668,-742.174,-742.301,-745.428,-742.311,-745.89
-271.407,-270.8,-269.942,-289.674,-271.391,2140.67,-293.369,-270.786,-270.258
-833.102,-833.171,-833.963,-839.081,-839.257,-837.026,3515.23,-833.08,-833.08
2786.24,-999.941,-999.941,-999.941,-999.941,-999.867,-999.941,-999.941,-999.941
-438.442,-433.766,-448.775,-449.016,-446.754,-444.632,3378.15,-447.82,-445.839
1576.06,1578.44,1576.1,1573.5,1574.24,1575.73,1578.7,1860.37,1565.96
2511.73,2532.67,2539.92,2532.95,2523.32,2506.34,2511.53,2533.97,2523.35
2632.42,2617.43,2596.26,2593.01,2611.71,2637.49,2628.49,2611.11,2610.76
2512.01,2546.51,2518.3,2498.71,2529.18,2543.28,2518.3,2522.07,2518.41
1933.58,1975.29,1973.3,1945.28,1970.82,1971.6,1973.3,2033.18,1974.44
1700.42,1699.35,1694.63,1696.66,1691.1,2524.02,1702.33,1687.67,1699.55
1719.06,1728.73,3822.03,1727.4,1725.63,1728.15,1730.36,1730.84,1726.59
1789.73,1787.21,1773.96,1777.33,1787.75,1765.1,1781.28,1787.9,3814.72
1945.23,3842.15,1945.25,1945.21,1944.54,1944.51,1945.27,1944.87,1944.95
2025.14,2027.15,1980.35,2941.61,2013.33,2008.68,2021.96,2029.82,2004.56
-410.367,-410.511,-410.199,-429.53,-410.497,-410.607,-413.746,1069.92,-416.17
534.208,1102.04,541.381,583.117,541.909,533.356,558.838,554.532,566.223
1601.67,1623.46,1612.9,1637.66,1569.1,1635.1,2142.63,1637.45,1600.25
1798.37,1806.14,3076.74,1807.02,1804.51,1804.23,1802.87,1805.92,1801.06
2335.27,2326.13,2329.72,2330.13,2336.15,2347.87,2324.69,2324.34,2322.47
2607.42,2586.1,2628.06,2633.57,2598.72,2575.8,2621.13,2635.24,2607.71
2691.56,2697.26,2674.99,2709.48,2660.92,2672.48,2666.94,2680.81,2683.99
2388.2,2386.91,2395.51,2401.09,2406.92,2384.1,2379.91,2398.72,2415.75
1904.37,1904.5,1888.72,1900.37,1886.83,1898.42,1888.27,1917.44,1895.41
1744.68,1742.8,1741.07,1734.75,1745.56,2754.13,1735.84,1743.74,1732.25
1735.71,2461.96,1751.58,1752.32,1754.48,1755.6,1750.16,1751.55,1753.32
1860.72,1851.24,3861.54,1857.37,1858.93,1860.31,1860.25,1856.11,1849.68
1884.61,3844.64,1871.93,1877.36,1881.71,1887.06,1974.16,1878.82,1887.07
1675.94,1708.15,1724.76,1721.7,1707.54,1722.53,3295.69,1724.49,1687.1
1089.67,1134.06,1143.94,1075.71,1117.74,1143.89,3109.92,1086.42,1108.62
945.147,877.623,877.559,877.585,877.558,907.869,948.298,890.528,3566.47
-999.861,-988.108,-999.862,-999.857,3548.83,-999.857,-999.857,-999.857,-999.857
-488.722,-486.823,-488.877,-505.63,3578.89,-488.477,-487.172,-487.713,-487.062
1979.41,1982.32,1979.35,2733.97,1982.13,1981.46,1978.65,1981.94,1985.52
2611.52,2277.71,2285.3,2283.42,2278.56,2285.2,2270.99,2271.08,2273.67
2354.3,2348.87,2346.4,2347.56,2341.87,2335.89,2378.75,2335.15,2348.08
2294.07,2310.93,2300.43,2369.05,2312.51,2303.95,2313.47,2310.2,2314.57
1905.09,1902.76,1902.48,2181.77,1901.28,1905.92,1900.63,1905.01,1905.79
1762.26,1776.61,3846.77,1773.62,1783.12,1776.86,1776.26,1777.01,1777.16
1571.42,3855.82,1544.53,1544.39,1545.44,1544.11,1542.12,1543,1543.47
36.7584,3854,54.6948,36.7104,36.7697,36.7691,36.7723,46.1571,36.7726
1957.9,1851.52,1852.31,1853.14,1849.62,1851.33,1852.34,1848.84,1844.09
1851.62,1853.79,1842.54,2152.17,1841.31,1842.72,1847.13,1851.3,1847.95
2436.49,1668.44,1682.14,1678.51,1611.93,1613.53,1672.59,1678.66,1680.01
3829.04,-230.678,-248.07,-248.492,-253.014,-246.388,-227.96,-228.651,-227.475
-325.968,-325.977,-325.979,-314.359,-324.875,-301.237,1656.43,-300.702,-300.702
1891.96,1813.21,1808.41,1816.32,1804.62,1814.45,1808.25,1816.99,1810.57
2020.86,2039.04,2022.3,2025.24,2016.01,2013.69,2017.89,2022.83,2016.47
2309.88,2303.88,2307.63,2310.78,2311.52,2303.16,2297.45,2303.48,2276.43
2400.38,2379.28,2398.85,2419.69,2394.4,2418.98,2389.65,2384.78,2408.67
2238.98,2238.19,2209.7,2237.55,2226.27,2222.1,2223.14,2223.54,2231.83
1967.07,1944.61,1960.92,1958.97,1967.62,1954.64,1967.04,1965.1,1958.17
1796.78,1800.21,1798.23,1984.77,1791.25,1800.89,1801.14,1800.04,1800.22
2277.4,1792.2,1784.98,1791.24,1791.54,1783.2,1789.98,1788.64,1789.61
1811.13,1806.59,1812.91,1965.81,1809.69,1810.22,1812.82,1811.21,1812.15
1829.89,1835.03,1831.12,1829.87,1832.5,1835.43,1830.74,1836.34,1830.43
1815.73,1818.88,1817.21,1818.87,1888.48,1816.8,1818.37,1808.92,1817.5
1761.01,1755.97,1758.39,1866.85,1741.63,1747.69,1758.39,1757.71,1751.29
1461.24,1489.74,1637.44,1489.38,1485.51,1427.7,1492.15,1483.21,1488.25
1242.69,1683.31,1275.2,1275.2,1275.2,1275.2,1275.2,1275.2,1275.2
2005.78,1847.4,1841.62,1833.34,1846.69,1847.31,1842.7,1848.14,1848.49
2489.56,1991.77,1996.48,1994.74,1987.97,1989.42,2000.48,1993.81,1990.66
2243.13,2262.64,2272.63,2253.18,2269.26,2264.9,2248.09,2259.97,2248.15
2262.57,2241.14,2254.74,2249.43,2233.39,2240.83,2255.09,2256.84,2238.85
2160.45,2178.36,2153.84,2166.67,2173.72,2168.74,2174.94,2176.87,2171.61
1948.47,1941.92,1938.94,1938.24,1942.28,1949.42,1934.53,1947,1937.88
1771.53,1771.54,1771.76,1768.79,1757.55,1767.77,1771.9,1787.42,1771.6
1719.03,1721.17,1721.89,1722.65,1715.88,1761.66,1723.26,1714.87,1721.65
1828.49,1829.72,1814.87,1822.7,1829.1,1829.37,1825.72,1830.17,1828.39
1836.53,1815,1832.28,1831.88,1823.89,1831.57,1822.17,1831.45,1833.03
1766.16,1763,1762.24,1767.19,1765.16,1765.73,1768.23,1767.26,1768.47
1608,1692.82,1614.19,1612.13,1530.88,1614.74,1612.14,1544.32,1611.05
-566.451,-567.301,-470.977,-533.121,-562.357,-562.598,-563.284,-467.933,1736.07
-958.753,-959.057,-959.057,-949.726,-959.044,-959.057,1740.09,-957.792,-918.951
552.454,547.339,565.779,563.433,563.475,562.27,1570.31,563.248,546.076
2102.98,2107.87,2093.51,2098.8,2087.81,2094.44,2093,2096.87,2105.04
2287.25,2287.19,2273.62,2261.71,2285.46,2273.03,2272.32,2264.28,2274.77
2277.07,2286.24,2266.09,2285.54,2278.14,2263.16,2253.56,2281.79,2257.25
2192.63,2196.08,2214.04,2209.09,2195.46,2216.02,2195.38,2216.35,2205.62
1901.97,1893.4,1906.43,1904.25,1905.97,1898.77,1901.87,1904.85,1897.79
1604.7,1599.44,1619.33,1603.71,1596.13,1602.65,1595.06,1732.25,1598.05
2191.57,1750.54,1763.1,1760.98,1758.97,1760.71,1761.08,1762.31,1762.36
1870.18,1795.16,1793.21,1788.2,1778.17,1793.57,1790.08,1788.95,1786.72
1836.78,1838.08,1835.5,1834.38,1834.34,1832.48,1836.48,1837.03,1836.49
1800.75,1798.93,1789.07,1796.84,1707.8,1799.73,1790.16,1801.44,1799.2
639.221,1635.88,636.17,603.893,615.512,644.716,644.688,642.584,638.395
-266.927,-270.668,-263.993,-271.267,-291.43,1611.19,-264.688,-264.881,-291.449
-958.984,-958.984,1307.64,-958.982,-899.514,-958.982,-958.982,-958.982,-958.982
-80.1227,-74.3866,-74.8675,-75.4291,-73.7512,1740.31,-75.1623,-75.0338,-92.8792
2035.97,2124.27,2119.54,2111.31,2129.62,2108.91,2114.34,2023.83,2114.65
2490.12,2503.91,2464.6,2460.49,2478.76,2500.02,2469.96,2503.88,2488.66
2453.48,2471.31,2454.86,2458.04,2436.38,2442.75,2439.06,2470.73,2457.06
2264.64,2252.94,2259.47,2257.82,2270.82,2258.05,2271.82,2277.51,2254.66
1918.2,1914.67,1910.47,1917.08,1917.07,1911.23,1910.23,1885.44,1905.96
1741.84,1742.2,1737.22,1741.92,1739.55,1740.01,1741.89,1740.83,1729.26
1765.15,1768.7,1769.48,1767.49,1769.8,1770.05,1760.56,2007.14,1771.87
1824.41,1822.84,1827.53,1828.24,1827.77,1847.58,1824.42,1827.04,1826.7
1736,1740.54,1740.28,1779.9,1727.83,1738.54,1739.72,1740.59,1734.6
1804.62,1832.03,1816.55,1801.63,1817.89,1818.6,1818.13,1811.44,1815.26
757.17,758.846,759.242,694.376,694.518,757.021,755.758,759.545,1689.24
-769.567,-866.26,-866.259,-862.781,-866.591,1816.07,-866.257,-866.257,-866.257
-999.765,-999.765,-999.756,-999.756,-999.765,1121.85,-999.756,-999.756,-999.756
-96.8314,-96.9449,-96.452,-97.2216,1778.89,-96.2578,-96.2578,-96.2578,-96.2578
1851.98,1855.64,1847.06,1849.01,1856.21,1854.76,1854.05,1850.45,1853.93
2360.67,2376.51,2371.73,2375.67,2378.93,2354.03,2358.31,2369.91,2359.63
2556.13,2567.45,2560.36,2557.89,2568.7,2551.46,2561.22,2542.98,2572.84
2519.89,2507.85,2515.34,2498.1,2532.03,2509.81,2510.95,2517.6,2537.36
1861.96,1866.48,1868.63,1860.1,1861.26,1868.31,1865.03,1868.06,1857.44
1684.87,1693.07,1689.52,1694.39,1669.19,1685.75,1752.59,1688.99,1681.82
1738.97,1742.26,1744.51,1744.07,1732.53,1742.95,1877.03,1737.93,1741.55
1803.76,1811.17,1800.85,1806.73,1806.33,1805.78,1804.3,1804.56,1804.54
1965.12,1805.28,1801.24,1724.03,1804,1802.81,1805.2,1796.08,1799.28
1662.33,1675.73,1660.51,1660.42,1660.77,1663.01,1663.54,1776.6,1653.34
555.829,561.437,573.889,529.48,544.84,573.94,1778.41,527.358,553.055
-877.17,-876.619,-877.167,-877.384,-877.167,-877.165,-877.164,-877.164,1477.4
1101.86,-994.265,-993.826,-994.265,-994.265,-994.265,-994.265,-994.265,-994.265
-142.423,1722.88,-141.445,-141.445,-141.445,-141.445,-141.445,-141.445,-141.445
2389.4,2386.68,2386.42,2390.8,2399.56,2401.65,2395.49,2387.22,2375.54
2732.13,2764.19,2744.82,2739.41,2732.87,2745.75,2762.55,2753.12,2732.39
2699.03,2713.8,2679.15,2684.6,2674.3,2681.69,2710.64,2662.11,2681.38
2553.77,2582.35,2557.29,2557.12,2548.15,2572.75,2565.47,2581.33,2548.17
1987.81,1988.07,1985.92,1976.94,1988.95,1978.99,1986.7,1982.2,1987.13
1651.52,1654.61,1658.48,1658.26,1642.77,1653.72,1657.31,1657.58,1658.01
1710.34,1715.13,1719.44,1715.33,1719.62,1717.38,1715.79,1716.81,1711.16
1787.68,1783.24,1784.58,1796.31,1784.34,1787.94,1782.44,1779.03,1782.56
1817.38,1804.62,1813.9,1800.09,1814.63,1814.13,1820.76,1824.28,1823.07
1804.23,1802.5,1802.8,1813.1,1805.26,1811.49,1792.01,1808.9,1811.74
1511.73,1479.7,1518.65,1492.33,1458.24,1518.54,1499.12,1469.52,1654.73
-979.708,-979.698,-979.7,-979.703,-979.698,-979.699,-980.071,1364.16,-979.696
-922.039,-922.965,-923.073,1084.14,-922.949,-922.949,-922.949,-922.949,-922.949
915.033,881.189,1565.26,881.889,876.899,849.869,915.462,859.813,916.474
2263.91,2251.2,2248.89,2255.4,2255.75,2266.47,2244.24,2251.22,2240.59
2594.88,2601.13,2621.88,2592.03,2597.82,2600.57,2634.66,2626.7,2620.23
2685.6,2680.53,2672.49,2674.7,2700.2,2696.77,2699.22,2704.66,2656.66
2569.65,2561.7,2544.11,2573.65,2577.92,2566.1,2537.76,2553.63,2558.03
1994.17,1998.98,1993.3,2002.43,2005.89,2004.32,1999.8,1990.22,1995.17
1622.63,1625.99,1626.02,1624.8,1619.89,1625.64,1616.53,1623.47,1619.63
1718.83,1714.23,1724.03,1722.48,1719.22,1719.33,1724.35,1724.92,1716.1
1816.9,1810.03,1819.5,1811.82,1819.73,1819.56,1806.41,1818.84,1820.42
1830.28,1831.72,1966.87,1771.11,1833.12,1825.74,1827.58,1829.51,1817.03
1913.76,1911.9,1915.49,1919.15,1929.37,1919.11,1911.38,1915.68,1918.96
1463.72,1459.01,1466.28,1461.16,1388.53,2024.45,1466.08,1463.36,1465.64
-225.23,-225.328,-225.172,-253.383,-229.725,1502.19,-225.154,-225.154,-225.154
-871.467,-873.125,1491.19,-871.483,-871.508,-871.434,-871.467,-871.508,-871.518
-402.606,-402.689,-402.867,-415.091,-402.441,1509.3,-403.364,-402.593,-403.69
1746.82,1759.81,1717.36,1703.05,1756.13,1746.41,1761.92,1767.7,1756.97
2529.82,2544.05,2545.22,2511.25,2522.95,2508.89,2521.92,2531.37,2520.24
2440.08,2464.26,2482.7,2460.41,2460.44,2461.94,2462.21,2454.62,2449
2312.34,2321.08,2321.43,2302.33,2323.45,2313.71,2330.13,2311.83,2307.92
1880.15,1829.21,1877.45,1892.56,1886.5,1889.45,1885.51,1882.39,1883.91
1678.17,1661.59,1669.35,1667.83,1675.7,1660.37,1683.17,1753.78,1680.57
1698.26,1697.32,3684.09,1699.39,1701.32,1696.11,1702.35,1700.21,1702.36
1798.98,1798.63,3439.14,1798.09,1802.46,1800.31,1803.16,1801.83,1800.4
1932.84,1931.87,1934.37,1931.25,1929.81,2114.14,1932.43,1929.78,1929.06
1597.09,1596.72,1596,1537.09,1537.41,1954.29,1596.82,1587.99,1523.82
1723.95,1855.97,1653.55,1693.66,1691.13,1714.45,1694.78,1673.36,1675.85
2084.66,-806.022,-806.022,-806.022,-806.022,-806.022,-806.022,-806.022,-783.883
-624.495,-625.067,-624.445,1777.91,-624.298,-636.296,-634.01,-624.271,-624.337
1603.41,-460.869,-461.131,-460.759,-460.888,-460.714,-461.119,-461.001,-461.02
2114.59,2110.31,2052.23,2119.85,2111.64,2120.35,2118.55,2121.11,2116.09
2465.52,2433.64,2451.16,2447.24,2458.47,2446.69,2466.61,2460.57,2453.98
2526.11,2522.29,2532.61,2509.76,2526.06,2497.35,2500.1,2495.72,2499.72
2310.83,2325.32,2335.57,2302.72,2310.31,2310.09,2317.64,2319.39,2322.25
1870.54,1884.64,1882.13,1886.46,1886.31,1870.16,1882.03,1868.16,1885.84
1671.14,1810.86,1702.85,1710.25,1699.68,1705.46,1708.41,1709.08,1711.94
1722.01,1726.46,1725.83,1727.21,1727.42,2924.03,1726.41,1722.61,1721.78
1835.52,1838.01,1831.54,1834.36,1869.6,1828.51,1833.85,1832.22,1837.38
1636.05,1637.44,1639.74,1637.52,1639.65,1637.1,1637.16,2775.52,1640.24
1675.32,1640.3,1645.55,1675.25,1647.92,1837.31,1633.24,1683.17,1609.36
1357.39,459.846,472.604,468.895,459.674,472.003,486.898,454.646,454.643
-470.642,-466.016,-479.179,-472.484,-471.448,-474.79,1750.77,-469.054,-477.123
362.179,319.699,3132.91,410.251,362.247,362.247,362.247,362.247,362.247
1887.17,1869.25,1888.11,1879.67,2470.14,1886.57,1883.8,1886.1,1885.42
2058.9,2062.27,2057.62,2058.25,2331.73,2066.88,2052.99,2061.29,2063.27
2597.12,2615.12,2626.41,2601.2,2593.6,2586.81,2600.68,2635.33,2637.34
2630.52,2585.82,2625.51,2640.87,2585.69,2588.53,2625.04,2614.29,2607.39
2423.73,2428.71,2460.99,2411.59,2432.67,2448.71,2447.66,2461.63,2433.56
1952.39,1936.96,1950.36,1957.66,1948.57,1949.17,1945.56,1957.84,1954.65
1730.1,1727.52,3722.24,1720.74,1735.09,1736.03,1735.9,1735.4,1732.96
1748.63,1748.65,3750.8,1747.37,1737.97,1748.35,1748.28,1745.19,1748.91
1788.65,1786.36,1788.2,1789.51,1788.98,1789.03,1783.05,1789.3,3322.84
1851.97,1854.71,1885.02,1851.62,1856.18,1844.39,1841.79,1853.81,1851.67
1629.05,1680.81,1689.7,1694.19,1646.6,1695.25,1869.34,1685.41,1614.95
974.907,958.872,973.47,982.238,982.3,948.883,990.984,1006.66,1380.38
785.89,804.72,833.768,813.151,783.998,800.795,802.367,1577.81,803.41
-764.33,-762.886,-770.776,-762.574,-762.91,1638.65,-762.398,-762.51,-762.994
842.822,879.371,875.207,876.923,873.061,814.042,1788.78,876.785,880.201
2198.89,2175.53,2180.61,2182.93,2190.51,2176.13,2205.41,2185.44,2198.99
2404.52,2388.87,2411.66,2383.75,2414.17,2373.43,2408.47,2412.24,2397.33
2366.8,2371.78,2340.58,2342.64,2369.35,2367.28,2361.69,2378.12,2326.32
2298.24,2311.35,2287.99,2327.38,2310.79,2295.41,2309.93,2322.16,2289.31
1910.14,1908.36,1908.27,1923.01,1914.55,1911.91,1922.83,1915.96,1915.73
1745.39,1744.4,1748.02,1745.3,1739.38,1748.01,1748.44,1748.7,1756.82
1779.02,1775.93,1771.93,1781.65,1781.23,1778.34,1779.98,1781.82,1791.68
1751.52,1750.13,1901.92,1757.46,1757.69,1751.58,1754.25,1757.52,1750.77
1841.04,1837.29,1839.49,1843.27,3296.26,1842.34,1831.92,1837.56,1834.82
1807.13,2007.78,1818.73,1811.13,1808.08,1819.92,1815.13,1811.96,1820.48
3128.55,1742.43,1741.56,1741.2,1724.99,1735.32,1705.62,1740.77,1742.36
-564.113,3794.68,-563.347,-565.563,-575.033,-574.001,-575.79,-575.787,-567.418
-933.223,-937.368,-908.352,-939.126,-939.141,1610.95,-937.242,-937.242,-937.242
1159.2,1147.95,1141.77,1155.2,1136.19,1156.38,1764.89,1158.33,1159.53
2059.01,2062.77,2505.85,2057.77,2065.01,2058.64,2063.79,2066.19,2059.94
2255.03,2260.89,2271.02,2284.03,2277.18,2264.32,2322.79,2272.39,2254.6
2365.66,2379.69,2400.13,2404.22,2368.71,2405.57,2395.5,2391.54,2379.84
2238.62,2253.35,2262.73,2280.27,2267.34,2274.91,2267.17,2258.21,2263.6
1889.43,1900.61,1899.02,1897.93,1890.34,1894.91,1889.15,1898.81,1896.86
1781.44,1780.58,1780.35,1777.65,1773.53,1781.91,1769.56,1778.75,1780.63
1777.64,1786.37,1788.11,1787.49,1784.19,2440,1786.7,1779.92,1786.65
3861.13,1819.41,1818.38,1817.01,1900.28,1818.55,1819.59,1820.37,1819.53
1824.03,1823.77,1823.71,1817,1820.35,1824.31,1823.2,1823.93,1817.42
1805.47,1803.9,1811.33,1803.26,1809.21,1791.15,1810.53,1803.92,1800.35
1732.92,1683.55,1692.6,1690.3,1689.8,1694.7,1680.7,1692.47,1694.73
1051.73,1040.68,976.392,994.452,1042.93,1627.57,1091.27,1053.37,1053.37
-931.019,-931.019,1753.31,-930.918,-931.019,-931.019,-931.019,-918.088,-921.098
-530.86,-518.85,-519.637,-529.967,-517.024,-529.967,-531.054,1605.76,-532.115
1956.35,1941.98,1963.11,1952.44,1956.64,1962.94,1959.64,1956.24,1955.23
2170.21,2149.23,2172.32,2162.23,2160.33,2173.56,2175.6,2163.85,2165.16
2149.68,2159.7,2170.7,2167.38,2147.48,2161.89,2144.77,2152.03,2147.38
2007.9,2019.18,2020.9,2020.08,2017.97,2020.97,2022.69,2017.61,2009
1894.94,1916.91,1908.57,1910.6,1914.08,1908.74,1910.24,1908.06,1911.47
1525.36,1521.2,1518.32,1525.68,1525.12,1779.49,1520.5,1516.51,1507.34
1786.72,1787.56,1784.35,1780.28,1785.21,1786.49,2376.15,1784.48,1787.72
1814.75,1818.51,1818.55,1815.79,1812.09,1818.08,1811.92,2117.84,1818.42
1835.61,1839.4,1837.03,1836.38,1838.93,1831.84,1841,1834.03,1834.89
1756.93,1753.1,1752.63,1757.04,1757.8,1760.75,1761.23,1758.69,1760.6
1488.02,1487.29,1472.17,1488.06,1442.29,1485.07,1485.4,1487.15,1708.78
-482.45,1659.98,-486.924,-488.656,-482.679,-488.616,-482.982,-495.856,-482.453
-214.958,-207.106,1483.99,-193.216,-190.857,-212.081,-212.69,-219.427,-117.745
1834.38,1834.29,1838.57,1839.42,1834,1841.32,1830.57,1838.79,1833.1
1957.9,1963.6,1960.25,1966.19,1956.92,1955.38,1960.96,1968.29,1954.59
2002.82,2011.53,2020.91,2003.57,2013.26,2017.92,2004.37,2002.84,2016.75
2001.8,1988.15,1990.35,1988.22,1990.41,2000.77,1998.11,1989.77,1994.43
1973.39,1963.61,1978.58,1970.19,1964.65,1976.91,1980.94,1978.55,1968.24
1887.4,1885.32,1884.7,1878.66,1881.55,1884.22,1889.02,1885.03,1886.8
1439.87,1428.82,1439.36,1436.79,1438.9,1432.7,1801.19,1436.9,1437.69
1454.82,1492.96,1472.24,1472.13,1463.03,1468.48,1473.68,1469.92,1788.02
1778.65,1779.05,1772.51,1770.22,1780.01,1768.22,1855.65,1781.48,1774.84
1823.68,1824.35,1825.4,1815.64,1811.27,1824.89,1825.45,1808.22,1825.5
1734.72,1801.31,1808.19,1803.15,1797.59,1805,1798.69,1806.55,1789.75
1036.06,990.928,1038.08,1013.49,1007.65,1643.87,1019.16,1037.83,1025.96
-471.227,-468.062,1790.84,-319.722,-482.467,-475.229,-464.561,-481.803,-465.423
-1000,-1000,-1000,-1000,1002.55,-1000,-1000,-1000,-1000
-412.5,-412.644,-421.905,-413.962,-414.342,-412.392,-412.417,-413.413,1590.56
2106.27,2098.88,2091.78,2097.9,2112.17,2099.19,2108.59,2104.85,2101.75
2551.41,2544.29,2548.19,2567.64,2574.67,2558.24,2559.39,2548.97,2547.08
2518.6,2514.19,2499.31,2514.75,2504.66,2491.97,2510.66,2506.3,2494.33
2349.17,2339.27,2379.28,2352.11,2351.16,2368.77,2377.52,2351.14,2357.26
1839.59,1833.73,1835.25,1835.24,1830.04,1836.02,1837.85,1832.82,1828.38
1729.99,1731.3,1732.5,1729.76,1728.69,1728.73,1861.07,1702.84,1731.32
2118,1749.85,1746.9,1750.28,1741.99,1748.82,1738.71,1750.14,1746.39
1794.08,1675.09,1674.18,1674.24,1675.06,1673.71,1663.39,1672.79,1672.23
1829.44,1830.07,1818.54,1826.12,1828.72,1825.78,1860.46,1816.25,1828.69
1496.32,1504.79,1484.73,1505.92,1468.56,1482.49,1523.01,1804.75,1494.14
-247.545,-254.261,-244.133,-225.9,-229.874,-226.525,-227.09,-245.668,1539.15
-460.651,-459.561,-459.072,-459.149,-479.187,1634.18,-458.896,-458.896,-458.896
-5.63504,-5.35965,-40.9133,-26.6138,-14.6888,1624.74,-3.54695,-3.54695,-3.54695
1908.95,1909.9,1915.21,1913.1,1904.8,1908.59,1912.83,1913.35,1916.42
2149.17,2149.26,2137.69,2131.31,2132.65,2136.95,2135.53,2135.86,2147.25
2612.54,2617.92,2603.94,2604.03,2591.42,2639.37,2641.74,2603.52,2633.35
2583.23,2623.9,2599.14,2628.73,2631.18,2612.66,2572.37,2622.12,2615.35
2427.86,2452.11,2453.76,2435.28,2424.35,2414.08,2430.17,2436.54,2422.39
1972.02,1928.48,1963.27,1958.59,1962.8,1951.01,1969.63,1963.81,1931.06
1700.31,1702.56,1689.42,1693.15,1692.04,1688.13,1696.61,1686.91,1696.3
1696.24,1727.12,1697.85,1695.54,1687.65,1693.24,1696.62,1686.5,1697.79
1797.78,1801.43,1794.36,1800.41,1792.34,1801.43,1798.87,1799.28,1794.74
1814.75,1815.82,1805.57,1811.19,1815.14,1811.13,1814.87,1812.91,1816.3
1329.34,1396.56,1384.48,1390.99,1681.45,1360.2,1394.72,1372.06,1384.67
1187.93,1750.37,1193.64,1257.79,1190.41,1185.62,1262.83,1180.81,1262.95
-430.434,-430.808,-432.658,-426.907,-451.578,-443.075,-432.447,1456.19,-430.417
-143.745,-145.386,-143.148,-143.244,-143.265,-143.452,-143.828,-143.509,1557.26
1765.05,1770.94,1771.37,1769.46,1744.64,1770.29,1791.87,1771.69,1687.9
2304.58,2344.73,2362.21,2368.88,2344.33,2343.93,2364.72,2351.06,2349.54
2822.55,2829.24,2807.5,2781.4,2835.13,2808.47,2821.86,2775.06,2810.68
2789.08,2766.93,2760.03,2753.67,2747.05,2763.76,2791.31,2776.53,2757.08
2661.77,2651.86,2659.62,2686.04,2662.57,2665.48,2638.5,2677.3,2667.75
2067.37,2073.31,2063.98,2081.29,2070.3,2061.97,2064.77,2066.84,2076.24
1681.03,1622.5,1619.07,1621.67,1620.86,1621.69,1621.47,1612.97,1604.39
1752.33,1707.35,1692.48,1706.35,1702.39,1702.03,1708.7,1704.09,1703.79
1814.52,1771.96,1774.67,1773.68,1773.09,1774.82,1774.03,1774.1,1767.49
1732.67,1732.13,1661.88,1732.36,1727.03,1726.5,1725.35,1726.56,1732.66
1756.97,1736.81,1736.9,1678.52,1731.21,1737.32,1738.95,1738.97,1721.63
-547.899,-537.498,-546.432,-537.464,-537.227,-545.655,1266.64,-541.801,-550.141
-999.145,-999.112,-999.145,-999.112,-999.111,-999.145,-999.118,1202.2,-999.111
-999.968,-999.966,-999.968,-999.968,-999.969,-999.968,-999.969,-999.968,1322.04
-138.683,-138.505,-156.168,-153.042,-151.211,-157.238,-157.382,1474.61,-149.505
2187.99,2184.03,2180.29,2170.67,2158.24,2172.21,2170.57,2181.01,2171.79
2726.57,2715.96,2742.51,2749.99,2738.83,2725.96,2734.27,2700.85,2744.45
2697.56,2665.22,2671.68,2664.75,2710.23,2714.26,2703.01,2668.08,2693.33
2586.8,2606.56,2618.76,2604.4,2621.97,2609.9,2608.01,2627.17,2630.57
2013.19,2019.64,2015.97,2023.07,2012.73,2015.27,2013.6,2025.38,2006.18
1588.63,1602.3,1589.98,1582.32,1586.64,1591.6,1589.08,1589.53,1583.17
1683.92,1688.55,1680.69,1676.73,1683.05,1679.26,1682.05,1687.72,1687.59
1756.23,1751.62,1755.96,1750.5,1751.85,1756,1748.55,1757.04,1747.69
1794.06,1795.37,1808.35,1787.39,1796.39,1800.38,1771.32,1796.75,1797.12
1762.37,1768.05,1769.32,1746.48,1764.18,1769.21,1761.68,1767.53,1790.54
1161.29,1086.64,1085.92,1115.18,1152.28,1677.82,1161.44,1161.44,1161.44
-842.07,-847.527,-847.284,-846.846,1465.37,-763.688,-842.004,-842.004,-842.004
-869.86,-867.756,-867.672,-872.534,-867.629,-871.909,-867.648,-867.646,1302.3
-264.028,-264.731,1648.57,-263.896,-263.896,-263.896,-263.896,-263.896,-263.896
2228.43,2243.22,2232.65,2232.5,2235.48,2230.49,2243.12,2246.07,2230.21
2444.5,2441.36,2461.36,2433.32,2470.63,2441.46,2460.92,2465.32,2469.74
2515.26,2469.94,2490.06,2458.52,2486.93,2451.2,2492.94,2499.53,2470.29
2290.43,2281.91,2287.3,2268.92,2272.7,2269.19,2273.52,2258.34,2276.89
1881.27,1877.97,1879.76,1880.74,1879.98,1871.42,1869.29,1876.13,1865.78
1628.41,1623.3,1624.68,1796.66,1619.72,1610.6,1625.99,1623.7,1623.66
1668.51,1684.61,1685.97,1681.9,1708.84,1670.4,1683.03,1684.16,1683.44
1744.3,1744.29,1748.05,1744.68,1739.56,1740.44,1744.6,1746.67,1741.91
1491.35,1491.63,1505.65,1492.48,1706.6,1493.15,1494.11,1494.38,1494.76
978.056,1051.29,1052.44,1009.98,1051.58,1739.69,1051.78,1004.9,1007.05
503.524,502.41,452.816,509.119,453.961,553.216,462.045,1529.28,509.414
-999.959,-999.959,-999.959,-999.961,1244.85,-999.959,-999.959,-999.959,-999.959
-997.529,-997.522,-997.522,1567.52,-997.522,-997.545,-997.541,-997.523,-997.533
-175.899,1587.14,-155.767,-155.862,-185.731,-154.44,-155.905,-155.155,-156.424
2082.03,2084.42,2080.09,2091.99,2085.13,2076.87,2090.51,2090.23,2075.26
2252.54,2245.9,2229.49,2240.31,2249.46,2222.97,2254.22,2253.23,2233.74
2196.35,2194.34,2182.87,2213.2,2215.84,2212.71,2220.3,2205.58,2204.39
2061.82,2056.14,2056.6,2063.18,2063.87,2074.82,2068.92,2050.29,2055.01
1906.66,1921.76,1918.2,1920.28,1920.14,1916.17,1922.95,1918.5,1924.41
1686.17,1683.68,1682.94,1699.58,1663.14,1674.25,1682.39,1684.54,1683.38
1694.27,1699.8,1752.99,1701.36,1701.88,1700.12,1697.6,1701.19,1700.92
1753.95,1752.78,2058.03,1751.87,1752.57,1739.98,1750.78,1752.89,1752.38
1786.38,1792.02,1784.98,1783.65,2035.28,1786.08,1793.27,1727.64,1785.5
1657.79,1648.76,1633.97,1644.36,1625.64,1656.44,1655.72,1606.84,1725.16
852.895,849.141,853.013,783.683,783.708,789.054,1577.15,853.165,853.165
1624.79,1603.98,1550.48,1715.49,1595.9,1619.76,1602.72,1618.61,1620.26
2204.26,1742.12,1746.58,1747.29,1745.04,1741.35,1745.64,1746.03,1745.12
1663.88,1623.94,1665.17,1665.1,1668.52,1668.63,1666.55,1664.07,1812.52
1968.13,1983.55,2001.71,1988.65,1999.85,2000.92,1999.71,2000.34,1995.39
2599.12,2582.36,2622.76,2618.8,2605.27,2607.44,2620.72,2608.68,2584.47
2594.51,2612.82,2579.22,2605.44,2591.94,2582.72,2612.54,2580.41,2567.54
2495.77,2468.36,2477.85,2492.22,2486.35,2459.29,2505.65,2511.62,2463.83
1914.62,1912.75,1910.06,1914.66,1980.09,1913.03,1907.08,1905.14,1894.74
1716.46,1714.92,1716.29,1709.18,1716.6,1854.37,1714.83,1704.1,1711.25
1736.63,1723.66,1753.2,1738.48,1736.47,1741.37,1736.67,1735.17,1731.3
1780.42,3128.91,1780,1780.97,1781.16,1778.93,1777.52,1781.69,1781.91
1817.41,1804.69,1790.39,1812.94,1793.18,1815.45,2437.76,1818.43,1808.83
1752.7,1749.95,1763.09,1722.64,1685.9,1759.33,1855.45,1759.69,1762.28
1643.41,426.031,429.155,432.212,431.695,418.019,408.657,379.574,426.722
1825.21,49.2512,49.2512,49.2512,49.2512,49.2512,49.2512,49.2512,49.2512
587.248,588.816,530.322,548.778,557.8,552.505,614.581,1742.33,588.857
1709.52,1707.98,1711.01,2051.77,1700.66,1706.42,1708.84,1710.84,1709
2141.43,2125.09,2142.73,2131.99,2127.01,2133.38,2129.48,2134.71,2136.79
2396.88,2411.28,2379,2403.33,2382.51,2383.66,2367.66,2388.9,2412.93
2572.75,2570.1,2566.32,2596.38,2595.6,2572.8,2569.61,2562.33,2602.17
2431.53,2397.93,2394.5,2403.56,2405.09,2394.04,2381,2400.2,2395.25
1994.98,1987.99,2425.67,1994.92,1992.98,2000.7,2000.74,1984.43,2000.61
2514.95,1756.49,1757.13,1750.82,1757.23,1741.24,1743.55,1755.48,1753.68
1774.18,1774.39,1774.5,1773.91,1766.02,1772.61,1756.37,1766.38,2596.89
1797.74,1787.49,3857.96,1908.67,1794.9,1796.78,1797.16,1798.39,1798.65
1826.2,1827.04,1822.5,1818.95,1826.84,1821.56,1826.29,1928.47,1827.58
1592.95,1595.47,1596.3,1838.25,1579.83,1593.17,1594.62,1515.76,1595.85
1333.68,1354.54,1369.67,1363.55,1346.88,1351.57,1365.94,1522.64,1368.64
616.169,1726.99,609.913,626.874,609.775,609.778,615.21,636.753,648.245
850.027,852.29,1651.22,853.165,853.165,853.165,853.165,853.165,853.165
1863.64,1859.35,1859.52,1849.22,1850.11,1859.73,1872.49,1845.79,1854.73
2052.99,2058.2,2065.27,2050.37,2035.71,2055.49,2058.57,2051.63,2047.36
2442.85,2450.57,2470.83,2445.84,2462.33,2460.54,2441.82,2465.53,2479.74
2520.46,2517.94,2510.8,2526.76,2519.78,2544.4,2524.46,2539.43,2555.2
2409.96,2397.2,2395.95,2367.5,2395.92,2407.32,2385.7,2374.39,2404.01
1917.64,1910.64,1901.79,1903.22,1915.87,1913.91,1920.55,1912.55,1915.07
1787.05,1782.92,1785,1777.57,1785.96,1785.8,1774.91,1785.65,1783.06
1771.97,1772.48,1774.14,1780.04,1766.9,1776.9,1771.05,1773.7,2494.58
1756.34,1794.12,1793.23,2861.64,1791.92,1791.04,1790.35,1789.09,1794.14
1823.18,1826.65,1822.99,1827.56,1823.12,1824.58,1824,1822.83,1829.99
1782.45,1780.76,1784.08,1780.05,1787.66,1782.71,1783.67,1786.08,1788.58
1755.44,1754.85,1753.62,1810.73,1754.56,1747.46,1749.46,1752.67,1752.71
1385.56,1305.17,1305.21,1715.1,1305.25,1321.21,1388.69,1391.52,1392.96
-286.984,1629.21,-368.883,-368.883,-368.883,-368.883,-368.883,-368.883,-368.883
-249.887,-248.375,-248.483,-248.22,-251.968,-248.825,-248.7,1659.97,-273.814
1971.98,1976.7,1979.18,1928.03,1986.87,1980.19,1982.33,1984.2,1974.68
2429.59,2405.07,2421.87,2433.11,2404.52,2430.53,2405.38,2401.82,2407.72
2374.6,2387.65,2377.83,2354.27,2380.54,2380.73,2351.87,2367.85,2387.58
2197.01,2216.51,2191.11,2215.23,2220.01,2205.76,2217.35,2217.77,2213.44
1910.83,1913.68,1921.47,1917.76,1918.25,1917.87,1918.56,1905.48,1920.67
1366.64,1756.9,1375.28,1381.02,1361.09,1381.77,1380.18,1381.67,1366.59
1770.27,1764.17,1768.55,1768.4,1765.27,1762.5,1770.95,1835.62,1768.11
2242.35,1803.66,1806.73,1803.65,1802.6,1801.96,1802.59,1806.47,1806.67
1828.97,1837.64,1833.16,1833.12,1831.79,1840.42,1837.79,1840.83,1822.6
1831.1,1830.25,1832.38,1833.83,1823.42,1826.97,1817.19,1833.21,1817.25
1615.03,1625.82,1607.99,1622.72,1615.57,1563.94,1618.34,1663.67,1618.36
932.004,1628.88,943.172,880.165,888.274,900.713,884.234,944.192,903.725
1453.59,1512.01,1506.12,1509.54,1498.24,1513.71,1510.45,1515.42,1653.99
1831.76,1834.37,1835.33,1834.43,1818.81,1834.82,1835.9,1836.5,1825.89
2170.26,2166.99,2173.37,2166.61,2166.53,2182.25,2181.4,2177.05,2162.21
2316.15,2346.46,2340.89,2356.71,2331.43,2327.33,2341.2,2343.57,2341.87
2504.69,2502.81,2489.26,2513.21,2510.34,2488.29,2487.84,2501.12,2498.61
2335.66,2325.03,2328.46,2333.17,2303.5,2338.31,2345.48,2307.67,2339.01
1922.39,1916.04,1913.48,1922.94,1914.51,1925.79,1924.77,1911.59,1926.56
1751.89,1749.17,1751.22,1745.02,1745.33,1751.93,1752.8,1896.6,1746.83
1229.87,1193.51,1189.54,1195.65,1742.64,1195.26,1191.34,1202.48,1206.27
1776.51,1775.64,1788.98,1776.22,1778.17,1779.22,1774.38,1779.16,1777.13
1784.48,1785.86,1786.24,1786.49,1780.33,1784.01,1783.12,1777.69,1826.73
1850.78,1850.59,1849.84,1850.76,1851.03,1850.88,1851.41,1848.85,1839.85
1413.42,1415.31,1421.43,1421.56,1459.2,1706.2,1400.18,1417.99,1460.2
783.864,786.613,792.11,781.962,784.266,746.219,761.757,784.583,1535.59
1749.09,1744.15,1736.48,1739.25,1739.86,1733.53,1742.11,1717.1,1743.49
1811.15,1811.92,1811.47,1799.3,1811.81,1807.45,1809.29,1748.72,1809.13
2232.91,2212.85,2214.59,2224.11,2230.09,2238.47,2226.49,2212.52,2241.89
2594.93,2607.81,2602.16,2599.52,2616,2643.83,2606.49,2630.46,2637.79
2691.7,2679.29,2696.58,2653,2657.72,2669.44,2678.26,2674.98,2687.27
2585.27,2587.33,2560.78,2551.5,2554.68,2577.77,2577.34,2556.08,2560.37
1952.57,1971.16,1962.51,1949.35,1953.31,1965.24,1970.87,1963.04,1957.45
1745,1716.64,1736.87,1736.69,1727.02,1724.2,1735.84,1730.05,1726.82
1790.24,1464.83,1457.31,1464.6,1462.81,1462.43,1465.35,1461.83,1460.23
1775.36,1778.37,1777.44,1782.22,1779.8,1771.19,1779.12,1775.25,1770.27
1857.69,1858.82,1859.54,1860.84,1879.48,1861.07,1856.82,1859.85,1814.84
1454.85,1406.63,1738.47,1433.86,1452.05,1452.82,1452.66,1453.2,1429.73
1555.38,850.537,829.532,850.218,783.671,783.671,835.487,783.221,817.652
109.538,106.723,109.441,105.098,68.1763,71.1787,75.0001,1496.43,109.558
-642.402,1627.49,-611.35,-641.021,-641.021,-641.021,-641.021,-641.021,-641.021
-245.093,-339.619,-340.718,-339.14,-356.5,-341.046,-344.799,1811.15,-339.982
1309.87,1697.82,1303.8,1247.09,1312.21,1311.89,1252.86,1310.38,1307.22
2632.02,2613.64,2593.85,2594.93,2619.15,2599.24,2605.35,2598.4,2625.91
2679.79,2647.61,2645.33,2662.52,2681.85,2659.09,2692.3,2664.69,2675.32
2597.35,2624.27,2580.92,2590.72,2601.81,2581.63,2600.91,2587.17,2589.21
2102.22,2089.87,2055.46,2080,2102.01,2100.63,2094.01,2081.63,2085.41
1670.83,1670.98,1666.66,1668.81,1654.64,1667.58,1667.83,1651.36,1655.28
1749.95,1739.71,1751.18,1753.43,1751.58,1735.76,1795.03,1753.25,1753.43
1794.2,1793.09,1794.11,1794.64,1790.13,1793.21,1833.25,1793.99,1788.09
1810.28,1806.56,1800.95,1819.88,1807.86,1803.02,1795.63,1808.75,1805.14
471.311,470.735,466.243,443.676,417.281,1613.18,469.207,469.675,452.629
-999.347,-999.347,-999.347,-999.347,-999.361,-999.355,-999.348,1201.84,-999.347
-1000,-1000,-1000,-1000,-1000,-1000,-1000,556.623,-1000
-934.033,-933.98,1490.29,-934.899,-933.684,-933.987,-935.685,-936.416,-934.871
360.114,350.381,1538.2,356.704,360.074,361.104,359.342,359.804,361.24
2637.17,2645.09,2654.67,2656.84,2607.67,2610,2656.78,2599.22,2605.45
2873.38,2864.41,2883.52,2891.9,2897.23,2893,2893.26,2848.06,2855.76
2880.52,2887.51,2899.25,2894.43,2909.27,2845.5,2891.53,2870.45,2873.62
2803.18,2808.38,2770.6,2813.94,2816.49,2815.23,2796.91,2778.08,2818.46
2281.3,2268.53,2252.1,2274.78,2276.04,2276.96,2291.81,2285.41,2277.01
1601.41,1595.86,1600,1601.01,1604.27,1604.43,1596.91,1599.91,1594.34
1724.54,1718.5,1706.24,1717.85,1717.58,1718.9,1709.91,1718.49,1718.58
1772.63,1775.56,1781.85,1768.53,1782.19,1776.11,1780.25,1783.22,1779.07
1588.98,1589.67,1587.46,1584.54,1582.1,1584.16,1651.73,1580.29,1583.08
953.159,971.745,923.91,945.409,913.817,930.388,974.75,1603.27,936.885
357.205,342.329,1509.51,357.663,358.863,358.952,358.507,356.589,356.683
-999.778,-999.778,-999.778,-999.778,-999.778,-999.786,986.046,-999.778,-999.778
-999.853,1291.19,-999.853,-999.831,-999.853,-999.853,-999.853,-999.853,-999.853
-139.105,-147.645,-147.356,1512.65,-130.022,-153.139,-127.63,-155.087,-140.362
2047.22,2041.15,2037.88,2044.88,2047.96,2045.55,2026.11,2038.34,2028.66
2714.72,2669.45,2664.76,2710.98,2683.25,2678.17,2705.34,2702.28,2683.84
2615.67,2634.88,2641.42,2618.51,2640.18,2624.94,2626,2634.13,2609.32
2575.48,2563.25,2588.75,2584.69,2560.5,2573.15,2579.19,2595.83,2547.06
2175.05,2171.16,2164.79,2150.92,2164.32,2160.19,2161.58,2176.94,2168.3
1559.08,1608.02,1555.14,1557.78,1547.57,1541.85,1555.82,1559.84,1541.77
1629.47,1626.74,1633.59,1637.31,1621.44,1629.39,1634.5,1631.08,1633.03
1706.29,1700.6,1700.39,1707.64,1706.7,1704.74,1700.89,1707.95,1706.95
1733.22,1699.21,1728.89,1733.64,1704.75,1791.83,1728.63,1730.9,1722.39
1636.63,1694.76,1653.64,1625.6,1681.32,1608.49,1680.75,1630.19,1678.16
-957.628,-957.946,-958.872,-957.82,1379.2,-954.523,-957.618,-957.618,-957.618
-999.985,-999.985,-999.985,-999.985,1381.03,-999.985,-999.985,-999.985,-999.985
-999.546,-999.682,-999.682,1244.91,-999.682,-999.682,-999.682,-999.682,-999.682
-107.737,-123.395,-103.277,-102.662,-103.367,-103.639,-104.242,1404.66,-103.085
2412.41,2403.15,2398.75,2377.85,2383.94,2415.49,2381.29,2402.2,2413.75
2392.23,2406.48,2408.02,2406.64,2394.53,2392.61,2393.15,2373.53,2396.64
2521.64,2532.8,2546.42,2542.48,2564.57,2552.44,2542.85,2554.12,2534.48
2407.35,2386.92,2404.56,2403.13,2409.14,2398.89,2410.25,2419.2,2404.69
1886.99,1892.07,1886.67,1886.3,1893.88,1889.49,1885.21,1888.16,1884.68
1737.45,1678.83,1676.39,1680.26,1675.39,1676.54,1677.95,1680.34,1676.52
1682.8,1682.2,1682.53,1679.02,1679.28,1694.27,1681.63,1680.93,1675.52
1753.39,1750.53,1753.34,1748.17,1750.52,1751.52,1741.43,1751.95,1754.45
1320.97,1712.62,1272.57,1335.78,1335.95,1336.39,1323.94,1331.86,1336.61
-225.235,-253.854,-225.705,-225.675,1656.22,-225.154,-225.154,-225.154,-225.154
-736.523,-737.207,-736.152,-736.164,-736.842,-736.132,-737.538,1415.81,-736.117
-923.007,-925.758,-923.005,1192.7,-925.632,-923.587,-923.047,-923.865,-923.047
-998.965,-998.966,-998.97,1384.03,-998.966,-998.965,-998.965,-998.965,-998.966
-581.57,-581.392,-581.653,-583.669,1444.35,-581.434,-581.64,-581.442,-581.744
2219.57,2203.5,2206.4,2198.76,2210.23,2210.41,2218.95,2200.9,2215.44
2478.59,2479.53,2490.62,2484.23,2488.1,2487.29,2478.79,2488.69,2513.25
2527.05,2518.51,2523.45,2521.11,2519.67,2541.33,2527.81,2527.3,2510.15
2398.97,2381.4,2390.27,2388.55,2382.2,2389.58,2392.02,2375.45,2388.55
1892.38,1903.88,1917.35,1907.2,1894.28,1913.32,1902.29,1917.31,1908.95
1657.33,1675.53,1896.44,1674.23,1668.63,1662.89,1674.78,1671.34,1676.52
1704.72,1704.07,1706.06,1699.7,1704.44,1702.94,1707.09,1703.64,1774.87
1768.64,1769.79,1760.8,1759.76,1766.15,1753.77,1767.72,1763.5,1770.48
1711.53,1695.52,1694.6,1695.15,1652.05,1693.46,1694.79,1695.33,1680.32
1743.07,1203.78,1155.2,1187.32,1220.12,1148.8,1214.8,1181.6,1218.53
1422.41,1421.36,1420.96,1426.37,1363.7,1402.84,1665.53,1417.72,1425.36
-999.993,-999.993,-999.993,-999.993,-999.993,1163,-999.993,-999.993,-999.993
1497.94,-998.967,-998.969,-998.967,-998.967,-998.967,-998.968,-998.97,-998.969
1659.95,1795.1,1607.88,1656.97,1663.77,1662.96,1656.36,1661.02,1662.59
2222.26,2231.54,2238.88,2232.22,2197.19,2231.58,2227.87,2222.65,2228.85
2636.02,2648.21,2648.72,2637.23,2629.08,2628.02,2661.53,2647.42,2630.8
2786.94,2764.53,2755.09,2776.83,2746.66,2733.18,2752.52,2757.46,2730.49
2431.17,2444.92,2418.39,2464.85,2438.32,2430.84,2447.87,2458.3,2446.89
1951.09,1941.28,1952.54,1950.98,1943.38,1944.84,1951.13,1941.91,1949.23
1714.14,1714.62,1706.86,1703.58,1708.36,1714.9,1711.86,1710.3,1708.68
1741.03,1745.96,1742.31,1740.77,1737.11,1737.51,1741.59,1733.95,1737.29
1794.44,1793.6,1795.11,1790.56,1789.74,2516.7,1792.95,1796.4,1794.91
2518.49,1705.06,1732,1729.83,1732.33,1731.74,1725.13,1711.77,1727.84
1754.97,1684.94,1799.73,1755.33,1755.46,1757.1,1757.52,1751.47,1756.07
1093.03,1079.89,1097.58,1079.35,1080.67,1076.51,1107.25,1621.66,1060.18
-999.976,-999.976,-999.976,-999.976,-999.976,-999.976,-999.976,-999.976,1502.04
-967.789,-967.798,-906.528,-967.793,-967.869,-967.801,-968.599,1816.67,-967.783
272.832,277.715,340.633,269.965,271.507,277.578,1946.78,277.814,277.298
2292.33,2258.37,2288.72,2269.94,2267.8,2291.3,2269.4,2269.57,2286.37
2348.64,2344.53,2353.87,2331.43,2357.68,2352.07,2340.17,2352.09,2373.85
2514.65,2506.47,2498.27,2480.2,2474.38,2515.69,2483.96,2481.46,2514.44
2400.66,2391.58,2412.64,2376.68,2386.79,2382.7,2382.46,2381.54,2403.18
1944.07,1929.28,1944.91,1945.4,1929.32,1941.06,1934.38,1933.42,1940.39
1736.64,1748.36,1744.25,1741.06,1743.61,1746.03,1737.79,1746.53,1746.07
1760.82,1755.38,1751.85,1761.11,1757.32,1774.96,1760.66,1751.05,1757.69
1778.06,1781.6,2827.93,1781.61,1781.71,1774.47,1781.31,1780.24,1782.16
3860.26,1726.54,1724.78,1728.49,1722.94,1728.28,1724.3,1729.32,1725.06
1762.1,1756.3,1761.01,2812.96,1757.32,1759.93,1757.01,1753.77,1761.93
1975.25,1706.31,1706.42,1706.95,1705.38,1625.56,1708.95,1704.73,1629.99
1639.71,1294.32,1311.14,1355.95,1324.65,1309.97,1308.38,1308.38,1312.89
1793.37,1716.02,1723.5,1712.17,1696.59,1723.99,1719.57,1711.85,1720.78
1826.32,1828.45,1821.14,1884.22,1826.14,1828.1,1828.33,1827.03,1820.5
2052.35,2048.28,2047.9,2079.47,2039.22,2048.98,2054.57,2050.76,2056.31
2441.09,2438,2446.38,2439.96,2439.18,2425.78,2432.28,2447.73,2432.6
2540.82,2535.75,2568.19,2555.14,2544.86,2559.1,2535.77,2548.26,2575.69
2350.68,2332.09,2350.23,2324.39,2350.48,2325.48,2328.51,2349.92,2351.47
1906.96,1919.51,1909.65,1914.32,1919.46,1909.51,1908.8,1925.35,1912.35
1766.82,1767.78,1768.12,1761.14,1805.2,1767.52,1755.01,1762.91,1760.99
2656.44,1770.09,1776.94,1768.96,1774.48,1778.8,1777.63,1772.7,1774.36
1735.78,1749.18,1731.57,1733.39,1785.28,1728.86,1735.8,3875.01,1733.38
1838.5,1773.84,1772.53,3878.35,1864.37,1772.94,1770.82,1772.07,1772.7
1759.15,1795.08,1760.34,1762.43,1761.84,1760.31,1746.87,1759.91,1761.72
1790.58,1729.51,1728.63,1729.69,1726.28,1725.2,1725.99,1729.77,1719.48
183.365,196.339,216.753,214.309,181.957,215.533,2699.84,197.14,195.562
-360.136,1698.33,-335.666,-335.666,-335.666,-335.666,-335.666,-335.666,-335.666
1692.9,1692.65,1711.81,1694.77,1683.28,1695.27,1692.39,1695.51,1695.68
2239.17,2232.52,2235.45,2214.25,2218.31,2223.45,2224.02,2237.98,2209.56
2561.92,2586.53,2570.81,2549.54,2577.48,2572.47,2590.75,2575.57,2569.57
2497.4,2513.48,2497.98,2493.81,2481.31,2488.75,2505.59,2504.76,2516.7
2419.33,2397.68,2411.17,2390.86,2381.63,2395.68,2385.57,2408.34,2395.77
1998.03,1985.81,1993.89,1998.25,1993.12,2002.31,2004.54,1999.86,1996.97
1768.66,1774.88,1774.47,1765.07,1774.16,1767.56,1772.36,1774.79,1884.98
1739.74,1723.18,1720.84,1723.89,1719.85,1724.16,1718.55,3889.78,1774.05
1789.82,1720.37,1719.32,1822.88,1818.36,1722.52,1725.21,1808.45,3868.54
1840.72,1843.42,1839.97,1836.7,1837.07,1841.95,1834.55,1836.72,1845.39
1833.65,1820.01,1823.17,1823.1,1819.91,1821.53,1815.92,1819.64,1819.68
1765.38,1760.48,1761.07,1762.11,1735.61,1755.45,1758.2,1763.46,1782.77
517.815,516.684,513.8,1752.66,488.846,489.98,516.106,516.428,508.726
-560.535,-559.421,-559.325,-559.706,-567.864,-573.991,1637.62,-559.268,-559.268
825.72,825.548,825.756,825.312,807.451,1712.86,823.283,825.625,822.598
2294.16,2314.37,2299.33,2319.97,2316.62,2320.39,2323.23,2316.41,2290.03
2594.14,2617.97,2636.16,2629.25,2636.08,2627.78,2607.16,2597.47,2601.98
2730.7,2709.76,2698.64,2737.31,2728.97,2730.72,2709.42,2747.53,2748.46
2535.12,2558.95,2568.48,2577.96,2547.04,2559.09,2560.12,2556.63,2530.41
2085.12,2070.94,2084.82,2088.06,2073.82,2059.53,2086.58,2081.27,2078.96
1753.84,1753.61,1752.84,1753.96,1702.37,1752.49,2076.67,1742.9,1751.55
1800.77,1803.37,1802.44,1932.79,1804.4,1799.67,1803.59,1804.07,1804.12
1808.44,1811.28,1811.52,1810.56,1805.74,1808.38,1808.27,1803.81,1808.88
1885.05,1897.1,1896.5,1893.61,1891.94,1893.29,1893.77,1891.67,1885.01
1768.98,1786.09,1780.24,1786.45,1761.74,1783.19,1785.71,1782.17,1782.33
1602.46,1649.59,1673.99,1647.44,1553.82,1641.27,1644.99,1639.19,1632.2
-999.999,-999.999,-999.027,-999.999,-999.999,-999.999,-999.999,-999.999,889.204
-999.86,-999.86,-999.86,-999.86,-999.86,1288.69,-999.86,-999.86,-999.86
1745.5,1661.56,1640.71,1658.98,1650.18,1660.5,1661.63,1662.47,1662.33
2135.15,2128.78,2137.21,2114.42,2139.22,2121.43,2131.27,2119.3,2139.37
2627.5,2600.49,2604.35,2599.38,2599.64,2614.62,2632.56,2591.38,2564.18
2747.07,2740.9,2751.15,2714.45,2722.62,2701.34,2725.51,2728.04,2742.59
2555.44,2567.12,2578.39,2598.68,2576.05,2585.22,2557.56,2573.13,2551.47
1978.93,1968.27,1973.21,1971.62,1969.26,1971.16,1970.26,1972.6,1958.07
1749.9,1748.75,1732.13,1751.68,1714.54,1751.68,1794.13,1735.31,1742.92
1789.65,1766.51,1781.6,1788.66,1787.71,1791.75,1791.54,1847.2,1782.04
1834.17,1826.02,1827.15,1827.5,1825.85,1824.92,1826.1,1824.52,1824.55
1668.72,1668.87,1668.81,1649.24,1670.15,1669.94,1668.69,1666.78,1665.34
1739.66,1718.7,1754.07,1759.74,1757.01,1756.85,1747.21,1763.6,1758.39
1102.47,1099.64,1717.41,1096.84,1102.58,1102.53,1101.76,1101.58,1041.28
-970.539,-969.455,-969.572,-969.519,-969.469,-970.538,1437.45,-970.124,-970.254
-1000,-1000,-1000,-1000,1216.77,-1000,-1000,-1000,-1000
-722.447,-722.485,-722.251,-722.388,-722.393,-722.229,-588.131,-729.567,1765.53
1771.15,1764.94,1764.23,1763.37,1770,1701.89,1771.16,1832.52,1768.16
2543.4,2517.61,2492.35,2544.14,2530.51,2544.36,2512.35,2525.72,2537.74
2606.56,2600.05,2599.68,2579.14,2618.17,2630.96,2617.26,2610.01,2580.55
2546.6,2577.09,2547.99,2527.63,2580.02,2547.94,2578.68,2571.57,2547.81
1929.6,1911.8,1921.5,1927.45,1896.77,1885.53,1923.58,1909.7,1922.22
1669.21,1660.4,1644.85,1668.44,1667.5,1664.54,1613.55,1657.12,1661.63
1728.48,1726.53,1721.19,1731.34,1728.14,1728.03,1889.92,1729.37,1711.36
1791.39,1764.79,1757.29,1776.63,1773.37,1776.94,1780.43,1767.92,1780.05
1459.05,1478.42,1476.34,1487.22,1483.13,1488.61,1452.2,1630.57,1483.2
160.781,183.241,160.052,164.209,151.388,176.756,180.323,154.587,1508.02
-996.933,-996.909,-996.927,-996.917,-996.958,-996.926,-996.907,1246.36,-996.917
-1000,515.176,-1000,-1000,-1000,-1000,-1000,-1000,-1000
1253.85,-980.711,-980.711,-980.711,-980.711,-980.711,-980.711,-980.711,-980.711
1975,1980.01,1972.27,1982.94,1958.73,1971.81,1975.06,1970.3,1975.28
2603.48,2557.21,2584.37,2573.31,2600.83,2594.2,2581.51,2553,2583.03
2772.26,2843.75,2811.73,2842.05,2783.59,2816.75,2827.29,2824.45,2800.81
2832.96,2847.66,2812.5,2875.82,2822.96,2853.44,2872.63,2829.74,2874.93
2806.16,2822.56,2786.82,2835.44,2831.79,2794.08,2834.32,2804.85,2812.75
2204.44,2185.54,2185.3,2206.27,2172.6,2210.18,2189.38,2204.87,2208.67
1580.73,1587.2,1561.23,1591.84,1546.26,1609.56,1591.49,1594.83,1588.7
1713.35,1704.47,1697.64,1704.88,1706.09,1707.67,1696.61,1690.94,1704.13
1802.15,1776.04,1762.7,1764.15,1765.07,1776.81,1780.39,1780.99,1779.63
1690.7,1670.89,1677.42,1673.19,1657.61,1679.85,1680.29,1682.1,1680.91
228.324,228.297,227.478,1492.67,228.263,206.067,225.758,202.569,202.771
1231.98,-960.467,-960.527,-960.47,-961.939,-961.594,-960.46,-960.502,-961.762
-826.215,-832.166,1532.66,-826.445,-826.234,-831.98,-832.205,-826.26,-826.46
-430.769,-430.719,-430.672,-431.173,1482.3,-430.682,-430.878,-430.621,-431.171
663.145,663.057,1491.56,663.72,662.278,637.811,657.611,629.261,663.722
2427.08,2309.89,2422.97,2399.23,2415.35,2390.51,2422.32,2395.06,2395.25
2804.45,2846.98,2821.21,2841.1,2826.78,2842.51,2811.98,2797.06,2810.96
2753.94,2781.35,2806.21,2794.02,2811.18,2814.38,2841.07,2839.9,2783.14
2568.02,2548.29,2555.35,2566.36,2563.84,2547.64,2554.52,2525.32,2557.37
1848.9,1821.44,1868.85,1867.35,1873.72,1852.24,1896.42,1870.22,1874.36
1545.89,1560.09,1556.54,1559.18,1546.37,1547.87,1559.14,1597.8,1558.59
1602.68,1594.05,1606.46,1603.66,1606.01,1607.51,1606.19,1627.65,1608.29
1674.39,1683.21,1679.43,1682.02,1680.49,1681.77,1682.52,1675.29,1652.75
1096.68,1098.5,1047.33,1057.05,1098.7,1065.7,1095.44,1088.1,1609.95
509.171,508.975,509.329,469.469,477.154,461.866,1640.63,509.414,509.414
-359.674,-360.572,-360.231,-379.312,-359.403,-358.144,-358.57,1419.51,-359.792
-263.981,-264.079,-264.061,-263.904,-291.448,-274.082,1647.18,-263.896,-263.896
1141.35,1140.8,1686.39,1079.71,1139.2,1141.31,1141.45,1065.09,1140.25
722.827,1570.18,724.77,724.845,725.064,725.079,725.03,724.997,712.695
2735.48,2770.08,2763.29,2776.62,2723.84,2758.29,2760.28,2727.25,2740.21
2856.17,2855.19,2843.22,2867.69,2851.92,2831.33,2849.98,2836.59,2870.05
2786.59,2830.28,2841.08,2799.83,2822.16,2800.06,2817.3,2814.87,2780.95
2660.31,2690.47,2685.06,2687.41,2700.36,2667.85,2675.29,2674.08,2704.64
2127.83,2137.6,2123.55,2123.52,2126.43,2103.46,2127.65,2119.01,2115.37
1660.49,1660.81,1658.26,1655.72,1661.11,1665.32,1653.81,1655.61,1648.91
1662.33,1664.56,1769.14,1653.81,1663.36,1662.24,1659.72,1664.01,1648.98
1740.59,1740.37,1739.57,1772,1731.84,1740.68,1740.68,1730.6,1738.49
1246.26,1267.94,1166.33,1266.39,1199.8,1247.71,1747.96,1254.86,1221.92
-903.369,-904.418,-904.275,-903.554,-904.944,-905.816,-904.347,1819.75,-903.688
-999.994,-999.994,-999.994,-999.994,-994.977,1215.92,-999.994,-999.994,-999.994
-999.988,-999.988,-999.988,-999.988,-999.988,-999.988,-999.988,1441.5,-999.988
-997.984,1436.99,-997.981,-997.981,-997.981,-997.9,-997.981,-997.981,-997.981
1362.56,829.493,806.39,829.469,830.865,829.73,811.978,830.466,830.166
2736.03,2751.31,2747.21,2731.18,2750.43,2715.86,2743.25,2722.28,2753.99
2881.76,2899.67,2840,2867.57,2905.4,2850.94,2854.56,2899.37,2885.4
2874.48,2900.78,2909.77,2917.02,2884.8,2923.92,2891.05,2917.68,2924.91
2843.26,2813.95,2805.94,2859.41,2818,2802.13,2862.35,2845.5,2801.48
2326.08,2341.26,2332.19,2325.15,2301.64,2319.03,2325.4,2310.92,2326.12
1681.78,1677.87,1666.27,1673.51,1677.91,1681.82,1681.26,1671.28,1680.63
1728.33,1704.71,1695.6,1703.94,1693.04,1705.66,1705.62,1695.87,1705.4
1732.36,1732.48,1731.22,1726.1,1725.41,1731.82,1727.13,1732.41,2241.94
1796.19,1798.32,1795.76,1800.53,1745.27,2816.18,1799.64,1798.57,1799.67
1522.74,1499.99,1513.77,1821.84,1539.33,1541.58,1515.96,1466.62,1540.52
-999.826,-999.964,-999.964,-999.964,-999.964,-999.964,1815.49,-999.964,-999.964
-999.995,1477.73,-999.995,-999.995,-999.995,-999.995,-999.995,-999.995,-999.995
-994.917,-994.921,-994.929,-994.92,-994.918,-994.926,1609.07,-994.917,-994.917
1555.29,1746.55,1562.3,1561.71,1560.17,1562.6,1555.49,1559.57,1562.31
2253.2,2250.24,2253.88,2256.05,2247.48,2263.17,2250.95,2254.76,2266.95
2761.97,2761.75,2744.5,2774.83,2751.33,2716.33,2773.35,2761.08,2752.27
2841.9,2824.91,2866.88,2817.58,2833.4,2863.35,2791.03,2856.02,2832.54
2691.69,2673.86,2701.89,2706.2,2677.15,2668.22,2691.83,2689.82,2681.58
2112.56,2131.58,2124.38,2101.69,2105.26,2104.14,2125.79,2120.23,2109.16
1709.33,1706.05,1701.4,1709.36,1692.69,1709.5,1705.05,1683.23,1702.93
1725.84,1728.35,1730.31,1719.56,1724.69,2140.07,1726.35,1723.22,1727.24
1768.64,1763.9,1769.65,1764.08,1756.76,1768.23,1769.22,1768.26,2941.34
1734.62,1719.32,2207.52,1732.73,1734.97,1733.81,1716.76,1698.04,1729.01
1774.82,1772.78,1764.76,1765.55,1773.11,1774.81,2946.01,1774.32,1775.56
588.427,579.789,577.38,585.017,588.311,582.913,2023.09,529.871,583.943
-997.153,-998.853,-998.556,-998.853,-998.895,-998.861,1960.49,-998.852,-998.852
-1000,-1000,-1000,-1000,1663.92,-1000,-1000,-1000,-1000
-883.861,-883.179,-884.071,-886.456,1737.73,-883.858,-883.858,-883.858,-883.858
1996.71,2007.79,1996.65,1994.48,2007.09,2002.96,2005.59,2000,2006.59
2384.72,2383.43,2409.76,2376.37,2383.96,2393.43,2414.77,2410.14,2390.12
2349.74,2346.59,2341.89,2343.94,2348.65,2351.09,2366.91,2336.69,2371.02
2468.22,2473.96,2466.53,2468.61,2435.89,2475.33,2425.88,2447.7,2468.72
2068.83,2069.48,2078.54,2057.56,2081.02,2065,2079.83,2082.93,2067.34
1726.08,1733.6,1734.52,1725.04,1735.1,1736.67,1724.68,1735.64,1735.66
1751.83,1739.9,1757.27,1759.23,1758.51,2388.94,1759.02,1756.73,1758.36
1766.52,1760.02,1766.49,1747.06,1767.02,3234.66,1765.98,1754.52,1766.53
2027.89,1771.7,1769.28,1771.37,1768.69,1770.97,1759.72,1753.02,1770.06
1777.94,1839.34,1773.9,1707.45,1776.7,1773.56,1779.28,1766.67,1778.59
1735.66,1739.54,1741.44,2484.4,1728.96,1731.27,1738.94,1708.13,1738.82
-998.494,-997.711,-998.954,-998.945,-998.949,-998.939,2558.15,-998.949,-998.96
-999.938,-999.938,-999.938,-999.938,1324.22,-999.938,-999.938,-999.938,-999.938
1701.35,-96.2578,-96.2578,-96.2578,-96.2578,-96.2578,-96.2578,-96.2578,-96.2578
2053.52,2041.46,2034.66,2046.05,2046.56,2049.01,2036.53,2046.11,2055.09
2561.74,2592.97,2574.52,2600.77,2591.07,2578.47,2584.59,2595.75,2597.34
2657.14,2643.2,2626.57,2627.21,2648.94,2616.67,2624.53,2653.11,2659.86
2568.64,2549.14,2576.72,2547.66,2546.17,2580.41,2561.14,2588.6,2573.75
2059.55,2069.73,2074.31,2070.2,2070.59,2075.44,2079.54,2072.32,2063.42
1761.35,1757.08,1769.36,1761.21,1753.7,1761.24,1755.93,1742.87,1755.12
1764.39,1756.67,1764.38,1754.21,1762.75,1756.38,1764.96,1762.22,2456.65
1756.8,1752.65,1752.05,1756.46,1756.8,3869.24,1756.85,1751.8,1753.18
1762.9,1761.72,1763.91,1754,3865.8,1763.59,1782.11,1757.59,1765.65
3861.75,1790.8,1780.72,1779.48,1820.62,1777.78,1780.93,1782.02,1778.18
1733.6,1730.59,1735.25,1736.18,1727.09,1731.42,1736.53,2627,1734.53
538.099,2543.96,573.381,626.804,531.049,561.152,581.704,530.22,541.979
-795.89,-803.469,-803.194,-803.194,-803.194,-803.194,-801.784,2089.29,-795.813
1623.08,1622.24,1617.33,1622.83,1619.06,1622.67,1676.11,1621.34,1621.37
2523.28,2529.63,2524.22,2507.74,2526.23,2517.02,2515.81,2486.78,2535.73
2667.42,2645.08,2673.99,2680.07,2634.05,2670.84,2687.99,2672.3,2656.19
2745.36,2780.2,2735.23,2726.3,2770.52,2783.28,2763.23,2765.76,2742.71
2581.96,2597.72,2593.38,2599.4,2564.91,2598.22,2564.83,2588.68,2572.84
2124.22,2123.65,2113.15,2119.55,2119.6,2131.52,2114.39,2115.53,2113.18
1761.56,1887.91,1770.63,1765.27,1771.98,1762.55,1769.7,1760.52,1769.39
1536.82,3890.74,1533.89,1536.2,1537.91,1537.58,1539.46,1532.61,1536.27
1728.79,3876.01,1729.19,1732.91,1722.06,1730.91,1727.45,1800.78,1732.93
1793.48,1884.81,1793.35,1789.94,1789.64,1786.85,1787.43,1791.02,1786.62
1803.56,1807.15,1803,1950.97,1803.54,1804.99,1809.56,1805.89,1797.9
1791.19,1750.48,1753.04,1750.31,1724.04,1749.08,1753.98,1749.98,1750.72
1616.44,1614.3,1563.6,1567.86,1559.51,1610.7,1650.43,1611.23,1608.69
225.163,226.04,225.986,225.628,219.333,202.553,228.463,1736.3,229.427
1822.51,1818.54,1820.91,1823.53,1803.56,1822.66,1819.4,1806.43,1783.5
2438.96,2429.3,2438,2454.18,2419.48,2433.19,2433.77,2443.21,2454.48
2772.98,2745.17,2775.79,2752.44,2727.18,2732.99,2763.01,2768.16,2753.57
2686.68,2717.67,2736.99,2727.67,2692.41,2735.94,2699.76,2730.97,2719.19
2704.59,2684.66,2705.07,2677.5,2705.47,2678.34,2698.22,2688.6,2655.52
2171.43,2140.57,2176.58,2172.19,2154.58,2183.21,2172.81,2185.65,2163.18
1772.39,1922.1,1762.87,1772.64,1775.21,1757.04,1766.74,1771.02,1775.2
1995.37,1781.84,1782.43,1782.04,1777.33,1773.35,1781.97,1766.85,1779.81
1768.53,1766.35,1765.65,3876.58,1767.05,1768.73,1777.96,1764.4,1763.93
1860.04,1861.72,1859.86,1862.91,1863.53,1860.16,1863.2,1858.68,1835.91
1847.96,1850.64,1849.63,1851.35,1845.34,1843.4,1840.23,1842.91,1849.61
1437.76,1429.31,1719.9,1429.6,1433.47,1405.53,1431.26,1431.71,1463.43
-529.523,-564.167,-563.747,-577.352,-578.219,1358.53,-563.146,-577.706,-575.795
1652.26,-478.112,-462.021,-460.837,-479.17,-477.477,-474.809,-476.651,-476.281
1916.62,1922.51,1923.41,1912.9,1922.36,1916.9,1918.37,1919.97,1918.17
2360.93,2344.74,2374.48,2348.35,2366.1,2369.3,2376.17,2374.97,2357.65
2744.45,2765.2,2741.21,2776.1,2749.95,2718.02,2729.48,2752.26,2731.82
2715.25,2682.75,2704.59,2723.12,2718.76,2744.36,2748.26,2728.41,2708.86
2626.86,2644.68,2633,2603.34,2603.45,2624.96,2590.95,2632.18,2639.73
2156.7,2157.28,2139.36,2154.74,2151.91,2110.56,2115.23,2147.53,2140.92
1805.47,1742.96,1714.85,1744.17,1715.53,1736.61,1743.03,1741.76,1738.63
1773.19,1767.4,1775.54,1962.64,1757.11,1775.89,1768.44,1771.39,1775.33
1863,1799.29,1789.22,1792.6,1791.41,1792.3,1791.26,1786.77,1791.34
1912.88,1915.01,1913.13,1914.84,1912.89,1907.9,1911.26,1910.42,1910.41
1624.32,1650.98,1648.98,1632.34,1650.33,1650.65,1562.25,1649.37,1690.13
1386.9,1305.14,1370.71,1361.15,1285.24,1683.75,1363.74,1352.21,1365.22
797.555,-995.95,-995.95,-995.95,-995.95,-995.95,-995.95,-995.95,-995.95
-999.957,1380.26,-999.957,-999.957,-999.957,-999.957,-999.957,-999.957,-999.957
1836.55,1836.22,1834.91,1835.78,1833.27,1829.99,1837.51,1773.71,1833.42
2621.27,2639.22,2648.96,2646.87,2634.85,2604.08,2598.79,2589.94,2628.23
2856.74,2900.74,2872.64,2891.07,2837.73,2874,2883.39,2892.59,2863.6
2713.38,2729.83,2755.53,2724.77,2751.19,2753,2740.74,2746.81,2713.16
2706.01,2730.39,2708.94,2721.55,2741.94,2703.28,2723.39,2717.49,2714.77
2209.94,2234.6,2243.27,2222.38,2232.99,2225.44,2237.62,2226.02,2221.83
1665.82,1655.53,1669.97,1665.84,1643.22,1663.83,1667.19,1633.44,1640.1
1731.36,1733.09,1700.26,1735.88,1744.96,1734.44,1801.73,1741.83,1742.12
1783.8,1789.54,1773.25,1789.86,1782.71,1789.7,1790.87,1790.93,1791.34
1634.37,1280.15,1282.34,1284.69,1286.82,1279.71,1286.27,1281.78,1285.67
1413.57,1672.56,1442.02,1448.94,1420.38,1443.73,1438.25,1406.43,1447.68
-989.735,-989.732,1357.72,-989.611,-989.849,-989.71,-989.61,-989.981,-989.665
-918.917,-918.931,-918.907,-918.953,-921.935,-920.668,1347.12,-918.894,-918.894
1749.93,1743.83,1747.57,1748.63,1748.04,1750.29,1750,1748.27,1755.52
588.392,588.645,1533.67,588.857,588.857,588.857,588.857,588.857,588.857
2305.86,2315,2288.51,2313.24,2291.31,2297.68,2316.78,2312.72,2317.07
2429.29,2398.21,2431.51,2412.52,2421.79,2432.71,2407.71,2422.91,2427.09
2481.01,2497.07,2459.16,2465.05,2472.46,2491.97,2492.44,2494.6,2479.49
2301.98,2296.4,2317.12,2304.41,2333,2326.79,2324.25,2304.14,2294.68
1997.32,1985.75,1972.3,1995.19,1996.42,1992.07,1985.9,1970.67,1992.81
1596.42,1590.78,1600.91,1663.49,1575.49,1601.71,1582.3,1583.43,1601.61
1655.73,1671.61,1669.88,1671.5,1670.8,1669.78,1676.47,1666.54,1670.18
1803.65,1680.08,1703.35,1685.1,1698.07,1702.08,1701.27,1703.46,1699.96
1067.79,1073.66,1072.9,1615.52,1006.33,1019.47,1047.13,1073.33,1064.71
-141.477,-141.624,-141.514,-141.903,-173.636,-161.417,-155.854,-167.938,1426.81
360.817,1574.25,362.247,362.247,362.247,362.247,362.247,362.247,362.247
-603.05,-603.06,-603.537,-603.096,-609.329,-602.582,-602.428,-602.529,1602.25
-170.476,-167.658,1476.6,-170.304,-170.342,-177.454,-170.148,-200.243,-170.108
1819.84,1823.7,1819.39,1824.66,1825.28,1820.26,1820.52,1823.86,1775.25
2707.04,2717.71,2699.5,2745.81,2747.14,2704.76,2738.38,2748.84,2751.2
2826.9,2806.01,2825.43,2843.66,2788.44,2845.91,2800.91,2846.71,2835.7
2774.49,2804.23,2817.16,2745,2791.4,2758.12,2818.07,2800.29,2809.13
2805.77,2801.77,2777.36,2829.02,2806.76,2822.69,2821.43,2789,2773.2
1976.66,2004.64,2004.62,1996.24,1985.55,1995.95,1992.11,2001.16,1989.38
1565.41,1556.74,1552.73,1554.12,1565.68,1635.85,1562.5,1565.3,1567.39
1602.27,1572.84,1591.59,1607.58,1632,1597.95,1598.74,1606.3,1604.13
1655.85,1661.16,1656.32,1662.04,1654.99,1662.31,1672.92,1660.65,1659.03
