3000,3000,3000,3000,3000,3000,3000,3000,3000
3000,3000,3000,3000,3000,3000,3000,3000,3000
3000,3000,3000,3000,3000,3000,3000,3000,3000
2330.18,2337.44,2330.67,2328.66,2314.28,2336.68,2336.16,2337.25,2335.01
1508.55,1505.35,1514.08,1505.2,1514.38,1506.93,2177.13,1521.8,1519.29
66.1906,80.2217,2830.16,72.2844,70.8598,71.1372,61.5125,72.9214,69.1456
1671.75,1678.82,1669.15,1651.53,2393.21,1673.95,1662.97,1669.48,1669.95
2266.99,2266.88,2264.78,2265.97,2264.8,2266.33,2267.01,2816.56,2265.21
2268.58,2268.27,2269.06,2268.07,2267.84,2368.41,2267.13,2268.47,2268.05
2372.17,2371.9,2371.66,2370.15,2370.39,2370.66,2413.5,2370.84,2371.55
2951.52,2953.27,2959.1,2958.61,2958.02,2952.03,2955.38,2959.03,2956.19
3000,3000,3000,3000,3000,3000,3000,3000,3000
3000,3000,3000,3000,3000,3000,3000,3000,3000
3000,3000,3000,3000,3000,3000,3000,3000,3000
3000,3000,3000,3000,3000,3000,3000,3000,3000
3000,3000,3000,3000,3000,3000,3000,3000,3000
3000,3000,3000,3000,3000,3000,3000,3000,3000
2560.33,2558.87,2561.25,2557.1,2563.04,2562.61,2562.32,2554.56,2556.41
1768.07,1773.87,1775.1,1781.79,1777.88,2138.48,1776.32,1782.8,1785.8
723.022,715.771,2309.01,719.556,742.888,719.556,717.403,719.556,719.556
2093.26,2074.47,2095.51,2096.59,2092.44,2080.61,2088.94,3569.79,2094.44
2286.83,2412.6,2287.72,2287.57,2286.31,2287.76,2287.94,2287.55,2286.8
2300.42,2299.46,2299.25,2299.87,2300.29,2300.51,2300.48,2378.49,2300
2419.03,2419.04,2417.95,2417.83,2583.52,2418.39,2417.97,2418.06,2419.58
2958.92,2956.02,2952.79,2958.78,2959.68,2960.73,2952.87,2954.57,2958.83
3000,3000,3000,3000,3000,3000,3000,3000,3000
3000,3000,3000,3000,3000,3000,3000,3000,3000
3000,3000,3000,3000,3000,3000,3000,3000,3000
3000,3000,3000,3000,3000,3000,3000,3000,3000
3000,3000,3000,3000,3000,3000,3000,3000,3000
3000,3000,3000,3000,3000,3000,3000,3000,3000
1421.78,1425.67,1415.34,1430.59,1424.22,1675.87,1430.74,1427.64,1420.96
-543.495,-547.084,-546.896,-546.618,-539.765,-541.46,3389.1,-538.521,-540.924
74.9225,82.8067,6191.39,83.017,83.017,83.017,85.5019,83.017,83.7213
1423.4,1420.83,1421.49,1451.82,6974.72,1420.46,1426,1419.98,1414.57
2267.57,2268.1,2268.37,2268.04,2247.71,7447.21,2267.6,2267.81,2268.11
2305.83,2306.02,2305.94,2337.06,2306.41,6703.37,2310.02,2306.09,2306.17
2495.18,2492.5,6312.65,2497.23,2495.5,2497.1,2495.9,2497.08,2496.48
2973.75,2974.81,2981.05,2979.83,3020.97,2974.87,2975.19,2977.37,2975.28
3000,3000,3000,3000,3000,3000,3000,3000,3000
3000,3000,3000,3000,3000,3000,3000,3000,3000
3000,3000,3000,3000,3000,3000,3000,3000,3000
3000,3000,3000,3000,3000,3000,3000,3000,3000
3000,3000,3000,3000,3000,3000,3000,3000,3000
3000,3000,3000,3000,3000,3000,3000,3000,3000
1964.47,1956.43,1963.71,3881.2,1963.88,1964.73,1958.38,1964.48,1967.81
945.791,953.975,945.477,954.545,951.37,955.619,5175.95,959.561,961.449
-499.121,-498.334,-434.724,-479.468,-487.151,7404.69,-493.524,-495.443,-495.443
1833.07,1908.43,1826.64,1823.76,1825.91,1874.57,7337.3,1831.84,1818.57
2318.83,2318.13,7472.53,2318.86,2317.94,2318.6,2318.81,2318.62,2398.24
2333.41,2334.18,7932.72,2332.94,2334.22,2331.87,2333.54,2333.62,2333.14
2622.8,2618.9,2625.81,5309.08,2625.06,2624.34,2625.26,2622.9,2623.36
3165.68,2990.6,2992.84,2990.17,2992.39,2988.34,2988.18,2991.13,2989.63
3000,3000,3000,3000,3000,3000,3000,3000,3000
3000,3000,3000,3000,3000,3000,3000,3000,3000
3000,3000,3000,3000,3000,3000,3000,3000,3000
3000,3000,3000,3000,3000,3000,3000,3000,3000
3000,3000,3000,3000,3000,3000,3000,3000,3000
3000,3000,3000,3000,3000,3000,3000,3000,3000
2205.21,2188.6,2205.95,2193.99,2233.66,8003.65,2205.61,2190.63,2189.91
944.67,1003.54,9944.22,948.473,936.283,1009.9,942.661,984.85,1008.58
-196.43,-192.734,-198.31,7397.05,-144.726,-173.905,-195.59,-150.854,-120.547
1829.27,1815.91,1816.55,6930.16,1814.91,1816.45,1864.86,1816.55,1816.17
2346.02,2346.75,2346.65,2345.9,2341.7,8029.67,2344.59,2395.47,2346.58
2445.6,2442.79,2444.55,2445.65,2444.61,2445.63,2445.6,2445.24,8080.45
2776.49,2773.7,2778.3,2778.93,2779.31,2778.6,2778.4,2779.51,6719.73
2989.44,2997.59,2997.08,2995.21,2997.34,2994.08,2994.78,2992.67,2993.04
3000,3000,3000,3000,3000,3000,3000,3000,3000
3000,3000,3000,3000,3000,3000,3000,3000,3000
3000,3000,3000,3000,3000,3000,3000,3000,3000
3000,3000,3000,3000,3000,3000,3000,3000,3000
3000,3000,3000,3000,3000,3000,3000,3000,3000
3000,3000,3000,3000,3000,3000,3000,3000,3000
2081.86,2082.14,2071.64,2065.92,2115.22,8647.5,2080.43,2078.72,2068.09
407.111,279.633,284.425,412.286,358.811,357.618,280.983,349.678,10805.3
1576.52,1577.77,1586.36,9651.72,1635.48,1695.02,1580.18,1581.53,1615.04
2339.07,2278.45,2355.33,2307.69,2402.86,2379.11,2355.5,2440.69,10848.3
2474.48,2539.98,2354.94,2476.59,2492.06,2539.36,2494.72,2399.42,11021.1
4291.11,4421.06,11217.2,4375.89,4477.94,4619.9,4171.23,4446.52,4273.59
810.45,824.166,11225.9,934.191,1530.85,1617.62,1089.36,973.586,1153.22
2996.73,3038.06,2995.71,2993.99,2994.16,2994.85,2994.1,3036.03,8203.23
3000,3000,3000,3000,3000,3000,3000,3000,3000
3000,3000,3000,3000,3000,3000,3000,3000,3000
3000,3000,3000,3000,3000,3000,3000,3000,3000
3000,3000,3000,3000,3000,3000,3000,3000,3000
3000,3000,3000,3000,3000,3000,3000,3000,3000
3000,3000,3000,3000,3000,3000,3000,3000,3000
635.93,592.687,588.073,710.793,10654.4,590.793,592.953,640.146,623.068
1628.48,1801.98,1756.46,2392.21,1925.49,1785.2,1686.27,1986.8,11256.4
1242.69,11266.4,1677.28,1457.66,2118.01,1049.2,1559.32,1270.06,1486.59
7311.89,7453.51,7583.45,7352.1,7909.01,11265.9,7456.66,7519.42,7511.01
3448.21,3426.29,3627.05,3700.73,11266.7,3921.79,3389.07,3768.68,3949.61
0.590794,11071,0.221464,0.0077446,0.012401,1.2788e-06,0.0369747,2.55944,0.000284163
1453.19,1494.11,1909.8,11224.9,1535.23,1556.51,1866.05,1675.6,1458.24
2564.57,2639.5,2561.57,2562.03,2562.88,2559.5,2561.1,2561.17,9015.68
3000,3000,3000,3000,3000,3000,3000,3000,3000
3000,3000,3000,3000,3000,3000,3000,3000,3000
3000,3000,3000,3000,3000,3000,3000,3000,3000
3000,3000,3000,3000,3000,3000,3000,3000,3000
3000,3000,3000,3000,3000,3000,3000,3000,3000
3000,3000,3000,3000,3000,3000,3000,3000,3000
1015.45,1071.7,1017.39,982.916,1039.6,1093.19,982.626,1034.36,9927.92
1239.48,981.027,1641.42,1127.04,1523.49,1652.63,1238.57,11252.4,1950.64
4959.18,5792.64,5392.09,5432.83,5435.77,5297.26,5396.37,11264.6,4869.21
439.596,510.84,177.45,533.519,542.236,107.175,757.507,11255.5,310.486
4730.23,4338.19,5201.73,4352.19,4608.59,11254.6,4842.81,4928.87,4829.1
11232.8,3543.01,3628.55,3275.67,3548.61,3189.42,4054.67,3725.03,3770.7
2830.01,3082.88,2846.05,3086.92,2768.51,3200.45,11234.3,3010.54,3248.36
2957.5,3030.59,2995.42,10148,2994.24,2958.27,2958.26,2999.75,2958.48
3000,3000,3000,3000,3000,3000,3000,3000,3000
3000,3000,3000,3000,3000,3000,3000,3000,3000
3000,3000,3000,3000,3000,3000,3000,3000,3000
3000,3000,3000,3000,3000,3000,3000,3000,3000
3000,3000,3000,3000,3000,3000,3000,3000,3000
3000,3000,3000,3000,3000,3000,3000,3000,3000
-44.7452,-32.8341,-43.4672,-31.908,-42.7,-39.7975,9358.01,-43.057,-22.3712
-220.914,45.1682,11252.5,-513.62,-154.342,-98.8694,76.801,-87.8459,-119.955
708.782,1138.71,1019.13,539.18,1089.89,965.464,1004.52,11253.9,1112.82
957.472,1263.41,763.311,910.687,11261.6,981.859,697.514,851.425,707.07
1485.73,1528.74,1862.4,1470.21,11244.9,1445.88,1483.57,1676.29,1469.41
5780.11,5765.34,6292.24,11243.8,6293.23,6032.08,5581.08,6064.22,5409.39
3353.78,3518.47,3447.65,11207.1,3395.16,3397.83,3771.19,3780.86,3431.67
2896.61,2895.82,2940.26,2895.46,2896.23,10060.4,2976.26,2937.81,2892.79
3000,3000,3000,3000,3000,3000,3000,3000,3000
3000,3000,3000,3000,3000,3000,3000,3000,3000
3000,3000,3000,3000,3000,3000,3000,3000,3000
3000,3000,3000,3000,3000,3000,3000,3000,3000
3000,3000,3000,3000,3000,3000,3000,3000,3000
3000,3000,3000,3000,3000,3000,3000,3000,3000
-992.8,-989.594,-992.79,-988.127,-908.309,9767.06,-992.8,-985.799,-964.773
-336.208,-695.137,11236.7,-571.992,-621.836,-533.564,-724.672,-710.015,-499.87
-500.455,-247.593,-465.398,-333.408,-215.287,11260.5,-109.321,-68.1904,-207.214
377.133,305.876,303.938,314.339,76.5435,-137.888,618.626,11256.4,170.018
11245.6,2233.48,2248.58,2033.71,2186.12,2228.09,2154.19,2415.5,2389.94
4772.58,4469.52,4768.61,11258.5,4867.87,4856.35,4543.12,4840.99,5000.82
11197.9,2346.85,2142.43,2598.98,2458.78,2495.28,2592.11,2200.22,2306.1
9131.52,2885.69,2886.76,2886.11,2883.61,2885.97,2884.77,2922.84,2886.51
3000,3000,3000,3000,3000,3000,3000,3000,3000
3000,3000,3000,3000,3000,3000,3000,3000,3000
3000,3000,3000,3000,3000,3000,3000,3000,3000
3000,3000,3000,3000,3000,3000,3000,3000,3000
3000,3000,3000,3000,3000,3000,3000,3000,3000
3000,3000,3000,3000,3000,3000,3000,3000,3000
-982.712,-980.759,-941.657,-948.978,-982.705,-982.71,-982.693,-980.094,8542.37
-887.079,11246.6,-808.77,-744.072,-856.4,-859.75,-844.753,-829.938,-691.629
-852.77,-717.221,-811.231,-817.909,-802.368,-892.691,-825.505,-619.831,11265.8
11253.2,181.438,-121.243,244.713,-107.458,311.32,214.175,-28.973,-130.633
5064.04,4726.39,4799.54,11245.4,5059.6,4902.1,5042.4,5091.18,5054.05
5085.25,4701.18,5242.26,4805.88,5633.95,5132.57,11266.8,4970.08,4793.44
1785.72,1801.47,1807.85,1806.86,1801.68,1850.37,11063.2,1753.56,1834.54
6647.99,2910.21,2903.55,2906.17,2910.1,2904.53,2905.36,2903.47,2909.19
3000,3000,3000,3000,3000,3000,3000,3000,3000
3000,3000,3000,3000,3000,3000,3000,3000,3000
3000,3000,3000,3000,3000,3000,3000,3000,3000
3000,3000,3000,3000,3000,3000,3000,3000,3000
3000,3000,3000,3000,3000,3000,3000,3000,3000
3000,3000,3000,3000,3000,3000,3000,3000,3000
2177.84,2177.54,2179.56,2164.21,2185.44,2164.14,2177.04,2163.71,2169.14
-214.867,-220.531,-203.588,-220.474,-217.788,1971.53,-214.834,-214.834,-202.372
614.891,609.758,609.822,607.4,619.169,617.828,617.031,618.864,2918.96
2148.36,2305.98,2152.73,2153.24,2158.28,2155.73,2158.7,2158.75,2141.82
2272.26,2271.03,2272.48,2272.53,2272.14,2363.47,2271.44,2272.02,2272.1
2267.52,2267.5,2267.43,2266.29,2266.06,2266.99,2266.74,2266.23,2810.09
2346.05,2346.42,2346.01,2346.74,2345.47,2472.29,2346.88,2345.86,2346.73
2944.2,2949.51,2947.32,2944.23,2951.3,2948.12,2950.37,2943.91,2944.79
3000,3000,3000,3000,3000,3000,3000,3000,3000
3000,3000,3000,3000,3000,3000,3000,3000,3000
3000,3000,3000,3000,3000,3000,3000,3000,3000
3000,3000,3000,3000,3000,3000,3000,3000,3000
3000,3000,3000,3000,3000,3000,3000,3000,3000
3000,3000,3000,3000,3000,3000,3000,3000,3000
3175.92,1811.23,1804.93,1804.42,1804.51,1798.01,1810.1,1807.6,1805.42
-572.717,-574.61,-574.692,-574.15,-548.106,-571.336,3349.57,-550.121,-563.971
1728.98,39.7811,43.0792,43.2827,32.5687,38.2807,32.7918,38.3925,34.3379
1816.8,1816.28,1816.83,1792.99,1800.53,1796.54,2795.47,1824.97,1817.07
2251.47,2243.64,2251.35,2250.68,2250.14,3276.36,2250.85,2250.73,2250.66
2254.93,2257.09,2257.67,2258.98,2257.47,3986.05,2257.25,2256.97,2257.41
2354.99,2355.32,2356.34,2354.93,2356.65,2354.7,2854.42,2355.49,2356.38
2958.99,2961.74,2962.62,2957.88,2961.72,2955.72,2961.27,2957.28,2956.55
3000,3000,3000,3000,3000,3000,3000,3000,3000
3000,3000,3000,3000,3000,3000,3000,3000,3000
3000,3000,3000,3000,3000,3000,3000,3000,3000
3000,3000,3000,3000,3000,3000,3000,3000,3000
3000,3000,3000,3000,3000,3000,3000,3000,3000
3000,3000,3000,3000,3000,3000,3000,3000,3000
1935.45,1722.96,1728.86,1731.64,1731.91,1727.65,1730.72,1728.99,1735.21
138.166,119.556,147.69,122.676,123.572,138.185,5135.75,127.443,127.443
70.0757,73.1585,107.479,64.6244,66.1432,61.3697,5302.08,63.3519,66.0375
1598.61,7041.72,1610.07,1604.01,1597.89,1608.5,1626.3,1605.14,1605.03
2229.26,2228.76,7215.96,2241.73,2259.08,2229.13,2229.15,2229.19,2229.12
2282.8,6834.18,2283.1,2282.45,2322.2,2283.02,2283.14,2282.33,2283
2432.39,2431.67,2432.06,2430.4,6346.74,2431.91,2430.43,2432.35,2428.9
2972.62,2972.57,2971.7,2969.68,2971.38,3596.13,2971.97,2969.68,2972.01
3000,3000,3000,3000,3000,3000,3000,3000,3000
3000,3000,3000,3000,3000,3000,3000,3000,3000
3000,3000,3000,3000,3000,3000,3000,3000,3000
3000,3000,3000,3000,3000,3000,3000,3000,3000
3000,3000,3000,3000,3000,3000,3000,3000,3000
3000,3000,3000,3000,3000,3000,3000,3000,3000
3525.03,1434.74,1430.03,1424.85,1430.19,1431.36,1431.42,1430.38,1427.13
4187.83,-683.638,-692.497,-632.398,-692.497,-692.735,-688.895,-691.572,-692.188
267.537,273.939,267.709,4647.2,286.592,267.444,258.5,263.28,267.585
2019.09,2027.05,2025.1,2026.69,2010.82,2026.41,2026.7,3927.88,2028.09
2280.6,2280.91,3448.83,2280.95,2280.26,2278.8,2280.72,2280.34,2281.16
2343.97,2344.77,3186.53,2343.52,2344.56,2344.92,2344.76,2344.75,2343.73
2603.38,2602.29,2605.73,2604.37,2605.35,2604.34,2601.96,2604.53,2602.72
2988.82,2992.28,2986.86,2986.97,2989.6,2991.24,2991.5,2989.17,2985.97
3000,3000,3000,3000,3000,3000,3000,3000,3000
3000,3000,3000,3000,3000,3000,3000,3000,3000
3000,3000,3000,3000,3000,3000,3000,3000,3000
3000,3000,3000,3000,3000,3000,3000,3000,3000
3000,3000,3000,3000,3000,3000,3000,3000,3000
3000,3000,3000,3000,3000,3000,3000,3000,3000
2528.22,2528.49,2527.63,2525.67,2528.03,3408.13,2519.59,2525.52,2527.49
2005.46,1997.47,2009.09,2005.42,1998.83,1999.92,4320.95,1999.49,2005.45
2223.22,2224.49,2269.41,2224.27,2223.6,9702.25,2222.71,2222.99,2224.69
2375,2246.96,2242.01,2254.83,9955.15,2246.71,2245.71,2255.55,2336.55
2295.39,2339.68,2343.75,2297.1,2278.89,9908.11,2296.47,2326.76,2297.26
2444.67,2443.14,2444.36,2444.68,2444.23,8314.97,2443.88,2490.79,2444.64
2795.47,4132.95,2795.27,2795.09,2795.38,2795.12,2794.99,2794.91,2795.15
2994.58,2991.86,2994.77,2991.51,2994.97,3000,3000,3000,3000
3000,3000,3000,3000,3000,3000,3000,3000,3000
3000,3000,3000,3000,3000,3000,3000,3000,3000
3000,3000,3000,3000,3000,3000,3000,3000,3000
3000,3000,3000,3000,3000,3000,3000,3000,3000
3000,3000,3000,3000,3000,3000,3000,3000,3000
3000,3000,3000,3000,3000,3000,3000,3000,3000
2449.73,2448.34,2441.07,2450.29,2437.78,7093.52,2450.67,2450.36,2448.4
1787.82,1785.63,1764.78,1785.55,1774.88,9384.28,1785.65,1816.52,1890.84
1532.78,1570.2,1512.54,1505.56,1542.08,10759.2,1540.89,1548.06,1525.74
2197.74,2193.82,2285.68,2247.02,2255.73,2140.12,2157.69,2244.65,10737.6
2018.97,2001.38,2086.15,10317.2,1951.67,2000.14,1973.88,1999.35,2098.79
2148.31,2100.86,9754.81,2100.8,2194.34,2183.76,2174.63,2100.53,2099.78
2754.15,2755.77,7581.65,2755.03,2755.83,2755.01,2754.64,2754.32,2755.18
2996.42,2995.23,2992.93,2992.19,3080.35,3000,3000,3000,3000
3000,3000,3000,3000,3000,3000,3000,3000,3000
3000,3000,3000,3000,3000,3000,3000,3000,3000
3000,3000,3000,3000,3000,3000,3000,3000,3000
3000,3000,3000,3000,3000,3000,3000,3000,3000
3000,3000,3000,3000,3000,3000,3000,3000,3000
3000,3000,3000,3000,3000,3000,3000,3000,3000
1855.07,1900.86,1866.46,1867.34,1864.76,1911.32,1864.24,1867.55,9321.98
-370.088,-388.763,11119.4,-283.695,-332.623,-489.879,-489.36,-343.21,-266.377
800.1,815.927,703.399,647.706,692.867,876.599,733.449,744.41,10996.3
2199.63,2246.65,2290.62,2346,2191.83,11051.6,2246,2244.23,2304.42
2239.66,2383.42,2239.37,10768.9,2336.36,2339.65,2263.87,2239.8,2283.42
4777.82,11246.4,5220.2,5066.24,5112.31,5006.59,4663.39,4906.37,5272.59
1420.7,11212.4,804.419,1115.19,1182.68,1100.23,1078.2,932.651,922.747
2986.65,9637.73,2988,2987.51,2988.19,2987.97,2987.74,3099.85,2982.1
3000,3000,3000,3000,3000,3000,3000,3000,3000
3000,3000,3000,3000,3000,3000,3000,3000,3000
3000,3000,3000,3000,3000,3000,3000,3000,3000
3000,3000,3000,3000,3000,3000,3000,3000,3000
3000,3000,3000,3000,3000,3000,3000,3000,3000
3000,3000,3000,3000,3000,3000,3000,3000,3000
-888.681,-777.816,-862.501,-876.971,10839.1,-821.825,-858.035,-818.097,-797.73
923.059,1227.76,1069.91,1210.63,821.436,723.017,695.921,976.063,11254.1
981.131,1533.72,1083.25,1201.94,1068.84,11267.8,754.406,703.523,635.876
318.126,11252.3,335.251,143.041,250.546,14.9654,305.727,153.869,375.278
3683.97,3360.44,3388.48,3607.97,3265.34,11252.6,3660.21,3314.25,3262.06
11229,3712.54,3946.63,3978.51,4240.83,3895.09,3749.11,3945.26,3713.55
11041.1,1477.01,1296.52,1341.03,1304.13,1295.61,1262.07,1339.37,1374.1
8111.06,2920.64,2919.18,2920.8,2918.68,2918.6,2919.61,2917.29,2920.06
3000,3000,3000,3000,3000,3000,3000,3000,3000
3000,3000,3000,3000,3000,3000,3000,3000,3000
3000,3000,3000,3000,3000,3000,3000,3000,3000
3000,3000,3000,3000,3000,3000,3000,3000,3000
3000,3000,3000,3000,3000,3000,3000,3000,3000
3000,3000,3000,3000,3000,3000,3000,3000,3000
378.381,236.974,142.609,316.725,671.131,295.392,11210.5,870.779,162.383
340.052,355.855,-188.304,75.9867,561.211,11250.3,273.109,306.065,396.822
598.932,369.983,11266.9,446.966,936.63,638.843,72.8344,-16.4836,284.873
11255.1,791.106,140.893,19.4197,242.197,131.061,363.538,474.399,128.439
11258.8,3058.08,2929.35,2780.36,2810.39,3292.63,3073.12,2902.29,3074.2
11232.5,3488.28,3926.64,3526.38,3353.4,3172.28,3860.51,3827.97,3513.23
2116.35,1943.86,2030.09,11101,1961.77,1913.56,1999.54,2155.23,2078.17
2951.19,2947.23,2950.9,2951.13,2949.09,2950.11,7474.77,2948.77,2948.11
3000,3000,3000,3000,3000,3000,3000,3000,3000
3000,3000,3000,3000,3000,3000,3000,3000,3000
3000,3000,3000,3000,3000,3000,3000,3000,3000
3000,3000,3000,3000,3000,3000,3000,3000,3000
3000,3000,3000,3000,3000,3000,3000,3000,3000
3000,3000,3000,3000,3000,3000,3000,3000,3000
9671.04,-769.583,-724.057,-780.657,-780.659,-717.423,-770.633,-720.983,-781.51
-294.258,11223.6,-128.781,-231.774,-421.633,-259.04,-388.896,-208.533,-355.79
-256.834,-612.342,27.8915,-331.817,-437.405,-262.267,11259,-74.7838,-162.524
-44.2229,-140.329,11275,-18.3382,-406.195,-148.788,-460.67,-340.37,-403.122
11234.1,6356.93,6315.99,6201.48,6099.19,6406.35,6221.85,6302.56,6553.7
11260.1,6631.61,6509.67,6386.19,6488.82,6720.7,6625.47,6304.11,6411.46
4412.8,11225.3,4453.98,4535.56,4321.66,4423.31,4335.92,4454.77,4055.74
2903.51,2903.45,2903.67,2903.26,2944.9,2903.94,2940.85,2903.2,8600.09
3000,3000,3000,3000,3000,3000,3000,3000,3000
3000,3000,3000,3000,3000,3000,3000,3000,3000
3000,3000,3000,3000,3000,3000,3000,3000,3000
3000,3000,3000,3000,3000,3000,3000,3000,3000
3000,3000,3000,3000,3000,3000,3000,3000,3000
3000,3000,3000,3000,3000,3000,3000,3000,3000
-708.6,-697.572,7723.89,-710.364,-696.944,-708.72,-710.293,-706.276,-683.954
9739.91,-981.515,-999.674,-995.743,-961.085,-986.062,-999.667,-999.667,-999.67
9610.59,-939.01,-938.654,-939.017,-939.017,-938.996,-932.738,-938.774,-939.017
-480.81,-440.404,-544.551,-440.127,-549.153,-645.104,-525.116,-711.275,11263.3
11131.4,1116.23,1255.23,1315.2,927.625,1194.02,995.208,1025.92,1264.24
11254.3,4784.87,4381.98,4154.72,4326.82,4268.75,4285.94,4228.62,4116.53
3162.67,11264.5,3133.91,2910.41,3174.81,2676.13,2844.65,3018.11,3030.2
2908.77,2905.52,2909,2909.81,2907.17,2908.5,2907.15,7295.03,2905.33
3000,3000,3000,3000,3000,3000,3000,3000,3000
3000,3000,3000,3000,3000,3000,3000,3000,3000
3000,3000,3000,3000,3000,3000,3000,3000,3000
3000,3000,3000,3000,3000,3000,3000,3000,3000
3000,3000,3000,3000,3000,3000,3000,3000,3000
3000,3000,3000,3000,3000,3000,3000,3000,3000
1353.96,1361.89,1360.26,2655.19,1355.66,1355.43,1353.65,1360.56,1360.25
-775.532,2424.19,-771.674,-771.457,-773.47,-766.863,-773.558,-773.706,-773.426
-62.2883,-68.5628,-68.5706,-59.2799,-62.7685,3418.28,-74.3545,-69.7357,-55.646
1676,1675.88,1677.7,1677.92,1677.71,1657.75,3723.35,1680.31,1677.98
2205.58,2199.58,2206.11,2206,2205.76,2206.04,3805.71,2204.5,2206.35
2208.72,2209.15,2704.51,2209.44,2207.06,2207.77,2208.52,2208.92,2208.27
2251.08,2252.5,2345.02,2250.67,2252.32,2251.27,2251.44,2251.21,2251.46
2927.73,2919.64,2923.16,2922.38,2924.31,2921.5,2921.32,2920.56,2921.91
3000,3000,3000,3000,3000,3000,3000,3000,3000
3000,3000,3000,3000,3000,3000,3000,3000,3000
3000,3000,3000,3000,3000,3000,3000,3000,3000
3000,3000,3000,3000,3000,3000,3000,3000,3000
3000,3000,3000,3000,3000,3000,3000,3000,3000
3000,3000,3000,3000,3000,3000,3000,3000,3000
1536.99,1545.71,1540.96,1536.2,1537.82,1541.35,1539.43,2544.57,1538.17
-505.283,-501.543,-507.562,-503.47,-518.774,-498.941,-512.524,3680.33,-507.228
-958.81,-933.085,-934.746,-959.344,5000.59,-957.367,-945.338,-945.239,-918.348
-38.5406,-47.4523,-38.2966,-40.2722,-20.7554,-29.0943,4745.45,-33.2798,-28.8548
2216.87,2216.81,6332.22,2217.13,2215.58,2217.26,2215.23,2215.63,2216.77
2229.01,2228.95,6200.47,2229.29,2227.86,2229.79,2229.8,2229.88,2227.68
2309.76,2308.85,2308.33,2307.35,2307.88,3772.58,2310.2,2310,2316.18
2954.23,2956.08,2952.09,2951.89,2954.01,2950.26,2954.98,2950.56,2951.37
3000,3000,3000,3000,3000,3000,3000,3000,3000
3000,3000,3000,3000,3000,3000,3000,3000,3000
3000,3000,3000,3000,3000,3000,3000,3000,3000
3000,3000,3000,3000,3000,3000,3000,3000,3000
3000,3000,3000,3000,3000,3000,3000,3000,3000
3000,3000,3000,3000,3000,3000,3000,3000,3000
1939.63,1934.54,1944.45,1972.28,1936.97,1932.92,1940.78,1932.81,1943.56
78.2655,79.1535,76.911,78.4816,81.5374,79.2862,80.5266,3178.31,97.3867
3739.62,1203.34,1196.46,1195.67,1208.94,1192.32,1201.31,1193.16,1194.71
2246.69,2250.17,2250.95,2250.92,2251.77,4557.05,2251.21,2249.93,2251.96
2252.57,2252.6,2252.69,3678.54,2250.69,2252.51,2251.71,2249.21,2252.75
2261.42,2261.71,2261.53,2261.69,2261.33,2715.46,2261.36,2261.6,2259.21
2389.92,2389.31,2390.38,2388.91,2391.12,2390.54,2390.97,2391.06,2773.92
2976.96,2970.64,2976.49,2974.25,2969.76,2976.14,2970.67,2976.25,2971.42
3000,3000,3000,3000,3000,3000,3000,3000,3000
3000,3000,3000,3000,3000,3000,3000,3000,3000
3000,3000,3000,3000,3000,3000,3000,3000,3000
3000,3000,3000,3000,3000,3000,3000,3000,3000
3000,3000,3000,3000,3000,3000,3000,3000,3000
3000,3000,3000,3000,3000,3000,3000,3000,3000
1632.15,4425.31,1629.11,1636.68,1626.79,1632.34,1627.17,1624.72,1628.06
524.144,524.054,521.902,518.545,508.847,4016.38,529.505,526.921,524.188
1324.85,1338.84,1339.15,1330.87,4021.08,1338.9,1343.37,1341.32,1338.83
2004.23,3818.54,2004.73,2003.49,2003.64,2005.96,2004.14,2004.19,2004.27
2269.97,2273.08,4724.06,2271.74,2272.96,2273.07,2271.84,2272.46,2272.61
2329.95,2331.11,2331.19,2330.33,2331.19,2331.05,2328.91,2457.69,2330.44
2601.97,2599.98,2600.62,2598.2,2601.24,2602.5,2599.82,2624.67,2600.42
2981.96,2983.26,2984.62,2988.61,2988.16,2986.15,2989.34,2986.29,2988.16
3000,3000,3000,3000,3000,3000,3000,3000,3000
3000,3000,3000,3000,3000,3000,3000,3000,3000
3000,3000,3000,3000,3000,3000,3000,3000,3000
3000,3000,3000,3000,3000,3000,3000,3000,3000
3000,3000,3000,3000,3000,3000,3000,3000,3000
3000,3000,3000,3000,3000,3000,3000,3000,3000
1459.7,1459.88,1463.6,2707.53,1460.76,1463.67,1457.9,1450.67,1459.76
3722.43,-786.038,-784.33,-776.144,-785.926,-787.513,-786.834,-786.497,-786.551
-804.127,-762.393,-802.076,-799.54,-803.641,-803.583,-797.45,-803.623,2601.53
3177.04,2033.73,2048.42,2048.43,2047.68,2048.11,2027.93,2039.84,2048.36
2297.85,2298.71,3843.8,2298.27,2296.78,2298.49,2297.52,2298.45,2295.82
2453.15,2453.16,5655.47,2453.52,2448.02,2494.53,2450.9,2451.1,2451.64
2809.69,2808.04,2808.81,2807.69,2806.62,3154.6,2808.44,2803.83,2808.26
2995.14,2998.02,2996.95,2995.75,2995.2,2992.72,2993.49,2992.2,3032.74
3000,3000,3000,3000,3000,3000,3000,3000,3000
3000,3000,3000,3000,3000,3000,3000,3000,3000
3000,3000,3000,3000,3000,3000,3000,3000,3000
3000,3000,3000,3000,3000,3000,3000,3000,3000
3000,3000,3000,3000,3000,3000,3000,3000,3000
3000,3000,3000,3000,3000,3000,3000,3000,3000
2346.49,2333.36,2333.6,2350.72,2348.55,2336.98,2355.27,2349.96,2335.84
675.16,672.815,672.986,1366.46,672.539,669.807,663.628,673.156,672.704
1364.68,1354.47,1360.7,1372.33,1371.3,7414.94,1363.92,1371.55,1364.93
955.26,7293.14,952.36,955.186,992.843,945.934,966.894,955.306,956.952
2323.47,2324.07,2324.12,2322.99,6140.45,2324.28,2322.68,2322.99,2324.28
2515.65,2516.11,2515.07,2515.71,2514.14,2516.3,2516.64,2515.38,6387.25
2830.11,2829.87,2830.74,2829.53,5498.87,2828.76,2826.62,2830.62,2829.57
2997.6,2996.99,2994.87,2991.77,3040.09,3000,3000,3000,3000
3000,3000,3000,3000,3000,3000,3000,3000,3000
3000,3000,3000,3000,3000,3000,3000,3000,3000
3000,3000,3000,3000,3000,3000,3000,3000,3000
3000,3000,3000,3000,3000,3000,3000,3000,3000
3000,3000,3000,3000,3000,3000,3000,3000,3000
3000,3000,3000,3000,3000,3000,3000,3000,3000
2321.19,2340.68,2325.63,2322.58,2332.77,2319.23,2340.69,2323.24,4461.08
1408.3,1483.08,8876.93,1452.45,1422.76,1422.31,1427.48,1429.02,1411.79
1677.85,1625.03,10626.7,1603.19,1621.64,1712.14,1643.4,1682.59,1664.71
9320.13,685.843,637.01,690.803,636.379,663.562,656.018,637.024,680.021
2401.75,2352.11,2353.48,2352.82,2353.41,8221.89,2352.39,2353.19,2353.13
6533.77,2403.63,2404.07,2402.32,2401.02,2403.92,2400.48,2403.29,2403.56
2751.06,2747.26,2750.76,3460.35,2748.17,2750.84,2751.09,2750.28,2749.07
2996.68,2997.48,2995.62,2993.71,2992.79,2994.34,2993.25,2991.84,2991.07
3000,3000,3000,3000,3000,3000,3000,3000,3000
3000,3000,3000,3000,3000,3000,3000,3000,3000
3000,3000,3000,3000,3000,3000,3000,3000,3000
3000,3000,3000,3000,3000,3000,3000,3000,3000
3000,3000,3000,3000,3000,3000,3000,3000,3000
3000,3000,3000,3000,3000,3000,3000,3000,3000
-910.579,-884.443,-910.578,-910.584,-910.605,-910.211,-910.624,-910.38,6374.18
-483.125,-633.725,-617.091,-445.485,-539.122,-795.925,-628.1,-827.801,11202.5
-843.26,10847.3,-859.267,-869.236,-815.989,-796.095,-889.342,-862.876,-817.869
282.779,527.02,264.58,76.9758,461.586,11213.1,331.768,539.701,210.507
2728.11,11246,2194.23,2804.22,2465.38,2834.86,2768.17,3000.58,2594.72
2490.63,2348.03,11106.8,2487.22,2436.54,2497.25,2516.34,2457.07,2392.25
1951.71,1971.93,1953.31,2034.36,10592.2,1933.58,1928.84,1908.54,1946.44
2992.46,2989.3,2989.99,2987.08,2988.56,2987.11,2986.84,2987.16,6227.19
3000,3000,3000,3000,3000,3000,3000,3000,3000
3000,3000,3000,3000,3000,3000,3000,3000,3000
3000,3000,3000,3000,3000,3000,3000,3000,3000
3000,3000,3000,3000,3000,3000,3000,3000,3000
3000,3000,3000,3000,3000,3000,3000,3000,3000
3000,3000,3000,3000,3000,3000,3000,3000,3000
-770.764,-757.608,-748.476,-712.902,-754.944,-704.304,8459.58,-697.771,-754.243
-483.702,-531.732,-311.05,-366.892,-470.627,-548.821,-546.774,11236.8,-536.568
327.268,-157.456,-40.5369,483.036,11253.9,-182.04,-85.1635,270.758,34.8154
2672.84,1966.88,11248,2312.92,2490.39,2012.77,2248.45,2669.69,1870.79
11250.9,5202.78,5248.8,5244.91,4840.67,5430.38,5074.1,4943.11,5049.93
2307.53,2251.12,2260.73,2336.25,2210.99,2342.94,2301.62,10754.5,2211.77
2409.63,10512.1,2457.29,2409.43,2408.96,2410.58,2492.94,2466.55,2457.72
2986.41,2984.7,2981.64,2985.29,2982.91,3777.99,2979.45,2978.95,2978.59
3000,3000,3000,3000,3000,3000,3000,3000,3000
3000,3000,3000,3000,3000,3000,3000,3000,3000
3000,3000,3000,3000,3000,3000,3000,3000,3000
3000,3000,3000,3000,3000,3000,3000,3000,3000
3000,3000,3000,3000,3000,3000,3000,3000,3000
3000,3000,3000,3000,3000,3000,3000,3000,3000
2332.08,7926.31,2286.73,2265.22,2283.63,2286.61,2286.06,2265.9,2277.35
-553.807,-565.347,-565.931,-560.362,-541.019,-536.013,9241,-569.04,-569.097
-904.811,-899.274,-893.53,-875.072,-888.427,-904.438,-904.708,-901.544,8940.93
-724.61,-809.484,10923.5,-871.196,-736.455,-748.489,-761.428,-832.91,-557.017
3886.48,11214.4,3391.29,4020.76,3484.99,3772.2,3198.49,3825.69,3622.7
11029,2392.99,2300.12,2250.13,2345.79,2252.01,2297.94,2251.78,2294.67
2379.32,2464.59,2424.47,2332.56,9519.38,2330.95,2332.63,2329.91,2330.83
2961.09,2960.83,2960.2,4954.68,2954.77,2961.39,2958.6,2961.64,2956.12
3000,3000,3000,3000,3000,3000,3000,3000,3000
3000,3000,3000,3000,3000,3000,3000,3000,3000
3000,3000,3000,3000,3000,3000,3000,3000,3000
3000,3000,3000,3000,3000,3000,3000,3000,3000
3000,3000,3000,3000,3000,3000,3000,3000,3000
3000,3000,3000,3000,3000,3000,3000,3000,3000
625.498,625,625.185,7517.91,625,625.41,624.972,625.176,624.705
-953.812,9053.72,-964.839,-974.199,-970.294,-947.68,-962.167,-969.249,-974.237
-995.651,-995.584,-957.697,-992.056,-997.046,-997.241,-981.177,8146.04,-997.36
-473.338,-647.694,-624.807,-527.274,-773.739,11256.7,-644.935,-680.011,-538.6
2850.46,2395.1,11262,3259.67,3102.5,3346.28,2866.11,2761.31,2777.66
4203.45,3431.4,11257.4,3567.71,3790.88,3250.62,3402.77,3721.95,3841.01
2403.41,10877.6,2319.87,2410.68,2270.45,2405.1,2271.73,2314.65,2403.06
6801.87,2974.85,2937.42,2935.53,2936.07,2940.12,2939.54,2936.2,2937.84
3000,3000,3000,3000,3000,3000,3000,3000,3000
3000,3000,3000,3000,3000,3000,3000,3000,3000
3000,3000,3000,3000,3000,3000,3000,3000,3000
3000,3000,3000,3000,3000,3000,3000,3000,3000
3000,3000,3000,3000,3000,3000,3000,3000,3000
3000,3000,3000,3000,3000,3000,3000,3000,3000
1316.98,1319.78,2336.64,1319.75,1324.49,1315.62,1317.1,1320.43,1329.23
-657.726,-718.391,-721.686,-703.055,-700.583,-711.264,-706.513,-723.195,2552.33
-945.445,-944.911,-929.046,3247.76,-917.139,-925.158,-908.768,-924.932,-938.562
-255.739,-259.96,-274.148,-276.233,-274.358,-259.665,-253.832,4201.29,-243.901
2177.71,2177.69,5585.78,2177.68,2177.43,2177.32,2177.87,2177.15,2177.27
2173.77,2173.95,5512.59,2174.84,2173.81,2174.56,2174.01,2175,2174.49
2199.58,2198.51,2199.27,2198.69,2199.06,3678.94,2198.09,2199.12,2197.08
2895.32,2896.72,2898.51,2896,2895,2899.07,3321.56,2899.15,2896.84
3000,3000,3000,3000,3000,3000,3000,3000,3000
3000,3000,3000,3000,3000,3000,3000,3000,3000
3000,3000,3000,3000,3000,3000,3000,3000,3000
3000,3000,3000,3000,3000,3000,3000,3000,3000
3000,3000,3000,3000,3000,3000,3000,3000,3000
3000,3000,3000,3000,3000,3000,3000,3000,3000
1834.11,1323.58,1314.73,1326.65,1316.37,1321.97,1316.75,1313.95,1318.66
4048.47,-689.421,-688.546,-669.859,-690.878,-690.87,-679.865,-689.1,-688.912
473.095,470.9,478.651,482.611,469.67,4189.77,489.997,486.156,483.553
1673.01,1678.99,1672.46,1659.99,1661.16,1672.72,3414.05,1673.78,1677.38
2207.04,2206.61,2206.74,3458.78,2206.81,2206.36,2206.86,2206.98,2206.21
2198.03,2197.33,4922.05,2198,2197.96,2197.68,2198.42,2206.79,2196.9
2252.58,2252.72,2251.92,3924.28,2251.39,2252.47,2251.92,2252.37,2252.43
2942.66,2945.64,3097.65,2943.53,2941.43,2941.31,2944.6,2941.61,2944.59
3000,3000,3000,3000,3000,3000,3000,3000,3000
3000,3000,3000,3000,3000,3000,3000,3000,3000
3000,3000,3000,3000,3000,3000,3000,3000,3000
3000,3000,3000,3000,3000,3000,3000,3000,3000
3000,3000,3000,3000,3000,3000,3000,3000,3000
3000,3000,3000,3000,3000,3000,3000,3000,3000
2198.38,2196.4,2198.13,2214.97,2187.43,2195.54,2187.11,2198.62,2197.13
427.12,3112.43,435.904,434.993,434.993,428.121,434.993,439.572,449.12
150.202,150.124,150.234,149.811,150.268,150.266,149.372,4182.68,158.892
2094.74,2100.21,3090.19,2108.3,2109.68,2109.71,2107.54,2094.82,2096.33
2240.49,2241.35,2512.42,2241.7,2239.25,2241.26,2241.22,2241.74,2241.31
3028.55,2261.35,2261.51,2261.06,2261.27,2260.44,2262.06,2261.75,2260.63
2410.37,2410.99,2411.73,2411.33,2411.71,3173.52,2411.88,2411.18,2410.64
2968.32,2972.68,2967.66,2974.7,2970.56,2970.62,2969.85,2972.89,2970.22
3000,3000,3000,3000,3000,3000,3000,3000,3000
3000,3000,3000,3000,3000,3000,3000,3000,3000
3000,3000,3000,3000,3000,3000,3000,3000,3000
3000,3000,3000,3000,3000,3000,3000,3000,3000
3000,3000,3000,3000,3000,3000,3000,3000,3000
3000,3000,3000,3000,3000,3000,3000,3000,3000
922.429,924.187,918.013,918.626,919.929,921.223,1279.86,923.724,920.931
-944.439,-948.461,-952.992,-953.784,1700.65,-953.561,-948.579,-955.11,-955.11
-861.781,-878.746,3040.56,-879.001,-873.121,-856.265,-859.488,-878.758,-863.766
81.4057,111.141,83.4189,83.6424,3940,84.0842,92.1466,125.622,112.559
2209.94,2210.65,2191.55,2210.04,2207.1,5926.6,2209.75,2210.41,2208.22
2331.92,2332.5,4374.49,2331.27,2332.17,2331.05,2330.59,2332.06,2331.93
2855.08,2609.02,2606.65,2608.63,2606.36,2609.64,2606.11,2608.27,2608.61
2990.34,2990.91,2990.69,2993.64,2984.86,2989.3,2986.06,2987.04,2985.66
3000,3000,3000,3000,3000,3000,3000,3000,3000
3000,3000,3000,3000,3000,3000,3000,3000,3000
3000,3000,3000,3000,3000,3000,3000,3000,3000
3000,3000,3000,3000,3000,3000,3000,3000,3000
3000,3000,3000,3000,3000,3000,3000,3000,3000
3000,3000,3000,3000,3000,3000,3000,3000,3000
2141.41,2125.97,2140.2,2137.81,2139.84,2139.9,2138.15,2125.19,2140.27
622.087,618.692,606.787,618.438,618.862,618.803,607.997,616.122,1877.1
1085.5,1077.53,1078.9,2619.51,1079.33,1088.97,1083.64,1078.2,1072.14
2208.41,2207.47,6533.7,2208.53,2208.92,2208.87,2208.76,2207.32,2169.36
2283.28,2283.54,6520,2280.58,2311.92,2283.09,2283.42,2283.37,2283.02
2433.64,2434.1,2433.51,2433.61,2476.81,6557.19,2432.55,2431.19,2433.7
2802.52,2804.61,2801.88,2806.31,5567.72,2802.72,2805.53,2803.52,2832.65
2998.16,2995.63,2997.74,3000,3000,3000,3000,3000,3000
3000,3000,3000,3000,3000,3000,3000,3000,3000
3000,3000,3000,3000,3000,3000,3000,3000,3000
3000,3000,3000,3000,3000,3000,3000,3000,3000
3000,3000,3000,3000,3000,3000,3000,3000,3000
3000,3000,3000,3000,3000,3000,3000,3000,3000
3000,3000,3000,3000,3000,3000,3000,3000,3000
656.895,659.548,649.317,659.322,659.398,655.787,2001.34,651.967,658.847
-973.351,-972.62,-959.82,-968.789,530.55,-965.728,-961.289,-972.345,-963.488
-691.175,-690.232,-697.779,-697.8,-697.828,-697.82,-689.082,-688.394,4182.47
1454.98,6046.49,1469.16,1469.16,1469.16,1470.78,1469.16,1471.86,1469.16
2337.31,2333.92,2337.19,2336.82,2335.07,7336.56,2333.96,2335.85,2336.89
2331.5,2333.65,2332.37,2333.12,6978.28,2333.94,2333.7,2333.85,2332.45
5341.63,2878.07,2877.92,2878.61,2880.8,2880.08,2877.41,2877.61,2879.63
2992.92,3075.4,3000,3000,3000,3000,3000,3000,3000
3000,3000,3000,3000,3000,3000,3000,3000,3000
3000,3000,3000,3000,3000,3000,3000,3000,3000
3000,3000,3000,3000,3000,3000,3000,3000,3000
3000,3000,3000,3000,3000,3000,3000,3000,3000
3000,3000,3000,3000,3000,3000,3000,3000,3000
3000,3000,3000,3000,3000,3000,3000,3000,3000
1153.89,1153.29,1156.17,1156.6,1154.13,6552.57,1164.14,1160.48,1145.85
-959.433,-959.602,-959.423,-959.678,-959.668,-954.916,-959.62,-959.612,5662.42
-868.355,-868.604,-800.234,-869.595,5372.83,-842.595,-868.352,-868.448,-867.606
6606.43,1363.4,1363.4,1363.4,1363.4,1367.28,1372.22,1363.4,1363.4
2261.89,2262.21,6661.79,2262.55,2262.87,2261.63,2261.79,2262.26,2261.67
2429.57,2431.13,7130.35,2430.11,2431.42,2431.68,2430.31,2430.9,2430.08
2789.71,2793.44,2792.32,2788.06,2787.95,6450.95,2792.3,2791.5,2794
2998.16,2996.72,2997.52,2992.01,2994.37,2994.63,2991.76,2990.76,3039.51
3000,3000,3000,3000,3000,3000,3000,3000,3000
3000,3000,3000,3000,3000,3000,3000,3000,3000
3000,3000,3000,3000,3000,3000,3000,3000,3000
3000,3000,3000,3000,3000,3000,3000,3000,3000
3000,3000,3000,3000,3000,3000,3000,3000,3000
3000,3000,3000,3000,3000,3000,3000,3000,3000
-590.765,-595.031,-609.236,-608.217,-597.794,-608.054,-608.436,4185.18,-608.287
-711.071,-853.615,9816.56,-825.869,-876.121,-788.343,-869.243,-840.755,-873.406
-365.492,-365.238,-317.607,-440.731,-381.963,-436.915,5441.89,-376.573,-414.564
-209.694,11232.6,-265.77,-190.631,4.89324,32.5148,83.7084,28.502,-249.796
2279.86,11205.7,2238.79,1999.99,2087.09,2165.47,2060.77,2101.97,2088.08
2386.08,2341.09,2341.3,2341.27,2517.1,8995.08,2338.94,2341.17,2385.09
2645.46,2646.21,2643.61,5980.42,2643.05,2644.38,2645.64,2646.3,2646.73
3017.88,2990.97,2990.38,2984.68,2991.31,2988.65,2985.31,2985.79,2985.47
3000,3000,3000,3000,3000,3000,3000,3000,3000
3000,3000,3000,3000,3000,3000,3000,3000,3000
3000,3000,3000,3000,3000,3000,3000,3000,3000
3000,3000,3000,3000,3000,3000,3000,3000,3000
3000,3000,3000,3000,3000,3000,3000,3000,3000
3000,3000,3000,3000,3000,3000,3000,3000,3000
8157.43,-830.552,-761.762,-839.25,-839.564,-839.289,-839.34,-839.699,-839.295
-795.522,-773.209,-795.955,-766.301,-758.876,-796.004,-796.342,-788.988,9268.92
-868.316,-970.601,11217,-952.94,-961.259,-932.32,-964.336,-748.798,-884.816
-416.855,-266.558,-445.761,11246.4,-156.75,-721.003,-722.311,-675.75,-662.491
11098.4,1493.09,1344.33,1329.21,1340.98,1380.13,1296.52,1277.8,1319.53
1410.79,10729.1,1449.57,1431.66,1511.23,1409.83,1411.68,1456.03,1411.86
10890.8,2480.45,2528.49,2528.59,2669.96,2475.04,2471.37,2457.11,2455.17
2980.67,2975.64,8122.56,2980.12,2977.06,2975.73,2975.45,2978.5,2972.76
3000,3000,3000,3000,3000,3000,3000,3000,3000
3000,3000,3000,3000,3000,3000,3000,3000,3000
3000,3000,3000,3000,3000,3000,3000,3000,3000
3000,3000,3000,3000,3000,3000,3000,3000,3000
3000,3000,3000,3000,3000,3000,3000,3000,3000
3000,3000,3000,3000,3000,3000,3000,3000,3000
2564.81,2565.9,6762.33,2565.87,2566.36,2566.02,2559.08,2565.24,2563.9
1788.2,1778.41,1766.62,1773.65,1773.2,1780.68,1832.69,1784.3,6350.52
2174.4,2172.49,2174.87,2175.21,2175.17,7567.85,2174.95,2174.92,2174.47
2276.6,8092.63,2278.41,2277.98,2277.85,2322,2271.87,2278.34,2277.11
2304.37,2304.62,2304.82,2330.82,8052.35,2346.62,2304.43,2304.8,2304.27
2262.59,2261.94,2310.91,2314.56,2264.42,8775.89,2324.97,2264.05,2302.61
2305.34,9377.81,2308.05,2308.12,2351.15,2307.8,2308.27,2307.35,2377.68
3106.39,2966.67,2968.55,2971.37,2971.32,2968.1,2965.17,2965.04,2965.95
3000,3000,3000,3000,3000,3000,3000,3000,3000
3000,3000,3000,3000,3000,3000,3000,3000,3000
3000,3000,3000,3000,3000,3000,3000,3000,3000
3000,3000,3000,3000,3000,3000,3000,3000,3000
3000,3000,3000,3000,3000,3000,3000,3000,3000
3000,3000,3000,3000,3000,3000,3000,3000,3000
621.886,612.897,6592.09,621.808,621.671,611.593,621.481,611.812,611.951
-995.867,8022.72,-995.852,-991.436,-995.77,-993.407,-946.175,-995.877,-952.891
-917.362,-929.036,-929.036,-928.425,-929.036,8529.44,-928.852,-928.606,-914.16
-945.778,-964.725,-901.12,-877.158,-951.559,-915.481,-963.843,9048.56,-961.646
1396.09,1405.26,10741.3,1362.55,1416.99,1436.96,1398.89,1389.83,1406.12
10070.7,2264.83,2216.5,2216.72,2217.04,2265.12,2216.98,2257.86,2284.65
2268.67,2270.17,2270,8497.51,2311.7,2268.04,2269.53,2269.29,2269.97
4993.94,2936.73,2934.9,2933.78,2938.74,2936.5,2934.42,2936.65,2936.12
3000,3000,3000,3000,3000,3000,3000,3000,3000
3000,3000,3000,3000,3000,3000,3000,3000,3000
3000,3000,3000,3000,3000,3000,3000,3000,3000
3000,3000,3000,3000,3000,3000,3000,3000,3000
3000,3000,3000,3000,3000,3000,3000,3000,3000
3000,3000,3000,3000,3000,3000,3000,3000,3000
1965.02,1965.94,1951.41,1958.37,3271.94,1952.59,1964.42,1962.38,1964.05
714.669,3086.26,691.053,696.804,717.196,701.407,709.175,696.817,691.325
3788.05,-534.186,-551.638,-511.908,-524.472,-548.262,-543.768,-551.52,-541.032
-72.6984,-80.7782,-58.9394,-81.7361,-71.3494,-92.9301,2957.58,-71.1563,-87.0782
2158.07,2153.18,4614.39,2155.8,2157.91,2158.22,2157.24,2158.47,2159.15
2166.46,2166.76,4597.44,2166.59,2164.9,2164.33,2166.56,2164.24,2165.38
2180.97,2178.57,2182.37,2179.93,2180.8,2183.21,2183.21,2181.5,3121.22
2900.57,2901.7,2900.73,2902.82,2913,2899.48,2893.34,2895.84,2897.05
3000,3000,3000,3000,3000,3000,3000,3000,3000
3000,3000,3000,3000,3000,3000,3000,3000,3000
3000,3000,3000,3000,3000,3000,3000,3000,3000
3000,3000,3000,3000,3000,3000,3000,3000,3000
3000,3000,3000,3000,3000,3000,3000,3000,3000
3000,3000,3000,3000,3000,3000,3000,3000,3000
596.195,1332.7,597.92,598.491,596.119,598.251,599.081,593.122,600.097
-997.354,-997.613,-997.604,-993.369,-997.611,-997.606,-997.602,-993.077,1929.21
-892.199,-880.423,-890.767,1743.17,-878.835,-892.16,-887.194,-889.879,-885.548
1824.95,3894.28,1817.7,1815.9,1820.22,1819.35,1814.65,1810.79,1812.57
2204.88,2207.76,2205.61,2207.78,2205.43,2207.74,2921.99,2207.55,2207.43
2217.82,2216.43,2216.7,2258.03,2217.15,2216.28,2214.68,2217.55,2217.04
2299.46,2298.69,2299.85,2299.36,2297.3,2298.17,2298.42,2299.33,2296.16
2972.32,2971.91,2976.48,2968.5,2970.12,2967.53,2968.92,2972.34,2969.07
3000,3000,3000,3000,3000,3000,3000,3000,3000
3000,3000,3000,3000,3000,3000,3000,3000,3000
3000,3000,3000,3000,3000,3000,3000,3000,3000
3000,3000,3000,3000,3000,3000,3000,3000,3000
3000,3000,3000,3000,3000,3000,3000,3000,3000
3000,3000,3000,3000,3000,3000,3000,3000,3000
1843.65,1305.2,1296.17,1306.32,1305.68,1300.75,1301.37,1300.74,1300.6
515.918,513.222,516.161,2393.04,528.358,513.366,503.619,512.798,525.653
-946.327,-939.52,2431.36,-947.476,-932.051,-938.358,-942.306,-947.476,-944.136
546.936,553.464,5209.94,550.737,551.296,543.421,548.062,542.935,560.778
2229.8,2230.08,2229.82,2229.27,2225.66,5791.03,2228.38,2229.7,2211.56
2257.53,2255.96,2257.38,2255,2255.08,2257.98,2256.91,2258.01,2429.38
2438.33,3598.74,2441.14,2441.28,2439.32,2441.15,2438.19,2439.8,2440.21
2982.57,2977.82,2986.51,2978.96,2983.64,2984.47,2985.37,2980.8,2982.65
3000,3000,3000,3000,3000,3000,3000,3000,3000
3000,3000,3000,3000,3000,3000,3000,3000,3000
3000,3000,3000,3000,3000,3000,3000,3000,3000
3000,3000,3000,3000,3000,3000,3000,3000,3000
3000,3000,3000,3000,3000,3000,3000,3000,3000
3000,3000,3000,3000,3000,3000,3000,3000,3000
1661.44,1652.1,2118.37,1661.51,1654.45,1656.34,1662.17,1661.22,1661.58
-876.581,-875.786,-874.224,-875.957,-867.372,-876.539,-876.05,3482.89,-876.784
-991.037,-990.993,-990.713,-990.317,3466.94,-989.396,-982.622,-991.053,-990.636
176.551,176.106,176.204,180.521,183.815,179.25,3653.75,180.294,196.049
2218.94,2218.01,4882.02,2218.78,2219.02,2221.99,2216.94,2219.23,2200.5
2291.79,2293.47,6825.46,2293.09,2288.6,2292.22,2292.65,2291.77,2293.61
2579.9,2580.18,2578.09,2584.75,2579.54,2580.26,2579.12,2578.17,4870.96
2988.89,2986.1,2984.09,2992.05,2978.71,2986.05,2989.35,2988.79,2990.56
3000,3000,3000,3000,3000,3000,3000,3000,3000
3000,3000,3000,3000,3000,3000,3000,3000,3000
3000,3000,3000,3000,3000,3000,3000,3000,3000
3000,3000,3000,3000,3000,3000,3000,3000,3000
3000,3000,3000,3000,3000,3000,3000,3000,3000
3000,3000,3000,3000,3000,3000,3000,3000,3000
-195.982,-224.511,-227.703,-228.599,3124.02,-226.474,-228.16,-223.927,-224.061
-969.86,-968.069,-971.168,3045.94,-945.514,-971.667,-971.641,-971.655,-971.507
96.6803,1991.71,105.34,97.8484,98.8699,98.3559,95.7522,95.6646,101.061
1474.64,1473.6,4752.31,1469.84,1470.78,1474.1,1462.59,1469.32,1475.4
2276.72,2277.41,2278.79,2279.09,2271.11,5621.07,2277.93,2279.4,2279.09
2397.1,2397.25,6972.88,2396.16,2394.52,2396.72,2396.26,2395.92,2396.46
2762.83,2764.52,5224.98,2763.53,2758.69,2762.46,2764.73,2760.42,2761.97
2997.21,2992.6,2992.1,3000,3000,3000,3000,3000,3000
3000,3000,3000,3000,3000,3000,3000,3000,3000
3000,3000,3000,3000,3000,3000,3000,3000,3000
3000,3000,3000,3000,3000,3000,3000,3000,3000
3000,3000,3000,3000,3000,3000,3000,3000,3000
3000,3000,3000,3000,3000,3000,3000,3000,3000
3000,3000,3000,3000,3000,3000,3000,3000,3000
1633.86,1629.19,1633.51,1638.9,1635.31,1638.27,1632.37,1807.48,1633.96
134.11,130.291,132.943,2535.82,130.914,133.788,143.064,135.505,138.275
1280.5,1277.08,1284.31,1290.21,1374.47,1284.99,1285.91,1288.61,1279.51
2310.68,4937.12,2310.08,2307.76,2307,2355.63,2309.91,2308.47,2310.45
6048.29,2259.89,2268.67,2279.16,2277.75,2278.51,2277.74,2279.11,2279.14
3951.43,2483.09,2483.03,2482.91,2479.7,2480.42,2482.06,2481.84,2481.69
2887.55,2853.69,2851.33,2853.38,2852.63,2852.2,2852.53,2853.31,2849.76
2998.8,2995.56,2992.6,2991.85,3000,2995.48,3000,3000,3000
3000,3000,3000,3000,3000,3000,3000,3000,3000
3000,3000,3000,3000,3000,3000,3000,3000,3000
3000,3000,3000,3000,3000,3000,3000,3000,3000
3000,3000,3000,3000,3000,3000,3000,3000,3000
3000,3000,3000,3000,3000,3000,3000,3000,3000
3000,3000,3000,3000,3000,3000,3000,3000,3000
1128.92,1124.48,1128.89,1126.11,1127.75,5843.97,1118.38,1116.33,1126.35
-942.888,6019.59,-961.286,-963.253,-933.126,-907.336,-928.467,-939.544,-954.331
-996.345,-997.083,-991.865,-997.599,-997.97,-975.983,4051.65,-993.997,-989.355
447.712,446.751,447.114,446.85,443.75,439.798,447.542,447.016,5274.32
2302.49,2304.5,6140.54,2304.47,2304.71,2304.2,2303.34,2303.61,2299.2
3046.7,2418.14,2418.43,2417.31,2412.61,2415.16,2418.38,2417.55,2418.16
2789.89,5534.56,2789.12,2788.94,2779.12,2788.43,2785.86,2789.48,2789.01
2997.01,2995.05,2994.12,2992.88,2992.51,2991.14,3000,3000,3000
3000,3000,3000,3000,3000,3000,3000,3000,3000
3000,3000,3000,3000,3000,3000,3000,3000,3000
3000,3000,3000,3000,3000,3000,3000,3000,3000
3000,3000,3000,3000,3000,3000,3000,3000,3000
3000,3000,3000,3000,3000,3000,3000,3000,3000
3000,3000,3000,3000,3000,3000,3000,3000,3000
775.746,778.987,772.874,779.978,4514.4,779.313,778.656,810.328,769.485
-871.106,-875.66,-868.052,-876.192,-855.045,6255.74,-870.865,-875.903,-874.195
-736.48,-713.527,-736.249,-736.265,-736.252,-716.108,-733.964,4990.3,-738.161
1282.43,1287.36,1274.98,1332.75,6913.06,1286.74,1287.54,1295.17,1286.31
3306.02,11220.8,3174.81,2999.77,3145.54,3065.78,2892.2,2920.48,3398.55
2355.17,2316.91,2317.25,2353.01,2337.79,2317.1,2317.57,6154.31,2320.2
2614.33,2613.97,2613.81,2609.45,6375.77,2613.61,2613.89,2611.43,2612.32
2993.47,2991.08,2990.5,2986.74,2984.28,2995.04,3137.74,2995,2992.95
3000,3000,3000,3000,3000,3000,3000,3000,3000
3000,3000,3000,3000,3000,3000,3000,3000,3000
3000,3000,3000,3000,3000,3000,3000,3000,3000
3000,3000,3000,3000,3000,3000,3000,3000,3000
3000,3000,3000,3000,3000,3000,3000,3000,3000
3000,3000,3000,3000,3000,3000,3000,3000,3000
2372.23,4610.68,2373.11,2351.28,2373.84,2368.68,2370.68,2372.01,2354.03
-747.329,-744.81,-746.63,-742.3,-747.332,-747.329,-747.927,4230.62,-745.899
-939.669,-961.57,-967.778,-967.998,5438.06,-968.167,-955.84,-967.99,-968.2
150.142,147.825,150.184,149.663,151.152,7896.69,151.878,150.984,171.632
2290.3,2292.74,2294.03,2313.22,2293.23,2292.92,5771.75,2293.38,2293.03
2298.82,8455.3,2349.88,2302.06,2342.22,2301.9,2302.51,2301.56,2301.97
2447.48,8347.01,2445.02,2488.19,2444.72,2448,2444.38,2444.91,2447.47
2984.99,2985.04,2983.57,2984.59,3521.43,2983.03,2981.14,2987.47,2987.31
3000,3000,3000,3000,3000,3000,3000,3000,3000
3000,3000,3000,3000,3000,3000,3000,3000,3000
3000,3000,3000,3000,3000,3000,3000,3000,3000
3000,3000,3000,3000,3000,3000,3000,3000,3000
3000,3000,3000,3000,3000,3000,3000,3000,3000
3000,3000,3000,3000,3000,3000,3000,3000,3000
1349.33,1347.5,1348.54,1349.96,1347.05,4307.19,1345.98,1353.15,1349.65
-925.846,-924.872,-925.846,-924.886,-925.846,4803.77,-925.722,-923.307,-925.846
9864.33,-971.987,-991.78,-945.738,-998.871,-999.97,-999.887,-998.835,-999.528
-715.336,-779.788,-734.891,-756.447,10234.6,-679.824,-788.017,-781.527,-661.519
10775.6,2268.98,2313.24,2383.55,2310.2,2331.84,2310.88,2330.46,2289.64
10637.8,2303.96,2217.33,2216.87,2215.82,2217.05,2217.47,2235.29,2235.42
2305.64,2304.46,2304.07,8605.62,2302.65,2305.04,2304.33,2379.97,2305.1
2939.22,2941.01,5123.34,2941.88,2941.98,2940.83,2939.45,2941.24,2938.49
3000,3000,3000,3000,3000,3000,3000,3000,3000
3000,3000,3000,3000,3000,3000,3000,3000,3000
3000,3000,3000,3000,3000,3000,3000,3000,3000
3000,3000,3000,3000,3000,3000,3000,3000,3000
3000,3000,3000,3000,3000,3000,3000,3000,3000
3000,3000,3000,3000,3000,3000,3000,3000,3000
-303.678,-305.953,-305.246,-302.625,3603.85,-304.407,-301.645,-305.767,-303.696
-937.465,-937.286,6347.11,-937.065,-936.749,-937.066,-937.351,-937.188,-937.467
-961.337,-906.343,-961.56,-861.43,-961.383,-959.28,4681.89,-961.271,-960.17
-580.192,-582.963,-581.426,-579.842,-583.129,-579.173,-581.105,-522.467,6190.74
2186.52,2186.95,9098.52,2186.66,2276.21,2186.48,2185.29,2186.59,2185.06
9423.95,2263.24,2221.84,2233.69,2264.7,2263.47,2221.56,2221.89,2222.04
2285.09,8715.7,2258.68,2259.76,2259.03,2300.87,2260.32,2286.1,2260.4
2928.51,4571.16,2929.2,2928.69,2930.5,2926.53,2925.66,2931.88,2928.28
3000,3000,3000,3000,3000,3000,3000,3000,3000
3000,3000,3000,3000,3000,3000,3000,3000,3000
3000,3000,3000,3000,3000,3000,3000,3000,3000
3000,3000,3000,3000,3000,3000,3000,3000,3000
3000,3000,3000,3000,3000,3000,3000,3000,3000
3000,3000,3000,3000,3000,3000,3000,3000,3000
1482.76,2947.27,1483.28,1479.8,1485.84,1472.05,1474.25,1481.05,1470.65
800.442,828.156,808.325,804.64,820.197,826.979,2403.89,811.228,808.024
1449.4,1452.35,1450.67,1447.58,1451.82,2374.29,1445.48,1444.3,1451.76
3294.46,1406.25,1397.38,1402.16,1406.76,1400.89,1396.94,1400.68,1395.82
2180.91,2180.52,2182.1,2179.49,2181.21,2182.03,2472.51,2181.83,2181.91
2183.62,4121.11,2183.8,2183.3,2180.99,2182.42,2183.71,2183.73,2183.12
2231,2232.59,2227.44,2232.18,2817.96,2232.54,2232.29,2232.46,2232.34
2975.48,2977.64,2973.69,2982.68,2981.26,2979.41,2978.18,2980.59,2982.05
3000,3000,3000,3000,3000,3000,3000,3000,3000
3000,3000,3000,3000,3000,3000,3000,3000,3000
3000,3000,3000,3000,3000,3000,3000,3000,3000
3000,3000,3000,3000,3000,3000,3000,3000,3000
3000,3000,3000,3000,3000,3000,3000,3000,3000
3000,3000,3000,3000,3000,3000,3000,3000,3000
1974.08,1976.01,1964.26,1974.96,1968.54,1958.48,1965.28,1975.62,1975.66
-465.378,2516.49,-490.372,-476.745,-468.437,-493.507,-481.119,-486.538,-490.484
-997.34,-997.538,-979.571,-987.504,3079.59,-997.504,-995.629,-997.523,-996.093
-689.923,-666.763,-677.084,-687.517,-693.308,-692.009,3159.38,-683.321,-694.866
2175.61,2170.66,2174.75,2174.74,2156.61,2175.62,2176.27,2172.45,3898.93
2188.6,2189.47,2188.22,2188.8,2188.27,2188.49,2189.97,2190.14,4062.75
2668.7,2270.46,2269.29,2270.08,2269.55,2266.69,2269.86,2269.34,2267.32
2975.29,2979.27,2972.97,2976.82,2977.68,2971.67,2976.97,2979.31,2975.59
3000,3000,3000,3000,3000,3000,3000,3000,3000
3000,3000,3000,3000,3000,3000,3000,3000,3000
3000,3000,3000,3000,3000,3000,3000,3000,3000
3000,3000,3000,3000,3000,3000,3000,3000,3000
3000,3000,3000,3000,3000,3000,3000,3000,3000
3000,3000,3000,3000,3000,3000,3000,3000,3000
1511.93,1511.7,1514.48,1508.61,1505.36,1507.69,1950.21,1509,1505.06
-978.932,-978.937,-978.934,-966.189,-908.8,-979.089,2121.4,-978.932,-978.932
-694.593,2127.21,-696.743,-688.155,-677.33,-694.747,-696.993,-679.933,-681.923
1374.82,1381.34,3688.79,1379.64,1374.57,1388.54,1379.76,1403.1,1384.7
2218.89,2225.76,2219.14,2220.67,2219.94,3820.85,2220.27,2219.86,2220.48
2228.27,4504.52,2230.72,2230.3,2230.72,2230.91,2230.34,2229.91,2230.89
3206.24,2366.07,2363.98,2367.01,2363.46,2366.55,2366.79,2366.14,2367.84
2981.13,2984.81,2982.93,2981.97,2983.46,2979.32,2977.13,2978.95,2977.51
3000,3000,3000,3000,3000,3000,3000,3000,3000
3000,3000,3000,3000,3000,3000,3000,3000,3000
3000,3000,3000,3000,3000,3000,3000,3000,3000
3000,3000,3000,3000,3000,3000,3000,3000,3000
3000,3000,3000,3000,3000,3000,3000,3000,3000
3000,3000,3000,3000,3000,3000,3000,3000,3000
1622.94,1616.07,1612.68,1622.05,1620.13,1794.11,1626.23,1617.86,1627.22
-549.631,-557.113,-568.409,-568.41,-568.448,-568.44,-568.032,2274.65,-565.892
4218.02,-282.737,-271.6,-277.953,-270.358,-281.521,-282.737,-278.861,-254.098
1902.71,1902.83,1912.15,1898.35,4269.1,1913.92,1914.05,1897.69,1913.89
1530.47,1543.33,1544.77,1543,1540.24,1545.03,1544.34,1545.07,4075.54
2275.28,5027.98,2274.5,2273.96,2273.99,2274.32,2275.12,2273.77,2275.12
2539.4,5485.98,2541.3,2541.63,2539.91,2538.62,2540.76,2538.68,2542.59
2995.29,2998.69,2995.18,2993.8,2992.2,2992.02,2999.21,3000,3000
3000,3000,3000,3000,3000,3000,3000,3000,3000
3000,3000,3000,3000,3000,3000,3000,3000,3000
3000,3000,3000,3000,3000,3000,3000,3000,3000
3000,3000,3000,3000,3000,3000,3000,3000,3000
3000,3000,3000,3000,3000,3000,3000,3000,3000
3000,3000,3000,3000,3000,3000,3000,3000,3000
1362.53,1359.82,1363.81,1364.15,1358.57,1356.13,3766.12,1358.95,1390.59
-923.551,3221.48,-923.344,-923.772,-923.723,-922.939,-923.773,-922.638,-921.948
-35.6818,-36.8022,-30.3182,-22.5975,3330.13,-33.0936,-31.1192,-29.7899,-31.6852
2182.17,2171.79,2184.46,2165.44,2182.96,2183.38,2184.54,3046.32,2164.96
2205.46,2205.04,2202.91,2205.39,3786.53,2202.37,2205.09,2204.96,2204.3
2317.07,2318.61,5158.51,2318.02,2316.53,2318.06,2318.06,2318.96,2317.91
2641.28,5964.2,2640,2640.65,2633.88,2640.42,2638.53,2637.13,2641.03
2996.87,2994.86,2993.13,3000,3000,3000,3000,3000,3000
3000,3000,3000,3000,3000,3000,3000,3000,3000
3000,3000,3000,3000,3000,3000,3000,3000,3000
3000,3000,3000,3000,3000,3000,3000,3000,3000
3000,3000,3000,3000,3000,3000,3000,3000,3000
3000,3000,3000,3000,3000,3000,3000,3000,3000
3000,3000,3000,3000,3000,3000,3000,3000,3000
2156.09,2166.62,4118.27,2167.97,2166.01,2167.68,2168.67,2170.93,2183.42
-661.435,-663.098,-640.387,3548.09,-663.456,-665.368,-665.984,-662.18,-590.122
-903.86,-918.507,4243.13,-918.987,-918.362,-919.217,-917.481,-918.108,-916.224
1273.91,1269.07,4987.95,1270.37,1274.56,1259.58,1270.01,1268.34,1260.04
2270.71,2270.61,2268.03,2269.62,2267.9,4988.17,2270.13,2270.65,2269.79
6478.34,2384.34,2339.49,2337.72,2337.49,2336.94,2339.16,2339.08,2338.7
2824,2820.61,2824.26,2822.31,2817,2823.69,2879.86,2820.29,2822.59
2994.76,3000,3000,3000,3000,3000,3000,3000,3000
3000,3000,3000,3000,3000,3000,3000,3000,3000
3000,3000,3000,3000,3000,3000,3000,3000,3000
3000,3000,3000,3000,3000,3000,3000,3000,3000
3000,3000,3000,3000,3000,3000,3000,3000,3000
3000,3000,3000,3000,3000,3000,3000,3000,3000
3000,3000,3000,3000,3000,3000,3000,3000,3000
2517.59,2514.68,2542.4,2496.39,2508.29,2499.98,2509.77,2514.23,2515.13
2091.79,1753.91,1746.81,1737.12,1744.88,1751.1,1743.69,1748.19,1752.11
2167.09,2165.53,2166.09,2167.3,2161.39,2168.09,3197.96,2168.35,2157.49
2211.53,2210.94,2213.03,2211.82,2207.63,2195.4,2212.13,4851.35,2212.2
2279.67,2305.51,2278.84,2279.55,2278.47,2279.24,2298.05,5724.23,2279.32
2362.59,2408.84,2363.3,2364.08,2364.17,2365.27,2365.34,5812.42,2364.89
2750.5,5484.07,2750.11,2749.62,2745.57,2748.09,2749.46,2748.79,2747.84
2998.98,2991.91,2993.15,2992.8,3014.46,3000,3000,3000,3000
3000,3000,3000,3000,3000,3000,3000,3000,3000
3000,3000,3000,3000,3000,3000,3000,3000,3000
3000,3000,3000,3000,3000,3000,3000,3000,3000
3000,3000,3000,3000,3000,3000,3000,3000,3000
3000,3000,3000,3000,3000,3000,3000,3000,3000
3000,3000,3000,3000,3000,3000,3000,3000,3000
1209.49,1216.37,1210.16,1217.92,1220.45,1219.98,1218.44,1219.42,4514.12
-960.272,-960.774,-938.786,-959.168,4244.96,-951.485,-955.741,-956.093,-957.986
4650.22,-869.347,-864.559,-877.421,-854.841,-844.876,-876.836,-875.908,-869.697
418.707,415.237,413.965,418.069,418.175,6260.21,409.886,411.079,452.667
2206.38,2254.05,2206.77,2237.26,2189.44,2207.16,2207.22,2206.47,6027.12
2280.01,2277.58,2279.4,5996.93,2277.95,2279.47,2279.2,2279.59,2278.29
2515.47,2516.67,2515.26,2516.63,2508.46,5462.69,2516.7,2516.21,2513.09
2996.49,2997.48,2994.67,2994.94,2994.25,2992.93,2992.63,2992.6,3050.86
3000,3000,3000,3000,3000,3000,3000,3000,3000
3000,3000,3000,3000,3000,3000,3000,3000,3000
3000,3000,3000,3000,3000,3000,3000,3000,3000
3000,3000,3000,3000,3000,3000,3000,3000,3000
3000,3000,3000,3000,3000,3000,3000,3000,3000
3000,3000,3000,3000,3000,3000,3000,3000,3000
1930.03,1920.93,1927.06,1929.97,1930.2,1928.99,1912.42,1929.77,5244.2
-97.3604,-97.6105,-97.019,-83.5571,-98.2563,-98.1882,-89.6229,4894.78,-97.3092
22.6377,27.6796,34.7735,4617.37,66.9398,26.9848,45.4715,23.0572,22.9973
1109.55,1106.85,1155.71,1119.72,6377.44,1113.63,1107.62,1110.68,1103
11224.1,2569.52,2842.95,2339.87,2631.8,2098.93,2321.24,2748.49,2551.61
6511.58,2250.33,2250.26,2249.02,2249.81,2255.09,2250.14,2284.23,2277.86
5710.21,2406.97,2410.81,2409.8,2410.29,2410.76,2409.86,2410.33,2426.92
2987.62,2985.48,2983.86,2982.4,2983.37,2989.2,3036.39,2986.86,2988.43
3000,3000,3000,3000,3000,3000,3000,3000,3000
3000,3000,3000,3000,3000,3000,3000,3000,3000
3000,3000,3000,3000,3000,3000,3000,3000,3000
3000,3000,3000,3000,3000,3000,3000,3000,3000
3000,3000,3000,3000,3000,3000,3000,3000,3000
3000,3000,3000,3000,3000,3000,3000,3000,3000
2006.54,2007.41,1994.73,1988.32,1997.07,1987.7,3224.1,2004.15,1999.45
-996.106,-996.162,-996.17,-996.032,1711.79,-995.674,-996.15,-943.955,-996.143
-946.541,-946.395,-946.545,-946.461,3422.71,-946.538,-946.523,-946.539,-946.544
-420.116,-433.084,-440.417,-414.275,-435.454,-436.716,-439.182,-428.174,5430.22
6856.64,2248.26,2277.26,2202.11,2202.41,2201.77,2202.35,2202.38,2202.08
2221.11,2220.37,2222.48,5753.92,2221.18,2221.33,2221.6,2220.72,2230.14
2310.12,2309.74,2309.7,2352.58,5274.58,2309.39,2309.77,2309.18,2308.68
2949.52,2947.69,2944.57,2945.2,3014.55,2943.63,2947.4,2951.38,2944.72
3000,3000,3000,3000,3000,3000,3000,3000,3000
3000,3000,3000,3000,3000,3000,3000,3000,3000
3000,3000,3000,3000,3000,3000,3000,3000,3000
3000,3000,3000,3000,3000,3000,3000,3000,3000
3000,3000,3000,3000,3000,3000,3000,3000,3000
3000,3000,3000,3000,3000,3000,3000,3000,3000
2042.67,2043.56,2031.87,2744.87,2026.03,2043.77,2042.48,2030.71,2037.45
-812.894,-815.472,-821.841,-817.977,-823.176,-823.456,4144.02,-816.334,-821.644
-970.675,-982.987,-979.177,-983.971,-983.971,-983.971,-945.067,-982.393,4007.19
-607.534,-606.125,-606.684,-614.573,5731.25,-616.923,-610.498,-595.146,-605.953
2168.95,7492.24,2134.05,2131.08,2159.3,2123.69,2134,2133.68,2133.95
7203.35,2181.8,2182.15,2220.08,2182.05,2181.95,2182.12,2208.9,2182.04
2211.05,2210.64,2208.22,2210.95,5891.46,2210.96,2209.36,2210.24,2211.03
2944.77,2945.91,2944.3,2941.96,2985.69,2943.41,2944.62,2942.12,2946.04
3000,3000,3000,3000,3000,3000,3000,3000,3000
3000,3000,3000,3000,3000,3000,3000,3000,3000
3000,3000,3000,3000,3000,3000,3000,3000,3000
3000,3000,3000,3000,3000,3000,3000,3000,3000
3000,3000,3000,3000,3000,3000,3000,3000,3000
3000,3000,3000,3000,3000,3000,3000,3000,3000
2046.02,1250.94,1254.51,1260.04,1252.21,1257.17,1257.85,1248.17,1247.02
-964.32,-972.063,-971.858,-961.94,-963.504,1250.11,-969.548,-972.222,-972.364
-779.89,-780.91,2960.57,-770.989,-772.305,-780.906,-780.836,-766.217,-767.247
-334.49,-329.172,-301.145,-342.633,2197.95,-304.447,-338.519,-339.887,-323.62
2171.44,3604.87,2167.06,2171.57,2169.63,2169.89,2170.33,2171.71,2171.55
2168.55,2170.11,2168.88,2169.42,2169.96,2169.56,2169.86,2168.99,3404.52
2199.57,3035.93,2197.54,2199.72,2199,2199.32,2199.49,2198.75,2198.97
2975.92,2971.29,2967.03,2976.63,2973.64,2971.42,2973.68,2969.61,2970.83
3000,3000,3000,3000,3000,3000,3000,3000,3000
3000,3000,3000,3000,3000,3000,3000,3000,3000
3000,3000,3000,3000,3000,3000,3000,3000,3000
3000,3000,3000,3000,3000,3000,3000,3000,3000
3000,3000,3000,3000,3000,3000,3000,3000,3000
3000,3000,3000,3000,3000,3000,3000,3000,3000
1627.78,903.709,897.476,894.461,904.479,905.449,901.272,894.994,904.632
-961.574,-970.125,-970.045,1474.19,-968.795,-958.511,-970.124,-969.563,-967.562
-953.334,-954.255,-926.368,-951.467,-931.671,-952.035,1722.19,-941.127,-942.226
1424.6,3062.67,1426.64,1427.72,1430.93,1420.02,1422.85,1420.02,1423.75
2182.05,2182.11,3466.16,2182.03,2181.84,2182.23,2182.05,2181.95,2182.39
2207.31,2207.14,2207.13,2205.18,3502.05,2206.43,2207.29,2206.46,2206.9
2252.19,2247.89,2249.09,2248.41,2248.04,2248.75,2247.41,2247.56,2248.95
2980.99,2985.37,2983.96,2983.62,2984.15,2987.34,2981.93,2989.34,2989.38
3000,3000,3000,3000,3000,3000,3000,3000,3000
3000,3000,3000,3000,3000,3000,3000,3000,3000
3000,3000,3000,3000,3000,3000,3000,3000,3000
3000,3000,3000,3000,3000,3000,3000,3000,3000
3000,3000,3000,3000,3000,3000,3000,3000,3000
3000,3000,3000,3000,3000,3000,3000,3000,3000
1535.7,1535.06,1532.93,1532.43,1542.22,1546.8,2030.32,1540.35,1536.98
-619.723,2494.01,-616.481,-617.72,-619.757,-619.717,-621.782,-603.311,-616.889
3244.46,-558.819,-543.677,-570.188,-570.688,-542.613,-524.252,-553.889,-569.526
1800.23,1779.56,1798.84,1776.61,1790.47,1796.12,1790.94,3873.05,1795.61
2194.28,2194.53,4330.88,2195.53,2194.87,2195.43,2196.81,2195.43,2196.43
2233.46,3136.44,2233.79,2234.43,2227.94,2234.13,2232.98,2233.74,2234.01
2313.91,2314.03,4901.93,2314.72,2314.3,2314.55,2313.58,2312.54,2314.05
3164.1,2982.5,2990.39,2989.44,2988.4,2987.38,2988.75,2986.93,2986.63
3000,3000,3000,3000,3000,3000,3000,3000,3000
3000,3000,3000,3000,3000,3000,3000,3000,3000
3000,3000,3000,3000,3000,3000,3000,3000,3000
3000,3000,3000,3000,3000,3000,3000,3000,3000
3000,3000,3000,3000,3000,3000,3000,3000,3000
3000,3000,3000,3000,3000,3000,3000,3000,3000
884.413,876.52,883.973,875.547,874.997,882.043,879.416,876.399,2230.45
-924.632,-928.042,-875.786,3338.03,-926.832,-926.554,-927.762,-927.302,-928.526
-636.369,-628.589,-630.506,-619.83,-623.746,-635.592,2955.62,-636.351,-634.388
2137.13,2152.35,2153.58,3312.8,2151.78,2153.8,2153.8,2140.01,2145.65
2246.48,2247.05,2246.84,2245.21,2247.01,4209.21,2247.51,2246.15,2245.43
2252.58,2251.49,2252,2251.89,2251.39,2252.22,2251.58,2252.24,4303.11
2374.54,2376.07,5546.38,2376.36,2372.5,2400.69,2373.78,2374.32,2375
2991.04,2991.44,2997.49,2997.58,2995.31,2997.29,2994.36,2993.72,2993.83
3000,3000,3000,3000,3000,3000,3000,3000,3000
3000,3000,3000,3000,3000,3000,3000,3000,3000
3000,3000,3000,3000,3000,3000,3000,3000,3000
3000,3000,3000,3000,3000,3000,3000,3000,3000
3000,3000,3000,3000,3000,3000,3000,3000,3000
3000,3000,3000,3000,3000,3000,3000,3000,3000
2396.88,2397.8,2388.01,2401.06,2389.2,2400.48,2399.74,2383.88,2398.23
1685.26,1684.1,1701.91,1684.32,1683.14,1691.53,1691.47,2039.33,1699.25
2142.78,2149.75,2724.05,2154.78,2144.49,2142.98,2147.08,2149.97,2145.31
2178.72,2178.54,2178.16,2179.16,2179.07,2159.08,2178.61,2178.4,4978.84
2254.4,2254.57,2255.92,2256.05,2255,3861.11,2255.86,2247.12,2255.67
4253.36,2284.74,2284.99,2284.68,2283.85,2284.35,2284.82,2284.55,2284.65
2395.5,2394.54,2394.98,2393.65,2394.78,2393.68,2394.13,2395.78,2440.38
2999.24,2999.22,2995.78,2995.08,2994.75,2992.35,2989.77,3000,3000
3000,3000,3000,3000,3000,3000,3000,3000,3000
3000,3000,3000,3000,3000,3000,3000,3000,3000
3000,3000,3000,3000,3000,3000,3000,3000,3000
3000,3000,3000,3000,3000,3000,3000,3000,3000
3000,3000,3000,3000,3000,3000,3000,3000,3000
3000,3000,3000,3000,3000,3000,3000,3000,3000
2263.12,2269.64,2252.27,2269.27,2264.47,2314.72,2273.19,2252.54,2272.95
1648.55,1648.63,1648.9,1648.98,1636.67,1641.49,1934.23,1647.62,1635.8
2038.76,2045.78,2025.51,2045.93,2064.18,3744.37,2045.62,2046.07,2046.18
2183.3,2164.77,2183.3,2183.3,3378.51,2182.79,2182.75,2183.22,2180.65
2220.16,2219.87,2222.47,2221.86,2221.23,2222.79,2222.72,4359.11,2222.13
2269.05,2268.76,2269.72,2268.31,2268.54,2269.8,2268.5,2268.77,4137.53
4010.74,2685.34,2686.45,2686.61,2681.31,2684.61,2687.57,2680.31,2687.32
2992.57,2992.17,3000,3000,3000,3000,3000,3000,3000
3000,3000,3000,3000,3000,3000,3000,3000,3000
3000,3000,3000,3000,3000,3000,3000,3000,3000
3000,3000,3000,3000,3000,3000,3000,3000,3000
3000,3000,3000,3000,3000,3000,3000,3000,3000
3000,3000,3000,3000,3000,3000,3000,3000,3000
3000,3000,3000,3000,3000,3000,3000,3000,3000
2405.99,2400.9,2413.17,2414.44,2413.46,2409.55,2407.76,2401.96,2418.92
1785.41,1785.33,1785.51,1772.73,1784.72,1764.82,1766.83,1774.96,4720.49
2142.85,2142.94,2126.02,2142.94,2142.96,2142.24,4823.54,2142.8,2141.61
2211.5,2209.45,2211.61,2211.24,2210.7,5603.39,2212.01,2211.33,2211.92
2255.4,2255.89,2255.73,2255.99,2253.76,2255.4,2256.34,2255.56,5864.94
6250.31,2318.58,2282.87,2284.64,2285.13,2284.95,2283.4,2284.86,2284.83
2640.88,2638.4,5348.03,2639.56,2638.94,2639.96,2640.74,2640.99,2638.59
2999.6,2995.18,3000,3000,3000,3000,3000,3000,3000
3000,3000,3000,3000,3000,3000,3000,3000,3000
3000,3000,3000,3000,3000,3000,3000,3000,3000
3000,3000,3000,3000,3000,3000,3000,3000,3000
3000,3000,3000,3000,3000,3000,3000,3000,3000
3000,3000,3000,3000,3000,3000,3000,3000,3000
3000,3000,3000,3000,3000,3000,3000,3000,3000
1556.06,1552.49,1557.96,1558.61,1542.95,2885.37,1550.64,1553.83,1558.98
-893.679,-902.387,-901.511,-896.979,-904.898,-891.155,-905.12,-905.483,4960.69
-268.101,199.221,-157.404,-136.048,-31.8272,11230.9,-315.294,-207.553,-295.388
611.055,615.741,679.864,607.177,653.149,5890.21,619.371,621.961,630.102
2221.85,2233.84,2234.71,2235,5848.79,2234.6,2233.29,2234.44,2234.32
2247.68,2247.74,2247.77,2246.82,2247.64,2248.11,5765.06,2246.99,2275.22
2463.86,2466.07,2465.61,2488.77,2464.49,4826.39,2464.66,2466.27,2463.74
2989.03,2989.2,2989.48,2995.15,2985.95,2994.67,2986.2,2993.15,2993.8
3000,3000,3000,3000,3000,3000,3000,3000,3000
3000,3000,3000,3000,3000,3000,3000,3000,3000
3000,3000,3000,3000,3000,3000,3000,3000,3000
3000,3000,3000,3000,3000,3000,3000,3000,3000
3000,3000,3000,3000,3000,3000,3000,3000,3000
3000,3000,3000,3000,3000,3000,3000,3000,3000
603.554,609.538,614.141,610.002,611.239,610.54,609.827,3081.45,607.207
-874.188,-876.018,-874.249,-875.756,-876.239,-815.616,4694.96,-873.838,-875.923
-834.452,-887.721,-878.275,-866.022,-873.441,4967.02,-888.091,-848.122,-864.305
47.1587,55.7545,48.9686,106.297,67.7304,52.898,5842.77,60.2767,97.6295
2738.54,11227.4,2435.47,2608.61,2642.69,2959.84,2589.19,2753.44,2733.4
2230.97,2231.09,2231.69,5477.3,2230.34,2264.97,2232.01,2231.62,2231.98
5191.12,2357.64,2357.39,2357.58,2358.13,2358.1,2357.01,2358.05,2356.9
3017.3,2985.4,2982.89,2983.15,2983.7,2980.07,2980.1,2978.99,2980.65
3000,3000,3000,3000,3000,3000,3000,3000,3000
3000,3000,3000,3000,3000,3000,3000,3000,3000
3000,3000,3000,3000,3000,3000,3000,3000,3000
3000,3000,3000,3000,3000,3000,3000,3000,3000
3000,3000,3000,3000,3000,3000,3000,3000,3000
3000,3000,3000,3000,3000,3000,3000,3000,3000
1697.75,117.848,122.193,121.837,122.2,121.792,123.113,122.38,123.18
-995.704,-994.02,4629.61,-997.922,-992.944,-997.811,-997.93,-997.921,-997.921
-995.516,-994.183,-992.38,-993.671,-993.76,5032.51,-938.354,-995.992,-992.068
223.263,235.265,247.601,239.192,229.486,233.944,255.716,233.762,5416.23
6519.47,2191.41,2191.37,2191.68,2191.72,2188.85,2191.42,2191.68,2191.27
2204.83,2206.41,2206.31,4664.35,2204.9,2230.05,2205.37,2206.31,2205.46
2276.62,2893.19,2275.17,2275.6,2276.25,2275.88,2275.13,2275.46,2276.67
2981.14,2980.51,2978.85,2980.36,2973.99,2972.78,2975.86,2979.6,2973.34
3000,3000,3000,3000,3000,3000,3000,3000,3000
3000,3000,3000,3000,3000,3000,3000,3000,3000
3000,3000,3000,3000,3000,3000,3000,3000,3000
3000,3000,3000,3000,3000,3000,3000,3000,3000
3000,3000,3000,3000,3000,3000,3000,3000,3000
3000,3000,3000,3000,3000,3000,3000,3000,3000
2202.64,3408.14,2221.89,2223.08,2224.43,2223.97,2223.92,2213.36,2224.06
4077.32,225.956,170.224,153.434,171.452,173.73,175.816,181.425,156.026
-997.274,-997.332,-995.361,-997.287,-997.293,-994.444,3247.88,-997.282,-996.682
-445.336,-451.118,6024.67,-402.089,-408.461,-400.821,-451.205,-445.172,-446.633
2131.56,2126.04,2109.83,2126.07,2123.48,2125.22,2115.87,2125.73,5275.03
5736.4,2172.58,2171.26,2173.03,2172.22,2171.83,2186.16,2172.54,2172.69
2209.15,2209.23,2209.25,2208.81,2210.82,2209.08,5396.89,2208,2208.11
2940.92,2946.75,2947.98,2945.93,2946.01,3326.18,2947.91,2946.06,2943.5
3000,3000,3000,3000,3000,3000,3000,3000,3000
3000,3000,3000,3000,3000,3000,3000,3000,3000
3000,3000,3000,3000,3000,3000,3000,3000,3000
3000,3000,3000,3000,3000,3000,3000,3000,3000
3000,3000,3000,3000,3000,3000,3000,3000,3000
3000,3000,3000,3000,3000,3000,3000,3000,3000
1933.96,1926.29,1931.58,1922.27,1924.16,1924.54,1929.36,1928.38,2086.39
2428.11,-156.671,-102.477,-148.96,-139.7,-148.285,-145.579,-153.834,-155.436
-822.396,-774.64,2978.74,-823.059,-822.412,-800.329,-774.503,-794.097,-797.487
61.9918,55.6417,105.784,2606.9,62.1042,53.0046,55.498,49.9511,52.3156
2168.25,3296.53,2170.57,2170.74,2159.75,2169.56,2170.79,2170.67,2170.98
2182.54,2179.57,2180.42,2179.53,2180.33,2180.39,3222.31,2180.5,2180.56
2222.39,2222.9,2222.82,2222.37,2222.95,2309.66,2223.31,2222.59,2223.38
2980.85,2980.72,2979.69,2976.7,2981.71,2982.37,2984.19,2980.69,2981.94
3000,3000,3000,3000,3000,3000,3000,3000,3000
3000,3000,3000,3000,3000,3000,3000,3000,3000
3000,3000,3000,3000,3000,3000,3000,3000,3000
3000,3000,3000,3000,3000,3000,3000,3000,3000
3000,3000,3000,3000,3000,3000,3000,3000,3000
3000,3000,3000,3000,3000,3000,3000,3000,3000
1187.24,1186.67,1192.55,1194.46,1203.31,1194.5,2002.55,1194.17,1194.43
124.631,125.34,150.995,150.139,123.145,165.702,3199.23,140.276,127.312
1247.68,1232.36,2667.38,1242.93,1219.26,1241.65,1233.06,1242.32,1234.67
711.678,713.126,705.753,713.903,706.56,703.535,2903.57,708.449,706.905
2187.41,2187.91,2186.74,2186.32,2184.1,4285.52,2186.7,2188.06,2176.47
2197.02,2196.65,2197.15,2197.23,2191.87,2196.35,2196.68,2194.53,3635.62
2229.36,2229.76,2228.79,2229.36,3137.35,2229.46,2229.43,2229.9,2229.2
2989.95,2987.46,2982.58,2984.78,2983.53,2990.14,2987.13,2988.86,2987.73
3000,3000,3000,3000,3000,3000,3000,3000,3000
3000,3000,3000,3000,3000,3000,3000,3000,3000
3000,3000,3000,3000,3000,3000,3000,3000,3000
3000,3000,3000,3000,3000,3000,3000,3000,3000
3000,3000,3000,3000,3000,3000,3000,3000,3000
3000,3000,3000,3000,3000,3000,3000,3000,3000
720.986,720.21,720.46,1726.9,720.229,719.518,720.315,712.975,719.707
-779.385,-778.178,-764.757,-752.075,2358.58,-737.468,-749.314,-767.29,-750.617
-991.961,-994.943,-979.758,-994.745,3237.58,-973.208,-991.022,-995.414,-991.464
-407.798,-369.322,-421.567,3590.97,-401.648,-399.411,-419.417,-433.611,-383.898
2186.93,2188.54,4425.02,2187.11,2188.22,2167.08,2188.16,2188.14,2186.95
2222.89,2222.23,5102.52,2221.46,2222.61,2222.68,2221.84,2222.03,2222.28
2246.44,2248.18,2247.95,2249.29,2248.78,2249.12,2248.69,2248.75,3823.5
2996.54,2996.6,2994.66,2996.39,2993.2,2992.43,2991.74,2992.94,2993.06
3000,3000,3000,3000,3000,3000,3000,3000,3000
3000,3000,3000,3000,3000,3000,3000,3000,3000
3000,3000,3000,3000,3000,3000,3000,3000,3000
3000,3000,3000,3000,3000,3000,3000,3000,3000
3000,3000,3000,3000,3000,3000,3000,3000,3000
3000,3000,3000,3000,3000,3000,3000,3000,3000
1962.12,1958.67,1966.13,1966.3,2157.72,1969.41,1963.88,1964.22,1967.18
561.248,1807.22,577.075,565.47,588.292,564.51,554.52,561.079,569.388
3137.33,976.142,985.656,1002.77,982.562,997.508,995.64,989.675,1002.67
2236.89,2236.44,2237.73,2238.39,2238.65,2230.84,2527.9,2238.24,2217.2
3226.04,2245.04,2245.7,2245.36,2245.1,2245.05,2244.87,2243.98,2225.07
2252.78,2252.22,2252.55,2253.08,2252.74,3233.91,2251.65,2252.2,2252.53
2295.94,2297.79,2297.32,2297.63,2296.06,3663.77,2295.96,2295.71,2297.86
2998.74,2994.9,2991.78,3000,3000,3000,3000,3000,3000
3000,3000,3000,3000,3000,3000,3000,3000,3000
3000,3000,3000,3000,3000,3000,3000,3000,3000
3000,3000,3000,3000,3000,3000,3000,3000,3000
3000,3000,3000,3000,3000,3000,3000,3000,3000
3000,3000,3000,3000,3000,3000,3000,3000,3000
3000,3000,3000,3000,3000,3000,3000,3000,3000
1288.51,1448.17,1280.97,1289.05,1285.9,1285.49,1285.6,1289.42,1287.39
86.4036,86.1207,83.4025,85.7139,90.514,85.731,2271.24,93.3014,88.1025
1832.97,1833.93,1833.14,1815.94,1830.04,1832.88,2233.53,1822.53,1833.99
2195.36,2195.46,2195.37,2751.24,2195.63,2194.72,2194.71,2195.92,2194.69
2251.08,2251.39,2251.25,2250.2,2251.62,2250.42,3465.56,2251.89,2249.53
2283.74,2283.46,3993.8,2283.11,2283.63,2283.64,2282.93,2280.27,2283.75
2462.25,2464.12,4101.2,2464.1,2459.97,2464.22,2464.18,2464.63,2463.58
2995.92,2994.26,2992.18,3000,3000,3000,3000,3000,3000
3000,3000,3000,3000,3000,3000,3000,3000,3000
3000,3000,3000,3000,3000,3000,3000,3000,3000
3000,3000,3000,3000,3000,3000,3000,3000,3000
3000,3000,3000,3000,3000,3000,3000,3000,3000
3000,3000,3000,3000,3000,3000,3000,3000,3000
3000,3000,3000,3000,3000,3000,3000,3000,3000
2414.09,2423.03,2439.81,2421.23,2422.16,2416.27,2422.99,2423.24,2422.52
1729.91,1729.94,1730.11,1729.09,1721.7,1730.22,1730.22,1730.22,5092.26
1725.83,1725.75,5059.83,1724.38,1719.22,1725.43,1720.81,1724.79,1725.61
3107.59,2832.18,3106.9,2373.18,2890.75,3615.55,2329.71,2903.61,11239.6
2252.94,2255.75,2254.86,2255.55,2255.74,2255.25,2255.12,2255.68,2408.93
2279.94,2279.9,3627.77,2280.3,2276.74,2279.84,2278.21,2279.96,2279.88
2733.06,2731.47,2736.86,2734.1,2769.85,2732.69,2737.16,2736.92,2736.35
2992.71,3000,3000,3000,3000,3000,3000,3000,3000
3000,3000,3000,3000,3000,3000,3000,3000,3000
3000,3000,3000,3000,3000,3000,3000,3000,3000
3000,3000,3000,3000,3000,3000,3000,3000,3000
3000,3000,3000,3000,3000,3000,3000,3000,3000
3000,3000,3000,3000,3000,3000,3000,3000,3000
3000,3000,3000,3000,3000,3000,3000,3000,3000
2281.31,2280.4,2284.47,2284.62,2302.54,3717.15,2280.27,2278.64,2282.81
606.965,606.962,608.011,606.831,607.288,613.454,614.344,614.048,4434.78
2102.88,2093.57,2102.79,5431.44,2110.73,2092.74,2096.02,2105.66,2103.97
2544.92,2741.51,3071.27,2598.18,3188.02,11237.3,2696.86,2949.96,3194.47
2221.23,2224.19,2223.97,2222.72,2223.23,6052.53,2223.63,2242.24,2224.16
2290.14,6113.52,2291.78,2318.18,2290.85,2291.7,2291.43,2291.28,2291.19
2658.77,2654.29,2657.63,2656.99,2656.5,2654.91,2655.34,2654.1,4681.12
2996.48,2997.13,2996.43,2995.78,2994.63,2992.18,2992.3,3000,3000
3000,3000,3000,3000,3000,3000,3000,3000,3000
3000,3000,3000,3000,3000,3000,3000,3000,3000
3000,3000,3000,3000,3000,3000,3000,3000,3000
3000,3000,3000,3000,3000,3000,3000,3000,3000
3000,3000,3000,3000,3000,3000,3000,3000,3000
3000,3000,3000,3000,3000,3000,3000,3000,3000
1760.39,1762.78,4440.78,1758.31,1760.83,1758.2,1754.5,1759.9,1760.7
-489.496,11234.3,-620.141,-480.473,-406.992,-469.003,-551.951,-448.514,-586.686
-270.495,-273.477,-240.925,-244.265,-258.306,5283.42,-275.492,-275.492,-261.072
-52.6693,5762.64,-62.2276,-40.2592,-36.4244,-54.9805,-61.358,-57.0444,4.24985
2140.43,2128.57,2138.91,2137.8,2137.12,2140.13,6192.59,2140.32,2183.61
2251.59,2250.31,2252.05,2261.43,2252.05,2250.5,6029.91,2251.74,2272.13
5057.71,2440.96,2433.03,2435.55,2430.44,2432.97,2436.21,2435.65,2436.2
2999.06,2998.16,2997.3,2996.25,2995.48,2994.28,2993.51,2992.98,2992.58
3000,3000,3000,3000,3000,3000,3000,3000,3000
3000,3000,3000,3000,3000,3000,3000,3000,3000
3000,3000,3000,3000,3000,3000,3000,3000,3000
3000,3000,3000,3000,3000,3000,3000,3000,3000
3000,3000,3000,3000,3000,3000,3000,3000,3000
3000,3000,3000,3000,3000,3000,3000,3000,3000
1539.97,1527.91,1530.01,1530.92,4179.16,1529.5,1530.07,1529.86,1530.22
-970.871,-934.877,4424.07,-962.006,-970.436,-971.134,-966.652,-971.101,-970.341
5012.71,-923.507,-917.802,-928.545,-928.971,-837.165,-920.931,-928.098,-929.787
8.345,5.66401,4.64982,1.31756,5471.2,14.6073,14.3007,6.10243,7.22492
2198.56,2199.98,2199.7,5847.51,2225.42,2199.5,2199.1,2199.66,2200.27
2221.93,2222.25,2223.33,4648.59,2222.2,2222.16,2223,2223.65,2223.2
2356.05,2464.63,2354.1,2354.9,2353.68,2357.18,2356.23,2355.57,2354.67
2991.25,2993.52,2989.09,2988.95,2995.3,2988.74,2995.07,2987.66,2985.9
3000,3000,3000,3000,3000,3000,3000,3000,3000
3000,3000,3000,3000,3000,3000,3000,3000,3000
3000,3000,3000,3000,3000,3000,3000,3000,3000
3000,3000,3000,3000,3000,3000,3000,3000,3000
3000,3000,3000,3000,3000,3000,3000,3000,3000
3000,3000,3000,3000,3000,3000,3000,3000,3000
2192.18,2183.33,2191.78,2191.36,2191.92,2174.42,2183.26,2189.13,2619.44
179.34,180.725,182.632,175.362,173.335,2901.05,175.74,177.261,184.987
-893.517,4074.21,-897.716,-892.3,-897.95,-893.544,-893.66,-898.466,-897.71
1577.52,1583.08,1572.82,4847.45,1560.67,1575.9,1573.11,1572.87,1572.66
5634.15,2205.86,2205.85,2204.46,2204.94,2205.24,2205.48,2209.21,2205.53
2197.57,2196.9,2195.33,2197.23,2197.73,2197.03,2197.62,2197.09,5156.17
2256.35,2256.99,2255.51,2256.21,4195.93,2256.81,2256.74,2253.79,2256.72
2987.85,2989.13,2986.61,2987.52,2984.4,2984.89,2983.5,2984.43,2988.78
3000,3000,3000,3000,3000,3000,3000,3000,3000
3000,3000,3000,3000,3000,3000,3000,3000,3000
3000,3000,3000,3000,3000,3000,3000,3000,3000
3000,3000,3000,3000,3000,3000,3000,3000,3000
3000,3000,3000,3000,3000,3000,3000,3000,3000
3000,3000,3000,3000,3000,3000,3000,3000,3000
2118.51,2100.75,2112.91,3740.64,2111.51,2116.05,2121.71,2121.58,2121.53
5372.73,-525.053,-521.054,-522.33,-528.503,-485.993,-520.552,-496.566,-503.528
-943.147,-934.577,-941.579,-943.606,4002.02,-919.839,-928.711,-942.913,-940.088
-677.761,-694.332,-699.758,-672.504,-667.146,-699.732,-675.043,4488.72,-693.431
2163.59,2165.75,5637.45,2163.69,2184.44,2161.18,2180.93,2163.52,2161.94
1880.26,1880.29,1879.65,1879.34,1878.16,1880.46,1879.87,4984.59,1880.31
2208.91,2209.09,2209.01,2213.62,2207.89,2208.77,5298.16,2209.57,2206.67
3036.67,2969.58,2963.09,2966.62,2967.14,2970.53,2968.84,2966.01,2969.28
3000,3000,3000,3000,3000,3000,3000,3000,3000
3000,3000,3000,3000,3000,3000,3000,3000,3000
3000,3000,3000,3000,3000,3000,3000,3000,3000
