Episode	Learn_rate	Epsilon	Fallen_times	Reward_error	
1	0.01	0.001	0	0	
13706	0.01	0.001	13705	0	
26169	0.01	0.001	12463	0	
38566	0.01	0.001	12397	0	
43043	0.01	0.001	3555	0	
45201	0.01	0.001	822	0	
47356	0.01	0.001	786	0	
49511	0.01	0.001	796	0	
51657	0.01	0.001	783	0	
53803	0.01	0.001	786	0	
55957	0.01	0.001	839	0	
58148	0.01	0.001	857	0	
60299	0.01	0.001	785	0	
62468	0.01	0.001	832	0	
64633	0.01	0.001	785	0	
66805	0.01	0.001	859	0	
68975	0.01	0.001	843	0	
71106	0.01	0.001	746	0	
73261	0.01	0.001	793	0	
75413	0.01	0.001	807	0	
77572	0.01	0.001	832	0	
79730	0.01	0.001	796	0	
81886	0.01	0.001	793	0	
84055	0.01	0.001	833	0	
86228	0.01	0.001	847	0	
88369	0.01	0.001	758	0	
90545	0.01	0.001	827	0	
92707	0.01	0.001	809	0	
94879	0.01	0.001	850	0	
97049	0.01	0.001	824	0	
99186	0.01	0.001	785	0	
101357	0.01	0.001	854	0	
103515	0.01	0.001	787	0	
105670	0.01	0.001	788	0	
107837	0.01	0.001	831	0	
110001	0.01	0.001	865	0	
112167	0.01	0.001	823	0	
114337	0.01	0.001	826	0	
116489	0.01	0.001	811	0	
118644	0.01	0.001	818	0	
120779	0.01	0.001	789	0	
122944	0.01	0.001	833	0	
125088	0.01	0.001	787	0	
127252	0.01	0.001	813	0	
129421	0.01	0.001	836	0	
131575	0.01	0.001	810	0	
133737	0.01	0.001	817	0	
135900	0.01	0.001	830	0	
138076	0.01	0.001	843	0	
140224	0.01	0.001	795	0	
142380	0.01	0.001	786	0	
144530	0.01	0.001	804	0	
146683	0.01	0.001	807	0	
148849	0.01	0.001	842	0	
151000	0.01	0.001	799	0	
153165	0.01	0.001	858	0	
155334	0.01	0.001	830	0	
157489	0.01	0.001	812	0	
159646	0.01	0.001	808	0	
161806	0.01	0.001	829	0	
163951	0.01	0.001	784	0	
166110	0.01	0.001	793	0	
168255	0.01	0.001	779	0	
170414	0.01	0.001	805	0	
172587	0.01	0.001	836	0	
174750	0.01	0.001	818	0	
176930	0.01	0.001	866	0	
179080	0.01	0.001	809	0	
181228	0.01	0.001	823	0	
183363	0.01	0.001	755	0	
185511	0.01	0.001	804	0	
187688	0.01	0.001	839	0	
189855	0.01	0.001	828	0	
192041	0.01	0.001	866	0	
194224	0.01	0.001	863	0	
196381	0.01	0.001	772	0	
198553	0.01	0.001	864	0	
200685	0.01	0.001	775	0	
202823	0.01	0.001	789	0	
204991	0.01	0.001	862	0	
207183	0.01	0.001	864	0	
209348	0.01	0.001	811	0	
211496	0.01	0.001	789	0	
213648	0.01	0.001	789	0	
215807	0.01	0.001	819	0	
217943	0.01	0.001	799	0	
220097	0.01	0.001	797	0	
222230	0.01	0.001	771	0	
224400	0.01	0.001	840	0	
226532	0.01	0.001	769	0	
228705	0.01	0.001	835	0	
230834	0.01	0.001	762	0	
232989	0.01	0.001	811	0	
235146	0.01	0.001	785	0	
237309	0.01	0.001	848	0	
239476	0.01	0.001	856	0	
241630	0.01	0.001	833	0	
243786	0.01	0.001	805	0	
245935	0.01	0.001	809	0	
248101	0.01	0.001	821	0	
250265	0.01	0.001	834	0	
252333	0.01	0.000571429	586	0	
254340	0.01	0.0004	378	0	
256303	0.01	0.000307692	298	0	
258252	0.01	0.00025	231	0	
260188	0.01	0.000210526	207	0	
262111	0.01	0.000181818	156	0	
264037	0.01	0.00016	154	0	
265956	0.01	0.000142857	128	0	
267869	0.01	0.000129032	124	0	
269772	0.01	0.000117647	101	0	
271681	0.01	0.000108108	104	0	
273586	0.01	0.0001	95	0	
275479	0.01	9.30233e-05	72	0	
277376	0.01	8.69565e-05	73	0	
279276	0.01	8.16327e-05	76	0	
281174	0.01	7.69231e-05	79	0	
283069	0.01	7.27273e-05	74	0	
284957	0.01	6.89655e-05	52	0	
286852	0.01	6.55738e-05	60	0	
288746	0.01	6.25e-05	67	0	
290632	0.01	5.97015e-05	45	0	
292521	0.01	5.71429e-05	50	0	
294411	0.01	5.47945e-05	55	0	
296302	0.01	5.26316e-05	57	0	
298188	0.01	5.06329e-05	39	0	
300078	0.01	4.87805e-05	51	0	
301960	0.01	4.70588e-05	30	0	
303843	0.01	4.54545e-05	31	0	
305729	0.01	4.3956e-05	37	0	
307617	0.01	4.25532e-05	45	0	
309499	0.01	4.12371e-05	27	0	
311381	0.01	4e-05	36	0	
313268	0.01	3.8835e-05	45	0	
315157	0.00855977	3.77358e-05	48	0	
317041	0.00740629	3.66972e-05	32	0	
318923	0.00662228	3.57143e-05	29	0	
320807	0.00603118	3.47826e-05	30	0	
322690	0.00556148	3.38983e-05	36	0	
324575	0.00517548	3.30579e-05	44	0	
326462	0.00485056	3.22581e-05	40	0	
328345	0.00457204	3.14961e-05	34	0	
330225	0.00432984	3.07692e-05	25	0	
332105	0.00411675	3.00752e-05	25	0	
333989	0.00392743	2.94118e-05	35	0	
335874	0.00375783	2.8777e-05	38	0	
337752	0.00360481	2.8169e-05	23	0	
339635	0.00346589	2.75862e-05	33	0	
341517	0.00333908	2.7027e-05	25	0	
343399	0.00322277	2.64901e-05	26	0	
345278	0.00311562	2.5974e-05	22	0	
347157	0.00301652	2.54777e-05	22	0	
349037	0.00292455	2.5e-05	20	0	
350918	0.00283892	2.45399e-05	28	0	
352797	0.00275895	2.40964e-05	22	0	
354675	0.00268407	2.36686e-05	17	0	
356554	0.00261379	2.32558e-05	23	0	
358431	0.00254766	2.28571e-05	18	0	
360313	0.00248531	2.24719e-05	23	0	
362196	0.00242641	2.20994e-05	23	0	
364080	0.00237066	2.17391e-05	37	0	
365961	0.00231781	2.13904e-05	22	0	
367838	0.00226762	2.10526e-05	14	0	
369718	0.00221988	2.07254e-05	20	0	
371597	0.00217441	2.04082e-05	19	0	
373475	0.00213105	2.01005e-05	17	0	
375358	0.00208964	1.9802e-05	28	0	
377238	0.00205004	1.95122e-05	24	0	
379118	0.00201214	1.92308e-05	19	0	
380997	0.00197583	1.89573e-05	20	0	
382873	0.00194099	1.86916e-05	14	0	
384754	0.00190754	1.84332e-05	21	0	
386633	0.00187539	1.81818e-05	23	0	
388511	0.00184446	1.79372e-05	18	0	
390387	0.00181469	1.76991e-05	13	0	
392266	0.001786	1.74672e-05	17	0	
394141	0.00175834	1.72414e-05	6	0	
396018	0.00173164	1.70213e-05	11	0	
397896	0.00170586	1.68067e-05	15	0	
399770	0.00168094	1.65975e-05	11	0	
401648	0.00165685	1.63934e-05	16	0	
403526	0.00163353	1.61943e-05	15	0	
405405	0.00161096	1.6e-05	18	0	
407282	0.00158909	1.58103e-05	13	0	
409162	0.00156789	1.5625e-05	21	0	
411040	0.00154733	1.5444e-05	12	0	
412922	0.00152738	1.52672e-05	23	0	
414799	0.00150801	1.50943e-05	12	0	
416673	0.00148919	1.49254e-05	12	0	
418552	0.00147091	1.47601e-05	16	0	
420431	0.00145313	1.45985e-05	23	0	
422308	0.00143583	1.44404e-05	13	0	
424184	0.001419	1.42857e-05	10	0	
426062	0.00140262	1.41343e-05	14	0	
427940	0.00138666	1.3986e-05	18	0	
429816	0.00137111	1.38408e-05	11	0	
431692	0.00135596	1.36986e-05	11	0	
433567	0.00134118	1.35593e-05	6	0	
435443	0.00132677	1.34228e-05	10	0	
437318	0.0013127	1.3289e-05	10	0	
439194	0.00129898	1.31579e-05	12	0	
