0.166293 0.160612
0.433933 0.437654
0.450867 0.411609
0.403344 0.44215
0.417438 0.415443
0.387898 0.404227
0.371056 0.386614
0.369365 0.378052
0.365397 0.363158
0.356494 0.356291
0.354578 0.353523
0.340939 0.350892
0.336816 0.339502
0.336326 0.335026
0.336358 0.335985
0.333558 0.339262
0.342993 0.343816
0.336795 0.33475
0.335764 0.341532
0.335066 0.323699
0.307641 0.325355
0.28347 0.274453
0.259496 0.258374
0.252797 0.266294
0.210633 0.211844
0.121317 0.125022
0.592958 0.190449
0.479411 0.274969
0.426673 0.297993
0.423017 0.295303
0.433848 0.307432
0.40961 0.322548
0.39722 0.30931
0.371475 0.326985
0.3676 0.32274
0.362634 0.327344
0.358481 0.321126
0.358086 0.32436
0.330591 0.326096
0.335187 0.328481
0.339776 0.325738
0.354209 0.322886
0.367005 0.317831
0.366575 0.32831
0.360832 0.329524
0.314281 0.354744
0.252228 0.359246
0.18976 0.369524
0.131138 0.317175
0.160851 0.458253
0.133339 0.50846
0.241629 0.392479
0.302786 0.222949
0.416854 0.300483
0.356875 0.318473
0.352646 0.317258
0.365812 0.31585
0.356923 0.337283
0.351278 0.327843
0.341087 0.324747
0.342934 0.324375
0.335076 0.328844
0.333877 0.319913
0.320853 0.317814
0.308421 0.311309
0.31901 0.32703
0.325792 0.314791
0.332055 0.318907
0.33242 0.322007
0.333982 0.321381
0.338018 0.31653
0.318516 0.333259
0.28252 0.342938
0.305011 0.350189
0.430896 0.284409
0.398316 0.29557
0.379576 0.274206
0.402481 0.169423
0.137509 0.200668
0.281694 0.286703
0.316417 0.321325
0.329358 0.319302
0.321005 0.328285
0.33073 0.320264
0.319512 0.337689
0.318777 0.332793
0.328706 0.324284
0.317311 0.334411
0.307584 0.32713
0.264652 0.300402
0.266733 0.297342
0.298333 0.323762
0.299697 0.325622
0.296695 0.328993
0.317154 0.325889
0.312487 0.326095
0.317449 0.321882
0.309468 0.330363
0.328728 0.322869
0.3339 0.321007
0.336847 0.296144
0.262773 0.26953
0.233984 0.301173
0.170483 0.226588
0.124441 0.241561
0.143987 0.203231
0.273047 0.340571
0.291045 0.329135
0.303332 0.330166
0.304777 0.329437
0.324961 0.327953
0.307556 0.330465
0.306511 0.330786
0.299856 0.332055
0.281689 0.319382
0.219891 0.29489
0.227684 0.309743
0.297768 0.331617
0.298975 0.328791
0.318788 0.332145
0.309072 0.335315
0.321657 0.336098
0.328213 0.329181
0.326675 0.335358
0.334287 0.336447
0.322067 0.328433
0.180335 0.279246
0.148722 0.24736
0.149038 0.285887
0.110029 0.189479
0.109398 0.115437
0.0804993 0.116548
0.261384 0.297616
0.267841 0.338008
0.280234 0.326955
0.268504 0.325503
0.284877 0.312883
0.279721 0.317901
0.273824 0.323202
0.266466 0.326262
0.244767 0.304267
0.153357 0.259097
0.205414 0.29499
0.326071 0.331441
0.332242 0.325214
0.331613 0.335459
0.333162 0.333414
0.328489 0.32973
0.33643 0.328511
0.331621 0.330797
0.3368 0.329599
0.283063 0.332739
0.114186 0.259791
0.0978091 0.218714
0.120519 0.328689
0.0748078 0.300915
0.339478 0.284594
0.0565443 0.0918024
0.214175 0.255001
0.178128 0.266022
0.160042 0.228837
0.171331 0.251929
0.166874 0.25819
0.179483 0.249958
0.180415 0.25887
0.176495 0.262518
0.145023 0.227571
0.085647 0.177051
0.159893 0.283729
0.326214 0.337781
0.334242 0.331391
0.334343 0.334158
0.333312 0.333312
0.333306 0.333355
0.333333 0.333333
0.328789 0.335698
0.324895 0.337553
0.208196 0.312562
0.0492093 0.133481
0.0565616 0.132369
0.0380222 0.0889956
0.030295 0.0625054
0.0275085 0.0464603
0.0375189 0.0684646
0.0533388 0.128141
0.0279777 0.064486
0.0232321 0.0605596
0.0251962 0.068741
0.0380528 0.101484
0.0331089 0.0988534
0.0362536 0.0871692
0.0291464 0.0884448
0.0257171 0.0788571
0.0220829 0.0719644
0.0401858 0.120078
0.335083 0.335083
0.333119 0.330264
0.333333 0.333333
0.333333 0.333333
0.333333 0.333333
0.333333 0.333333
0.333333 0.333333
0.333333 0.333333
0.028284 0.114848
0.0107355 0.106112
0.00462396 0.0653347
0.00132536 0.990455
0.00013552 0.00527555
1.79321e-05 0.0337822
0.000331602 0.411687
0.000267281 0.362036
0.000379943 0.46703
0.000278747 0.456136
0.000523935 0.592175
0.000944972 0.699944
0.000479502 0.295529
0.000654385 0.368161
0.000759929 0.497401
0.000696919 0.473582
0.000598469 0.424544
0.00142268 0.490987
0.333333 0.333333
0.333333 0.333333
0.333333 0.333333
0.333333 0.333333
0.333333 0.333333
0.333333 0.333333
0.333333 0.333333
0.333333 0.333333
0.00174921 0.488787
0.00113148 0.491282
0.00101514 0.468046
0.00012429 0.840373
1.08952e-05 0.141137
