Episode	Learn_rate	Epsilon	Fallen_times	Reward_error	
1	0.001	0.001	0	0	
6644	0.001	0.001	6567	0	
11815	0.001	0.001	5106	0	
16550	0.001	0.001	4679	0	
20835	0.001	0.001	4217	0	
25108	0.001	0.001	4202	0	
31210	0.001	0.001	5975	0	
37962	0.001	0.001	6681	0	
44309	0.001	0.001	6283	0	
50763	0.001	0.001	6401	0	
57341	0.001	0.001	6503	0	
64142	0.001	0.001	6745	0	
70947	0.001	0.001	6744	0	
77684	0.001	0.001	6661	0	
84500	0.001	0.001	6747	0	
91319	0.001	0.001	6754	0	
98145	0.001	0.001	6740	0	
104859	0.001	0.001	6632	0	
111692	0.001	0.001	6766	0	
118465	0.001	0.001	6691	0	
125303	0.001	0.001	6759	0	
131998	0.001	0.001	6616	0	
138704	0.001	0.001	6636	0	
145392	0.001	0.001	6611	0	
150317	0.001	0.001	4792	0	
152667	0.001	0.001	1827	0	
154663	0.001	0.001	1295	0	
156536	0.001	0.001	1116	0	
158461	0.001	0.001	1182	0	
160408	0.001	0.001	1209	0	
162337	0.001	0.001	1196	0	
164287	0.001	0.001	1253	0	
166188	0.001	0.001	1189	0	
168095	0.001	0.001	1192	0	
169974	0.001	0.001	1117	0	
171877	0.001	0.001	1175	0	
173790	0.001	0.001	1155	0	
175714	0.001	0.001	1172	0	
177645	0.001	0.001	1207	0	
179534	0.001	0.001	1143	0	
181437	0.001	0.001	1157	0	
183367	0.001	0.001	1207	0	
185286	0.001	0.001	1189	0	
187201	0.001	0.001	1194	0	
189092	0.001	0.001	1131	0	
191011	0.001	0.001	1199	0	
192976	0.001	0.001	1248	0	
194851	0.001	0.001	1132	0	
196739	0.001	0.001	1133	0	
198666	0.001	0.001	1205	0	
200583	0.001	0.001	1188	0	
202500	0.001	0.000571429	1184	0	
204366	0.001	0.0004	1104	0	
206226	0.001	0.000307692	1107	0	
208129	0.001	0.00025	1174	0	
210026	0.001	0.000210526	1150	0	
211957	0.001	0.000181818	1187	0	
213891	0.001	0.00016	1203	0	
215793	0.001	0.000142857	1130	0	
217706	0.001	0.000129032	1178	0	
219648	0.001	0.000117647	1200	0	
221578	0.001	0.000108108	1192	0	
223492	0.001	0.0001	1189	0	
225363	0.001	9.30233e-05	1118	0	
227264	0.001	8.69565e-05	1157	0	
229155	0.001	8.16327e-05	1114	0	
231049	0.001	7.69231e-05	1128	0	
232936	0.001	7.27273e-05	1123	0	
234850	0.001	6.89655e-05	1176	0	
236764	0.001	6.55738e-05	1178	0	
238659	0.001	6.25e-05	1153	0	
240564	0.001	5.97015e-05	1151	0	
242445	0.001	5.71429e-05	1133	0	
244372	0.001	5.47945e-05	1194	0	
246233	0.001	5.26316e-05	1092	0	
248109	0.001	5.06329e-05	1106	0	
250002	0.001	4.87805e-05	1139	0	
251895	0.001	4.70588e-05	1158	0	
253778	0.001	4.54545e-05	1145	0	
255687	0.001	4.3956e-05	1185	0	
257551	0.001	4.25532e-05	1102	0	
259448	0.001	4.12371e-05	1164	0	
261326	0.001	4e-05	1132	0	
263191	0.001	3.8835e-05	1096	0	
265080	0.001	3.77358e-05	1130	0	
266990	0.001	3.66972e-05	1162	0	
268884	0.001	3.57143e-05	1141	0	
270782	0.001	3.47826e-05	1146	0	
272661	0.001	3.38983e-05	1131	0	
274554	0.001	3.30579e-05	1132	0	
276463	0.001	3.22581e-05	1152	0	
278339	0.001	3.14961e-05	1112	0	
280240	0.001	3.07692e-05	1160	0	
282104	0.001	3.00752e-05	1126	0	
284037	0.001	2.94118e-05	1195	0	
285941	0.001	2.8777e-05	1193	0	
287832	0.001	2.8169e-05	1142	0	
289711	0.001	2.75862e-05	1130	0	
291595	0.001	2.7027e-05	1129	0	
293494	0.001	2.64901e-05	1157	0	
295383	0.001	2.5974e-05	1148	0	
297276	0.001	2.54777e-05	1153	0	
299185	0.001	2.5e-05	1178	0	
301033	0.001	2.45399e-05	1069	0	
302931	0.001	2.40964e-05	1147	0	
304845	0.001	2.36686e-05	1138	0	
306730	0.001	2.32558e-05	1136	0	
308609	0.001	2.28571e-05	1139	0	
310492	0.001	2.24719e-05	1138	0	
312441	0.001	2.20994e-05	1227	0	
314330	0.001	2.17391e-05	1137	0	
316252	0.001	2.13904e-05	1198	0	
318189	0.001	2.10526e-05	1219	0	
320086	0.001	2.07254e-05	1153	0	
321950	0.001	2.04082e-05	1096	0	
323846	0.001	2.01005e-05	1133	0	
325763	0.001	1.9802e-05	1163	0	
327671	0.001	1.95122e-05	1154	0	
329550	0.001	1.92308e-05	1125	0	
331434	0.001	1.89573e-05	1144	0	
333337	0.001	1.86916e-05	1160	0	
335192	0.001	1.84332e-05	1081	0	
337047	0.001	1.81818e-05	1083	0	
338932	0.001	1.79372e-05	1129	0	
340805	0.001	1.76991e-05	1104	0	
342697	0.001	1.74672e-05	1142	0	
344596	0.001	1.72414e-05	1130	0	
346485	0.001	1.70213e-05	1150	0	
348354	0.001	1.68067e-05	1123	0	
350259	0.001	1.65975e-05	1143	0	
352147	0.001	1.63934e-05	1124	0	
354079	0.001	1.61943e-05	1176	0	
355995	0.001	1.6e-05	1195	0	
357911	0.001	1.58103e-05	1163	0	
359800	0.000845689	1.5625e-05	1130	0	
361668	0.00072475	1.5444e-05	1099	0	
363571	0.000643857	1.52672e-05	1151	0	
365486	0.000583554	1.50943e-05	1164	0	
367374	0.00053605	1.49254e-05	1115	0	
369269	0.000497282	1.47601e-05	1151	0	
371169	0.000464836	1.45985e-05	1159	0	
373095	0.00043716	1.44404e-05	1195	0	
374976	0.000413193	1.42857e-05	1122	0	
376848	0.000392184	1.41343e-05	1109	0	
378764	0.000373579	1.3986e-05	1168	0	
380651	0.000356961	1.38408e-05	1133	0	
382537	0.000342005	1.36986e-05	1146	0	
384415	0.00032846	1.35593e-05	1118	0	
386298	0.000316121	1.34228e-05	1150	0	
388221	0.000304826	1.3289e-05	1193	0	
390091	0.000294439	1.31579e-05	1132	0	
391956	0.000284849	1.30293e-05	1112	0	
393862	0.000275961	1.29032e-05	1163	0	
395752	0.000267698	1.27796e-05	1150	0	
397675	0.000259992	1.26582e-05	1196	0	
399546	0.000252785	1.25392e-05	1128	0	
401435	0.000246028	1.24224e-05	1127	0	
403335	0.000239678	1.23077e-05	1155	0	
405199	0.000233697	1.21951e-05	1100	0	
407077	0.000228051	1.20846e-05	1143	0	
408970	0.000222713	1.1976e-05	1162	0	
410900	0.000217657	1.18694e-05	1205	0	
412776	0.000212859	1.17647e-05	1128	0	
414685	0.000208299	1.16618e-05	1160	0	
416587	0.000203959	1.15607e-05	1170	0	
418512	0.000199823	1.14613e-05	1187	0	
420422	0.000195875	1.13636e-05	1178	0	
422312	0.000192104	1.12676e-05	1154	0	
424215	0.000188496	1.11732e-05	1146	0	
426040	0.00018504	1.10803e-05	1049	0	
427913	0.000181728	1.0989e-05	1109	0	
429789	0.000178548	1.08992e-05	1111	0	
431674	0.000175495	1.08108e-05	1137	0	
433540	0.000172559	1.07239e-05	1105	0	
435462	0.000169733	1.06383e-05	1204	0	
437345	0.000167012	1.05541e-05	1142	0	
439268	0.000164389	1.04712e-05	1159	0	
441137	0.000161859	1.03896e-05	1104	0	
443032	0.000159417	1.03093e-05	1164	0	
444927	0.000157057	1.02302e-05	1156	0	
446822	0.000154777	1.01523e-05	1146	0	
448762	0.000152571	1.00756e-05	1204	0	
450626	0.000150436	1e-05	1097	0	
452536	0.000148368	9.92556e-06	1173	0	
454400	0.000146364	9.85222e-06	1114	0	
456317	0.000144421	9.77995e-06	1176	0	
458198	0.000142537	9.70874e-06	1119	0	
460079	0.000140708	9.63855e-06	1133	0	
461966	0.000138931	9.56938e-06	1155	0	
463832	0.000137205	9.50119e-06	1098	0	
465745	0.000135528	9.43396e-06	1163	0	
467636	0.000133897	9.36768e-06	1146	0	
469494	0.00013231	9.30233e-06	1086	0	
471360	0.000130765	9.23788e-06	1123	0	
473244	0.000129261	9.17431e-06	1127	0	
475108	0.000127796	9.11162e-06	1106	0	
476969	0.000126369	9.04977e-06	1103	0	
478853	0.000124977	8.98876e-06	1127	0	
480746	0.00012362	8.92857e-06	1138	0	
482643	0.000122296	8.86918e-06	1126	0	
484528	0.000121004	8.81057e-06	1108	0	
