3000,3000,3000,3000,3000,3000,3000,3000,3000
3000,3000,3000,3000,3000,3000,3000,3000,3000
3000,3000,3000,3000,3000,3000,3000,3000,3000
2575.98,2574.86,2576.16,2572.76,2575.27,2576.28,2575.48,2562.21,2574.22
1405.51,1407.79,1418.76,1422.14,1414.33,1415.61,2336.72,1423.25,1421.91
-285.602,-308.065,-292.002,-305.402,-306.365,-307.307,-305.485,-306.013,2743.48
2535.18,811.118,811.106,808.434,808.175,810.195,812.882,812.147,820.003
2410.6,2409.74,2408.18,2411,2410.82,2410.29,2410.82,2409.95,2436.59
2455.37,2456.6,2456.63,2455.73,2454.62,2686.5,2456.46,2455.5,2456.01
2508.92,2507.89,2507.8,2508.91,2508.91,2508.79,2507.66,2508.25,2506.85
2971.24,2969.77,2969.77,2973.05,2971.9,2970.76,2971.67,2968.47,2966.89
3000,3000,3000,3000,3000,3000,3000,3000,3000
3000,3000,3000,3000,3000,3000,3000,3000,3000
3000,3000,3000,3000,3000,3000,3000,3000,3000
3000,3000,3000,3000,3000,3000,3000,3000,3000
3000,3000,3000,3000,3000,3000,3000,3000,3000
3000,3000,3000,3000,3000,3000,3000,3000,3000
2695.95,2702.43,2710.67,2711.04,2710.2,2710.26,2708.45,2710.97,2709.53
2308.14,2309.48,2306.62,2320.6,2307.39,2308.66,2350.07,2308.26,2311.12
2120.34,2119.77,2125.12,2126.07,2137.33,2139.96,2140.82,2120.23,2307.79
2447.37,2472.25,2460.98,2459.51,2461.01,2460.94,2460.5,2460.46,2441.5
2533.14,2532.65,2525.21,2532.86,2533.45,2533.42,2786.87,2532.16,2532.75
2500.96,2499.24,2501.44,2744.01,2501.71,2501.75,2501.79,2501.13,2501.81
2561.33,2561.08,2560.58,2558.99,2561.26,2559,2560.9,2560.01,2729.64
2980.34,2979.3,2980.22,2978.1,2978.71,2980.38,2978.12,2973.89,2972.25
3000,3000,3000,3000,3000,3000,3000,3000,3000
3000,3000,3000,3000,3000,3000,3000,3000,3000
3000,3000,3000,3000,3000,3000,3000,3000,3000
3000,3000,3000,3000,3000,3000,3000,3000,3000
3000,3000,3000,3000,3000,3000,3000,3000,3000
3000,3000,3000,3000,3000,3000,3000,3000,3000
2206.58,2213.42,2196.38,2209.54,2217.82,2217.99,2201.94,2197.88,2196.65
141.236,130.29,131.036,140.945,131.454,133.176,131.142,132.738,2625.86
1493.32,1493.75,1503.99,1493.32,1476.07,1494.1,1491,2628.47,1494.1
2388.7,2382.03,2391.09,2398.8,2404.9,2403.48,2404.88,2404.83,2476.26
2493.46,2492.33,2493.53,2492.03,2492.93,2492.59,2494.47,2490.69,2623.48
2535.29,2536.32,2536.63,2535.59,2535.69,2536.81,2785.85,2535.42,2536.35
2657.41,2659.65,2659.74,2667.99,2659.49,2657.94,2659.92,2656.99,2659.17
2991.82,2986.14,2987.78,2985.94,2988.58,2986.71,2990.96,2990.93,2988.4
3000,3000,3000,3000,3000,3000,3000,3000,3000
3000,3000,3000,3000,3000,3000,3000,3000,3000
3000,3000,3000,3000,3000,3000,3000,3000,3000
3000,3000,3000,3000,3000,3000,3000,3000,3000
3000,3000,3000,3000,3000,3000,3000,3000,3000
3000,3000,3000,3000,3000,3000,3000,3000,3000
2618.57,2613.03,2620.23,2618.55,2619.69,2620.11,2620.47,2599.6,2619.24
2285.53,1806.44,1810.45,1804.34,1807.78,1804.61,1801.78,1809.63,1810.11
1582.35,1588.63,1592.36,1577.35,2350.48,1596.41,1596.41,1596.41,1596.41
2415.02,2399.34,2418.83,2407.38,2436.72,2402.92,2418.01,2414.67,2416.47
2546.11,2547.96,2549.54,2549.87,2547.83,2574.51,2549.73,2548.95,2549.22
2636.39,2608.69,2607.47,2608.14,2608.34,2608.66,2606.63,2608.56,2606.45
2758.18,2757.43,2760.03,2757.31,2755.14,2759.01,2757.92,2758.14,2760.27
2991.26,2996.37,2992.15,2996.75,2995.43,2995.41,2994.23,2995.19,2994.68
3000,3000,3000,3000,3000,3000,3000,3000,3000
3000,3000,3000,3000,3000,3000,3000,3000,3000
3000,3000,3000,3000,3000,3000,3000,3000,3000
3000,3000,3000,3000,3000,3000,3000,3000,3000
3000,3000,3000,3000,3000,3000,3000,3000,3000
3000,3000,3000,3000,3000,3000,3000,3000,3000
2667.75,2685.91,2677.54,2690.71,2683.46,2684.72,2689,2689.51,2689.93
1958.6,1936.78,1936.69,1941.48,1957.95,1937.02,1945.16,2141.16,1960.27
2368.91,2362.73,2362.94,2358.6,2365.76,2364.31,2366.29,2345.64,2365.38
2571.22,2562.35,2571.9,2572.57,2573.46,2571.52,2573.69,2572.47,2573.67
2601.5,2598,2604.27,2629.8,2603.91,2603.77,2603.43,2603.47,2602.95
2706.45,2705.08,2696.42,2705.75,2706.46,2703.12,2706.38,2706.22,2704.51
2888.63,2879.82,2887.77,2886.7,2881.05,2887.67,2885.49,2883.92,2886.8
2998.81,2996.5,2995.8,2994.24,2995.56,2992.48,2993.62,3000,3000
3000,3000,3000,3000,3000,3000,3000,3000,3000
3000,3000,3000,3000,3000,3000,3000,3000,3000
3000,3000,3000,3000,3000,3000,3000,3000,3000
3000,3000,3000,3000,3000,3000,3000,3000,3000
3000,3000,3000,3000,3000,3000,3000,3000,3000
3000,3000,3000,3000,3000,3000,3000,3000,3000
2509.77,2521.87,2532.84,2530.76,2518.28,2518.44,2511.58,2531.83,2529.13
1578.72,1843.63,1570.07,1579.89,1578.16,1577.48,1577.48,1578.95,1567.76
2277.97,2256.53,2255.21,2268.93,2278.03,2267.36,2276.06,2278.06,2286.35
2559.81,2557.17,2560.32,2556.42,2559.66,2559.6,2558.38,2558.24,2559.84
2623.03,2622.74,2624.55,2625.05,2622.1,2622.58,2625.19,2624.24,2623.74
2665.65,2664.63,2665.95,2656.12,2665.07,2665.38,2664.69,2672.49,2664.59
2940.63,2939.18,2941.4,2941.07,2941.14,2938.37,2941.68,3034.36,2938.23
3000,3000,3000,3000,3000,3000,3000,3000,3000
3000,3000,3000,3000,3000,3000,3000,3000,3000
3000,3000,3000,3000,3000,3000,3000,3000,3000
3000,3000,3000,3000,3000,3000,3000,3000,3000
3000,3000,3000,3000,3000,3000,3000,3000,3000
3000,3000,3000,3000,3000,3000,3000,3000,3000
3000,3000,3000,3000,3000,3000,3000,3000,3000
2580.86,2559.6,2563.79,2579.52,2579.21,2578.73,2564.55,2579.46,2578.21
1966.68,1966.43,2222.98,1988.69,1988.69,1988.69,1988.69,1988.69,1988.69
2464.27,2466.4,2466.42,2473.27,2461.18,2466.05,2461.86,2464.94,2467.55
2505.33,2501.04,2503.89,2505.03,2502.15,2505.07,2504.29,2504.45,2505.24
2599.1,2592,2599.4,2598.23,2600.79,2600.33,2600.34,2598.59,2600.84
2582.57,2581.01,2586.33,2582.67,2581.26,2583.1,2583.04,2581.97,2582.89
2869.61,2862.74,2864.42,2869.69,2862.42,2868.68,2867.23,2863.75,2869.19
2992.95,2990.59,2997.01,2997.39,2996.37,2996.15,2995.96,2995.53,2997.32
3000,3000,3000,3000,3000,3000,3000,3000,3000
3000,3000,3000,3000,3000,3000,3000,3000,3000
3000,3000,3000,3000,3000,3000,3000,3000,3000
3000,3000,3000,3000,3000,3000,3000,3000,3000
3000,3000,3000,3000,3000,3000,3000,3000,3000
3000,3000,3000,3000,3000,3000,3000,3000,3000
2644.07,2648.56,2646.12,2647.19,2642.82,2643.16,2642.91,2645.72,2646.06
1789.64,1781.69,1795.03,1778.59,1772.8,1772.31,1780.37,1791.06,2188.08
2214.64,2214.65,2229.14,2215.12,2216.51,2235.53,2217.95,2237.97,2239.9
2538.19,2539.79,2539.38,2541.24,2539.42,2538.44,2540.49,2536.25,2541.04
2552.29,2553.79,2553.03,2553.83,2552.83,2552.68,2554.06,2551.44,2552.83
2553.4,2550.67,2552.96,2550.14,2552.85,2553.28,2553.45,2550.11,2552.72
2743,2730.41,2740.07,2740.44,2737.95,2738.08,2741.32,2739.21,2738.87
2989.08,2991.85,2989.52,2990.29,2990.08,2989.92,2990.86,2964.97,2988.02
3000,3000,3000,3000,3000,3000,3000,3000,3000
3000,3000,3000,3000,3000,3000,3000,3000,3000
3000,3000,3000,3000,3000,3000,3000,3000,3000
3000,3000,3000,3000,3000,3000,3000,3000,3000
3000,3000,3000,3000,3000,3000,3000,3000,3000
3000,3000,3000,3000,3000,3000,3000,3000,3000
2609.9,2612.67,2616.56,2613.41,2613.34,2592.18,2613.2,2615.63,2617.06
2072.8,2088.14,2085.84,2087.54,2083.51,2088.94,2087.95,2075.56,2138.47
2341.44,2333.12,2341.15,2340.68,2336.12,2350.51,2339.34,2340.81,2340.22
2458.13,2459.63,2458.92,2459.57,2444.28,2459.42,2457.85,2456.47,2456.84
2511.42,2511.99,2511.82,2509.59,2511.67,2510.01,2510.25,2510.87,2511.72
2485.86,2483.84,2483.83,2485.3,2485.69,2487.36,2485.39,2485.09,2477.43
2596.05,2596.44,2594.98,2596.99,2594.46,2596.39,2597.23,2594.44,2594.73
2979.99,2973.95,2975.51,2974.88,2975.85,2978.29,2974.33,2974.55,2974.5
3000,3000,3000,3000,3000,3000,3000,3000,3000
3000,3000,3000,3000,3000,3000,3000,3000,3000
3000,3000,3000,3000,3000,3000,3000,3000,3000
3000,3000,3000,3000,3000,3000,3000,3000,3000
3000,3000,3000,3000,3000,3000,3000,3000,3000
3000,3000,3000,3000,3000,3000,3000,3000,3000
2261.36,2260.19,2257.88,2263.6,2271.19,2262.94,2262.64,2273.33,2274.38
81.5454,84.3513,85.7819,85.9657,92.0762,79.1264,1955.54,85.7821,95.4638
-864.214,-868.433,-868.334,-858.009,-868.427,-836.579,-835.519,1234.97,-868.398
406.515,421.506,423.001,397.811,2185.46,440.72,415.511,406.437,422.369
2404,2405.34,2405.01,2405.83,2394.49,2403.79,2405.11,2404.54,2404.98
2432.87,2434.3,2433.2,2434.11,2432.1,2434.17,2469.2,2429.63,2433.06
2525.16,2525.22,2523.08,2526.56,2524.85,2523.26,2525.21,2524.2,2524.63
2964.5,2965.92,2964.95,2967.27,2969.24,2969.82,2966.58,2964.25,2962.38
3000,3000,3000,3000,3000,3000,3000,3000,3000
3000,3000,3000,3000,3000,3000,3000,3000,3000
3000,3000,3000,3000,3000,3000,3000,3000,3000
3000,3000,3000,3000,3000,3000,3000,3000,3000
3000,3000,3000,3000,3000,3000,3000,3000,3000
3000,3000,3000,3000,3000,3000,3000,3000,3000
2540.62,2545.13,2542.83,2541.76,2546.14,2546.2,2545.13,2541.7,2546.42
2052.38,1371.83,1371.74,1355.39,1370.52,1358.71,1366.83,1364.73,1358.25
1615.66,-227.083,-211.211,-227.041,-210.556,-226.657,-227.156,-226.18,-201.787
1161.94,1165.27,2098.05,1176.74,1176.74,1184.08,1179.15,1187.7,1176.74
2381.41,2380.78,2379.96,2379.15,2484.73,2381.62,2381.66,2381,2381.7
2422.11,2421.75,2422.19,2420.34,2421.77,2418.75,2422.24,2480.81,2421
2539.52,2490.97,2489.61,2490.76,2490.57,2491.07,2490.51,2490.68,2490.39
2946.77,2946.29,2943.55,2945.3,2947.34,2947.86,2949.36,2946.48,2944.59
3000,3000,3000,3000,3000,3000,3000,3000,3000
3000,3000,3000,3000,3000,3000,3000,3000,3000
3000,3000,3000,3000,3000,3000,3000,3000,3000
3000,3000,3000,3000,3000,3000,3000,3000,3000
3000,3000,3000,3000,3000,3000,3000,3000,3000
3000,3000,3000,3000,3000,3000,3000,3000,3000
2302.72,2224.97,2224.91,2216.47,2221.23,2236.47,2236.06,2221.17,2230.08
-517.362,-537.406,-536.493,-560.473,-560.277,-557.945,-560.558,-546.946,2795.06
2710.47,-383.054,-378.7,-383.112,-370.731,-380.717,-383.112,-383.112,-379.986
960.491,966.962,982.259,966.742,967.34,958.518,967.316,2562.19,964.957
2380.63,2379.14,2381.04,2380.87,2381.28,3550.14,2405.54,2381.04,2379.79
2418.69,2418.97,2418.14,2419.18,2419.42,2419.06,2419.45,2418.45,2527.39
2464.61,2463.39,2843.96,2464.15,2464.95,2464.3,2464.49,2464.66,2464.93
2969.64,2972.29,2975.11,2971.58,2971.21,2973.65,2972.84,2973.85,2974.57
3000,3000,3000,3000,3000,3000,3000,3000,3000
3000,3000,3000,3000,3000,3000,3000,3000,3000
3000,3000,3000,3000,3000,3000,3000,3000,3000
3000,3000,3000,3000,3000,3000,3000,3000,3000
3000,3000,3000,3000,3000,3000,3000,3000,3000
3000,3000,3000,3000,3000,3000,3000,3000,3000
2423.54,2419.5,2404.25,2406.17,2401.7,2428.23,2424.86,2411.18,2424.67
1246.13,1242.21,2677.89,1243.72,1233.06,1233.06,1233.06,1236.67,1234.64
24.4121,24.1795,17.0348,42.9484,38.4589,18.4685,2529.68,25.0171,17.8583
1636.61,1638.52,1635.36,3421.73,1622.57,1643.94,1632.61,1632,1612.91
2073.36,2083.31,2659.58,2082.94,2063.75,2083.61,2083.73,2083.69,2083.15
2450.94,2451.39,2450.17,2450.78,2451.34,2451.21,2449.97,3599.22,2463.32
2504.58,2505.41,2504.43,2504.79,2503.07,2505.01,2505.55,3462.73,2503.78
2977.72,2975.43,2974.49,2975.01,2974.66,2976.07,2976.6,2976.79,2974.41
3000,3000,3000,3000,3000,3000,3000,3000,3000
3000,3000,3000,3000,3000,3000,3000,3000,3000
3000,3000,3000,3000,3000,3000,3000,3000,3000
3000,3000,3000,3000,3000,3000,3000,3000,3000
3000,3000,3000,3000,3000,3000,3000,3000,3000
3000,3000,3000,3000,3000,3000,3000,3000,3000
1977.2,1974.89,1989.79,1980.53,1975.75,1971.08,1978.63,1980.41,1983.96
-816.857,-815.881,-751.776,-824.668,-825.662,-802.492,2730.37,-824.367,-785.699
-877.752,-862.448,-888.975,-884.027,-864.099,2590.18,-877.601,-888.265,-887.545
1250.72,1232.97,1246.79,1224.7,1232.83,1236.13,2764.44,1243.19,1249.69
2462.07,2462.01,2460.57,2461.5,2461.07,2461.46,2461.92,2461.88,3152.36
2519.35,2520.35,2549.72,2516.13,2516.35,2519.33,2519.02,2520.38,2518.86
2619.3,2618.8,2618.56,2904.74,2616.92,2619.6,2618.31,2617.37,2617.68
2987.49,2989.85,2990.81,2986.88,2989.26,2988.25,2989.26,2984.37,2987.34
3000,3000,3000,3000,3000,3000,3000,3000,3000
3000,3000,3000,3000,3000,3000,3000,3000,3000
3000,3000,3000,3000,3000,3000,3000,3000,3000
3000,3000,3000,3000,3000,3000,3000,3000,3000
3000,3000,3000,3000,3000,3000,3000,3000,3000
3000,3000,3000,3000,3000,3000,3000,3000,3000
2276.44,2278.94,2266.52,2301.3,2283.5,2271.53,2284.76,2275.65,2282.56
-302.309,-295.972,-297.188,2312.83,-302.354,-297.14,-298.368,-302.282,-298.125
-786.876,-783.19,-786.876,-786.876,-780.828,-781.565,2861.98,-783.969,-771.152
1404.99,1409.15,1403.19,1378.71,1390.66,1386.92,1389.16,2376.8,1395.82
2536.53,2537.24,2535.54,2537.47,2536.63,2537.13,2537.49,2691.13,2536.89
2617.24,2618.68,2619.8,2619.84,2618.77,2618.54,2620.05,2619.21,2639.66
2882.25,2762.89,2762.72,2761.91,2764.87,2764.06,2764.06,2764.8,2761.67
2994.72,2995.14,2995.03,2992.55,2996.98,2992.13,2996.6,2996.48,2996.45
3000,3000,3000,3000,3000,3000,3000,3000,3000
3000,3000,3000,3000,3000,3000,3000,3000,3000
3000,3000,3000,3000,3000,3000,3000,3000,3000
3000,3000,3000,3000,3000,3000,3000,3000,3000
3000,3000,3000,3000,3000,3000,3000,3000,3000
3000,3000,3000,3000,3000,3000,3000,3000,3000
2289.27,2287.68,2290.62,2288.73,2281.37,2288.99,2287.63,2284.69,2282.44
1954.6,1969.78,1973.48,1972.71,1961.04,1973.28,1965.09,1962.5,2039.1
2368.15,2376.97,2367.08,2360.04,2364.85,2376.92,2377.31,2566.59,2377.12
2524.94,2524.33,2525.8,2523.87,2521.26,2524.93,2525.75,2525.53,2523.81
2586.19,2586.19,2584.55,2585.71,2569.66,2584.19,2586.04,2583.82,2586.18
2710.87,2711.21,2709.8,2709.94,2711.34,2710.87,2711.43,2710.88,2706.9
2878.89,2881.22,2883.72,2880.43,2876.28,2877.89,2884.03,2877,2882.25
2998.82,2997.39,2997.22,2994.53,2994.6,3000,3000,3000,3000
3000,3000,3000,3000,3000,3000,3000,3000,3000
3000,3000,3000,3000,3000,3000,3000,3000,3000
3000,3000,3000,3000,3000,3000,3000,3000,3000
3000,3000,3000,3000,3000,3000,3000,3000,3000
3000,3000,3000,3000,3000,3000,3000,3000,3000
3000,3000,3000,3000,3000,3000,3000,3000,3000
2495.75,2512.07,2509.73,2513.03,2510.97,2511.51,2510.78,2497.73,2488.19
1278.24,1261.32,1278.38,1278.18,1276.9,1263.98,1279.05,1263.01,2168.1
1706.17,1718.31,1709.69,1705.2,1698.15,1706.14,1705.48,2257.04,1701
2524,2522.13,2524.05,2521.26,2524.18,2522.58,2524.02,2524.33,2506.87
2603.51,2603.47,2602.67,2604.73,2597.89,2608.21,2603.09,2602.92,2604.66
2674.11,2674.95,2675.46,2808.1,2675.97,2675.7,2675.93,2673.56,2674.99
2916.19,2917.04,2919.11,2918.26,2909.81,2915.37,2917.39,2929.28,2919.81
2999.47,2999.17,3000,3000,3000,3000,3000,3000,3000
3000,3000,3000,3000,3000,3000,3000,3000,3000
3000,3000,3000,3000,3000,3000,3000,3000,3000
3000,3000,3000,3000,3000,3000,3000,3000,3000
3000,3000,3000,3000,3000,3000,3000,3000,3000
3000,3000,3000,3000,3000,3000,3000,3000,3000
3000,3000,3000,3000,3000,3000,3000,3000,3000
2516.84,2521.12,2520.12,2505.93,2498.21,2517.24,2521.72,2522.63,2519.95
1812.41,1813.77,1792.9,1813.74,1793.72,1800.12,1801.55,2072.81,1813.79
2305.98,2292.48,2288.71,2307.73,2295.27,2306.01,2295.64,2308.58,2288.72
2539.54,2544.76,2538.54,2538.5,2532.03,2540.13,2537.6,2538.74,2539.24
2585.54,2582.92,2585.31,2585.13,2580.86,2586.05,2584.24,2585.87,2584.44
2588.77,2588.93,2589.26,2589.04,2584.72,2588.26,2587.32,2586.65,2595.41
2965.55,2869.57,2870.61,2868.06,2871.54,2868.29,2869.01,2869.58,2867.03
2999.92,2997.31,2995.87,2997.51,2994.79,2993.44,2992.65,3000,3000
3000,3000,3000,3000,3000,3000,3000,3000,3000
3000,3000,3000,3000,3000,3000,3000,3000,3000
3000,3000,3000,3000,3000,3000,3000,3000,3000
3000,3000,3000,3000,3000,3000,3000,3000,3000
3000,3000,3000,3000,3000,3000,3000,3000,3000
3000,3000,3000,3000,3000,3000,3000,3000,3000
2387.27,2369.93,2365.98,2387.81,2389.71,2380.71,2389.67,2385.15,2380.08
1272.04,1268.46,1268.02,1268.63,1268.76,1271.67,1268.67,2080.58,1271.62
81.883,63.9541,76.2422,70.863,69.1484,64.5554,1902.15,64.2744,73.0142
1963.02,1959.13,1959.82,1948.48,1960.9,2613,1954.93,1949.29,1955.94
2525.5,2526.76,2526.07,2524.12,2524.64,2522.95,2526.47,2525.42,2523.03
2529.37,2522.38,2525.92,2524.5,2523.09,2525.75,2525.23,2524.39,2524.98
2727.8,2722.12,2724.05,2725.74,2716.52,2726.27,2726.97,2727.55,2723.11
2965.61,2961.88,2960.22,2962.6,2960.97,2959.42,2964.02,2965.09,2959.09
3000,3000,3000,3000,3000,3000,3000,3000,3000
3000,3000,3000,3000,3000,3000,3000,3000,3000
3000,3000,3000,3000,3000,3000,3000,3000,3000
3000,3000,3000,3000,3000,3000,3000,3000,3000
3000,3000,3000,3000,3000,3000,3000,3000,3000
3000,3000,3000,3000,3000,3000,3000,3000,3000
2103.58,2102.31,2090.9,2103.02,2103.26,2098.24,2100.11,2099.77,2100.91
-345.329,-324.423,-349.043,-349.631,-348.068,1766.47,-349.286,-349.651,-341.047
392.185,392.148,389.341,2260.17,392.372,392.372,392.372,392.372,392.372
1643.77,1640.63,1650.35,1637.05,1640.68,1639.34,1639.89,2732.35,1645.77
2437.36,2436.77,2437.29,2436.59,2434.22,2436.61,2436.84,3517.45,2436.2
2465.15,2464.88,2464.45,2463.34,2452.97,2464.93,2464.57,3237.54,2463.78
2590.61,2592.01,2591.39,2590.95,2586.1,2592.03,2723.81,2566.43,2588.9
2974.03,2973.58,2973.09,2976.11,2977.24,2970.43,2974.72,2975.25,2975.83
3000,3000,3000,3000,3000,3000,3000,3000,3000
3000,3000,3000,3000,3000,3000,3000,3000,3000
3000,3000,3000,3000,3000,3000,3000,3000,3000
3000,3000,3000,3000,3000,3000,3000,3000,3000
3000,3000,3000,3000,3000,3000,3000,3000,3000
3000,3000,3000,3000,3000,3000,3000,3000,3000
1685.2,1685.11,1678.52,1684.93,1682.41,1682.86,1677.77,1683.26,1938.83
-368.029,-371.577,-371.556,-368.066,-366.379,-371.845,-370.728,-369.754,1774.05
-696.289,1133.49,-696.524,-696.061,-678.284,-698.316,-696.104,-694.397,-698.262
812.183,801.185,805.741,794.614,803.274,794.66,799.308,796.195,2109.67
2371.72,2369.23,2372.05,2371.68,2371.77,2515.36,2371.66,2372.18,2372.15
2422.97,2422.73,2419.54,2422.42,2422.53,2422.47,2916.29,2422.43,2421.98
2504.26,2505.83,2505.16,2504.31,2522.19,2504.68,2505.93,2506.02,2504.93
2958.55,2959.16,2961.34,2958.44,2958.6,2960.79,2960.38,2961.77,2960.47
3000,3000,3000,3000,3000,3000,3000,3000,3000
3000,3000,3000,3000,3000,3000,3000,3000,3000
3000,3000,3000,3000,3000,3000,3000,3000,3000
3000,3000,3000,3000,3000,3000,3000,3000,3000
3000,3000,3000,3000,3000,3000,3000,3000,3000
3000,3000,3000,3000,3000,3000,3000,3000,3000
1650.1,1651.18,1652.63,1654.4,1649.42,2156.58,1640.97,1642,1651.72
-558.236,-563.42,-562.645,-564.908,-565.157,-565.401,-564.771,-563.101,1594.05
-729.447,-731.229,1914.6,-728.57,-729.572,-731.45,-729.441,-722.16,-729.442
1299.17,1301.05,1300.91,2681.89,1309.75,1301.42,1302.99,1310.05,1301.42
2400.86,2400.06,2399.84,2402.4,2398.56,2400.84,2487.51,2400.1,2399.18
2431.5,2431.85,2429.81,2431.88,2431.97,2431.12,2842.54,2431.24,2431.41
2492.82,2492.9,2492.76,2492.91,2492.7,2493.25,2492.9,2906.26,2490.77
2947.79,2953.06,2949.12,2949.28,2949.26,2946.95,2952.24,2948.74,2953.09
3000,3000,3000,3000,3000,3000,3000,3000,3000
3000,3000,3000,3000,3000,3000,3000,3000,3000
3000,3000,3000,3000,3000,3000,3000,3000,3000
3000,3000,3000,3000,3000,3000,3000,3000,3000
3000,3000,3000,3000,3000,3000,3000,3000,3000
3000,3000,3000,3000,3000,3000,3000,3000,3000
2430.84,2433.05,2452.57,2454.25,2437.3,2452.53,2838.83,2454.67,2435.18
887.149,887.565,890.649,899.342,895.188,911.862,887.349,902.29,4054.57
-588.581,-575.586,-607.142,-605.569,3372.08,-609.538,-612.187,-578.247,-613.533
3160.24,311.323,312.543,320.212,319.273,313.582,322.584,304.102,328.942
2375.17,2372.4,3061.08,2374.31,2374.97,2373.03,2375.2,2361.09,2374.77
2403.92,2404.74,2403.86,2404.57,2418.22,2404.2,4058.47,2404.74,2404.42
2435.11,2434.74,2435.38,2435.7,2436.14,2436.11,3574.82,2435.89,2435.57
2959.73,2955.21,2957.36,2958.7,2956.48,2955.85,2960.02,2957.62,2959.56
3000,3000,3000,3000,3000,3000,3000,3000,3000
3000,3000,3000,3000,3000,3000,3000,3000,3000
3000,3000,3000,3000,3000,3000,3000,3000,3000
3000,3000,3000,3000,3000,3000,3000,3000,3000
3000,3000,3000,3000,3000,3000,3000,3000,3000
3000,3000,3000,3000,3000,3000,3000,3000,3000
1935.46,1924.99,1927.4,1934.22,1933.52,1933.97,1934.52,2321.07,1933.71
2465.65,-735.558,-748.348,-742.064,-761.453,-719.022,-761.781,-752.254,-760.904
-703.153,-698.189,2954.34,-703.053,-703.06,-701.167,-703.014,-683.754,-697.308
1037.47,1051.2,1040.61,3621.55,1057.57,1037.57,1046.41,1027.58,1040.94
2408.76,3012.13,2418.64,2420.41,2402.13,2419.26,2419.79,2419.63,2420.51
2435.82,2435.35,2683.25,2435.87,2434.01,2434.67,2435.66,2434.51,2435.83
2497.29,2497.03,2496.98,2495.25,2497.46,2495.73,2497.28,3876.74,2496.98
2961.47,2958.76,2957.88,2962.65,2960.92,2958.46,2960.46,2959.12,2960.33
3000,3000,3000,3000,3000,3000,3000,3000,3000
3000,3000,3000,3000,3000,3000,3000,3000,3000
3000,3000,3000,3000,3000,3000,3000,3000,3000
3000,3000,3000,3000,3000,3000,3000,3000,3000
3000,3000,3000,3000,3000,3000,3000,3000,3000
3000,3000,3000,3000,3000,3000,3000,3000,3000
2243.49,2259.76,2260.42,2258.95,2243.75,2259.87,2263.1,2251.71,2242.62
-0.797854,2236.86,2.88492,22.1745,-8.06906,-0.754091,-7.59555,-6.07475,-6.51995
-640.523,-637.868,-637.931,-612.428,-638.972,-639.89,-639.272,3034.14,-631.287
2910.81,1333.66,1351.63,1345.14,1352.3,1329.29,1329.24,1352.17,1329.2
2463.64,2463.47,2463.8,2464.79,2462.42,2601.6,2462.8,2464.21,2462.95
2506.83,2507.02,2508.43,2508,2507.32,2508.36,2506.53,2508.45,2617.79
2615.13,2615.1,2612.88,2642.44,2613.72,2612.75,2613.37,2614.92,2614.02
2982.67,2989.13,2985.41,2989.58,2986.48,2986.91,2985.32,2987.01,2984.28
3000,3000,3000,3000,3000,3000,3000,3000,3000
3000,3000,3000,3000,3000,3000,3000,3000,3000
3000,3000,3000,3000,3000,3000,3000,3000,3000
3000,3000,3000,3000,3000,3000,3000,3000,3000
3000,3000,3000,3000,3000,3000,3000,3000,3000
3000,3000,3000,3000,3000,3000,3000,3000,3000
1874.99,1871.22,1879.61,1872.05,1865.07,1879.36,1918.29,1871.29,1874.21
176.85,205.518,177.294,177.832,205.411,184.084,2096.02,185.546,185.546
2582.45,1525.43,1542.98,1525.66,1529.67,1525.44,1525.81,1531.79,1530.71
2386.17,1948.46,1946.78,1946.08,1928.7,1951.53,1947.54,1945.35,1946.73
2484.21,2484.71,2484.37,2484.74,2484.34,2483.4,2483.72,3257.7,2484.65
2737.84,2596.08,2594.35,2595.89,2596.06,2596.12,2594.67,2594.27,2595.73
2757.27,2868.65,2755.64,2757.37,2753.72,2756.12,2757.35,2755,2757.58
2989.62,2993.23,2995.04,2991.21,2992.38,2990.26,2992.91,2990.53,2991.17
3000,3000,3000,3000,3000,3000,3000,3000,3000
3000,3000,3000,3000,3000,3000,3000,3000,3000
3000,3000,3000,3000,3000,3000,3000,3000,3000
3000,3000,3000,3000,3000,3000,3000,3000,3000
3000,3000,3000,3000,3000,3000,3000,3000,3000
3000,3000,3000,3000,3000,3000,3000,3000,3000
2333.42,2331.14,2320.47,2314.4,2333.36,2331.29,2313.81,2319.81,2314.23
392.103,386.713,398.82,2395.3,398.36,386.872,383.929,385.922,384.917
1741.58,1761.8,1762.52,1756.85,1762.76,1761.97,2323.45,1762,1761.35
2516.6,2506.46,2504.89,2505.82,2502.39,2505.35,2505.85,2506.87,2506.14
2583.99,2583.29,2584.01,2584.33,2592.99,2582.69,2584.01,2584.96,2584.66
2707.71,2708.09,2708.4,2708.53,2708.58,2707.17,2706.4,2708.67,2722.06
2880.98,2881.41,2882.34,2882.09,2878.64,2880.07,2881.65,2883.65,2880.93
2997.33,2996.43,2992.97,2993.92,3000,3000,3000,3000,3000
3000,3000,3000,3000,3000,3000,3000,3000,3000
3000,3000,3000,3000,3000,3000,3000,3000,3000
3000,3000,3000,3000,3000,3000,3000,3000,3000
3000,3000,3000,3000,3000,3000,3000,3000,3000
3000,3000,3000,3000,3000,3000,3000,3000,3000
3000,3000,3000,3000,3000,3000,3000,3000,3000
2327.54,2325.76,2327,2313.3,2325.29,2324.66,2312.95,2320.5,2327.51
825.314,827.763,812.761,822.648,813.337,823.117,2187.9,836.809,828.583
787.685,2202.75,775.824,776.407,778.347,776.077,777.195,779.838,786.736
2431.3,2428.99,2429.52,2430.49,2430.8,2431.1,2431.19,2431.29,2429.74
2568.23,2569.84,2568.48,2568.61,2566.52,2567.43,2568.91,2569.34,2566.95
2687.88,2687.52,2688.32,2685.79,2686.77,2683.14,2688.07,2686.01,2701.52
2928,2928.97,2925.38,2927.3,2924.18,2924.64,2925.96,2923.7,2924.24
2994.58,2991.81,3000,3000,3000,3000,3000,3000,3000
3000,3000,3000,3000,3000,3000,3000,3000,3000
3000,3000,3000,3000,3000,3000,3000,3000,3000
3000,3000,3000,3000,3000,3000,3000,3000,3000
3000,3000,3000,3000,3000,3000,3000,3000,3000
3000,3000,3000,3000,3000,3000,3000,3000,3000
3000,3000,3000,3000,3000,3000,3000,3000,3000
1921.26,1923.97,1915.85,1925.29,1925.15,1919.02,1924.62,1921.71,1916.68
562.135,561.13,559.269,560.069,562.05,559.186,559.478,2132.5,567.956
336.741,332.43,334.535,2075.5,345.621,336.434,336.135,348.142,357.157
2369.1,2368.72,2368.56,2366.98,2369.55,2368.29,2364.5,2369.6,2366.18
2546.39,2548.72,2546.94,2548.94,2542.79,2537.37,2547.22,2545.09,2546.99
2586.46,2586.13,2586.73,2586.89,2582.7,2585.65,2586.68,2587.58,2584.3
2858.07,2855.99,2857.91,2858.59,2857.48,2858.84,2856.59,2855.42,2856.29
2995.52,2991.68,2991.75,2992.49,2996.41,2996.29,2996.39,2995.96,2994.88
3000,3000,3000,3000,3000,3000,3000,3000,3000
3000,3000,3000,3000,3000,3000,3000,3000,3000
3000,3000,3000,3000,3000,3000,3000,3000,3000
3000,3000,3000,3000,3000,3000,3000,3000,3000
3000,3000,3000,3000,3000,3000,3000,3000,3000
3000,3000,3000,3000,3000,3000,3000,3000,3000
2015.47,2012.27,2019.08,2012.28,2020.1,2017.28,2011.83,2033.93,2016.58
1042.97,1056.05,1040.27,1040.11,1041.62,1039.59,2098.72,1042.78,1039.38
1739.37,2190.89,1757.8,1757.8,1757.8,1767.19,1757.8,1758.29,1757.8
2434.07,2434.93,2433.51,2435.02,2433.51,2433.74,2434.83,2437.57,2434.02
2504.27,2503.89,2503.65,2503.98,2505.56,2503.9,2505.22,2504.42,2502.33
2508.62,2507.27,2507.8,2509.02,2508.69,2506.67,2509.58,2521.59,2509.59
2822.68,2706.55,2707.3,2709.9,2709.49,2709.87,2708.23,2707.79,2704.57
2992.58,2987.06,2987.47,2992.71,2990.06,2988.76,2990.87,2988,2991.01
3000,3000,3000,3000,3000,3000,3000,3000,3000
3000,3000,3000,3000,3000,3000,3000,3000,3000
3000,3000,3000,3000,3000,3000,3000,3000,3000
3000,3000,3000,3000,3000,3000,3000,3000,3000
3000,3000,3000,3000,3000,3000,3000,3000,3000
3000,3000,3000,3000,3000,3000,3000,3000,3000
2401.33,2401.4,2379.82,2401.99,2400.35,2382.8,2400.14,2386,2387.55
1172.04,1173.23,1772.2,1173.46,1178.07,1172.28,1165.45,1177.59,1173.87
-364.252,-365.641,-357.521,-351.426,-360.852,-365.628,-365.626,-358.739,2439.13
1262.73,3481.55,1259.87,1254.02,1244.66,1264.31,1260.95,1260.28,1260.89
2417.56,2415.31,2415.3,2417.4,3300.48,2417.35,2418.83,2418.7,2417.71
2453.34,2445.11,2445.44,2447.77,2449.17,2449.22,4064.76,2449.23,2445.57
2528.37,2530,2531.14,2530.21,2528.04,2529.48,3366.75,2528.98,2530.77
2967.88,2966.19,2964.99,2969.39,2969.21,2968.79,3052.64,2967.68,2968.28
3000,3000,3000,3000,3000,3000,3000,3000,3000
3000,3000,3000,3000,3000,3000,3000,3000,3000
3000,3000,3000,3000,3000,3000,3000,3000,3000
3000,3000,3000,3000,3000,3000,3000,3000,3000
3000,3000,3000,3000,3000,3000,3000,3000,3000
3000,3000,3000,3000,3000,3000,3000,3000,3000
2270.21,2277.03,2276.81,2277.72,2264.06,2271.34,2277.81,2256.75,2282.09
1942.23,1949.28,2168.49,1942.6,1941.73,1936.62,1943.78,1945.15,1945.36
1376.95,1377.37,2523.09,1381.97,1377.13,1377.09,1377.74,1365.11,1377.36
901.248,901.352,903.566,901.328,2140.51,901.36,901.36,922.52,901.36
2407.94,2406.6,2746.91,2402.52,2406.81,2407.19,2406.85,2406.73,2407.64
2412.11,2414.68,2414.61,2413.94,2411.95,2557.01,2414.54,2413.13,2414.6
2474.25,2476.25,2474.06,2475.3,2476.52,2473.66,3095.94,2474.89,2475.29
2928.65,2930.39,2929.32,2931.39,2927.71,2927.06,2929.57,2926.42,2941.02
3000,3000,3000,3000,3000,3000,3000,3000,3000
3000,3000,3000,3000,3000,3000,3000,3000,3000
3000,3000,3000,3000,3000,3000,3000,3000,3000
3000,3000,3000,3000,3000,3000,3000,3000,3000
3000,3000,3000,3000,3000,3000,3000,3000,3000
3000,3000,3000,3000,3000,3000,3000,3000,3000
1589.43,2120.16,1581.07,1578.86,1577.01,1594.67,1590.77,1582.37,1577.01
-827.124,1892.88,-842.184,-841.478,-836.612,-842.122,-826.579,-842.081,-827.599
-398.878,2290.54,-398.705,-401.434,-401.434,-401.434,-401.434,-400.487,-395.495
1187.69,1186.78,1172.85,2888.65,1194.61,1176.85,1196.25,1186.97,1186.97
2389.55,2388.97,2387.44,2387.79,2389.53,2389.57,2389.55,2390.03,2895.45
2406.98,2407.66,2408.04,2407.82,2407.64,2407.46,2827,2407.86,2407.37
2458.47,2459.11,2459.77,2459.2,2700.52,2459.79,2460.42,2459.94,2460.15
2921.19,2915.45,2920.86,2918.44,2915.12,2919.81,2917.61,2921.45,2917.6
3000,3000,3000,3000,3000,3000,3000,3000,3000
3000,3000,3000,3000,3000,3000,3000,3000,3000
3000,3000,3000,3000,3000,3000,3000,3000,3000
3000,3000,3000,3000,3000,3000,3000,3000,3000
3000,3000,3000,3000,3000,3000,3000,3000,3000
3000,3000,3000,3000,3000,3000,3000,3000,3000
2533.63,2518.9,2534.4,2534.23,2534.03,2533.04,2533.87,2520.85,2953.17
-369.96,-369.871,-369.743,-365.273,-367.535,-365.024,-365.582,3228.4,-365.199
335.813,325.272,325.394,342.438,329.059,324.031,314.201,3783.51,314.565
3049.73,2305.26,2301.56,2305.57,2303.94,2305.83,2305.79,2305.88,2305.92
3916.55,2383.06,2382.48,2382.11,2382.82,2382.72,2382.87,2382.36,2383.19
3828.99,2408.18,2408.49,2408.34,2408.31,2407.32,2407.92,2391.34,2407.52
2436.64,2452.26,2436.69,2436.76,2436.91,2436.49,5252.47,2437.19,2436.61
2967.36,2971.34,2970.27,2968.65,2969.45,3598.15,2969.46,2971.58,2970.68
3000,3000,3000,3000,3000,3000,3000,3000,3000
3000,3000,3000,3000,3000,3000,3000,3000,3000
3000,3000,3000,3000,3000,3000,3000,3000,3000
3000,3000,3000,3000,3000,3000,3000,3000,3000
3000,3000,3000,3000,3000,3000,3000,3000,3000
3000,3000,3000,3000,3000,3000,3000,3000,3000
2136.88,2150.23,2140.68,2150.66,2135.68,2148.77,2175.22,2143.7,2146.56
-47.2298,-47.2297,-47.2297,-47.2297,-53.6965,-44.0223,-47.3491,-52.3214,3822.21
1171.99,1151.17,3041.76,1166.74,1175.35,1177.74,1166.74,1166.74,1168.94
2299.49,2304.67,2305.67,3936.76,2304.67,2304.67,2304.67,2304.67,2304.67
2461.97,2462.49,2461.98,2597.2,2462.01,2460.8,2462.36,2461.66,2461.86
2448.61,2447.09,2447.61,2448.56,2448.46,2448.4,2448.24,3673.48,2447.27
2494.45,2493.07,2493.14,2495.4,2494.94,2495.09,2794.78,2494.9,2493.45
2982.71,2978.61,2977.62,2980.49,2975.92,2977.43,2977.88,2980.51,2981.13
3000,3000,3000,3000,3000,3000,3000,3000,3000
3000,3000,3000,3000,3000,3000,3000,3000,3000
3000,3000,3000,3000,3000,3000,3000,3000,3000
3000,3000,3000,3000,3000,3000,3000,3000,3000
3000,3000,3000,3000,3000,3000,3000,3000,3000
3000,3000,3000,3000,3000,3000,3000,3000,3000
2452.76,2469.91,2469.59,2469.26,2469.53,2468.99,2461.18,2469.92,2466.71
497.717,2106.51,497.71,497.609,497.764,497.709,513.976,495.695,491.728
2954.14,-259.546,-268.174,-268.174,-268.174,-243.877,-267.198,-268.174,-268.174
1673.97,1673.59,1677.3,1674.02,1654.77,1682.01,1656.05,3043.2,1674.04
2467.04,2469.38,2469.47,2469.27,5122.28,2484.56,2468.49,2469.19,2468.37
2499.76,2497.07,2506.57,2499.27,2499.15,2498.61,2498.77,2499.05,5082.35
2602.58,2602.86,2602.98,2604.4,2603.44,2603.54,3499.99,2603.31,2602.74
2985.62,2984.23,2983.13,2987.83,2982.21,2985.37,2983.51,2986.18,2986.22
3000,3000,3000,3000,3000,3000,3000,3000,3000
3000,3000,3000,3000,3000,3000,3000,3000,3000
3000,3000,3000,3000,3000,3000,3000,3000,3000
3000,3000,3000,3000,3000,3000,3000,3000,3000
3000,3000,3000,3000,3000,3000,3000,3000,3000
3000,3000,3000,3000,3000,3000,3000,3000,3000
2100.49,2084.41,2093.66,2184.89,2100.32,2087.52,2096.29,2102.7,2103.1
90.3166,72.1573,90.1412,79.0712,2537.46,90.8271,72.1869,72.1869,72.1869
-102.86,-90.117,-86.0915,-101.877,2490.93,-105.298,-100.377,-102.165,-87.0781
2740.35,2040.54,2040.01,2031.04,2042.51,2043.44,2035.62,2053.99,2040.44
2518.23,2496.84,2517.84,5007.13,2514.44,2518.57,2518.38,2518.01,2532.98
2566.15,2567.71,2566.44,2567.34,2567.73,2565.43,2567.29,4303.88,2567.62
2773.27,2728.06,2728.99,2728.98,2730.29,2730.43,2730.43,2728.22,2729.05
2986.61,2988.46,2990.54,2990.44,2993.04,2993.11,2990.98,2991.24,2992.48
3000,3000,3000,3000,3000,3000,3000,3000,3000
3000,3000,3000,3000,3000,3000,3000,3000,3000
3000,3000,3000,3000,3000,3000,3000,3000,3000
3000,3000,3000,3000,3000,3000,3000,3000,3000
3000,3000,3000,3000,3000,3000,3000,3000,3000
3000,3000,3000,3000,3000,3000,3000,3000,3000
1754.44,1759.35,1759.85,1762.13,1748.98,1762.56,1889.44,1744.77,1758.78
434.579,2188.61,442.834,434.673,424.305,439.235,426.635,428.138,427.419
1758.19,1910.52,1764.12,1764.88,1749.84,1746.58,1755.29,1762.18,1764.66
2519,2504.99,2517.55,2518.76,2518.49,2508.69,2542.67,2514.67,2518.83
2464.9,2466.77,2464.93,2466.06,2466.53,2467.93,2467.68,2492.29,2467.66
2657.25,2657.05,2658.01,2657.69,2652.45,2658.59,2658.34,2656.97,2655.23
2863.92,2864.05,2860.86,2861.13,2862.73,2866.21,2864.45,2864.77,2863.83
2996.62,2996.49,2994.02,3000,3000,3000,3000,3000,3000
3000,3000,3000,3000,3000,3000,3000,3000,3000
3000,3000,3000,3000,3000,3000,3000,3000,3000
3000,3000,3000,3000,3000,3000,3000,3000,3000
3000,3000,3000,3000,3000,3000,3000,3000,3000
3000,3000,3000,3000,3000,3000,3000,3000,3000
3000,3000,3000,3000,3000,3000,3000,3000,3000
2471.87,2470.9,2449.08,2470.72,2450.34,2470.18,2471.6,2461.13,2468.4
1901.54,1902.15,1907.25,1905.83,1906.71,1907.26,1906.86,1889.97,2203.7
1695.04,1707.57,1695.7,1692.18,1857.04,1697.08,1709.39,1708.41,1699.18
2451.37,2442.29,2453.38,2453.27,2451.82,2449.88,2451.48,2453.26,2452.43
2533.42,2533.47,2532.35,2534.47,2533.04,2532.88,2534.85,2534.8,2534.71
2685.93,2688.12,2687.15,2687.62,2681.64,2684.95,2705.63,2685.61,2685.49
2917.29,2917.37,2920.58,2917.1,2909.32,2919.6,2920.84,2916.35,2918.59
2999.05,3000,3000,3000,3000,3000,3000,3000,3000
3000,3000,3000,3000,3000,3000,3000,3000,3000
3000,3000,3000,3000,3000,3000,3000,3000,3000
3000,3000,3000,3000,3000,3000,3000,3000,3000
3000,3000,3000,3000,3000,3000,3000,3000,3000
3000,3000,3000,3000,3000,3000,3000,3000,3000
3000,3000,3000,3000,3000,3000,3000,3000,3000
2029.37,2031.82,2019.17,2033.04,2035.95,2036.53,2033.94,2172.25,2025.26
-297.011,-268.015,-302.262,-297.239,-301.638,-269.821,-259.674,2438.62,-295.279
940.561,950.466,937.697,942.193,948.265,1791.55,940.391,942.042,943.612
2387.16,2387.08,2383.88,2386.89,2386.25,2387.3,2384.24,2381.97,2386.88
2472.99,2490.45,2490.05,2490.35,2485.74,2490.74,2511.07,2490.25,2490.69
2559.67,2560.14,2557.54,2560.13,2559.91,2558.58,2558.58,2560.29,2559.4
2823.34,2823.77,2819.83,2823.73,2824.41,2822.83,2820.59,2823.44,2821.77
2997.69,2997.99,2996.29,2994.24,2995.26,2994.54,2993.93,2992.92,2992.88
3000,3000,3000,3000,3000,3000,3000,3000,3000
3000,3000,3000,3000,3000,3000,3000,3000,3000
3000,3000,3000,3000,3000,3000,3000,3000,3000
3000,3000,3000,3000,3000,3000,3000,3000,3000
3000,3000,3000,3000,3000,3000,3000,3000,3000
3000,3000,3000,3000,3000,3000,3000,3000,3000
2010.4,2002.07,1993.81,2024.39,2004.92,1997.75,2005.95,2011.31,2008.87
999.338,984.364,984.365,998.651,991.219,986.185,999.326,2501.85,999.348
1476.18,1477.48,1477.51,2477.71,1482.6,1483.49,1475.79,1479.79,1475.53
2275.9,2276.17,2275.5,2257.37,2265.46,2273.99,2275.76,3753.85,2275.81
2447.63,2448.72,2450.34,2449.68,2449.61,2448.8,2449.54,2449.27,3532.61
2474.13,2476.62,2477.32,2476.97,4217.04,2476.89,2476.41,2477.03,2474.85
2662.72,2662.01,2663.35,2663.11,2659.55,2663.72,3806.06,2664.28,2662.42
2987.37,2986.06,2989.67,2985.04,2990.12,2984.62,2990.69,2988.01,2987.55
3000,3000,3000,3000,3000,3000,3000,3000,3000
3000,3000,3000,3000,3000,3000,3000,3000,3000
3000,3000,3000,3000,3000,3000,3000,3000,3000
3000,3000,3000,3000,3000,3000,3000,3000,3000
3000,3000,3000,3000,3000,3000,3000,3000,3000
3000,3000,3000,3000,3000,3000,3000,3000,3000
1680.65,1676.54,1671.2,1681.12,1678.22,1679.11,1934.88,1681.44,1677.71
90.7624,89.3166,89.2318,85.9129,92.8296,91.6881,90.3303,3104,88.3104
-836.184,2720.94,-834.539,-837.665,-836.935,-841.902,-841.902,-841.902,-841.902
687.673,680.034,696.665,679.567,683.096,695.919,3872.56,680.057,686.67
2412.64,2412.85,2412.84,2412.93,2411.95,3718.76,2412.54,2416.28,2412.35
2424.67,2423.96,2424.15,3615.36,2423.25,2424.59,2424.95,2424.86,2424.59
2478.41,2477.86,2478.88,2477.31,2479.94,2477.69,2480,2479.55,3478.28
2981.47,2980.01,2980.1,3176.06,2976.85,2978.56,2975.58,2978.5,2978.26
3000,3000,3000,3000,3000,3000,3000,3000,3000
3000,3000,3000,3000,3000,3000,3000,3000,3000
3000,3000,3000,3000,3000,3000,3000,3000,3000
3000,3000,3000,3000,3000,3000,3000,3000,3000
3000,3000,3000,3000,3000,3000,3000,3000,3000
3000,3000,3000,3000,3000,3000,3000,3000,3000
1724.29,1719.21,1724.24,1723.53,2676.63,1725.29,1709.1,1714.48,1726.24
-734.917,-735.119,-730.296,-733.627,-734.809,3294.53,-716.399,-731.709,-732.372
-948.374,-935.878,-947.561,-935.044,-930.401,-889.498,-942.178,3774.19,-948.033
99.753,94.099,99.0239,107.597,3464.46,99.6352,99.1998,93.9566,93.9566
2384.31,2384.43,2385.42,2384.68,2383.94,2383.7,3834.33,2385.37,2383.66
2394.92,2394.76,2394.25,2394.83,3743.68,2394.54,2394.53,2394.46,2395.09
2453.97,2453.69,2455.62,3815.75,2455.42,2454.03,2454,2453.13,2454.83
2924.7,2922.08,2923.68,2923.33,3027.15,2923.55,2924.42,2923.67,2925.16
3000,3000,3000,3000,3000,3000,3000,3000,3000
3000,3000,3000,3000,3000,3000,3000,3000,3000
3000,3000,3000,3000,3000,3000,3000,3000,3000
3000,3000,3000,3000,3000,3000,3000,3000,3000
3000,3000,3000,3000,3000,3000,3000,3000,3000
3000,3000,3000,3000,3000,3000,3000,3000,3000
2245.01,1864.86,1871.84,1865.14,1856.22,1860.44,1859.36,1857.42,1856.2
-518.984,-516.103,2648.27,-519.689,-516.09,-503.304,-516.075,-513.056,-518.127
-701.959,-685.981,-694.668,2986.38,-700.845,-693.045,-676.355,-700.815,-700.815
1685.6,1701.26,1701.32,1699.16,1708.75,1705.71,4103.76,1692.45,1697.56
2397.58,2397.14,2395.39,3238.79,2397.68,2377.02,2397.13,2398.02,2397.64
2414.26,2414.77,2415.58,2414.82,2415.94,2416.06,2415.35,2413.79,2838.07
2498.61,2498.17,2498.48,2498.63,2498.42,2498.23,2496.9,2498.89,2699.12
2875.08,2870.56,2887.28,2872.46,2870.05,2870.09,2872.73,2871.65,2873.21
3000,3000,3000,3000,3000,3000,3000,3000,3000
3000,3000,3000,3000,3000,3000,3000,3000,3000
3000,3000,3000,3000,3000,3000,3000,3000,3000
3000,3000,3000,3000,3000,3000,3000,3000,3000
3000,3000,3000,3000,3000,3000,3000,3000,3000
3000,3000,3000,3000,3000,3000,3000,3000,3000
958.39,952.649,949.262,958.369,4625.06,948.458,957.317,954.736,947.589
-791.82,-789.468,-751.531,5380.21,-792.287,-791.905,-791.644,-774.63,-791.173
-965.418,-965.598,-965.38,-931.076,-933.274,-956.849,5520.4,-958.46,-911.784
-590,-568.061,-597.446,5970.54,-601.234,-572.206,-596.09,-578.296,-591.329
2388.94,2412.51,2418.39,2401.83,2390.07,2388.83,6340.68,2417.29,2415.34
2366.19,2375.43,2366.61,2364.44,2366.84,2366.35,6326.13,2422.45,2366.88
2374.8,2386.89,2392.5,6138.37,2373.81,2374.39,2387.14,2399.29,2397.52
2943.92,2942.7,2944.92,3070.95,2948.46,2945.84,2946.7,2947.8,2946.61
3000,3000,3000,3000,3000,3000,3000,3000,3000
3000,3000,3000,3000,3000,3000,3000,3000,3000
3000,3000,3000,3000,3000,3000,3000,3000,3000
3000,3000,3000,3000,3000,3000,3000,3000,3000
3000,3000,3000,3000,3000,3000,3000,3000,3000
3000,3000,3000,3000,3000,3000,3000,3000,3000
1779.81,1768.51,1779.02,1765.11,2754.59,1763.7,1765.07,1765.05,1778.74
2955.37,-787.199,-778.619,-787.389,-787.1,-787.253,-779.493,-786.319,-781.204
-896.796,-897.636,-880.721,5206.9,-898.367,-895.542,-898.532,-894.668,-896.908
631.506,629.697,652.067,6031.24,638.787,692.16,632.93,635.318,623.136
1921.69,1921.67,1950.82,1921.27,1921.28,1948.14,1921.2,1921.85,6410.55
4755.98,2426.47,2427.29,2426.96,2426.92,2424.64,2426.83,2427.3,2426.18
2469.18,2469.47,2469.42,2469.66,3026.32,2468.69,2469.77,2469.24,2469.4
2976.31,2979.15,2976.03,2976.97,2977.19,2977.07,2976.63,2976.86,2976.84
3000,3000,3000,3000,3000,3000,3000,3000,3000
3000,3000,3000,3000,3000,3000,3000,3000,3000
3000,3000,3000,3000,3000,3000,3000,3000,3000
3000,3000,3000,3000,3000,3000,3000,3000,3000
3000,3000,3000,3000,3000,3000,3000,3000,3000
3000,3000,3000,3000,3000,3000,3000,3000,3000
1967.82,1977.53,1976.57,1977.8,1979.03,1975.88,3751.43,1980.01,1977.69
-852.321,-856.911,-859.117,-855.466,-858.91,-859.166,3609.95,-858.79,-858.334
-661.033,-663.151,-659.909,-665.362,-666.084,-661.08,-664.559,5295.54,-655.069
1573.59,1592.33,1583.41,1585.81,1566.67,6027.13,1586.12,1580.3,1587.29
1955.97,1954.43,4991.99,1955.22,1955.15,1955.96,1955.88,1953.83,1953.58
2468.67,2469.33,2469.51,2468.02,2467.69,2468.51,2468.97,3113.86,2466.08
2593.54,2595.18,2592.25,2594.5,2595.28,2595.1,2617.99,2594.36,2592.76
2991.53,2989.21,2988.35,2988.13,2985.24,2988.22,2990.2,2989.45,2986.11
3000,3000,3000,3000,3000,3000,3000,3000,3000
3000,3000,3000,3000,3000,3000,3000,3000,3000
3000,3000,3000,3000,3000,3000,3000,3000,3000
3000,3000,3000,3000,3000,3000,3000,3000,3000
3000,3000,3000,3000,3000,3000,3000,3000,3000
3000,3000,3000,3000,3000,3000,3000,3000,3000
2230.31,2228.83,2209.95,4295.62,2231.03,2231.46,2223.62,2219.76,2223.28
-158.203,-161.334,-162.937,-162.074,-163.199,3534.83,-89.5844,-153.861,-158.174
402.002,401.597,391.638,5285.35,447.539,429.775,402.075,403.798,403.684
882.537,883.431,894.453,883.167,5832.75,896.651,879.207,883.559,872.303
1921.49,1921.48,1903.43,1921.34,1919.06,1920.24,1920.8,6170.19,1916.86
2410.68,2409.6,2410.6,2410.65,2410.07,2435.72,2409.96,2409.05,4742.38
2701.32,2694.71,2700.38,2699.05,2700.16,2698.82,2701.5,5067.34,2700.94
2994,2994.28,2992.43,2996.22,2991,2989.89,2989.57,2996.05,2990.45
3000,3000,3000,3000,3000,3000,3000,3000,3000
3000,3000,3000,3000,3000,3000,3000,3000,3000
3000,3000,3000,3000,3000,3000,3000,3000,3000
3000,3000,3000,3000,3000,3000,3000,3000,3000
3000,3000,3000,3000,3000,3000,3000,3000,3000
3000,3000,3000,3000,3000,3000,3000,3000,3000
1854.5,1864.49,1869.58,2255.11,1861.62,1864.35,1859.04,1867.79,1870.81
0.681872,2.14175,2.36252,-2.16195,0.708562,-2.55281,3708.8,3.35619,1.26287
522.596,531.704,531.817,4030.46,531.578,531.86,522.702,531.812,522.237
2395.2,2400.5,2384.04,2381.48,2402.36,2400.42,2402.62,2401.46,2795.61
2519.06,2503.36,2520.68,2520.18,2522.09,2522.33,2538.45,2522.01,2501.76
2639.47,2641.47,2640.48,2639.92,2637.51,2626.8,2640.59,2640.75,3724.99
3326.91,2848.3,2852.26,2851.96,2845.79,2852.05,2850.02,2844.9,2849.66
2997.59,2995.42,2995.17,2993.8,2992.59,3000,3000,3000,3000
3000,3000,3000,3000,3000,3000,3000,3000,3000
3000,3000,3000,3000,3000,3000,3000,3000,3000
3000,3000,3000,3000,3000,3000,3000,3000,3000
3000,3000,3000,3000,3000,3000,3000,3000,3000
3000,3000,3000,3000,3000,3000,3000,3000,3000
3000,3000,3000,3000,3000,3000,3000,3000,3000
2078.57,2079.56,2090.7,2091.7,2153.48,2087.26,2090.91,2085,2079.03
797.924,796.743,793.93,803.17,803.224,791.098,798.28,1763.05,803.228
786.672,776.134,786.159,3741.26,785.419,786.463,776.08,776.113,785.495
2473.3,2470.47,2474.08,2472.27,2473.78,2470.79,2953,2461.14,2470.48
2475.16,2481.38,2481.13,2481.7,2481.22,2481.24,2480.25,2780.12,2481.07
2678.03,2679.09,2677.8,2677.06,2672.56,2679.42,3748.15,2681.01,2681.13
2910.69,2906.77,2909.15,4013.49,2909.83,2910.46,2910.67,2908.78,2911.22
3000,3000,3000,3000,3000,3000,3000,3000,3000
3000,3000,3000,3000,3000,3000,3000,3000,3000
3000,3000,3000,3000,3000,3000,3000,3000,3000
3000,3000,3000,3000,3000,3000,3000,3000,3000
3000,3000,3000,3000,3000,3000,3000,3000,3000
3000,3000,3000,3000,3000,3000,3000,3000,3000
3000,3000,3000,3000,3000,3000,3000,3000,3000
1296.54,1296.37,2441.16,1310.22,1310.82,1300.57,1306.64,1301.28,1306.51
-413.412,-420.568,-429.114,-425.091,-417.018,2404.15,-425.252,-409.81,-429.041
128.747,124.093,121.701,121.671,2051.09,123.03,121.73,127.349,146.184
2058.09,2078.65,2078.5,2056.38,2066.42,3616.55,2079.23,2078.76,2075.2
2438.13,2436.92,2437.67,2439.8,2438.69,2439.95,2435.54,2462.06,4399.25
2549.57,2548.58,2550.16,2549.41,4820.14,2549.63,2550.14,2549.98,2549.7
2466.24,2464.07,2465.07,2466.04,2464.2,2466.02,4868.98,2465.68,2465.44
2999.01,2995.34,2995.11,2995.52,2994.36,2993.79,2995.84,3143.42,3000
3000,3000,3000,3000,3000,3000,3000,3000,3000
3000,3000,3000,3000,3000,3000,3000,3000,3000
3000,3000,3000,3000,3000,3000,3000,3000,3000
3000,3000,3000,3000,3000,3000,3000,3000,3000
3000,3000,3000,3000,3000,3000,3000,3000,3000
3000,3000,3000,3000,3000,3000,3000,3000,3000
1710.7,1714.33,1701.49,1702.78,1698.28,2456.98,1708.21,1704.47,1702.29
-754.676,-753.823,-720.336,-743.935,-752.474,-751.294,-721.158,-754.675,3478.99
-238.247,-213.727,-243.133,-234.246,-240.272,3190.79,-210.907,-206.312,-222.915
386.064,382.851,388.015,387.122,393.395,382.237,3881.98,379.726,385.217
2292.81,2292.61,2293.63,2293.25,2293.36,2291.89,2292.08,4813.26,2292.14
2446.77,2445.96,2446.16,4890.99,2446.94,2445.13,2446.5,2445.89,2447.22
2649.65,2648.23,2648.93,3828.5,2649.37,2650.26,2648.89,2649.46,2648.3
2989.49,2986.81,2989.51,2991.72,2990.47,2995.27,2984.19,2990.83,2990.09
3000,3000,3000,3000,3000,3000,3000,3000,3000
3000,3000,3000,3000,3000,3000,3000,3000,3000
3000,3000,3000,3000,3000,3000,3000,3000,3000
3000,3000,3000,3000,3000,3000,3000,3000,3000
3000,3000,3000,3000,3000,3000,3000,3000,3000
3000,3000,3000,3000,3000,3000,3000,3000,3000
1137.98,2620.94,1140.81,1134.23,1141.51,1135.57,1143.09,1146.24,1137.68
-869.259,-871.936,3882.39,-863.816,-827.045,-871.455,-871.823,-871.624,-870.079
-966.143,3155.18,-941.451,-966.564,-964.564,-943.275,-940.882,-965.962,-965.94
217.506,219.584,234.03,197.302,244.637,4563.35,219.296,213.444,222.761
2370.29,2370.65,2369.76,2370.78,2370.02,2372.32,2370.13,2370.07,4636.79
2414.55,2414.19,3684.6,2415.17,2413.56,2415.46,2413.83,2414.51,2415.7
2489.51,2489.01,2488.32,2489.65,2489.93,2489.69,3951.08,2488.46,2488.25
2986.26,2985.1,2985.14,2981.4,2984.41,2986.7,2980.91,2982.13,2982.86
3000,3000,3000,3000,3000,3000,3000,3000,3000
3000,3000,3000,3000,3000,3000,3000,3000,3000
3000,3000,3000,3000,3000,3000,3000,3000,3000
3000,3000,3000,3000,3000,3000,3000,3000,3000
3000,3000,3000,3000,3000,3000,3000,3000,3000
3000,3000,3000,3000,3000,3000,3000,3000,3000
2325.19,2328.93,2324.06,2334.49,2338.54,2673.31,2341.12,2340.79,2337.96
1122.75,1125.69,1123.41,1132.31,1114.9,1120.07,1127.67,3680.09,1130.09
-555.232,-522.868,3136.62,-546.893,-557.537,-545.299,-557.589,-562.114,-549.512
91.7356,92.4642,92.2732,92.8632,94.1598,95.3695,116.923,4607.32,90.7175
2337.82,2336.38,2337.16,2337.84,2318.22,4433.19,2329.45,2365.41,2337.66
2375.55,2375.06,2374.59,2374.24,2399.35,2376.21,2415.07,4701.26,2374.84
2388.8,2389.52,2389.16,3799.53,2389.85,2389.54,2388.87,2389.38,2389.45
2912.7,2909.21,3074.19,2911.7,2909.91,2911.46,2911.7,2912.1,2912.71
3000,3000,3000,3000,3000,3000,3000,3000,3000
3000,3000,3000,3000,3000,3000,3000,3000,3000
3000,3000,3000,3000,3000,3000,3000,3000,3000
3000,3000,3000,3000,3000,3000,3000,3000,3000
3000,3000,3000,3000,3000,3000,3000,3000,3000
3000,3000,3000,3000,3000,3000,3000,3000,3000
2278.06,2265.8,2283.48,2283.79,2262.2,2283.37,2277.7,2287.37,2283.77
1609.93,1606.03,3019.45,1608.94,1612.24,1618.12,1614.52,1611.61,1607.16
1874.98,1882.17,1881.58,1876.21,3608.26,1873.78,1873.52,1863.66,1881.72
2274.63,2278.61,2257.53,2279.27,2268.04,2262.66,2278.46,3856.59,2278.98
2344.12,2344.16,2343.91,2344.5,2343.85,2326.85,2344.43,2343.12,3876.48
2411.97,2413.05,2412.03,2413.68,2413.3,2413.62,4822.04,2412.15,2420.97
2464.9,2466.8,2466.59,2466.45,3839.45,2467.71,2466.6,2466.46,2465.67
2897.73,2898.3,2900.11,2898.69,2897.67,2894.43,2897.25,2900.03,2901.57
3000,3000,3000,3000,3000,3000,3000,3000,3000
3000,3000,3000,3000,3000,3000,3000,3000,3000
3000,3000,3000,3000,3000,3000,3000,3000,3000
3000,3000,3000,3000,3000,3000,3000,3000,3000
3000,3000,3000,3000,3000,3000,3000,3000,3000
3000,3000,3000,3000,3000,3000,3000,3000,3000
2440.96,2442.58,2442.24,2418.36,2438.54,2424.37,2441.94,5771.95,2442.48
-55.674,-56.3439,5669.24,0.115347,-55.1617,-52.3798,-51.7466,-42.9131,-39.2186
-895.746,-897.838,-897.826,-823.958,-881.339,-846.772,-895.93,-897.694,5764.29
-294.792,-261.034,-276.007,-298.763,5934.99,-279.387,-273.972,-276.275,-244.273
2246.48,2235.45,2265.11,2248.17,2263.22,2267.98,2259.89,6445.59,2247.37
1734.53,1721.67,1721.42,1721.76,1721.82,1721.76,6429.48,1721.66,1746.45
2485.56,2442.58,2417.57,2417.7,2445.59,2431.07,6153.68,2417.58,2416.81
2978.38,2976.34,2976.99,2977.27,2978.76,2979.29,3015.57,2980.32,2979.01
3000,3000,3000,3000,3000,3000,3000,3000,3000
3000,3000,3000,3000,3000,3000,3000,3000,3000
3000,3000,3000,3000,3000,3000,3000,3000,3000
3000,3000,3000,3000,3000,3000,3000,3000,3000
3000,3000,3000,3000,3000,3000,3000,3000,3000
3000,3000,3000,3000,3000,3000,3000,3000,3000
1503.63,1502.38,1502.7,1486.67,1489.89,1502.94,1489.09,4329.01,1490.43
-962.621,-922.654,5242.84,-962.9,-961.957,-961.753,-962.62,-962.62,-949.437
-810.978,5294.86,-817.029,-817.032,-814.03,-798.767,-810.914,-816.465,-793.751
6248.64,-169.333,-171.376,-134.727,-131.016,-95.5449,-171.376,-57.0181,-120.491
2325.5,2082.95,2163.19,2166.5,2136.98,2147.33,2225.33,2028.54,6936.27
2427.07,2427.97,2428.25,2427.84,2427.22,2428.16,2428.03,2427.83,6209.17
2499.08,2498.98,2497.37,2498.77,4178.68,2498.69,2499.29,2498.77,2499.24
2987.21,2989.38,2991.86,2990.87,2991.43,2990.47,2991.35,2991.16,2991.42
3000,3000,3000,3000,3000,3000,3000,3000,3000
3000,3000,3000,3000,3000,3000,3000,3000,3000
3000,3000,3000,3000,3000,3000,3000,3000,3000
3000,3000,3000,3000,3000,3000,3000,3000,3000
3000,3000,3000,3000,3000,3000,3000,3000,3000
3000,3000,3000,3000,3000,3000,3000,3000,3000
1169.3,1177.75,1175.41,1176.47,1990,1175.58,1175.99,1167.52,1175.75
-867.586,-873.166,-866.173,-872.401,-872.817,-868.251,-867.584,-872.357,4450.29
-924.168,-923.053,-887.52,5293.35,-919.222,-921.442,-918.205,-904.834,-923.836
-13.7192,-29.5386,-19.151,10.3669,6234.89,-29.4074,-32.0493,-21.9561,-23.229
750.908,714.192,693.849,698.661,6509.65,693.742,715.191,698.42,693.307
2469.52,2445.09,2445.2,2471.43,2444.36,6623.83,2471.84,2444.93,2445.22
2587.72,2589.47,2618.9,2589.69,2589.18,2590.13,2590.09,6449.98,2586.91
3156.89,2992.43,2989.61,2991.69,2991.15,2989.85,2990.99,2988.33,2988.57
3000,3000,3000,3000,3000,3000,3000,3000,3000
3000,3000,3000,3000,3000,3000,3000,3000,3000
3000,3000,3000,3000,3000,3000,3000,3000,3000
3000,3000,3000,3000,3000,3000,3000,3000,3000
3000,3000,3000,3000,3000,3000,3000,3000,3000
3000,3000,3000,3000,3000,3000,3000,3000,3000
2268.42,2284.4,2291.19,2281.14,2290.84,2271.75,2279.4,3042.36,2268.76
-166.708,4969.47,-167.434,-160.115,-167.212,-168.099,-166.139,-160.273,-163.492
-715.04,-716.853,-691.224,-719.831,-719.831,5083.78,-691.404,-707.343,-718.81
973.041,964.058,977.043,5964.81,963.805,995.87,965.37,1011.39,969.052
1822.44,1809.38,1821.18,1821.48,1821.4,1821.88,6024.18,1821.67,1821.76
2508.21,2509.24,2528.48,2511.43,2508.62,2511.02,2510.64,2510.96,6458.22
2694.31,2696.41,2697.51,2696.56,2722.37,2697.3,2697.39,2722.69,6565.39
2998.83,2997.98,2997.89,2996.51,2995.47,2995.49,2994.93,2994.03,2997.09
3000,3000,3000,3000,3000,3000,3000,3000,3000
3000,3000,3000,3000,3000,3000,3000,3000,3000
3000,3000,3000,3000,3000,3000,3000,3000,3000
3000,3000,3000,3000,3000,3000,3000,3000,3000
3000,3000,3000,3000,3000,3000,3000,3000,3000
3000,3000,3000,3000,3000,3000,3000,3000,3000
1827.78,1843.37,1830.64,1836.51,1831.83,1845.36,1836.87,1835.75,3777.79
-883.738,-874.03,-885.744,-871.763,-885.24,-881.759,5411.44,-885.714,-849.837
-744.804,-743.065,-738.149,5462.09,-705.978,-729.013,-696.207,-704.056,-744.216
1726.94,1727.14,3811.56,1709.15,1723.32,1727.66,1727.75,1727.26,1727.27
2445.48,2445.46,2445.23,2445.12,2426.41,3767.37,2443.56,2444.67,2445.24
2632.76,2611.07,2609.45,2608.61,2610.4,2611.27,2609.29,2611.41,5296.95
2835.2,2831.58,2832.36,2832.04,2834.28,2835.58,4615.87,2835.73,2861.02
2998.46,2993.12,2996.23,2994.68,2994.71,3000,3000,3000,3000
3000,3000,3000,3000,3000,3000,3000,3000,3000
3000,3000,3000,3000,3000,3000,3000,3000,3000
3000,3000,3000,3000,3000,3000,3000,3000,3000
3000,3000,3000,3000,3000,3000,3000,3000,3000
3000,3000,3000,3000,3000,3000,3000,3000,3000
3000,3000,3000,3000,3000,3000,3000,3000,3000
2074.38,2074.88,2223.26,2077.46,2076.78,2087.41,2082.85,2073.34,2087.95
1123.39,2203.92,1135.93,1119,1122.54,1123.3,1111.94,1120.7,1125.23
1825.02,1824.19,1815.08,1824.52,1823.5,1818.4,1825.25,2920.62,1820.96
3229.48,2472.25,2472.77,2472.68,2472.94,2472.59,2471.38,2453.57,2472.49
2246.53,2248.21,2248.48,2248.36,2244.82,2247.55,3829.74,2244.86,2248.48
2574.72,2575.41,2573.4,2575.21,2571.54,2574.84,2574.18,5716.94,2575.73
2894.02,4365.59,2894.92,2894.5,2879.3,2894.91,2893.27,2895.25,2895.34
2991.6,3000,3000,3000,3000,3000,3000,3000,3000
3000,3000,3000,3000,3000,3000,3000,3000,3000
3000,3000,3000,3000,3000,3000,3000,3000,3000
3000,3000,3000,3000,3000,3000,3000,3000,3000
3000,3000,3000,3000,3000,3000,3000,3000,3000
3000,3000,3000,3000,3000,3000,3000,3000,3000
3000,3000,3000,3000,3000,3000,3000,3000,3000
1523.5,1521.69,1526.17,1530.4,1523.41,2925.31,1525.54,1524.06,1530.44
816.91,822.547,811.186,805.073,804.585,3603.74,817.033,832.651,817.033
1597.24,1594.82,3378.62,1597.06,1589.83,1598.17,1585.5,1613.29,1595.77
1665.69,1665.34,3950.78,1665.33,1661.93,1651.8,1668.73,1659.86,1647.95
2393.35,2412.05,2411.85,2411.85,2411.24,2411.7,4261.6,2411.81,2411.79
2539.18,2538.31,2538.11,2540,2538.58,2539.75,5094.26,2538.24,2538.06
2825.48,2827.98,2828.1,2828.87,2823.7,3082.5,2827.31,2825.76,2828.46
2997.04,2997.67,3000,3000,3000,3000,3000,3000,3000
3000,3000,3000,3000,3000,3000,3000,3000,3000
3000,3000,3000,3000,3000,3000,3000,3000,3000
3000,3000,3000,3000,3000,3000,3000,3000,3000
3000,3000,3000,3000,3000,3000,3000,3000,3000
3000,3000,3000,3000,3000,3000,3000,3000,3000
3000,3000,3000,3000,3000,3000,3000,3000,3000
1440.32,1434.98,1434.49,1436.39,3973.1,1440.06,1441.37,1440.12,1434.86
-845.647,-821.042,3893.48,-842.228,-841.333,-839.191,-845.631,-845.549,-845.238
-136.537,-130.596,4110.55,-143.788,-141.813,-143.788,-141.876,-135.291,-142.733
1697.06,1714.54,4156.96,1711.53,1714.7,1707.14,1699.76,1705.21,1704.78
2424.83,4305.45,2428.54,2408.26,2423.39,2445.89,2424.39,2422.51,2424.18
2466.14,2464.65,2466.16,2465.9,2466.34,2465.88,5105.02,2465.62,2465.64
2668.57,2670.3,2667.27,2666.03,2667.32,2669.62,2669.07,4495.67,2667.2
2990.34,2992.53,2990.7,2988.54,2988.43,2998.76,2995.48,2994.88,2994.85
3000,3000,3000,3000,3000,3000,3000,3000,3000
3000,3000,3000,3000,3000,3000,3000,3000,3000
3000,3000,3000,3000,3000,3000,3000,3000,3000
3000,3000,3000,3000,3000,3000,3000,3000,3000
3000,3000,3000,3000,3000,3000,3000,3000,3000
3000,3000,3000,3000,3000,3000,3000,3000,3000
1728.08,1743.64,1731.96,3581.8,1743.93,1731.34,1740.64,1738.1,1743.31
-655.466,-662.807,-662.05,-662.17,-665.081,-663.69,-616.432,-628.731,3801.54
-669.767,3923.56,-671.496,-650.313,-685.592,-680.954,-686.869,-636.234,-675.222
825.514,806.569,750.552,758.43,761.572,5004.41,767.625,770.078,762.749
4823.52,2377.36,2373.79,2374.42,2358.98,2374.16,2374.19,2374.58,2373.94
2413.72,2411.29,2413.96,2413.51,2413.43,2412.44,4888.47,2411.88,2413.47
3081.59,2497.88,2500.63,2498.46,2499.7,2500.59,2500.24,2500.03,2498.75
2988.63,2987.2,2991.15,2987,3008.61,2990.43,2984.83,2991.22,2988.12
3000,3000,3000,3000,3000,3000,3000,3000,3000
3000,3000,3000,3000,3000,3000,3000,3000,3000
3000,3000,3000,3000,3000,3000,3000,3000,3000
3000,3000,3000,3000,3000,3000,3000,3000,3000
3000,3000,3000,3000,3000,3000,3000,3000,3000
3000,3000,3000,3000,3000,3000,3000,3000,3000
1624.62,1625.64,3250.63,1625.44,1622.54,1624.26,1621.55,1622.07,1631.2
-696.112,-696.134,-658.201,-694.471,-690.675,-696.12,-688.192,3481.57,-688.584
-286.537,-281.377,-251.318,-289.948,-293.016,4205.32,-279.775,-272.224,-256.441
-63.9081,-46.4853,-69.4079,4370.23,-50.0726,-71.4604,-71.3829,-71.7793,-63.2131
2314.26,2314.51,2313.81,2370.97,2313.59,2314.52,5528.75,2314.44,2314.39
2363.26,2367.34,2358.16,2362.5,2366.54,2357.26,5276.41,2356.04,2357.88
2430.24,2429.87,2431.03,2430.84,4299.36,2429.7,2430.91,2440.94,2444
2980.76,2981.35,2980.56,2983.21,2977.33,2982.52,2980.99,3214.19,2980.83
3000,3000,3000,3000,3000,3000,3000,3000,3000
3000,3000,3000,3000,3000,3000,3000,3000,3000
3000,3000,3000,3000,3000,3000,3000,3000,3000
3000,3000,3000,3000,3000,3000,3000,3000,3000
3000,3000,3000,3000,3000,3000,3000,3000,3000
3000,3000,3000,3000,3000,3000,3000,3000,3000
1142.4,1129.15,1143.52,1130.28,3177.74,1130.66,1143.9,1129.25,1130.12
-792.306,-793.651,-791.236,-793.799,-792.5,-791.065,-789.586,3154.46,-789.399
-764.437,-763.589,-767.839,-765.955,-750.889,-763.408,3543.18,-756.315,-760.153
1650.8,1629.46,1650.57,1648.4,1647.69,1647.46,4409.25,1652.61,1634.35
2332.28,2332.53,2332.36,4512.78,2331.85,2311.61,2331.87,2331.98,2333.56
2394.41,2392.09,2392.72,2393.74,2393.64,2394.4,2394.4,2393.61,3864.06
3778.09,2464.36,2463.41,2462.71,2462.48,2463.44,2463.73,2464.38,2462.87
2973.66,2975.85,2971.88,2972.28,2977.3,2973.65,2974.53,2974.35,2971.48
3000,3000,3000,3000,3000,3000,3000,3000,3000
3000,3000,3000,3000,3000,3000,3000,3000,3000
3000,3000,3000,3000,3000,3000,3000,3000,3000
3000,3000,3000,3000,3000,3000,3000,3000,3000
3000,3000,3000,3000,3000,3000,3000,3000,3000
3000,3000,3000,3000,3000,3000,3000,3000,3000
2456.55,2496.74,2457.07,2472.32,2473.36,2472.48,6068.29,2470.63,2472.91
1570.25,1586.17,1563.21,1561.91,6390.18,1568.99,1558.89,1596.45,1580.24
1356.37,1357.17,6072.58,1376.66,1373.66,1371.87,1373.85,1374.28,1371.87
2318.94,2317.96,2317.6,6503.96,2365.67,2343.58,2317.81,2347.31,2317.38
2276.45,2254.79,2254.47,2254.95,2254.06,2285.43,6504.16,2279.87,2284.81
2287.57,2287.82,2287.15,6484.8,2305.97,2286.99,2316.91,2287.63,2287.77
1724.42,1723.3,1722.03,1724.22,1723.72,1723.81,1723.87,1724.78,6534.21
3020.35,2989.74,2986.84,2988.35,2986.12,2986.49,2988.11,2986.94,2986.89
3000,3000,3000,3000,3000,3000,3000,3000,3000
3000,3000,3000,3000,3000,3000,3000,3000,3000
3000,3000,3000,3000,3000,3000,3000,3000,3000
3000,3000,3000,3000,3000,3000,3000,3000,3000
3000,3000,3000,3000,3000,3000,3000,3000,3000
3000,3000,3000,3000,3000,3000,3000,3000,3000
-15.087,-15.0129,-15.1873,-15.3286,2157.05,-15.2867,-17.1328,-15.067,-15.0613
-367.531,-368.124,-369.477,-318.747,-367.789,-369.7,-314.342,5184.1,-333.119
6008.94,-502.188,-460.669,-483.371,-502.188,-502.188,-451.849,-502.188,-502.188
6108.61,1736.93,1735.81,1708.22,1702.92,1722.76,1702.92,1706.53,1705.97
1896.31,1923.18,1930.6,1896.3,1884.9,1896.15,6007.33,1895.2,1896.37
2412.73,2412.67,2412.41,2411.49,2412.46,6270,2412.13,2412.49,2412.61
2507.63,2508.5,2507.35,2530.2,2507.82,2507.46,2508.36,6327.59,2533.79
2990.26,2989.23,2990.41,3014.92,2991.86,2987.94,2993.39,2991.65,2990.67
3000,3000,3000,3000,3000,3000,3000,3000,3000
3000,3000,3000,3000,3000,3000,3000,3000,3000
3000,3000,3000,3000,3000,3000,3000,3000,3000
3000,3000,3000,3000,3000,3000,3000,3000,3000
3000,3000,3000,3000,3000,3000,3000,3000,3000
3000,3000,3000,3000,3000,3000,3000,3000,3000
2644.87,2643.36,2642.47,2668.47,2644.76,2621.53,2644.92,5878.92,2618.51
1166.67,1151.94,1176.48,1166.65,1166.68,1199.52,1166.46,6358.78,1230.96
6937.32,-510.552,-360.605,-449.057,-256.393,-477.142,-513.95,-337.008,-506.559
-332.444,-331.399,-311.955,-312.991,-285.545,-241.705,6903.85,-282.802,-307.447
3770.31,3720.36,3800.03,4027.92,3762.25,3624.42,3667.91,3927.41,6916.66
3842.87,4204.26,3841.38,3898.47,3997.79,3850.88,4111.42,6914.39,4070.81
2562.71,2589.07,2613.75,2561.01,2562.95,2659.61,2629.23,2616.67,6819.21
2988.19,2985.86,2984.31,2985.1,2985.88,4312.22,2989.17,2988.61,2990.16
3000,3000,3000,3000,3000,3000,3000,3000,3000
3000,3000,3000,3000,3000,3000,3000,3000,3000
3000,3000,3000,3000,3000,3000,3000,3000,3000
3000,3000,3000,3000,3000,3000,3000,3000,3000
3000,3000,3000,3000,3000,3000,3000,3000,3000
3000,3000,3000,3000,3000,3000,3000,3000,3000
3882.4,1461.11,1452.06,1466.28,1465.64,1466.4,1464.11,1450.94,1462.26
5919.9,-862.258,-914.66,-914.66,-912.508,-900.849,-914.407,-912.656,-914.66
-494.856,-495.497,-459.205,-450.496,-490.805,5324.74,-495.443,-401.897,-491.667
1485.21,1436.39,1431.17,1467.31,1468.36,1440.52,1432.84,6129.25,1469.42
1921.94,1922.27,1921.95,1922.23,1921.7,1922.13,1921.58,6319.04,1921.8
2502.12,2528.26,2501.88,2524.04,2498.72,2501.08,6524.92,2501.97,2527.53
2628.25,2629.58,2655.05,2630.28,2630.42,2629.71,2630.26,2630.33,6234.94
2997.35,2998.24,2998.07,2996.55,2996.69,2995.61,2996.08,3000,3000
3000,3000,3000,3000,3000,3000,3000,3000,3000
3000,3000,3000,3000,3000,3000,3000,3000,3000
3000,3000,3000,3000,3000,3000,3000,3000,3000
3000,3000,3000,3000,3000,3000,3000,3000,3000
3000,3000,3000,3000,3000,3000,3000,3000,3000
3000,3000,3000,3000,3000,3000,3000,3000,3000
4771.86,2312.99,2307.83,2322.45,2321.31,2307.97,2305.09,2307.65,2318.54
495.236,5377.64,471.09,466.176,466.653,471.631,506.238,468.21,467.171
-163.424,5294.34,-128.783,-153.506,-162.437,-145.96,-163.164,-153.893,-159.002
1841.33,1842.04,1840.68,1841.84,1841.81,1840.47,1836.12,1842.13,4966.38
2473.48,2448.97,2449.39,2448.82,2458.16,2447.33,2449.5,6426.66,2471.35
2606.82,2602.44,2599.41,2604.48,2579.87,6717.03,2580.24,2580.53,2580.14
2728.29,2728.6,2727.01,2729.14,2727.59,6683.99,2729.25,2753.7,2778.72
2994.58,2994.31,3002.44,3000,3000,3000,3000,3000,3000
3000,3000,3000,3000,3000,3000,3000,3000,3000
3000,3000,3000,3000,3000,3000,3000,3000,3000
3000,3000,3000,3000,3000,3000,3000,3000,3000
3000,3000,3000,3000,3000,3000,3000,3000,3000
3000,3000,3000,3000,3000,3000,3000,3000,3000
3000,3000,3000,3000,3000,3000,3000,3000,3000
4826.91,1986.5,1999.95,1983.85,1986.66,1997.01,1964.85,1996.36,1992.52
1172.33,1172.57,1175.27,5283.91,1167.62,1179.08,1214.37,1178.4,1171.82
2336.51,2336.53,2336.41,2336.67,2336.76,2336.8,6422.65,2334.94,2332.84
2521.35,2519.57,2484.25,2646.44,2610.62,2457.95,6873.02,2521.32,2465.9
2465.99,2500.11,2516.19,2478.66,2457.36,2471.3,6735.48,2456.46,2485.46
3733.18,3807.52,3564.8,3723.68,3947.44,3631.31,6932.66,3715.36,3478.69
1283.56,1108.41,1513.19,1434.21,1133.55,1172.38,1237.63,6934.86,1121.2
3489.94,3000,3000,3000,3000,3000,3000,3000,3000
3000,3000,3000,3000,3000,3000,3000,3000,3000
3000,3000,3000,3000,3000,3000,3000,3000,3000
3000,3000,3000,3000,3000,3000,3000,3000,3000
3000,3000,3000,3000,3000,3000,3000,3000,3000
3000,3000,3000,3000,3000,3000,3000,3000,3000
3000,3000,3000,3000,3000,3000,3000,3000,3000
789.511,3609.3,791.544,792.234,780.635,817.581,791.846,783.595,790.214
-346.513,-317.585,4086.47,-329.199,-348.535,-347.541,-334.362,-347.069,-346.621
1375.61,1377.47,4196.34,1362.97,1351.69,1343.2,1347.26,1352.26,1340.01
2441.23,2441.47,2469.34,2441.71,2418.47,2432.27,2441.74,2441.17,5405.48
2451.78,2452.65,2452.86,2452.24,2451.72,2452.18,5533.43,2451.12,2452.09
2506.41,2506.8,2504.69,6230.31,2531.37,2505.64,2505.85,2506.25,2507.1
2830.76,2832.68,2829.13,5922.59,2832.52,2833.03,2832.74,2832.67,2861.55
2995.82,2995.33,2995.76,2992.6,2994.68,3000,3000,3000,3000
3000,3000,3000,3000,3000,3000,3000,3000,3000
3000,3000,3000,3000,3000,3000,3000,3000,3000
3000,3000,3000,3000,3000,3000,3000,3000,3000
3000,3000,3000,3000,3000,3000,3000,3000,3000
3000,3000,3000,3000,3000,3000,3000,3000,3000
3000,3000,3000,3000,3000,3000,3000,3000,3000
2116.95,2117.25,5122.79,2112.72,2113.08,2117.26,2115.57,2120.53,2119.69
-30.7244,-27.7812,-30.943,1.76695,5226.53,10.4706,-29.119,-20.1557,-28.3161
890.379,865.321,866.756,921.79,863.41,5111.1,858.197,865.108,893.617
2356.04,2356.73,2362.84,2355.61,2356.25,2370.79,2355.68,4992.75,2338.71
2423.38,2424.29,2423.11,2422.16,2424.28,2422.97,2423.44,2424.16,4239.73
2243.21,2243.71,2242.89,2243.42,2243.23,2242.66,5769.76,2243.36,2242.92
2667.35,2668.36,2670.12,6114.73,2675.18,2665.66,2668.13,2667.5,2668.06
2991.68,2992.11,2999.69,2996.33,2996.57,2996.39,2994.32,2993.53,2993.33
3000,3000,3000,3000,3000,3000,3000,3000,3000
3000,3000,3000,3000,3000,3000,3000,3000,3000
3000,3000,3000,3000,3000,3000,3000,3000,3000
3000,3000,3000,3000,3000,3000,3000,3000,3000
3000,3000,3000,3000,3000,3000,3000,3000,3000
3000,3000,3000,3000,3000,3000,3000,3000,3000
1823.07,3376.39,1828.02,1822.87,1826.27,1831.66,1829.23,1828.52,1826.49
-201.365,-204.842,4342.13,-202.85,-205.297,-133.641,-204.028,-191.383,-201.029
-853.344,3684.5,-841.977,-831.635,-850.49,-854.768,-851.755,-850.491,-853.534
1523.52,1520.56,5125.94,1515.57,1516.51,1520.29,1515.73,1522.6,1538.25
2361.51,2363.04,2362.46,2381.42,2362.07,2362.05,5626.64,2362.95,2362.11
2327.77,2329.76,2326.52,6013.06,2348.98,2328.01,2327.38,2328.25,2342.76
2496.95,2498.17,2507.4,2496.38,2497.41,2498.09,5537.69,2497.63,2496.6
2984.54,2983.8,2983.27,3226.79,2986.78,2984.25,2984.64,2985.1,2986.37
3000,3000,3000,3000,3000,3000,3000,3000,3000
3000,3000,3000,3000,3000,3000,3000,3000,3000
3000,3000,3000,3000,3000,3000,3000,3000,3000
3000,3000,3000,3000,3000,3000,3000,3000,3000
3000,3000,3000,3000,3000,3000,3000,3000,3000
3000,3000,3000,3000,3000,3000,3000,3000,3000
1383.11,1377.06,2670.16,1381.81,1381.46,1381.88,1370.99,1380.57,1381.37
-842.067,-857.387,-864.74,-862.986,-863.923,-864.809,-864.693,-854.875,3072.59
-914.741,-915.377,-912.801,-914.944,-912.827,-896.514,-909.43,3292,-913.063
301.805,295.128,361.247,311.247,291.272,3605.57,282.938,292.553,312.688
2334.52,2358.25,2345.78,5109.69,2341.95,2356.9,2345.99,2346.3,2346.32
2376,2375.03,2376.11,4522.4,2375.46,2376.24,2376.81,2375.84,2376.21
2414.71,2414.69,2414.08,2415.06,2414.92,2412.79,2414.23,3599.83,2414.87
2971.59,2972.72,2974.85,3024.74,2973.67,2976.28,2970.95,2970.71,2973.73
3000,3000,3000,3000,3000,3000,3000,3000,3000
3000,3000,3000,3000,3000,3000,3000,3000,3000
3000,3000,3000,3000,3000,3000,3000,3000,3000
3000,3000,3000,3000,3000,3000,3000,3000,3000
3000,3000,3000,3000,3000,3000,3000,3000,3000
3000,3000,3000,3000,3000,3000,3000,3000,3000
1832.49,1836.24,1832.82,1829.66,2054.46,1838.01,1834.77,1842.71,1831.15
-735.651,-735.735,3219.6,-734.807,-729.331,-727.107,-734.63,-734.807,-696.483
-943.274,-956.867,-955.57,-951.807,-957.003,2163.2,-957.32,-948.643,-947.764
-518.434,-512.936,-518.358,-512.98,-526.066,3215.11,-523.761,-506.851,-505.624
2292.84,2297.37,3875.06,2285.77,2298.11,2297.21,2297.41,2297.19,2282.4
2349,2349.08,2348.05,2348.87,2348.44,2349.6,3988.48,2349.63,2349.35
3665.83,2359.13,2358.21,2359.63,2359.01,2359.31,2357.19,2357.47,2359.3
2953.74,2956.63,2957.46,2956.91,2954.5,3084.18,2951.67,2955.94,2957.45
3000,3000,3000,3000,3000,3000,3000,3000,3000
3000,3000,3000,3000,3000,3000,3000,3000,3000
3000,3000,3000,3000,3000,3000,3000,3000,3000
3000,3000,3000,3000,3000,3000,3000,3000,3000
3000,3000,3000,3000,3000,3000,3000,3000,3000
3000,3000,3000,3000,3000,3000,3000,3000,3000
2377.53,5893.66,2376.21,2401.52,2376.64,2353.84,2360.81,2377.03,2355.37
81.1612,68.2014,84.5627,42.5103,108.162,65.3707,6253.45,43.4994,95.8624
-718.945,-721.54,-720.252,-724.202,-679.711,-724.188,5729.55,-665.175,-722.172
797.866,763.945,779.029,6404.63,745.007,742.917,754.378,753.761,760.46
2362.78,2340.8,2340.52,2359.94,2367.2,6659.12,2340.36,2341.74,2369.83
2429.76,2430.88,6414.12,2457.21,2430.4,2430.6,2429.07,2432.3,2430.82
1792.97,1793.72,1796.03,1793.69,6042.54,1791.92,1793.69,1793.64,1791.26
2995.22,2996.28,2994.41,2990.82,2996.39,2995.82,2996.26,2996.41,2995.77
3000,3000,3000,3000,3000,3000,3000,3000,3000
3000,3000,3000,3000,3000,3000,3000,3000,3000
3000,3000,3000,3000,3000,3000,3000,3000,3000
3000,3000,3000,3000,3000,3000,3000,3000,3000
3000,3000,3000,3000,3000,3000,3000,3000,3000
3000,3000,3000,3000,3000,3000,3000,3000,3000
-619.333,4943.07,-619.499,-606.39,-619.552,-619.113,-619.127,-619.158,-619.627
-786.144,-797.462,-787.358,-784.92,-770.919,6889.22,-794.243,-798.172,-786.338
-772.054,-682.928,-756.12,-791.217,6926.83,-662.742,-716.804,-804.271,-649.241
930.236,1469.68,814.702,856.143,961.17,6921.85,800.948,793.733,959.629
3371.05,3648.95,3578.94,3492.36,3277.42,3581.62,3589.16,3324.21,6907.84
2873.18,2906.44,2948.58,2900.06,3261.11,6897.91,3062.19,3007.57,3046.29
2559.7,2559.96,2560.45,2585.17,2559.15,6626.31,2587.67,2560.54,2560.24
2998.03,2997,2996.69,2995.65,2995.56,2994.46,2995.4,2994.33,3265.72
3000,3000,3000,3000,3000,3000,3000,3000,3000
3000,3000,3000,3000,3000,3000,3000,3000,3000
3000,3000,3000,3000,3000,3000,3000,3000,3000
3000,3000,3000,3000,3000,3000,3000,3000,3000
3000,3000,3000,3000,3000,3000,3000,3000,3000
3000,3000,3000,3000,3000,3000,3000,3000,3000
-495.81,-396.265,-413.665,6945.07,-291.787,-236.219,-347.803,-413.252,-312.268
-459.296,-309.566,-110.163,6919.42,-118.763,-308.828,-463.27,-161.433,-346.537
-681.479,-618.787,-653.646,-555.15,-568.615,-646.1,-606.312,6913.63,-631.822
229.098,6915.82,204.187,290.501,183.674,42.4057,122.669,-62.3288,-33.1881
2358.04,2198.68,2360.4,2522.57,2401.81,6912,2159.19,2189.73,2251.22
1874.21,1579.17,1861.36,1702.32,1955.08,6924.26,1839.51,1548.69,2095.44
3932.28,3880.86,4072.84,4283.61,3900.55,3977.42,4055.59,4064.93,6903.24
2995.5,5453.09,2996.89,2995.55,2994.57,2995.31,2994.11,2994.87,2997.31
3000,3000,3000,3000,3000,3000,3000,3000,3000
3000,3000,3000,3000,3000,3000,3000,3000,3000
3000,3000,3000,3000,3000,3000,3000,3000,3000
3000,3000,3000,3000,3000,3000,3000,3000,3000
3000,3000,3000,3000,3000,3000,3000,3000,3000
3000,3000,3000,3000,3000,3000,3000,3000,3000
247.366,81.714,-48.7799,3.4486,52.5,-86.4883,6924.98,-48.0929,-28.4765
-156.735,-237.118,-283.743,-114.435,-150.359,-41.5181,-26.302,6909.44,7.0433
572.346,685.958,131.999,6920.86,847.228,591.487,999.757,571.043,481.023
0.000400646,-1.56717e-11,-1.16364e-11,-1.56717e-11,6722.89,2.62832e-05,-1.56712e-11,-1.56644e-11,-1.56717e-11
963.309,902.309,925.463,767.58,941.778,1185.77,1031.89,751.897,6907.26
3876.86,3789.13,4304.15,4177.4,4011.84,6921.17,4169.65,3701.96,3727.72
550.288,454.498,537.36,388.872,6915.19,503.921,486.232,549.4,716.64
2965.99,2964.76,2963.27,2965.67,2966.06,2964.24,2967.01,5728.54,2968.78
3000,3000,3000,3000,3000,3000,3000,3000,3000
3000,3000,3000,3000,3000,3000,3000,3000,3000
3000,3000,3000,3000,3000,3000,3000,3000,3000
3000,3000,3000,3000,3000,3000,3000,3000,3000
3000,3000,3000,3000,3000,3000,3000,3000,3000
3000,3000,3000,3000,3000,3000,3000,3000,3000
5512.72,1733.38,1730.84,1737.61,1740.93,1743.27,1739.34,1741.93,1742.33
1085.97,1116.81,1093.13,1255.14,1109.95,1055.8,6676.43,1239.13,1168.33
1857.71,1887.16,1720.84,1921.3,1758.81,1966.82,6913.38,1912.81,1648.88
2783.11,2730.28,2910.96,3052.46,3105.45,2724.39,6604.48,3329.84,2915.88
1911.52,2205.73,1783.08,2148.33,2027.74,2089.03,6916.73,2261.39,2029.17
1235.16,1121.53,1039.41,1154.31,6921.88,1166.92,1182.61,1224.2,1192.18
5495.24,5511.84,5507.29,5467.27,5290.03,6929.61,5433.33,5492,5435.47
2995.18,3157.33,3000,3000,3000,3000,3000,3000,3000
3000,3000,3000,3000,3000,3000,3000,3000,3000
3000,3000,3000,3000,3000,3000,3000,3000,3000
3000,3000,3000,3000,3000,3000,3000,3000,3000
3000,3000,3000,3000,3000,3000,3000,3000,3000
3000,3000,3000,3000,3000,3000,3000,3000,3000
3000,3000,3000,3000,3000,3000,3000,3000,3000
2031.7,2030.1,4173.44,2025.86,2021.77,2029.37,2022.36,2028.9,2053.74
227.797,197.235,209.295,236.645,183.481,208.099,184.836,4430.03,281.288
913.263,904.304,907.331,985.758,924.904,5184.83,916.936,932.549,913.562
1505.06,1498.35,1494.56,6724.88,1504.82,1487.18,1580.47,1538.87,1533.68
1377.31,1554.66,1482.4,1539.06,1562.74,1397.44,1630.87,6922.82,1267.49
5265.91,5379.2,5271.37,6925.65,5237.17,5324.28,5258.39,5285.24,5042.84
828.112,6933.19,845.859,671.211,639.848,724.103,973.518,669.882,777.84
2995.09,2992.76,2992.6,4177.1,3000,3000,3000,3000,3000
3000,3000,3000,3000,3000,3000,3000,3000,3000
3000,3000,3000,3000,3000,3000,3000,3000,3000
3000,3000,3000,3000,3000,3000,3000,3000,3000
3000,3000,3000,3000,3000,3000,3000,3000,3000
3000,3000,3000,3000,3000,3000,3000,3000,3000
3000,3000,3000,3000,3000,3000,3000,3000,3000
5205.08,2319.72,2324.2,2316.34,2319.63,2316.8,2327.25,2328.12,2307.73
1699.47,1707.94,5327.02,1704.48,1682.86,1687.52,1698.45,1737.66,1718.07
1400.57,3955.53,1395.86,1399.76,1392.13,1395.58,1399.26,1392.12,1417.8
2449.89,5121.23,2420.12,2420.83,2430.99,2420.35,2436.21,2419.99,2420.89
6528.86,2423.05,2394.36,2392.93,2396.89,2404.72,2394.35,2393.68,2415.13
6538.48,2517.88,2492.35,2491.61,2490.4,2491.94,2492.07,2490.98,2499.06
2651.06,2650.34,2648.16,2650.68,2650.98,2649.91,5743.36,2648.49,2650.48
2995.83,2994.69,3000,3000,3000,3000,3000,3000,3000
3000,3000,3000,3000,3000,3000,3000,3000,3000
3000,3000,3000,3000,3000,3000,3000,3000,3000
3000,3000,3000,3000,3000,3000,3000,3000,3000
3000,3000,3000,3000,3000,3000,3000,3000,3000
3000,3000,3000,3000,3000,3000,3000,3000,3000
3000,3000,3000,3000,3000,3000,3000,3000,3000
2380.4,2364.32,2382.89,2372.14,2374.33,2381.37,2378.56,3772.4,2360.49
3791.22,1139.39,1151.22,1157.78,1165.97,1145.56,1149.82,1136.66,1150.2
-194.749,-182.782,-170.328,-178.121,5071.21,-163.698,-150.408,-165.371,-153.291
1460.47,1476.89,1492.57,1475.33,1509.91,1515.04,1471.27,6098.02,1471.97
2357.89,2362.31,2358.66,5779.52,2387.93,2373.64,2357.69,2358.69,2358.64
2450.03,2450.03,2462.07,2450.83,2450.59,2451.59,5838.28,2451.1,2459.85
2734.49,2734.29,2750.14,2760.74,2734.77,2734.16,5862.42,2730.16,2735.35
2997.09,2997.17,2997.5,2994.84,3000,3000,3000,3000,3000
3000,3000,3000,3000,3000,3000,3000,3000,3000
3000,3000,3000,3000,3000,3000,3000,3000,3000
3000,3000,3000,3000,3000,3000,3000,3000,3000
3000,3000,3000,3000,3000,3000,3000,3000,3000
3000,3000,3000,3000,3000,3000,3000,3000,3000
3000,3000,3000,3000,3000,3000,3000,3000,3000
2611.1,2610.52,2682.03,2610.19,2611.89,2610.92,2611.87,2609.18,2609.55
2275.68,2254.77,2269.02,2259.78,2263.96,2260.62,2257.71,3664.65,2273.91
2304.27,2304.28,2304.15,2303.52,2293.52,2281.2,3917.01,2303.73,2282.23
2330.85,2330.58,2330.9,2329.67,2330.8,3495.82,2330.91,2330.7,2329.4
2437.75,3882.52,2436.8,2436.8,2436.62,2436.85,2438.29,2437.09,2438.38
2419.71,2420.63,2421.27,2420.7,2420.25,2420.6,2420.49,2420.96,3909.83
2560.47,2559.17,2560.21,3842.14,2560.15,2566.23,2559.84,2557.62,2558.3
2992.66,2990.9,2996.31,2996.79,2995.48,2994.71,2995.59,2995.19,2994.42
3000,3000,3000,3000,3000,3000,3000,3000,3000
3000,3000,3000,3000,3000,3000,3000,3000,3000
3000,3000,3000,3000,3000,3000,3000,3000,3000
3000,3000,3000,3000,3000,3000,3000,3000,3000
3000,3000,3000,3000,3000,3000,3000,3000,3000
3000,3000,3000,3000,3000,3000,3000,3000,3000
2354.65,2370.04,2368.8,2368.66,2348.49,2368.31,2356.4,2369.86,3212.05
4100.83,979.253,1025.99,997.722,970.727,979.23,979.303,967.95,981.436
3155.02,-751.365,-761.158,-758.068,-761.167,-748.267,-760.785,-761.177,-756.031
1015.07,3659.3,1015.02,1015.14,1020.61,1002.76,1008.95,1006.99,1019.94
2042.78,2017.14,2017.57,2017.25,3916.08,2017.65,2017.41,2017.34,2017.39
2191.47,2192.25,2191.73,2191.71,3729.44,2192.01,2192.45,2191.19,2191.97
2468.62,2468.79,2465.82,3988.06,2468.8,2469.34,2469.52,2468.46,2468.03
2993.02,2992.16,2997.05,2991.61,2997.67,3014.08,2997.64,2995.08,2994.16
3000,3000,3000,3000,3000,3000,3000,3000,3000
3000,3000,3000,3000,3000,3000,3000,3000,3000
3000,3000,3000,3000,3000,3000,3000,3000,3000
3000,3000,3000,3000,3000,3000,3000,3000,3000
3000,3000,3000,3000,3000,3000,3000,3000,3000
3000,3000,3000,3000,3000,3000,3000,3000,3000
1753.79,1750.47,1750.13,1748.05,1757.45,2166.27,1760.1,1756.58,1746.92
-912.922,-913.392,-902.432,-913.97,-908.916,1608.92,-894.94,-913.971,-902.695
-952.448,-942.899,-921.978,-940.914,-949.623,-952.564,-947.58,3022.29,-951.53
468.184,472.738,3516.21,483.44,468.166,468.103,516.43,468.187,479.746
2375.99,2375.22,2375.87,3741.21,2358.48,2376.09,2376.19,2374.22,2376.85
2391.85,2391.46,2390.39,2762.39,2397.28,2391.43,2391.22,2391.89,2391.7
2657.5,2496.97,2495.63,2497.39,2496.45,2496.81,2496.79,2497.53,2496.84
2989.33,2985.37,2986.25,2987.19,2991.53,2985.5,2989.62,2991.31,2990.46
3000,3000,3000,3000,3000,3000,3000,3000,3000
3000,3000,3000,3000,3000,3000,3000,3000,3000
3000,3000,3000,3000,3000,3000,3000,3000,3000
