1696.35,1702.56,1707.48,1707.09,1698.52,1703.17,1703.75,1702.46,1707.04
1110.79,1080.64,1112.46,1092.39,1112.69,1111.62,1578.35,1105.07,1105.24
786.132,810.694,1529.29,853.165,853.165,853.165,853.165,853.165,853.165
1328.3,1386.78,1374.36,1391.85,1305.98,1393.74,1394.5,1552.1,1393.42
-875.601,1556.47,-871.311,-871.311,-871.311,-868.453,-857.54,-871.311,-871.311
1570.72,54.0804,54.0804,54.0804,54.0804,54.0804,54.0804,54.0804,54.0804
1569.75,1504.74,1571.3,1570.12,1562.84,1569.84,1563.99,1571.58,1566.47
2330.29,2284.47,2311.21,2327.89,2308.04,2308.71,2305.8,2319.57,2300.06
2184.88,2198.55,2203.17,2208.47,2208,2180.8,2197.58,2209.17,2186.82
2012.55,2025.73,1996.76,2015.33,2011.31,1999.78,2006.19,2024.95,2014.45
1699.75,1696.3,1687.26,1699.64,1699.13,1690.35,1698.96,1698.18,1695.86
1578.71,1593.8,1574.53,1590.14,1572.97,1591.13,1587.25,1592.7,1594.12
1623.42,1608.14,1629.25,1627.37,1621.13,1621.74,1633.88,1628.4,1622.92
1688.99,1689.96,1689.31,1691.8,1687,1691.28,1682.07,1685.6,1690.98
1629.86,1547.83,1633.68,1625.67,1629.19,1626.62,1629.57,1627.46,1569.88
1605.18,1586.03,1607.09,1608.26,1557.37,1605.03,1607.33,1604.12,1597.79
1506.35,1494.9,1564.9,1527.07,1493.27,1566.19,1592.98,1566.63,1566.69
-188.999,-142.893,-208.604,-209.371,-195.045,1449.11,-188.49,-188.49,-188.49
-998.551,859.915,-998.551,-998.551,-998.551,-998.551,-998.551,-998.551,-998.551
-994.35,-895.684,-994.443,-994.385,-994.46,-994.379,-986.11,1423.2,-994.385
1812.9,1789.7,1808.7,1782.32,1766.83,1803.33,1809.62,1812.42,1795.87
2143.74,2118.17,2130.21,2119.34,2128.86,2136.74,2111.17,2132.24,2135.29
2122.98,2133.71,2127.07,2128.67,2130.68,2124.14,2117.54,2132.53,2129.62
2005.34,2009.22,1990.45,1992.29,1987.32,1992.64,2006.92,1992.38,2007.8
1769.63,1779.31,1754.97,1780.08,1769.39,1758.96,1781.08,1770.73,1768.89
1615.14,1607.39,1607.61,1609.7,1591.68,1615.05,1609.12,1613.69,1592.4
1646.7,1646.08,1646.26,1646.51,1646.73,1677.6,1645.6,1643.49,1644.61
1707.59,1710.74,1699.98,1702.12,1698.24,1697.91,1699.4,1704.61,1708.13
1738.64,1683.74,1737.72,1738.4,1769.42,1729.29,1736.54,1718.37,1738.59
1660.74,1688.23,1657.53,1660.2,1652.98,1624.92,1660.98,1646.82,1658.06
877.555,872.076,862.541,883.064,881.677,875.628,877.643,890.22,1529.03
-566.489,-566.214,1333.39,-525.25,-553.027,-553.027,-553.027,-553.027,-553.027
1130.48,-990.142,-995.737,-983.195,-995.716,-995.737,-990.748,-995.737,-995.737
-460.678,-461.105,-462.088,-464.992,-480.533,-453.641,1542.09,-460.923,-460.898
1658.21,1682.9,1704.82,1707.91,1685.56,1703.85,1708.08,1699.33,1707.48
2291.48,2286.73,2265.5,2299.48,2302.06,2282.45,2300.83,2313.33,2306.72
2334.64,2365.05,2361.96,2350.52,2321.4,2313.99,2339.31,2331.24,2351.45
2087.28,2095.38,2083.4,2089.5,2086.6,2084.31,2100.98,2079.98,2091.04
1787.22,1789.18,1788.99,1787.35,1786.9,1787.38,1782.62,1782.64,1782.94
1646.98,1616.53,1670.63,1647.48,1634.79,1638.9,1633.85,1648.39,1649.9
1650.42,1648.99,1649.7,1648.74,1643.92,1635.75,1641.2,1644.56,1839.34
1715.91,1719.92,1722.35,1715.75,1851.32,1722.18,1716.03,1719.55,1721.99
1729.23,1707.37,1726.8,1739.61,1723.62,1727.21,1728.58,1727.79,1727.13
1538.92,1463.32,1512.93,1752.31,1505.93,1512.79,1539.08,1527.29,1533.27
1182.91,1189.89,1199.97,1216.96,1192.55,1174.3,1856.02,1142.56,1197.11
-800.246,-722.276,-847.824,-754.172,-847.824,-722.893,1719.74,-842.004,-842.004
1254.18,-985.766,-869.761,-909.268,-985.766,-942.139,-983.133,-985.751,-978.888
997.795,1013.9,997.987,961.337,999.096,998.16,998.24,1629.92,1000.36
1844.24,1853.61,1854.14,1861.21,1854.8,1855.95,1854.64,1846.66,1864.55
1899.34,1891.67,1884.86,1888.88,1892.9,1895.78,1898.05,1893.09,1902.74
1894.22,1889.51,1892.22,1880.28,1881.79,1887.61,1895.71,1881.47,1877.88
1805.48,1810.74,1806.03,1805.09,1813.32,1810.62,1807.82,1808.94,1801.7
1682.35,1677.06,1675.17,1677.48,1666.03,1674.5,1675.86,1679.08,1676.01
1664.83,1642.08,1673.21,1673.74,1613.57,1669.52,1672.78,1665.33,1707.41
1657.98,1658.35,1646.92,1650.52,1654.6,1651.68,1647.52,1655.93,1643.02
1717.3,1717.25,1717.68,1716.13,1717.09,1718.99,1716.03,1702.79,1711.95
1688.58,1692.31,1697.94,1688.43,1689.01,1693.84,1694.15,1699.96,1713.68
1695.81,1687.55,1693.14,1698.11,1699.25,1697.94,1697.12,1698.9,1695.81
1572.32,1577.36,1589.97,1595.68,1571.19,1590.58,1585.78,1581.34,1590.91
887.841,890.883,904.767,880.838,869.52,1368.73,880.183,881.983,873.868
877.558,877.554,970.181,1515.66,878.855,839.643,839.132,850.384,838.776
1708.43,1683.95,1704.87,1713.38,1704.74,1702.58,1708.06,1708.85,1711.38
1786.09,1786.59,1789.6,1787.81,1787.87,1784.48,1787.08,1788.37,1788.11
1847.35,1843.49,1846.27,1842,1841.29,1843.19,1847.07,1846.04,1842.89
1859.03,1857.29,1853.54,1849.03,1855.07,1859.3,1848.62,1852.68,1858.7
1822.77,1823.17,1817.63,1821.24,1822.47,1810.75,1817.67,1821.36,1822.92
1772.02,1772.01,1771,1761.42,1768.59,1769.7,1748.16,1767.64,1781.05
1665.43,1662.48,1669.1,1659.88,1633.91,1656.7,1669.14,1683.92,1666.38
1656.36,1660.88,1669.71,1656.8,1659.2,1909.49,1663.18,1668.7,1662.56
1695.35,1701.24,1702.3,1697.12,1699.77,1847.23,1694.24,1698.87,1701.37
1709.38,1711.22,1716.28,1715.07,1715.74,1853.03,1714.17,1716.42,1708.07
1686.98,1684.72,1688.42,1682.79,1735.61,1692.93,1686.46,1693.03,1693.5
1653.11,1655.36,1655.84,1653.98,1652.76,1710.56,1654.83,1654.15,1653.67
331.528,304.68,361.552,318.186,384.044,355.17,363.033,1510.09,357.295
-774.738,-874.759,-874.04,-827.226,1505.8,-871.311,-832.23,-871.311,-728.52
1389.23,1360.62,1788.25,1388.9,1272.42,1365.84,1366.36,1369.69,1378.15
1794.16,1794.43,1792.52,1789.23,1780.74,1791.13,1791.69,1791.12,1794.37
1933.79,1921.81,1926.57,1925.9,1931.68,1928.57,1920.55,1930.83,1928.16
1870.54,1871.43,1867.38,1872.66,1868.39,1873.75,1867.49,1870.31,1870.16
1853.59,1854.07,1858.67,1853.45,1850.48,1852.91,1858.59,1857.37,1857.06
1786.03,1772.85,1781.68,1775.56,1768.99,1781.64,1781.46,1781.23,1776.4
1670.75,1670.99,1673.53,1650.09,1670.5,1673.17,1673.53,1732.05,1671.29
1678.8,1674.84,1688.7,1690.17,1685.6,2058.73,1684.33,1688.17,1685.45
1700.47,1699.98,1703.54,1697.93,1698.8,1695.98,1696.11,1702.43,2003.29
1715.85,1717.11,1696.75,1719.52,1720,2242.67,1723.67,1734.59,1736.91
1716.83,1669.94,1707.96,1713.48,1739.19,2241.62,1704.39,1708.4,1714.75
1590.64,1525.01,1538.61,1587.68,1591.38,1575.41,1592.92,1590.91,2225.7
1477.48,1470.07,1431.07,1468.87,1483.63,1471.05,1467.26,1477.06,2187.61
-667.732,-636.544,-607.936,-526.457,2193,-598.863,-667.161,-578.566,-448.336
1246.39,1263.91,1226.35,1209.78,1245.76,2219.51,1223.34,1229.13,1217.56
1742.11,1756.06,1755.96,1752.02,1756.53,1751.42,2157.44,1759.58,1754.06
1785.74,1781.83,1785.81,1782.25,1779.7,1703.78,1785.47,2181.54,1784.47
1812.75,1808.53,1810.91,1726.92,1809.99,1802.45,1810.17,2174.05,1811.34
1085.4,1090.06,2132.86,1090.1,1089.25,1089.12,1089.16,1090.29,1090.01
1650.89,1654.57,1653.03,1649.8,1652.96,1653.64,1653.59,1651.79,2190.81
1188.59,1278.73,2195.87,1118.14,1179.36,1163.41,1228.87,1157.64,1214.18
12.2799,13.3079,6.2196,7.00054,2244.65,5.09775,8.93503,4.97935,4.41452
1571.71,1590.85,2246.94,1597.84,1555.16,1626.78,1621.08,1564.66,1528.11
-523.199,2195.73,-514.673,-523.142,-449.596,-523.142,-523.325,-500.224,-523.205
-309.161,-297.385,2218.79,-281.902,-318.803,-293.621,-288.806,-316.408,-309.093
123.315,123.898,121.908,130.77,124.299,2240.4,124.421,95.4372,213.247
-60.4719,-304.97,-319.408,-414.819,2243.73,-257.374,-422.058,-411.818,-174.41
-106.411,122.194,169.537,-298.442,175.343,2242.19,-260.26,261.464,-283.233
644.56,644.329,637.928,721.738,695.265,779.557,759.829,674.138,2218.05
1011.45,1012.76,1012.43,1014.71,995.704,1012.54,2179.73,1012.73,1020
1699.4,1707.97,1702.34,1715.8,1701.59,1673.34,1711.75,1701.69,2161.68
1689.75,1690.72,1691.8,1689.98,1609.29,1690.78,1691.35,2157.76,1691.82
2184.21,1587.53,1576.51,1579.22,1580.1,1517.51,1580.79,1609.54,1580.85
174.096,151.915,163.73,230.947,2153.37,181.259,170.477,181.614,223.486
23.1438,18.2048,2189.34,6.40394,12.7175,18.1324,6.51873,14.0261,17.5337
2245.98,90.1073,77.1024,62.6217,120.63,92.5326,94.8698,57.6303,67.6819
86.4045,113.302,154.801,65.8112,79.8545,107.895,56.521,114.11,2226.45
647.479,623.901,648.439,654.35,618.709,648.644,648.009,2196.9,648.467
2171.9,9.5804,38.2723,28.3935,38.4239,38.4408,22.5668,71.2222,32.7161
-213.894,-206.591,-203.217,-195.761,-204.42,-208.602,2037.14,-214.958,-199.778
877.686,905.567,958.098,911.367,893.195,917.452,896.523,2095.03,932.71
-74.6351,-43.8879,2225.01,-38.1058,-81.0768,-106.315,-42.559,-87.8195,-46.3015
781.335,517.13,572.215,483.841,562.004,368.304,2241.15,527.183,899.255
1680.56,1694.05,1661.8,2209.25,1653.02,1626.23,1682.61,1682.95,1682.45
1619.85,1621.66,2220.77,1620.7,1619.23,1621.64,1620.76,1620.48,1621.42
1783.8,1779.42,2215.75,1793.1,1781.81,1778.87,1784.14,1783.85,1789.92
1705.89,1736.89,1733.22,1692.01,1736.69,1749.34,1735.95,2164.55,1732.74
1649.16,1617.63,1615.61,1574.28,1663.35,2190.11,1623.14,1678.32,1645.66
3.02437,1.46137,1.4638,2173.45,1.45592,15.3445,1.46365,4.70433,13.133
167.878,134.06,111.086,2241.98,250.461,164.666,163.133,151.971,261.764
554.119,559.485,562.189,2216.85,611.359,543.898,565.81,538.144,527.709
1496.72,1483.47,1481.76,2202.36,1481.93,1481.47,1483.6,1483.51,1480.4
1078.94,2202.05,1080.57,1114.47,1080.57,1100.49,1080.57,1119.95,1087.88
851.95,783.673,815.415,811.524,787.532,2211.9,853.165,853.165,853.165
1629.24,1660.28,1674.15,1633.07,1646.22,1551.62,1604.55,2188.4,1633.41
249.221,220.678,290.134,296.029,247.625,2217.57,247.076,208.707,247.906
660.836,590.742,362.148,414.755,377.757,361.461,2211.28,516.113,455.082
1648.81,1641.92,1607.46,1644.77,1646.24,1649.88,1650.11,1607.3,2153.84
1399.17,1398.4,1399.48,1395.71,1397.31,2188.53,1395.53,1397.23,1395.91
1444.72,1421.45,1421.32,1419.39,2235.89,1425.89,1434.63,1438.05,1439.08
1861.31,1861.37,1861.44,1861.71,2228.93,1861.65,1855.31,1858.09,1861.76
2088.65,269.703,270.117,270.574,270.236,270.362,268.801,270.441,265.376
2224.77,1655.06,1662.06,1658.49,1649.54,1657.6,1659.86,1660.46,1655.31
2243.12,702.588,778.655,715.262,704.231,727.471,838.367,665.178,714.745
1022.31,1021.53,1030.34,1022.11,1022.06,1022.05,2201.18,1018.82,1051.37
1221.94,1240.56,1223.58,1221.46,2206.61,1252.22,1221.55,1222.31,1264.8
1166.66,1169.79,1180.74,1169.73,1183.16,2215.97,1170.53,1166.77,1165.87
-129.185,-119.539,2214.81,-128.677,-187.881,-187.72,-126.449,-187.656,-171.581
515.511,405.27,312.394,503.33,397.372,467.388,452.334,2201.79,468.958
-618.923,-631.413,2074.86,-630.934,-631.413,-631.413,-631.413,-631.399,-631.413
-606.996,-606.995,-525.964,-606.995,-606.073,2218.42,-607.069,-606.919,-606.994
2200.72,1546.12,1545,1547.64,1548.03,1546.73,1547.86,1546.93,1480.19
1835.16,2163.21,1835.04,1834.35,1836.16,1836.25,1836.41,1836.47,1835.48
1856.21,1856.4,1856.75,2169.25,1855.54,1855.75,1855.79,1844.96,1856.42
2117.76,1826.82,1829.51,1829.89,1829.5,1829.43,1829.97,1809.56,1826.89
1706.36,1707.58,1704.93,2168.04,1707.64,1707.44,1695.31,1700.57,1705.53
1632.02,1622.5,1635.89,1637.04,1639.08,1643.42,2233.54,1627.27,1638.72
1690.92,1733.19,1686.6,2245.04,1744.34,1712.89,1697.58,1682.97,1696.27
1707.09,1716.92,1693.42,2208.07,1697.27,1699.59,1711.57,1695.8,1694.71
1531.13,1536.72,1584.53,1533.95,1535.62,1536.42,1535.21,1492.9,1535.55
998.11,1004.41,1001.86,997.027,972.107,1005.23,1000.8,1519.57,975.586
-736.313,-746.114,-736.33,-736.521,-746.113,-745.953,-727.39,1520.35,-746.012
109.527,136.899,106.485,108.657,73.6252,109.399,1463.15,139.712,128.776
-900.944,-898.643,-829.471,1313.49,-900.928,-816.416,-900.928,-900.649,-900.928
581.833,588.466,586.205,533.975,571.8,1354.76,588.857,588.857,588.857
1735.52,1731.71,1719.7,1736.23,1733.65,1721.02,1731.24,1736.76,1728.54
2211.87,2213.49,2234.15,2220.11,2209.89,2204.56,2218.41,2211.39,2210.36
2221.08,2224.38,2225.45,2226.9,2243.85,2214.06,2229.97,2231.33,2212.11
2042.86,2041.57,2034.16,2028.17,2014.27,2011.71,2032.38,2042.77,2038.9
1691.49,1709.33,1703.78,1709.62,1693.04,1695.19,1709.92,1692.14,1682.3
1572.09,1566.08,1557.14,1574.1,1558.41,1573.08,1572.04,1555.91,1567.7
1624.55,1607.57,1597.73,1600.65,1608.78,1609.8,1608.98,1607.66,1608.32
1677.37,1684.07,1686.54,1674.15,1686.78,1685.03,1677.47,1686.71,1686.74
1678.98,1679.92,1713.32,1682.01,1672.24,1679.8,1681.74,1680.36,1680.38
1633.2,1523.88,1494.47,1529.56,1525.91,1492.56,1527.88,1491.54,1528.01
1050.1,1051.21,1051.42,1051.57,1051.58,1051.68,1574.56,1051.68,1050.82
666.876,672.265,671.882,624.508,1497.76,667.163,671.329,671.299,665.411
-999.897,-999.88,1161.31,-999.898,-999.897,-999.898,-960.133,-999.899,-995.063
-998.883,-998.883,-998.882,-998.882,-998.882,-998.883,-998.882,1385.53,-998.883
609.77,1516.16,670.634,671.195,670.605,659.09,671.316,670.143,665.149
1885.57,1877.09,1870.67,1879.13,1884.81,1888.81,1877.25,1889.88,1893.96
2017.3,2011.82,2020.75,1997.54,2022.26,2022.15,2017.51,2023.38,1998.92
1957.08,1930.42,1950.71,1954.43,1959.61,1949.71,1956.36,1952.28,1958.58
1748.07,1735.94,1745.39,1747.53,1745.01,1746.65,1747.46,1749.63,1753.01
1601.82,1604.03,1601.27,1589.68,1603.79,1598.85,1596.87,1591.2,1603.05
1639.09,1638.71,1642.81,1643.01,1634.66,1641.51,1639.66,1635.83,1634.09
1718.52,1717.93,1707.98,1714.76,1708.05,1694.26,1714.78,1704.16,1716.44
1581.28,1584.19,1531.47,1578.58,1583.44,1842.17,1582.2,1585.14,1584.7
1676.81,1674.72,1681.2,1671.74,1648.28,1671.97,1680.42,1847.51,1676.65
704.266,680.609,722.443,694.2,694.541,695.044,1713.1,694.491,763.683
-855.586,-737.028,-860.417,-757.109,-833.156,-860.164,-860.144,1220.97,-860.132
-1000,-1000,-1000,1098.32,-1000,-1000,-1000,-932.675,-1000
-302.54,-302.807,-302.943,-303.105,-304.049,-302.585,1420.32,-302.623,-304.244
1733.45,1819.01,1813.05,1813.12,1815.39,1817.92,1817.13,1816.19,1809.64
2181.61,2179.8,2169.06,2155.32,2161.47,2161.11,2157.99,2180.38,2166.17
2197.93,2191.59,2208.07,2188.73,2188.76,2191.95,2177.85,2181.09,2207.85
2105.92,2085.43,2088.15,2094.28,2105.92,2096.04,2095.33,2088.27,2103.74
1780.6,1781.59,1781.39,1770.89,1773.2,1783.91,1774.4,1772.28,1761.25
1628.13,1639.82,1634.4,1637.89,1639.02,1639.58,1639.26,1609.89,1662.95
1667.46,1667.76,1661.29,1663.03,1649.78,2019.2,1664.76,1661.57,1658.43
1725.4,1725.41,1724.39,1723.79,1723.63,1715.82,1724.96,1948.88,1724.43
1720.69,1725.19,1716.23,1640.61,1697.52,1723.05,1724.25,1904.36,1722.02
1640.84,1694.17,1692.65,1674.57,1655.6,1699.56,1692.02,1693.31,1710.53
1429.97,609.766,581.306,599.276,611.485,626.186,603.972,625.222,620.395
-603.161,-603.158,-603.041,-602.251,-602.421,-602.736,-613.853,-615.149,1477.37
1301.41,1292.15,1268.76,1274.24,1294.27,1287.66,1273,1514.35,1275.2
1282.41,1287.09,1282.85,1282.28,1280.34,1283.89,1288.08,1616.69,1281.83
1752.51,1727.61,1756.44,1714.61,1757.61,1736.06,1757.61,1754.46,1754.46
2020.71,2012.17,2018.4,2014.67,2010.94,2000.72,2022.47,1998.58,2024.67
2007.42,1998.2,2020.94,2021.96,2026.75,2011.8,2006.92,2025.99,2007.01
1905.77,1897.87,1903.98,1891.52,1904.4,1895.25,1904.66,1906.73,1892.56
1737.53,1748.8,1746.55,1748.05,1747.72,1748.65,1738.78,1755.43,1747.1
1676.11,1657.93,1680.42,1679.03,1661.29,2024.25,1677.16,1672.6,1677.45
1663.47,1652.44,1661.25,1657.42,1637.99,1662.28,1657.8,2033,1663.19
1708.7,1698.5,1708.88,1704.04,1709.13,1770.55,1704.33,1699.3,1705.08
1718.48,1719.59,1717.05,1718.27,1793.08,1717.16,1709.83,1720.09,1719.5
1704.15,1709.81,1711.55,1763.75,1687.53,1711.46,1692.59,1715.94,1712.21
1596.44,1536.12,1598.57,1683.37,1589.54,1593.72,1587.79,1599.75,1598.08
1800.19,92.2115,117.029,129.525,96.8507,115.267,110.817,103.695,97.8234
1383.62,-455.277,-511.45,-505.918,-506.932,-437.019,-437.744,-519.616,-506.218
1706.22,1710.78,1706.65,1707.2,1707.04,1732.41,1710.52,1703.81,1706.5
1805.12,1808.83,1803.79,1797.93,1811.54,1810.85,1797.14,1809.83,1809.1
1938.31,1941.86,1940.12,1927.13,1943.89,1942.44,1937.17,1938.99,1941.59
1981.46,1975.29,1982.66,1990.62,1984.01,1988.84,1987.12,1986.24,1977.29
1894.17,1887.14,1898.77,1912.31,1888.45,1900.79,1901.96,1898.78,1899.06
1693.74,1763.37,1768.65,1771.04,1775.05,1781.2,1781.84,1836.67,1781.21
1655.75,1660.72,1663.64,1660.67,1665.66,1658.85,1666.47,2046.78,1666.37
1621.64,1617.95,1614.02,1613.55,1622.18,1608.42,1612.61,1622.12,1708.49
1703.1,1701.71,1772.47,1702.76,1694.81,1700.33,1694.54,1699.25,1699.04
1693.86,1701.05,1702.57,1702.13,1698.77,1887.11,1635.82,1699.95,1700.75
1684.87,1681.04,1681.55,1681.92,1716.39,1671.45,1682.42,1680.52,1685.07
1585.11,1585.19,1581.59,1576.29,1566.5,1583.36,1585.31,1687.99,1585.28
37.8603,40.6216,21.6981,1798.16,32.434,38.1576,13.4378,40.9598,38.2333
-531.885,-526.513,-530.99,-529.958,-468.186,-527.944,-526.223,-527.009,2152.83
1624.18,1626.41,1626.26,1618.52,2156.27,1626.14,1628.47,1625.25,1628.6
1599.94,1602.15,1601.1,1600.51,1876.53,1601.25,1601.44,1602.3,1600.64
1956.67,1945.72,1962.72,1963.89,1963.06,1964.87,1964.97,1962.51,1973.76
2006.69,1983.53,2009.64,1996.46,2009.39,1995.24,1999.53,2018.73,2010.21
1936.19,1944.34,1971.76,1940.18,1941.18,1944.01,1942.94,1940.98,1939.11
1767.66,1768.23,1763.56,1767.69,1768.34,1768.25,1767.11,1764.06,1891.74
1592.28,1726.35,1593.15,1588.41,1592.89,1592.21,1590.54,1593.72,1590.39
1904,1599.35,1599.35,1595.61,1597.47,1597.27,1596.19,1598.02,1595.75
1717.66,1717.86,1718.19,1707.87,1733.05,2249.3,1721.81,1723.47,1722.72
1323.72,1322.74,2204.08,1319.23,1323.95,1313.33,1322.47,1321.83,1317.78
1719.03,1724.31,2246.12,1721.34,1740.28,1725.89,1719.82,1738.78,1719.96
1319.58,1328.44,1378.63,1372.52,1363.46,1379.61,1980.27,1377.77,1329.02
795.112,821.391,821.616,1993.92,818.814,821.929,820.891,821.512,820.333
1138.59,1158.42,1169.6,1139.03,1106.54,1192.34,1158.74,2129.77,1161.44
796.693,786.692,2214.79,870.234,799.422,772.127,828.296,794.002,824.408
1342.58,1344.08,1344.03,1337.55,1341.59,1341.78,1343.19,2149.19,1340.7
1801.97,1794.71,2165,1795.96,1794.75,1801.79,1801.53,1800.66,1801.57
1867.41,2166.51,1869.78,1867.05,1868.08,1868.02,1869.43,1869.96,1867.94
1809.09,1823.16,2173.95,1826.23,1826.26,1827.62,1827.64,1826.83,1824.98
1747.24,1748.17,2170.55,1749.41,1748.15,1736.51,1747.95,1751.58,1751.07
827.303,872.766,2185.26,802.618,803.201,803.626,802.403,834.519,840.482
511.338,2223.61,457.904,423.735,465.631,446.761,439.544,420.796,520.377
1707.7,1704.11,2240.65,1705.31,1704.17,1723.19,1699.48,1705.15,1706.84
1412.02,1353.61,2216.98,1409.21,1411.04,1410.87,1408.8,1409.43,1412.19
1538.68,1509.21,1539.01,1533.04,1512.39,2056.45,1536.41,1535.16,1533.6
167.908,136.473,169.138,140.349,167.598,135.585,1651.46,170.692,153.577
172.425,169.163,172.38,222.733,248.272,236.208,213.823,189.057,2070.81
828.843,891.403,953.605,865.105,900.534,977.909,831.659,2172.17,853.165
190.279,185.212,234.386,106.569,148.285,2244.42,206.419,304.5,92.0788
1839.57,1838.53,1837.86,1838.73,1840.98,1840.26,1841.09,1839.61,1859.19
1954.36,1950.49,1949.21,1946.18,1946.11,1949.48,1951.95,1961.61,1937.86
1362.76,1362.25,1363,1366.12,1373.31,1363.38,1364.9,1363.08,1354.38
1988.09,2002.87,1982.13,1984.14,1988.81,1983.73,1988.48,1961.62,1987.25
1954.12,1672.43,1666.46,1671.87,1672.54,1670.2,1672.58,1658.87,1670.42
2182.19,1617.53,1610.07,1611.44,1607.99,1612.27,1611.21,1610.61,1610.48
283.093,270.977,277.847,2223.29,283.93,271.972,281.831,281.339,326.823
2238.75,1552.02,1575.94,1574.05,1551.64,1564.29,1548.19,1553.15,1553
455.344,2221.39,455.317,455.156,464.421,454.781,455.024,535.136,455.099
134.158,172.335,106.515,135.578,104.375,117.12,2152.96,136.317,131.298
-993.184,-993.184,-993.184,-991.848,1394.33,-993.184,-993.184,-993.184,-993.184
-448.611,-389.387,-448.16,-449.177,-463.748,2163.34,-426.285,-447.737,-447.737
531.962,245.605,855.459,412.05,404.9,573.371,2177.45,726.139,582.984
128.503,55.9276,98.1411,195.851,145.974,2239.69,79.0498,54.839,90.3007
1812.54,1818.81,2240.4,1797.95,1816.88,1804.03,1807.96,1808.19,1805.98
1439.27,1439.07,1438.88,1439.35,1979.17,1439.24,1438.35,1439.02,1439.37
2212.88,2212.99,2207.37,2213.97,2207.71,2213.08,2213.65,2213.76,2183.65
1266.71,1261.73,1267.7,1621.77,1267.72,1251.51,1269.45,1258.46,1246.19
1706.62,2057.66,1711.49,1714.75,1714.02,1695.03,1715.47,1701.68,1705.3
2169.43,1312.35,1314.04,1309.54,1312.48,1318.23,1311.33,1309.47,1305.77
2234.93,1662.91,1645.49,1650.01,1668.8,1657.15,1612.34,1648.29,1596.73
163.158,2197.9,209.693,172.193,196.875,164.174,164.41,169.778,201.32
1686.4,1691.93,1689.37,2214.84,1700.29,1689.67,1690.77,1704.1,1692.45
335.861,373.432,350.812,351.524,2198.13,336.86,338.691,338.702,367.748
-547.343,-533.429,-546.523,-549.319,-533.179,-547.361,2118.68,-549.207,-548.306
-957.303,-957.303,-957.303,-957.303,-957.303,-957.303,-957.303,1869.09,-957.303
-1000,-1000,-999.911,-995.302,-1000,-999.443,2207.1,-1000,-1000
-64.1508,-22.2116,2247.75,134.147,-90.29,135.396,56.681,-23.6875,-24.5078
1809.73,1745.65,2245.9,1809.62,1803.69,1809.02,1809.22,1807.62,1809.24
1850.4,1851.01,1850.45,1851.07,1851.56,1850.79,1851.6,2230.24,1850.68
1885.07,1895.63,2239.81,1888.84,1888.73,1886.15,1897.36,1888.42,1888.88
1869.37,2239.87,1868.66,1869.19,1869.52,1869.31,1869.14,1869.47,1868.99
1718.31,1718.55,1719.05,1718.98,2241.79,1718.85,1726.5,1704.74,1719.09
1439.11,1434.48,1460.45,2217.77,1430.24,1475.63,1439.32,1489.8,1430.39
2240.55,802.308,893.249,834.583,816.694,800.62,812.866,825.04,778.562
2219.52,1148.98,1177.41,1177,1146.12,1154.98,1157.72,1166.88,1135.14
2209.8,1776.73,1781.99,1783.25,1791.46,1782.63,1783.03,1776.38,1777.11
1726.74,1724.6,2202.71,1725.53,1719.62,1723.33,1725.39,1726.14,1724.95
1611.12,1614.61,2197.16,1614.02,1547.32,1534.11,1614.74,1614.82,1606.73
24.4828,73.4333,25.9858,17.4784,17.3159,27.8878,21.0263,2114.11,74.779
-842.027,-828.858,-842.053,-842.007,1624.6,-832.45,-842.046,-804.354,-822.214
1629.36,1553.88,1539.63,1521.85,1546.47,1491.34,1537.85,1551.96,1550.31
1651.2,1640.84,1629.81,1651.51,1645.56,1652.84,1651.76,1651.98,1647.97
2346.71,2362.17,2361.69,2327.09,2341.74,2348.97,2376.09,2355.54,2353.34
2266.6,2258.23,2250.52,2259.89,2276.46,2280.4,2280.03,2246.12,2280.3
2139.42,2133.06,2147.58,2142.01,2126.04,2146.73,2128.91,2148.4,2140.63
1813.83,1770.04,1780.61,1772.63,1749.43,1775.01,1756.25,1769.22,1779.84
1628.64,1642.9,1628.33,1593.33,1579.98,1627.64,1614.69,1622.36,2147.09
1657.63,1664.68,1673.34,2218.2,1650.5,1682.66,1676.08,1674.94,1667.6
2216.92,1721.52,1731.58,1727.58,1745.06,1732.38,1725.67,1730.5,1731.49
1607.51,1608.45,1609.21,1596.87,1611.76,1614.42,1605.62,1610.98,1607.04
806.654,1547.85,816.068,798.253,810.453,810.415,812.533,824.151,818.397
-808.378,1526.54,-806.022,-806.022,-806.022,-806.022,-806.022,-806.022,-806.022
-950.631,-945.392,-949.597,-949.613,-949.854,-949.561,1372.8,-949.534,-949.534
-980.499,-980.727,-981.309,1435.67,-980.786,-980.844,-981.434,-981.297,-980.925
166.79,1310.66,165.435,166.996,123.589,166.577,166.992,166.719,166.215
1725.91,1718.61,1724.94,1665.52,1698.04,1717.36,1713.09,1720.03,1708.17
2364.08,2395.71,2357.67,2379.57,2388.95,2391.99,2381.14,2378.11,2363.66
2374.84,2351.42,2333.51,2373.02,2356.95,2378.44,2374.38,2344.78,2378.13
2151.18,2138.77,2137.76,2127.95,2152.44,2133.75,2133.87,2129.29,2151.09
1742.94,1733.35,1746.17,1732.82,1737.32,1736.29,1739.25,1738.17,1742.58
1538.22,1537.04,1537.69,1540.41,1538.16,1525.72,1525.83,1523.82,1516.46
1585.55,1592.96,1594.39,1585.76,1598.45,1582.78,1584.87,1596.03,1597.42
1683.34,1679.6,1681.64,1668.4,1681.7,1675.98,1681.46,1660.96,1681.87
1763.14,1764.24,1754.17,1756.66,1764.75,1762.09,1761.33,1759.94,1801.17
1477.42,1621.33,1479.39,1479.45,1490.32,1474.64,1477.32,1478.14,1479.68
946.64,937.569,985.94,995.012,995.577,969.229,1523.06,988.21,978.848
-6.10861,-3.64658,-18.1911,1402.78,1.37636,1.37636,1.37636,72.3642,1.37636
-301.058,-301.753,1263.23,-300.87,-322.667,-304.973,-323.727,-303.757,-302.422
-999.819,-999.819,-999.819,-999.819,1220.03,-999.013,-999.819,-999.819,-999.819
682.043,677.408,1604.19,680.293,681.414,675.954,680.728,682.005,682.326
2080.39,2084.84,2089.15,2068.85,2062.89,2097.28,2066.8,2095.53,2092.99
2269.24,2245.78,2271.12,2273.92,2251.23,2267.19,2274.93,2239.51,2256.01
2105.33,2108.71,2135.1,2129.1,2118.06,2113.96,2118.71,2125.31,2099.09
1768.58,1750.8,1762.46,1744.65,1730.13,1762.2,1750.04,1768.12,1748.27
1546.27,1548.11,1542.92,1542.2,1546.89,1547.24,1545.02,1543.82,1532.14
1604.53,1614.67,1616.7,1618.47,1613.12,1617.49,1605.96,1709.93,1547.69
1693.93,1695.88,1695.45,1698.81,1700.33,1671.77,1699.61,1697.92,1716.73
1738.93,1832.17,1742.77,1739.81,1743.41,1741.52,1737.35,1740.08,1743.29
1419.13,1412.71,1413.98,1541.28,1348.64,1418.25,1418.17,1405.7,1420.03
1441.88,1501.82,1499.38,1476.42,1424.41,1483.8,1424.95,1631.15,1492.62
-999.997,-999.997,-986.193,-999.997,-999.997,748.475,-999.997,-999.997,-999.997
-999.999,636.855,-999.999,-999.999,-999.999,-994.044,-999.999,-999.999,-999.999
1233.79,1523.66,1232.46,1241.7,1283.05,1278.36,1278.94,1225.88,1237.5
2051.56,2042.87,2045.71,2049.48,2055.39,2039.69,2042.59,2037.77,2032.29
2515.68,2508.48,2485.18,2461.16,2516.87,2494.28,2474.65,2521.07,2476.46
2584.37,2572.31,2613.17,2579.61,2605.96,2593.01,2608.76,2610.38,2594.49
2242.26,2241.7,2239.95,2274.89,2240.91,2273.78,2264.24,2276.4,2276.83
1818.57,1809.84,1821.23,1827.4,1798.25,1825.41,1819.92,1828.62,1804.4
1606.51,1611.05,1967.91,1607.07,1615,1603.69,1613.29,1610.55,1612.93
1655.71,1660.35,1663.13,1663.44,1646.85,1664.31,1660.93,1664.22,2084.43
1709.46,1705.94,1710.41,1708.36,1706.73,2072.82,1697.97,1708.83,1700.2
1709.07,1727.05,1727.08,1724.01,1676.92,1714.11,1726.58,1884.29,1725.57
1605.36,1656.57,1594.68,1602.88,1604.69,1606.25,1578.5,1589.88,1600.79
1512.81,1496.8,1479.5,1443.98,1435.07,1494.02,1484.5,1459.7,1508.11
-999.998,-999.996,-999.998,612.756,-999.998,-999.998,-999.998,-999.998,-999.998
-999.998,-999.984,-999.998,-999.994,-981.575,-998.413,1354.05,-999.998,-989.715
-102.024,1596.06,-106.802,-111.311,-103.281,-103.253,-101.503,-101.945,-105.539
1603.59,1605.58,1606.22,1606.35,1601.01,1612.42,1605.16,1599.24,1603.48
2167.23,2165.93,2176.89,2167.58,2187.94,2180.81,2145.03,2176.38,2188.17
2178.46,2169.77,2169.73,2159.58,2172.57,2159.38,2162.52,2172.58,2167.71
1987.16,1989.04,1995.26,1994.73,1995.48,1989,2005.03,2004.52,1995.46
1789.94,1784.92,1797.43,1775.54,1788.04,1787.63,1790.72,1788.38,1782.22
1658.56,1662.59,1662.71,1661.34,1662.73,1662.13,1647.44,1653.7,2002.31
1654.56,1665.36,1664.55,1656.52,1652.47,1665.14,1663.29,2082.88,1667.04
2015.41,1700.16,1699.81,1693.73,1696.93,1700.21,1686.79,1700.55,1699.82
1652.36,1631.84,1629.07,1630.82,1631.08,1630.02,1631.48,1631.8,1631.4
1683.51,1686.56,1675.3,1680.02,1679.94,1659.72,1679.44,1674.56,1683.42
1655.64,1618.75,1650.95,1588.79,1654.55,1795.88,1653.47,1657.34,1645.79
-126.613,-197.212,-203.528,-198.146,-198.221,-201.526,-204.8,-212.655,1570.47
-999.182,-999.161,-998.107,-998.812,1449.79,-999.156,-999.156,-998.376,-960.449
-49.498,-73.5376,-49.6905,1624.96,-48.6925,-48.6925,2.89791,-48.6925,-48.6925
1836.95,1830.85,1847.26,1826.87,1837.46,1835.79,1834.49,1835.97,1837.73
1983.16,1986.07,1983.62,1983.44,1967.79,1989.53,1982.41,1983.99,1984.2
2098.33,2097.26,2094.12,2087.76,2081.6,2079.36,2093.5,2097.24,2099.3
2031.81,2031.37,2032.05,2028.82,2030.15,2041.96,2019.54,2032,2031.89
1775.84,1778.55,1958.56,1785.91,1774.49,1782.81,1757.63,1786.16,1784.44
1617.08,1628.48,1628.96,1624.24,1602.45,1628.95,1626.1,1628.54,2136.26
1660.04,1662.62,1662.61,1660.29,1661.33,1661.38,1660.94,1654.34,1994.47
1694.07,1693.65,1691.17,1689.66,1690.2,1691.97,1728.82,1693.79,1693.06
1694.49,1693.92,1698.4,1697.96,1807.31,1698.25,1696.52,1699.34,1696.55
1663.33,1675.78,1793.38,1673.81,1674.24,1672.58,1675.11,1672.26,1673.31
1355.02,1352.97,1349.73,1341.16,1351.62,1355.45,1345.25,1303.6,1946.87
-565.034,-538.027,-576.795,-565.798,-563.898,2077.4,-564.173,-578.629,-563.983
-708.064,-707.996,-718.542,-707.912,-712.465,-712.489,2067.48,-707.609,-707.609
1704.38,1706.09,1707.68,1698.94,1702.44,1706.69,1707.79,1706.78,2115.5
1848.25,1852.66,2148.47,1848.91,1853.5,1853.57,1849.94,1853.71,1848.47
2009.07,2007.76,2140.93,2007.99,2009.23,2009.31,1994.06,2005.57,1911.92
2026.86,2085.54,2024.56,2023.47,2026.71,2022.84,2025.34,2026.8,2026.36
1830.69,1830.52,1819.48,1829.29,1827.38,2090.38,1829.54,1828.73,1829.77
1654.52,1658.91,1658.85,1652.73,1654.06,1658.68,1657.43,1658.62,2111.22
1669.46,1664.68,1667.03,1668.11,1668.54,1667.02,1665.01,1668.76,2079.39
1662.23,1820.8,1658.51,1662.83,1660.99,1661.07,1662.59,1662.79,1661.04
1671.15,2252,1692.93,1683.73,1687.64,1684.57,1704,1704.46,1683.14
1687.24,2202.77,1690.61,1676.61,1683.3,1689.15,1687.19,1684.46,1689.53
1649.2,1648.37,1647.75,1651.74,1653.83,1653.89,1653.28,1645.41,2181.83
1451.34,1458.16,1440.21,2090.94,1384.94,1433.21,1456.85,1450.66,1440.36
-220.035,-224.564,-130.548,-233.108,-226.61,-224.617,-237.477,-229.111,2066.22
-442.188,-344.17,-349.564,-300.583,-367.297,-387.512,-327.879,-374.246,2139.18
325.962,2165.11,236.75,237.957,204.003,348.348,232.604,210.277,238.92
1778.28,1768.55,1778.99,1776.69,1779.55,1775.76,1775.76,1778.41,2140.09
1881,1883.42,1880.15,1887.11,1880.82,1886.88,2125.46,1870.02,1874.14
1927.81,1928.92,1930.01,1915.98,1921.84,1923.28,2120.05,1922.5,1931.28
1906.93,1909.98,1904.01,2104.82,1896.99,1912.17,1912.02,1909.48,1911.93
1347.51,1346.54,1345.9,2126.9,1341.85,1346.52,1347.56,1344.63,1346.14
725.692,2184.91,730.697,812.345,737.003,726.894,720.278,760.863,741.941
278.165,226.198,223.356,188.527,212.469,260.396,2197.13,144.597,175.911
1184.79,1200.59,1161.24,1189.6,1180.28,1225.21,1190.47,2205.7,1160.35
1629.06,2222.15,1635.16,1625.4,1625.73,1625.38,1556.29,1626.65,1629.43
-808.705,-809.371,-767.118,-808.305,-780.183,2132.34,-809.846,-809.334,-809.595
-998.062,-997.484,1984.34,-998.063,-998.1,-998.073,-998.1,-998.073,-998.078
1229.59,1204.48,1250.52,1243.52,1241.86,1207.65,1194.96,2137.63,1266.83
-386.299,-378.109,-376.595,-385.59,-364.8,-369.095,-370.351,2162.07,-383.375
-467.556,-691.582,-466.664,-451.696,-715.853,-556.702,-592.809,-724.983,2220.62
2047.94,1860.55,1868.53,1865.19,1863.7,1869.18,1869.68,1861.82,1869.2
1955.15,1954.5,1948.61,1955.25,1954.69,1954.92,1951.22,2076.08,1951.88
1956.86,1972.37,1976.15,1974.76,1971.44,1972.56,1967.98,2101.16,1972.36
1766.77,1776.93,1776.62,1772.86,1776.87,1774.94,1776.51,2121.41,1777.39
1724.7,1725.75,1725.97,2112.72,1724.91,1723.13,1722.75,1724.71,1723.4
2155.2,1227.95,1221.93,1225.57,1228.01,1213.77,1227.68,1225.39,1223.15
1678.92,1676.03,1683.38,1676.24,1682.92,1691.26,1708.5,2199.6,1710.86
437.366,335.715,2225.08,379.688,339.656,340.879,340.85,381.688,354.585
1347.08,1362.67,1359.06,1359.31,1357.91,1368.71,2201.72,1366.25,1358.53
-819.16,-832.049,-833.191,2136.62,-833.952,-815.245,-802.427,-810.755,-834.046
-910.845,-909.76,-899.341,-894.744,-904.057,-910.294,-910.893,-877.038,2154.15
-681.57,-693.808,-687.557,-695.476,-695.018,-690.751,-689.759,2082.23,-695.644
-881.765,-924.099,-888.405,2053.82,-924.098,-924.098,-924.098,-924.098,-924.098
938.668,877.248,939.259,938.82,936.15,939.604,932.098,877.568,2139.6
1960.46,1961.95,1960,1961.87,1962.09,1961.73,1958.07,1961.14,2006.68
2006.24,1999.27,2001.44,1997.23,2003.53,2002.5,2001.98,2003.44,2003.56
2240.5,2236.89,2229.12,2240.25,2234.24,2224.81,2238.78,2240,2240.52
2198.68,2195.01,2194.54,2185.17,2188.91,2172.98,2195.15,2195.05,2190.93
1631.93,1620.57,1635.92,1723,1632.56,1621.1,1630.24,1619.09,1633.45
2150.11,1667.01,1653.3,1666.78,1657.59,1645.7,1667.24,1665.39,1664.69
2225.28,1660.88,1703.33,1718.86,1688.3,1673.14,1668.23,1683.88,1729.77
376.334,369.471,2233.83,374.059,423.855,317.795,331.527,385.045,356.775
1556.85,1534.71,1529.41,2187.04,1536.44,1561.91,1537.8,1536.83,1535.69
1484.5,1556.71,1536.36,2170.35,1525.29,1532.07,1530.1,1531.2,1531.11
-846.719,2162.91,-768.278,-846.688,-754.511,-824.807,-846.685,-848.511,-846.671
-962.521,1219.41,-962.521,-962.521,-960.166,-962.521,-962.521,-962.521,-962.521
-1000,-1000,-1000,-1000,-381.365,-1000,-1000,-1000,-1000
117.462,86.8598,85.8446,93.1008,94.5677,93.5571,92.2259,67.538,1555.15
1944.48,1954.7,1945.6,1950.34,1947.93,1946.56,1948.52,1945.61,1949.48
2609.78,2589.25,2590.86,2586.65,2616.54,2591.56,2596.57,2591.93,2613.11
2418.69,2399.01,2403.64,2406.66,2412.14,2403.26,2420.43,2408.85,2402.5
1823.1,1822.46,1835.36,1818.89,1822.49,1823.27,1822.89,1822.9,1823.5
1821.22,2042.01,1820.58,1815.89,1820.26,1807.64,1820.54,1819.64,1816.67
1627.64,1622.72,1629.01,1631.62,1597.55,1631.63,2186.79,1624.6,1617.99
2238.18,1673.23,1672.43,1670.39,1668.52,1690.53,1672.29,1670.94,1670.38
1744.52,2221,1745.79,1747.84,1739.71,1743.21,1746.17,1747.46,1748.06
534.247,532.144,488.933,533.149,534.379,2176.48,534.155,533.645,534.723
-363.931,-367.117,-363.775,-365.008,2170.77,-383.949,-363.967,-382.597,-363.685
-761.527,-763.835,-769.853,2024.29,-763.755,-772.426,-763.762,-738.613,-763.994
-966.79,-966.79,-966.79,-966.79,1311.29,-966.79,-964.581,-966.79,-966.79
1353.46,-988.932,-988.836,-905.544,-989.1,-988.838,-988.856,-988.903,-978.905
946.746,950.499,948.774,950.116,950.535,913.912,890.534,1516.47,950.7
2125.43,2117.11,2141.88,2131.76,2118.81,2137.93,2116.15,2137.42,2136.18
2706.58,2757.95,2712.77,2760,2733.67,2740.58,2730.69,2688.78,2721.93
2710.34,2708.63,2702.39,2681.96,2746.14,2731.05,2740,2739.73,2704.89
2555.77,2556.82,2527.88,2497.35,2520.23,2543.32,2535.09,2533.94,2509.87
1910.97,1915.22,1907.89,1886.25,1931.73,1913.58,1915.01,1914,1910.19
2190.27,1596.73,1616.73,1610.32,1545.57,1574.36,1608.31,1609.05,1612.61
2208.6,1638.35,1641.15,1641.83,1626.68,1636.74,1634.78,1639.48,1635.01
2192.04,1694.56,1686.58,1691.92,1685.04,1691.17,1691.32,1693.34,1691
1723.73,1729.58,1740.57,1736.52,1732.42,1739.13,1738.43,1736.21,1731.48
1697.88,1687.82,1684.21,1696.62,1698.51,1645.87,1687.41,1702.54,1688.56
1521.46,703.678,703.056,684.868,702.511,699.221,697.981,705.491,674.802
-910.172,-910.156,-910.141,-912.763,-913.501,1220.52,-910.132,-910.132,-910.132
-976.325,-976.322,-976.319,912.565,-976.318,-976.318,-975.926,-976.318,-976.318
-242.611,-243.043,-250.506,-243.905,-243.241,1315.11,-235.015,-244.128,-246.455
2216.31,2210.17,2216.23,2199.48,2192.64,2233.73,2231.51,2201.41,2233.61
2705.98,2695.64,2689.3,2659.5,2672.93,2660.01,2661.87,2660.13,2663.89
2642.66,2675.98,2643.14,2657.26,2687.69,2693.08,2660.73,2691.08,2638.69
2441.5,2479.13,2429.88,2450.18,2486.37,2447.85,2485.39,2443.46,2449.31
1895.63,1892.09,1871.02,1904.57,1868.87,1896.04,1901.43,1888.63,1895.65
1489.79,1492.33,1483.04,1489.4,1491.55,1481.62,1474.39,1459.76,1490.97
1542.22,1554.06,1549.99,1548.96,1545.29,1549.57,1545.76,1548.17,1550.4
1661.53,1657.58,1666.33,1666.93,1652.74,1678.02,1666.67,1667.91,1665.73
1650.49,1649.24,1697.72,1654.79,1656.3,1654.92,1647.18,1640.73,1640.39
1470.54,1476.59,1658.59,1473.2,1442.29,1476,1469.99,1474.2,1472.32
1583.14,1591.57,1533.22,1597.41,1562.34,1763.96,1588.59,1583.2,1543.32
-987.848,-987.844,-918.737,-934.515,-987.849,-987.844,1319.18,-987.843,-987.823
-1000,-1000,-1000,-1000,385.845,-1000,-1000,-1000,-1000
-995.119,-994.965,-994.963,-994.963,-995.152,-994.965,1371.88,-994.964,-994.965
1980.13,1979.1,1981.2,1985.99,1982.4,1987.22,1984.1,1988.66,1980.43
2457.03,2434.59,2440.69,2458.39,2434.78,2463.67,2423.43,2459.87,2474.1
2429.17,2448.82,2471.82,2428.98,2434.46,2442.14,2452.62,2455.69,2431.63
2351.34,2349.39,2335.49,2347.02,2307,2320.47,2326.61,2337.97,2315.62
1799.97,1826.1,1823.5,1823.33,1820.8,1825.09,1796.2,1798.97,1822.95
1539.12,1535.36,1929.04,1537.85,1540.54,1530.49,1537.88,1538.27,1466.83
1617.93,1608.64,1617.42,1616.29,1603.87,1618.07,1614.21,1619.69,1861.3
1672.29,1663.4,1788.71,1667.33,1672.66,1671.75,1669.8,1676.5,1668.77
1697.84,1684.85,1693.04,1692.1,1695.21,1959.85,1694.31,1697.58,1680.35
1101.47,1107.38,1083.96,1957.91,1121.58,1085.29,1093.87,1118.32,1093.18
1019.43,1028.3,1017.2,1039.04,979.207,1007.26,1012.41,1926.51,1017.93
-983.97,-987.936,-987.937,-987.976,-951.715,-965.447,1664.28,-987.936,-987.936
-999.893,-999.975,-999.968,1092.83,-999.975,-905.589,-999.971,-999.975,-999.975
1284.56,1275.32,1632.36,1282.99,1201.6,1295.64,1284.01,1301.46,1276.02
2224.53,2231.83,2219.47,2199.25,2203.86,2207.68,2223.65,2228.06,2215.49
2514.68,2509.82,2488.84,2505.34,2535.93,2507.4,2535.29,2543.02,2535.23
2582.5,2559.41,2557.97,2593.8,2577.4,2549.47,2539.44,2563.63,2587
2477.15,2456.28,2477.64,2443.8,2475.59,2468.56,2450.11,2431.77,2450.38
1880.23,1844.72,1872.11,1846.79,1876.04,1876.53,1873.92,1876.62,1869.84
1576.12,1583.88,1578.96,1570.22,1579.53,1583.24,1583.92,1969.98,1585.6
1473.66,1473.7,1468.09,1473.83,1475.98,2160.7,1479.66,1475.51,1477.29
1686.41,1684.56,1687.68,1687.26,1676.29,1683.63,1685.45,1684.67,2028.75
2089.27,1575.17,1576.4,1572.26,1497.05,1569.46,1575.64,1567.97,1576.38
1660.59,1677.33,1674.55,1676.7,2065.42,1677.08,1677.84,1677.66,1677.56
-453.123,-442.181,-442.388,-440.432,-441.512,1894.68,-441.601,-441.285,-440.38
686.591,693.069,689.002,695.521,694.495,694.511,1688.48,695.08,694.814
-581.731,-581.663,-581.773,-581.746,-581.321,1504.55,-581.304,-581.304,-505.25
1208.07,1221.89,1221.67,1669.29,1218.42,1220.45,1215.22,1220.78,1221.45
1829.17,1870.7,1869.88,1875.87,1875.79,1875.41,1875.81,1875.77,1872.69
1917.57,1959.56,1960.2,1956.01,1952.93,1956.08,1958.48,1957.67,1958.75
2175.05,2192.68,2192.34,2181.28,2192.92,2177.49,2182.04,2193.02,2190.9
2085.38,2088.93,2090.38,2089.11,2089.89,2088.49,2086.74,2089.87,2086.25
1721.91,1689.92,1712.89,1723.87,1705.07,1723.02,1715.4,1721.42,1776.89
1586.56,1578.27,1591.31,1584.09,1577.49,2094.33,1589.01,1591.29,1589.78
1542.15,1538.89,1542.11,1536.51,1539.01,2155.83,1530.89,1543.65,1544.05
1688.68,1686.35,1688.73,2149.99,1691.38,1684.38,1686.9,1687.58,1684.74
1684.58,1691.48,1695.02,1691.53,1690.38,1694.97,1693,1688.1,1966.73
1674.44,1682.47,1681.98,1683.3,1669.84,1682.25,1677.27,1876.49,1682.28
1081.81,1140.35,1133.53,1197.96,1159.5,1121.37,1097.79,1974.52,1161.44
124.186,115.636,2089.44,178.914,119.338,111.036,122.575,175.914,182.733
-833.463,-869.521,-814.391,1992.78,-867.567,-847.815,-870.091,-868.398,-830.602
134.176,135.81,135.044,134.961,134.107,94.7281,133.896,1615.55,130.76
1864.49,1861.96,1862.03,1865.33,1865.85,1887.79,1860.07,1863.9,1866.13
2152.82,2173.33,2165.64,2172.89,2155.17,2173.99,2172.26,2164.72,2163.58
2162.24,2166.33,2177.31,2161.63,2169.7,2175.58,2175.56,2173.26,2176.11
2057.23,2054.39,2061.38,2048.81,2042,2064.51,2061.53,2055.76,2061.68
1775.38,1790.77,1973.62,1790.87,1787.84,1790.57,1790.09,1791.46,1790.81
1629.52,2111.08,1643.8,1633.41,1628.32,1636.23,1635.49,1635.7,1637.16
1481.77,1482.16,1482.87,1481.52,1480.36,2167.51,1468.78,1477.65,1482.73
1683.09,1687.47,2252.9,1682.37,1688.07,1686.11,1692.91,1703.48,1695.86
1677.72,1676.67,1682.65,1681.39,1670.83,2183.68,1678.9,1682.68,1682.71
1656.58,1658.55,2115.75,1655.88,1658.41,1668.63,1653.16,1669.83,1667.53
1615.3,1615.11,1618.39,1610.51,1615.45,2040.2,1613.5,1617.3,1601.94
540.053,501.876,514.348,515.202,488.174,516.319,538.128,2005.79,502.796
-311.421,-311.028,2155.81,-310.883,-310.883,-262.506,-310.883,-218.905,-310.883
1587.75,1590.12,1541.81,1589.49,1529.3,1590.34,1591.56,2138.82,1511.82
1807.38,1805.82,1795.04,1809.5,2129.29,1809.61,1802.65,1809.09,1807.57
2005.61,2005.72,2005.91,2005.45,2005.67,2087.38,2003.86,2004.73,2006.16
1964.5,1965.08,1961.23,1964.8,2098.63,1960.83,1964.39,1964.71,1964.83
1935.42,1936.89,1936.85,1935.8,1934.42,1933.72,1936.17,1933.35,2138.34
1382,1380.13,1379.44,1379.63,1379.17,2124.5,1378.47,1379.95,1376.72
592.04,617.47,2179.39,619.599,592.3,591.824,592.829,592.27,626.439
121.252,156.596,177.138,148.046,216.627,237.33,159.448,165.56,2189.63
1664.52,1679.55,1701.8,1658.27,1689.84,2213.63,1658.26,1684.27,1659.44
1663.6,1663.1,2200.21,1662.65,1657.52,1665.33,1657.93,1647.56,1666.23
1644.64,2169.78,1651.65,1652.39,1652.19,1647.35,1653.56,1653.81,1654.09
1280.07,1250.34,1291.64,1286,1278.78,1216.84,2115.33,1291.41,1252.85
1539.6,1558.01,1537.85,1538.78,1529.04,2169.36,1536.96,1538.85,1539.17
877.553,959.966,928.213,2157.74,950.7,950.7,1000.64,950.7,950.7
1493.97,1478.48,1494.45,1494.75,2165.18,1507.21,1495.05,1502.64,1498
1798.05,1798.16,1796.73,1798.72,2138.91,1797.59,1798.49,1798.67,1797.83
1854.39,1857.72,1855.5,1857.83,1856.07,2131.23,1857.92,1856.54,1857.98
1962.76,2130.24,1965.8,1966.17,1967.62,1967.75,1966.75,1967.72,1966.04
2126.57,1881.04,1881.02,1873.47,1877.43,1880.2,1876.02,1879.49,1879.08
1607.54,1606.78,1606.5,2123.2,1603.66,1607.45,1607.12,1617.42,1606.94
837.841,838.315,841.026,2181.45,850.36,845.952,838.012,921.586,838.829
154.572,2203.65,191.692,187.567,254.75,201.612,145.568,125.65,156.588
590.19,670.943,2211.93,585.487,645.953,646.48,580.82,604.286,629.431
752.581,782.301,737.751,753.699,742.461,2188.06,754.554,727.169,754.327
294.821,299.21,263.4,269.409,268.218,268.083,267.189,2152.68,264.62
88.9978,60.5302,73.2509,81.8476,2190.8,59.2857,84.0599,74.0209,58.7787
-94.6905,66.0596,2133.24,160.524,-66.4785,52.9772,-38.158,-7.35334,-45.3592
-555.845,-563.603,-552.551,-551.339,-563.503,-542.898,2148.2,-551.265,-548.255
-727.676,-670.96,-738.757,-836.774,-615.947,-836.864,-837.032,-836.91,2193.41
2142.76,1752.18,1754.33,1756.49,1756.2,1755.28,1755.51,1755.02,1687.17
2013.89,2013.84,2014.08,2013.83,2135.19,2013.83,2013.2,2012.8,2014.12
1959.99,1961.53,1956.92,2110.91,1960.39,1959.36,1959.18,1960.58,1960.36
2122.23,1704.9,1702.38,1703.98,1703.9,1701.09,1702.36,1704.84,1703.87
2156.96,1750.7,1751.93,1752.81,1754.02,1753.62,1752.7,1740.76,1752.28
904.48,904.955,910.427,2173.42,900.145,929.433,905.274,903.586,904.615
648.352,722.672,655.041,678.877,637.242,672.784,2202.12,687.828,678.658
2215.11,1623.68,1621.63,1615.17,1622.47,1631.41,1621.11,1618.09,1640.9
-574.094,-569.911,-574.598,-539.977,-574.608,-568.053,-572.913,-528.958,2099.67
-715.106,-715.103,-715.017,-679.631,-715.095,2123.72,-714.701,-715.072,-715.034
-929.177,-946.69,-916.806,-854.539,-907.305,2160.95,-893.215,-898.917,-951.932
-836.801,-844.08,1914.64,-844.08,-844.075,-844.08,-844.08,-844.08,-844.08
-986.849,-986.859,-986.832,-983.543,-986.832,-986.829,-972.104,-986.829,2077.73
-147.616,-246.957,-366.313,-248.262,-365.91,2218.73,-326.321,-333.214,-365.898
1781.63,1784.72,1772.57,1915.27,1778.47,1764.56,1783.34,1777.24,1774.53
2441.97,2448.53,2444.16,2447.37,2448.36,2446.89,2446.48,2447.26,2447.39
2298.4,2299.13,2298.81,2244.93,2297.96,2298.87,2296.98,2299.22,2296.25
2011.61,2048.63,1950.8,2010.16,2003.07,2006.6,2010.18,2010.66,2010.47
1607.8,2056.65,1598.56,1608.09,1530.03,1605.31,1595.54,1605.95,1606.87
2124.28,738.967,726.427,777.856,777.779,735.529,754.363,805.663,737.671
1295.46,1276.47,1335.75,2205.34,1275.58,1259.75,1278.78,1274.44,1263.66
1705.16,2213.45,1682.09,1717.58,1689.65,1699.59,1692.84,1715.34,1686.34
354.546,381.287,367.018,2203.7,366.628,363.543,374.341,367.719,359.29
-907.018,-910.536,-898.084,2095.21,-911.411,-911.013,-889.316,-911.38,-899.686
-806.275,-806.275,-806.275,-806.275,-806.275,-806.275,-806.275,-806.275,1580.78
-995.411,-995.411,1833.65,-995.411,-995.411,-995.411,-995.411,-995.411,-991.907
-928.079,-928.229,-928.084,-928.083,-928.078,-924.259,-852.575,2122.81,-928.078
-770.132,-770.146,-771.694,-773.399,2175.01,-770.109,-770.109,-770.109,-770.109
1730.27,1728.6,1729.95,1655.58,1743.2,1748.06,2209.82,1727.96,1742.82
1879.27,2183.09,1879.1,1878.26,1878.84,1877.07,1876.24,1878.97,1878.9
1931.12,1929.01,2147.28,1928.83,1930.15,1928.39,1930.26,1930.8,1930.33
1869.46,1868.83,2155.61,1871.13,1871.51,1866.04,1870.91,1870.98,1870.35
2211.42,1722.53,1721.3,1715.24,1716.42,1723.28,1724.07,1692.21,1722.29
2230.6,1612.16,1620.11,1613.17,1611.32,1619.54,1613.38,1604.72,1608.46
1649.39,1651.27,1649.42,2198.01,1640.93,1651.65,1663.06,1655.87,1651.64
2225.45,1433.76,1392.7,1385,1373.29,1393.84,1411.38,1386.95,1370.87
601.48,621.463,624.618,625.876,626.991,623.757,626.711,2057.45,626.314
-995.973,2073.33,-996.079,-995.975,-996.033,-996.102,-995.992,-995.975,-995.972
2021.76,-974.524,-974.105,-973.813,-919.55,-973.775,-974.143,-974.433,-974.587
2090.22,-358.288,-327.273,-241.628,-358.915,-324.775,-348.211,-321.981,-313.333
-689.399,-689.418,-689.566,2016.46,-647.813,-689.386,-689.386,-655.361,-688.556
-269.776,-279.046,-289.902,-287.385,-281.707,-288.115,1527.06,-265.667,-266.779
1600.18,1569.69,1571.2,1566.86,1570.24,1572.45,1501.89,1570.86,1572.54
2445.9,2420.5,2432.4,2411.05,2446.32,2443.38,2425.95,2412.18,2445.76
2455.45,2439.22,2438.05,2459.33,2460.97,2472.48,2466.3,2472.83,2470.2
2177.43,2182.98,2181.39,2193.69,2180.39,2169.25,2178.4,2171.04,2172.4
1804.92,1879.95,1806.39,1802.19,1805.21,1804.75,1805.55,1795.3,1803.51
1581.76,1584.08,1565.72,1584.79,1565.25,1584.12,1585.61,1583.85,1773.91
2197.9,1632.68,1632.01,1633.6,1627.1,1627.86,1632.69,1632.13,1634.41
1725.63,1726.34,1724.23,2177.83,1725.58,1724,1727.21,1725.93,1727.58
1629.25,1625.31,1637.14,1629.83,1626.7,1623.87,1628.69,1628.96,1627.71
1231.51,1410.81,1291.02,1295.75,1296.19,1296.41,1291.63,1291.7,1294.67
-825.773,-825.556,-825.945,-823.963,-825.958,-824.813,-823.999,-825.952,1227.04
-996.071,-996.071,-996.071,-996.071,-996.071,859.672,-996.071,-996.071,-994.696
-998.851,-998.851,937.981,-998.851,-998.851,-998.851,-998.83,-998.851,-998.851
-951.465,-951.439,-951.442,-951.504,-953.259,-952.708,1038.83,-951.439,-951.439
1673.51,1676.42,1633.85,1665.96,1676.46,1683.79,1676.94,1671.32,1676
2601.73,2645.09,2633.75,2640.76,2618.17,2598.55,2648.22,2623.76,2605.38
2374.51,2382.48,2372.63,2375.4,2392.15,2405.91,2395.5,2378.04,2373.08
2214.45,2213.03,2196.9,2189.62,2209.13,2185.54,2212.8,2207.13,2212.67
1764.62,1757.27,1761.61,1735.32,1759.63,1752.37,1745.98,1763.62,1764.68
1430.65,1457.2,1458.44,1418.4,1434.07,1470.65,1471.45,1501.73,1470.56
1509.06,1524.13,1538.66,1528.84,1536.43,1537.18,1535.69,1536.61,1638.84
1590.14,1591.9,1595.45,1590.91,1582.62,1587.84,1592.62,1597.72,1649.9
1721.67,1726.04,1726.84,1721.94,1708.28,1725.16,1724.5,1726.02,1900.63
1690.9,1695.56,1687.67,1692.55,1686.81,1805.4,1674.08,1694.44,1694.67
-50.7777,-51.3659,-54.9087,1488.49,-75.0352,-53.8589,-37.3789,-56.384,-77.4868
-1000,-1000,-1000,-1000,-999.995,-1000,1189.06,-1000,-1000
-1000,-1000,-1000,-1000,705.018,-1000,-1000,-982.263,-1000
-559.568,1356.8,-559.573,-559.516,-569.315,-559.72,-559.724,-560.061,-559.586
2495.56,2492.68,2512.41,2478.33,2527.5,2520.38,2485.89,2531.15,2498.19
2787.03,2764.2,2732.8,2738.99,2772.33,2739.92,2775.81,2762.85,2783.96
2865.63,2831.4,2842.99,2816.4,2825.91,2805.49,2805.13,2863.42,2837.96
2612.35,2631.91,2632.54,2644.52,2605.96,2623.79,2612.21,2638.86,2661.63
2000.58,2007.9,1999.52,2009.9,2006.27,1979.22,1991.98,1997.44,2007.91
1493.37,1494.27,1837.98,1508.83,1507.9,1505.15,1505.3,1509.75,1495.4
1604.25,1600.66,1973.33,1601.55,1583.15,1597.96,1594.95,1599.99,1593.3
1675.73,1673.66,1942.18,1676.92,1665.13,1676.09,1671.09,1673.88,1674.07
1704.43,1709.88,1701.28,1709.38,1710,1709.9,1697.18,1943.28,1704.12
1394.65,1393.44,1393.26,1393.94,1342.66,1391.09,1388.79,1336.74,1972.05
-210.351,-210.484,-211.677,-210.341,-210.866,-188.313,1519.43,-210.333,-210.333
-872.228,1245.22,-872.032,-847.895,-872.032,-806.317,-872.032,-872.032,-872.032
102.661,103.275,64.9166,102.707,87.9564,1547.2,96.9302,103.173,103.011
-430.516,-430.496,1648.84,-430.942,-443.59,-431.528,-430.765,-425.622,-431.29
1567.81,1565.66,1562.54,1567.05,1563.53,1564.04,1565.59,1566.93,1612.99
2292.14,2297.35,2302.57,2297.37,2291.26,2277.59,2289.27,2312.2,2286.95
2358.71,2371.56,2380.37,2372.97,2373.84,2370.01,2351.93,2350.78,2386.05
2250.56,2259.31,2235.27,2244.29,2221.16,2244.61,2240.14,2236.51,2243.97
1787.09,1777.43,1790.76,1783.07,1790.53,1789.74,1791.33,1794.81,1787.82
1415.37,1413.07,1994.6,1412,1414.17,1412.41,1412.58,1407.91,1409.75
1631.42,1631.39,1980.66,1627.96,1602.95,1631.17,1625.17,1630.87,1638.94
1688.54,1674.78,1690.73,1678.62,1687.74,1949.05,1687.76,1689.22,1689.03
1687.04,1686.11,1685.05,1686.11,2150.24,1687.41,1686.22,1685.98,1648.26
1575.45,1582.43,1539.53,1557.05,1503.82,1565.74,1535.64,1509.58,2146.23
672.407,2029.4,709.589,718.778,671.516,672.144,672.143,767.494,706.112
1841.85,-847.311,-817.928,-794.61,-725.649,-787.079,-851.921,-794.531,-810.992
-887.767,-993.487,-993.495,-993.482,-981.006,1425.72,-993.48,-947.157,-993.48
1053.28,1047.55,1050.97,1052,1048.26,1617.71,1059.29,1053.37,1053.37
2149.32,2142.14,2139.06,2134.65,2132.09,2150.08,2126.87,2119.16,2147.08
2370.06,2344.17,2363.21,2355.9,2345.57,2349.33,2358.66,2342.53,2375.12
2356.23,2345.78,2344.74,2370.05,2355.33,2370.04,2354.68,2357.16,2338.09
2313.46,2314.88,2307.49,2296.46,2316.73,2304.9,2324.66,2288.15,2289.85
1770.61,1771.11,1794.59,1776.33,1773.88,1778.02,1777.79,1755.28,1776.52
1623.48,1631.34,1919.09,1629.46,1622.84,1634.61,1636.12,1628.62,1635.51
1567.91,2148.06,1558.21,1562.34,1562.34,1564.06,1561.07,1561.29,1549.57
1594.3,2155.97,1594.5,1596.34,1594,1594.78,1593.27,1585.38,1589.25
1690.39,1901.56,1690.17,1691.95,1688.9,1692.7,1691.13,1688.45,1691.16
2047.81,1630,1632.77,1628.13,1616.68,1630.83,1624,1626.51,1631.47
1365.28,1363.22,1365.79,1352.63,1355.16,1342.82,1959.65,1358.16,1366.53
-508.852,-477.651,-507.718,-491.835,-490.596,-504.997,1790.19,-442.02,-489.793
-998.102,-998.763,-998.777,-998.787,-998.775,-998.756,1473.3,-998.748,-998.748
849.65,848.127,850.447,848.932,845.469,850.201,1665.82,850.64,849.068
2009,2011.33,2018.75,2004.22,2005.55,2012.03,2009.8,2011.3,2004.36
2195.08,2195.4,2194.99,2194.65,2184.57,2188.91,2181.26,2196.9,2184.14
2179.09,2187.45,2182.56,2190.18,2170.9,2191.29,2190.66,2189.89,2186.34
2127.32,2128.55,2122.27,2128.03,2130.67,2130.84,2121.86,2128.86,2129.71
1784.62,1782.96,1871.92,1785.08,1782.64,1782.96,1782.92,1784.69,1780.16
1647.67,1799.35,1645.36,1646.6,1646.11,1648.92,1637.63,1644.87,1650.93
1919.73,1653.57,1655.42,1649.19,1653.98,1655.58,1649.6,1655.76,1655.44
1680.36,2256.87,1680.99,1680.32,1718.6,1684.15,1680.94,1680.25,1677.03
1678.43,1705.23,1677.37,1679.19,1678.33,1667.4,1672.27,1673.15,1679.03
1656.41,1664.9,1661.99,1665.69,1748.47,1664.72,1663.62,1636.03,1664.74
1436.18,1435.62,1433.83,1435.2,1428.12,1434.21,1431.95,1437.11,1983.63
155.235,155.557,133.027,123.733,123.683,178.417,2083.26,125.473,155.047
-402.833,-402.376,-422.919,-401.91,-399.737,2143.31,-400.439,-400.439,-400.439
1662.87,1661.78,2134.05,1662.85,1663.31,1663.04,1663.24,1663.45,1659.22
1903.06,1922.6,1903.85,1904.32,1904.03,1904.6,1899.55,1894.61,1903.8
2080.52,2085.22,2079.88,2083.62,2085.59,2079.33,2084.44,2083.77,2066.66
2122.8,2132.38,2122.1,2124.65,2111.83,2124.06,2120.59,2111.32,2119.27
2028.32,2025.78,2031.54,2018.41,2018.85,2025.51,2016.67,2022.33,2021.57
1777.98,1774.33,1774.19,1777.63,1776.91,1776.33,1772.89,1774.67,1777.8
1652.27,1703.75,1652.23,1641.8,1646.77,1652.87,1652.72,1653,1649.79
1657.64,1658.43,1656.96,1650.55,1871.79,1658.33,1651.54,1656.99,1653.94
1669.87,1662.61,1879.09,1659.83,1671.58,1666.5,1669.39,1669.76,1666.86
1670.62,1678.3,1678.33,1659.61,1676.58,2165.27,1676.84,1678.69,1678.78
1660.06,1661.05,1657.55,1659.03,1660.64,2152.22,1656.44,1660.26,1660.44
1587.52,1582.04,1586.92,2114.64,1577.78,1587.89,1584.83,1591.12,1586.07
723.275,805.328,673.066,778.994,745.8,741.36,715.002,721.613,2152.19
-685.057,-684.697,-649.317,-682.551,-668.032,-684.194,-663.518,-661.883,2139.04
-769.048,-772.632,-895.601,-895.611,-896.197,2182.7,-895.728,-895.768,-895.63
1893.72,1886.95,2124.14,1893.1,1893.55,1893.77,1889.32,1865.79,1893.68
2081.48,2081.65,2081.86,2080.14,2082.13,2100.76,2073.12,2082.07,2079.72
2042.22,2041.32,2092.54,2042.16,2040.94,2039.45,2042.15,2040.01,2041.34
1968.19,1967.27,2094.26,1967.03,1944.96,1966.8,1959.9,1966.97,1967.52
1761.59,1756.82,1761.5,1760.16,1760.83,1760.41,1761.47,1761.53,2119.48
1650.17,1650.81,2171.12,1651.61,1658.08,1659.04,1642.63,1650.42,1648.63
152.25,2203.29,132.138,101.458,153.783,113.033,92.4062,125.308,161.476
1672.86,1687.56,1688.1,1665.86,1670.19,1689.08,1669.41,1669.61,2187.81
1430.53,2192.43,1434.14,1432.38,1432.27,1432.78,1433.01,1432.48,1433.91
-407.871,-405.989,-405.85,-407.942,-406.299,2151.85,-404.122,-388.098,-401.888
-335.91,-350.46,-344.22,-335.806,-309.862,2158.23,-354.751,-350.796,-315.939
-356.84,-372.389,-372.196,-395.631,-378.447,2163.59,-372.176,-304.541,-372.176
-949.362,-945.374,-830.806,-949.111,-949.207,-820.3,-741.995,2162.36,-919.532
-394.471,-422.293,-422.054,-375.272,2190.98,-400.413,-422.15,-361.313,-421.569
358.198,346.909,342.582,344.973,336.113,347.116,2115.66,343.446,344.634
1895.74,1893.73,1896.27,1872.25,1894.4,1894.85,1892.11,1892.08,2069.97
2115.03,2128.43,2130.11,2125.97,2128.5,2130,2129.9,2129.89,2129.97
1992.27,1992.5,1987.08,1989.34,1993.08,2043.23,1990.61,1986.58,1994.25
1732.65,1716.47,1729.95,1727.44,2055.02,1731.8,1727.74,1726.6,1732.51
2172.23,1463.67,1457.23,1464.43,1455.91,1465.52,1455.48,1456.51,1455.12
1072.15,1101.09,1072.27,1055.35,1111.45,1072.15,2202.97,1068.5,1101.79
1260.5,1260.61,1277.04,1254.69,1286.59,1260.14,1258.33,1266.61,2180.19
1222.7,1241.83,2145.34,1228.45,1241.05,1236.55,1240.51,1230.58,1241.11
-197.804,-203.252,-147.232,-203.683,-189.28,-180.393,2043.25,-163.931,-180.886
-740.299,-742.766,2021.16,-745.411,-744.692,-743.583,-740.562,-744.063,-745.392
-989.248,-990.154,-989.772,-985.038,-989.856,2148.77,-989.148,-987.172,-985.173
-920.837,-993.651,-993.65,2172.93,-988.775,-993.649,-993.649,-987.066,-879.062
-519.266,-329.879,-532.29,-519.344,-519.232,-519.271,-519.775,2200.83,-531.056
1813.65,1617.66,1623.01,1623.28,1613.65,1622.28,1624.97,1619.97,1617.91
2450.47,2450.3,2449.66,2450.12,2449.3,2449.25,2450.22,2449.99,2449.37
2221.04,2221.59,2221.57,2221.4,2221.59,2221.54,2221.26,2221.67,2221.37
2062.4,2064.17,2115.96,2063.14,2064.63,2062.97,2064.41,2063.48,2057.04
1812.72,2005.89,1803.74,1812.51,1812.64,1812.36,1812.45,1812.67,1812.48
1616.5,2127.22,1632.41,1621.08,1619.54,1638.5,1615.33,1607.57,1623.68
880.617,882.047,922.412,2189.48,886.27,882.945,865.74,885.588,870.666
1655.79,1657.67,1656.64,1693.35,1656.7,1659.53,2178.35,1658.98,1655.68
-121.722,-119.962,-119.639,-119.446,-133.775,-118.998,-119.231,-119.321,1711.93
1322.28,1324.45,1324.29,2065.06,1324.33,1324.09,1324.58,1324.5,1320.94
1557.19,1551.48,2155.48,1559.91,1488.04,1538.97,1550.25,1559.55,1559.84
-931.571,-931.568,-931.56,-809.795,-931.57,-931.629,2057.44,-931.558,-931.558
-973.262,-973.262,-973.262,-973.262,-973.262,2069.59,-973.262,-935.725,-973.262
-558.932,-539.089,-443.889,-541.009,-545.68,-533.437,-457.691,-547.514,2004.16
1659.29,1657.59,1660.27,1657.9,1660.21,1659.04,1654.3,1656.76,1770.24
2622.41,2620.58,2593.35,2609.48,2599.85,2619.19,2615.4,2616.56,2603.28
2528.79,2538.01,2558.02,2562.06,2561.23,2541.86,2549.41,2533.38,2551.49
2260.23,2215.59,2253.31,2256.77,2232.91,2239.27,2258.4,2237.97,2247.06
1749.13,1779.9,1737.39,1762.78,1758.01,1760.14,1763.14,1756.59,1759.18
1566.7,1579.83,1585.83,2020.16,1580.31,1586.49,1589.2,1572.64,1577.35
1599.49,1613.93,1610.93,2132.79,1610.73,1610.74,1611.16,1602.09,1613.81
1643.32,1643.81,1645.53,2158.25,1640.05,1646.03,1637.84,1644.63,1644.69
460.009,458.147,458.422,459.511,457.389,457.423,2145.15,459.074,449.844
-745.875,1495.32,-740.697,-747.908,-748.622,-741.255,-744.185,-742.82,-748.216
-977.522,781.927,-977.522,-977.522,-977.522,-977.522,-977.522,-977.522,-977.522
-970.392,2101.15,-970.88,-876.187,-970.88,-956.294,-969.272,-970.428,-970.88
1882.44,-999.912,-999.912,-999.912,-999.912,-998.605,-999.912,-999.912,-999.873
-883.847,-879.852,-879.9,-880.065,-881.499,2070.22,-883.047,-879.834,-879.871
1734.81,1736.81,1730.78,1733.31,1737,1707.43,1736.7,2031.1,1736.66
2147.54,2148.45,2119.58,2148.26,2148.32,2148.55,2123.1,2148.33,2148.34
2165.32,2165.22,2165.06,2162.25,2166.39,2165.79,2164.97,2165.85,2165.82
2006.41,2021.47,2023.16,2024.26,2131.68,2016.53,2026,2021.91,2025.77
1688.83,1687.63,1682.46,1689.1,1679.75,1687.55,1666.2,2083.63,1691.53
737.671,732.247,732.747,733.467,737.715,734.793,740.479,2125.4,757.662
1598.15,1604.53,1601.24,1606.44,1603.66,1601.96,2131.08,1600.93,1602.87
2166.13,1662.6,1665.14,1659.49,1664.31,1672.51,1666.06,1663.94,1665.72
1591.49,1593.97,1767.77,1594.93,1594.65,1595.01,1588.46,1590.04,1591.51
1303.92,1455.83,1332.66,1245.82,1314.8,1289.06,1316.72,1300.24,1270.48
1460.42,609.878,652.049,607.927,666.025,654.305,644.463,665.145,667.813
913.751,-999.981,-999.98,-999.864,-999.98,-999.981,-999.981,-999.98,-999.98
-990.35,-990.813,-991.1,-990.786,-991.117,590.294,-990.784,-990.784,-990.784
-459.751,845.006,-459.553,-474.318,-478.848,-478.333,-459.829,-459.592,-470.141
2444.36,2387.48,2421.61,2447.1,2423.63,2461.49,2445.7,2389.95,2440.61
2808.58,2834.66,2810.93,2804.15,2833,2843.98,2828.48,2836.95,2822.93
2913.55,2924.43,2932.97,2915.42,2900.72,2885.17,2904.6,2940.09,2884.18
2729.74,2760.08,2779.56,2728.18,2758,2736.59,2786.74,2785.03,2769.07
2195.13,2202.96,2199.05,2176.72,2193.76,2192.49,2191.93,2184.03,2181.99
1438.53,1446.77,1450.43,1450.63,1444.24,1437.86,1444.51,1448.5,1510.06
1529.99,1530.87,1529.75,1529.83,1528.84,1624.16,1517.17,1518.74,1520.09
1620.91,1613.39,1620.81,1620.49,1612.36,1621.15,1620.98,1620.41,1649.96
1331.58,1325.08,1269.04,1330.01,1334.73,1333.34,1333.01,1328.14,1615.13
1210.2,1181.52,1153.77,1666.4,1214.22,1213.92,1215.04,1158.93,1180.23
-933.381,-930.944,-930.945,-930.86,-933.433,-920.895,934.51,-930.84,-930.84
1134.21,-984.043,-983.156,-983.798,-983.721,-983.712,-983.714,-984.315,-983.722
-907.371,-907.357,-907.353,-907.435,-906.584,-908.878,1016.41,-856.818,-907.32
1762.4,1764.19,1763.28,1761.95,1759.95,1766.47,1753.32,1763.12,1756.81
2720.11,2728.94,2708.71,2747.18,2724.13,2736.56,2721.25,2735.33,2683.88
2842.13,2860.83,2827.47,2831.8,2844.3,2830.79,2850.51,2821.73,2877.68
2903.88,2914.44,2923.77,2893.54,2868.41,2910.88,2872.3,2914.65,2914.38
2743.62,2779.68,2752.83,2801.86,2782.43,2791.72,2792.93,2774.08,2745.99
2160.58,2153.62,2150.01,2156.98,2142.74,2156.1,2142.98,2133.63,2161.43
1490.33,1500.28,1709.41,1500.52,1500.04,1498.57,1490.25,1499.35,1496.86
1604.05,1599.19,1856.21,1607.48,1607.33,1604.28,1585.66,1604.11,1591.22
1670.81,1671.44,1669.81,1669.95,1642.85,1728.53,1672.29,1669.85,1674.59
1693.77,1695.04,2022.48,1695.79,1693.31,1696.08,1689.42,1689.97,1693.44
1523.27,1510.86,1869.71,1522.97,1530.42,1524.94,1511.12,1499.9,1517.69
1397.26,1271.61,1274.22,1270.21,1205.44,1214,1271.26,1242.17,1246.01
1394.55,1376.93,1394.99,1396.65,1371.05,1494.85,1365.52,1394.98,1389.75
1040.44,969.85,1045.1,1045.85,971.053,1045.83,1045.29,1044.64,1409.39
1688.09,1687.64,1682.63,1680.21,1652.34,1680.2,1684.47,1672.76,1654.48
2578.01,2569.72,2545.26,2551.97,2591.38,2564.37,2565.2,2579.12,2591.69
2861.61,2813.3,2855.67,2826.05,2805.49,2826.91,2842.25,2817.29,2799.82
2735.82,2780.29,2773.02,2728.42,2750.98,2734.13,2749.12,2788.68,2729.34
2542.41,2587.97,2569.33,2597.88,2597.74,2582.18,2565.02,2597.5,2575.35
1926.83,1963.84,1943.03,1960.23,1935.16,1935.73,1959.73,1952.86,1945.64
1547.9,1551.59,1686.02,1535.45,1550.73,1553.22,1551.55,1542.76,1553.85
1610.32,1626.93,2065.01,1616.65,1618.91,1622.96,1607.39,1619.73,1625.21
1669.1,1680.66,2161.96,1676.14,1673.98,1680.2,1679.7,1679.71,1679.69
1678.54,1676.81,1676.22,2162.35,1673.8,1679.44,1679.81,1672.47,1678.49
1436.37,1449.26,1441.79,2055.04,1426.52,1448.32,1484.13,1445.03,1443.55
1854.61,1115.26,1090.67,1088.08,1090.32,1090.51,1046.84,1016.75,1083.9
-504.955,-602.303,-617.154,-602.294,-563.177,1960.01,-602.239,-533.613,-317.894
-999.993,-995.83,-999.612,-999.993,-999.994,-934.895,-999.994,1736.77,-995.434
1679.24,-708.13,-707.943,-712.087,-708.225,-708.505,-681.52,-707.886,-707.971
1487.74,1482.77,1484.95,1524.79,1482.97,1485.6,1479.4,1489.98,1489.97
2001.69,2015.61,2011.47,2018.1,2005.88,2020.07,2006.4,2010.48,2014.83
2541.86,2547.35,2564.07,2516.66,2561.57,2551.45,2551.34,2530.11,2531.74
2450.36,2407.51,2413.54,2443.78,2451.1,2452.38,2418.4,2423.03,2429.44
1871.57,1876.26,1876.22,1874.39,1851.96,1858.05,1875.89,1876.84,1876.52
1627.18,1636.07,1703.62,1631.21,1605.28,1634.7,1633.12,1636.57,1635.81
1563.04,1632.3,1561.02,1562.28,1554.46,1550.98,1558.33,1561.18,1539.54
1658.64,1671.34,1668.5,1669.15,1667.37,1965.05,1670.67,1671.33,1671.77
1660.74,1664.47,1675.71,1673.82,1668.84,1676.68,2036.42,1673.7,1674.95
1667.22,1665.57,1608.42,2152.87,1669.14,1659.13,1667.38,1620.91,1668.97
2116.49,1139.3,1138.79,1138.01,1139.9,1135.3,1137.16,1133.46,1142.6
2038.1,-826.18,-682.094,-876.76,-817.202,-854.372,-879.553,-745.649,-808.377
-995.447,-992.397,-995.319,1925.66,-991.227,-995.295,-926.322,-995.295,-911.171
1491.31,1423.62,1492.35,1410.07,1424.01,1487.02,1634.94,1491.41,1487.89
1982.74,1977.5,1980.93,1978.18,1974.74,1975.55,1976.57,1966.48,1977.77
2297.89,2311.51,2290.91,2313.77,2242.51,2288.39,2305.37,2287.57,2295.28
2195.53,2183.58,2202.02,2207.13,2205.48,2188.58,2211.74,2202.96,2212.27
2163.7,2154.21,2156.85,2148.97,2163.36,2145.3,2155.62,2161.62,2150.89
1791.74,1791.73,1790.57,1781.22,1784.67,1784.49,1785.3,1764.25,1786.8
1651.71,1650.73,1645.38,1644.32,1644.02,1651.38,1650.51,1643.8,1896.56
1621.17,1724.51,1651.53,1626.68,1648.6,1639.09,1651.51,1650.64,1651.5
1658.43,1672.28,1673,1670.49,1673.31,1827.24,1673.35,1664.26,1671.99
1659.29,1657.1,1657.04,1657.87,1658.64,1647.27,1642.39,1658.98,2013.56
1985.2,1650.27,1651.37,1630.03,1640.08,1650.8,1651.83,1650.58,1651.47
1612.97,1618,1620.69,1588.87,1612.5,1615.12,1608.11,1609.85,1917.46
1320.87,1292.29,1297.54,1851.84,1279.68,1297.19,1319.89,1262.38,1252.61
-962.986,-929.089,-963.868,1939.05,-962.977,-929.509,-959.94,-867.499,-962.977
1168.28,1174.66,1171.76,1171.01,1169.95,1170.06,1632.13,1167.01,1173.01
2044.07,2039.44,2049.47,2054.05,2035.95,2041.32,2053.56,2039.8,2047.51
2265.32,2267.39,2274.07,2263.38,2242.2,2268.95,2267.5,2252.02,2273.1
2348.78,2353.22,2352.94,2322.17,2331.77,2319.78,2338.09,2354.19,2339.51
2168.07,2174.9,2157.77,2162.55,2153.42,2158.83,2174.22,2161.81,2164.89
1790.39,1792.09,1789.87,1786.01,1792.42,1786.23,1788.58,1790.17,1790.97
1584.37,1583.9,1585.28,1583.29,1519.75,1633.71,1579.56,1574.2,1584.35
1655.26,1760.7,1655.27,1654.93,1650.1,1655.91,1640.66,1652.85,1654.88
2258.05,1672.45,1688.62,1685.82,1688.25,1666.34,1662.13,1665.81,1674.67
1672.94,1672.16,1661.39,1651.57,1672.35,2096.49,1671,1672.69,1667.06
1654.89,1652.1,1651.93,1655.32,1621.34,2148.89,1646.97,1648.93,1652.53
951.281,966.016,988.528,940.019,938.632,2172.44,952.36,983.522,887.655
11.5653,-1.03412,86.357,7.36601,4.1927,2101.7,-16.8468,-1.66442,72.8762
1440.65,1506.31,1466.23,1926.33,1521,1521,1521,1521,1521
1250.22,1253.07,1986.84,1253.25,1251.48,1251.95,1252.14,1278.56,1188.3
1400.85,1653.79,1395.95,1399.43,1399.96,1399.73,1397.48,1397.88,1399.57
2166.33,2158.19,2167.08,2145.41,2148.27,2170.6,2160.5,2166.35,2160.01
2215.44,2230.15,2234.03,2233.44,2224.35,2223.52,2230.65,2217.84,2234.79
2034.51,2026.7,2040.43,2025.75,2039.53,2023.75,2044.62,2035.51,2032.5
1739.31,1743.79,1746.12,1742.14,1744.8,1749.37,1745.89,1744.73,1726.39
1638.5,1641.39,1650.35,1632.73,1662.09,1640.46,1640.54,2134.94,1637.55
852.825,2207.84,891.81,844.652,854.368,910.344,845.949,845.644,883.836
1663.43,2185.98,1664.54,1668.4,1660.22,1667.5,1668.14,1666.19,1667
1657.52,1660.03,1659.12,1658.17,2185.02,1662.18,1661.21,1657.1,1662.47
929.691,920.582,925.069,947.147,883.165,2166.52,939.868,911.225,920.143
-162.064,2177.41,-161.899,-65.0259,-180.445,-180.622,-162.694,-180.391,-162.772
-265.829,-229.226,-306.491,-187.052,-244.274,-338.201,-296.262,2145.09,-387.847
-880.023,-868.664,-870.236,-873.145,-879.691,-864.182,-851.77,-871.051,2098.75
-847.737,-847.557,-846.927,-768.205,-853.167,2147.65,-847.873,-847.676,-745.428
1808.79,1812.85,1873.91,1813.66,1808.38,1813.97,1807.74,1807.03,1810.09
2341.75,2346.68,2333.48,2355.62,2349.88,2352.1,2368.74,2358.1,2364.88
2401.74,2427.14,2434.26,2408.58,2431.89,2435.78,2428.82,2437.53,2428.69
2287.09,2287.18,2265.8,2284.59,2259.8,2282.4,2276.66,2276.01,2272.13
1773.4,1824.02,1773.59,1768.35,1757.07,1766.32,1768.97,1746.67,1771.98
1626.91,2143.56,1633.42,1627.03,1618.98,1626.51,1626.75,1625.81,1617.99
2206.7,1232.89,1239.68,1232.78,1256.29,1311.54,1233.52,1248.44,1233.99
740.085,2195.83,766.816,740.138,752.593,740,736.337,746.942,739.985
1034.45,1042.8,2126.36,1088.14,1087.67,1124.74,1066.78,1049.09,1093.5
-840.607,-840.391,-840.374,-840.506,-840.514,-840.374,-840.374,1598.15,-840.72
-656.501,1986.32,-655.164,-655.9,-564.044,-656.639,-656.633,-651.079,-647.64
-381.679,-404.136,-382.072,-404.141,-329.545,2076.82,-382.419,-396.027,-391.495
-888.255,-866.632,-883.927,-883.953,-798.417,2175.68,-883.901,-883.901,-883.901
-239.833,-241.051,-239.718,-239.767,-240.322,2192.81,-132.277,-239.607,-239.607
1586.78,1602.42,1602.63,1938.29,1603.62,1601.2,1550.88,1597.14,1599.27
2272.33,2280.06,2280.42,2285.66,2282.53,2283.28,2290.1,2275.98,2291.11
2325.53,2317.2,2323.78,2323.55,2324.58,2325.82,2324.64,2323.16,2319.29
2234.02,2233.95,2232.32,2233.51,2234,2233.62,2228.92,2233.88,2234.18
1781.72,1783.06,1781.49,2014.68,1775.29,1763.97,1776.2,1782.69,1776.2
2152.35,1601.55,1599.53,1592.73,1602.11,1602.38,1590.51,1598.9,1596.45
2197.95,1631.87,1648.56,1635.31,1628.82,1631.59,1647.17,1631.56,1649.18
1269.6,1246.59,1269.51,2200.95,1245.75,1249.87,1244,1273.41,1246.46
1289.25,2145.39,1286.62,1287.06,1288.56,1288.69,1277.76,1278.41,1289.56
-124.714,-113.663,-89.7741,2058.61,-152.506,-148.091,-125.286,-125.32,-135.778
-406.689,-411.976,-412.339,-405.225,-411.974,-417.509,-413.054,-415.208,2056.39
-965.605,-965.606,-965.761,-957.723,-961.138,-965.715,1978.56,-958.597,-965.603
2141.79,-976.614,-962.839,-976.631,-976.615,-976.611,-958.778,-914.936,-976.637
-752.388,-752.364,-752.349,-752.26,-752.45,2121.61,-752.654,-752.471,-752.294
1939.55,1636.25,1634.48,1636.2,1635.89,1636.34,1640.44,1637.36,1637.63
2245.64,2245.71,2245.8,2245.66,2245.9,2245.52,2245.69,2245.66,2245.73
2242.27,2241.49,2242.28,2242.44,2242.42,2242.4,2242.41,2242.43,2242.07
2068.29,2066.32,2069.02,2094.4,2066.47,2067.63,2068.08,2068.92,2066.79
2099.83,1767.5,1751.85,1741.26,1768.59,1767.31,1750.93,1735.82,1767.5
1591.66,1614.05,1583.1,1578.46,1587.11,2143.29,1584.37,1585.04,1588.45
2157.75,1135.86,1127.65,1160.57,1196.77,1141.08,1100.3,1121.04,1127.47
1491.25,1508.86,1488.25,2201.68,1485.61,1529.92,1492.61,1492.98,1505.68
1477.13,1477.71,1477.66,1433.93,1463.23,1474.73,1477.34,2122.15,1476.26
969.248,932.947,953.432,956.255,2069.48,956.936,955.559,955.657,942.213
1187.34,1188.06,1213.18,2127.45,1189,1208.28,1188.96,1188.52,1183.4
-752.701,-750.335,-750.584,-753.248,-752.299,2069.74,-739.749,-746.691,-743.951
-435.17,-550.52,-593.464,-588.145,-575.783,-593.25,-592.974,-608.21,2135.41
-534.725,-534.712,2039.26,-534.207,-534.724,-534.381,-534.41,-534.68,-534.247
1195.46,1152.6,1195.61,1183.17,1193.33,1134.13,1197.75,1133.8,1926.05
2228.48,2228.35,2225.98,2227.08,2227.88,2227.98,2217.25,2227.71,2227.54
2181.9,2182.49,2180.99,2145.13,2183.34,2183.41,2182.99,2183.48,2183.53
1985.61,1985.5,1985.91,1986.12,1986.81,1985.04,1987.08,2014.33,1987.75
1627.82,1603.41,1629.68,1597.19,2038.42,1629.94,1617.72,1625.12,1629.89
817.659,797.164,2102.2,791.398,771.161,784.716,783.61,813.469,783.613
886.416,842.301,916.264,866.969,892.172,2104.82,842.69,896.634,851.986
1328.32,1337.03,1329.18,1298.56,2082.36,1329.09,1319.43,1347.34,1327.77
508.622,506.59,1418.75,509.186,467.197,502.693,508.977,487.266,506.744
-899.02,-899.038,-899.853,-897.902,870.603,-891.609,-899.538,-897.338,-900.17
-992.125,-992.125,-992.379,-992.125,-992.418,-992.416,-992.319,709.627,-992.127
-874.065,-887.612,-887.048,-886.382,-886.775,-887.586,1150.02,-883.858,-883.858
-380.661,-379.393,-392.55,-392.547,-392.388,1431.4,-379.903,-393.198,-379.415
998.743,1030.63,1032.68,976.168,1374.4,982.793,1034.15,1035.93,996.792
2587.3,2564.52,2559.64,2576.28,2539.06,2573.26,2557.75,2558.85,2563.67
2821.37,2835.31,2809.78,2819.49,2791,2821.14,2844.71,2829.42,2802.54
2897.93,2870.12,2866.95,2875.54,2866.09,2918.96,2902.03,2905.93,2909.17
2789.45,2742.71,2749.98,2779.81,2760.22,2763.96,2753.7,2723.99,2742.69
2365.04,2347.4,2293.78,2347.26,2341.63,2377.8,2374.64,2338.31,2375.69
1465.85,1432.82,1439.1,1441.87,1434.52,1440.82,1432.31,1442.08,1433.28
1513.73,1514.44,1552.29,1510.19,1509.67,1519.71,1517.27,1498.99,1516.74
1633.78,1635.43,1646.28,1635.18,1641.52,1631.46,1633.71,1623.61,1638.44
1993.65,1974.73,1985.09,1976.96,1980.82,1995.53,1962.66,1977.36,1992.56
1795.69,1792.46,1804.51,1795.82,1793.02,1780.21,1805.35,1726.02,1798.45
1690.47,1709.11,1707.53,1713.13,1713.8,1715.83,1707.22,1695.37,1697.87
1118.01,1140.4,1441.14,1161.44,1161.44,1161.44,1161.44,1161.44,1161.44
103.28,104.246,105.433,1465.56,65.1191,104.59,102.888,105.406,104.438
426.09,426.517,1149.07,426.653,426.922,413.649,426.74,423.893,427.69
2496.15,2491.05,2514.74,2535.43,2531.59,2524.4,2533.5,2537.6,2532.74
2778.46,2810.82,2804.18,2793.44,2806.03,2837.86,2798.75,2844.2,2834.24
2754.16,2800.88,2798.9,2773.54,2806.02,2776.01,2781.72,2779.76,2790.22
2623.97,2628.33,2624.72,2616.6,2611.02,2644.68,2620.45,2602.01,2553.22
1919.23,1910.58,1899.22,1909.07,1915.54,1914.31,1917.74,1920.61,1927.01
1455.71,1460.48,1523.17,1462.24,1464.92,1451.68,1452.62,1463.57,1449.66
1582.64,1583.36,1623.62,1580.21,1576.57,1568.12,1575.09,1583.46,1578.7
1725.7,1726.37,1720.58,1722.98,1728.92,1721.99,1711.14,1725.67,1724.7
1776.72,1408.89,1417.58,1414.52,1402.97,1418.55,1401.67,1418.94,1404.97
1375.22,1375.68,1375.23,1374.87,1365.12,1388.08,1374.68,1604.47,1370.29
850.412,850.239,1788.47,802.254,852.456,851.685,850.492,784.906,805.89
579.677,567.46,632.685,591,530.056,1774.37,610.614,528.342,604.788
-999.78,-999.78,-999.779,-999.78,-999.78,1489.34,-999.78,-999.78,-999.78
-676.249,-676.092,-676.832,-676.1,-676.225,-676.55,1555.44,-570.377,-676.021
2128.4,2137.66,2113.74,2120.32,2123.55,2129.54,2117.31,2116.9,2137.74
2431.19,2445.28,2477.43,2447.03,2475.28,2470.32,2436.49,2457.65,2476.49
2512.92,2533.96,2511.77,2541.82,2531.86,2519.93,2527.93,2497.79,2542.38
2445.14,2413.16,2418.37,2429.68,2442.14,2416.56,2430.12,2439.22,2402.36
1799.95,1806.26,1812.71,1804.14,1806.26,1818.88,1805.99,1811.35,1808.41
1594.68,1568.58,1567.65,1571.12,1559.68,1575.13,1574.46,1567.28,1575.37
1624.87,1625.51,1556.31,1623.07,1615.38,1734.25,1620.66,1625.87,1626.92
1677.22,1964.44,1674.65,1670.49,1678.39,1675.98,1671.54,1611.06,1680.52
1661.18,1668.27,1657.62,1667.79,1666.88,1666.99,1655.38,1985.21,1659.98
940.179,926.386,940.595,887.509,1949.13,983.747,943.868,978.183,942.463
-633.27,-628.896,-629.416,-633.514,-635.29,1827.07,-631.808,-633.012,-544.131
-927.312,-961.125,-895.757,-961.326,-961.385,1760.99,-961.214,-871.432,-961.309
-999.997,-1000,-1000,1682.61,-1000,-1000,-977.641,-1000,-1000
-967.402,-966.837,-966.86,-966.848,-966.945,1399.58,-966.84,-966.967,-966.853
2232.25,2229.43,2235.09,2213.53,2208.91,2226.06,2231.28,2196.65,2234.84
2435.96,2443.82,2480.74,2469.5,2454.64,2467.18,2446.77,2460.04,2455.12
2574.28,2599.86,2597.56,2554.16,2559.59,2587.69,2573.57,2552.24,2587.09
2400.26,2398.83,2403.39,2400.52,2363.92,2408.22,2384.8,2396.93,2390.42
1785.05,1795.14,1807.58,1816.98,1816.18,1815.25,1802.25,1814.75,1811.45
1617.13,1622.08,1885.62,1618.05,1622.03,1616.6,1623.82,1614.16,1623.84
1642.63,1643.86,1643.68,1641.27,1637.16,2087.48,1633.99,1641.54,1640.02
1660.45,1664.21,1662.23,1657.49,2102.8,1657.67,1663.14,1664.24,1660.31
1672.57,1606.08,1604.85,1608.92,1604.82,1605.65,1589.56,1602.24,1603.5
1674.67,1768.14,1676.27,1677.34,1672.17,1678.31,1673.71,1672.84,1677.69
-652.769,-652.694,-652.744,1835.5,-653.577,-652.697,-613.272,-652.661,-652.779
-999.912,-999.912,-999.911,-993.093,-999.914,-999.911,-989.979,1790.43,-999.913
-893.802,-893.803,-893.803,-893.73,-891.828,1533.72,-889.665,-889.665,-889.665
1476.87,-710.977,-711.357,-710.512,-691.155,-710.847,-716.3,-710.927,-711.54
1631.93,1631.53,1627.47,1630.69,1623.39,1631.84,1622.15,1627.92,1674.21
2551.12,2523.33,2541.23,2528.06,2547.89,2550.31,2509.38,2548.03,2554.46
2407.05,2419.61,2398.85,2410.17,2415.86,2409.77,2389.74,2421.86,2417.51
2286.85,2301.67,2321.89,2280.12,2318.67,2309.99,2293.93,2295.12,2313.01
1870.06,1867.11,1863.22,1841.32,1865.48,1858.17,1864.59,1860.31,1861.41
1641.54,1656.15,1757.95,1648.81,1635.08,1658.34,1657.53,1658.07,1658.22
1655.5,1655.42,1661.63,1663.48,1658.28,1661.13,1661.85,1663.53,2101.52
1666.47,1666,1670.35,1664.26,1662.28,1671.47,1671.8,1665.95,1852.11
1667.9,1664.65,1666.47,1663.01,1660.12,1663.39,1665.82,1665.37,1661.84
1639.35,1665.14,1645.61,1643.23,1645.12,1637.05,1647.29,1641.35,1646.26
1638.34,1606.07,1608.08,1575.62,1581.06,1608.93,1596,1608.22,1598.37
1840.84,1510.92,1502.88,1475.74,1508.01,1510.64,1509.36,1507,1498.78
-982.43,1906.52,-667.204,-983.979,-984.333,-868.147,-965.079,-881.806,-913.52
-376.548,-375.42,1686.4,-374.002,-374.002,-374.002,-374.002,-374.002,-374.002
1997.14,2002.76,1999.44,1998.06,1998.47,2000.79,2001.89,1992.58,1997.18
2294.72,2278.43,2274.2,2294.33,2290.92,2295.3,2280.81,2268.43,2288.1
2336.53,2347.97,2324.15,2339.73,2360.28,2350.61,2357.35,2350,2327.78
2128.96,2137.81,2135.61,2127.41,2124.58,2125.96,2134.66,2123.91,2123.87
1784.76,1788.46,1805.05,1785.01,1785.04,1780.04,1787.81,1783.16,1786.57
1649.53,1652.82,1652.19,1648.11,1943.13,1651.02,1640.47,1652.93,1653.32
1657.43,1654.67,1654.85,1652.87,1650.16,1655.71,1656.12,1656.42,1924.11
1668.23,1663.65,1664.26,1658.49,1670.88,1667.07,1664.52,1660.47,1656.57
1651.94,1656.12,1663.09,1659.67,2055.21,1661.92,1662.46,1663.3,1662.17
1621.13,1630.34,1626.86,1630.35,1629.42,2131.91,1631.56,1628.79,1628.78
840.706,2173,840.528,855.091,838.599,848.024,840.532,921.384,807.541
-460.772,-352.71,-474.434,-460.369,-478.451,-460.99,-479.297,2083.06,-322.091
1083.31,1050.07,1051.46,1052.94,978.681,1004.95,1985.12,1053.37,1084
975.485,977.371,2018.41,976.342,975.27,976.061,974.079,976.26,973.231
1901.29,1909.65,1912.9,1904.7,1906.29,1912.83,1911.54,1902.64,1986.35
2238.76,2233.14,2239.12,2230.01,2237.66,2238.44,2238.07,2237.93,2238.76
2205.46,2205.24,2206.53,2205.05,2205.78,2206.14,2205.88,2206.48,2206.65
2021.54,2014.86,1999.94,2021.42,2019.54,2024.64,2018.96,2021.55,2050.15
1767.21,1756.76,1752.49,1750.98,1756.32,1739.39,1755.53,1755.3,2107.06
1352.53,1353.43,1354.84,1355.75,1354.53,1355.61,2124.64,1358.66,1355.58
1131.63,2198.7,1136.82,1127.47,1122.21,1130.55,1175.58,1159.42,1191.96
2258.2,1682.76,1671.11,1666.24,1644.25,1669.58,1658.89,1669.39,1674.72
1673.86,1673.36,1677.46,1677.71,1667.38,2144.47,1677.8,1677.97,1677.36
1676.05,1672.08,1676.49,2158.07,1675.32,1664.25,1678.09,1676.54,1674.27
1387.99,1388.28,1392.57,1386.63,1305.51,1311.95,1386.41,2176.84,1394.95
-88.9434,-225.486,-254.702,-237.982,-100.862,2131.37,-86.7131,-107.002,-124.549
-925.546,2017.72,-886.424,-925.644,-926.471,-926.601,-925.587,-926.678,-927.37
1702.88,1703.97,1707.93,1704.2,1704.02,1706.02,1702.62,2116.85,1705.13
1821.58,1815.35,1825.25,1825.11,1827.5,1822.82,1821.85,1821.3,1821.24
1987.82,1990.47,1993.22,1990.05,1995.66,1982.04,1990.05,1995.1,1985.83
2235.18,2237.05,2249.56,2253.68,2248.5,2229.29,2251.95,2254.45,2249.44
2220.19,2249.43,2213.85,2231.13,2249.27,2223.16,2237.24,2232.3,2242.31
1701.56,1701.75,1702.46,1702.27,1702.69,1683.33,1777.53,1700.15,1693.3
1356.2,1355.37,1355.47,1356.95,1357.11,1355.98,1356.93,2115.11,1357.45
2187.4,1605.67,1603.18,1601.57,1601.94,1605.73,1606.07,1605.72,1606.12
1675.99,2134.42,1674.22,1675.06,1671.65,1675.32,1673.17,1672.19,1676.27
626.369,644.317,645.954,644.121,613.31,2147.93,648.841,639.026,643.784
-943.549,2172.98,-943.551,-943.576,-892.646,-943.548,-878.058,-891.622,-943.57
-613.116,-716.376,-697.689,-716.405,-637.444,2134.35,-716.603,-676.623,-705.617
-743.209,-745.109,-741.772,-693.64,-713.68,2045.1,-729.787,-739.937,-745.117
-978.09,-983.046,-984.534,-984.534,-984.534,-977.791,2069.89,-984.534,-984.533
-848.102,-847.976,-787.923,-785.498,-840.066,-848.011,-817.911,2162.49,-848.012
2249.07,2246.91,2244.46,2247.81,2240.17,2242.24,2240.22,2248.69,2249.01
2565.58,2565.45,2579.07,2572.43,2577.07,2559.34,2565.37,2557.74,2561.52
2542.54,2542.73,2523.53,2510.37,2530.6,2512.41,2532.67,2533.85,2541.51
2198,2196.74,2199.19,2189.65,2207.21,2200.34,2207.73,2196.48,2187.17
1750.55,1745.3,1750.37,1978.74,1750.91,1748.87,1738.54,1750.19,1749.48
1601.33,1599.63,1603.9,2118.11,1601.05,1585.99,1598.31,1600.02,1597.36
2193.08,1577,1585.83,1576.14,1592.79,1574.85,1626.85,1585.82,1575.82
1311.87,1320.31,1329.86,1312.11,2179.16,1316.06,1316.16,1315.01,1316
940.442,939.072,955.523,2190.97,939.138,940.152,982.651,940.329,933.448
175.592,188.043,2107.79,175.886,132.692,176.068,175.968,175.237,175.884
-457.677,-450.433,-445.828,-455.686,-454.509,-454.587,-454.036,-451.182,2065.4
-854.082,-839.718,-854.082,-854.082,-852.63,-854.082,-854.082,-854.067,1339.46
-995.381,-995.382,-995.382,916.927,-995.382,-995.382,-995.382,-995.382,-995.382
-690.838,-690.353,-690.949,-688.504,-605.271,1868.67,-689.73,-629.937,-655.345
1758.71,1756.87,1757.85,1756.07,1758.31,1755.18,1830.05,1757.56,1752.62
1917.65,1925.63,1932.48,1927.04,1923.28,1926.86,1925.17,1926.73,1927.2
2081.73,2079.65,2079.51,2079.62,2079.61,2077.68,2078.09,2078.45,2072.73
2013.99,1941.36,1944.71,1942.29,1945.5,1946.86,1945.65,1942.21,1941.74
1673.18,1673.19,1672.91,1641.83,1671.9,1673.78,2051.91,1669.6,1673.39
1570.05,1570.99,1574.23,1574.63,1573.9,1554.87,2110.2,1564.22,1566.6
1638.89,2152.88,1650.33,1629.2,1621.5,1629.54,1611.17,1604.16,1619.35
1032.63,1036.59,1032.83,1049.82,2154.13,1060.21,1050.83,1032.27,1033.33
1470.12,1472.63,2066.58,1469.14,1459.84,1473.33,1477.59,1467.91,1474.93
2038.81,-11.42,-11.2148,33.6836,-11.2157,-12.2114,-11.3094,20.2954,-11.9492
-931.28,-979.946,-979.563,-979.697,2056.76,-979.79,-979.595,-979.641,-979.66
2165.23,-894.964,-799.688,-848.859,-917.495,-909.445,-864.586,-902.787,-815.239
-797.878,-797.869,-797.865,-799.388,-797.868,2152.49,-797.865,-797.865,-797.865
2044.21,-756.946,-756.946,-756.946,-756.946,-756.946,-756.946,-756.946,-756.946
1943.69,1845.81,1846.46,1847.59,1845.01,1848.06,1848.12,1847.11,1847.82
2150.76,2150.56,2150.91,2150.91,2150.72,2150.9,2151.1,2149.89,2124.88
2011.03,2010.48,2009.07,2038.21,2011.02,2010.64,2008.82,2008.92,2010.01
1965.1,1812.65,1813.91,1813.22,1813.79,1812.2,1813.41,1812.85,1811.09
1630.21,1632.48,1631.12,1618.54,1999.21,1631.11,1633.38,1629.91,1633.24
1488.12,1483.73,2121.66,1510.51,1486.85,1478.91,1485.63,1473.69,1511.51
1377.85,1369.28,1384.06,1381.35,2133.81,1397.3,1370.19,1378.45,1384.16
2123.93,1537.41,1516.38,1511.51,1514.4,1520.09,1515.34,1506.9,1512.37
1603.11,1606.26,1601.89,1602.08,1607.19,1605.09,1585.5,1589.04,1601.12
-279.338,1133.52,-275.495,-292.395,-284.125,-285.937,-292.306,-271.092,-272.061
-999.983,-999.983,-999.983,-999.983,-999.94,-999.983,682.573,-999.983,-999.983
-1000,-1000,-1000,-1000,-1000,-1000,-1000,510.505,-1000
-998.1,-998.096,-998.095,-998.095,-998.096,410.604,-998.095,-998.097,-998.096
1817.49,1815.77,1808.63,1817.61,1807.45,1770.42,1749.06,1823.32,1819.08
2903.26,2861.98,2911.08,2899.97,2885.72,2906.62,2887.26,2879.17,2912.74
2958.74,2971.93,2967.89,2962.25,2953.21,2951.25,2935.82,2933.62,2887.89
2993.9,2992.86,2987.07,2994.57,2988.05,2972.39,2937.2,2948.37,2932.4
2876.84,2929.74,2846.07,2915.24,2902.57,2894.65,2875.37,2929.12,2926.29
2478.85,2511.45,2523.15,2534.77,2482.47,2530.1,2470.05,2557.44,2556.58
1443.79,1454.12,1459.02,1450.02,1452.86,1453.88,1450.41,1427.94,1425.46
1514.44,1521.58,1516.87,1515.85,1518.38,1517.97,1515.52,1507.22,1518.01
1620.73,1619.37,1619.61,1603.8,1619.47,1644.91,1617.98,1601.68,1621.62
1674.68,1681,1697.71,1681.47,1681.51,1672.02,1682.41,1677.19,1678.08
1610.15,1597.05,1602.42,1581.97,1603.23,1555.09,1591.86,1587.81,1576.72
-214.958,-185.403,-185.247,-180.704,1301.88,-192.334,-181.296,-184.373,-184.373
-999.527,-999.528,-990.634,983.163,-999.545,-999.544,-999.534,-999.538,-999.535
-1000,-1000,-1000,-1000,788.598,-1000,-1000,-1000,-1000
-871.774,1283.37,-871.995,-871.822,-871.742,-876.137,-871.743,-871.731,-871.869
2049.44,2050.35,2054,2026.68,2042.68,2053.28,2047.02,2037.93,2043.79
2277.8,2315.62,2289.28,2309.01,2282.74,2283.16,2292.7,2285.3,2298.56
2294.59,2276.74,2276.49,2292.78,2272.87,2264.17,2274.34,2280.03,2288.29
2159.11,2168.63,2183.92,2182.14,2162.12,2156.7,2164.01,2178.78,2168.13
1885.67,1891.64,1896.43,1902.66,1902.58,1836.87,1889.01,1889.75,1886.44
1512.4,1512.59,1512.62,1508.74,1511.37,1620.13,1508.73,1512.63,1511.56
1563.97,1560.49,1566.52,1564.32,1563.71,1564.49,1564.89,1565.84,1688.67
1642.43,1651.31,1646.09,1643.44,1638.88,1643.32,1634.72,1629.01,1644.32
1707.41,1706.86,1706.03,1697.46,1707.03,1790.47,1703.27,1701.58,1706.49
1367.43,1364.62,1328.69,1361.61,1365.58,1328.63,1363.91,1339.67,1824.57
1126.79,1155.64,1156.05,1151.47,1151.48,1157.46,1658.46,1096.52,1115.99
-923.998,-808.852,-923.854,1132.19,-923.843,-923.843,-918.295,-923.843,-918.32
-1000,-1000,-1000,-1000,-1000,-1000,-1000,571.363,-1000
1468.98,1470.65,1467.33,1469.12,1462.97,1467.68,1448.55,1468.31,1545.98
2773.92,2749.37,2736.61,2718.47,2709.96,2766.33,2744.59,2764.92,2743.57
2897.35,2888.23,2879.92,2870.62,2854.22,2896.48,2830.05,2870.92,2890.66
2845.24,2792.77,2819.77,2797.64,2807.4,2832.34,2813.76,2796.56,2832.68
2690.57,2704.59,2698.96,2666.49,2679.39,2692.49,2660.62,2661.96,2711.82
2145.54,2166.41,2174.14,2154.76,2158.76,2173.45,2144.68,2166.65,2161.96
1557.8,1570.46,1743.65,1553.36,1555.03,1568.92,1557.79,1555.93,1558.57
1621.95,1617.09,1945.07,1611.57,1612.8,1616.03,1614.75,1549.87,1620.08
1605.34,1601.04,2062.33,1597.34,1606.19,1592.24,1606.16,1594.71,1605.12
1690.57,1702.26,1696.77,1699.06,1701.64,1687.09,2033.33,1671.9,1701.85
1921.21,1541.86,1587.55,1591.5,1510.67,1583.15,1535,1589.43,1572.69
1396.78,1418.86,1380.1,1365.12,1403.84,1415.15,1421.28,1399.64,1841.91
-994.4,-926.572,-994.433,1659.91,-983.631,-994.399,-994.399,-989.256,-994.399
-984.808,-984.793,-984.809,-984.799,-984.818,1051.78,-984.807,-984.795,-977.644
1727.14,1729.53,1732.27,1722.08,1719.18,1726.85,1728.92,1710.15,1720.76
2378.74,2356.89,2352.91,2337.69,2340.43,2364.81,2338.05,2368.95,2350.87
2816.05,2835.75,2776.06,2794.99,2796.58,2812.52,2818.38,2790.25,2793.94
2789.18,2827.71,2809.56,2814.95,2843.25,2793.5,2798.42,2810.96,2826.86
2732.15,2686.21,2726.57,2703.47,2714.62,2714.99,2707.74,2713.54,2678.47
2133.52,2115.17,2152.64,2134.14,2121.81,2150.13,2129.94,2151.41,2144.24
1630.79,1633.76,1628.35,1653,1611.74,1638.95,1635.65,1641.17,1638.51
1646,1653,1654.11,1647.7,1652.04,1654.56,1650.38,1646.81,1698.22
1673.53,1672.29,1659.36,1672.57,1673.5,1671.88,1945.07,1662.48,1671.35
1667.34,1666.97,1658.12,1658.79,1661.58,1735.62,1658.98,1667.29,1659.01
1663.2,1659.89,1661.35,2016.58,1660.35,1663.12,1654.66,1662.39,1662.82
1928.11,1180.3,1178.76,1166.88,1185.68,1171.68,1171.96,1169.87,1180.33
-999.05,-999.963,-999.964,1725.31,-999.964,-999.964,-999.963,-999.964,-999.963
1119.38,-999.867,-999.987,-999.987,-986.741,-999.987,-999.987,-998.954,-999.987
-306.011,-291.031,-297.953,-281.342,1370.9,-282.283,-282.701,-286.902,-304.428
2434.28,2443.95,2445.52,2464.33,2454.96,2439.62,2440.72,2450.53,2461.07
2708.64,2698.46,2720.94,2670.81,2678.56,2699.4,2663.83,2695.46,2712.82
2706.68,2747.93,2695.71,2746.9,2713.61,2729.08,2685.68,2722.23,2726.46
2547.14,2566.72,2550.97,2552.49,2559.34,2567.22,2576.67,2584.66,2582.73
1950.84,1953.23,1965.36,1947.33,1958.12,1961.14,1942.65,1936.45,1960.5
1644.37,1652.11,1650.53,1646.58,1651.37,1658.02,1651.25,1642.74,1649.08
1654.99,1655.99,1655.65,1656.78,1655.42,1698.02,1648.94,1652.39,1657.03
1663.14,1671.56,1669.49,1671.34,1671.03,1669.26,1680.63,1652.56,1668.34
1657.12,1659.21,1670.55,1654.33,1659.63,1657.57,1658.82,2259.39,1656.68
1631.56,1623.46,1633.81,1632.2,1628.58,1633.88,1969.96,1625.28,1623.42
1603.44,1583.65,1606.89,1592.7,1588.34,1608.11,1601.38,1970.21,1610.34
1497.51,1482.89,1465.06,1489.56,1437.95,1494.77,1486.49,1473.24,2070.84
-761.247,1915.58,-590.182,-753.994,-753.994,-753.994,-644.57,-753.994,-665.875
-58.3293,-59.0516,1721.1,-58.3671,-58.8755,-58.5109,-58.7862,-58.508,-90.41
2132.91,2140.54,2122.29,2120.97,2131.27,2140.53,2106.2,2140.11,2123.94
2455.12,2457.78,2432.96,2447.82,2459.54,2438.2,2464.86,2469.43,2448.69
2507.69,2486.98,2525.41,2521.84,2508.84,2497.5,2527.34,2529.31,2511.25
2228.53,2232.89,2215.96,2229.94,2238.91,2217.61,2241.13,2214.01,2240.41
1768.15,1847.86,1764.45,1766.74,1765.12,1766.14,1766.85,1768.3,1765.05
1415.68,1414.78,1415,1413.26,1411.6,2088.3,1413.37,1414.13,1411.33
1644.02,1661.45,2251.91,1636.31,1646.83,1666.5,1635.04,1655.99,1642.47
1679.78,1660.82,1669.32,1646.05,1661.91,1662.73,1661.18,2259.1,1665.85
1593.7,1599.01,1599.44,1863.24,1577.99,1600.86,1596.48,1595.78,1599.01
1655.54,1863.41,1652.82,1654.95,1654.09,1654.39,1634.66,1656.36,1652.71
1600.46,1602.64,1587.34,2007.94,1597.48,1578.76,1602.04,1592.64,1598.18
-658.046,-658.139,-584.183,-619.658,-648.978,2067.77,-658.065,-626.173,-526.572
-623.972,-622.326,-622.76,-577.855,-520.369,-622.365,1946.13,-623.378,-552.967
1739.97,1738.72,1740.51,1735.2,1734.44,1740.99,1736.07,1737.47,1907.84
1868.45,1864.45,1889.66,1870.57,1860.4,1864.25,1861.77,1859.07,1868.17
2285.75,2281.06,2276.26,2277.35,2283.35,2284.99,2284.77,2264.64,2279.17
2327.61,2319.25,2318.13,2327.72,2327.65,2326.35,2319.68,2329.57,2327.83
2120.64,2125.13,2126.06,2122.85,2121.15,2126.72,2125.32,2125.06,2126.18
1762.74,1767.76,1766.06,1766.74,1766.59,1976.46,1766.23,1767.45,1762.96
1598.59,2078.27,1598.88,1590.11,1591.86,1600.92,1599.9,1588.17,1599.92
1634.31,1634.5,1635.28,1633.02,1634.07,1629.98,1642.16,1630.57,2092.71
1656.94,1655.9,1657.68,1643.57,1643.62,1651.45,1896.48,1647.92,1658.06
1680.06,1662.47,1682.82,1682.6,2209.03,1681.8,1675.79,1681.31,1683.13
972.855,1020.13,987.995,974.246,1007.97,1001.19,972.777,966.283,2205.88
2161.15,600.323,608.014,638.437,596.35,606.612,605.895,646.347,686.478
-991.485,-984.595,-853.448,-991.496,-991.598,-991.575,-866.817,-906.028,2163.82
-976.808,-966.93,-965.805,-976.808,-976.808,-976.808,-976.808,-965.424,2125.63
-887.854,-887.668,-887.622,-891.806,2126.36,-887.59,-887.59,-887.59,-885.814
1800.73,1808.99,1806.4,1804.26,1904.25,1803.78,1806.57,1808.37,1800.22
2106.66,2114.17,2109.71,2109.35,2115.05,2104.56,2113.31,2115.63,2115.1
2016.43,2015.03,2013.37,2011.06,2019.89,2018.88,2017.04,2029.42,2018.42
2128.31,2127.46,2122.39,2127.47,2129.23,2129.25,2121.47,2129.55,2129.29
1841.66,1836.79,1841.3,1840.26,2065.69,1837.9,1830.1,1841,1834.12
2105.71,1387.59,1387.52,1382.79,1384.19,1380.69,1387.44,1383.94,1375.52
2197.93,1641.57,1625.26,1630.15,1637.12,1630.44,1629.75,1635.83,1631.01
1303.56,1300.53,1298.37,1304.69,1333.64,1305.02,1299.17,2205.36,1296.3
1312.21,1310.76,1321.76,1294.05,1329.96,1288.92,1288.62,2172.91,1287.07
1424.59,1408.25,1433.88,1410.93,1364.11,1411.92,2212.61,1424.67,1446.21
1178.17,1178.62,1178.87,1143.98,2211.08,1174.62,1179.86,1155.43,1170.3
-855.747,2152.11,-855.732,-832.497,-762.977,-838.336,-748.245,-855.732,-855.732
-927.425,-927.425,2115.41,-883.776,-925.565,-915.36,-907.066,-927.425,-870.464
-824.685,-869.975,-870.057,-874.377,-870.105,2159.54,-874.686,-823.669,-847.376
1851.44,1850.26,1847.53,1850.38,1850.26,1847.27,1942.7,1845.55,1826.29
2322.7,2332.7,2333.5,2331.31,2321.66,2328.57,2313.66,2326.04,2328.23
2440,2448.93,2427.75,2448.29,2443.45,2430,2433.8,2447.93,2442.46
2329.96,2330.69,2325.94,2330.6,2330.51,2326.66,2318.37,2322.34,2330.48
1900.63,1788.07,1811.58,1810.33,1811.28,1806,1791.7,1790.72,1793.32
2102.13,1232.77,1230.86,1244.04,1236.33,1269.7,1243.49,1229.64,1234.2
2180.99,1609.19,1600.67,1609.88,1600.86,1607.86,1608.2,1608.57,1597.55
1654.72,1658.54,1654.51,1649.25,1654.92,1657.46,2206.07,1652.35,1654.29
1650.57,1660.38,1645.21,1651.43,1661.82,1664.89,2180.07,1662.85,1663.76
1921.84,-73.4947,-72.8023,-89.2274,-100.223,-83.0986,-97.0626,-71.6005,-69.9937
-995.205,-995.211,-995.211,-995.211,377.133,-995.211,-995.211,-995.211,-995.211
-1000,-1000,-1000,-1000,-1000,-1000,-1000,-1000,-464.017
-925.511,567.977,-951.176,-951.183,-951.17,-952.877,-951.199,-951.208,-951.166
-237.689,-236.707,-236.669,-236.913,-236.243,-236.212,-237.404,-236.502,1329.71
1763.15,1763.95,1772.87,1785.94,1764.64,1763.67,1769.71,1772.55,1762.07
2082.47,2080.41,2082.5,2082.59,2082.8,2082.42,2082.61,2085.67,2082.16
2015.62,2036.29,2017.32,2016.15,2019.59,2017,2018.99,2015.88,2015.19
1961.51,1957.24,1961.68,1962.62,2016.59,1961.09,1956.52,1962.6,1959.68
1720.28,2022.68,1721.05,1720.43,1721.73,1723.93,1721.85,1722.32,1715.12
1579.76,1577.65,1584.53,1583.04,1546.92,1582.88,2090.37,1575.67,1575.73
1622.57,1610.87,1616.2,1621.2,1608.02,1615.1,2105.42,1611.16,1617.19
2132.21,1654.08,1654.83,1654.78,1646.61,1649.29,1653.04,1644.26,1651.62
1594.11,1631.06,1623.16,2114.88,1633.24,1633.82,1615.15,1633.33,1629.02
1461.42,1497.16,1503.36,1505.88,1492.08,1506.12,2128.32,1505.05,1438.13
-695.466,-695.509,-696.99,-695.507,-697.013,-696.678,1353.56,-641.224,-695.455
-999.679,-999.679,-999.679,-265.533,-999.679,-999.679,-999.679,-999.679,-999.679
-999.993,-999.994,-999.993,-999.993,-509.368,-999.993,-999.993,-999.994,-999.993
-19.2183,-49.7921,-19.2933,-46.865,-14.0064,-48.6392,-18.4219,-45.4149,1277.7
2283.81,2317.48,2286.88,2300.58,2306.29,2297.27,2282,2297.37,2309.65
2858.37,2842.07,2847.72,2851.04,2901.01,2888.26,2872.41,2860.17,2851.39
2857.55,2870.24,2870.68,2813.72,2841.25,2830.73,2864.53,2841.27,2825.16
2700.87,2704.54,2667.73,2674.24,2698.79,2710.51,2677.75,2707.15,2708.77
2109.23,2115.14,2106.55,2107.93,2116.54,2120,2111.97,2115.33,2103.45
1563.95,1563.37,1562.06,1953.42,1562.2,1558.91,1564.13,1557.62,1565.58
1574.95,2121.97,1577.22,1557.39,1576.02,1559.38,1573.07,1553.11,1569.68
1605.56,1620.07,2120.79,1620.28,1617.84,1620.59,1614.46,1617.86,1619.51
