290.994
285.844
282.726
281.641
281.575
281.247
281.986
282.249
285.622
287.01
292.107
299.323
305.739
309.39
314.267
323.202
332.81
349.764
336.723
310.408
317.26
302.304
292.958
285.233
285.677
291.071
291.468
281.421
280.659
280.488
280.545
279.641
281.638
281.457
284.173
286.935
290.75
298.603
306.704
308.042
312.523
317.052
323.666
331.68
324.068
321.796
317.818
312.124
295.546
291.432
293.37
294.509
296.046
282.799
280.41
281.16
279.789
279.722
280.596
281.456
284.506
287.308
291.663
299.929
308.871
310.589
313.797
316.465
323.249
323.662
328.094
328.899
328.101
311.429
295.947
295.392
298.483
301.922
307.792
292.282
284.231
284.405
283.243
281.55
282.555
285.907
286.26
289.314
294.872
307.742
318.022
316.568
318.654
328.102
330.445
346.218
360.187
367.1
317.17
296.677
303.62
309.966
313.6
317.19
325.771
307.017
299.342
297.916
290.586
288.608
289.352
289.665
292.74
293.753
301.348
317.07
326.495
324.627
337.545
366.242
390.884
421.074
413.008
386.753
330.844
307.978
330.298
347.906
343.058
342.563
356.318
339.043
321.008
321.001
305.751
305.128
300.498
303.357
303.847
307.04
317.539
340.226
337.431
341.069
416.093
482.201
495.162
446.389
443.403
474.804
441.68
334.013
375.444
394.035
393.391
376.324
392.607
393.865
363.807
369.512
364.708
354.646
354.478
350.249
344.528
344.28
364.66
397.029
369.298
378.401
493.15
490.036
500.19
499.949
500
484.425
475.675
390.115
470.284
471.839
488.399
478.218
685.855
598.461
597.919
628.813
661.864
638.488
580.903
612.636
600.452
571.445
609.615
661.708
578.825
484.21
470.567
500
500
500
500
500
500
648.437
844.081
902.226
743.91
966.016
1178.02
1168.38
1176.87
1179.11
1187.95
1192.89
1193.74
1197.5
1201.93
1204.73
1209.26
1217.16
1221.36
500
500
500
500
500
500
500
500
1175.7
1173.17
1163.24
1158.04
1146.41
