2998.82,2998.14,3001.21,3000,3000,3000,3000,3000,3000
2998.68,2990.86,3000.15,3000,3000,3000,3000,3000,3000
2998.2,2997.05,2991.9,3000,3000.67,3000,3000,3000,3000
2975.29,2998,2995.58,2998.16,2998.75,2998.16,2970.57,2984.34,2993.22
2985.14,2977.46,2986.2,2985.67,2986.14,2985.52,2974.85,2986.18,2975.68
2966.99,2967.02,2963.17,2966.75,2966.42,2958.23,2955.93,2964.34,2967.15
2684.02,2692.15,2699.68,2692.84,2687.8,2696.97,2694.62,2701.97,2699.41
2321.77,2326.77,2321.34,2323.94,2325.83,2325.28,2321.02,2323.19,2326.38
1184.83,1185.77,1184.54,1188.75,1189.02,1187.59,1189.52,1210.78,1189.59
497.592,-773.571,-773.571,-773.571,-773.571,-773.571,-773.571,-773.433,-773.571
-679.937,-679.991,-680.075,-679.953,-679.954,-680.099,297.381,-680.074,-680.279
313.772,313.991,313.995,1117.91,304.636,314.082,311.245,309.471,313.803
2946.38,2948.52,2948.52,2946.05,2945.58,2955.03,2948.67,2948.67,2948.67
2999.32,2999.99,2999.98,2999.96,2998.13,2999.87,3000,2999.92,3002.1
2997.9,2999.82,2999,2992.46,2991.12,2999.99,3000.48,3000,3000
2999.83,2999.83,2999.8,2998.1,2976.47,3000.65,3000,3000,3000
2997.8,2999.87,2999.88,2999.83,2998,2998.87,2991.14,3000.13,3000
2999.94,2999.85,3002.84,3000,3000,3000,3000,3000,3000
2999.15,2999.97,2999.95,2998.56,2996.54,3001.25,3000,3000,3000
2994.52,2996.81,2999.55,2995.08,2994.88,2994.4,2996.02,2994.72,2992.03
2987.7,2998.86,2998.41,2998.54,2997.43,2997.03,2998.83,2998.61,3000.21
2991.75,2976.1,2993.12,2991.28,2992.48,2975.24,2992.63,2989.82,2984.79
2985.45,2985.33,2985.91,2978.37,2991.02,2979.69,2984.58,2983.83,2988.66
2999.11,2998.99,2998.59,2998.56,2999.49,2996.27,3000.43,2998.1,2993.28
2997.01,2998.57,2999.26,2998.55,2998.12,2997.74,2985.1,2996.18,2996.23
2999.56,2999.12,2997.6,2990.11,2999.99,2998.73,3000.11,3000,3000
2998.62,2994.92,2999.34,3000.15,2996.65,2999.88,2997.34,2998.43,2999.9
2998.68,2994.16,2997.57,2977.97,2998.89,2999.91,2995.12,2998.33,2999.54
2997.81,2998.07,2991.54,2996.81,2998.85,2999.67,2985.4,2998.15,2999.58
2996.88,2995.12,2995.68,2975.83,2995.22,2995.7,2994.44,2992.98,2994.82
2975.9,2986.29,2984.6,2972.2,2985.72,2984.92,2981.59,2983.38,2985.14
2979.58,2967.42,2976.21,2975.05,2977.49,2977.47,2972.67,2965.81,2976.41
2762.74,2760.96,2763.47,2760.53,2762.8,2764.98,2783.7,2764.94,2764.03
2451.94,2456.63,2453.22,2454.36,2453.92,2454.12,2453.5,2452.83,2453.19
1038.76,1038.72,1036.09,1038.08,1038.54,1038.23,1038.36,1037.84,1038.89
-192.153,-190.534,-195.209,478.927,-189.396,-189.396,-189.396,-189.396,-189.396
1806.82,1801.1,1801.22,1806.72,1803.21,1801.45,1807.1,1811.38,1802.21
2049.17,2056.11,2052.59,2049.1,2059.08,2052.63,2057.48,2053.5,2060.22
2991.14,2991.88,2989.51,2987.14,2976.91,2990.71,2985.35,2981.9,2989.33
2979.59,2992.76,2992.16,2990.34,2990.83,2992.79,2985.59,2993.2,2989.53
2977.43,2977.93,2994.02,2989.79,2991.88,2989.62,2988.91,2983.56,2986.65
2999.95,2977.48,2999.99,2988.33,2996.43,2995.36,2993.06,2995.14,3000.01
2988.08,2996.13,2998.33,2989.74,2995.23,2989.43,2993.33,2997.42,2997.55
2989.6,2999.21,2999.99,2979.81,2998.27,2995.4,2993.35,3000.03,3000
2998.62,2999.96,2992.04,3000,2999.6,2973.1,2994.3,2999.02,3000.41
2989.37,2986.53,2995.34,2988.65,2990.39,2992.78,2989.35,2989.75,2989.94
2988.72,2989.82,2995.16,2990.66,2977.3,2995.22,2991.04,2994.88,2988.44
2983.68,2983.81,2989.16,2989.05,2980.83,2989.14,2987.9,2988.66,2987.82
2990.66,2991.88,2989.49,2985.96,2988.83,2991.71,2990.01,2986.67,2992.24
2998.94,2996.3,2999.83,2999.97,2999.97,2999.79,3000,2999.46,2999.55
2998.71,2977.62,2997.71,2976.46,2977.06,2998.2,2993.87,2998.09,2982.44
2999.15,2999,2989.01,2997.99,2993.21,2999.78,2993.34,2998.57,2999.55
2997.23,2998.23,2998.27,2997.79,2998.24,2998.75,2997.24,2998.31,2998.5
2996.78,2995.77,2993.19,2991,2996.79,2996.18,2988.41,2996.8,2989.98
2990.91,2992.39,2992.17,2975.9,2974.79,2985.23,2982.39,2990.27,2992.42
2977.69,2977.23,2975.69,2976.02,2972.99,2979.02,2977.74,2977.68,2978.71
2967.83,2968.55,2967.95,2965.86,2967.96,2967.9,2967.4,2968.32,2967.06
2912.02,2911.87,2912.96,2912.65,2911.58,2912.19,2912.06,2912.6,2912.91
2794.32,2793.71,2793.5,2789.66,2794.24,2792.21,2794.37,2793.72,2793.25
2097.75,2095.96,2097.38,2097.38,2096.11,2098.6,2097.85,2095.82,2098.04
970.15,969.664,969.39,970.025,969.449,971.064,970.328,970.115,968.707
-289.927,-290.59,-290.143,-288.984,-289.418,-42.7139,-289.34,-290.377,-289.334
1687.88,1687.26,1692.9,1687.38,1687.43,1692.66,1687.15,1688.97,1688.32
2127.64,2130.16,2119.06,2119.58,2122.04,2130.39,2127.27,2129.72,2128.22
2973.27,2984.5,2979.31,2973.24,2984.44,2976.13,2981.07,2985.15,2980.37
2998.85,2972.89,2996.15,2976.69,2998.25,2983.15,2984.22,2991.75,2992.41
2999.82,2998.44,2982.71,2998.02,2999.97,2994.92,3000.01,3000,3000
2999.95,2999.99,2983.14,2998.6,2995.19,2989.14,3000.01,3000,3000
2999.93,2998.06,2983.55,2977.21,2975.07,2994.81,3000.04,3000,3000
2999.87,2974.99,2975.91,3000.2,3000,3000,3000,3000,3000
2997.75,2973.5,2998.84,2975.32,2974.95,2983.71,2997.54,2999.47,2973.9
2990.57,2975.56,2985.21,2990.76,2978.62,2974.84,2996.12,2991.23,2971.54
2987.5,2987.68,2994.54,2992.99,2973.4,2988.12,2987.66,2996.98,2995.84
2966.54,2941.16,2968.61,2964.65,2966.35,2975.04,2970,2970,2970
2995.07,2999.2,2999.11,2998.57,2999.04,2999.22,2997.23,2999.12,2995.79
2999.32,2999.52,3000,3000,3000,3000,3000,3000,3000
2999.13,2989.43,2999.19,2998.46,2998.85,2998.86,2995.38,2989.5,2999.28
2998.47,2992.72,2999.37,2998.16,2999.63,2999.27,2995.46,2999.26,2999.42
2987.06,2999.17,2997.47,2999.14,2998.74,2999.05,2998.69,2998.76,2998.58
2985.84,2997.29,2997.08,2997.21,2997.14,2996.52,2991.25,2997.05,2995.53
2995.73,2995.26,2993.44,2994.91,2995.76,2994.08,2995.4,2995.79,2992.05
2975.27,2975.37,2975.25,2975.2,2975.05,2975.35,2975.3,2975.07,2975.29
2916.3,2915.67,2915.95,2916.32,2915.69,2916.02,2916.39,2916.19,2916.35
2835.19,2834.82,2834.11,2835.2,2835.22,2834.12,2834.76,2834.82,2834.93
2555.07,2554.46,2554.83,2554.74,2555.04,2554.01,2555.26,2553.47,2553.07
1789,1787.6,1789.3,1788.93,1787.79,1789.77,1787.59,1789.09,1789.84
845.587,842.427,841.757,841.863,841.111,841.258,842.589,842.567,843.037
-987.715,-987.771,-987.8,-987.8,-19.1092,-985.77,-987.71,-987.71,-987.71
-956.475,-956.462,-355.086,-956.465,-956.485,-956.464,-956.472,-956.474,-956.461
1506.32,1502.61,1502.88,1506.59,1505.88,1505.25,1504.7,1504.86,1504.81
2999.93,2998.83,2998.83,2995.17,2985.72,2988.14,3000,3000,3000
2995.27,2986.26,3000,3000,3000,3000,3000,3000,3000
2995.38,3000,3000,3000,3000,3000,3000,3000,3000
2995.38,3000,3000,3000,3000,3000,3000,3000,3000
2999.97,2983.64,2989.8,3000,3000,3000,3000,3000,3000
2999.96,2998.87,2986.48,3000,3000,3000,3000,3000,3000
2999.93,2983.33,2970.09,2987.76,2989.2,2991.23,3000.01,3000,3000
2995.44,2995.17,2985.08,2999.99,2996.06,2999.14,3000.06,3000,3000
2999.7,2997.38,2988.44,2999.69,2999.67,2986.38,2987.35,2988.47,2994.36
2982.86,2979.67,2986.41,2985.67,2979.15,2986.94,2985.36,2990.42,2985.73
2996.18,2993.5,2990.85,2990.13,2996.19,2995.09,2981.92,2988.75,2985.75
2998.04,2997.14,2995.48,2998,2997.67,2996.47,2987.78,2997.95,2998.01
2998.49,2997.76,2997.12,2986.5,2997.15,2985.86,2998.14,2998.07,2998.36
2991.8,2998.27,2987.67,2998.63,2998.85,2998.28,2996.35,2997.31,2995.58
2993.72,2993.73,2993.76,2993.73,2993.73,2995.66,2993.76,2993.72,2992.49
2995.02,2994.94,2994.84,2994.81,2995,2993.47,2995.02,2994.98,2994.96
2985.05,2985.1,2985.03,2985.09,2984.93,2984.99,2985.11,2985.01,2984.97
2969.95,2969.93,2969.92,2969.7,2969.91,2969.75,2969.66,2969.46,2969.9
2899.32,2899.28,2899.34,2899.22,2899.3,2899.02,2898.95,2899.3,2898.97
2724.17,2723.79,2722.11,2724.04,2723.68,2723.86,2724.13,2723.21,2722.4
2268.83,2268.26,2268.96,2268.59,2269.05,2266.09,2268.48,2268.36,2268.75
1490.74,1490.58,1489.57,1492.32,1490.74,1488.45,1491,1490.76,1489.3
699.099,699.842,699.841,698.331,699.38,696.698,699.647,698.138,699.126
-653.832,-652.576,-652.259,-653.461,-653.603,-652.364,-652.693,-652.927,-410.633
-862.809,-862.889,-862.953,-770.013,-862.728,-862.878,-862.89,-862.753,-862.877
-418.913,-418.44,-419.752,-417.965,-418.911,-417.409,-417.496,-417.829,-417.133
2949.36,2960,2960,2960,2960,2960,2960,2960,2960
2994.86,2988.09,2995.57,3000,3000,3000,3000,3000,3000
2985.65,3000,3000,3000,3000,3000,3000,3000,3000
2965.88,3000,3000,3000,3000,3000,3000,3000,3000
2994.8,2999.84,3000,3000,3000,3000,3000,3000,3000
2986.26,3000,3000,3000,3000,3000,3000,3000,3000
3000.01,3000,3000,3000,3000,3000,3000,3000,3000
3000.06,3000,3000,3000,3000,3000,3000,3000,3000
2990.25,2985.77,3003.87,3000,3000,3000,3000,3000,3000
2999.39,2994.44,3000.03,3000,3000,3000,3000,3000,3000
2999.55,2995.04,3000.39,2987.66,2999.61,2999.58,2999.77,2999.67,2998.71
3000,2999.94,2999.65,2980.4,2999.95,2999.53,2999.29,2999.98,3009.6
2999.83,2999.99,2999.62,2999.94,2998.88,3000.02,2999.95,2999.73,3000
2997.12,2997.17,2997.16,2997.18,2997.13,2997.17,2997.16,2997.15,2991.92
2997.14,2997.17,2997.17,2997.19,2997.19,2997.19,2997.06,2997.12,2997.18
2984.64,2984.7,2984.62,2984.54,2984.63,2984.53,2984.62,2984.72,2985.13
2980.09,2980.09,2980.05,2979.95,2980.05,2980.11,2980.07,2980.09,2979.99
2947.11,2946.83,2947.05,2947.07,2947.09,2947.03,2947.06,2946.93,2947.01
2840.39,2840.08,2839.29,2840.26,2840.53,2840.37,2840.44,2840.09,2840.24
2549.95,2549.26,2550.17,2550.26,2548.64,2548.52,2549.74,2549.94,2550.2
1943.31,1943.19,1942.48,1943.16,1943.21,1942.85,1942.91,1942.55,1942.59
1185.68,1177.75,1174.78,1179.02,1178.4,1178.61,1179.56,1175.54,1175.14
297.588,296.761,295.818,297.874,297.648,296.835,297.153,295.62,296.533
-960.214,-960.2,-960.29,-960.197,-960.202,-960.204,-960.207,-630.521,-960.21
-994.427,-994.426,-994.427,-870.663,-994.422,-994.426,-994.424,-994.427,-994.427
1804.85,1804.36,1809.71,1815.17,1815.17,1815.17,1815.17,1815.17,1815.17
2960,2960,2960,2960,2960,2960,2960,2960,2960
3000,3000,3000,3000,3000,3000,3000,3000,3000
3000,3000,3000,3000,3000,3000,3000,3000,3000
3000,3000,3000,3000,3000,3000,3000,3000,3000
3000,3000,3000,3000,3000,3000,3000,3000,3000
3000,3000,3000,3000,3000,3000,3000,3000,3000
3000,3000,3000,3000,3000,3000,3000,3000,3000
3000.02,3000,3000,3000,3000,3000,3000,3000,3000
3001.99,3000,3000,3000,3000,3000,3000,3000,3000
2999.16,3006.8,3000,3000,3000,3000,3000,3000,3000
3006.07,3000,3000.03,3000,3000,3000.17,3000,3000,3000
3000.07,3000,3000,2999.99,3000,3010.35,3000,3000,3000
2999.96,3013.45,3000.16,3000,3000,3000,3000.01,3000.03,3000.02
3000,2999.87,3011.7,3000.01,2999.97,3000,3000.03,3000,3000
2999.88,3000,3009.03,2999.88,3000.11,3000.13,3000,3000.02,3000.21
2986.66,2986.97,2986.94,2986.95,2986.91,2989.99,2986.63,2986.9,2986.99
2984.58,2984.2,2984.37,2984.44,2984.54,2988.94,2984.68,2984.58,2984.57
2904.96,2904.94,2904.88,2905.1,2904.69,2904.92,2905.07,2904.65,2904.87
2718.5,2718.32,2718.06,2718.1,2718.34,2718.5,2718.53,2718.07,2718.43
2273.1,2272.84,2271.42,2273.93,2273.88,2273.09,2273.57,2272.49,2272.51
1613.74,1613.07,1615.09,1614.71,1614.24,1612.83,1616.12,1612.88,1613.1
779.682,776.848,778.388,778.837,778.586,779.974,778.717,779.012,779.995
-90.5682,-91.6622,-91.9962,-91.5086,-90.7341,-89.9684,-91.5077,-91.4235,-91.2498
-746.761,-996.852,-996.862,-996.856,-996.856,-996.852,-996.852,-996.858,-996.855
-857.123,-857.018,-857.001,-857.035,-857.04,-647.734,-857.009,-857.041,-857.137
1861.84,1861.84,1861.84,1861.84,1861.84,1861.84,1861.84,1861.84,1861.84
2870.67,2870.67,2870.67,2870.67,2870.67,2870.67,2870.67,2870.67,2870.67
3000,3000,3000,3000,3000,3000,3000,3000,3000
3000,3000,3000,3000,3000,3000,3000,3000,3000
3000,3000,3000,3000,3000,3000,3000,3000,3000
3000,3000,3000,3000,3000,3000,3000,3000,3000
3000,3000,3000,3000,3000,3000,3000,3000,3000
3000,3000,3000,3000,3000,3000,3000,3000,3000
3000,3000,3000,3000,3000,3000,3000,3000,3000
3001.14,3000,3000,3000,3000,3000,3000,3000,3000
3004.5,3000,3000,3000,3000,3000,3000,3000,3000
3008.64,3000.29,3000,3000,3000,3000.15,3000,3000,3000.01
3009.12,3000.28,3000.06,3000,3000,3000.1,3000,3000,3000
2999.99,3010.28,3000.29,3000.3,3000,3000.11,2999.99,3000.05,3000.03
2999.96,3009.69,3000,3000,3000.23,3000,3000,3000.02,3000.04
2999.67,2999.13,2999.49,2999.46,2999.55,2999.66,2999.57,2999.45,3005.13
2981.98,2981.8,2981.95,2981.97,2981.84,2982.03,2982.02,2981.96,2988.93
2909.48,2909.31,2925.05,2909.11,2909.39,2909.46,2909.55,2909.37,2909.58
2755.46,2755.91,2756.56,2756.09,2755.55,2756.62,2754.94,2756.07,2772.53
2455.56,2457.52,2456.61,2457.38,2456.64,2456.48,2458.76,2457.09,2457.55
1977.39,1975.94,1976.11,1976.3,1975.71,1976.21,1976.17,1976.5,1976.21
1245.6,1246.79,1246.44,1248.32,1247.67,1246.88,1247.37,1246.83,1245.7
409.005,409.657,410.411,408.715,410.282,410.549,410.168,409.463,409.483
-208.261,-210.905,-209.093,-81.4653,-208.55,-208.486,-211.353,-213.437,-211.219
-993.323,-705.106,-993.323,-993.323,-993.323,-993.323,-993.323,-993.323,-993.323
-999.413,-999.413,-926.289,-999.413,-999.412,-999.413,-999.412,-999.413,-999.413
2109.01,2126.22,2126.22,2126.22,2126.22,2126.22,2126.22,2126.22,2126.22
2960,2960,2960,2960,2960,2960,2960,2960,2960
3000,3000,3000,3000,3000,3000,3000,3000,3000
3000,3000,3000,3000,3000,3000,3000,3000,3000
3000,3000,3000,3000,3000,3000,3000,3000,3000
3000,3000,3000,3000,3000,3000,3000,3000,3000
3000,3000,3000,3000,3000,3000,3000,3000,3000
3000,3000,3000,3000,3000,3000,3000,3000,3000
3000,3000,3000,3000,3000,3000,3000,3000,3000
3000.65,3000,3000,3000,3000,3000,3000,3000,3000
3000,3000.33,3000,3000,3000,3000,3000,3000,3000
3009.57,3000.1,3000,3000.24,3000.17,3000.01,3000,3000,3000
3006.78,3000.2,3000.14,3000,3000.27,3000,3000.01,3000,3000.27
3000.09,3000.11,3009.44,3000,3000.1,3000,3000.03,3000,3000.05
2999.8,3000.15,3000.2,3000.2,3000.11,3000,3000.03,3000.03,3009.23
2941.61,2941.63,2941.54,2941.55,2941.51,2941.6,2941.63,2957.62,2941.64
2902.05,2901.82,2902.15,2901.7,2902.08,2902.05,2901.65,2902.06,2905.46
2798.8,2799.24,2799.25,2799.3,2799.73,2799.36,2799.6,2803.51,2799.39
2642,2642.19,2641.76,2642.32,2642.13,2641.55,2642.11,2641.76,2641.73
2348.99,2347.79,2348.57,2348.67,2348.94,2348.82,2348.73,2348.23,2348.88
1755.02,1753.92,1755.27,1754.64,1754.82,1754.63,1754.55,1754.26,1755.68
985.761,985.753,985.191,986.506,986.681,984.19,985.94,985.896,985.548
278.069,277.608,276.667,278.301,277.448,277.858,278.289,277.172,277.052
-327.903,-328.942,-329.871,-330.292,-103.743,-328.72,-330.685,-329.526,-327.967
-999.948,-999.948,-780.861,-999.948,-999.948,-999.948,-999.948,-999.948,-999.948
-927.059,-927.006,-926.987,-926.976,-926.954,-926.943,-855.413,-927.045,-926.951
2803.34,2831.79,2831.79,2831.79,2831.79,2831.79,2831.79,2831.79,2831.79
3000,3000,3000,3000,3000,3000,3000,3000,3000
3000,3000,3000,3000,3000,3000,3000,3000,3000
3000,3000,3000,3000,3000,3000,3000,3000,3000
3000,3000,3000,3000,3000,3000,3000,3000,3000
3000,3000,3000,3000,3000,3000,3000,3000,3000
3000,3000,3000,3000,3000,3000,3000,3000,3000
3000,3000,3000,3000,3000,3000,3000,3000,3000
3000,3000,3000,3000,3000,3000,3000,3000,3000
3000,3000,3000,3000,3000,3000,3000,3000,3000
3000.01,3000,3000,3000,3000,3000,3000,3000,3000
3009.9,3000,3000,3000.13,3000,3000,3000,3000,3000
3007.03,3000,3000.06,3000,3000.06,3000.07,3000,3000,3000.26
3000.22,3000,3000,3000,3010.2,3000.18,3000,3000.29,3000
2993.88,2993.77,2993.84,2993.7,2993.89,2993.86,2993.85,2993.87,3009.29
2993.22,3000.33,3000,3000,3000,3000,3000,3000,3000
3000.56,3000,3000,3000,3000,3000,3000,3000,3000
2988.62,3000.32,3000,3000,3000,3000,3000,3000,3000
2958.18,2952.71,2951.08,2950.06,2956.02,2979.22,2960,2960,2960
2997.56,2996.58,2996.76,2996.97,2997.47,2997.47,2985.41,2992.46,2996.2
2958.63,2967.88,2956.52,2967.38,2965.19,2965.31,2952.94,2967.08,2966.04
2789.39,2784.99,2787.13,2789.1,2789.33,2788.26,2790.13,2786.38,2787.44
2151.73,2154.75,2153.64,2153,2152.82,2153.02,2152.76,2152.32,2153.46
976.734,979.881,980.244,979.563,1131.48,978.268,979.719,980.114,980.654
-734.522,-735.094,-734.172,-734.791,-735.164,-733.873,-734.56,318.852,-734.546
377.839,-209.539,-209.056,-208.331,-210.889,-208.331,-209.124,-209.092,-208.525
-712.02,-712.171,-712.051,-711.963,434.028,-712.227,-713.806,-713.045,-713.745
2357.46,1773.07,1773.07,1773.07,1773.07,1773.07,1773.07,1773.07,1773.07
3001.76,3000,3000,3000,3000,3000,3000,3000,3000
2989.69,3000.67,3000,3000,3000,3000,3000,3000,3000
2999.16,2979.95,2998.02,3000.05,3000,3000,3000,3000,3000
2988.94,2979.43,2998.8,2988.3,3000.03,3000,3000,3000,3000
2989.04,3002.43,3000,3000,3000,3000,3000,3000,3000
2998.91,2996.66,3000.67,3000,3000,3000,3000,3000,3000
3001.17,2988.51,2980.88,2991.46,2998.89,2999.13,2998.26,2988.16,2987.59
2990.85,2977.74,2995.49,2989.66,2990.37,2992.33,2987.42,2986.21,2992.5
2990.48,2974.87,2975.2,2985.72,2985.96,2978.01,2990.24,2997.76,2982.75
2989.02,2993.48,2976.26,2992.76,2998.81,2989.81,2985.64,2996.95,2992.73
2998.38,2996.37,2993.29,2993.66,2989.77,2987.7,2992.45,3000,3000.83
2998.24,2996.43,2996.85,2989.98,2999.98,2998.94,2987.66,3000.75,3000
2996.87,2996.56,2999.26,3000.29,3000,3000,3000,3000,3000
3001.07,3000,3000,3000,3000,3000,3000,3000,3000
2999.5,2998.22,2999.49,3000.46,3000,3000,3000,3000,3000
2996.75,2996.6,2999.85,2995.06,2997.83,2999.92,3000.98,3000,3000
2991.1,2995.22,2996.24,2996.36,2995.5,2996.31,2986.87,2996.06,2996.43
2989.05,2990.82,2989.76,2989.92,2990.66,2990.16,2988.97,2989.94,2990.21
2964.43,2967.65,2966.94,2964.67,2966.56,2964.87,2963.91,2959.81,2967.65
2777.61,2775.79,2779.14,2780.2,2776.69,2780.81,2777.02,2766.91,2777.61
2408.35,2409.65,2410.76,2410.11,2411.73,2409.24,2412.01,2412.5,2411.09
1068.88,1069.08,1070.08,1068.93,1069.01,1069.97,1068.41,1068.33,1068.86
120.421,127.456,125.287,121.96,122.401,122.614,120.273,497.006,123.217
1636.58,1632.6,1632.42,1634.35,1634.17,1636.22,1633.79,1636.65,1636.78
153.067,153.307,153.012,153.192,152.889,152.895,152.913,153.305,153.018
2672.11,2662.38,2679.89,2672.98,2679.15,2682.85,2682.85,2682.85,2682.85
2980.16,2988.12,2997.51,3000.04,3000,3000,3000,3000,3000
2974.65,2998.85,2996.99,3000.9,3000,3000,3000,3000,3000
3002.69,3000,3000,3000,3000,3000,3000,3000,3000
2975.59,2997.05,3000.03,3000,3000,3000,3000,3000,3000
2988.25,2993.28,2972.14,3000,2999.01,2999.65,3000.04,3000,3000
2979.82,3000,2999.98,3000.2,3000,3000,3000,3000,3000
2997.96,2991.46,2999.98,3000,2998.45,2999.99,3000.3,3000,3000
2997.57,2999.45,2999.39,2989.95,2998.42,2997.46,2995.79,2977.46,2988.51
2996.25,2996.87,2997.45,2992.51,2981.16,2997.95,2988.06,2985.48,2997.98
2997.66,2998.59,2991.63,2990.36,2982.54,2998.92,2995,2997.65,2999.01
2997.71,2999.35,2999.95,2999.99,3000,2999.99,3000.25,3000,3000
2998.53,2998.53,2973.77,2988.01,2999.37,2999.18,2998.01,3000.79,3000
2997.9,2998.89,2999.96,2997.04,2997.05,2999.97,3000.97,3000,3000
2992.13,2998.55,2997.92,2993.35,2998.53,2995.38,2988.85,2998.55,2998.57
2997.55,2998.17,2998.7,2997.89,2998.68,2998.67,2991.95,2986.59,2998.33
2997.8,2998.13,2997.78,2997.02,2998.19,2998.16,2988.39,2998.52,2995.85
2960.45,2963.66,2964.48,2964.02,2963.94,2964.38,2965.5,2963.8,2965.4
2973.96,2976.29,2975.2,2978.01,2977.71,2971.51,2977.44,2977,2977.98
2890.72,2889.78,2890.23,2889.97,2891,2888.61,2889.94,2891.27,2888.91
2824.95,2827.87,2827.53,2825.76,2828.36,2825.69,2825.6,2827.23,2827.24
2222.08,2222.04,2220.94,2223.14,2221.48,2224.03,2223.62,2223.54,2220.31
908.942,907.088,905.498,907.095,907.673,907.075,907.592,905.763,907.523
-269.189,-269.171,-269.25,-268.965,-268.744,-271.257,449.857,-269.631,-269.32
1276.82,1278.58,1278.73,1279.07,1279.06,1275.47,1276.87,1276.16,1277.32
548.118,549.802,548.871,547.7,573.533,550.392,548.501,548.776,548.47
2525.36,2524.87,2511.72,2525.78,2521.14,2515.67,2526.12,2526.12,2526.12
2977.61,2973.89,2986,2995.18,2990.74,3000,3000,3000,3000
2999.99,2999.96,2989.41,3000.01,3000,3000,3000,3000,3000
2995.9,2997.49,2994.9,3000,3000,3000,3000,3000,3000
2977.48,2999.98,3000,3000,3000,3000,3000,3000,3000
2991.81,2997.44,2988.51,2989.87,3000,3000,3000,3000,3000
3000,2999.99,2991.97,3000.14,3000,3000,3000,3000,3000
2999.36,2988.76,2979.92,2997.54,2997.26,2999.8,3000.39,2988.85,2999.72
2995.61,2995.58,2988.63,2990.8,2991,2987.21,2988.82,2987.26,2993.54
2994.56,2997,2996.28,2987.81,2988.15,2997.24,2984.64,2976.25,2991.6
2998.83,2999.11,2997.94,2999.02,2993.18,2998.74,2998.17,2998.86,2999.02
2997.91,2992.1,2998.22,2989.61,2999.22,2998.45,2997.42,2999.06,2996.05
2999.2,2999.36,2997.64,2999.08,2999.51,2999.66,2995.45,2999.79,2999.8
2998.25,2999.19,2999.19,2992.63,2989.53,2999.17,2984.65,2999.09,2998.76
2998.79,2998.83,2998.36,2998.45,2998.94,2998.26,2984.52,2998.82,2998.49
2997.04,2997.58,2995.95,2997.04,2996.53,2997.42,2997.48,2993.92,2996.56
2980.12,2978.99,2980.09,2978.84,2979.77,2979.64,2979.89,2980.06,2976.21
2982.28,2982.16,2982.06,2982.08,2981.94,2981.9,2982.23,2982.03,2982
2944.65,2946.48,2945.08,2946.76,2946.48,2946.58,2945.14,2946.58,2946.74
2846.39,2846.92,2847.48,2847.43,2847,2846.7,2846.85,2847.41,2846.84
2623.28,2622.59,2622.08,2622.37,2621.69,2623.35,2622.9,2622.02,2620.56
1854.67,1853.46,1855.56,1855.77,1854.27,1852.4,1854.51,1855.18,1855.75
876.419,877.149,875.453,877.282,875.959,875.032,875.681,875.442,876.816
-641.151,-641.456,-641.207,-641.47,-641.316,-136.598,-641.296,-641.473,-641.175
-175.316,-176.042,-176.379,-176.176,-175.601,-175.611,-176.344,-168.901,-176.116
1212.94,1213.12,1213.24,1210.83,1213.91,1210.62,1210.65,1210.91,1205.98
2641.86,2653.3,2655.62,2660.98,2666.15,2666.15,2666.15,2666.15,2666.15
2963.18,2983.36,2976.62,2982.03,2988.48,2988.48,2988.48,2988.48,2988.48
2997.52,2994.86,2988.12,2989.69,3000,3000,3000,3000,3000
2998.2,2986.08,3000,3000,3000,3000,3000,3000,3000
2974.42,2975.67,3000.01,3000,3000,3000,3000,3000,3000
2972.94,2983.16,3000.01,3000,3000,3000,3000,3000,3000
2973.26,2976.21,2986.91,2998.05,2993.15,2972.6,2983.16,2991.83,2971.15
2984.26,2985.98,2970.78,2983.09,2975.88,2972.7,2976.4,2975.34,2984.38
2999.13,2987.34,2985.95,2989.35,2974.3,2987.44,2992.13,2987.81,2984.28
2998.21,2988.14,2987.78,2998.27,2991.92,2984.87,2997.91,2998.98,2990
2990.68,2999.08,2999.07,2998.88,2999.3,2993.63,2988.33,2981.75,2997.71
2989.31,2996.89,2998.48,2999.61,2997.98,2992.85,2999.37,2999.33,2999.15
2996.29,2999.16,2999,2999.18,2999.19,2998.86,2999.16,2987.59,2997.9
2999.61,2999.58,2997.58,2999.03,2999.29,2997.1,2997.23,2998.58,2999.23
2987.89,2985.48,2986.51,2987.65,2987.84,2978.58,2987.66,2987.83,2986.96
2994.95,2994.93,2975.36,2995,2989.1,2995.06,2994.93,2994.85,2995.02
2995.78,2995.86,2996.01,2989.65,2995.99,2990.72,2995.97,2993.85,2996.02
2976.51,2976.38,2976.86,2976.86,2976.54,2976.5,2976.78,2976.41,2976.71
2905.96,2906.04,2906.07,2906.17,2905.95,2905.56,2905.94,2906.1,2905.58
2759.92,2759.95,2759.34,2760.38,2759.33,2758.27,2760.23,2760.04,2759.81
2303.78,2302.7,2301.9,2303.9,2302.79,2304.73,2303.7,2304.52,2304.14
1513.28,1514.14,1514.07,1515.1,1510.72,1514.22,1513.82,1517.48,1514.19
710.567,708.038,710.141,709.314,709.374,709.575,710.834,710.889,710.066
-799,-799.111,-798.926,-798.996,-799.129,-798.99,-798.984,-799.032,-313.116
-724.44,-724.431,-724.436,-724.06,-724.191,-724.341,-256.912,-724.195,-723.774
1349.91,1346.19,1349.86,1348.92,1346.29,1349.58,1349.75,1346.93,1349.76
2655.83,2655.83,2655.83,2655.83,2655.83,2655.83,2655.83,2655.83,2655.83
2866.17,2866.17,2866.17,2866.17,2866.17,2866.17,2866.17,2866.17,2866.17
3000,3000,3000,3000,3000,3000,3000,3000,3000
3000,3000,3000,3000,3000,3000,3000,3000,3000
2985.83,3000,3000,3000,3000,3000,3000,3000,3000
2994.99,3000,3000,3000,3000,3000,3000,3000,3000
3000,3000,3000,3000,3000,3000,3000,3000,3000
2964.44,3000.02,3000,3000,3000,3000,3000,3000,3000
2986.81,3000.05,3000,3000,3000,3000,3000,3000,3000
2987.16,3002.17,3000,3000,3000,3000,3000,3000,3000
2999.54,2989.26,2993.82,2998.53,2999.99,2993.42,2999.72,2996.66,2987.42
2999.65,2999.95,2995.42,2999.35,2994.21,2992.58,2999.96,2999.73,2999.92
2999.6,2995.77,2974.88,2999.97,3017.78,3000,3000,3000,3000
2999.28,2999.25,2999.28,2999.29,2999.3,2999.3,2999.16,2999.3,2999.1
2998.73,2999.95,2999.99,2999.93,2999.91,3003.06,3000,3000,3000
3000,2999.95,2999.82,2999.79,2999.93,2999.91,3000,2999.88,3000.52
2994.74,2994.75,2994.79,2994.84,2994.86,2994.89,2994.76,2994.83,2994.78
2959.68,2959.56,2959.56,2959.66,2959.64,2959.71,2959.62,2959.6,2959.69
2840.01,2839.51,2839.99,2839.94,2839.35,2840.01,2839.97,2839.84,2839.81
2568.67,2569.02,2567.9,2568.99,2567.58,2568.81,2568.78,2568.46,2569.14
1979.04,1979.26,1978.94,1979.17,1977.66,1979.26,1979.05,1978.43,1978.05
1205.69,1199.24,1201.12,1202.05,1200.83,1201.39,1201.61,1201.76,1202.01
431.109,430.853,431.217,430.567,431.195,430.272,430.829,431.065,429.025
-963.047,-963.038,-963.041,-963.04,-559.212,-963.243,-963.062,-963.215,-963.23
-999.971,-999.971,-999.971,-999.971,-999.971,-999.971,-999.971,-527.126,-999.971
-264.506,-264.464,-222.409,-264.415,-264.461,-264.51,-264.459,-264.397,-264.463
2582.65,2582.65,2582.65,2582.65,2582.65,2582.65,2582.65,2582.65,2582.65
2930.3,2930.4,2960,2960,2960,2960,2960,2960,2960
3000,3000,3000,3000,3000,3000,3000,3000,3000
3000,3000,3000,3000,3000,3000,3000,3000,3000
3000,3000,3000,3000,3000,3000,3000,3000,3000
3000,3000,3000,3000,3000,3000,3000,3000,3000
3000,3000,3000,3000,3000,3000,3000,3000,3000
3000,3000,3000,3000,3000,3000,3000,3000,3000
3000,3000,3000,3000,3000,3000,3000,3000,3000
3000,3000,3000,3000,3000,3000,3000,3000,3000
3000.55,3000,3000,3000,3000,3000,3000,3000,3000
2999.93,2999.91,3009.47,3000,3000,3000,3000,3000,3000
2998.66,2999.8,3013.81,3000,3000,3000,3000,3000,3000
2999.71,2999.97,3004.31,3000,3000,3000,3000,3000,3000
2999.93,2999.64,3009.6,3000,3000,3000,3000,3000,3000
2999.88,2999.89,3000,2999.93,2999.78,3009.42,3000,3000,3000
2979.38,2978.74,2978.9,2979.14,2978.95,2979.42,2979.46,2979.39,2982.53
2907.36,2907.32,2907.43,2907.37,2907.12,2907.41,2907.42,2906.95,2907.18
2700.77,2699.72,2700.48,2700.52,2700,2700.73,2700.69,2699.9,2700.03
2311.66,2311.51,2311.31,2311.85,2311.89,2309.08,2311.28,2310.91,2310.62
1619.05,1617.89,1616.84,1618.97,1618.84,1619.39,1619.23,1620.09,1617.74
805.932,808.932,809.495,808.588,809.597,809.314,807.574,807.676,807.676
17.3669,18.3665,17.212,18.1527,17.3932,17.8842,18.3113,17.3224,18.1583
-847.507,-848.149,-848.132,-554.816,-847.526,-847.528,-847.703,-847.311,-848.107
-805.425,-985.165,-985.164,-985.163,-985.161,-985.162,-985.159,-985.158,-985.157
1793.59,1793.59,1793.67,1793.75,1793.75,1794.08,1794.25,1794.43,1813.79
2765.92,2765.92,2765.92,2765.92,2765.92,2765.92,2765.92,2765.92,2765.92
2881.2,2881.2,2881.2,2881.2,2881.2,2881.2,2881.2,2881.2,2881.2
3000,3000,3000,3000,3000,3000,3000,3000,3000
3000,3000,3000,3000,3000,3000,3000,3000,3000
3000,3000,3000,3000,3000,3000,3000,3000,3000
3000,3000,3000,3000,3000,3000,3000,3000,3000
3000,3000,3000,3000,3000,3000,3000,3000,3000
3000,3000,3000,3000,3000,3000,3000,3000,3000
3000,3000,3000,3000,3000,3000,3000,3000,3000
3000.42,3000,3000,3000,3000,3000,3000,3000,3000
3006.16,3000,3000,3000,3000,3000,3000,3000,3000
3017.17,3000,3000,3000,3000,3000,3000,3000,3000
3000.36,3000,3000,3000,3000,3000,3000,3000,3000
2999.97,3005.16,3000,3000,3000,3000,3000,3000,3000
2999.17,2999.2,3011.85,2999.18,2999.18,2999.17,2999.31,2999.31,2999.27
2971.91,2972.25,2972.32,2972,2972.13,2972.36,2972.35,2972.35,2983.94
2889.92,2890.23,2890.26,2890.29,2890.07,2907.95,2890.3,2890.03,2890.25
2730.23,2730.55,2733.26,2730.45,2730.55,2730.4,2729.79,2729.95,2730.3
2440.68,2439.7,2439.52,2440.29,2440.59,2439.26,2439.18,2439.83,2440.33
1978.6,1976.79,1977.75,1978.63,1977.91,1978.42,1977.99,1978.21,1976.53
1270.79,1269.2,1271.47,1270.37,1271.15,1271.32,1270.54,1271.52,1269.66
465.402,464.926,465.873,465.741,465.493,463.26,467.173,464.92,463.794
-142.822,-143.648,-143.02,-143.855,-143.1,-143.488,-142.871,-143.071,-144.077
-863.836,-864.642,-864.132,-864.09,-864.429,-864.208,-864.048,-535.973,-863.822
-999.193,-867.03,-999.194,-999.194,-999.194,-999.194,-999.194,-999.194,-999.193
2088.27,2088.69,2088.69,2088.77,2088.95,2089.49,2089.49,2068.49,2089.78
2723.7,2723.7,2723.7,2723.7,2723.7,2723.7,2723.7,2723.7,2723.7
3000,3000,3000,3000,3000,3000,3000,3000,3000
3000,3000,3000,3000,3000,3000,3000,3000,3000
3000,3000,3000,3000,3000,3000,3000,3000,3000
3000,3000,3000,3000,3000,3000,3000,3000,3000
3000,3000,3000,3000,3000,3000,3000,3000,3000
3000,3000,3000,3000,3000,3000,3000,3000,3000
3000,3000,3000,3000,3000,3000,3000,3000,3000
3000,3000,3000,3000,3000,3000,3000,3000,3000
3000.04,3000,3000,3000,3000,3000,3000,3000,3000
3003.34,3000,3000,3000,3000,3000,3000,3000,3000
3009.55,3000,3000,3000,3000,3000,3000,3000,3000
3004.1,3000,3000,3000,3000.02,3000.14,3000,3000,3000
2999.97,3000,3000,3000.03,3000,3011.19,3000.01,3000,3000.01
2891.27,2891.17,2891.12,2891.04,2895.89,2891.19,2891.09,2891.21,2891.13
2850.14,2850.31,2850.23,2850.15,2850.13,2850.22,2850.14,2851.11,2850.28
2767.91,2767.79,2767.77,2767.42,2768.04,2767.68,2767.66,2768.02,2767.61
2600.23,2600.17,2600.29,2599.12,2599.42,2600.28,2599.95,2599.59,2599.76
2263.91,2264.49,2263.9,2264.17,2263.58,2263.76,2263.97,2264.37,2264.11
1756.37,1756.24,1755.08,1756.25,1756.61,1756.03,1753.71,1755.84,1756.1
1003.21,1005.54,1003.02,1005.47,1005.62,1006,1005.7,1004.5,1005.89
294.744,296.063,296.205,296.17,296.439,295.095,295.62,296.256,296.894
-301.163,-300.436,-302.219,-300.75,-145.894,-303.885,-304.895,-300.902,-301.832
-979.91,-979.86,-979.729,-979.793,-979.729,-979.843,-979.776,-979.797,-611.585
-997.509,-997.502,-997.5,-997.499,-997.499,-738.221,-997.5,-997.501,-997.499
1084.35,1083.74,1084,1096.38,1096.38,1096.38,1096.38,1096.38,1096.38
2852.38,2881.2,2881.2,2881.2,2881.2,2881.2,2881.2,2881.2,2881.2
3000,3000,3000,3000,3000,3000,3000,3000,3000
3000,3000,3000,3000,3000,3000,3000,3000,3000
3000,3000,3000,3000,3000,3000,3000,3000,3000
3000,3000,3000,3000,3000,3000,3000,3000,3000
3000,3000,3000,3000,3000,3000,3000,3000,3000
3000,3000,3000,3000,3000,3000,3000,3000,3000
3000,3000,3000,3000,3000,3000,3000,3000,3000
3000,3000,3000,3000,3000,3000,3000,3000,3000
3000.2,3000,3000,3000,3000,3000,3000,3000,3000
3009.06,3000.27,3000.25,3000.03,3000,3000,3000.08,3000,3000
3007.53,3000.01,3000.04,3000,3000.34,3000.2,3000.02,3000,3000
2998.35,2998.51,2998.49,2998.46,2998.47,2998.51,2998.52,3005.29,2998.55
2934.34,2934.8,2934.73,2934.76,2934.8,2968.38,2934.95,2934.8,2934.8
2996.35,2998.76,3000,3000,3000,3000,3000,3000,3000
2981.36,2995.97,3000.61,3000,3000,3000,3000,3000,3000
2996.81,2996.48,2991.1,2989.3,3000.18,3000,3000,3000,3000
2987.46,2986.55,2990.88,2995.27,2981.64,2981.02,2989.56,2986.8,2987.28
2998.45,2994.36,2998.42,2994.09,2996.84,2986.95,2989.79,2988.4,2996.64
2942.72,2960.97,2964.45,2948.07,2942.84,2967.18,2967.98,2958.94,2966.94
2743.02,2741.96,2737.48,2736.23,2739.99,2738.97,2736.67,2741.8,2742.04
2300.47,2300.16,2289.48,2290.33,2294.45,2299.11,2308.62,2290.68,2286.98
503.798,488.951,486.379,485.981,478.885,479.902,1111.37,485.896,487.957
-579.777,412.099,-578.783,-578.993,-578.294,-579.56,-578.81,-578,-578.678
-827.534,-826.791,-826.83,324.324,-827.06,-826.744,-826.969,-827.562,-827.304
-780.076,-776.167,-780.282,-780.895,-780.858,-780.833,-780.82,400.135,-779.899
1413.42,1413.3,1413.28,1413.19,1414.95,1629.74,1413.75,1413.59,1407.14
2904.6,2904.21,2917.35,2935.96,2933.72,2933.72,2933.72,2933.72,2933.72
2977.1,3001.01,3000,3000,3000,3000,3000,3000,3000
3001.04,3000,3000,3000,3000,3000,3000,3000,3000
3001.25,3000,3000,3000,3000,3000,3000,3000,3000
2989.61,3001.57,3000,3000,3000,3000,3000,3000,3000
2990.08,2992.05,2989.49,2979.23,3000.92,3000,3000,3000,3000
2986.88,2992.47,2991.69,2991.64,2998.4,2988.99,2996.43,2988.33,3001.14
2996.78,2999.98,2985.08,2988.85,2988.77,2987.76,2999.02,2996.65,3000.14
2980.39,2991.81,2997.57,2986.67,2991.56,2992.76,2983.29,2983.18,2991.47
2998.04,2992.34,2999.86,2999.96,2999.99,3001.53,3000,3000,3000
2996.54,2994.2,2994.32,2992.32,2999.97,2999.68,2986.62,2997.15,2999.06
2997.35,2996.05,3000.42,3000,3000,3000,3000,3000,3000
2992.9,3000,3000.74,3000,3000,3000,3000,3000,3000
2991.76,3000.5,3000,3000,3000,3000,3000,3000,3000
2995.89,2981.65,2999.17,2999.98,2985.05,2999.57,2991.24,3000.31,3000
2996.75,2996.31,2999.93,3000.31,3000,3000,3000,3000,3000
2999.68,2997.97,2999.9,2989.23,3000,3000,3000,3000,3000
2986.84,2986.53,2983.37,2987.06,2987.2,2987.14,2986.85,2984.83,2987.14
2955.94,2964.67,2967.84,2968.09,2968.15,2951.74,2957.2,2966.02,2968.13
2892.68,2899.09,2899.49,2895.63,2898.7,2898.78,2894.77,2894.13,2899.74
2388.39,2385.69,2384.96,2385.83,2385.19,2388.55,2386.95,2386.5,2384.88
1109.63,1109.45,1109.64,1108.22,1108.25,1107.5,1108.71,1109.38,1110.01
364.096,-669.293,-679.729,-679.822,-679.973,-679.853,-681.192,-679.723,-679.688
341.621,700.441,341.716,341.381,340.991,341.736,340.24,341.227,338.924
-215.186,-217.003,-217.043,-217.082,-217.101,-217.406,-214.496,63.8133,-214.113
1398.26,1398.64,1399.05,1399.19,1399.26,1382.8,1497.03,1392.03,1397.7
2892.09,2892.01,2903.51,2915.14,2926.6,2921.42,2921.42,2921.42,2921.42
3000.25,3000,3000,3000,3000,3000,3000,3000,3000
3000.15,3000,3000,3000,3000,3000,3000,3000,3000
3000.07,3000,3000,3000,3000,3000,3000,3000,3000
2981.86,2989.23,2989.9,2988.87,3000.01,3000,3000,3000,3000
2990.04,2996.93,2991.9,2988.56,2987.86,2992.09,2990.36,3000.02,3000
2975.93,2994.65,3000.23,3000,3000,3000,3000,3000,3000
2987.66,2995,2999.64,2998.37,2996.13,2997.91,2999.99,3000.09,3000
2998.56,2999.1,2990.13,2988.63,2998.03,3000.83,2998.79,2998.47,2999.81
2997.31,2998.82,2992.36,2999.94,2991.78,2999.94,2989.83,2998.38,3000.67
2995.2,2998.53,2992.24,3001.42,3000,3000,3000,3000,3000
2997.71,2998.21,2999.94,3000.76,3000,3000,3000,3000,3000
2989.04,3000.7,3000,3000,3000,3000,3000,3000,3000
2982.77,2999.99,2999.5,2996.15,2999.32,2999.77,3000.23,3000,3000
2998.13,2998.7,2998.05,2996.09,2998.8,2993.61,2996.88,2998.83,2998.88
2997.36,2998.65,2998.53,2997.87,2998.85,2998.4,2990.81,2999.03,2998.36
2963.15,2964.09,2961.59,2957.02,2965.52,2966.05,2960.67,2957.99,2961.53
2955.48,2956.82,2955.12,2953.86,2957.69,2957.93,2957.11,2957.3,2958.13
2879.12,2880.95,2882.03,2881.2,2882.47,2879.81,2881.09,2882.3,2879.99
2882.75,2883.33,2881.7,2879.57,2882.04,2875.79,2877.83,2882.54,2881.26
2286.48,2288.23,2285.88,2289.52,2287.04,2289.24,2288.94,2287.29,2286.76
918.406,917.386,917.939,918.458,917.813,917.124,918.365,918.275,915.506
-862.942,-863.007,-862.836,-863.028,164.351,-857.263,-862.749,-862.749,-863.038
-676.612,-676.414,-676.431,-676.379,-676.622,-676.43,-676.417,-74.9071,-676.6
-109.567,-109.421,-109.734,-109.409,-109.548,-109.517,-57.8294,-109.451,-109.465
2131.94,2132.52,2133.05,2139.51,2140.97,2139.02,2142.13,2142.66,2139.26
2849.73,2849.73,2849.73,2849.73,2849.73,2849.73,2849.73,2849.73,2849.73
2989.37,2990.6,2993.39,3000,3000,3000,3000,3000,3000
2979.88,3000,3000,3000,3000,3000,3000,3000,3000
2995.16,2990.76,3000,3000,3000,3000,3000,3000,3000
2997.61,2998.24,2998.77,2992.42,2997.22,2996.01,2993.89,2993.45,2999.16
2989.66,2990.42,2993.42,2994.37,2997.21,3000,3000,3000,3000
2999.64,2998.06,2986.65,2988.56,2994.76,3000.07,3000,3000,3000
2998.12,2992.07,2996.26,2999.94,2997.07,2999.98,2998.27,3000.24,3000
2988.4,2997.13,2996.17,2987.52,2998.9,2998.98,2998.59,2998.44,2998.95
2989.99,2989.27,2996.59,2989.1,2987.14,2989.88,2989.47,2996.51,2995.17
2997.72,2989.53,2995.83,2986.79,2998.78,2998.84,2998.41,2997.66,2998.85
2993.36,2993.44,2993.19,2993.1,2993.13,2991.17,2992.71,2994.32,2993.08
2983.22,2987,2999.83,2999.68,2999.4,2999.19,2998.28,2999.75,2999.67
2997.5,2999.36,2999.06,2999.34,2998.97,2999.25,2999.37,2999.14,2999.45
2990.1,2989.77,2989.98,2990.13,2990.04,2989.26,2988.83,2986.93,2983.4
2998.1,2998.07,2997.56,2987.43,2998.05,2993.67,2990.98,2998.09,2997.08
2976.35,2976.29,2973.39,2975.06,2976.55,2976.46,2976.73,2968.76,2972.54
2942.21,2946.36,2946.88,2943.5,2946.87,2945.71,2945.73,2946.94,2947.16
2867.46,2868.04,2867.34,2867.92,2867.68,2868.21,2868.11,2868.27,2867.53
2708.55,2708.68,2706.36,2708.51,2708.77,2708.81,2708.27,2708.06,2707.82
1898.3,1896.53,1897.93,1899.89,1897.17,1898.43,1897.89,1896.66,1897.06
871.099,868.667,868.471,869.206,870.993,870.928,870.998,868.551,870.679
-625.382,-625.364,-625.415,23.2197,-625.351,-625.368,-625.522,-625.421,-625.347
-19.5102,-19.6281,-15.4589,-20.1149,-19.8979,-19.4746,-20.0913,-19.5538,-23.1808
-425.878,-426.303,-426.28,-426.076,-426.305,-425.237,-21.7925,-426.278,-426.037
1846.75,1846.82,1850.42,1850.3,1846.76,1851.75,1846.66,1846.9,1850.89
2859.5,2882.41,2876.08,2888.66,2888.66,2888.66,2888.66,2888.66,2888.66
3000,3000,3000,3000,3000,3000,3000,3000,3000
3000,3000,3000,3000,3000,3000,3000,3000,3000
2996.26,3000,3000,3000,3000,3000,3000,3000,3000
2990.44,2998.78,3000,3000,3000,3000,3000,3000,3000
2998.05,2998.8,3000.02,3000,3000,3000,3000,3000,3000
2987.07,2999.97,2990.93,3000.11,3000,3000,3000,3000,3000
2987.07,2994.59,2997.69,2999.62,2988.52,3000.1,3000,3000,3000
2986.31,2987.16,2990.93,2997.09,2972.75,2993.35,2998.15,2987.73,2999.25
2999.35,2999.42,2999.85,2992.13,2999.58,2999.45,2999.44,2987.75,2997.15
2995.94,2995.55,2995.87,2995.86,2995.95,2995.86,2995.88,2995.92,2995.49
3000.34,2999.44,2998.27,2999.75,2999.78,2999.75,2999.51,2999.86,2999.49
2999.94,2999.36,2999.01,2999.74,2999.25,2997.8,3000.25,3000,3000
2999.41,2999.8,2999.58,2999.99,2999.7,2999.61,3000,3000,3000
2989.75,2989.92,2989.61,2989.92,2989.76,2989.66,2989.91,2989.52,2989
2999.42,2999.03,2999.36,2999.49,2998.93,2998.47,2999.44,2999.46,2998.71
2992.28,2992.5,2992.56,2992.27,2992.2,2992.31,2992.31,2992.17,2992.5
2914.54,2914.77,2914.61,2915.1,2913.74,2911.93,2914.78,2914.51,2915.06
2792.32,2792.24,2791.1,2792.47,2791.56,2790.7,2790.92,2792.18,2791.39
2355.37,2353.6,2354.55,2355.21,2354.2,2355.4,2354.53,2354.85,2355.19
1573.95,1572.91,1574.13,1575.02,1573.72,1574.67,1574.43,1574.94,1574.77
673.415,674.21,673.44,674.789,673.309,673.646,673.14,675.288,675.166
-579.611,-580.734,-579.707,-581.436,-580.173,-581.415,-235.307,-581.502,-580.805
-673.584,-847.289,-847.3,-847.137,-847.303,-847.297,-847.123,-847.295,-847.129
843.508,843.508,843.508,843.656,854.767,854.767,854.767,854.767,854.767
2160.7,2161.68,2168.17,2177.89,2178.04,2184.17,2184.17,2184.17,2184.17
2706.44,2725.99,2733.86,2733.86,2733.86,2733.86,2733.86,2733.86,2733.86
3000,3000,3000,3000,3000,3000,3000,3000,3000
3000,3000,3000,3000,3000,3000,3000,3000,3000
3000,3000,3000,3000,3000,3000,3000,3000,3000
3000,3000,3000,3000,3000,3000,3000,3000,3000
3000,3000,3000,3000,3000,3000,3000,3000,3000
3000.01,3000,3000,3000,3000,3000,3000,3000,3000
3000.07,3000,3000,3000,3000,3000,3000,3000,3000
3000.2,3000,3000,3000,3000,3000,3000,3000,3000
2996.82,3000,3000,3000,3000,3000,3000,3000,3000
2999.79,3000.05,3000,3000,3000,3000,3000,3000,3000
2999.73,2999.98,2997.7,3000.02,3000,3000,3000,3000,3000
2999.95,3000,3000,3000,3000,3000,3000,3000,3000
2999.98,3000,3000.2,3000,3000,3000,3000,3000,3000
2999.72,2999.93,2997.5,3000,3000,3000,3000,3000,3000
2998.99,2998.95,2999.01,2998.97,2998.86,3017.88,2998.9,2998.8,2999.02
2967.34,2967.37,2966.83,2967.27,2967.36,2966.92,2967.17,2967.42,2966.83
2873.04,2873.68,2874.26,2874.45,2874.41,2873.25,2874.07,2874.35,2874.39
2617.05,2615.99,2616.23,2617.38,2616.28,2617.02,2617.09,2617.36,2617.1
2010.17,2012,2012.61,2012.84,2011.84,2012.17,2013.43,2012.07,2010.86
1242.35,1241.92,1241.11,1240.81,1238.5,1240.64,1242.15,1241.71,1240.44
349.121,349.07,347.353,348.423,347.747,346.576,347.605,349.422,349.261
-660.015,-659.858,-659.389,-659.927,-659.901,-659.843,-658.917,-322.131,-659.877
-997.175,-997.175,-997.169,-997.169,-997.175,-997.172,-997.169,-662.227,-997.175
-964.772,-964.974,-964.778,-964.927,-964.949,-964.773,-964.962,-431.685,-964.778
1165.98,1166.13,1165.97,1166.14,1172.21,1165.98,1166.1,1166.01,1290.76
2713.12,2714.54,2713.5,2740.8,2719.17,2741.17,2722.6,2732.99,2740.53
3000,3000,3000,3000,3000,3000,3000,3000,3000
3000,3000,3000,3000,3000,3000,3000,3000,3000
3000,3000,3000,3000,3000,3000,3000,3000,3000
3000,3000,3000,3000,3000,3000,3000,3000,3000
3000,3000,3000,3000,3000,3000,3000,3000,3000
3000,3000,3000,3000,3000,3000,3000,3000,3000
3000,3000,3000,3000,3000,3000,3000,3000,3000
3000,3000,3000,3000,3000,3000,3000,3000,3000
3000,3000,3000,3000,3000,3000,3000,3000,3000
3000,3000,3000,3000,3000,3000,3000,3000,3000
2999.98,3000.03,3000,3000,3000,3000,3000,3000,3000
3000.2,3000,3000,3000,3000,3000,3000,3000,3000
2999.95,3000.47,3000,3000,3000,3000,3000,3000,3000
2999.99,2999.98,3001.25,3000,3000,3000,3000,3000,3000
2999.41,2998.65,3017.19,2999.3,2999.08,2999.09,2999.29,2999.26,2999.37
2933.7,2933.7,2933.12,2933.71,2933.18,2933.18,2933.45,2933.74,2933.57
2729.93,2729.95,2728.55,2728.92,2729.42,2729.4,2729.79,2729.37,2729.64
2331.88,2330.69,2331.03,2331.64,2331.27,2329.57,2330.94,2330.92,2331.98
1676.47,1676.32,1673.58,1677.22,1676.78,1674.62,1675.14,1677.5,1677.24
860.495,856.9,858.498,858.29,858.498,859.834,860.399,860.129,860.606
77.0966,75.8856,76.5393,76.2026,76.4874,76.6689,76.3787,75.1135,76.9206
-749.523,-748.769,-749.755,-749.022,-749.103,-748.569,-748.904,-446.438,-748.695
-997.783,-997.782,-997.783,-997.782,-997.782,-997.782,-997.782,-997.783,-827.9
702.144,694.709,694.819,694.781,700.152,694.636,694.703,700.199,694.87
2426.17,2426.54,2427.03,2432.67,2435.08,2441.73,2444.53,2444.59,2451.61
2686.25,2686.63,2695.37,2714.11,2714.11,2714.11,2714.11,2714.11,2714.11
3000,3000,3000,3000,3000,3000,3000,3000,3000
3000,3000,3000,3000,3000,3000,3000,3000,3000
3000,3000,3000,3000,3000,3000,3000,3000,3000
3000,3000,3000,3000,3000,3000,3000,3000,3000
3000,3000,3000,3000,3000,3000,3000,3000,3000
3000,3000,3000,3000,3000,3000,3000,3000,3000
3000,3000,3000,3000,3000,3000,3000,3000,3000
3000,3000,3000,3000,3000,3000,3000,3000,3000
3000.55,3000,3000,3000,3000,3000,3000,3000,3000
3007.95,3000,3000,3000,3000,3000,3000,3000,3000
3001.33,3000,3000,3000,3000,3000,3000,3000,3000
2999.98,3001.86,3000,3000,3000,3000,3000,3000,3000
2998.58,2998.09,2998.46,2998.14,2998.2,2998.08,2998.57,2998.67,3002.1
2997.09,2997.07,2997.07,2997.1,2996.95,2997.06,2997.1,2996.62,3002.83
2904.73,2904.95,2904.95,2904.84,2904.64,2914.87,2904.81,2904.78,2904.94
2744.05,2743.48,2744.13,2743.32,2744.14,2743.96,2743.76,2743.97,2744.03
2458.29,2458.16,2457.69,2456.89,2457.98,2457.2,2458.27,2457.93,2458.33
1993.18,1992.13,1991.97,1992.72,1993.08,1991.6,1991.82,1991.38,1992.68
1311.12,1311.69,1310.55,1311.42,1310.57,1311.06,1310.78,1310.51,1310.57
519.728,519.548,519.081,519.046,518.02,518.278,518.917,519.884,519.104
-112.07,-112.388,-112.975,-111.744,-112.429,-111.931,-113.467,-112.854,-112.309
-445.886,-784.36,-783.967,-783.96,-783.579,-783.518,-783.22,-783.146,-783.438
-999.98,-999.98,-999.98,-999.98,-880.336,-999.98,-999.98,-999.98,-999.98
-840.221,-840.221,-839.624,-839.58,-689.458,-839.58,-839.596,-839.582,-839.635
2154.79,2152.7,2152.7,2152.7,2153.03,2153.29,2153.38,2154.02,2174.62
2910.47,2940.02,2940.02,2940.02,2940.02,2940.02,2940.02,2940.02,2940.02
3000,3000,3000,3000,3000,3000,3000,3000,3000
3000,3000,3000,3000,3000,3000,3000,3000,3000
3000,3000,3000,3000,3000,3000,3000,3000,3000
3000,3000,3000,3000,3000,3000,3000,3000,3000
3000,3000,3000,3000,3000,3000,3000,3000,3000
3000,3000,3000,3000,3000,3000,3000,3000,3000
3000,3000,3000,3000,3000,3000,3000,3000,3000
3000,3000,3000,3000,3000,3000,3000,3000,3000
3008.62,3000,3000,3000,3000,3000,3000,3000,3000
3019.51,3000,3000,3000,3000,3000,3000,3000,3000
3008.81,3000,3000,3000,3000,3000,3000,3000,3000
2999.8,3008.13,3000,3000,3000,3000,3000,3000,3000
2926.15,2926.36,2926.24,2926.37,2926.29,2926.13,2926.34,2928.33,2926.38
2820.29,2820.33,2820.23,2820.27,2820.26,2820.32,2830.14,2819.93,2820.3
2774.52,2774.97,2775,2774.59,2774.6,2774.55,2774.71,2774.07,2774.84
2607.35,2606.89,2607.4,2607.18,2606.87,2607.09,2607.21,2607.46,2606.9
2282.67,2281.29,2282.29,2282.39,2281.44,2281.37,2282.07,2282.37,2282.18
1743.68,1742.94,1744.23,1744.75,1743.01,1744.15,1743.69,1744.19,1744.67
1069.59,1069.16,1069.3,1069.33,1068.67,1069.55,1069.82,1068.58,1070.53
348.162,348.743,347.393,349.662,349.558,349.266,349.291,348.412,347.774
-135.955,-136.112,-135.972,-136.924,-135.247,-136.236,-135.498,-135.987,-137.078
-456.112,-885.794,-885.617,-886.002,-885.876,-885.593,-886.152,-885.598,-885.934
-999.284,-999.284,-999.284,-999.284,-999.284,-999.284,-841.769,-999.284,-999.284
291.238,291.522,291.312,287.825,287.638,291.528,287.781,299.612,289.557
2633.59,2645.2,2645.2,2645.2,2645.2,2645.2,2645.2,2645.2,2645.2
2960,2960,2960,2960,2960,2960,2960,2960,2960
3000,3000,3000,3000,3000,3000,3000,3000,3000
3000,3000,3000,3000,3000,3000,3000,3000,3000
3000,3000,3000,3000,3000,3000,3000,3000,3000
3000,3000,3000,3000,3000,3000,3000,3000,3000
3000,3000,3000,3000,3000,3000,3000,3000,3000
3000,3000,3000,3000,3000,3000,3000,3000,3000
3000,3000,3000,3000,3000,3000,3000,3000,3000
3000,3000,3000,3000,3000,3000,3000,3000,3000
3001.36,3000,3000,3000,3000,3000,3000,3000,3000
2999.97,3008.1,3000,3000,3000,3000,3000,3000,3000
2996.86,2996.81,2996.8,2996.84,2996.84,2996.84,2996.71,3000.43,2996.9
2916.27,2916.54,2916.66,2916.06,2916.39,2916.67,2916.48,2979.1,2916.5
2997.31,2989.17,3000.46,3000,3000,3000,3000,3000,3000
3001.82,3000,3000,3000,3000,3000,3000,3000,3000
2998.39,2995.55,2993.2,2988.94,2991.81,3000.34,3000,3000,3000
2997.13,2988.94,3000,2987.84,2999.95,3000,3000.57,3000,3000
2980.17,2983.34,2983.34,2974.82,2975.11,2975.08,2974.94,2985.66,2983.35
2981.78,2992.38,2991.8,2992.71,2968.46,2992.6,2970.04,2989.06,2992.94
2779.76,2783.61,2780.05,2774.95,2782.6,2781.02,2786.16,2775.04,2773.87
2047.53,2064.5,2050.72,2051.78,2065.77,2047.28,2052.14,2118.37,2066.04
331.771,1054.15,336.694,330.021,327.742,333.302,330.444,327.721,332.154
-231.905,-229.504,-229.064,425.728,-232.053,-228.853,-230.899,-228.966,-232.855
12.1692,12.1324,11.9595,12.2563,12.5661,12.2689,436.6,11.7766,12.0356
63.2973,-524.07,-523.461,-523.479,-523.486,-524.759,-524.073,-523.663,-523.653
1161.98,1657.04,1173.6,1159,1158.78,1158.45,1158.51,1161.01,1159.89
2829.37,2794.13,2794.13,2794.13,2794.13,2794.13,2794.13,2794.13,2794.13
2989.54,3000.12,3000,3000,3000,3000,3000,3000,3000
2988.01,2988.81,3000.01,3000,3000,3000,3000,3000,3000
2988.04,3000.06,3000,3000,3000,3000,3000,3000,3000
2989.25,3000.02,3000,3000,3000,3000,3000,3000,3000
2978.03,2988.13,2992.89,2988.9,3000.05,3000,3000,3000,3000
2997.21,2993.78,2990.34,2988.74,2987.67,2994.56,2999.63,2997.32,3000.06
2997.13,2987.69,2999.42,2988.91,2989.08,2998.97,2996.41,3000.31,3000
2990.49,2999.97,2999.11,2991.35,2999.29,2991.69,2992.88,2992.24,3001.68
2994.62,2994.04,2996.24,2994.98,2976.62,2999.83,2989.63,2996.5,2997.78
2990.16,2999.97,2999.62,2997.01,3000.57,3000,3000,3000,3000
2985.55,2997.23,3000.74,3000,3000,3000,3000,3000,3000
3001.11,3000,3000,3000,3000,3000,3000,3000,3000
2993.74,2998.27,2999.89,2997.55,2998.46,2999.74,2996.98,2998.19,3000
2988.96,2987.94,2997.75,2997.94,2998.44,2999.73,3000,3000,3000
2998.61,2998.27,2999.7,2997.41,2998.43,2999.73,3000,3000,3000
2996.62,2996.16,2996.92,2996.89,2991.69,2996.68,2992.38,2990.29,2996.12
2994.41,2994.63,2996,2991.97,2990.67,2991.91,2989.77,2995.92,2995.94
2997.19,2997.2,2996.52,2996.45,2997.16,2970.01,2993.46,2997.23,2997.22
2801.51,2808.58,2809.81,2808.43,2802.19,2807.88,2808.65,2805.57,2810.51
2458.93,2458.59,2460.27,2458.94,2458.98,2458.73,2459.88,2457.66,2457.19
597.34,598.607,598.592,599.241,702.481,597.832,599.247,598.148,599.073
-108.364,-109.969,-108.361,-106.635,-107.445,-107.561,875.126,-108.652,-109.094
1348.57,1348.52,1345.54,1345.64,1347.78,1348.72,1345.53,1345.25,1347.31
-289.512,-543.77,-544.486,-542.414,-544.276,-542.784,-542.215,-544.033,-542.204
-244.551,-244.92,-244.315,-244.188,-89.8194,-243.731,-244.957,-244.871,-243.952
2649.61,2654,2649.43,2651.69,2655.68,2654.09,2649.31,2656.13,2651.8
3000.02,3000,3000,3000,3000,3000,3000,3000,3000
3000,3000,3000,3000,3000,3000,3000,3000,3000
2988.77,3000,3000,3000,3000,3000,3000,3000,3000
3000.1,3000,3000,3000,3000,3000,3000,3000,3000
2977.99,2993.75,2987.77,2991.93,2987.87,2999.84,2993.82,3000.02,3000
2998.54,2999.02,2992.11,2988.95,2990.68,2999.13,2992.58,2997.46,3000.3
2987.8,2999.67,2997.53,2998.9,2998.46,3000.12,2992.3,2990.36,2998.71
2994.08,2997.8,2998.19,2997.7,2993.14,2998.11,2989.87,2997.73,2986.87
2992.78,2992.93,2997.81,2996.43,2990.34,2997.67,2992.2,2990.19,2991.86
2993.89,2991.32,2999.65,2995.47,2990.81,2999.95,2998.1,2999.77,2999.79
2989.15,2999.18,2999.69,2997.43,2999.45,2999.8,2996.93,2998.17,3000
2989.11,2999,2999.92,2997.44,2999.45,2999.73,2996.88,3000.01,3000
2996.32,2992.16,2999.17,2998.38,2998.31,2999.22,2999.77,2998.49,2999.75
2987.5,2999.49,2999.85,2998.89,2999.8,3000,3000,3000,3000
2995.55,2999.87,2999.89,2999.25,2999.87,2999.86,2998.1,2999.82,2999.41
2995.55,2999.11,2999.66,2990.55,2999.87,2999.86,2998.79,2998.52,2999.41
2925.9,2930.73,2930.32,2930.6,2925.9,2930.27,2930.74,2929.8,2930.34
2936.23,2932.58,2938.92,2940.35,2939.76,2938.8,2939.31,2939,2938.39
2905.15,2904.76,2904.71,2905.35,2905.08,2906.09,2904.57,2903.35,2904.04
2391.8,2392.57,2391.94,2389.18,2390.08,2393.55,2393.49,2389.98,2390.24
905.356,905.141,906.105,905.787,904.585,905.739,905.94,905.638,906.125
-511.252,-510.752,-510.582,-510.652,-510.535,-510.978,-510.867,-94.848,-511.394
1057.74,1056.49,1054.11,1121.05,1054.55,1051.8,1055.22,1056.8,1054.5
-886.429,-886.812,-886.822,-564.424,-886.802,-886.432,-886.455,-886.443,-886.445
1030.57,1032.01,1032.36,1031.88,1032.37,1031.04,1032.44,1031.69,1034.83
2775.64,2775.74,2775.94,2775.04,2779.22,2776.69,2779.21,2780.14,2782.5
3000,3000,3000,3000,3000,3000,3000,3000,3000
2987.98,2987.36,2987.67,3000,3000,3000,3000,3000,3000
2991.18,2987.69,3000,3000,3000,3000,3000,3000,3000
2992.43,2997.17,2999.61,3000,3000,3000,3000,3000,3000
3000.02,3000,3000,3000,3000,3000,3000,3000,3000
2993.9,2987.22,2988.45,2998.91,2993.17,3000.23,3000,3000,3000
2998.07,3000.33,3000,3000,3000,3000,3000,3000,3000
2998.95,2999.74,2999.59,2999.33,2999.8,2999.74,2999.71,2999.71,2999.89
2993.83,2996.23,2996.18,2995.65,2996.15,2995.96,2995.19,2996.13,2996.01
2999.53,2999.88,2996.25,2998.06,2998.3,2999.67,2999.77,2999.79,3000
2999.76,2999.93,2999.98,2998.73,2999.73,2999.23,3000.01,3000,3000
2993.17,2993.66,2993.67,2992.36,2993.77,2993.81,2993.47,2992.55,2993.79
2999.68,2999.22,2994.5,2999.82,2999.61,2999.36,2999.73,2999.94,2998.31
2999.74,2999.82,2999.79,2999.83,2999.87,2999.37,2999.84,2999.66,3000
2978.26,2988.82,2988.69,2988.55,2988.77,2988.93,2988.86,2988.58,2988.7
2970.25,2971.49,2970.61,2971.57,2971.59,2971.87,2971.8,2971.61,2971.76
2961.41,2952.75,2961.27,2956.27,2954.94,2961.59,2960.71,2960.01,2958.33
2884.99,2884.83,2885.4,2885.78,2886.46,2885.95,2885.7,2886.59,2884.38
2728.33,2728.43,2726,2728.21,2728.51,2728.67,2728.29,2726.86,2726.94
1935.07,1933.42,1935.33,1935.1,1933.36,1935.51,1935.58,1934.42,1935.13
832.098,824.453,823.277,824.145,823.425,824.486,823.249,823.614,824.096
-848.287,-848.257,-845.653,-848.267,-849.13,-849.362,-848.836,-849.328,-154.553
-742.832,-742.712,-742.758,-743.036,-743.616,-742.765,-743.07,-742.641,-456.02
-558.27,-558.372,-558.435,-558.412,-558.433,-558.458,-557.771,-558.459,-296.876
2083.4,2083.71,2083.71,2086.63,2084.57,2089.58,2085.02,2083.13,2083.4
2737.85,2737.85,2746.26,2760.13,2763.9,2757.56,2764.91,2764.88,2765.8
2987.92,3000,3000,3000,3000,3000,3000,3000,3000
3000,3000,3000,3000,3000,3000,3000,3000,3000
3000,3000,3000,3000,3000,3000,3000,3000,3000
3000,3000,3000,3000,3000,3000,3000,3000,3000
3000,3000,3000,3000,3000,3000,3000,3000,3000
3000.26,3000,3000,3000,3000,3000,3000,3000,3000
3000.04,3000,3000,3000,3000,3000,3000,3000,3000
2988.75,2999.48,2999.98,3000,3000,3000,3000,3000,3000
2999.95,3000.03,3000,3000.02,3000,3026.07,3000,3000.02,3000.01
2999.6,2999.94,2999.28,2999.7,2999.86,2999.84,3000,3000,3000
2999.65,2999.89,3000,2999.85,3000,3000,3000,3000,3000
2999.65,2999.94,2997.75,2999.87,2999.91,2999.36,2999.77,3000,3000
2999.77,2999.75,2999.9,2999.87,2999.84,3013.91,3000,3000,3000.02
2999.76,2999.74,2999.61,2999.87,2999.35,3000,3000,3000,3000
2986.05,2986.17,2986.63,2986.47,2986.61,2986.37,2986.13,2986.29,2986.25
2999.04,2996.82,2998.07,2999.47,2998.1,2998.94,2999.67,2999.44,2993.54
2955.48,2955.03,2956.32,2955.95,2956.42,2955.58,2952.99,2955.68,2955.3
2822.06,2823.92,2823.31,2822.79,2823.43,2822.55,2823.22,2823.67,2824.33
2459.76,2459.38,2458.09,2460.33,2458.29,2460.19,2460.11,2460.75,2459.8
1557.96,1556.74,1558.09,1558.71,1557.93,1558.3,1557.62,1557.16,1557.3
608.524,607.844,606.923,607.784,608.068,608.936,609.331,607.891,608.801
-762.535,-761.869,-762.59,-761.753,-219.394,-762.678,-762.045,-761.997,-761.904
-988.803,-988.823,-988.825,-988.803,-633.323,-988.803,-988.825,-988.823,-988.822
-947.01,-947.068,-689.828,-947.059,-947.056,-946.974,-946.976,-947.011,-946.988
1435.52,1436.18,1436.25,1439.25,1436.83,1437.32,1437.32,1437.41,1435.81
2208.64,2202.65,2208.55,2205.66,2208.5,2205.23,2204.71,2208.65,2202.65
3000,3000,3000,3000,3000,3000,3000,3000,3000
3000,3000,3000,3000,3000,3000,3000,3000,3000
3000,3000,3000,3000,3000,3000,3000,3000,3000
3000,3000,3000,3000,3000,3000,3000,3000,3000
3000,3000,3000,3000,3000,3000,3000,3000,3000
3000,3000,3000,3000,3000,3000,3000,3000,3000
3000,3000,3000,3000,3000,3000,3000,3000,3000
3000.16,3000,3000,3000,3000,3000,3000,3000,3000
3000.21,3000,3000,3000,3000,3000,3000,3000,3000
2999.94,2999.98,2999.89,2999.95,3019.13,3000.01,3000,3000,3000
2999.78,2987.33,2999.6,3000,3000,3000,3000,3000,3000
2999.15,2999.56,2999.68,2999.86,3000,3000,3000,3000,3000
3000,3000,3000,3000,3000,3000,3000,3000,3000
3000,3000,3000,3000,3000,3000,3000,3000,3000
2999.99,3000,3000,3000,3000,3000,3000,3000,3000
2995.42,2996.05,2995.95,2996.03,2995.92,2995.59,2995.59,2996.06,3011.85
2908.17,2907.96,2908.22,2908.33,2907.92,2906.91,2907.34,2908.03,2906.87
2705.75,2706.12,2705.84,2705.74,2705.52,2706.26,2706.27,2706.06,2706.31
2062.16,2061.15,2061.44,2060.93,2060.16,2062.22,2062.23,2060.96,2059.81
1226.92,1225.45,1227.28,1226.94,1225.46,1227.28,1226.82,1226.83,1224.43
345.866,346.763,347.232,347.084,346.489,345.045,347.031,347.288,344.876
-180.248,-461.023,-462.287,-463.104,-462.608,-460.414,-460.39,-460.364,-460.285
-999.178,-999.178,-999.178,-999.178,-999.176,-999.178,-999.178,-999.178,-722.715
-956.392,-956.393,-956.39,-956.397,-956.395,-956.393,-956.287,-378.193,-956.377
481.719,481.896,473.663,740.511,480.551,481.139,481.47,480.893,480.236
2520.46,2521.35,2520.53,2518.48,2518.41,2519.48,2518.5,2526.07,2523.12
3000,3000,3000,3000,3000,3000,3000,3000,3000
3000,3000,3000,3000,3000,3000,3000,3000,3000
3000,3000,3000,3000,3000,3000,3000,3000,3000
3000,3000,3000,3000,3000,3000,3000,3000,3000
3000,3000,3000,3000,3000,3000,3000,3000,3000
3000,3000,3000,3000,3000,3000,3000,3000,3000
3000,3000,3000,3000,3000,3000,3000,3000,3000
3000,3000,3000,3000,3000,3000,3000,3000,3000
3000,3000,3000,3000,3000,3000,3000,3000,3000
3000,3000,3000,3000,3000,3000,3000,3000,3000
3000,3000,3000,3000,3000,3000,3000,3000,3000
2999.98,3000,3000,3000,3000,3000,3000,3000,3000
2999.99,2999.91,3000,3000,3000,3000,3000,3000,3000
3018.55,3000,3000,3000,3000,3000,3000,3000.01,3000
2999.7,2999.68,3017.93,3000,3000,3000,3000,3000,3000
2981.96,2981.51,2982.16,2982.16,2981.97,2982.1,2982.19,2981.91,2985.24
2747.37,2746.47,2747.16,2746.7,2746.55,2746.6,2747.2,2747.07,2747.09
2367.27,2367.31,2364.74,2366.63,2366.39,2365.57,2367.18,2365.55,2365.84
1690.82,1689.7,1687.91,1690.12,1689.71,1690.42,1689.57,1688.96,1688.52
860.894,859.721,859.433,860.9,858.704,860.312,860.053,860.638,859.403
116.433,116.179,115.941,117.263,116.302,117.019,116.823,117.104,117.288
-374.56,-575.082,-574.593,-574.368,-574.833,-574.685,-575.286,-574.105,-574.934
-999.941,-999.941,-875.231,-999.941,-999.941,-999.941,-999.941,-999.941,-999.941
-541.54,-540.465,-540.684,-540.661,-453.831,-540.46,-540.48,-540.555,-540.716
1859.94,1860.39,1860.39,1860.7,1861.2,1861.46,1861.55,1881.55,1881.55
2495.05,2498.42,2500.18,2499.57,2494.51,2502.23,2496.34,2495.56,2499.03
3000,3000,3000,3000,3000,3000,3000,3000,3000
3000,3000,3000,3000,3000,3000,3000,3000,3000
3000,3000,3000,3000,3000,3000,3000,3000,3000
3000,3000,3000,3000,3000,3000,3000,3000,3000
2982.45,3000,3000,3000,3000,3000,3000,3000,3000
3000,3000,3000,3000,3000,3000,3000,3000,3000
3000,3000,3000,3000,3000,3000,3000,3000,3000
3000,3000,3000,3000,3000,3000,3000,3000,3000
3000,3000,3000,3000,3000,3000,3000,3000,3000
3000.03,3000,3000,3000,3000,3000,3000,3000,3000
3000.4,3000,3000,3000,3000,3000,3000,3000,3000
2999.97,3000.03,3000,3000,3000,3000,3000,3000,3000
2999.9,2999.85,2999.84,2999.95,2999.98,2999.97,2999.79,2999.48,3000.2
2995.71,2996.17,2995.96,2996.22,2996.17,2996.06,2996.05,2995.86,2996.35
2980.44,2980.61,2980.58,2980.7,2980.45,2980.99,2980.82,2980.91,2980.73
2781.05,2780.45,2779.88,2780.83,2781.23,2781.15,2780.58,2780.82,2781.08
2490.2,2489.43,2490.2,2488.63,2490.3,2489.46,2489.28,2489.82,2490.22
2033.15,2033.76,2033.35,2033.29,2033.57,2032.39,2033.44,2033.18,2032.35
1320.53,1320.76,1320.79,1320.06,1319.51,1319.51,1320.62,1320.99,1319.28
553.925,556.347,554.874,556.251,555.252,555.189,555.193,556.489,555.933
-16.2984,-16.5631,-17.751,-16.0905,-17.3001,-17.7451,-17.8372,-16.2306,-16.8504
-211.54,-432.106,-432.363,-430.614,-429.319,-432.07,-430.278,-432.016,-429.536
-999.898,-999.898,-999.898,-999.898,-999.898,-999.898,-999.898,-716.098,-999.898
-974.66,-974.681,-974.682,-974.685,-893.553,-974.664,-974.68,-974.647,-974.666
1474.78,1489.74,1485.63,1488.33,1475.14,1488.75,1476.34,1485.98,1476.77
2941.78,2941.78,2963.31,2971.57,2971.57,2971.57,2971.57,2971.57,2971.57
3000,3000,3000,3000,3000,3000,3000,3000,3000
3000,3000,3000,3000,3000,3000,3000,3000,3000
3000,3000,3000,3000,3000,3000,3000,3000,3000
3000,3000,3000,3000,3000,3000,3000,3000,3000
3000,3000,3000,3000,3000,3000,3000,3000,3000
3000,3000,3000,3000,3000,3000,3000,3000,3000
3000,3000,3000,3000,3000,3000,3000,3000,3000
3000,3000,3000,3000,3000,3000,3000,3000,3000
3000.98,3000,3000,3000,3000,3000,3000,3000,3000
3004.8,3000,3000,3000,3000,3000,3000,3000,3000
3001.75,3000,3000,3000,3000,3000,3000,3000,3000
2999.96,3020.12,3000,3000,3000,3000,3000,3000,3000
2933.07,2933.19,2933,2933.04,2933.15,2933.18,2932.92,2933.89,2933.19
2910.37,2910.23,2910.23,2910.32,2909.85,2910.31,2910.17,2910.5,2909.89
2821.04,2820.56,2820.6,2820.49,2821.1,2820.93,2821.05,2820.83,2821.05
2622.62,2622.39,2622.55,2622.17,2622.98,2622.29,2622.82,2622.65,2622.3
2303.35,2303.04,2303.6,2303.38,2304.08,2303.08,2303.82,2303.35,2303.01
1785.6,1784.12,1784.66,1784.74,1783.91,1784.91,1784.59,1785.31,1785.14
1060.24,1060.43,1061.44,1059.43,1059.71,1058.85,1061.14,1060.51,1060.65
395.906,396.831,397.964,397.827,397.594,397.525,397.751,397.14,397.15
-90.7864,-89.8591,-91.7384,-89.9299,-89.8953,-90.4992,-90.0086,-90.1232,-90.2818
-603.852,-602.766,-602.962,-602.009,-601.994,-338.148,-602.449,-602.066,-602.057
-999.961,-999.961,-999.961,-999.961,-999.961,-830.471,-999.961,-999.961,-999.961
-492.228,-478.408,-492.637,-492.908,-494.629,-494.866,-495.279,-495.265,-494.916
2617.35,2617.45,2644.02,2644.02,2644.02,2644.02,2644.02,2644.02,2644.02
2945.11,2918.65,2928.04,2948.16,2948.16,2948.16,2948.16,2948.16,2948.16
3000,3000,3000,3000,3000,3000,3000,3000,3000
3000,3000,3000,3000,3000,3000,3000,3000,3000
3000,3000,3000,3000,3000,3000,3000,3000,3000
3000,3000,3000,3000,3000,3000,3000,3000,3000
3000,3000,3000,3000,3000,3000,3000,3000,3000
3000,3000,3000,3000,3000,3000,3000,3000,3000
3000,3000,3000,3000,3000,3000,3000,3000,3000
3000,3000,3000,3000,3000,3000,3000,3000,3000
3006.24,3000,3000,3000,3000,3000,3000,3000,3000
3003.57,3000,3000,3000,3000,3000,3000,3000,3000
2999.88,2999.8,2999.81,2999.95,2999.9,2999.87,2999.99,3000,3000
2999.82,2999.71,2999.29,2999.42,2999.71,2999.66,2999.88,2999.7,2999.7
2992.15,3000.19,3000,3000,3000,3000,3000,3000,3000
2991.2,3000.13,3000,3000,3000,3000,3000,3000,3000
3001.4,3000,3000,3000,3000,3000,3000,3000,3000
3001.98,3000,3000,3000,3000,3000,3000,3000,3000
3001.31,3000,3000,3000,3000,3000,3000,3000,3000
2980.96,2980.64,2981.16,2978.35,2978.75,2981.61,2954.27,2954.37,2980.76
2867.34,2869.71,2867.88,2864.41,2866.43,2866.96,2864.39,2867.35,2863.36
1885.01,1881.27,1882.02,1880.11,1884.58,1919.87,1882.49,1879.11,1885.08
970.031,1133.73,968.169,968.338,969.234,966.265,969.262,970.114,968.616
268.766,716.507,261.569,267.114,263.086,268.477,264.45,265.872,265.98
735.868,734.829,907.457,732.629,733.215,735.146,732.931,733.76,734.176
-561.71,-561.694,-561.696,-563.927,-563.774,-564.052,83.4397,-561.714,-561.714
2187.3,2191.96,2187.32,2187.32,2328.56,2186.68,2186.68,2186.68,2180.19
2815.88,2816.25,2817.52,2815.96,2854.57,2844.6,2844.6,2844.6,2844.6
3000.25,3000,3000,3000,3000,3000,3000,3000,3000
3000.29,3000,3000,3000,3000,3000,3000,3000,3000
2989.84,2990.11,3000.04,3000,3000,3000,3000,3000,3000
2989.53,2992.13,2986.31,2993,2993.5,3000.07,3000,3000,3000
2990.85,2990.48,3000.03,3000,3000,3000,3000,3000,3000
2992.95,2992.09,2991.64,2996.24,2999.51,2999.48,2987.03,2996.28,3000.08
2990.82,2988.9,2998.45,2999.5,2999.88,3000.03,3000,3000,3000
2995.37,2991.66,2998.99,2991.7,2991.9,2997.86,3000.03,3000,3000
2995.03,2988.81,2998.25,2996.32,2993.46,3000.96,3000,3000,3000
3001.32,3000,3000,3000,3000,3000,3000,3000,3000
2993.35,2992.32,2991.32,2995.86,3000.01,3000,3000,3000,3000
2997.32,2996.69,3000,3000,3000,3000,3000,3000,3000
3000.28,3000,3000,3000,3000,3000,3000,3000,3000
3000.45,3000,3000,3000,3000,3000,3000,3000,3000
3000.3,3000,3000,3000,3000,3000,3000,3000,3000
3000.59,3000,3000,3000,3000,3000,3000,3000,3000
2992.91,2990.99,2997.8,3000.01,3000,3000,3000,3000,3000
2995.95,2998.39,2997.15,2989.92,2997.67,2991.82,2999.32,2989.73,2997.25
2917.33,2909.73,2917.29,2915.15,2912.46,2916.43,2912.89,2910.71,2916.85
2349.27,2348.34,2349.6,2349.69,2348.74,2348.66,2348.29,2350.85,2350.23
745.708,744.793,745.071,816.984,743.917,744.961,745.131,745.044,744.863
665.01,259.417,262.747,259.137,264.383,259.822,260.596,260.596,264.343
1216.11,1218.09,1219.44,1243.54,1218.62,1217.23,1219.29,1220.15,1217.75
50.0118,0.90697,0.845196,0.86008,0.86008,0.431318,0.13253,0.262192,0.291956
2308.58,2309.67,2329.14,2326.82,2333.41,2333.41,2333.41,2333.41,2333.41
2784.85,2806.01,2784.95,2808.16,2785.05,2793.16,2807.17,2802.27,2813.36
3000,3000,3000,3000,3000,3000,3000,3000,3000
2989.47,3000,3000,3000,3000,3000,3000,3000,3000
3000.01,3000,3000,3000,3000,3000,3000,3000,3000
3000,3000,3000,3000,3000,3000,3000,3000,3000
2988.92,2986.39,2993.11,2993.28,3000.15,3000,3000,3000,3000
2992.07,2999.05,3000.26,3000,3000,3000,3000,3000,3000
2989.17,3000.17,3000,3000,3000,3000,3000,3000,3000
2997,2998.88,3000.9,3000,3000,3000,3000,3000,3000
3001.05,3000,3000,3000,3000,3000,3000,3000,3000
2996.85,3000,3000,3000,3000,3000,3000,3000,3000
3000.34,3000,3000,3000,3000,3000,3000,3000,3000
3000.22,3000,3000,3000,3000,3000,3000,3000,3000
3000.01,3000,3000,3000,3000,3000,3000,3000,3000
3000.01,3000,3000,3000,3000,3000,3000,3000,3000
2998.45,2999.73,3000,3000,3000,3000,3000,3000,3000
2998.46,2999.74,2999.22,2998.15,3000,3000,3000,3000,3000
2949.18,2951.48,2950.43,2947.34,2951.05,2949.92,2950.76,2946.82,2950.46
2999.34,2998,2999.2,2997.89,2999.58,2996.27,2996.8,2998.23,2999.06
2922.73,2922.1,2921.56,2922.04,2921.89,2921.55,2918.48,2922.53,2922.12
2471.81,2474.82,2474.67,2470.88,2474.82,2470.48,2471.5,2472.38,2472.09
921.969,919.832,922.087,922.193,920.572,919.695,921.117,921.737,920.786
-590.786,-592.365,-156.87,-590.923,-590.778,-591.192,-592.496,-591.15,-592.193
92.7632,92.9806,91.8169,102.921,92.4125,91.6886,92.1163,92.5392,92.8442
-361.522,-361.501,-361.137,-361.95,-362.255,-362.169,-362.334,-349.388,-362.653
2430.64,2430.99,2431.27,2436.35,2439.23,2449.24,2456.56,2456.56,2456.56
2866.53,2872,2875.83,2876.01,2882.95,2884.15,2895.65,2895.65,2895.65
2994.08,3000,3000,3000,3000,3000,3000,3000,3000
2994.19,2985.82,3000,3000,3000,3000,3000,3000,3000
3000,3000,3000,3000,3000,3000,3000,3000,3000
2987.12,3000,3000,3000,3000,3000,3000,3000,3000
2990.95,3000,3000,3000,3000,3000,3000,3000,3000
3000.22,3000,3000,3000,3000,3000,3000,3000,3000
2999.79,2998.36,3000,3000,3000,3000,3000,3000,3000
2998.47,3000.05,3000,3000,3000,3000,3000,3000,3000
2993.12,2999.76,2999.93,2998.25,3000,3000,3000,3000,3000
2999.47,2999.83,2999.68,2999.77,3000,3000,3000,3000,3000
2998.45,2999.83,2999.67,2999.77,2999.79,2999.75,3000,3000,3000
2996.77,2999.51,2999.97,2999.77,3000,3000,3000,3000,3000
2999.75,3000,3000,3000,3000,3000,3000,3000,3000
2999.79,2999.87,2999.36,2987.32,2999.73,3000,3000,3000,3000
2989.35,2989.27,2989.35,2989.17,2988.85,2984.33,2989.41,2988.95,2989.39
2977.56,2978.46,2977.47,2977.76,2977.97,2977.39,2977.68,2976.18,2977.58
2999.87,2999.2,2999.36,2999.85,2999.38,2998.7,2999.97,2999.48,3000
2911.25,2911.17,2911.3,2910.21,2910.9,2908.5,2910.8,2909.85,2909.99
2783.21,2784.95,2782.07,2784.92,2783.82,2784.84,2785.04,2783.31,2783.66
2002.05,2001.81,2003.95,2002.43,2000.97,2003.5,2002.79,1998.73,2003.39
730.331,729.24,731.016,731.332,729.655,729.497,732.644,731.197,730.156
-861.864,-862.844,-862.844,-862.763,127.795,-861.811,-861.811,-861.811,-861.811
-368.754,-368.717,-369.123,-368.481,-368.428,-369.389,-368.718,-281.859,-368.718
19.9392,20.0613,20.0123,20.0153,20.0141,20.0199,20.0694,20.0012,20.0361
2379.03,2397.41,2397.56,2397.57,2397.58,2397.6,2397.61,2397.64,2397.69
2795.09,2795.09,2812.79,2812.83,2812.95,2815.09,2815.78,2815.84,2808.07
3000,3000,3000,3000,3000,3000,3000,3000,3000
3000,3000,3000,3000,3000,3000,3000,3000,3000
3000,3000,3000,3000,3000,3000,3000,3000,3000
3000,3000,3000,3000,3000,3000,3000,3000,3000
3000,3000,3000,3000,3000,3000,3000,3000,3000
3000,3000,3000,3000,3000,3000,3000,3000,3000
3000,3000,3000,3000,3000,3000,3000,3000,3000
3000.02,3032.72,3000.02,3000.06,3000.03,3000,3000.06,3000.06,3000
3000.05,3000,3000,3000,3000,3000,3000,3000,3000
2995.74,2995.89,2995.88,2995.8,2995.88,2995.89,2995.92,2995.83,2995.88
3000.08,3000,3000,3000,3000,3000,3000,3000,3000
3000.02,3000,3000,3000,3000,3000,3000,3000,3000
2999.97,3000,3000,3000,3000,3000,3000,3000,3000
3000,3000,3000,3000,3000,3000,3000,3000,3000
2989.03,2989.67,2989.56,2989.21,2989.74,2989.8,2989.68,2989.57,2989.81
3000,3000,3000,3000,3000,3000,3000,3000,3000
2999.61,2998.04,2999.13,3000,3000,3000,3000,3000,3000
2853.47,2850.98,2853.87,2851.84,2852.75,2853.91,2854.42,2853.74,2852.99
2545.46,2546.1,2545.17,2545.91,2546.37,2545.43,2545.74,2544.86,2546.23
1589.77,1589.95,1589.9,1589.69,1588.19,1588.05,1587.97,1588.31,1589.66
593.4,595.19,594.223,594.467,592.621,592.166,594.53,595.054,594.599
-742.739,-741.018,-741.072,-742.669,-742.425,-742.226,-741.865,-165.567,-740.802
-898.514,-898.528,-898.512,-898.53,-898.512,-456.696,-898.527,-898.511,-898.511
-962.721,-962.761,-962.758,-962.76,-962.711,-962.718,-962.713,-962.712,-665.351
1347.68,1344.35,1345.45,1344.26,1347.82,1347.33,1347.07,1346.09,1344.44
2821.45,2850.23,2850.23,2850.23,2850.23,2850.23,2850.23,2850.23,2850.23
3000,3000,3000,3000,3000,3000,3000,3000,3000
3000,3000,3000,3000,3000,3000,3000,3000,3000
3000,3000,3000,3000,3000,3000,3000,3000,3000
3000,3000,3000,3000,3000,3000,3000,3000,3000
3000,3000,3000,3000,3000,3000,3000,3000,3000
3000,3000,3000,3000,3000,3000,3000,3000,3000
3000,3000,3000,3000,3000,3000,3000,3000,3000
3000.18,3000,3000,3000,3000,3000,3000,3000,3000
2999.98,3000,3000,3000,3000,3000,3000,3000,3000
3000,3000,3000,3000,3000,3000,3000,3000,3000
3000,3000,3000,3000,3000,3000,3000,3000,3000
3000,3000,3000,3000,3000,3000,3000,3000,3000
3000,3000,3000,3000,3000,3000,3000,3000,3000
3000,3000,3000,3000,3000,3000,3000,3000,3000
3000,3000,3000,3000,3000,3000,3000,3000,3000
2999.48,2999.74,3000,3000,3000,3000,3000,3000,3000
2968.05,2968.03,2968.12,2967.26,2968.01,2972.34,2968.21,2968.29,2967.73
2787.27,2787.35,2785.34,2787.66,2786.34,2785.27,2787.29,2786.23,2784.97
2064.16,2062.86,2062.76,2064.68,2064.43,2062.43,2064.19,2062.89,2065.12
1182.6,1183.36,1182.47,1183.22,1183.48,1181.91,1185,1182.89,1182.24
266.834,267.816,267.23,268.316,267.351,267.268,266.225,268.134,265.579
-249.467,-249.847,-249.115,-248.703,-249.757,-173.899,-248.674,-248.487,-248.64
-995.039,-769.742,-995.039,-995.04,-995.039,-995.041,-995.041,-995.044,-995.041
-749.165,-872.639,-872.701,-872.711,-872.8,-872.864,-872.867,-872.911,-872.843
980.197,981.774,973.204,974.069,973.772,981.859,978.67,979.45,1036.01
2641.79,2641.21,2647.17,2641.21,2641.3,2648.04,2648.19,2641.39,2641.39
3000,3000,3000,3000,3000,3000,3000,3000,3000
3000,3000,3000,3000,3000,3000,3000,3000,3000
3000,3000,3000,3000,3000,3000,3000,3000,3000
3000,3000,3000,3000,3000,3000,3000,3000,3000
3000,3000,3000,3000,3000,3000,3000,3000,3000
3000,3000,3000,3000,3000,3000,3000,3000,3000
3000,3000,3000,3000,3000,3000,3000,3000,3000
3000.05,3000,3000,3000,3000,3000,3000,3000,3000
3000,3000,3000,3000,3000,3000,3000,3000,3000
3000,3000,3000,3000,3000,3000,3000,3000,3000
3000,3000,3000,3000,3000,3000,3000,3000,3000
3000,3000,3000,3000,3000,3000,3000,3000,3000
3000.01,3000,3000,3000,3000,3000,3000,3000,3000
3000.09,3000,3000,3000,3000,3000,3000,3000,3000
2999.7,2999.96,3018.38,3000,3000,3000,3000,3000,3000
2998.96,2999.41,2999.28,2999.5,2999.54,2999.45,2999.6,2999.57,3012.84
2872.03,2872.07,2871.32,2871.61,2870.19,2872.85,2872.54,2873.45,2872.59
2371.55,2372.13,2370.72,2372.28,2371.01,2372.74,2370.16,2372.17,2372.14
1685.04,1684.47,1683.48,1683.82,1682.97,1682.76,1683.71,1683.86,1684.73
808.51,807.616,809.013,808.517,808.964,809.429,808.287,808.426,807.058
76.6478,78.5726,78.5051,78.095,78.0415,76.2615,76.7078,78.5079,78.1301
-251.138,-252.298,-251.264,-253.193,-252.911,-250.908,-252.792,-131.202,-253.517
-998.744,-998.744,-998.744,-998.744,-998.698,-998.744,-998.744,-998.744,-714.538
-853.822,-853.827,-854.035,-853.976,-641.381,-853.868,-853.816,-853.876,-853.865
1482.97,1482.46,1486.16,1482.44,1485.87,1483.55,1482.81,1485.57,1482.54
2818.72,2818.72,2818.82,2833.02,2839.56,2847.58,2847.58,2847.58,2847.58
3000,3000,3000,3000,3000,3000,3000,3000,3000
3000,3000,3000,3000,3000,3000,3000,3000,3000
3000,3000,3000,3000,3000,3000,3000,3000,3000
3000,3000,3000,3000,3000,3000,3000,3000,3000
3000,3000,3000,3000,3000,3000,3000,3000,3000
3000,3000,3000,3000,3000,3000,3000,3000,3000
3000,3000,3000,3000,3000,3000,3000,3000,3000
3000,3000,3000,3000,3000,3000,3000,3000,3000
3000,3000,3000,3000,3000,3000,3000,3000,3000
3000,3000,3000,3000,3000,3000,3000,3000,3000
3000,3000,3000,3000,3000,3000,3000,3000,3000
3000,3000,3000,3000,3000,3000,3000,3000,3000
3022.23,3000.03,3000,3000,3000,3000,3000,3000,3000
3005.45,3000,3000,3000,3000,3000,3000,3000,3000
2996.41,2996.7,2996.88,2996.97,2996.76,2996.95,2997,2996.93,2997.09
2823.56,2822.88,2823.57,2831.41,2823,2822.45,2823.05,2823.21,2823.52
2511.52,2511.19,2511.37,2509.52,2510.73,2511.59,2510.32,2510.55,2511.19
2035,2033.95,2033.84,2035.26,2034.02,2035.43,2034.46,2034.87,2034.12
1307.59,1307.49,1307.94,1306.65,1307.1,1308.15,1307.56,1306.26,1307.84
528.495,528.161,527.276,528.088,527.317,528.653,528.857,528.535,527.601
-37.2769,-37.647,-37.9022,-37.7017,-37.422,-38.9114,-37.4838,-38.8388,-37.654
-245.503,-547.176,-547.119,-547.607,-546.908,-548.623,-547.849,-548.307,-548.233
-816.166,-1000,-1000,-1000,-1000,-1000,-1000,-1000,-1000
-874.756,-816.367,-870.189,-874.822,-874.883,-875.087,-875.3,-875.568,-875.555
2556.27,2556.73,2556.73,2556.73,2575.63,2583.05,2583.05,2583.05,2583.05
2853.75,2871.58,2874.52,2874.54,2874.55,2883.02,2882.87,2882.87,2882.87
3000,3000,3000,3000,3000,3000,3000,3000,3000
3000,3000,3000,3000,3000,3000,3000,3000,3000
3000,3000,3000,3000,3000,3000,3000,3000,3000
3000,3000,3000,3000,3000,3000,3000,3000,3000
3000.02,3000,3000,3000,3000,3000,3000,3000,3000
3000,3000,3000,3000,3000,3000,3000,3000,3000
3000,3000,3000,3000,3000,3000,3000,3000,3000
3000,3000,3000,3000,3000,3000,3000,3000,3000
3000,3000,3000,3000,3000,3000,3000,3000,3000
3000.07,3000,3000,3000,3000,3000,3000,3000,3000
3000.69,3000,3000,3000,3000,3000,3000,3000,3000
3001.65,3000,3000,3000,3000,3000,3000,3000,3000
2998.17,2998.34,2998.3,2998.02,2998.28,2998.4,2998.41,2998.48,2998.43
2903.85,2903.41,2904.15,2904.08,2904.07,2904.04,2904.05,2904.04,2903.7
2845.55,2845.78,2845.67,2846.16,2845.73,2846.22,2846.16,2846.15,2846.19
2655,2654.27,2655,2654.91,2655,2654.53,2655.05,2654.76,2654.93
2341.37,2340.8,2341.72,2340.97,2341.18,2341.72,2341.23,2341.63,2341.8
1774.29,1774.11,1773.92,1773.69,1772.74,1773.1,1774.51,1774.43,1773.33
1071.78,1070.38,1072.22,1073.67,1072.84,1072.8,1070.2,1071.34,1071.23
353.12,352.269,351.956,352.452,351.811,352.663,352.38,353.262,351.905
-70.9316,-69.9187,-69.9954,-70.581,-69.681,-70.6219,-70.0029,-69.3222,-69.5873
-670.465,-670.416,-670.332,-670.155,-330.844,-670.789,-670.816,-671.368,-671.486
-999.947,-999.947,-999.947,-862.759,-999.947,-999.947,-999.947,-999.947,-999.947
1111.03,1111.16,1111.42,1111.37,1108.2,1111.51,1102.7,1099.54,1111.49
2912.04,2912.05,2920.4,2920.4,2920.4,2920.4,2920.4,2920.4,2920.4
2960,2960,2960,2960,2960,2960,2960,2960,2960
3000,3000,3000,3000,3000,3000,3000,3000,3000
3000,3000,3000,3000,3000,3000,3000,3000,3000
3000,3000,3000,3000,3000,3000,3000,3000,3000
3000,3000,3000,3000,3000,3000,3000,3000,3000
3000,3000,3000,3000,3000,3000,3000,3000,3000
3000,3000,3000,3000,3000,3000,3000,3000,3000
3000,3000,3000,3000,3000,3000,3000,3000,3000
3000,3000,3000,3000,3000,3000,3000,3000,3000
3000.2,3000,3000,3000,3000,3000,3000,3000,3000
3002.24,3000,3000,3000,3000,3000,3000,3000,3000
3000.94,3000,3000,3000,3000,3000,3000,3000,3000
2999.94,3002.72,3000,3000,3000,3000,3000,3000,3000
3000.05,3000,3000,3000,3000,3000,3000,3000,3000
3000.2,3000,3000,3000,3000,3000,3000,3000,3000
3000.5,3000,3000,3000,3000,3000,3000,3000,3000
3000.98,3000,3000,3000,3000,3000,3000,3000,3000
3002.12,3000,3000,3000,3000,3000,3000,3000,3000
3001.34,3000,3000,3000,3000,3000,3000,3000,3000
2831.12,2831.87,2818.49,2830.47,2832.41,2829.54,2831.18,2823.58,2832.84
2037.02,2032.45,2034.6,2032.54,2031.17,2032.11,2032.48,2032.25,2034.5
559.458,564.747,566.909,561.933,567.804,565.076,567.58,759.048,567.529
968.902,964.01,966.277,974.441,967.156,965.662,963.83,1203.9,970.579
1172.22,1085.91,1088.71,1091.08,1088.13,1090.07,1090.07,1090.97,1089.94
-423.748,-423.988,-423.988,-423.988,-423.925,-307.618,-427.132,-424.097,-426.801
2798.76,2761.94,2761.94,2761.94,2761.94,2761.94,2761.94,2761.94,2761.94
3000.24,3000,3000,3000,3000,3000,3000,3000,3000
3000.18,3000,3000,3000,3000,3000,3000,3000,3000
3000.06,3000,3000,3000,3000,3000,3000,3000,3000
3000.01,3000,3000,3000,3000,3000,3000,3000,3000
3000.09,3000,3000,3000,3000,3000,3000,3000,3000
2997.36,3000,3000,3000,3000,3000,3000,3000,3000
2991.8,3000.02,3000,3000,3000,3000,3000,3000,3000
3000.26,3000,3000,3000,3000,3000,3000,3000,3000
3000.35,3000,3000,3000,3000,3000,3000,3000,3000
3001.1,3000,3000,3000,3000,3000,3000,3000,3000
3000.5,3000,3000,3000,3000,3000,3000,3000,3000
3000.6,3000,3000,3000,3000,3000,3000,3000,3000
3000.11,3000,3000,3000,3000,3000,3000,3000,3000
3000,3000,3000,3000,3000,3000,3000,3000,3000
3000,3000,3000,3000,3000,3000,3000,3000,3000
2996.91,3000,3000,3000,3000,3000,3000,3000,3000
3000,3000,3000,3000,3000,3000,3000,3000,3000
3000.7,3000,3000,3000,3000,3000,3000,3000,3000
3000.83,3000,3000,3000,3000,3000,3000,3000,3000
2947.59,2954.47,2949.54,2954.83,2955.14,2955.05,2952.39,2952.33,2952.13
2214.18,2213.75,2212.43,2208.31,2208.79,2208.57,2213.93,2209.6,2211.22
-98.2715,-98.4672,-100.746,-99.7803,529.013,-99.6684,-98.4383,-101.542,-100.242
-340.041,-338.181,-336.872,-339.51,-338.477,-341.328,-338.328,426.421,-338.807
36.3432,36.5325,36.3439,36.3542,35.8616,36.1552,525.023,36.4597,35.869
243.446,242.755,243.448,244.653,242.775,256.166,244.515,243.853,244.176
2891.1,2922.97,2920.4,2920.4,2920.4,2920.4,2920.4,2920.4,2920.4
2984.26,2984.26,2984.26,2984.26,2984.26,2984.26,2984.26,2984.26,2984.26
3000,3000,3000,3000,3000,3000,3000,3000,3000
3000,3000,3000,3000,3000,3000,3000,3000,3000
3000,3000,3000,3000,3000,3000,3000,3000,3000
3000,3000,3000,3000,3000,3000,3000,3000,3000
3000,3000,3000,3000,3000,3000,3000,3000,3000
2999.67,3000.04,3000,3000,3000,3000,3000,3000,3000
3000.02,3000,3000,3000,3000,3000,3000,3000,3000
3000,3000,3000,3000,3000,3000,3000,3000,3000
3000,3000,3000,3000,3000,3000,3000,3000,3000
2995.85,3000,3000,3000,3000,3000,3000,3000,3000
3000,3000,3000,3000,3000,3000,3000,3000,3000
3000,3000,3000,3000,3000,3000,3000,3000,3000
3000.01,3000,3000,3000,3000,3000,3000,3000,3000
3000,3000,3000,3000,3000,3000,3000,3000,3000
3000,3000,3000,3000,3000,3000,3000,3000,3000
3000,3000,3000,3000,3000,3000,3000,3000,3000
2956.11,2951.08,2956.16,2951.21,2955.3,2954.36,2951.22,2955.3,2958.08
2998.2,3000,3000,3000,3000,3000,3000,3000,3000
2987.67,2987.83,2986.1,2982.21,2988.08,2989.07,2987.61,2988.33,2989.15
2464.72,2460.51,2462.83,2463.3,2462.96,2463.98,2462.79,2460.06,2463.96
731.786,726.545,726.443,726.77,725.638,724.757,726.562,725.677,725.269
-482.774,-482.058,-482.003,-482.245,-482.283,-472.816,277.949,-482.666,-482.894
1149.21,1148.26,1147.27,1148.21,1147.02,1147.63,1146.79,1147.31,1147.38
335.298,335.657,335.96,336.843,337.062,337.467,337.467,334.596,333.223
2988.5,2988.5,2988.5,2988.5,2988.5,2988.5,2988.5,2988.5,2988.5
2988.68,2988.68,2988.68,2988.68,2988.68,2988.68,2988.68,2988.68,2988.68
3000,3000,3000,3000,3000,3000,3000,3000,3000
3000,3000,3000,3000,3000,3000,3000,3000,3000
3000,3000,3000,3000,3000,3000,3000,3000,3000
3000,3000,3000,3000,3000,3000,3000,3000,3000
3000,3000,3000,3000,3000,3000,3000,3000,3000
3000,3000,3000,3000,3000,3000,3000,3000,3000
3000,3000,3000,3000,3000,3000,3000,3000,3000
3000,3000,3000,3000,3000,3000,3000,3000,3000
2999.62,3000,3000,3000,3000,3000,3000,3000,3000
3000,3000,3000,3000,3000,3000,3000,3000,3000
3000,3000,3000,3000,3000,3000,3000,3000,3000
3000,3000,3000,3000,3000,3000,3000,3000,3000
3000,3000,3000,3000,3000,3000,3000,3000,3000
3000,3000,3000,3000,3000,3000,3000,3000,3000
3000,3000,3000,3000,3000,3000,3000,3000,3000
3000,3000,3000,3000,3000,3000,3000,3000,3000
2972.25,2970.54,2972.56,2972.2,2973.12,2973.12,2974,2973.11,2973.05
2999.73,2999.57,2998.39,2999.94,2999.59,2998.75,2999.92,2999.58,2998.75
2813.25,2812.27,2813.56,2813.03,2812.62,2810.5,2811.98,2812.25,2810.12
1951.56,1951.67,1951.33,1949.53,1952.41,1951.59,1951.24,1950.9,1949.86
723.806,726.134,724.196,727.438,724.861,724.805,725.878,724.842,725.957
-815.024,-815.024,-813.733,-814.999,5.96322,-813.627,-813.627,-813.627,-813.627
-485.323,-684.484,-684.493,-684.444,-684.466,-684.481,-684.448,-684.433,-684.487
15.0955,15.0052,15.0893,14.9549,15.0004,15.0833,15.0943,15.1026,15.0502
2844.21,2844.21,2844.21,2844.21,2844.21,2844.21,2844.21,2844.21,2844.21
3000,3000,3000,3000,3000,3000,3000,3000,3000
3000,3000,3000,3000,3000,3000,3000,3000,3000
3000,3000,3000,3000,3000,3000,3000,3000,3000
3000,3000,3000,3000,3000,3000,3000,3000,3000
3000,3000,3000,3000,3000,3000,3000,3000,3000
3000,3000,3000,3000,3000,3000,3000,3000,3000
3000,3000,3000,3000,3000,3000,3000,3000,3000
3000,3000,3000,3000,3000,3000,3000,3000,3000
3000.03,3000,3000,3000,3000,3000,3000,3000,3000
3000.06,3000,3000,3000,3000,3000,3000,3000,3000
3000,3000,3000,3000,3000,3000,3000,3000,3000
3000,3000,3000,3000,3000,3000,3000,3000,3000
3000.02,3000,3000,3000,3000,3000,3000,3000,3000
3037.5,3000.02,3000.04,3000,3000,3000.04,3000.02,3000.04,3000.01
3000,3000,3000,3000,3000,3000,3000,3000,3000
3000,3000,3000,3000,3000,3000,3000,3000,3000
2988.97,2989.02,2988.78,2988.88,2989.28,2989.14,2989.47,2989.22,2989.13
3000,3000,3000,3000,3000,3000,3000,3000,3000
2898.41,2904.32,2902.86,2903.73,2901.45,2904.9,2904.03,2902.46,2902.92
2604.42,2604.72,2603.37,2604.8,2605.19,2601.94,2604.98,2601.98,2602.1
1354.74,1355.61,1355.24,1385.65,1353.87,1355.51,1354.43,1353.47,1355.06
537.762,538.248,538.61,537.428,537.384,538.21,536.682,538.77,538.767
-998.922,-998.914,-998.922,-998.61,-122.148,-998.914,-998.914,-998.914,-998.909
-999.859,-999.859,-999.859,-999.859,-707.568,-999.859,-999.859,-999.859,-999.859
-883.058,-882.998,-882.995,-883.001,-883.046,-883.075,-883.075,-746.714,-882.992
2240.54,2240.54,2240.54,2241.5,2241.59,2256.21,2265.03,2265.03,2265.03
3000,3000,3000,3000,3000,3000,3000,3000,3000
3000,3000,3000,3000,3000,3000,3000,3000,3000
3000,3000,3000,3000,3000,3000,3000,3000,3000
3000,3000,3000,3000,3000,3000,3000,3000,3000
3000,3000,3000,3000,3000,3000,3000,3000,3000
3000,3000,3000,3000,3000,3000,3000,3000,3000
3000,3000,3000,3000,3000,3000,3000,3000,3000
3000,3000,3000,3000,3000,3000,3000,3000,3000
3000.37,3000,3000,3000,3000,3000,3000,3000,3000
3000,3000,3000,3000,3000,3000,3000,3000,3000
3000,3000,3000,3000,3000,3000,3000,3000,3000
3000,3000,3000,3000,3000,3000,3000,3000,3000
3000,3000,3000,3000,3000,3000,3000,3000,3000
3000,3000,3000,3000,3000,3000,3000,3000,3000
3000,3000,3000,3000,3000,3000,3000,3000,3000
3000,3000,3000,3000,3000,3000,3000,3000,3000
3000,3000,3000,3000,3000,3000,3000,3000,3000
2964.28,2965.8,2964.89,2965.32,2963.99,2964.72,2965.13,2963.6,2964.74
2861.85,2861.22,2861.05,2862.21,2861.44,2860.85,2862.56,2861.35,2860.41
2073.33,2074.36,2073.09,2073.92,2073.29,2072.81,2073.16,2073.02,2073.52
1145.51,1144.7,1142.76,1145.02,1146,1145.13,1145.62,1146,1145.76
308.008,306.495,307.88,309.022,308.009,307.831,307.924,307.43,308.082
-374.499,-375.398,-374.827,-376.587,-375.289,-376.817,-375.016,-239.596,-373.804
-996.595,-789.986,-996.595,-996.595,-996.595,-996.596,-996.594,-996.595,-996.595
135.978,137.454,136.161,136.089,132.311,132.213,131.827,132.143,131.695
1260.36,1263.64,1265.42,1264.76,1265.01,1268.45,1268.71,1265.22,1265.23
2920.4,2920.4,2920.4,2920.4,2920.4,2920.4,2920.4,2920.4,2920.4
3000,3000,3000,3000,3000,3000,3000,3000,3000
3000,3000,3000,3000,3000,3000,3000,3000,3000
3000,3000,3000,3000,3000,3000,3000,3000,3000
3000,3000,3000,3000,3000,3000,3000,3000,3000
3000,3000,3000,3000,3000,3000,3000,3000,3000
3000,3000,3000,3000,3000,3000,3000,3000,3000
3000,3000,3000,3000,3000,3000,3000,3000,3000
3000.07,3000,3000,3000,3000,3000,3000,3000,3000
3000,3000,3000,3000,3000,3000,3000,3000,3000
3000,3000,3000,3000,3000,3000,3000,3000,3000
3000,3000,3000,3000,3000,3000,3000,3000,3000
3000,3000,3000,3000,3000,3000,3000,3000,3000
3000,3000,3000,3000,3000,3000,3000,3000,3000
3000,3000,3000,3000,3000,3000,3000,3000,3000
3000,3000,3000,3000,3000,3000,3000,3000,3000
3000.03,3000,3000,3000,3000,3000,3000,3000,3000
2954.72,2956.55,2956.51,2954.56,2955.85,2956.37,2956.97,2955.91,2956.3
2392.09,2392.84,2390.81,2392.01,2392.5,2390.59,2391.99,2392.6,2390.65
1708.5,1709.53,1709.17,1709.36,1707.47,1708.43,1709.58,1707.78,1709.44
808.993,810.694,808.505,808.108,810.515,808.228,810.668,809.64,810.469
48.4507,48.6857,48.4863,48.1843,48.7471,48.6921,47.8784,48.1867,48.5334
-318.997,-319.733,-319.274,-204.703,-318.606,-319.216,-320.211,-318.649,-318.807
-999.672,-999.672,-767.655,-999.672,-999.672,-999.672,-999.672,-999.672,-999.672
1746.85,1747.16,1748.06,1748.06,1748.06,1748.33,1761.81,1761.91,1762.19
2160.43,2160.43,2159.74,2161.74,2156.46,2156.75,2161.57,2160.86,2160.9
2988.94,2988.94,2988.94,2988.94,2988.94,2988.94,2988.94,2988.94,2988.94
3000,3000,3000,3000,3000,3000,3000,3000,3000
3000,3000,3000,3000,3000,3000,3000,3000,3000
3000,3000,3000,3000,3000,3000,3000,3000,3000
3000,3000,3000,3000,3000,3000,3000,3000,3000
3000,3000,3000,3000,3000,3000,3000,3000,3000
3000,3000,3000,3000,3000,3000,3000,3000,3000
3000,3000,3000,3000,3000,3000,3000,3000,3000
3000,3000,3000,3000,3000,3000,3000,3000,3000
3000,3000,3000,3000,3000,3000,3000,3000,3000
3000,3000,3000,3000,3000,3000,3000,3000,3000
3000,3000,3000,3000,3000,3000,3000,3000,3000
3000,3000,3000,3000,3000,3000,3000,3000,3000
3000.01,3000,3000,3000,3000,3000,3000,3000,3000
3000.04,3000,3000,3000,3000,3000,3000,3000,3000
3015.53,3000,3000,3000,3000,3000,3000,3000.01,3000
2859.68,2859.05,2859.25,2860.07,2859.1,2859.7,2858.95,2859.75,2859.03
2537.52,2537.32,2536.13,2537.39,2536.55,2536.05,2536.93,2537.09,2537.5
2084.47,2085.09,2082.32,2085,2083.34,2084.6,2084.14,2083.06,2083.22
1337.38,1337.29,1336.45,1337.82,1335.79,1337.44,1336.3,1337.17,1336.52
521.923,520.856,521.254,521.927,520.868,522.239,521.51,521.404,522.355
-99.4569,-99.6489,-99.6378,-100.317,-100.101,-101.109,-99.833,-99.074,-99.8631
-433.617,-433.958,-434.229,-433.65,-268.812,-432.4,-433.128,-433.969,-434.355
-1000,-1000,-1000,-1000,-1000,-1000,-1000,-872.09,-1000
64.8812,64.9903,64.7686,64.8342,64.1449,64.4406,64.3367,63.7806,63.5574
2755.09,2755.09,2755.09,2755.09,2755.09,2755.09,2755.09,2755.09,2755.09
3000,3000,3000,3000,3000,3000,3000,3000,3000
3000,3000,3000,3000,3000,3000,3000,3000,3000
3000,3000,3000,3000,3000,3000,3000,3000,3000
3000,3000,3000,3000,3000,3000,3000,3000,3000
3000,3000,3000,3000,3000,3000,3000,3000,3000
3000,3000,3000,3000,3000,3000,3000,3000,3000
3000,3000,3000,3000,3000,3000,3000,3000,3000
3000,3000,3000,3000,3000,3000,3000,3000,3000
3000,3000,3000,3000,3000,3000,3000,3000,3000
3000,3000,3000,3000,3000,3000,3000,3000,3000
3000,3000,3000,3000,3000,3000,3000,3000,3000
3000,3000,3000,3000,3000,3000,3000,3000,3000
3000,3000,3000,3000,3000,3000,3000,3000,3000
3000.68,3000,3000,3000,3000,3000,3000,3000,3000
2999.39,2999.14,2999.14,2999.18,2999.15,2999.32,2999.17,2998.87,2999.34
2888.11,2888.36,2888.47,2888.26,2888.34,2888.47,2888.22,2888.46,2888.05
2717.77,2718.14,2717.42,2718.02,2717.32,2717.34,2718.12,2718.11,2717.8
2373.83,2373.79,2373.52,2373.31,2373.09,2373.28,2373.82,2373.67,2373.76
1845.84,1845.65,1845.74,1844.66,1844.9,1845.82,1845.4,1845.25,1844.13
1114.72,1114.89,1114.59,1115.01,1114.23,1115.47,1114.83,1115.47,1116.16
369.235,369.236,369.287,368.728,368.793,369.255,369.001,368.426,368.629
-177.355,-201.184,-203.65,-201.497,-205.045,-201.755,-200.517,-201.54,-200.314
-782.769,-783.268,-782.483,-783.585,-782.485,-784.03,-782.482,-395.414,-783.018
-999.996,-999.996,-999.996,-999.996,-999.996,-999.996,-999.996,-876.556,-999.996
1503.24,1503.53,1504.84,1521.27,1521.27,1521.27,1521.27,1521.27,1521.27
3000,3000,3000,3000,3000,3000,3000,3000,3000
3000,3000,3000,3000,3000,3000,3000,3000,3000
3000,3000,3000,3000,3000,3000,3000,3000,3000
3000,3000,3000,3000,3000,3000,3000,3000,3000
3000,3000,3000,3000,3000,3000,3000,3000,3000
3000.02,3000,3000,3000,3000,3000,3000,3000,3000
3000,3000,3000,3000,3000,3000,3000,3000,3000
3000,3000,3000,3000,3000,3000,3000,3000,3000
3000,3000,3000,3000,3000,3000,3000,3000,3000
3000,3000,3000,3000,3000,3000,3000,3000,3000
3000,3000,3000,3000,3000,3000,3000,3000,3000
3000,3000,3000,3000,3000,3000,3000,3000,3000
3000.13,3000,3000,3000,3000,3000,3000,3000,3000
3000.18,3000,3000,3000,3000,3000,3000,3000,3000
