70.1515
101.261
85.2827
59.8872
76.3491
65.4181
90.0993
54.7262
120.545
-232.888
48.678
72.4444
68.0603
-212.015
170.617
74.7074
165.506
127.166
178.741
66.0474
91.9243
76.3693
57.7439
76.0435
43.6263
91.4542
102.819
112.58
107.846
86.4929
186.341
168.833
151.256
102.518
101.514
116.206
68.5932
102.868
85.4784
66.2339
63.8809
33.1859
64.4834
62.0389
50.0467
87.3237
77.7368
77.1655
128.985
91.8668
91.1969
103.876
52.3781
49.3213
68.6612
57.2645
55.9378
20.1342
66.8019
75.5459
87.0889
85.6653
87.8177
83.2971
73.4116
75.2381
85.7
127.324
64.8391
55.3068
62.902
46.9864
37.4627
43.8901
64.7359
58.0748
59.3715
34.2221
39.3697
34.6956
47.4561
45.427
47.5225
135.125
58.0241
-279.755
45.7398
26.8552
30.6781
51.4376
40.4173
75.4655
59.222
64.7368
64.3408
73.9215
47.5472
59.3389
60.4565
88.0234
70.6151
57.9158
48.5202
82.4852
78.3746
112.744
103.109
98.954
106.361
123.111
127.221
111.518
132.701
134.604
125.905
111.428
107.209
73.9409
68.6812
62.181
81.0201
97.1727
86.1415
55.9163
65.7145
65.6757
56.3304
84.714
74.5755
52.7572
11.5273
68.1106
46.5491
88.8402
60.4164
50.2902
59.3475
64.375
58.9183
38.308
78.1779
84.5165
67.3408
60.7975
78.7262
72.9713
122.863
44.0331
64.7979
78.999
106.759
88.1384
86.7738
113.057
79.9573
57.1055
53.3131
62.0161
60.517
43.2839
78.3358
66.1761
35.6285
64.2394
77.857
69.0111
109.184
38.7243
92.6718
114.163
112.143
130.072
147.675
90.9793
165.926
127.445
93.5213
105.241
87.5489
143.081
77.0693
128.819
120.821
137.667
101.14
166.611
138.651
125.249
132.498
205.9
155.805
193.314
186.881
194.602
139.491
153.685
182.468
161.151
163.014
169.172
180.064
152.919
207.124
214.399
175.326
174.087
202.324
224.876
205.492
250.877
221.226
224.468
210.163
217.607
209.144
238.055
227.836
260.056
239.907
263.678
274.582
265.49
272.499
254.551
260.963
244.723
272.576
279.696
278.639
277.667
276.602
272.164
270.964
271.354
280.556
267.438
282.83
282.735
273.485
282.65
283.41
283.488
282.918
275.487
281.625
280.522
283.429
282.422
283.023
281.137
284.891
284.08
281.735
284.546
283.101
284.18
284.572
275.651
284.537
284.482
285.157
282.627
284.23
285.375
284.638
285.761
281.388
285.451
285.318
283.276
284.74
284.063
285.922
285.718
284.906
285.869
285.785
284.281
285.091
285.433
285.448
276.3
285.509
285.84
285.557
285.79
285.791
285.099
285.228
284.556
285.331
285.782
281.951
285.289
284.714
286.144
284.509
285.326
285.062
285.409
285.343
284.815
285.292
285.332
285.114
284.859
283.044
284.958
285.212
285.27
285.343
284.859
285.495
285.686
285.94
285.498
285.95
285.258
285.39
285.611
285.022
285.747
285.586
285.917
285.298
285.617
285.743
286.209
284.205
285.612
285.225
285.482
285.975
285.617
286.118
286.476
285.824
285.773
285.15
282.868
285.248
284.69
285.785
285.881
286.603
285.371
285.32
285.915
285.308
285.605
285.099
285.799
285.283
285.605
285.648
286.318
286.366
285.702
285.468
286.676
285.627
285.707
285.611
286.504
286.333
286.454
285.827
286.508
286.191
286.23
285.402
286.613
286.407
286.578
286.66
286.795
286.503
286.158
286.731
286.91
286.703
286.726
287.299
287.096
286.675
286.697
286.773
286.608
286.989
286.865
286.701
286.204
286.559
286.59
285.64
287.572
286.809
287.097
287.067
286.773
286.538
286.506
286.419
286.666
286.553
286.439
286.478
286.482
286.475
286.804
286.707
286.875
286.961
286.942
286.798
286.752
286.867
286.747
286.706
286.453
286.807
286.829
286.666
287.065
287.056
286.994
286.616
286.635
287.072
286.661
286.771
287.062
286.852
287.26
286.904
286.913
286.902
287.249
286.784
286.931
286.792
287.047
287.093
286.358
286.885
287.069
286.851
286.793
287.07
286.775
286.923
286.897
286.845
286.852
287.029
286.707
286.96
286.745
286.909
286.855
287.242
287.619
286.809
287.098
286.915
286.991
286.93
286.742
287.119
287.131
286.995
287.143
286.979
286.735
287.027
286.681
286.979
287.325
287.201
286.956
286.708
286.992
286.943
287.143
287.217
286.859
286.857
287.127
287.099
286.729
287.132
286.861
287.209
287.119
286.813
286.976
286.887
286.832
287.109
287.004
286.894
287.341
286.778
287.011
287.289
287.039
287.039
287.248
287.528
286.824
287.199
286.779
287.528
287.412
286.69
286.688
286.816
286.835
287.25
286.794
286.794
287.208
287.274
286.813
286.856
287.089
286.275
286.98
286.943
287.079
287.064
287.09
287.172
286.711
287.129
286.93
287.132
286.846
286.965
286.836
287.371
286.975
286.877
286.99
287.002
286.947
287.182
286.891
287.177
286.608
287.035
285.465
286.994
286.786
286.847
286.71
287.35
286.881
286.885
287.411
287.102
287.084
287.159
287.277
287.292
287.225
287.169
287.03
286.788
286.863
287.01
286.786
286.981
286.831
286.876
287.174
287.293
286.869
286.868
287.088
287.064
287.175
287.021
287.191
286.778
286.998
286.984
287.511
286.989
286.926
286.901
287.245
287.383
287.313
287.093
286.665
286.817
287.018
287.08
287.344
287.03
286.922
286.828
287.03
287.041
286.943
287.207
286.974
287.036
286.822
287.068
287.179
287.33
286.952
287.165
287.004
287.028
287.315
287.264
287.18
287.013
287.417
287.209
287.169
287.058
287.231
286.723
286.944
287.035
287.088
286.973
286.858
287.017
287.169
287.011
286.972
287.173
286.978
286.991
287.107
287.275
287.111
286.873
287.12
286.929
287.1
286.93
287.629
286.884
286.934
286.927
287.046
287.286
286.975
286.995
286.949
287.087
286.949
287.065
287.145
286.977
286.829
287.148
287.031
287.137
287.371
287.227
287.151
287.106
286.792
287.168
287.049
287.117
286.956
287.391
286.841
286.431
287.053
286.903
287.282
287.282
287.046
287.267
287.002
286.959
286.932
287.026
287.368
287.129
286.889
287.062
287.261
287.169
287.111
287.117
287.068
286.988
286.907
287.083
286.83
287
287.194
287.132
287.054
287.278
287.104
287.008
286.746
287.175
286.929
287.145
286.971
287.412
287.059
287.041
286.962
287.488
287.138
287.106
287.044
287.145
287.372
286.843
287.338
287.036
286.936
287.014
286.776
287.209
287.38
287.246
287.483
287.133
287.187
287.369
286.911
286.907
286.886
286.933
287.202
287.211
287.044
286.987
286.888
287.25
287.145
286.963
286.963
287.021
287.048
287.127
287.112
287.317
286.811
287.073
287.118
286.905
286.918
286.978
287.005
287.103
286.994
287.029
287.113
286.916
286.959
286.827
287.288
287.046
286.928
287.044
287.043
287.06
286.952
287.059
286.928
287.163
287.539
287.224
286.842
287.035
286.95
287.129
286.647
286.998
286.798
286.995
287.114
286.84
287.054
286.936
287.212
286.997
287.162
287.021
287.133
287.313
286.958
287.158
286.996
287.041
287.282
286.969
287.021
287.045
287.026
287.187
286.985
287.209
287.11
286.879
287.167
287.391
287.036
286.993
287.276
287.024
287.136
287.157
286.976
287.157
287.146
287.294
287.122
286.966
287.269
286.958
287.066
287.051
286.859
286.973
286.974
286.899
287.079
286.999
287.006
287.055
286.962
286.987
287.178
287.096
287.012
287.081
286.876
286.96
287.107
286.981
287.132
287.003
286.952
286.894
287.272
286.965
287.314
287.066
287.067
287.568
287.072
287.318
286.945
286.984
287.027
286.927
287.276
286.856
286.879
287.412
286.945
286.981
287.079
287.037
287.146
287.103
287.037
286.897
287.01
287.203
287.055
287.216
287.676
287.071
286.965
286.991
287.079
287.012
287.152
287.033
287.01
287.11
286.993
287.077
286.891
286.999
287.081
287.034
287.02
287.088
286.999
287.098
287.241
287.1
287.233
286.989
287.066
286.93
287.028
287.04
286.934
287.148
286.912
287.076
286.836
286.976
287.207
287.193
287.006
287.317
286.961
287.126
287.01
286.992
287.182
286.933
287.366
287.264
287.184
286.868
287.038
287.004
287.045
286.975
287.15
287.464
286.883
287.026
286.991
287.252
286.931
286.984
287.075
286.967
287.097
287.067
287.196
286.978
287.285
287.136
287.159
287.087
287.057
287.303
286.943
286.989
287.067
287.115
286.96
286.861
287.247
287.411
287.13
286.944
286.843
287.109
287.123
287.138
287.06
287.009
287.029
287.123
287.194
287.383
286.921
286.961
286.851
287.156
286.935
286.931
286.949
287.344
287.269
287.061
287.022
287.021
287
286.962
287.073
286.951
287.389
287.186
287.034
287.26
287.059
287.177
286.998
287.002
287.054
287.072
287.211
287.279
287.087
