-187.802
-186.254
-179.432
-169.548
-154.187
-133.008
-116.583
-185.153
-181.929
-174.911
-163.219
-139.879
-111.716
-89.1183
-179.7
-175.8
-166.786
-150.129
-119.606
-83.7972
-56.3396
-171.873
-167.507
-156.609
-133.286
-97.6843
-58.0574
-33.9055
-163.487
-157.752
-142.937
-111.427
-74.785
-37.5532
-21.9936
-157.715
-148.754
-128.872
-94.1193
-49.8935
-23.4668
-14.6579
-150.726
-141.896
-119.155
-73.684
-30.4838
-13.9875
-10.8954
-149.384
-133.65
-106.639
-63.9951
-19.7706
-10.1524
-9.67541
-145.13
-131.876
-103.283
-50.8151
-15.0109
-9.68663
-9.59811
