0.109082 0.108977 0.107344 0.108982 0.108898 0.109082 0.11636 0.116946
0.105101 0.105436 0.111948 0.108296 0.105452 0.108852 0.116133 0.112819
0.102307 0.102689 0.116818 0.0999674 0.102739 0.113363 0.106331 0.123194
0.0972101 0.10549 0.113106 0.0941344 0.105517 0.116505 0.11354 0.122528
0.0926188 0.102685 0.118372 0.0924429 0.102782 0.120055 0.108425 0.12384
0.0866696 0.104686 0.11013 0.0882039 0.104869 0.111028 0.104922 0.127353
0.0881504 0.0957025 0.0957942 0.0819327 0.0958015 0.095851 0.119421 0.161263
0.102547 0.101724 0.0977128 0.109445 0.109514 0.104218 0.118892 0.12344
0.0998843 0.0937738 0.0971293 0.105583 0.103083 0.119716 0.121768 0.125555
0.0875275 0.0899805 0.0964571 0.0971681 0.108403 0.12112 0.117887 0.129594
0.0789532 0.0937397 0.0981225 0.0930155 0.106427 0.118547 0.112853 0.138705
0.0795758 0.0854847 0.102016 0.0914599 0.101178 0.117733 0.115252 0.142083
0.0670367 0.0804993 0.0804579 0.0802491 0.0951163 0.110476 0.116609 0.155807
0.0542849 0.0608258 0.0600422 0.0690092 0.0874896 0.0875426 0.128095 0.219518
0.0932568 0.0926336 0.0905654 0.106053 0.105892 0.112212 0.127118 0.139044
0.088391 0.0850837 0.0964991 0.103798 0.105696 0.117778 0.121681 0.138665
0.0767889 0.0866595 0.100415 0.0945259 0.103563 0.122151 0.122935 0.126415
0.0749964 0.0814053 0.092378 0.0895995 0.103192 0.119263 0.108474 0.142631
0.0644946 0.0730215 0.0810196 0.0836043 0.0983817 0.109361 0.112343 0.153914
0.0523134 0.0598019 0.0650984 0.07061 0.0824961 0.102474 0.104346 0.177315
0.0375652 0.0439142 0.0464419 0.0562293 0.0746988 0.0747537 0.12832 0.289909
0.0837007 0.0860415 0.0885271 0.106058 0.105975 0.11608 0.134685 0.137384
0.0792404 0.0842043 0.0920443 0.101895 0.106956 0.111542 0.130054 0.139505
0.0747352 0.0783803 0.0914076 0.0968204 0.100865 0.124 0.119147 0.145396
0.0623732 0.0738094 0.0837985 0.0831849 0.0990136 0.121266 0.110109 0.153966
0.0551628 0.064236 0.0729457 0.074743 0.0931932 0.12862 0.110657 0.154305
0.0420744 0.047514 0.0554148 0.0598543 0.0813803 0.104956 0.10386 0.190234
0.0298921 0.0369092 0.0374529 0.0539624 0.0724708 0.0724937 0.1158 0.325524
0.0797108 0.0806289 0.0845224 0.103202 0.103228 0.104081 0.147835 0.142562
0.0747769 0.0792365 0.0869668 0.100568 0.101204 0.112318 0.127143 0.135468
0.0674761 0.0726394 0.087463 0.0852424 0.0991124 0.128169 0.111614 0.14552
0.0534083 0.0625242 0.0759723 0.070015 0.0915672 0.119391 0.102833 0.141666
0.0447426 0.053477 0.0637045 0.0638155 0.0841185 0.11899 0.0964012 0.17172
0.0316774 0.0423038 0.0502188 0.0526245 0.0742917 0.104161 0.0993483 0.192539
0.0270285 0.0335528 0.0342716 0.0481031 0.0702658 0.0703275 0.130241 0.293759
0.079394 0.0775003 0.0824934 0.108239 0.108179 0.115575 0.134586 0.135576
0.0698515 0.0749577 0.0885441 0.0957843 0.101788 0.134303 0.12185 0.133574
0.0576329 0.0667686 0.0862007 0.0745744 0.0987412 0.136343 0.102094 0.130059
0.0444457 0.0563259 0.0723894 0.0610762 0.0859635 0.154878 0.0791476 0.142489
0.0296099 0.0404167 0.0519099 0.0465166 0.0757329 0.118754 0.0749614 0.170068
0.0228087 0.0324434 0.0408269 0.0421865 0.0694852 0.10138 0.0879958 0.183565
0.0207632 0.0274271 0.027746 0.0463899 0.0690092 0.0691155 0.1349 0.300071
0.085608 0.083473 0.0907172 0.105712 0.105871 0.123065 0.127339 0.130624
0.0713991 0.07573 0.0966996 0.0877492 0.101584 0.132319 0.10405 0.134103
0.0537444 0.0682325 0.0955764 0.0685671 0.0919486 0.168871 0.0910896 0.137012
0.0361313 0.0518784 0.0833319 0.0484016 0.0862612 0.173154 0.068806 0.130755
0.0221607 0.0355051 0.0546364 0.0342555 0.0703378 0.149096 0.0536276 0.120347
0.0126132 0.0193453 0.02777 0.0246474 0.0497766 0.0795993 0.043789 0.132962
0.0127288 0.0180718 0.0174748 0.0342891 0.0583271 0.0585907 0.0970337 0.281595
0.0873081 0.0832161 0.102481 0.103382 0.103256 0.131061 0.121612 0.121357
0.0685353 0.0782844 0.102189 0.0836872 0.10207 0.160676 0.0950983 0.123499
0.0480756 0.0631105 0.109551 0.0602138 0.0921133 0.179551 0.0674135 0.117681
0.0306179 0.055182 0.112326 0.0429172 0.0836035 0.19112 0.0523533 0.121135
0.0161824 0.0332877 0.065082 0.0241153 0.057253 0.183653 0.030779 0.0954027
0.00436578 0.0108461 0.0188341 0.00902205 0.0330674 0.102734 0.0148501 0.0977145
0.00311591 0.00602932 0.0060194 0.0116528 0.0389966 0.0390106 0.0353446 0.397088
0.0919656 0.0907772 0.111586 0.10801 0.108202 0.131092 0.107985 0.108236
0.0713194 0.0890669 0.129416 0.0817275 0.101541 0.173699 0.080877 0.101422
0.0495749 0.0774499 0.146223 0.0579814 0.0947046 0.208519 0.0569555 0.0949817
0.0320969 0.0595409 0.144013 0.0368338 0.0808745 0.25283 0.0365435 0.0809166
0.013017 0.0326077 0.103633 0.0162341 0.0540803 0.368744 0.0172561 0.0543037
0.00205915 0.0100909 0.0324081 0.00393566 0.0301819 0.245292 0.00382783 0.0303286
0.000414241 0.00204471 0.00207472 0.00206409 0.227801 0.253041 0.00202419 0.245527
