kite_pos_x	kite_pos_y	kite_pos_z	kite_vel_x	kite_vel_y	kite_vel_z	kite_acc_x	kite_acc_y	kite_acc_z	block_pos_x	block_vel_x	block_acc_x	
35.3414	0.000634665	35.3683	-2.56656	0.132941	2.65575	-271.034	17.104	281.42	0.000439971	0.0909736	10.9239	
33.4748	-2.05249	37.8877	17.3209	-24.5494	-8.57786	266.66	206.135	-218.1	0.908118	8.70924	23.0782	
38.3106	-2.50338	35.3214	20.1287	11.9381	-7.22257	-80.1116	38.8025	86.7392	3.00589	11.9021	11.3844	
41.1697	-0.34226	35.0872	11.0088	7.47975	2.46099	-15.0889	-37.288	15.2328	5.55107	13.2102	2.15444	
43.2175	0.530884	35.6918	10.1233	1.85	3.18904	0.908245	-20.4189	-2.30383	8.20744	13.2486	-1.08479	
45.2677	0.540204	36.2423	10.6225	-1.60222	2.36324	4.05781	-15.9399	-5.79406	10.8276	12.9274	-1.90074	
47.5007	-0.103824	36.5436	12.1309	-4.82426	0.537016	12.6418	-15.3336	-13.9579	13.3754	12.5619	-1.56579	
50.2632	-1.28269	36.2663	16.0614	-6.19718	-3.55265	24.9358	7.75976	-25.1077	15.865	12.3891	0.0472002	
53.9025	-2.08618	35.107	19.8003	-0.663725	-7.16951	5.68722	41.6616	-4.29098	18.3581	12.6053	1.92048	
57.7448	-1.44838	33.7943	17.9338	6.23942	-4.93678	-19.307	20.0333	21.2252	20.9204	13.0115	1.76916	
60.9206	-0.00998312	33.2178	14.1364	7.2722	-0.856704	-15.9595	-5.77833	16.7407	23.5494	13.2301	0.383437	
63.4675	1.26394	33.303	11.7565	5.26658	1.56013	-8.43957	-12.3556	8.13424	26.1947	13.1859	-0.729266	
65.6651	2.05552	33.728	10.5211	2.59535	2.68283	-4.26772	-14.5009	3.55276	28.8126	12.9752	-1.29125	
67.6948	2.25665	34.2939	10.0965	-0.722846	2.96422	0.671369	-19.144	-1.35983	31.3804	12.7009	-1.36938	
69.7788	1.69656	34.7774	11.3104	-4.93432	1.59438	13.1532	-20.9058	-14.1958	33.8955	12.4688	-0.815925	
72.4058	0.403919	34.6727	15.5893	-7.06136	-3.02709	27.0181	6.62971	-29.3998	36.3815	12.4429	0.7094	
75.9784	-0.5658	33.5388	19.5471	-1.36844	-7.36969	6.01781	43.1489	-6.5716	38.8963	12.7551	2.19015	
79.7816	-0.0459443	32.1566	17.848	5.75114	-5.38525	-17.7588	21.0239	20.6036	41.4914	13.1789	1.72347	
82.9738	1.32022	31.4831	14.3848	7.07592	-1.36739	-14.518	-3.86806	16.7347	44.1523	13.3801	0.286244	
85.5919	2.59588	31.4708	12.1918	5.49647	1.10642	-8.0025	-10.0829	8.69697	46.8258	13.3203	-0.784162	
87.8784	3.48003	31.8212	10.9507	3.30571	2.40726	-4.78665	-11.9387	4.85181	49.4698	13.1027	-1.31026	
89.9733	3.87597	32.3678	10.2728	0.52486	3.09842	-1.58729	-16.504	1.70531	52.0628	12.8241	-1.40853	
92.0247	3.60377	32.9606	10.7095	-3.4243	2.6627	7.49561	-22.3075	-7.88348	54.6009	12.5706	-1.02415	
94.4093	2.50263	33.1947	13.8607	-7.10958	-0.845221	23.8884	-8.10858	-27.5719	57.1011	12.4731	0.222119	
97.6652	1.2147	32.4153	18.5875	-4.19574	-6.56807	15.842	36.8892	-20.594	59.6126	12.7023	1.98997	
101.463	1.20282	30.935	18.5554	3.86543	-6.82096	-13.549	32.091	15.6758	62.1977	13.151	2.10452	
104.828	2.39175	29.9507	15.2474	6.9903	-2.77701	-15.5956	1.79743	19.6029	64.8616	13.4387	0.693109	
107.594	3.72812	29.7136	12.8441	6.06848	0.245189	-8.75603	-8.21871	10.8549	67.5539	13.4424	-0.557273	
109.996	4.76073	29.926	11.5002	4.2346	1.86478	-5.23166	-9.83158	6.11421	70.2258	13.2553	-1.22277	
112.185	5.39385	30.3913	10.6473	2.0304	2.87431	-3.2471	-12.7992	4.07614	72.8503	12.9829	-1.43692	
114.252	5.50043	31.0102	10.39	-1.15415	3.32139	1.63248	-19.488	-0.699673	75.4184	12.705	-1.27344	
116.415	4.83908	31.5605	11.8946	-5.48704	1.81947	14.9724	-20.8696	-16.694	77.9377	12.5127	-0.511277	
119.176	3.47227	31.4264	16.2686	-7.012	-3.5524	24.6515	12.8778	-32.7168	80.44	12.5678	1.18357	
122.777	2.63036	30.1688	19.0636	-0.332105	-7.77781	-1.03223	43.5366	-2.52932	82.9884	12.9566	2.38324	
126.382	3.29533	28.7764	16.7162	5.98684	-5.16521	-16.7364	15.5048	21.4617	85.6242	13.3683	1.46151	
129.39	4.62464	28.1353	13.8384	6.66287	-1.3045	-11.0306	-4.64126	15.2296	88.3167	13.5058	-0.0321041	
131.951	5.82218	28.1052	12.2015	5.23652	0.94063	-6.03111	-8.31155	8.087	91.0098	13.3936	-0.982289	
134.259	6.69269	28.4132	11.2172	3.47702	2.24065	-4.0959	-9.53595	5.45435	93.6653	13.1487	-1.39199	
136.402	7.16953	28.9418	10.5686	1.19918	3.19348	-2.05277	-13.9517	3.82837	96.2663	12.8613	-1.4274	
138.478	7.07499	29.6043	10.7107	-2.33824	3.41438	4.7377	-21.4031	-3.30595	98.8115	12.6013	-1.09762	
140.775	6.16062	30.0826	13.0605	-6.59096	0.910086	19.5103	-16.0969	-23.7686	101.315	12.4689	-0.0669125	
143.806	4.75769	29.6422	17.5458	-5.89096	-5.32045	18.9127	27.4195	-30.4174	103.819	12.635	1.75113	
147.469	4.33106	28.1763	18.4284	2.0119	-7.71631	-9.77853	38.5177	8.47368	106.389	13.081	2.29914	
150.838	5.28776	26.9338	15.4905	6.49132	-4.06501	-14.9712	6.92937	21.0908	109.044	13.4205	0.948262	
153.641	6.59596	26.467	13.1803	6.22219	-0.655419	-8.26952	-6.17392	12.5771	111.737	13.4625	-0.429297	
156.1	7.69201	26.5158	11.9387	4.76605	1.21341	-4.76551	-7.74958	7.01511	114.415	13.2912	-1.18403	
158.36	8.47578	26.8571	11.1262	3.11151	2.42039	-3.48121	-9.23024	5.44806	117.047	13.0209	-1.45398	
160.482	8.8759	27.415	10.6107	0.81478	3.40052	-1.19882	-14.4591	3.9172	119.622	12.7309	-1.39827	
162.572	8.68606	28.1044	11.0085	-2.86414	3.52873	6.49037	-21.9987	-4.62442	122.142	12.484	-0.994446	
164.949	7.66594	28.552	13.7174	-6.95235	0.525105	20.648	-12.9868	-27.0719	124.625	12.3824	0.144133	
168.081	6.28249	27.976	17.8876	-5.21029	-5.99348	14.2844	32.6243	-28.4959	127.116	12.5951	1.95155	
171.69	6.03238	26.4381	17.8296	2.81752	-7.58903	-12.4926	34.7918	12.1724	129.68	13.0507	2.18048	
174.901	7.06017	25.2492	14.8833	6.48829	-3.69467	-13.3321	4.07812	20.3861	132.325	13.3482	0.701262	
177.595	8.32766	24.8239	12.9116	5.97006	-0.501891	-6.8674	-6.23859	11.5623	134.999	13.3469	-0.603641	
179.998	9.37229	24.8755	11.87	4.59188	1.23506	-4.09718	-7.12372	6.6984	137.651	13.1497	-1.27211	
182.23	10.1269	25.2058	11.155	3.06747	2.43254	-3.11121	-8.5931	5.63294	140.253	12.8683	-1.48259	
184.339	10.5226	25.7588	10.7046	0.891516	3.48697	-0.912986	-13.885	4.46468	142.797	12.576	-1.39727	
186.426	10.3505	26.4646	11.1332	-2.68639	3.76281	6.40747	-21.6544	-3.68351	145.287	12.329	-1.00547	
188.792	9.35673	26.9637	13.7332	-6.83775	0.952459	19.6405	-14.3024	-26.4249	147.738	12.2198	0.0763141	
191.877	7.94903	26.452	17.7031	-5.51162	-5.72254	13.6065	30.6861	-30.8782	150.195	12.4171	1.88826	
195.411	7.61356	24.8999	17.5998	2.44582	-7.80018	-12.3667	35.7498	10.7014	152.723	12.8688	2.19722	
198.548	8.58031	23.6397	14.727	6.32339	-3.97552	-12.7821	4.88052	20.7056	155.332	13.1705	0.715642	
201.187	9.81806	23.1496	12.8709	5.92055	-0.712971	-6.31995	-5.78198	11.8269	157.971	13.1695	-0.612907	
203.557	10.8516	23.1466	11.9231	4.64152	1.05553	-3.70819	-6.53415	6.78194	160.587	12.9693	-1.29071	
205.769	11.6186	23.4262	11.2695	3.27269	2.27286	-2.89917	-7.58267	5.80735	163.153	12.6839	-1.50305	
207.865	12.067	23.9367	10.8253	1.36087	3.41446	-1.14827	-12.245	5.30673	165.659	12.3869	-1.42932	
209.926	12.0079	24.6422	11.0968	-1.90111	4.05231	5.01914	-20.3163	-0.992729	168.11	12.1336	-1.08658	
212.206	11.162	25.2534	13.2472	-6.19035	2.05438	16.9952	-18.5115	-21.634	170.52	11.9881	-0.22384	
215.122	9.72433	24.9979	17.0973	-6.52117	-4.39862	16.0763	21.297	-35.9091	172.924	12.1114	1.54017	
218.564	9.07254	23.5279	17.6968	0.919109	-8.17408	-9.86719	40.2516	3.20818	175.386	12.5374	2.31051	
221.698	9.84519	22.0888	14.9279	5.96613	-4.85185	-13.3547	8.96723	21.9541	177.934	12.8963	0.989072	
224.321	11.052	21.4372	12.9975	5.999	-1.2609	-6.40258	-4.8795	13.2164	180.522	12.9348	-0.488116	
226.668	12.0986	21.3264	12.07	4.83725	0.678096	-3.50065	-5.98436	7.18004	183.093	12.7489	-1.26147	
228.865	12.9026	21.5161	11.4538	3.63671	1.93013	-2.79185	-6.34644	5.88573	185.615	12.4641	-1.52041	
230.948	13.4378	21.9429	10.9822	2.08289	3.13315	-1.65272	-9.86236	6.06654	188.077	12.1607	-1.47692	
232.972	13.561	22.5968	10.9996	-0.585998	4.13734	2.59753	-17.3272	2.81658	190.481	11.8863	-1.23273	
235.116	12.9937	23.3163	12.4257	-4.73759	3.44076	12.6116	-22.2325	-12.6268	192.837	11.6911	-0.618334	
237.756	11.6435	23.477	15.9065	-7.41017	-1.74263	19.0563	3.38409	-37.3068	195.171	11.7024	0.89845	
241.033	10.5053	22.327	17.8928	-2.08308	-7.94534	-3.18872	42.992	-13.3705	197.543	12.0652	2.3743	
244.223	10.8191	20.6765	15.5924	4.82129	-6.4464	-14.4131	19.5288	20.7511	200.001	12.4835	1.48799	
246.888	11.9354	19.7164	13.3457	6.14295	-2.40389	-7.67095	-2.07145	16.5749	202.516	12.6162	-0.101978	
249.228	13.0228	19.414	12.2903	5.2163	0.033517	-3.64682	-5.63625	8.68387	205.03	12.4856	-1.08529	
251.408	13.8888	19.4753	11.6851	4.10839	1.43471	-2.66441	-5.50671	6.07127	207.502	12.2209	-1.48282	
253.477	14.5217	19.7856	11.2029	2.86913	2.65109	-2.03342	-7.44167	6.28879	209.915	11.916	-1.52206	
255.467	14.8388	20.3398	10.9977	0.863904	3.88923	0.493831	-13.2812	5.49852	212.269	11.6254	-1.35835	
257.486	14.6183	21.0823	11.6819	-2.57601	4.35324	7.37954	-21.2653	-2.90486	214.569	11.3865	-0.979236	
259.809	13.5901	21.6411	14.2253	-6.75164	1.57323	17.6144	-15.2306	-27.3134	216.832	11.2759	0.0365119	
262.762	12.1161	21.1437	17.413	-5.7234	-5.61293	8.53434	29.3499	-34.5481	219.099	11.4652	1.86829	
265.981	11.67	19.4898	16.592	2.12222	-8.1447	-13.4238	35.5866	10.3466	221.437	11.9145	2.16635	
268.75	12.5134	18.1055	13.955	5.97683	-4.23862	-10.2999	4.96073	21.2053	223.854	12.2009	0.601835	
271.103	13.6278	17.5107	12.5764	5.66409	-0.93564	-4.31391	-4.98876	11.8007	226.296	12.1754	-0.733488	
273.264	14.5639	17.405	11.9377	4.5962	0.817154	-2.54814	-5.23048	6.72142	228.711	11.9542	-1.37751	
275.314	15.2891	17.5764	11.4647	3.59745	2.03018	-2.15139	-5.72911	6.20508	231.072	11.6603	-1.52633	
277.277	15.7729	17.9926	11.1311	2.1555	3.32219	-0.894002	-9.33042	6.60294	233.374	11.3591	-1.45546	
279.21	15.8651	18.6557	11.2981	-0.401619	4.44681	3.22158	-16.7484	3.49891	235.618	11.0884	-1.22396	
281.284	15.2874	19.4097	12.7464	-4.48703	3.90811	11.9697	-22.4752	-11.8109	237.814	10.8907	-0.657234	
283.822	13.9112	19.6271	15.8934	-7.46477	-1.27068	16.4968	0.692056	-38.7598	239.987	10.8903	0.838903	
286.897	12.6676	18.4799	17.3636	-2.56055	-7.99815	-4.75434	42.4318	-16.6705	242.195	11.2391	2.37668	
289.819	12.8485	16.7404	15.0097	4.52023	-6.76172	-13.5053	20.7508	21.2019	244.488	11.6671	1.5403	
292.242	13.8708	15.6986	13.0338	5.99852	-2.56769	-6.23372	-1.60505	17.2108	246.841	11.8039	-0.110444	
294.393	14.8823	15.3412	12.2145	5.15748	-0.0586744	-2.74091	-5.16979	8.83567	249.192	11.6687	-1.1154	
296.423	15.6889	15.3562	11.7548	4.18083	1.332	-1.6466	-3.24654	3.27154	251.5	11.3987	-1.49086	
298.364	16.2936	15.6203	11.3606	3.1334	2.59707	-1.65211	-6.30905	6.69817	253.749	11.0921	-1.51902	
300.242	16.6263	16.1454	11.2102	1.39324	3.97547	0.585044	-11.7798	6.58541	255.938	10.8033	-1.34783	
302.152	16.4723	16.904	11.8365	-1.80123	4.78818	6.39834	-20.2595	-0.332422	258.073	10.5626	-1.02092	
304.325	15.5339	17.5815	14.0102	-6.1764	2.70801	15.1607	-19.4578	-23.5903	260.169	10.4297	-0.157551	
307.044	13.9793	17.3079	16.9007	-6.65946	-4.48639	8.70319	21.3275	-40.2486	262.263	10.5728	1.67718	
310.022	13.2119	15.6904	16.2676	0.831413	-8.57349	-12.5623	39.7749	4.60955	264.421	11.0203	2.33262	
312.581	13.8425	14.1423	13.7544	5.62915	-4.9427	-9.67762	8.4054	22.6593	266.663	11.3498	0.807984	
314.749	14.878	13.4204	12.517	5.69282	-1.30722	-3.60134	-4.16381	13.1476	268.938	11.3545	-0.635031	
316.751	15.7754	13.2448	11.9947	4.74381	0.645876	-1.94972	-5.01119	7.28509	271.191	11.1498	-1.32557	
318.668	16.469	13.3765	11.6287	3.78167	1.93787	-1.73597	-4.91905	6.25485	273.392	10.8559	-1.54555	
320.515	16.9476	13.7609	11.3521	2.56634	3.27807	-0.760772	-7.90626	7.14774	275.532	10.5515	-1.46362	
322.338	17.0892	14.4159	11.4924	0.321754	4.62179	2.71867	-15.2001	5.28728	277.615	10.2808	-1.22123	
324.28	16.6158	15.2352	12.7088	-3.60277	4.64661	10.0525	-23.1572	-7.89075	279.649	10.0789	-0.722265	
326.614	15.295	15.6603	15.4242	-7.4533	0.197463	14.9149	-7.82924	-37.467	281.657	10.0495	0.6224	
329.438	13.8186	14.7264	16.9459	-4.05536	-7.51639	-3.52275	40.1377	-25.6392	283.694	10.3775	2.39212	
332.142	13.6855	12.9196	14.792	3.64953	-7.4829	-12.8558	26.2219	19.6299	285.818	10.8346	1.76576	
334.378	14.5723	11.7309	12.939	5.90248	-3.12049	-5.59783	0.487419	19.0171	288.008	11.0129	0.0563371	
336.368	15.5383	11.2907	12.2384	5.28003	-0.318873	-2.21998	-4.66399	9.85477	290.203	10.9021	-1.03061	
338.258	16.3222	11.267	11.8627	4.36895	1.23823	-1.73005	-4.36645	6.61877	292.359	10.6444	-1.45855	
340.079	16.9165	11.5179	11.5436	3.42261	2.57397	-1.32257	-5.61183	7.06688	294.458	10.3449	-1.4885	
341.851	17.2658	12.0462	11.4408	1.85708	4.06281	0.680416	-10.7775	7.40578	296.498	10.0625	-1.31426	
343.658	17.166	12.8417	12.0206	-1.15658	5.13235	5.70818	-19.6853	1.52077	298.486	9.82792	-0.999011	
345.7	16.2961	13.6287	13.9206	-5.68126	3.53902	13.1678	-22.3037	-20.9487	300.436	9.6931	-0.211578	
348.218	14.6929	13.5431	16.4605	-7.24488	-3.58336	7.81596	14.9766	-43.6992	302.381	9.81873	1.59705	
350.96	13.687	11.9947	15.853	-0.172443	-8.78501	-11.8324	42.4224	-0.0508245	304.387	10.2708	2.46527	
353.309	14.1458	10.3611	13.5177	5.34633	-5.41811	-8.70215	11.3201	23.6822	306.483	10.634	0.971163	
355.305	15.1206	9.57854	12.4572	5.74024	-1.5188	-2.86875	-3.42802	14.312	308.618	10.6641	-0.542273	
357.169	15.9884	9.38823	12.057	4.85851	0.576884	-1.58322	-4.54602	7.80402	310.733	10.4694	-1.28753	
358.968	16.6661	9.52804	11.7536	3.97621	1.97257	-1.43304	-4.56885	6.79946	312.799	10.1848	-1.49006	
360.713	17.1419	9.94267	11.5457	2.81923	3.43243	-0.372419	-7.69431	7.79663	314.807	9.89331	-1.39097	
362.451	17.2884	10.6523	11.7617	0.586924	4.90669	3.02019	-15.3378	5.89745	316.759	9.63831	-1.1383	
364.319	16.814	11.5472	12.9742	-3.43331	5.01154	9.53374	-24.0593	-7.84421	318.666	9.45348	-0.634739	
366.554	15.4592	12.0434	15.4066	-7.54352	0.416028	12.5225	-9.237	-39.1043	320.552	9.44287	0.726478	
369.189	13.9165	11.1242	16.3924	-4.21989	-7.63924	-5.29222	40.3419	-26.5594	322.468	9.78165	2.46574	
371.645	13.7275	9.30648	14.2377	3.60736	-7.53724	-11.422	26.6788	20.679	324.474	10.2518	1.80218	
373.679	14.5765	8.14328	12.7118	5.90061	-3.02273	-4.17876	0.586523	19.4239	326.548	10.4321	0.0518454	
375.526	15.5087	7.74942	12.2104	5.30331	-0.169351	-1.5775	-4.51667	10.0732	328.627	10.3211	-1.0243	
377.304	16.2635	7.78247	11.9285	4.41657	1.44706	-1.35264	-4.30231	7.01714	330.667	10.0671	-1.42679	
379.032	16.8301	8.10575	11.6914	3.45382	2.88298	-0.834082	-5.89874	7.64189	332.652	9.77675	-1.42858	
380.734	17.1388	8.72657	11.7143	1.76079	4.47128	1.45844	-11.838	7.68136	334.579	9.50923	-1.22358	
382.503	16.9566	9.61835	12.4697	-1.56123	5.44642	6.5959	-21.6027	-0.110944	336.459	9.29772	-0.849631	
384.539	15.9416	10.424	14.4368	-6.32358	3.10303	12.3466	-21.4897	-26.887	338.306	9.2071	0.104614	
387	14.2592	10.1567	16.3036	-6.84802	-4.91139	2.15976	23.3889	-42.9618	340.162	9.41265	2.00321	
389.506	13.4265	8.47564	14.9231	0.987837	-8.74454	-12.0791	39.767	8.26886	342.092	9.9007	2.37038	
391.599	14.0046	6.98117	13.0069	5.61003	-4.65103	-5.92157	7.64619	23.3499	344.109	10.2152	0.678282	
393.44	14.9602	6.35794	12.3357	5.65355	-1.00045	-1.75407	-3.78844	13.084	346.155	10.1987	-0.70155	
395.202	15.7844	6.28271	12.0651	4.78514	0.969247	-1.21353	-4.35362	7.7503	348.176	9.98606	-1.31656	
396.918	16.4242	6.53144	11.8173	3.95794	2.40633	-0.96246	-5.03519	7.66986	350.145	9.70662	-1.39808	
398.598	16.859	7.07654	11.7508	2.60152	4.03125	0.686098	-9.57925	8.23392	352.06	9.4432	-1.25129	
400.314	16.8915	7.9258	12.2282	-0.126545	5.39992	4.52815	-18.3106	4.01685	353.925	9.21613	-0.990011	
402.219	16.1952	8.87032	13.7207	-4.67229	4.61806	10.4126	-25.1954	-15.4781	355.751	9.07235	-0.331249	
404.506	14.6263	9.12339	15.8396	-7.81704	-1.8231	7.36366	3.316	-45.7663	357.569	9.15732	1.36013	
407.004	13.2975	7.81379	15.4607	-1.97336	-8.7431	-10.2022	44.9375	-10.327	359.44	9.59471	2.61501	
409.167	13.4837	6.09441	13.3521	4.78855	-6.26636	-7.86585	17.3648	24.4077	361.405	10.0146	1.3006	
411.017	14.4069	5.22001	12.4487	5.87917	-1.94712	-2.15264	-1.99383	16.5699	363.422	10.1001	-0.327539	
412.768	15.2916	5.02403	12.1699	5.11226	0.484692	-1.07434	-4.43998	8.95529	365.429	9.93788	-1.16833	
414.478	15.9931	5.20676	11.9581	4.23582	2.0483	-1.00114	-4.54204	7.43389	367.391	9.67199	-1.41514	
416.155	16.4936	5.69037	11.8362	3.08803	3.62513	0.0503095	-7.66818	8.3805	369.297	9.39409	-1.32447	
417.844	16.6641	6.49072	12.1235	0.824316	5.21685	3.2484	-15.791	6.42171	371.151	9.15395	-1.05208	
419.673	16.1947	7.49127	13.3074	-3.38386	5.34176	8.81493	-25.4698	-8.46954	372.963	8.99051	-0.502048	
421.837	14.7986	8.0606	15.3681	-7.73051	0.38706	9.35927	-9.46469	-41.7527	374.759	9.01339	0.925969	
424.287	13.2167	7.13547	15.6954	-4.17214	-7.89527	-7.30686	41.9123	-25.2831	376.593	9.38792	2.57778	
426.497	13.0359	5.34754	13.6465	3.71602	-7.4013	-9.14955	26.0861	22.0356	378.521	9.85997	1.73554	
428.361	13.8818	4.26929	12.5457	5.93111	-2.79814	-2.61053	0.538704	19.3851	380.516	10.0257	-0.00525779	
430.106	14.8065	3.965	12.2455	5.35912	0.0628844	-0.97979	-4.33414	10.2831	382.513	9.9093	-1.02139	
431.813	15.5591	4.09556	12.0549	4.48758	1.76196	-0.939896	-4.39476	7.61332	384.471	9.6609	-1.37663	
433.489	16.1183	4.53779	11.9188	3.44408	3.33661	-0.191768	-6.6989	8.35272	386.375	9.38429	-1.34284	
435.168	16.3861	5.3006	12.1066	1.47301	5.00845	2.45709	-13.8966	7.54089	388.226	9.1374	-1.10033	
436.956	16.083	6.31663	13.0692	-2.37678	5.65881	7.47757	-24.4497	-3.89801	390.034	8.95837	-0.628595	
439.034	14.8627	7.0813	14.9731	-7.23802	1.93023	9.89154	-17.2752	-36.0604	391.82	8.93595	0.590948	
441.43	13.1702	6.49491	15.7587	-5.70162	-6.7395	-4.50024	35.2193	-35.7306	393.632	9.24839	2.42556	
443.67	12.6743	4.72992	13.8844	2.5757	-8.16026	-9.90956	33.1749	17.6599	395.533	9.74413	2.05274	
445.551	13.4197	3.48866	12.6256	5.87063	-3.55283	-3.05811	3.42218	21.5688	397.511	9.97552	0.278696	
447.294	14.3697	3.08698	12.3007	5.54628	-0.311061	-0.90341	-4.09475	11.5935	399.502	9.90076	-0.883425	
449.001	15.1643	3.17399	12.1311	4.68162	1.53409	-0.855201	-4.35682	7.88017	401.461	9.66948	-1.33435	
450.681	15.7688	3.58618	11.9943	3.69519	3.11731	-0.312552	-6.09448	8.30112	403.367	9.39555	-1.35226	
452.359	16.1061	4.32044	12.1223	1.92309	4.82377	1.95152	-12.5314	8.14356	405.22	9.14404	-1.13472	
454.126	15.9234	5.33792	12.9352	-1.6353	5.79284	6.51298	-23.2754	-0.97198	407.029	8.95462	-0.708958	
456.15	14.8505	6.22358	14.6844	-6.68012	2.95335	9.79347	-21.6643	-30.9898	408.811	8.90285	0.362076	
458.498	13.1275	5.90224	15.7308	-6.66027	-5.61614	-2.32531	28.0115	-41.9261	410.611	9.16509	2.24519	
460.755	12.3883	4.20738	14.0579	1.5306	-8.59799	-10.2337	38.1533	12.6073	412.494	9.66617	2.26008	
462.652	13.0291	2.84642	12.6886	5.73983	-4.17825	-3.43932	6.26694	23.0465	414.462	9.94685	0.509165	
464.397	13.9925	2.36213	12.3407	5.68122	-0.630849	-0.843318	-3.75204	12.7619	416.451	9.90693	-0.764141	
466.106	14.8208	2.41332	12.1899	4.83162	1.35324	-0.768347	-4.35191	8.1806	418.413	9.69094	-1.29369	
467.792	15.4609	2.80383	12.0585	3.87694	2.95354	-0.365388	-5.71717	8.26769	420.324	9.42026	-1.35544	
469.474	15.8492	3.51763	12.1512	2.23912	4.67538	1.62829	-11.566	8.47656	422.182	9.16574	-1.15925	
471.232	15.7538	4.53221	12.8631	-1.09728	5.84225	5.83181	-22.241	0.926111	423.994	8.96912	-0.762756	
473.224	14.7967	5.49448	14.4838	-6.1815	3.62786	9.48795	-24.1011	-27.0154	425.778	8.8978	0.205845	
475.535	13.0809	5.37077	15.6681	-7.23286	-4.66555	-0.805548	21.7415	-45.2787	427.573	9.12185	2.07922	
477.801	12.1657	3.75546	14.1757	0.700995	-8.8628	-10.3897	41.6714	8.69328	429.447	9.62834	2.45572	
479.712	12.7174	2.31376	12.7425	5.58218	-4.63567	-3.66716	8.48367	23.8858	431.41	9.94554	0.658852	
481.462	13.6825	1.76665	12.3799	5.75078	-0.894943	-0.816761	-3.33708	13.5449	433.402	9.92727	-0.69256	
483.178	14.534	1.78614	12.2379	4.9405	1.18684	-0.730473	-4.23277	8.42051	435.369	9.72046	-1.26856	
484.871	15.2032	2.156	12.1071	4.0264	2.80766	-0.410212	-5.38264	8.2932	437.286	9.45212	-1.35438	
486.559	15.6342	2.85188	12.1751	2.49478	4.54838	1.40825	-10.8264	8.73685	439.15	9.19644	-1.17103	
488.314	15.6098	3.86209	12.8159	-0.664963	5.85846	5.33386	-21.3423	2.30035	440.968	8.99563	-0.798104	
490.284	14.7506	4.87899	14.3329	-5.72631	4.12492	9.15104	-25.5617	-23.7128	442.756	8.91005	0.0850695	
492.568	13.0597	4.91556	15.6009	-7.59767	-3.81896	0.36303	16.147	-47.0891	444.551	9.10167	1.91844	
494.84	12.0009	3.39583	14.2705	-0.130448	-8.91341	-10.2495	43.457	3.19217	446.418	9.58982	2.47147	
496.765	12.4533	1.88691	12.7735	5.4001	-5.10186	-4.00708	11.2194	24.5072	448.376	9.93408	0.840671	
498.518	13.4223	1.27556	12.3894	5.84534	-1.13388	-0.751292	-2.95179	14.6138	450.369	9.94629	-0.579203	
500.238	14.2991	1.27135	12.2697	5.04183	1.08444	-0.612185	-4.34985	8.7516	452.341	9.75462	-1.22571	
501.939	14.9909	1.63222	12.1547	4.11865	2.7264	-0.385409	-5.29544	8.2447	454.266	9.49007	-1.35519	
503.636	15.4486	2.31948	12.2063	2.66062	4.4996	1.39263	-10.6282	8.82422	456.138	9.2333	-1.156	
505.396	15.4673	3.3315	12.8181	-0.419275	5.8579	5.03797	-20.7823	2.8739	457.963	9.03148	-0.824675	
507.359	14.6681	4.3771	14.2566	-5.4306	4.37962	8.7829	-26.1331	-21.7265	459.757	8.93485	-0.00356731	
509.627	13.0031	4.50748	15.5352	-7.75903	-3.29629	0.910353	12.6348	-47.704	461.555	9.10357	1.80322	
511.899	11.8648	3.05278	14.3006	-0.618313	-8.92914	-10.1315	44.4566	0.177491	463.421	9.5829	2.51112	
513.831	12.258	1.5107	12.7863	5.27423	-5.35867	-4.10825	12.789	24.7637	465.379	9.94343	0.934276	
515.587	13.2301	0.86546	12.3958	5.92107	-1.25621	-0.589087	-2.96459	15.4221	467.376	9.97556	-0.495822	
517.313	14.123	0.853608	12.3046	5.08698	1.04104	-0.512407	-4.49812	8.8366	469.355	9.79218	-1.21573	
519.025	14.8259	1.21199	12.1986	4.15939	2.67299	-0.394506	-5.17221	8.12872	471.287	9.52626	-1.37336	
520.731	15.2994	1.8928	12.2429	2.74077	4.39276	1.14478	-9.91504	8.84586	473.166	9.26366	-1.21504	
522.495	15.3519	2.89621	12.7986	-0.196762	5.83931	4.74778	-20.2086	3.75812	474.996	9.05339	-0.850635	
524.451	14.6054	3.9684	14.1873	-5.19329	4.62058	8.6254	-26.8218	-20.1253	476.794	8.95255	-0.0299797	
526.708	12.9594	4.17945	15.4892	-7.89587	-2.86116	1.33637	9.9238	-48.2075	478.594	9.11231	1.74805	
528.983	11.7562	2.78126	14.3289	-1.02692	-8.91777	-10.0256	45.1042	-2.31692	480.462	9.5874	2.53841	
530.923	12.0973	1.21444	12.8014	5.14872	-5.57066	-4.19992	14.1202	24.844	482.422	9.95937	1.00215	
532.684	13.0632	0.538133	12.4118	5.91328	-1.4084	-0.658223	-2.35779	15.6219	484.423	9.99802	-0.48209	
534.415	13.9668	0.506601	12.3157	5.1512	0.945877	-0.49867	-4.32819	9.1215	486.407	9.81943	-1.18761	
536.133	14.688	0.856258	12.2162	4.24058	2.62102	-0.354028	-5.12864	8.2697	488.345	9.55861	-1.35252	
537.846	15.182	1.53424	12.2651	2.83768	4.35775	1.13482	-9.76746	8.90302	490.23	9.29874	-1.20931	
539.616	15.2611	2.53836	12.8054	-0.0487296	5.83351	4.59063	-19.8618	4.08687	492.068	9.08773	-0.864721	
541.572	14.5522	3.62675	14.1497	-5.0047	4.76095	8.39326	-27.0392	-18.9538	493.872	8.98101	-0.0783821	
543.823	12.9276	3.89395	15.447	-7.95789	-2.53186	1.59277	7.76893	-48.2727	495.677	9.12734	1.67412	
546.099	11.6795	2.54256	14.3407	-1.33865	-8.89118	-9.93248	45.449	-4.32282	497.546	9.59506	2.55123	
548.044	11.9801	0.958924	12.8055	5.04999	-5.73071	-4.25514	15.1781	24.8905	499.508	9.9757	1.05758	
549.809	12.9439	0.260329	12.4164	5.93405	-1.50428	-0.613419	-2.12931	15.9828	501.513	10.0236	-0.447737	
551.545	13.8568	0.21973	12.3307	5.18772	0.899447	-0.450048	-4.32374	9.25787	503.503	9.84962	-1.17449	
553.27	14.5882	0.566214	12.2382	4.2801	2.58681	-0.335229	-5.07992	8.27751	505.448	9.59	-1.35237	
554.991	15.0945	1.24188	12.2861	2.89961	4.32413	1.10112	-9.58528	8.93098	507.339	9.32939	-1.216	
556.767	15.1929	2.24568	12.8117	0.0614723	5.8265	4.4723	-19.589	4.37689	509.182	9.11659	-0.8765	
558.725	14.5122	3.34659	14.1252	-4.86726	4.86577	8.23373	-27.2163	-18.1135	510.992	9.00615	-0.107234	
560.972	12.9036	3.65533	15.416	-7.99907	-2.29184	1.73953	6.23623	-48.2877	512.801	9.1441	1.62555	
563.249	11.6238	2.33956	14.3439	-1.56673	-8.86307	-9.86455	45.6352	-5.78621	514.673	9.60658	2.5575	
565.199	11.8941	0.745238	12.8054	4.97202	-5.84571	-4.28132	15.9615	24.8888	516.638	9.99285	1.09518	
566.968	12.8558	0.0306844	12.4188	5.94703	-1.57576	-0.573393	-1.94547	16.2437	518.647	10.0472	-0.423772	
35.7076	-3.40303	35.4408	31.481	-11.7731	-24.6894	108.04	574.562	-51.394	0.590654	7.63667	38.4179	
39.7865	-0.767364	33.4934	8.48908	12.9412	4.57872	-48.8084	-111.756	59.4628	2.67232	12.3135	12.6388	
41.3257	0.100741	34.6605	8.85956	-1.28332	4.83823	17.6725	-32.5523	-18.5949	5.2914	13.4662	0.975701	
43.4295	-0.588718	35.2566	12.1105	-4.87251	1.21672	15.2615	-9.33249	-17.6323	7.98112	13.3567	-1.36712	
46.1681	-1.67188	35.127	15.407	-5.4986	-2.56788	18.0379	4.86053	-20.3232	10.624	13.0826	-1.09203	
49.5931	-2.51122	34.2262	18.6287	-2.06937	-6.08362	10.5394	29.0303	-10.8305	13.2274	13.0006	0.340382	
53.3799	-2.2888	32.9528	18.5536	4.18343	-5.78575	-10.7271	26.547	12.9412	15.8422	13.1745	1.14178	
56.7998	-1.08169	32.1226	15.5451	7.06411	-2.31824	-16.0137	2.82739	17.9467	18.4976	13.3576	0.529258	
59.614	0.285502	31.9718	12.8493	6.22646	0.616214	-10.6313	-8.84675	11.1115	21.1731	13.3648	-0.429336	
61.9981	1.32485	32.2731	11.1943	4.062	2.26667	-6.31229	-12.3515	5.91602	23.8325	13.2081	-1.06907	
64.1269	1.86665	32.816	10.2629	1.23065	3.0831	-2.81727	-16.4218	2.11456	26.4504	12.9635	-1.31026	
66.157	1.75094	33.4289	10.3434	-2.61043	2.82409	4.96214	-22.1449	-6.16649	29.0174	12.7142	-1.09111	
68.421	0.793028	33.7554	12.8973	-6.68523	-0.134558	21.3921	-13.353	-24.4614	31.5435	12.5807	-0.0751858	
71.4919	-0.556059	33.1581	17.8612	-5.31049	-5.81402	21.4769	29.8704	-24.5221	34.0696	12.7402	1.67007	
75.2938	-0.847307	31.7302	19.1475	2.61076	-7.16488	-8.7637	37.1314	11.3238	36.6582	13.1614	2.16878	
78.8378	0.208537	30.6428	16.1138	6.8663	-3.38151	-16.6958	6.16979	20.5479	39.3273	13.4861	0.938018	
81.7591	1.5815	30.3215	13.3851	6.42703	-0.0854606	-10.3781	-7.2992	12.1373	42.0338	13.535	-0.366764	
84.2561	2.69696	30.4983	11.7828	4.65825	1.70983	-6.23091	-9.79283	6.61804	44.7275	13.3773	-1.11642	
86.4971	3.41822	30.9503	10.7536	2.47377	2.7749	-4.12038	-12.5594	4.22573	47.378	13.1195	-1.39467	
88.58	3.62297	31.565	10.2748	-0.631405	3.27669	0.168804	-19.029	-0.134019	49.974	12.8445	-1.28757	
90.6981	3.06682	32.1412	11.4058	-5.01865	2.01939	12.9953	-22.0261	-14.9695	52.521	12.6479	-0.590199	
93.3472	1.74479	32.0971	15.5837	-7.19463	-3.01317	25.7388	7.70202	-32.1116	55.0478	12.6733	0.9817	
96.8926	0.774732	30.9326	19.3147	-1.36353	-7.85158	8.45219	38.0532	-11.1176	57.6139	13.0497	3.07623	
100.615	1.30289	29.5121	17.3497	5.61107	-5.43903	-16.4232	18.2983	21.1659	60.2733	13.501	1.53938	
103.764	2.60584	28.8272	14.3842	6.70772	-1.57656	-11.8865	-3.17513	15.4423	62.9933	13.6473	-0.00222676	
106.434	3.83828	28.7609	12.5673	5.48666	0.723375	-6.90421	-7.61427	8.37954	65.7153	13.5413	-0.948433	
108.818	4.77383	29.0445	11.4167	3.8345	2.07862	-4.91564	-9.10121	5.71604	68.4011	13.3037	-1.35328	
111.004	5.33423	29.5603	10.5885	1.63687	3.08831	-3.08498	-13.5741	4.17524	71.0339	13.024	-1.39166	
113.081	5.33789	30.2261	10.473	-1.84489	3.42309	3.15222	-21.3548	-2.38597	73.6122	12.7691	-1.08948	
115.317	4.51669	30.748	12.4833	-6.26956	1.21693	18.1002	-18.4051	-21.8151	76.149	12.6306	-0.147378	
118.248	3.11007	30.4156	17.0602	-6.36558	-4.81081	21.8759	22.9157	-31.3848	78.6832	12.771	1.60395	
121.918	2.53874	29.0205	18.752	1.24626	-7.75587	-6.36298	40.5966	5.4272	81.2781	13.2017	2.32112	
125.414	3.407	27.7475	16.0608	6.35483	-4.38006	-15.4849	9.7507	21.2293	83.9587	13.5612	1.09435	
128.34	4.73245	27.2449	13.5498	6.41346	-0.842952	-9.36305	-5.51938	13.3288	86.6827	13.6317	-0.303453	
130.88	5.87809	27.2854	12.1288	4.99413	1.13771	-5.46867	-7.84475	7.36549	89.3966	13.4808	-1.10452	
133.193	6.71047	27.6336	11.1986	3.30674	2.38039	-4.00574	-9.41649	5.48335	92.0679	13.2227	-1.40874	
135.347	7.15265	28.2009	10.5734	0.97473	3.34912	-1.80272	-14.6315	3.79304	94.6839	12.9395	-1.37305	
137.445	6.99787	28.8963	10.8375	-2.74596	3.45075	5.79942	-22.2721	-4.72512	97.2462	12.6967	-0.97723	
139.805	6.00113	29.3484	13.455	-6.91226	0.460418	20.6484	-13.5136	-26.755	99.7719	12.5979	0.152653	
142.927	4.61959	28.7902	17.8	-5.29352	-5.95332	16.001	32.0637	-27.9865	102.307	12.81	1.93688	
146.587	4.35365	27.2858	18.0805	2.72432	-7.52889	-11.3763	35.3072	11.9347	104.913	13.2634	2.18233	
149.893	5.38236	26.1246	15.1832	6.52842	-3.67482	-13.7383	4.65456	20.3152	107.601	13.565	0.737145	
152.672	6.67337	25.7237	13.0945	6.07259	-0.474534	-7.48692	-6.16755	11.6631	110.319	13.572	-0.559789	
155.137	7.74635	25.8037	11.9437	4.67542	1.28276	-4.56729	-7.35844	6.7824	113.017	13.3833	-1.2321	
157.412	8.52102	26.1659	11.1462	3.07804	2.48644	-3.47454	-9.09851	5.58686	115.667	13.1094	-1.44651	
159.55	8.91694	26.7489	10.6368	0.766446	3.49862	-1.10415	-14.7396	4.01607	118.26	12.8246	-1.3563	
161.661	8.71257	27.4655	11.0792	-2.99078	3.59203	6.84713	-22.3712	-5.18619	120.8	12.5885	-0.928823	
164.069	7.66881	27.9193	13.8223	-7.03971	0.43149	20.6941	-12.2256	-28.1877	123.305	12.5029	0.234498	
167.226	6.29405	27.3193	17.8727	-5.04305	-6.16452	13.1255	33.7089	-27.773	125.822	12.7311	1.99647	
170.824	6.08369	25.7783	17.6581	2.95133	-7.53481	-12.5331	33.6722	12.9784	128.414	13.184	2.11467	
174.02	7.12141	24.6141	14.8002	6.49733	-3.62207	-12.8874	3.37582	20.5412	131.084	13.4696	0.680262	
176.719	8.38382	24.2088	12.9205	5.91418	-0.468878	-6.49901	-6.20733	11.2263	133.781	13.4594	-0.655855	
179.141	9.42326	24.2691	11.9246	4.58092	1.21596	-3.99267	-6.77815	6.54578	136.454	13.2534	-1.3044	
181.396	10.1859	24.6022	11.2132	3.13199	2.40765	-3.16598	-8.21079	5.725	139.077	12.9682	-1.48821	
183.526	10.6046	25.1618	10.7398	1.02557	3.50342	-1.0902	-13.5889	4.78259	141.641	12.6771	-1.38309	
185.627	10.4668	25.8871	11.1137	-2.51411	3.86638	6.00884	-21.6244	-3.11999	144.151	12.4332	-0.992868	
187.99	9.50558	26.428	13.6076	-6.74578	1.18571	19.0716	-15.329	-25.8321	146.623	12.3233	0.0512455	
191.054	8.08923	25.9747	17.5478	-5.73111	-5.51325	14.0663	29.1543	-31.9748	149.101	12.512	1.83995	
194.582	7.69651	24.4434	17.5937	2.15686	-7.88152	-11.6865	36.5335	9.53462	151.647	12.9586	2.19895	
197.739	8.62738	23.1611	14.7926	6.23199	-4.14589	-12.6711	5.72386	20.7892	154.274	13.2637	0.739692	
200.403	9.86213	22.6478	12.9424	5.94115	-0.84228	-6.32667	-5.43696	12.0451	156.931	13.2671	-0.59484	
202.798	10.9081	22.6298	11.9924	4.71544	0.958725	-3.72141	-6.29622	6.893	159.567	13.0698	-1.27886	
205.034	11.6979	22.8991	11.3336	3.40202	2.19398	-2.94941	-7.24246	5.89761	162.154	12.7865	-1.49424	
207.152	12.1831	23.4037	10.8664	1.57819	3.36679	-1.36162	-11.6974	5.57813	164.681	12.4908	-1.42553	
209.225	12.1848	24.1113	11.0513	-1.53238	4.09762	4.16423	-19.6544	0.186455	167.152	12.231	-1.12611	
211.485	11.4188	24.7715	12.9812	-5.85717	2.46147	15.8406	-20.0633	-19.3796	169.58	12.0734	-0.31792	
214.346	9.99179	24.639	16.7861	-6.87107	-3.76734	17.2847	16.8964	-37.1048	171.999	12.1709	1.40121	
217.773	9.21314	23.2439	17.7778	0.193802	-8.21297	-8.19562	41.6331	-0.538719	174.471	12.5833	2.33588	
220.95	9.88298	21.7566	15.1275	5.71334	-5.26723	-13.5779	11.6774	21.7439	177.028	12.9487	1.09852	
223.614	11.0812	21.0374	13.1131	6.07184	-1.54951	-6.7781	-4.19075	14.1048	179.629	13.011	-0.381455	
225.988	12.1523	20.8899	12.1424	4.96404	0.521702	-3.58382	-5.92747	7.58413	182.217	12.8413	-1.2053	
228.208	12.9854	21.0598	11.5216	3.78143	1.81457	-2.79167	-6.15353	5.94085	184.759	12.5636	-1.50291	
230.312	13.5585	21.4702	11.0392	2.3062	3.02293	-1.80704	-9.24028	6.1435	187.241	12.2609	-1.4855	
232.35	13.7444	22.1133	10.9811	-0.193641	4.0989	1.92467	-16.3287	3.62129	189.665	11.9823	-1.26856	
234.48	13.2745	22.8586	12.1912	-4.21385	3.73487	11.1726	-22.4618	-9.96282	192.038	11.7741	-0.726488	
237.054	11.9947	23.1459	15.4447	-7.42861	-0.82886	19.333	-2.29015	-35.6756	194.386	11.7511	0.669813	
240.279	10.7453	22.1611	17.8548	-3.09092	-7.53873	0.0748298	41.0893	-19.5484	196.762	12.0643	2.26204	
243.514	10.8862	20.4878	15.8772	4.29019	-6.95041	-14.5469	23.7011	19.2766	199.221	12.4973	1.68346	
246.232	11.9644	19.4316	13.5026	6.17	-2.82041	-8.32229	-0.779894	17.8363	201.743	12.6695	0.0663712	
248.601	13.073	19.0732	12.3707	5.34137	-0.181265	-3.80126	-5.59031	9.32573	204.27	12.5632	-1.00771	
250.803	13.9661	19.1048	11.7562	4.23703	1.28448	-2.65546	-5.41149	6.1452	206.758	12.3075	-1.46448	
252.892	14.6311	19.3898	11.2695	3.05738	2.49423	-2.12781	-6.90308	6.22603	209.189	12.0028	-1.53565	
254.898	15.0021	19.9184	11.0117	1.21569	3.75364	0.00366547	-12.1994	5.90788	211.56	11.7074	-1.39083	
256.913	14.8703	20.6557	11.5453	-2.03783	4.42704	6.20661	-20.3578	-1.0223	213.875	11.4584	-1.05453	
259.188	13.9527	21.2882	13.8175	-6.31504	2.24915	16.5222	-18.1113	-23.5936	216.15	11.322	-0.161027	
262.065	12.4671	20.9797	17.143	-6.40147	-4.6821	11.3121	23.1259	-37.6177	218.423	11.4631	1.64376	
265.297	11.8213	19.408	16.8658	1.14789	-8.35375	-12.1379	38.9121	5.23417	220.757	11.8983	2.26421	
268.131	12.5508	17.9277	14.2218	5.75385	-4.8488	-11.22	8.13274	21.8573	223.174	12.2204	0.803893	
270.526	13.6639	17.2368	12.6977	5.77261	-1.30974	-4.74942	-4.42228	12.9315	225.623	12.2283	-0.60954	
272.709	14.6284	17.0775	12.0157	4.74425	0.590698	-2.61572	-5.17897	7.09343	228.051	12.0238	-1.32845	
274.779	15.3794	17.2156	11.5403	3.72689	1.85025	-2.2067	-5.30174	6.06169	230.427	11.7298	-1.54803	
276.758	15.9018	17.5979	11.1729	2.42052	3.12874	-1.2104	-8.39922	6.70015	232.742	11.4233	-1.48375	
278.694	16.0692	18.2337	11.2301	0.0916992	4.35459	2.38898	-15.4716	4.5851	234.998	11.1464	-1.262	
280.736	15.6122	19.009	12.4405	-3.81065	4.24753	10.4874	-22.5079	-8.34612	237.205	10.9351	-0.77453	
283.192	14.3329	19.3799	15.4088	-7.38701	-0.129993	17.0923	-5.95332	-35.9529	239.383	10.8937	0.548125	
286.218	12.9616	18.4456	17.4149	-3.7358	-7.41915	-1.34011	39.7469	-24.0083	241.586	11.1915	2.26151	
289.197	12.9311	16.6874	15.3504	3.84533	-7.34405	-13.9975	25.6804	19.0228	243.87	11.636	1.76129	
291.673	13.8991	15.5258	13.1922	6.00492	-3.08311	-7.03126	0.0337819	18.6967	246.222	11.8182	0.0845888	
293.847	14.9301	15.095	12.2839	5.29152	-0.328483	-2.90699	-5.10564	9.63952	248.578	11.7112	-1.02472	
295.89	15.7634	15.0695	11.8099	4.29854	1.17362	-2.1026	-4.7372	6.26324	250.896	11.4516	-1.48355	
297.844	16.3938	15.3038	11.4169	3.29091	2.41843	-1.72881	-5.83209	6.51842	253.156	11.1442	-1.54241	
299.731	16.7715	15.7944	11.2177	1.71145	3.7895	0.130593	-10.6592	6.83197	255.354	10.8485	-1.39013	
301.63	16.7054	16.5325	11.6929	-1.22554	4.78556	5.31083	-19.0095	1.50801	257.498	10.5971	-1.09247	
303.751	15.8897	17.2708	13.629	-5.61329	3.3592	14.2083	-21.3737	-19.491	259.599	10.4453	-0.312593	
306.397	14.354	17.1986	16.6418	-7.15068	-3.34073	11.0996	14.2005	-41.6064	261.693	10.5484	1.40924	
309.384	13.3848	15.7161	16.5585	-0.334133	-8.57566	-10.9913	41.8752	-2.34255	263.841	10.9645	2.35163	
312.008	13.8604	14.0775	14.0178	5.29376	-5.59404	-10.7159	12.2335	22.8044	266.075	11.3241	1.02152	
314.209	14.8816	13.2462	12.6158	5.78232	-1.72694	-4.08059	-3.38421	14.482	268.349	11.3664	-0.488364	
316.225	15.8015	13.0079	12.0568	4.86943	0.383841	-2.0763	-4.79283	7.71216	270.606	11.178	-1.28029	
318.151	16.5236	13.0953	11.6747	3.95007	1.7208	-1.80588	-4.63138	6.31817	272.813	10.8901	-1.52969	
320.005	17.0432	13.4394	11.3723	2.8319	3.06298	-0.986983	-7.17156	7.18204	274.961	10.5865	-1.47044	
321.823	17.2552	14.0583	11.428	0.797047	4.4688	2.04014	-13.8521	6.06897	277.05	10.312	-1.25598	
323.733	16.9021	14.8793	12.4388	-2.86517	4.86602	8.7061	-22.3692	-4.57635	279.089	10.0965	-0.840177	
325.987	15.7095	15.4386	14.9602	-7.09233	1.34735	15.1418	-13.6765	-32.8485	281.098	10.0249	0.31003	
328.753	14.1518	14.7601	16.9594	-5.23274	-6.55966	0.320871	34.2982	-33.3779	283.122	10.2802	2.17761	
331.512	13.766	12.9728	15.1585	2.7334	-8.07429	-13.4108	31.9696	15.7386	285.225	10.7499	2.0382	
333.797	14.57	11.6442	13.0854	5.86587	-3.7372	-6.54091	2.76046	20.8205	287.405	10.9873	0.315818	
335.801	15.5526	11.1162	12.2872	5.41867	-0.618556	-2.36264	-4.61682	10.9256	289.599	10.9139	-0.911784	
337.697	16.3613	11.0483	11.9089	4.48852	1.04935	-1.68807	-4.43228	6.75618	291.759	10.6698	-1.43222	
339.524	16.9794	11.263	11.5889	3.57347	2.36857	-1.41158	-5.17707	6.86387	293.863	10.3701	-1.51079	
341.298	17.3702	11.7495	11.4371	2.16453	3.83897	0.245668	-9.64318	7.56846	295.908	10.0808	-1.35646	
343.09	17.3556	12.5143	11.879	-0.573037	5.07092	4.74272	-18.2205	3.24585	297.899	9.83602	-1.06562	
345.079	16.6192	13.3461	13.5564	-4.97689	4.12385	12.1944	-23.5441	-16.1595	299.848	9.67872	-0.392565	
347.519	15.0742	13.471	16.1909	-7.57947	-2.2368	10.3134	6.40271	-43.8274	301.785	9.75126	1.28963	
350.268	13.8609	12.0988	16.1632	-1.50093	-8.66301	-10.2534	43.8789	-8.60668	303.773	10.1713	2.5215	
352.68	14.1341	10.3723	13.7691	4.92537	-6.14277	-9.90807	15.8603	23.6871	305.853	10.5761	1.24505	
354.702	15.087	9.46687	12.5335	5.82317	-1.97721	-3.31651	-2.5326	15.8862	307.981	10.6526	-0.368524	
356.572	15.9784	9.2108	12.0975	4.9921	0.33185	-1.59783	-4.60002	8.36477	310.097	10.4813	-1.22017	
358.374	16.6806	9.30941	11.7956	4.11088	1.76826	-1.44919	-4.40693	6.73807	312.166	10.2032	-1.48622	
360.121	17.1885	9.68276	11.5649	3.04401	3.2009	-0.618651	-6.91351	7.69876	314.177	9.90872	-1.41968	
361.851	17.398	10.3508	11.6916	1.03886	4.72407	2.34335	-13.8897	6.68946	316.132	9.64612	-1.1863	
363.684	17.0399	11.2421	12.7188	-2.70382	5.21386	8.42448	-23.2138	-4.44468	318.04	9.44683	-0.747108	
365.848	15.8121	11.8699	15.0284	-7.17311	1.55744	13.1091	-14.9504	-34.5212	319.92	9.39724	0.440448	
368.444	14.1842	11.202	16.494	-5.38625	-6.71003	-2.1606	34.9535	-34.287	321.822	9.68085	2.30915	
370.954	13.7468	9.40035	14.5687	2.70276	-8.11969	-12.2097	32.1665	16.9082	323.807	10.1652	2.049	
373.029	14.5112	8.09818	12.8306	5.84453	-3.63921	-4.97889	2.85009	21.0998	325.87	10.3987	0.285737	
374.884	15.4573	7.61393	12.2503	5.43503	-0.487846	-1.68221	-4.37818	11.0945	327.946	10.3217	-0.913666	
376.664	16.2374	7.59843	11.9662	4.54506	1.2364	-1.3349	-4.30452	7.16448	329.987	10.0808	-1.3989	
378.393	16.8308	7.88143	11.7209	3.62462	2.66064	-0.966847	-5.41063	7.47776	331.975	9.79097	-1.44613	
380.09	17.1918	8.45398	11.6769	2.13751	4.22734	0.954665	-10.5507	8.03331	333.905	9.51839	-1.25766	
381.835	17.1115	9.31675	12.2845	-0.879093	5.43168	5.6184	-20.0468	2.16292	335.785	9.29711	-0.923074	
383.808	16.2461	10.1916	14.0614	-5.58632	3.89762	11.8472	-23.797	-21.2414	337.63	9.17907	-0.120525	
386.204	14.5965	10.1769	16.1813	-7.46153	-3.46612	5.29625	13.955	-45.5533	339.474	9.32416	1.69755	
388.743	13.5149	8.64347	15.2857	-0.368854	-8.88704	-11.6582	43.2478	-0.0250811	341.383	9.79256	2.51505	
390.891	13.9244	7.02288	13.196	5.29324	-5.42321	-7.09575	11.8369	24.2203	343.384	10.1594	0.969362	
392.748	14.8711	6.27552	12.3935	5.75836	-1.49039	-2.07917	-2.97899	14.6577	345.424	10.1895	-0.53451	
394.512	15.7233	6.12759	12.1002	4.93938	0.684357	-1.21291	-4.35747	8.25636	347.445	9.99931	-1.25197	
396.23	16.3922	6.32775	11.8658	4.06849	2.18323	-1.06279	-4.6631	7.37263	349.418	9.72407	-1.43296	
397.912	16.8547	6.82409	11.7507	2.84644	3.75785	0.202001	-8.30493	8.30772	351.335	9.44584	-1.31524	
399.612	16.9628	7.63157	12.102	0.411845	5.27056	3.76248	-16.7809	5.552	353.199	9.20839	-1.0347	
401.471	16.396	8.6009	13.432	-3.93733	5.05318	9.71078	-25.4432	-11.1753	355.023	9.05133	-0.44365	
403.694	14.9205	9.03747	15.6069	-7.82805	-0.507893	9.16015	-4.39246	-43.706	356.833	9.09647	1.08819	
406.193	13.4321	7.94099	15.7166	-3.27449	-8.31751	-8.58045	43.79	-19.269	358.687	9.49641	2.60519	
408.41	13.408	6.16289	13.6011	4.14532	-7.00159	-6.80946	16.7113	18.9924	360.635	9.94965	1.5936	
410.284	14.2835	5.14982	12.5189	5.90525	-2.50156	-2.62194	-0.513931	18.2516	362.644	10.0833	-0.135847	
412.039	15.1896	4.87265	12.2023	5.25232	0.181167	-1.0954	-4.36801	9.69887	364.65	9.94797	-1.08479	
413.749	15.9196	5.00597	11.9903	4.38606	1.81181	-1.02854	-4.38212	7.45423	366.615	9.69129	-1.40036	
415.426	16.4563	5.44362	11.8434	3.32732	3.36991	-0.201518	-6.87761	8.29487	368.525	9.41208	-1.34818	
417.105	16.6946	6.19863	12.0433	1.30249	5.01386	2.60505	-14.2244	7.26482	370.382	9.16469	-1.10154	
418.898	16.3507	7.19493	13.061	-2.59736	5.55929	7.8953	-24.4961	-4.71759	372.196	8.98576	-0.623684	
420.997	15.0926	7.90833	15.0647	-7.33686	1.62733	10.3461	-15.7597	-36.9684	373.987	8.96713	0.627678	
423.427	13.4183	7.24784	15.8678	-5.41166	-6.97274	-4.78939	36.6089	-33.9149	375.806	9.28763	2.44959	
425.691	12.9826	5.46492	13.9255	2.81225	-8.04011	-10.1866	31.8116	18.553	377.715	9.78015	2.00389	
427.586	13.747	4.24193	12.6246	5.88208	-3.42515	-3.22315	2.75276	21.1488	379.699	10.0007	0.228081	
429.335	14.6878	3.84602	12.2729	5.49303	-0.264677	-1.00992	-4.19204	11.27	381.694	9.91778	-0.914394	
431.042	15.468	3.9259	12.0853	4.62372	1.53418	-0.934343	-4.34444	7.7224	383.656	9.68176	-1.35215	
432.719	16.0583	4.32449	11.9337	3.64002	3.0937	-0.380601	-6.08338	8.20764	385.564	9.405	-1.36369	
434.391	16.3822	5.0415	12.0513	1.87196	4.78273	1.9251	-12.4875	8.06042	387.419	9.15136	-1.14564	
436.151	16.1883	6.03897	12.8712	-1.66505	5.74068	6.63757	-23.0898	-0.96923	389.229	8.95936	-0.724627	
438.173	15.1112	6.90597	14.6789	-6.66388	2.93036	10.2865	-21.4667	-30.6854	391.012	8.90368	0.338896	
440.538	13.3896	6.57617	15.8409	-6.64751	-5.58819	-1.86603	27.8016	-41.9104	392.812	9.16158	2.23063	
442.824	12.6463	4.87347	14.1688	1.51797	-8.61126	-10.6205	38.1585	12.3799	394.694	9.66276	2.27327	
444.739	13.2816	3.49719	12.7159	5.7304	-4.20927	-3.77151	6.2522	23.0453	396.661	9.94638	0.521013	
446.488	14.239	2.99673	12.3254	5.66467	-0.663646	-0.965526	-3.791	12.7274	398.651	9.90769	-0.763289	
448.195	15.0609	3.03109	12.1485	4.84114	1.32935	-0.744534	-4.58498	8.25769	400.612	9.69292	-1.26943	
449.876	15.6955	3.40679	12.0184	3.8519	2.91449	-0.393597	-5.78799	8.07749	402.524	9.42336	-1.36631	
451.551	16.0761	4.09945	12.0954	2.23265	4.59555	1.50332	-11.2952	8.32633	404.382	9.16432	-1.19102	
453.298	15.9837	5.08899	12.7806	-1.02015	5.77716	5.73084	-21.7405	1.31906	406.193	8.96029	-0.804278	
455.275	15.0461	6.04371	14.4181	-6.0523	3.73052	9.86579	-24.3636	-25.8111	407.974	8.87932	0.14896	
457.589	13.3346	5.95106	15.7505	-7.32745	-4.43068	0.0836068	20.1592	-45.8191	409.765	9.09188	2.03647	
459.883	12.3758	4.35244	14.3216	0.450696	-8.86582	-10.6266	41.9748	6.5006	411.632	9.58981	2.43498	
461.813	12.8932	2.87525	12.7817	5.53497	-4.80869	-4.16669	9.36438	24.1301	413.589	9.91767	0.742847	
463.564	13.8563	2.29338	12.3632	5.77834	-0.981779	-0.924115	-3.32648	13.9193	415.576	9.91342	-0.642327	
465.275	14.7085	2.29241	12.2126	4.94935	1.13844	-0.746288	-4.35169	8.44907	417.541	9.7127	-1.25543	
466.962	15.3746	2.64386	12.075	4.02461	2.74421	-0.475199	-5.34165	8.14864	419.457	9.44443	-1.36462	
468.641	15.8046	3.31668	12.1216	2.52867	4.45893	1.26091	-10.4994	8.67657	421.319	9.18533	-1.19344	
470.381	15.7921	4.30329	12.7299	-0.539571	5.80135	5.18478	-20.8045	2.78255	423.134	8.97923	-0.829576	
472.332	14.9628	5.31823	14.2455	-5.54076	4.26654	9.40249	-25.8252	-22.2287	424.918	8.88504	0.0258672	
474.609	13.2839	5.40224	15.6525	-7.69635	-3.47484	1.37144	13.8762	-47.4604	426.707	9.06229	1.85103	
476.906	12.1695	3.91241	14.4264	-0.442179	-8.93699	-10.4434	44.098	1.11409	428.565	9.54758	2.5172	
478.852	12.5788	2.36612	12.8325	5.31592	-5.29291	-4.48733	12.1717	24.6617	430.516	9.90615	0.916003	
480.607	13.5406	1.71584	12.3897	5.85698	-1.25564	-0.892481	-2.81485	14.9343	432.505	9.92995	-0.539977	
482.322	14.419	1.67876	12.2524	5.07337	0.961948	-0.678621	-4.2815	8.85876	434.474	9.74382	-1.20896	
484.017	15.1158	2.00977	12.1234	4.16923	2.60692	-0.473893	-5.13349	8.19203	436.397	9.48089	-1.35486	
485.702	15.5853	2.66584	12.1472	2.77457	4.37067	0.446984	-8.20021	12.9861	438.267	9.22244	-1.07086	
487.444	15.6353	3.65088	12.7142	-0.174727	5.79319	4.78766	-19.9933	3.62367	440.09	9.01649	-0.85717	
489.38	14.8943	4.70373	14.1241	-5.08846	4.62599	8.90417	-26.467	-19.3079	441.88	8.90835	-0.0952996	
491.631	13.2595	4.92407	15.5578	-7.88602	-2.66826	2.29269	8.5503	-47.8865	443.67	9.05195	1.66977	
493.929	12.0277	3.53997	14.5019	-1.2038	-8.91113	-10.2062	45.2252	-3.76492	445.524	9.52112	2.5656	
495.888	12.3386	1.9438	12.869	5.09462	-5.69655	-4.76117	14.7046	24.8973	447.472	9.90406	1.06384	
497.648	13.2952	1.23496	12.406	5.91339	-1.49174	-0.857041	-2.31598	15.8209	449.463	9.95221	-0.450522	
499.368	14.1929	1.17852	12.2857	5.14722	0.880229	-0.578895	-4.35939	9.11012	451.438	9.77728	-1.18031	
501.071	14.9074	1.50358	12.1693	4.24006	2.54083	-0.454776	-5.04362	8.15769	453.368	9.51644	-1.35846	
502.767	15.3986	2.15339	12.1925	2.87497	4.2583	0.979204	-9.45833	8.8614	455.244	9.25461	-1.2225	
504.512	15.4873	3.12925	12.7004	0.0771365	5.76187	4.4478	-19.3063	4.50208	457.073	9.04016	-0.88754	
506.441	14.8077	4.2088	14.0439	-4.7932	4.87695	8.64163	-27.0422	-17.4283	458.867	8.92621	-0.133418	
508.676	13.2028	4.52079	15.4895	-7.99693	-2.14266	2.76457	5.28715	-48.0571	460.659	9.05748	1.59306	
510.974	11.8985	3.21156	14.533	-1.70217	-8.85417	-9.99426	45.6722	-6.93177	462.514	9.51927	2.59003	
512.941	12.1423	1.58961	12.89	4.92388	-5.95175	-4.88419	16.407	24.876	464.462	9.91567	1.14917	
514.706	13.0931	0.843195	12.4195	5.94152	-1.65467	-0.823315	-1.90665	16.3838	466.457	9.97832	-0.395463	
516.432	14.0048	0.769606	12.3101	5.20721	0.796983	-0.521033	-4.32987	9.34157	468.438	9.81101	-1.15695	
518.144	14.7357	1.08744	12.202	4.30736	2.48031	-0.435135	-4.96231	8.18621	470.375	9.55271	-1.35469	
519.848	15.2467	1.73198	12.2219	2.97734	4.20096	0.918019	-9.17603	8.90955	472.259	9.29043	-1.22949	
521.6	15.3661	2.70584	12.7047	0.255562	5.7454	4.24908	-18.8651	4.94578	474.094	9.0738	-0.903205	
523.526	14.732	3.80323	13.9966	-4.56382	5.03583	8.37231	-27.2462	-16.0763	475.895	8.95448	-0.177157	
525.752	13.1558	4.18065	15.4326	-8.04021	-1.74526	3.04444	2.79173	-47.871	477.692	9.07244	1.5127	
528.049	11.8015	2.93297	14.5478	-2.08311	-8.78404	-9.81185	45.7881	-9.44183	479.548	9.52502	2.59782	
530.023	11.9964	1.29182	12.8952	4.8365	-6.14956	-4.89458	17.5563	25.4613	481.499	9.93902	1.26094	
531.793	12.9462	0.522296	12.4373	5.95155	-1.74859	-0.743063	-1.79191	16.6939	483.5	10.0135	-0.373426	
533.527	13.8644	0.438763	12.3381	5.22947	0.731052	-0.500977	-4.26171	9.367	485.488	9.84733	-1.16157	
535.247	14.6051	0.74857	12.2292	4.35402	2.41243	-0.461358	-4.77916	8.16916	487.432	9.58748	-1.36351	
536.959	15.1331	1.38503	12.2395	3.07405	4.13812	0.84645	-8.8601	9.00343	489.323	9.32369	-1.23535	
538.716	15.2817	2.35548	12.7007	0.425526	5.73009	4.09527	-18.4722	5.38347	491.165	9.10597	-0.910328	
540.641	14.6903	3.46875	13.9531	-4.3458	5.18135	8.16675	-27.3816	-14.8441	492.971	8.98315	-0.211567	
542.859	13.1432	3.90647	15.3864	-8.06033	-1.36513	3.32639	0.47535	-47.5232	494.773	9.0891	1.43389	
545.159	11.7435	2.72006	14.5724	-2.44993	-8.69374	-9.6415	45.6966	-11.9049	496.631	9.53146	2.5966	
547.141	11.8803	1.06678	12.9146	4.63265	-6.33305	-5.08785	19.1091	24.6196	498.584	9.94564	1.27839	
548.916	12.8188	0.262233	12.4318	5.97563	-1.90793	-0.763009	-1.21995	17.266	500.587	10.0309	-0.308145	
550.653	13.7509	0.161772	12.3416	5.29383	0.670685	-0.418759	-4.29304	9.71276	502.58	9.87564	-1.12072	
552.379	14.5057	0.468563	12.2489	4.40175	2.38958	-0.394307	-4.8588	8.22155	504.53	9.62107	-1.35072	
554.099	15.0453	1.10494	12.2596	3.1428	4.15	0.270767	-6.81262	12.9319	506.428	9.35875	-1.10982	
555.864	15.2079	2.081	12.7294	0.483847	5.72739	4.0424	-18.3447	5.31327	508.277	9.14283	-0.92126	
557.796	14.6345	3.19966	13.9508	-4.24547	5.21473	7.94008	-27.2594	-14.3217	510.09	9.01437	-0.255341	
560.013	13.1047	3.66141	15.3531	-8.04833	-1.20681	3.31847	-0.598128	-47.224	511.897	9.10962	1.37816	
562.311	11.6886	2.50394	14.5564	-2.60618	-8.65093	-9.56326	45.6246	-12.9867	513.759	9.54537	2.59453	
564.295	11.8039	0.84676	12.8939	4.6308	-6.45356	-6.14358	25.6805	20.6327	515.714	9.96605	1.61434	
566.071	12.7485	0.035166	12.4375	5.99092	-1.91798	-0.634593	-1.38096	17.4542	517.723	10.0622	-0.29779	
32.2096	0.56989	38.765	-11.6612	8.88138	16.7811	141.095	-48.5239	-106.693	0.645309	8.83351	33.3352	
31.2982	3.37329	40.9603	5.32825	16.0808	3.89337	120.908	-59.4856	-79.0453	2.82589	12.4435	11.3134	
32.8579	5.16089	41.5013	8.77555	2.81809	3.02827	12.4841	-36.2688	-4.70166	5.4558	13.4535	-0.126917	
34.8182	5.25503	41.9468	10.9124	-1.00638	1.81928	8.11224	-10.2809	-5.72105	8.11992	13.1116	-2.58869	
37.113	4.87154	42.1651	12.2709	-2.70314	0.776821	6.7725	-7.94901	-5.37822	10.6865	12.5417	-2.99225	
39.7016	4.16203	42.1544	14.0621	-4.34446	-0.596808	12.516	-7.69162	-9.35181	13.1357	11.9632	-2.66038	
42.8085	3.19985	41.7517	17.5802	-4.70273	-3.284	21.4117	8.65274	-17.1413	15.4823	11.5499	-1.25413	
46.6701	2.65812	40.7272	20.6644	0.39278	-6.1916	2.30644	39.7035	-6.44443	17.7825	11.5319	1.08385	
50.5665	3.49559	39.5102	17.4863	7.40871	-4.64331	-29.6617	20.9886	19.9084	20.1215	11.8915	2.09218	
53.4314	5.11399	38.979	11.7924	7.59847	-0.317743	-22.0319	-14.9263	18.8163	22.5368	12.2238	1.03003	
55.4391	6.23588	39.1666	9.20196	3.43209	2.20181	-4.95406	-23.2593	6.70334	24.9925	12.2862	-0.337806	
57.2253	6.45598	39.6342	9.34633	-1.08753	2.62903	5.71692	-21.5667	-1.96125	27.4365	12.1285	-1.12428	
59.2424	5.81964	40.0187	11.52	-5.05112	1.37132	16.5703	-17.0109	-11.2017	29.8379	11.8846	-1.17884	
61.9274	4.55944	39.9419	16.0218	-6.79492	-2.04691	26.812	3.88132	-22.2892	32.1955	11.7214	-0.276123	
65.5865	3.52619	39.0416	20.3508	-2.27159	-6.178	9.83734	39.2789	-13.2402	34.5449	11.8283	1.35377	
69.5665	3.89023	37.6951	18.7167	5.57259	-5.80919	-22.8868	29.0993	15.6987	36.9451	12.1934	1.97809	
72.7591	5.3331	36.8781	13.6948	7.74517	-1.7665	-22.1689	-4.96191	19.9453	39.4184	12.5036	0.95497	
75.0987	6.67231	36.815	10.5804	5.23413	1.29987	-9.01116	-17.4582	10.1948	41.9314	12.5789	-0.311375	
77.0536	7.35196	37.1728	9.68352	1.65758	2.532	-0.833138	-17.9212	2.8619	44.4339	12.4172	-1.19824	
78.9706	7.3102	37.6478	10.1568	-1.99517	2.54667	5.95427	-18.8164	-2.99545	46.8904	12.1386	-1.48893	
81.1453	6.52581	37.9822	12.4395	-5.64915	0.970815	17.9247	-15.6633	-14.0504	49.2896	11.8674	-1.07923	
84.033	5.20633	37.7408	17.1882	-6.51125	-3.2483	26.0954	12.5697	-25.9355	51.6493	11.7781	0.357019	
87.8242	4.42414	36.5826	20.2714	-0.156625	-7.07316	-1.05044	43.8447	-5.64757	54.0246	12.0313	2.01508	
91.5834	5.16621	35.2249	17.0725	6.70985	-5.03558	-24.4002	17.8666	21.0173	56.4738	12.4539	1.85387	
94.4809	6.63125	34.5923	12.7857	7.12719	-0.887438	-16.0264	-9.19704	17.2613	58.9928	12.6869	0.429068	
96.7353	7.80078	34.6361	10.6806	4.5199	1.57852	-6.05185	-14.7939	8.04473	61.5299	12.6436	-0.766529	
98.73	8.39009	35.0142	10.0304	1.4973	2.62235	-0.890457	-15.5507	2.90344	64.0381	12.4179	-1.40063	
100.691	8.34806	35.5062	10.366	-1.85575	2.74857	4.88317	-18.2882	-2.17164	66.4919	12.1164	-1.52787	
102.87	7.58406	35.8836	12.4428	-5.60134	1.26111	17.1206	-16.9138	-14.4019	68.8867	11.8505	-0.986924	
105.73	6.24653	35.6649	17.0797	-6.65088	-3.28399	25.4587	12.668	-28.4796	71.2459	11.7951	0.603079	
109.46	5.44858	34.4495	19.9007	-0.121622	-7.39253	-2.61735	44.3094	-5.23376	73.6299	12.1005	2.22951	
113.115	6.18203	33.0382	16.6988	6.55782	-5.13944	-22.5861	16.3856	21.7371	76.0955	12.5381	1.78937	
115.966	7.59696	32.3769	12.8967	6.91166	-1.0078	-13.7651	-8.20269	16.7338	78.6289	12.7436	0.259007	
118.257	8.74983	32.3771	11.0719	4.66163	1.38825	-5.52134	-12.5367	8.02414	81.1741	12.6697	-0.891996	
120.31	9.40848	32.7117	10.3781	2.10861	2.52103	-1.81286	-13.2093	3.86255	83.6854	12.4252	-1.46766	
122.29	9.52974	33.1999	10.3628	-0.786983	2.97933	2.18489	-16.6266	0.423349	86.1395	12.1129	-1.58281	
124.379	8.9866	33.6782	11.6791	-4.53964	2.22986	12.3999	-19.7406	-9.77694	88.5321	11.8277	-1.14973	
126.983	7.72635	33.7223	15.6476	-7.1598	-1.66992	25.3326	0.767698	-28.887	90.8828	11.7277	0.295934	
130.476	6.60085	32.7227	19.4749	-2.47754	-7.08319	5.7942	42.2742	-15.9886	93.2477	11.9831	2.13247	
134.164	6.92886	31.1766	17.4693	5.28481	-6.36237	-20.253	25.3456	19.0536	95.6907	12.4431	2.05589	
137.157	8.23976	30.2544	13.6784	7.08149	-2.09843	-14.9272	-4.24552	19.4783	98.2109	12.7082	0.581939	
139.559	9.47682	30.0723	11.673	5.32785	0.739306	-6.19473	-10.7555	9.59471	100.754	12.6783	-0.757782	
141.692	10.2985	30.2909	10.8318	3.16769	2.12073	-2.80267	-10.8493	5.03311	103.269	12.4496	-1.43313	
143.708	10.6749	30.7163	10.4785	0.816394	2.92625	-0.53947	-13.3137	3.0525	105.728	12.136	-1.63534	
145.714	10.5044	31.2494	10.8719	-2.404	3.1234	5.5845	-19.106	-2.35057	108.123	11.8225	-1.42011	
147.972	9.5937	31.6407	13.2793	-6.31679	1.13409	19.4075	-16.0738	-19.8947	110.464	11.6154	-0.484685	
150.967	8.18566	31.2355	17.849	-6.1297	-4.66076	20.0731	23.7217	-31.8655	112.789	11.7025	1.45341	
154.617	7.64453	29.7612	18.7823	1.62244	-7.87808	-11.4425	41.6114	4.32814	115.17	12.1367	2.48102	
157.909	8.565	28.3775	15.2586	6.65285	-4.41732	-17.8946	7.89577	22.5364	117.641	12.5344	1.26135	
160.528	9.87485	27.8047	12.6209	6.24633	-0.683118	-8.67795	-7.82096	13.7872	120.162	12.6236	-0.284606	
162.779	10.9126	27.7929	11.4448	4.45807	1.29467	-3.93787	-9.2084	6.98437	122.674	12.4643	-1.19794	
164.861	11.5788	28.0729	10.8429	2.58702	2.42189	-2.26606	-9.90547	4.77694	125.139	12.1799	-1.57266	
166.853	11.8334	28.5426	10.5936	0.248574	3.2497	0.246257	-14.1767	3.16591	127.543	11.8594	-1.57766	
168.871	11.5093	29.1138	11.3054	-3.27137	3.27277	8.17852	-20.7102	-4.8374	129.885	11.5746	-1.18294	
171.241	10.4074	29.4327	14.3343	-7.01464	0.288875	21.8445	-10.8536	-26.7855	132.183	11.4408	0.0280071	
174.397	9.02876	28.7361	18.4333	-4.80516	-6.17464	11.8946	34.8069	-28.1018	134.485	11.6463	2.00138	
177.938	8.85914	27.1001	17.6481	3.38796	-7.57865	-16.1921	33.9162	13.5969	136.861	12.1225	2.30185	
180.944	9.93699	25.8647	14.2649	6.67375	-3.45134	-13.9891	1.75132	21.0456	139.322	12.4368	0.737784	
183.397	11.1651	25.4206	12.3358	5.76374	-0.224722	-6.13274	-7.74142	11.3699	141.814	12.434	-0.648325	
185.584	12.1057	25.4473	11.4662	4.16053	1.44204	-3.18867	-7.95161	6.2477	144.282	12.2228	-1.36291	
187.635	12.7195	25.7339	10.9379	2.50601	2.53972	-2.12594	-9.10351	5.09131	146.697	11.9203	-1.5992	
189.604	12.9521	26.2198	10.7154	0.249967	3.47333	0.451823	-14.1694	3.76527	149.049	11.604	-1.51677	
191.608	12.6068	26.8267	11.4947	-3.33496	3.5548	8.59843	-21.2425	-5.08617	151.342	11.3368	-1.07259	
193.975	11.4683	27.166	14.5423	-7.11948	0.33737	21.2221	-10.3563	-28.7998	153.594	11.2289	0.175849	
197.095	10.0754	26.4227	18.2558	-4.66024	-6.43212	9.00824	36.033	-28.2093	155.857	11.4633	2.1131	
200.505	9.92318	24.735	17.1223	3.45999	-7.61499	-16.048	32.2606	14.8353	158.197	11.9431	2.22173	
203.376	10.97	23.4881	14.0114	6.49689	-3.42694	-12.1917	1.36129	20.6362	160.62	12.2316	0.592808	
205.757	12.1481	23.0235	12.3601	5.65041	-0.298402	-5.2198	-6.9637	10.9748	163.068	12.2043	-0.741892	
207.91	13.0655	23.0154	11.6002	4.23137	1.33012	-2.9205	-6.95431	6.25829	165.489	11.9806	-1.3963	
209.939	13.6947	23.2678	11.0922	2.78539	2.4701	-2.16613	-8.00622	5.515	167.855	11.6762	-1.58752	
211.883	13.986	23.7368	10.8266	0.76333	3.54626	-0.00377614	-12.9401	4.84131	170.159	11.3646	-1.4883	
213.841	13.7455	24.3721	11.4149	-2.61251	3.97135	6.98116	-20.7394	-2.5428	172.404	11.0995	-1.09918	
216.097	12.715	24.8403	14.0198	-6.7343	1.40302	18.9791	-15.3141	-25.6905	174.607	10.9702	-0.025633	
219.039	11.2382	24.3089	17.7092	-5.754	-5.51892	11.5321	29.3628	-34.1133	176.813	11.1559	1.9071	
222.346	10.7981	22.6402	17.1647	2.26137	-8.11812	-14.12	36.9014	9.9572	179.09	11.6282	2.3476	
225.188	11.6876	21.2332	14.1877	6.24017	-4.16933	-12.1972	4.72254	21.8048	181.454	11.9532	0.779528	
227.545	12.8422	20.6353	12.5352	5.78038	-0.76444	-5.15467	-5.98459	12.1254	183.849	11.9551	-0.637735	
229.675	13.7809	20.5397	11.7968	4.50911	1.01473	-2.80566	-6.24192	6.68814	186.222	11.7459	-1.34902	
231.686	14.4612	20.7242	11.2984	3.25276	2.21506	-2.232	-6.73764	5.8007	188.542	11.448	-1.56633	
233.607	14.8543	21.1399	10.9648	1.57244	3.40408	-0.745777	-10.7781	5.89489	190.8	11.1386	-1.49033	
235.509	14.7986	21.7706	11.2462	-1.3342	4.27433	4.42452	-18.6714	1.33688	193	10.8662	-1.19125	
237.605	14.0096	22.3969	13.1353	-5.60049	2.95122	15.0915	-20.9903	-17.7025	195.153	10.6934	-0.406933	
240.272	12.5215	22.278	16.7187	-7.13065	-3.25933	16.0438	13.5401	-39.5603	197.294	10.7755	1.37041	
243.451	11.5874	20.8143	17.4623	-0.281766	-8.45137	-9.38997	43.1269	-3.43263	199.488	11.2033	2.51131	
246.332	12.1356	19.1676	14.6943	5.58558	-5.59053	-13.3807	12.7273	22.9387	201.773	11.6057	1.25116	
248.702	13.2499	18.3257	12.8209	6.0098	-1.64422	-5.82413	-4.24882	14.8798	204.108	11.6867	-0.340412	
250.818	14.2338	18.0897	12.0283	4.89769	0.506824	-2.80868	-5.8274	7.71402	206.431	11.5188	-1.21905	
252.811	14.9802	18.1792	11.5391	3.77233	1.80888	-2.22931	-5.67159	5.97602	208.708	11.2365	-1.52978	
254.714	15.4833	18.5117	11.1558	2.43437	3.04771	-1.37904	-8.35634	6.47536	210.924	10.9289	-1.50582	
256.569	15.6324	19.0904	11.1571	0.137737	4.25465	2.01748	-15.2671	4.68077	213.081	10.6471	-1.28329	
258.518	15.1604	19.8175	12.3113	-3.78583	4.22132	10.4086	-22.6816	-8.12368	215.188	10.44	-0.748604	
260.881	13.8607	20.1502	15.3208	-7.41794	-0.105014	17.6892	-6.3223	-35.7712	217.268	10.4048	0.588037	
263.838	12.4612	19.1832	17.5005	-3.78933	-7.42765	-0.535326	40.1348	-24.4578	219.374	10.7153	2.35555	
266.774	12.4179	17.384	15.475	3.9277	-7.38278	-14.3364	26.2603	19.302	221.566	11.1832	1.88707	
269.199	13.3927	16.1927	13.232	6.11622	-3.03586	-7.39325	-0.166207	19.1061	223.828	11.3873	0.17252	
271.31	14.424	15.7494	12.2762	5.3409	-0.225305	-3.04303	-5.45541	9.80857	226.1	11.2939	-0.974263	
273.286	15.2433	15.7196	11.7854	4.27772	1.29964	-2.15064	-5.10035	6.34398	228.336	11.0421	-1.45263	
275.173	15.8444	15.9533	11.3877	3.18518	2.55684	-1.72391	-6.35181	6.55316	230.514	10.74	-1.51761	
276.996	16.1716	16.4441	11.2027	1.46664	3.91565	0.303186	-11.5682	6.60134	232.632	10.4499	-1.35643	
278.84	16.0195	17.17	11.7561	-1.69471	4.77166	5.99014	-20.2334	0.090158	234.697	10.2088	-1.01364	
280.935	15.0835	17.8305	13.8689	-6.12959	2.79738	15.0786	-20.1395	-23.085	236.723	10.0795	-0.129243	
283.576	13.5082	17.5559	16.8342	-6.78302	-4.38959	9.50914	20.6837	-40.8507	238.748	10.2311	1.73946	
286.504	12.7042	15.92	16.3417	0.748415	-8.63198	-12.2383	40.6456	4.14602	240.838	10.6963	2.44108	
289.028	13.3248	14.3402	13.8237	5.68713	-4.9856	-9.87723	8.74234	23.052	243.018	11.0468	0.899121	
291.155	14.3645	13.6006	12.5512	5.76157	-1.27892	-3.7301	-4.28137	13.4139	245.234	11.066	-0.578899	
293.115	15.2597	13.4172	12.0192	4.76727	0.685656	-2.08217	-4.96547	7.34751	247.429	10.8662	-1.30535	
294.987	15.9472	13.5442	11.6308	3.7967	2.00726	-1.81701	-5.07485	6.46142	249.575	10.5784	-1.50636	
296.789	16.413	13.9317	11.3482	2.51739	3.38654	-0.727474	-8.41138	7.28194	251.66	10.2831	-1.41338	
298.569	16.522	14.5933	11.5144	0.131215	4.71368	2.96424	-16.0887	4.87298	253.69	10.0234	-1.15978	
300.478	15.9874	15.4004	12.7872	-3.92134	4.54478	10.4963	-23.6437	-9.61751	255.674	9.83748	-0.616888	
302.793	14.6036	15.7459	15.5472	-7.58131	-0.357748	14.5805	-4.89042	-39.4248	257.637	9.83823	0.819713	
305.58	13.1785	14.6841	16.8372	-3.44607	-7.89912	-4.65876	41.9372	-21.9202	259.634	10.1925	2.49124	
308.213	13.1618	12.8653	14.6301	4.10045	-7.19665	-12.3576	23.8939	21.3399	261.722	10.6556	1.73212	
310.392	14.0925	11.7376	12.8895	5.98458	-2.78396	-5.18407	-0.598293	18.4776	263.876	10.8234	0.00370301	
312.343	15.056	11.3451	12.2311	5.25149	-0.0860484	-2.15913	-4.88458	9.49518	266.032	10.7054	-1.04897	
314.199	15.8259	11.3551	11.8566	4.3077	1.44029	-1.74346	-4.56099	6.64484	268.149	10.4473	-1.44574	
315.987	16.3974	11.6399	11.5421	3.28912	2.80142	-1.23604	-6.19812	7.23688	270.209	10.1528	-1.45237	
317.732	16.6998	12.2066	11.4821	1.54022	4.29568	1.0592	-12.0568	7.14481	272.211	9.87958	-1.2569	
319.53	16.5038	13.0247	12.1878	-1.78687	5.15918	6.61498	-21.3385	-0.632132	274.164	9.66058	-0.890093	
321.597	15.4869	13.7405	14.2818	-6.39227	2.77336	13.7834	-20.1297	-26.5575	276.083	9.56179	0.0642797	
324.149	13.8496	13.4009	16.5872	-6.63164	-5.01143	4.62411	24.2959	-41.307	278.009	9.7594	1.96581	
326.827	13.0901	11.6982	15.4545	1.19228	-8.66063	-12.4056	39.1135	8.25665	280.008	10.2434	2.37425	
329.085	13.7208	10.1853	13.3081	5.69416	-4.6342	-7.31682	7.16802	22.9748	282.094	10.5623	0.708181	
331.039	14.71	9.52799	12.4201	5.66205	-1.04205	-2.50658	-4.08543	12.8379	284.21	10.5505	-0.686842	
332.88	15.5562	9.40783	12.0419	4.74677	0.87419	-1.61092	-4.52781	7.44172	286.301	10.3386	-1.32347	
334.656	16.2129	9.59609	11.733	3.85919	2.24249	-1.41373	-4.9232	7.09193	288.341	10.0548	-1.45425	
336.382	16.6529	10.0666	11.5595	2.54308	3.76115	-0.0110779	-8.97824	7.92754	290.323	9.77455	-1.31919	
338.117	16.713	10.832	11.9004	-0.0436523	5.13646	3.93756	-17.5031	4.45887	292.253	9.53633	-1.03879	
340.012	16.0845	11.7246	13.2784	-4.30916	4.71982	10.774	-24.8138	-12.8732	294.143	9.38585	-0.388657	
342.306	14.5961	12.0383	15.7464	-7.74477	-1.05022	10.858	-0.796594	-43.1698	296.021	9.43962	1.11309	
344.935	13.2074	10.8455	16.1172	-2.73114	-8.37612	-8.00395	43.6529	-16.286	297.943	9.83644	2.54723	
347.303	13.2867	9.0637	13.9137	4.43643	-6.75997	-9.962	20.5669	23.0602	299.958	10.2755	1.49981	
349.29	14.2078	8.05664	12.6413	5.92087	-2.38148	-3.43941	-1.23938	17.5082	302.031	10.3993	-0.171127	
351.122	15.1277	7.75727	12.2016	5.189	0.180202	-1.54569	-4.5578	9.22214	304.1	10.2585	-1.10731	
352.891	15.8631	7.84882	11.9143	4.29991	1.72799	-1.37265	-4.44334	7.07067	306.127	9.99747	-1.42269	
354.609	16.4031	8.22984	11.6931	3.24106	3.20827	-0.617823	-6.79256	7.89967	308.098	9.71318	-1.37775	
356.311	16.649	8.91434	11.8009	1.26733	4.78376	2.12354	-13.7472	7.04894	310.014	9.4585	-1.14677	
358.109	16.3317	9.83635	12.7448	-2.48222	5.37165	7.77639	-23.5379	-3.83934	311.885	9.26742	-0.705566	
360.214	15.1298	10.5166	14.8818	-7.12809	1.82138	12.155	-16.4596	-34.2982	313.73	9.22518	0.469929	
362.722	13.4757	9.90361	16.2442	-5.64565	-6.57324	-2.00707	34.1285	-35.7224	315.598	9.51429	2.34294	
365.151	12.9876	8.11289	14.4499	2.52684	-8.21347	-11.3557	33.3409	16.4653	317.551	10.0083	2.10764	
367.176	13.7393	6.8037	12.8438	5.86089	-3.71152	-4.5521	3.45145	21.4892	319.584	10.2533	0.339427	
369.003	14.6978	6.3262	12.3147	5.51617	-0.483432	-1.54593	-4.24682	11.4373	321.631	10.1861	-0.86864	
370.763	15.4963	6.33149	12.0494	4.63443	1.30238	-1.25658	-4.33325	7.45143	323.647	9.95388	-1.35622	
372.477	16.1067	6.64671	11.8229	3.69355	2.78294	-0.849564	-5.60381	7.75065	325.61	9.67278	-1.40086	
374.165	16.4709	7.26587	11.8169	2.10147	4.41026	1.14953	-11.151	8.07287	327.517	9.409	-1.21056	
375.91	16.3697	8.17402	12.4617	-1.0808	5.55418	5.7651	-21.0716	1.32836	329.377	9.19912	-0.850225	
377.89	15.4486	9.05501	14.2209	-5.92877	3.65029	11.3084	-23.5352	-24.1657	331.204	9.10276	0.0352146	
380.266	13.7715	8.9477	16.049	-7.28774	-4.15817	3.0839	18.3939	-45.1793	333.037	9.28743	1.90006	
382.717	12.7956	7.34742	14.9065	0.252439	-8.8692	-11.2587	42.1268	4.30734	334.941	9.774	2.46993	
384.788	13.2916	5.79962	13.057	5.47269	-5.03332	-5.83498	9.95118	24.0036	336.936	10.1176	0.832766	
386.615	14.2548	5.13394	12.4023	5.7595	-1.18756	-1.65931	-3.35915	13.9913	338.965	10.1267	-0.602755	
388.368	15.1083	5.05149	12.1512	4.91872	0.910946	-1.11729	-4.36175	8.16327	340.973	9.92901	-1.26183	
390.08	15.7767	5.31189	11.9371	4.02553	2.43381	-0.917306	-4.95726	7.64825	342.932	9.65614	-1.4023	
391.764	16.2256	5.877	11.871	2.68026	4.06244	0.565696	-9.30266	8.45123	344.836	9.38693	-1.25718	
393.481	16.2801	6.75401	12.3219	-0.042033	5.49991	4.38081	-18.6079	4.35838	346.69	9.16398	-0.94311	
395.381	15.5945	7.73563	13.7644	-4.70368	4.71368	9.96573	-25.8781	-16.0231	348.507	9.03408	-0.242674	
397.645	14.0164	8.00512	15.7225	-7.88128	-1.9041	6.29047	3.87691	-46.4878	350.319	9.13818	1.45028	
400.086	12.6948	6.69297	15.2262	-1.90869	-8.77411	-9.96117	45.1386	-9.41778	352.187	9.58553	2.61584	
402.201	12.8981	4.99645	13.2651	4.81933	-6.19209	-7.03896	17.1536	24.4669	354.15	10	1.26416	
404.034	13.8321	4.15117	12.4721	5.90275	-1.88701	-1.8555	-1.90866	16.5075	356.164	10.0806	-0.337974	
405.782	14.7298	3.98235	12.2265	5.15439	0.550905	-0.984931	-4.37325	9.07254	358.166	9.91876	-1.15575	
407.495	15.4465	4.19629	12.0314	4.27781	2.14984	-0.903262	-4.6275	7.65306	360.125	9.65688	-1.38889	
409.179	15.9583	4.71889	11.9361	3.0872	3.76935	0.220229	-8.03562	8.54973	362.028	9.38513	-1.2898	
410.883	16.1251	5.56303	12.262	0.7105	5.35926	3.44556	-16.5567	6.12703	363.881	9.15281	-1.00693	
412.734	15.6232	6.59156	13.4669	-3.66004	5.30073	8.72451	-26.0701	-10.2019	365.695	9.00133	-0.419912	
414.912	14.1833	7.12114	15.3937	-7.85819	-0.114324	7.93393	-6.79827	-43.694	367.495	9.04803	1.07768	
417.327	12.6507	6.10969	15.4118	-3.67357	-8.19139	-8.12534	43.4748	-21.4582	369.339	9.4458	2.60975	
419.478	12.5703	4.34828	13.452	4.01889	-7.10503	-8.00583	23.9494	23.0402	371.277	9.90469	1.61014	
421.32	13.4499	3.34546	12.5282	5.95343	-2.54023	-2.09475	-0.057967	18.7164	373.278	10.0474	-0.0937342	
423.068	14.3805	3.08221	12.2824	5.36252	0.146451	-0.91687	-4.13823	10.1913	375.278	9.92135	-1.03713	
424.781	15.1437	3.2437	12.1032	4.51267	1.86482	-0.859194	-4.41167	7.83874	377.239	9.67408	-1.35482	
426.469	15.7122	3.72435	11.9941	3.43063	3.4891	0.000944597	-7.08536	8.56642	379.146	9.40356	-1.3066	
428.166	15.9737	4.53317	12.2271	1.34161	5.2123	2.87939	-15.026	7.22605	381.002	9.16643	-1.02016	
429.985	15.6289	5.58535	13.2584	-2.72546	5.64493	7.63401	-25.2257	-5.88253	382.818	9.00223	-0.553622	
432.097	14.3474	6.30778	15.082	-7.47149	1.37558	8.70233	-14.6746	-38.7547	384.614	8.99951	0.720136	
434.481	12.6878	5.61189	15.5357	-5.21904	-7.19077	-5.8413	38.0057	-32.165	386.441	9.33537	2.47285	
436.669	12.3073	3.85055	13.6624	2.98598	-7.88829	-8.90915	30.7949	19.4896	388.359	9.81869	1.91323	
438.529	13.0992	2.68784	12.5857	5.91518	-3.25732	-2.46612	2.49006	20.8367	390.349	10.0227	0.166738	
440.276	14.0547	2.34386	12.3231	5.52025	-0.137612	-0.776127	-4.11402	11.2296	392.348	9.93272	-0.926797	
441.993	14.8512	2.47307	12.1696	4.65835	1.68231	-0.779335	-4.39009	7.94347	394.312	9.69746	-1.33505	
443.687	15.4553	2.92836	12.0571	3.63461	3.29546	-0.132042	-6.47444	8.47681	396.224	9.42594	-1.32993	
445.386	15.7765	3.71043	12.2358	1.73484	5.00848	2.2745	-13.4407	7.91163	398.084	9.18033	-1.09829	
447.187	15.5428	4.76207	13.1177	-2.03964	5.80238	6.81391	-24.3305	-2.74915	399.901	9.00076	-0.639462	
449.253	14.389	5.60726	14.8463	-7.06192	2.37378	8.97169	-19.4109	-34.6094	401.694	8.97172	0.529113	
451.606	12.6814	5.13941	15.5523	-6.1145	-6.35725	-4.24545	32.8734	-38.2559	403.512	9.26948	2.36924	
453.812	12.0996	3.41344	13.7847	2.1964	-8.31693	-9.33014	35.1603	16.1246	405.417	9.7657	2.10708	
455.683	12.8176	2.15075	12.6205	5.84149	-3.74711	-2.69213	4.52951	22.1506	407.4	10.0108	0.346765	
457.431	13.7863	1.74366	12.3513	5.62906	-0.384389	-0.69535	-3.90459	12.0959	409.4	9.94721	-0.840144	
459.152	14.6093	1.84499	12.2158	4.77652	1.5337	-0.70975	-4.36163	8.1306	411.369	9.72254	-1.31002	
460.853	15.2424	2.28166	12.1058	3.7883	3.15393	-0.190317	-6.09825	8.44252	413.286	9.4523	-1.33826	
462.556	15.6077	3.04601	12.252	2.01418	4.88642	1.99133	-12.5681	8.27067	415.151	9.20324	-1.12287	
464.349	15.4506	4.09808	13.049	-1.56936	5.87622	6.26317	-23.5212	-0.927722	416.971	9.01659	-0.692235	
466.389	14.3933	5.01857	14.6881	-6.68502	3.01191	8.90175	-22.0469	-31.3113	418.766	8.96878	0.383775	
468.72	12.6731	4.72102	15.538	-6.69848	-5.61984	-3.043	28.0891	-42.0234	420.58	9.23413	2.24781	
470.938	11.9375	3.04585	13.8752	1.51436	-8.57744	-9.55943	38.2378	12.7583	422.477	9.73201	2.2309	
472.818	12.586	1.70886	12.6464	5.74503	-4.14739	-2.88527	6.40088	23.053	424.457	10.0073	0.489715	
474.569	13.5622	1.2491	12.3706	5.71043	-0.591778	-0.628763	-3.66224	12.8452	426.459	9.96537	-0.766386	
476.294	14.4067	1.32758	12.2508	4.87011	1.41573	-0.642117	-4.35184	8.32416	428.432	9.75002	-1.2862	
478.001	15.0628	1.7505	12.1463	3.90349	3.04675	-0.215637	-5.84808	8.41917	430.355	9.48141	-1.34277	
479.71	15.4614	2.50185	12.2719	2.21838	4.78925	1.79868	-11.9268	8.49122	432.225	9.22986	-1.14169	
481.502	15.3617	3.55262	13.0085	-1.21749	5.91099	5.85767	-22.8352	0.340738	434.051	9.03788	-0.730943	
483.525	14.3804	4.52482	14.5741	-6.36324	3.4613	8.75766	-23.7064	-28.713	435.849	8.97653	0.278035	
485.838	12.6632	4.35719	15.5118	-7.08421	-5.0102	-2.16728	24.0674	-44.3667	437.662	9.21671	2.1418	
488.064	11.8118	2.73419	13.9386	0.95401	-8.73161	-9.6766	40.3684	9.76996	439.554	9.71265	2.31434	
489.953	12.4	1.34307	12.6641	5.64601	-4.46387	-3.03349	8.00248	23.661	441.533	10.0105	0.60132	
491.707	13.38	0.841151	12.3839	5.76955	-0.759677	-0.570708	-3.42547	13.4595	443.537	9.98568	-0.706851	
493.436	14.2414	0.901556	12.2779	4.94239	1.3234	-0.581346	-4.34654	8.49858	445.515	9.77795	-1.26618	
495.15	14.9156	1.31441	12.1794	3.98992	2.96575	-0.223697	-5.67534	8.40527	447.444	9.51082	-1.34555	
496.866	15.3394	2.05639	12.2921	2.36887	4.71382	1.66709	-11.4544	8.63292	449.32	9.25742	-1.15611	
498.658	15.2829	3.10561	12.9857	-0.954566	5.92652	5.56115	-22.2839	1.23606	451.15	9.06141	-0.759501	
500.669	14.3671	4.11862	14.4784	-6.06402	3.82904	8.62184	-24.9072	-26.4407	452.952	8.99016	0.194741	
502.969	12.6609	4.0631	15.4867	-7.37371	-4.44711	-1.402	20.3531	-45.9843	454.766	9.20868	2.03992	
505.203	11.7104	2.49496	14.0003	0.435373	-8.82893	-9.75226	42.0058	6.83396	456.656	9.7002	2.3768	
507.102	12.2396	1.05767	12.6827	5.53681	-4.75179	-3.19471	9.54162	24.1046	458.633	10.0171	0.70098	
508.859	13.2209	0.515655	12.3945	5.81779	-0.918826	-0.52935	-3.17058	14.0272	460.64	10.0079	-0.651599	
510.593	14.1009	0.555918	12.2952	5.03699	1.22807	-0.460169	-4.50637	8.81032	462.624	9.81171	-1.22282	
512.313	14.7943	0.957954	12.2121	4.06879	2.88552	-0.20661	-5.60761	8.31834	464.561	9.5481	-1.34954	
514.036	15.2406	1.68748	12.3114	2.50669	4.61756	1.50784	-10.9222	8.66396	466.444	9.29109	-1.18484	
515.829	15.2267	2.72839	12.9541	-0.678237	5.91155	5.22449	-21.5538	2.17205	468.28	9.08791	-0.803414	
517.831	14.3694	3.7686	14.4013	-5.7949	4.10256	8.47129	-25.7423	-24.4279	470.087	9.0043	0.113144	
520.12	12.6786	3.80389	15.4614	-7.58165	-3.96868	-0.790513	17.1547	-47.0819	471.901	9.20395	1.95627	
522.362	11.6481	2.28619	14.0465	-0.00299026	-8.88766	-9.81015	43.2332	4.27433	473.789	9.69217	2.43085	
524.269	12.1258	0.812815	12.6936	5.4362	-4.98838	-3.32435	10.8617	24.4352	475.767	10.0253	0.785171	
526.029	13.1068	0.237815	12.4003	5.85336	-1.05014	-0.48664	-2.94781	14.5018	477.777	10.0292	-0.606245	
527.767	13.9947	0.265301	12.3162	5.05539	1.16401	-0.481154	-4.33401	8.81083	479.765	9.8344	-1.23203	
529.494	14.6977	0.659415	12.2281	4.12386	2.82716	-0.232772	-5.41313	8.37709	481.706	9.56983	-1.35021	
531.221	15.1612	1.38359	12.3211	2.60394	4.57898	1.465	-10.6901	8.81398	483.594	9.31325	-1.1811	
533.017	15.1736	2.42581	12.9487	-0.529854	5.92508	5.10427	-21.2933	2.6015	485.435	9.11037	-0.807091	
535.017	14.3505	3.48612	14.3654	-5.6358	4.26593	8.33597	-26.1469	-23.358	487.245	9.02316	0.075517	
537.3	12.6714	3.5945	15.441	-7.73396	-3.53519	-0.292569	14.4414	-47.6951	489.062	9.21084	1.87542	
539.549	11.5732	2.12858	14.0975	-0.411994	-8.89862	-9.79889	43.9994	1.77441	490.951	9.69093	2.44859	
541.465	11.9993	0.625047	12.7134	5.31915	-5.21215	-3.48033	12.1775	24.5688	492.929	10.0349	0.854419	
543.23	12.9778	0.0161876	12.4082	5.88325	-1.18796	-0.473384	-2.66438	14.9571	494.942	10.0506	-0.561572	
32.1683	0.374621	38.899	-4.19041	-18.5233	11.2408	374.057	-222.286	-295.896	0.762825	9.22939	25.3934	
35.2735	-2.55835	38.0379	23.4389	-3.59874	-9.85631	3.938	107.085	4.95545	2.91693	11.8659	8.87163	
39.5313	-1.8608	36.5152	18.3968	7.32015	-4.45959	-30.9429	13.5859	29.1913	5.42317	12.969	2.59586	
42.6733	-0.359681	36.0677	13.8192	6.94607	-0.310432	-15.3938	-9.75838	13.2031	8.04653	13.1747	-0.127417	
45.1695	0.812327	36.1809	11.6448	4.73235	1.44457	-7.6772	-11.5238	5.67547	10.6698	13.0216	-1.2329	
47.3444	1.52009	36.5363	10.4469	2.29975	2.26973	-4.54574	-13.3723	2.87064	13.2459	12.7284	-1.61181	
49.3442	1.67835	37.0019	9.94937	-0.888416	2.50495	0.469695	-18.9991	-1.30006	15.7591	12.4068	-1.52896	
51.3959	1.08443	37.3857	11.2622	-5.10704	1.17363	14.5229	-20.7724	-13.8006	18.213	12.1552	-0.859756	
54.0432	-0.23018	37.2024	15.9399	-7.06092	-3.235	29.1469	8.13204	-27.5123	20.6358	12.1253	0.695382	
57.7094	-1.16972	36.0579	20.1293	-1.08844	-7.18438	5.82154	44.2574	-5.17322	23.0868	12.4342	2.18792	
61.5963	-0.57581	34.7196	18.0933	6.17307	-5.06658	-20.5554	21.0964	20.9055	25.6184	12.8681	1.82801	
64.7721	0.862845	34.1057	14.0798	7.31196	-0.992676	-16.7699	-5.71059	16.9343	28.2195	13.0947	0.415258	
67.2869	2.1411	34.1594	11.6021	5.26204	1.46975	-8.62857	-12.7695	8.32503	30.8383	13.0559	-0.707772	
69.4445	2.92175	34.5597	10.3782	2.50097	2.60998	-3.98575	-14.9221	3.53352	33.4306	12.8479	-1.28763	
71.4452	3.09621	35.1003	10.05	-0.871216	2.87288	1.33835	-19.1969	-1.48201	35.9728	12.5722	-1.38704	
73.5261	2.50862	35.555	11.4176	-5.0277	1.50539	13.9305	-20.3061	-13.9375	38.4617	12.334	-0.860457	
76.1784	1.2099	35.4328	15.8022	-7.02615	-2.99981	27.2013	7.07514	-28.6678	40.9196	12.296	0.636063	
79.7828	0.251486	34.3038	19.7199	-1.29515	-7.28989	5.42041	43.3303	-6.87019	43.4037	12.596	2.16041	
83.5936	0.791228	32.9211	17.8247	5.8808	-5.3668	-18.9656	21.1644	20.5597	45.9671	13.0232	1.77792	
86.7496	2.17928	32.2451	14.1635	7.14388	-1.31194	-15.1568	-4.57077	16.9958	48.598	13.237	0.345852	
89.3058	3.45082	32.2387	11.9172	5.39206	1.19099	-7.95055	-11.0095	8.69748	51.244	13.1859	-0.757878	
91.5317	4.29438	32.5948	10.733	3.02135	2.46037	-4.28846	-12.7949	4.53374	53.8614	12.9703	-1.31495	
93.5862	4.61572	33.1337	10.2043	0.0866817	3.04898	-0.547479	-17.1352	0.966575	56.4276	12.6889	-1.42842	
95.6382	4.24202	33.6915	10.9359	-3.93916	2.40965	9.58132	-21.804	-9.44767	58.939	12.4385	-1.0021	
98.1003	3.06845	33.834	14.483	-7.18438	-1.37997	25.0815	-4.05852	-28.2049	61.4135	12.3497	0.290479	
101.465	1.85321	32.9513	19.0079	-3.43603	-6.8293	12.6852	39.4334	-17.3893	63.9018	12.5925	2.03068	
105.268	1.99919	31.4729	18.3268	4.5062	-6.50401	-15.8308	29.2706	17.2898	66.465	13.0379	2.03887	
108.548	3.2573	30.5556	14.8262	7.08392	-2.39952	-15.6176	-0.3032	19.0985	69.1046	13.3094	0.610773	
111.222	4.57964	30.3733	12.4584	5.90891	0.527443	-8.4124	-9.55819	10.4867	71.7696	13.3021	-0.572236	
113.544	5.5549	30.6238	11.2089	3.85356	2.0587	-4.66621	-10.7961	5.62015	74.413	13.1092	-1.26231	
115.672	6.0903	31.1107	10.4828	1.43962	2.97447	-2.22471	-14.0036	3.22241	77.0078	12.8329	-1.46055	
117.721	6.05372	31.7163	10.5219	-1.95654	3.15682	3.70666	-20.2011	-2.64505	79.5455	12.551	-1.27804	
119.95	5.23173	32.1725	12.578	-6.1453	1.10077	18.1078	-17.7706	-20.0581	82.0345	12.3684	-0.388793	
122.879	3.84209	31.8329	17.2213	-6.36594	-4.60294	22.7237	21.4731	-30.865	84.5116	12.464	1.42986	
126.573	3.2525	30.4479	19.0311	1.18371	-7.72453	-6.70215	41.72	4.10935	87.0431	12.8827	2.38129	
130.078	4.13111	29.1479	16.0809	6.51765	-4.41705	-17.1705	10.1711	21.7455	89.6621	13.2676	1.24851	
132.953	5.48206	28.6315	13.3197	6.49299	-0.753591	-10.0804	-6.49769	13.8275	92.3302	13.3639	-0.210356	
135.412	6.61752	28.6766	11.8412	4.85184	1.27096	-5.42093	-8.9766	7.32247	94.9918	13.2238	-1.0856	
137.645	7.39447	29.0276	10.9635	2.94898	2.46099	-3.55017	-10.4343	5.01013	97.6117	12.9638	-1.44318	
139.737	7.74021	29.5782	10.4753	0.428425	3.28794	-0.831936	-15.468	2.81125	100.175	12.6706	-1.43228	
141.815	7.45784	30.2155	11.0286	-3.38905	3.11015	7.81263	-22.1037	-6.61486	102.682	12.418	-1.00173	
144.233	6.35291	30.5353	14.1108	-7.15788	-0.304661	22.657	-9.08825	-28.4566	105.153	12.3259	0.254648	
147.47	5.03103	29.8013	18.3919	-4.39641	-6.52383	12.9181	36.7436	-23.8423	107.636	12.5658	2.06558	
151.145	4.97457	28.2587	17.9194	3.67224	-7.17127	-14.3242	31.8942	15.1624	110.195	13.0268	2.12762	
154.353	6.11222	27.1814	14.7552	6.73984	-3.1185	-13.8932	1.72671	19.7906	112.834	13.3087	0.62314	
157.02	7.39584	26.8564	12.7072	5.90004	-0.0775842	-7.14446	-7.35123	10.8907	115.498	13.2956	-0.644664	
159.385	8.40831	26.9824	11.6229	4.31605	1.56139	-4.24049	-8.2116	6.33978	118.139	13.0927	-1.29132	
161.573	9.08556	27.3713	10.905	2.52082	2.68031	-2.93767	-10.2902	5.09057	120.73	12.8084	-1.49139	
163.649	9.3355	27.9578	10.5742	-0.0788512	3.52395	0.303217	-16.3702	2.62241	123.262	12.5169	-1.37322	
165.759	8.92575	28.6154	11.4782	-4.07981	3.10956	10.1736	-22.4292	-9.16793	125.74	12.2863	-0.833445	
168.292	7.70259	28.8528	14.9516	-7.3794	-1.05919	22.9651	-3.16348	-32.2733	128.189	12.2435	0.578184	
171.629	6.47599	27.9278	18.5256	-3.2189	-7.2351	6.27217	41.0909	-18.7793	130.662	12.5446	2.26163	
175.19	6.64843	26.3491	17.0879	4.47768	-6.77136	-15.67	25.985	18.4573	133.218	12.9997	1.89688	
178.218	7.83364	25.3624	14.1502	6.60202	-2.65063	-11.6166	-0.816894	18.349	135.845	13.2219	0.317197	
180.779	9.05627	25.0876	12.4872	5.59553	0.098013	-5.75266	-7.06259	9.76363	138.487	13.1583	-0.835837	
183.094	10.0107	25.2196	11.5893	4.13586	1.60615	-3.65836	-7.46271	6.10531	141.097	12.9284	-1.37675	
185.257	10.6572	25.6033	10.9553	2.47706	2.73814	-2.61011	-9.71034	5.40009	143.654	12.6346	-1.50725	
187.321	10.8989	26.1954	10.688	-0.0312135	3.67338	0.614321	-16.0311	3.18306	146.151	12.3439	-1.35532	
189.429	10.4939	26.879	11.6311	-3.99239	3.37249	10.1344	-22.4314	-8.66308	148.596	12.1169	-0.82291	
191.956	9.27299	27.1583	14.9969	-7.38127	-0.773716	21.8889	-4.11195	-32.8252	151.01	12.073	0.558547	
195.245	8.01655	26.2505	18.3148	-3.40928	-7.2183	5.12243	40.5656	-20.4656	153.449	12.3704	2.2513	
198.714	8.13892	24.6332	16.7861	4.28259	-6.95409	-15.3757	26.2304	18.2099	155.97	12.8238	1.88151	
201.657	9.28085	23.5934	13.9881	6.46577	-2.82469	-10.7548	-0.467967	18.4801	158.561	13.0405	0.281625	
204.164	10.4732	23.2696	12.475	5.54527	-0.0597552	-5.15268	-6.54717	9.80051	161.166	12.9697	-0.870755	
206.449	11.4169	23.3543	11.6691	4.20963	1.45524	-3.31868	-6.71887	6.16475	163.738	12.7338	-1.40098	
208.595	12.0821	23.6934	11.0815	2.73615	2.61972	-2.50203	-8.56786	5.72338	166.256	12.4362	-1.52255	
210.643	12.3877	24.2553	10.7884	0.507121	3.6923	0.138693	-14.416	4.39577	168.713	12.1417	-1.38406	
212.713	12.1064	24.9614	11.5003	-3.18058	3.83729	8.14723	-21.931	-5.17295	171.116	11.9017	-0.944211	
215.125	11.0045	25.3969	14.3894	-7.10686	0.520555	20.0561	-11.0696	-29.5748	173.483	11.8139	0.238276	
218.249	9.61628	24.723	17.9013	-4.81733	-6.37531	8.71165	35.0019	-28.5934	175.863	12.049	2.05142	
221.659	9.43072	23.084	16.9555	3.14578	-7.64943	-14.2513	32.0955	14.1482	178.319	12.5064	2.08225	
224.593	10.4403	21.8587	14.1548	6.30244	-3.60219	-11.1761	2.47363	20.0983	180.852	12.7706	0.50163	
227.078	11.6227	21.3942	12.6017	5.68598	-0.526209	-5.11972	-5.89312	10.9453	183.407	12.7322	-0.76482	
229.34	12.5885	21.3839	11.8265	4.45686	1.12356	-3.10962	-6.09555	6.46691	185.933	12.5089	-1.37325	
231.471	13.3021	21.6423	11.2679	3.18024	2.32165	-2.48927	-7.13102	5.89729	188.405	12.2121	-1.53756	
233.502	13.7137	22.1341	10.9082	1.35328	3.50787	-0.699191	-11.8427	5.63996	190.817	11.9112	-1.43812	
235.515	13.6359	22.8279	11.2618	-1.8007	4.21067	5.17674	-19.8634	-0.285942	193.172	11.651	-1.11626	
237.753	12.7865	23.4507	13.3834	-6.08913	2.35542	16.4537	-19.1453	-21.1524	195.485	11.4997	-0.256195	
240.604	11.3214	23.2169	17.0391	-6.66422	-4.19739	14.7895	19.98	-37.5656	197.79	11.6177	1.53199	
243.929	10.6027	21.7148	17.4104	0.699367	-8.31828	-10.5666	40.7037	2.22101	200.154	12.048	2.35065	
246.919	11.3078	20.2082	14.6843	5.77517	-5.08584	-12.7744	9.93044	22.0244	202.604	12.4018	0.993447	
249.421	12.4647	19.4858	12.8745	5.94066	-1.41894	-5.82778	-4.48583	13.6406	205.093	12.4429	-0.476605	
251.669	13.4768	19.3203	12.0477	4.83928	0.577866	-3.06791	-5.69679	7.3406	207.566	12.2579	-1.26402	
253.784	14.2568	19.4625	11.5071	3.7154	1.8483	-2.4622	-5.82591	5.94945	209.99	11.9716	-1.53181	
255.798	14.7882	19.8449	11.0887	2.30786	3.079	-1.47839	-8.89331	6.35032	212.353	11.6653	-1.49471	
257.759	14.9453	20.4674	11.0967	-0.121456	4.2137	2.22314	-15.9814	4.00252	214.657	11.3857	-1.27221	
259.822	14.4596	21.206	12.3316	-4.0961	3.94318	11.0221	-22.4902	-9.44536	216.912	11.1757	-0.742387	
262.322	13.1606	21.5004	15.4971	-7.43155	-0.635419	18.3177	-3.29575	-36.2286	219.14	11.1481	0.650505	
265.436	11.8609	20.4931	17.6632	-3.23751	-7.59238	-1.10151	41.0794	-20.8535	221.395	11.4642	2.31139	
268.517	11.9481	18.7597	15.5718	4.21282	-7.07711	-14.4065	24.0019	19.6887	223.735	11.9082	1.72647	
271.082	12.9815	17.6554	13.3065	6.11181	-2.85537	-7.60496	-0.778834	18.1526	226.139	12.0841	0.0638665	
273.323	14.0445	17.2634	12.2995	5.29365	-0.186449	-3.30354	-5.46623	9.36125	228.549	11.9753	-1.02526	
275.418	14.8967	17.2609	11.7676	4.2485	1.25335	-2.38668	-5.07887	6.21154	230.92	11.7168	-1.4735	
277.414	15.5331	17.5122	11.328	3.14582	2.48696	-1.91293	-6.45909	6.41304	233.233	11.4115	-1.53257	
279.336	15.8924	18.0146	11.1075	1.40661	3.80546	0.136182	-11.6228	6.34146	235.485	11.1176	-1.38241	
281.272	15.7709	18.7432	11.6337	-1.73453	4.61389	5.91303	-19.9286	-0.0346028	237.682	10.8692	-1.06147	
283.454	14.8756	19.4057	13.768	-6.07144	2.69912	15.4839	-19.6092	-22.193	239.839	10.7267	-0.219229	
286.202	13.3516	19.167	16.9253	-6.73444	-4.23029	10.9984	19.8558	-39.784	241.991	10.854	1.59264	
289.289	12.5706	17.5934	16.6689	0.635058	-8.52322	-11.8957	40.4527	2.86684	244.203	11.2936	2.35664	
291.984	13.2048	16.0336	14.0531	5.64364	-5.07761	-10.7931	9.23901	22.5899	246.502	11.6371	0.899637	
294.251	14.2755	15.2894	12.6258	5.77233	-1.39547	-4.28065	-4.22143	13.4507	248.836	11.658	-0.570969	
296.325	15.2066	15.0993	12.0215	4.77086	0.568285	-2.30617	-5.04269	7.26467	251.15	11.4581	-1.31656	
298.298	15.931	15.2201	11.5957	3.78487	1.88075	-1.91194	-5.20188	6.1459	253.414	11.1704	-1.53618	
300.193	16.4302	15.5898	11.2797	2.52661	3.17688	-1.00171	-8.02656	6.84536	255.617	10.8648	-1.48301	
302.054	16.5882	16.2193	11.3603	0.284879	4.4624	2.37945	-15.0432	5.07345	257.761	10.5883	-1.25768	
304.02	16.1365	17.0078	12.5226	-3.6174	4.53231	10.1749	-22.9691	-7.7869	259.856	10.38	-0.721079	
306.382	14.8423	17.4202	15.3459	-7.40523	0.196037	16.0107	-7.65448	-36.3826	261.925	10.3457	0.567472	
309.276	13.4006	16.5068	17.1594	-4.04806	-7.37233	-1.90501	39.261	-25.9309	264.018	10.6482	2.30153	
312.1	13.2839	14.712	15.1015	3.65394	-7.50666	-13.4677	26.7532	19.0106	266.195	11.1038	1.81969	
314.44	14.2003	13.5106	13.0763	5.96779	-3.16779	-6.3867	0.481655	19.1775	268.441	11.2951	0.116893	
316.502	15.2018	13.0619	12.2602	5.32456	-0.312869	-2.47719	-5.17742	9.97865	270.694	11.1983	-0.991666	
318.45	16.0073	13.0338	11.8528	4.33057	1.22389	-1.84954	-4.65809	6.35368	272.91	10.9421	-1.47538	
320.322	16.6122	13.2706	11.5024	3.35275	2.49202	-1.53825	-5.6367	6.69416	275.067	10.6364	-1.52979	
322.136	16.9712	13.7709	11.3413	1.80692	3.91547	0.322652	-10.5669	7.16795	277.165	10.345	-1.35907	
323.971	16.8891	14.5306	11.8495	-1.14792	4.97421	5.41072	-19.3245	1.70567	279.209	10.102	-1.03908	
326.031	16.0497	15.2918	13.7431	-5.60462	3.49731	13.5583	-22.1104	-19.8975	281.212	9.95834	-0.265789	
328.585	14.478	15.2196	16.5101	-7.24751	-3.39	9.65045	13.9265	-43.0102	283.209	10.0697	1.51524	
331.428	13.4704	13.7004	16.1962	-0.320225	-8.72137	-11.3789	42.5674	-1.54692	285.264	10.5116	2.46367	
333.894	13.9282	12.0491	13.7584	5.32444	-5.54008	-9.68353	11.9412	23.4694	287.408	10.8826	1.03153	
335.974	14.9242	11.2343	12.537	5.77349	-1.6233	-3.42126	-3.42712	14.4877	289.594	10.9233	-0.502142	
337.899	15.8155	11.0165	12.065	4.87258	0.488663	-1.80804	-4.67646	7.77426	291.762	10.7335	-1.27809	
339.746	16.5125	11.1276	11.7242	3.97246	1.85782	-1.61842	-4.58991	6.57827	293.881	10.4483	-1.50429	
341.53	17.0086	11.5083	11.4626	2.83893	3.29883	-0.571356	-7.68373	7.53851	295.941	10.1554	-1.39978	
343.295	17.1811	12.178	11.6202	0.661203	4.72633	2.62563	-14.7637	5.82821	297.945	9.89455	-1.18806	
345.174	16.754	13.0355	12.7458	-3.20277	4.93515	9.16823	-23.2857	-6.48043	299.903	9.69512	-0.73512	
347.413	15.4652	13.551	15.2271	-7.36562	0.796387	13.7801	-11.2012	-36.5419	301.833	9.65642	0.546079	
350.102	13.9134	12.7222	16.6568	-4.63829	-7.24204	-3.04007	38.1771	-29.5801	303.789	9.96246	2.37274	
352.682	13.6494	10.9041	14.6145	3.29559	-7.77624	-12.3572	28.8414	18.9835	305.831	10.4378	1.91834	
354.813	14.4921	9.66982	12.854	5.93957	-3.2759	-5.04126	0.985267	20.3248	307.946	10.6508	0.185385	
356.723	15.4473	9.21956	12.2577	5.34353	-0.356961	-1.87633	-4.62821	10.2983	310.07	10.5553	-0.991448	
358.549	16.2226	9.20427	11.9332	4.44385	1.25385	-1.53978	-4.258	6.79541	312.157	10.3024	-1.44252	
360.315	16.8123	9.47198	11.647	3.52891	2.62844	-1.16805	-5.42879	7.31144	314.188	10.0064	-1.46701	
362.04	17.1641	10.0291	11.5577	2.00453	4.26052	1.11501	-11.3125	7.79184	316.161	9.73396	-1.20621	
363.811	17.0597	10.8756	12.2136	-1.1273	5.33339	5.92836	-20.2638	1.15822	318.085	9.51749	-0.926658	
365.823	16.1632	11.6985	14.0876	-5.7951	3.6103	12.5582	-22.5709	-22.5862	319.974	9.39797	-0.0935688	
368.281	14.5252	11.602	16.328	-7.2401	-3.79851	5.69258	16.2472	-44.1753	321.862	9.5446	1.68043	
370.897	13.5241	10.0314	15.4574	-0.0293602	-8.8171	-11.7983	42.1505	1.48562	323.815	10.0031	2.44172	
373.116	13.9853	8.42568	13.2997	5.37317	-5.2857	-7.54513	10.8681	23.8038	325.856	10.3561	0.913634	
375.027	14.9452	7.6804	12.4185	5.73577	-1.44721	-2.38836	-3.20808	14.2741	327.934	10.3783	-0.560627	
376.831	15.8009	7.52034	12.079	4.89363	0.668409	-1.38721	-4.4085	8.02514	329.993	10.184	-1.26945	
378.58	16.4712	7.69878	11.8131	4.0177	2.12516	-1.22006	-4.66316	7.16747	332.002	9.90532	-1.45056	
380.286	16.9353	8.16553	11.6622	2.8054	3.65794	-0.00213512	-8.18554	8.10341	333.955	9.62311	-1.3382	
382.001	17.0501	8.93663	11.9696	0.42001	5.14377	3.54599	-16.3841	5.55333	335.854	9.38006	-1.06919	
383.867	16.5052	9.87294	13.2764	-3.82679	5.0003	9.79578	-24.9391	-10.2887	337.711	9.21371	-0.506435	
386.103	15.0637	10.3127	15.5768	-7.74585	-0.288765	10.4739	-5.54982	-42.3754	339.552	9.24145	0.980214	
388.662	13.5676	9.25385	15.9795	-3.49625	-8.15354	-7.6678	42.967	-21.1698	341.433	9.62408	2.57006	
390.968	13.5088	7.45759	13.8054	4.07049	-7.11585	-9.85878	23.3795	22.6557	343.407	10.0824	1.62901	
392.9	14.3868	6.40528	12.579	5.91143	-2.60997	-3.12253	-0.425809	18.4586	345.444	10.2278	-0.0921821	
394.69	15.3011	6.09446	12.2001	5.25013	0.0938907	-1.27776	-4.45818	9.67987	347.48	10.0974	-1.07642	
396.427	16.0367	6.19391	11.9586	4.37514	1.69937	-1.17405	-4.35025	7.24179	349.475	9.83994	-1.41515	
398.123	16.5808	6.5903	11.7737	3.34915	3.20807	-0.452036	-6.55241	8.05227	351.414	9.55621	-1.37751	
399.81	16.84	7.29653	11.9085	1.43344	4.83094	2.20969	-13.4413	7.40283	353.299	9.30172	-1.14406	
401.596	16.5468	8.25417	12.8451	-2.27807	5.5233	7.56191	-23.576	-3.14084	355.139	9.11135	-0.703458	
403.678	15.3625	8.9996	14.8771	-7.15905	2.37972	12.333	-23.2754	-27.4198	356.953	9.07593	0.862917	
406.138	13.6523	8.50826	16.1262	-6.07421	-6.16574	-2.28159	32.119	-37.7671	358.793	9.37658	2.27334	
408.51	13.0491	6.76082	14.362	2.03527	-8.33506	-11.0317	34.8493	14.3034	360.717	9.85462	2.06389	
410.491	13.7309	5.41943	12.806	5.73476	-3.9831	-4.35986	4.9516	21.8029	362.718	10.1006	0.377724	
412.281	14.6773	4.91513	12.3119	5.57081	-0.640218	-1.38077	-3.81318	12.0465	364.736	10.0425	-0.822634	
414.013	15.4833	4.91698	12.0791	4.73208	1.24334	-1.09425	-4.24773	7.81752	366.724	9.81836	-1.32267	
415.705	16.1053	5.24359	11.8859	3.80396	2.77883	-0.67973	-5.53041	7.95692	368.66	9.54261	-1.38045	
417.38	16.4841	5.8825	11.9109	2.23499	4.44441	1.27223	-10.9935	8.28143	370.542	9.28189	-1.19952	
419.116	16.4031	6.8188	12.5619	-0.917765	5.64797	5.66293	-20.997	1.74914	372.376	9.07362	-0.845228	
421.082	15.5029	7.74391	14.2548	-5.81443	3.85117	10.717	-24.2678	-23.6181	374.179	8.97717	0.0273569	
423.422	13.8173	7.69586	15.936	-7.42467	-3.95772	2.38304	17.0212	-46.0216	375.986	9.15902	1.8861	
425.813	12.792	6.12634	14.7304	0.0412928	-8.90492	-11.1396	42.7816	3.43058	377.864	9.64588	2.48745	
427.828	13.256	4.57899	12.9534	5.42292	-5.10662	-5.37867	10.5797	24.268	379.834	9.99402	0.854864	
429.617	14.2116	3.92084	12.3749	5.7802	-1.19804	-1.37066	-3.21017	14.2767	381.839	10.0067	-0.588304	
431.345	15.0646	3.85716	12.1678	4.95181	0.94699	-0.943523	-4.35488	8.3565	383.823	9.81145	-1.251	
433.039	15.7326	4.14395	11.9867	4.0536	2.50565	-0.746063	-5.01688	7.82042	385.759	9.54071	-1.39129	
434.713	16.1785	4.74169	11.9597	2.68417	4.1664	0.787486	-9.50648	8.58355	387.64	9.27404	-1.24194	
436.429	16.2215	5.65494	12.4572	-0.105416	5.60665	4.60085	-19.0888	4.16809	389.471	9.05521	-0.914904	
438.336	15.5069	6.66151	13.9154	-4.86598	4.6871	9.77054	-26.1573	-17.2929	391.268	8.93405	-0.177899	
440.594	13.8985	6.90872	15.7088	-7.89682	-2.21669	4.80722	5.79651	-47.2326	393.061	9.05606	1.55302	
442.981	12.6075	5.56016	14.9639	-1.61452	-8.85302	-10.3396	45.2739	-7.06442	394.915	9.51527	2.60823	
445.027	12.8516	3.89851	13.0936	4.93494	-5.99294	-6.2221	16.0654	24.7083	396.863	9.91816	1.18278	
446.82	13.7902	3.10561	12.4148	5.9422	-1.72115	-1.37035	-2.37981	16.5821	398.859	9.98776	-0.343386	
448.546	14.684	2.98358	12.2355	5.13238	0.705407	-0.770673	-4.54644	8.98625	400.842	9.82291	-1.17419	
450.245	15.389	3.24103	12.0743	4.23014	2.29956	-0.747515	-4.75849	7.7024	402.781	9.55806	-1.39815	
451.924	15.8829	3.80811	12.0173	2.99219	3.93863	0.467759	-8.43449	8.65372	404.665	9.28617	-1.28056	
453.632	16.0152	4.6981	12.4089	0.482488	5.51217	3.85112	-17.5055	5.68813	406.498	9.05842	-0.967446	
455.503	15.4441	5.74853	13.6889	-4.08385	5.18744	8.91521	-26.6521	-12.7078	408.294	8.92075	-0.310847	
457.702	13.9313	6.20391	15.4909	-7.9819	-0.854607	6.19375	-2.54378	-45.9524	410.081	9.00053	1.28761	
460.076	12.4691	5.06907	15.1068	-2.9378	-8.53235	-9.29201	45.0067	-15.9737	411.919	9.42823	2.63567	
462.148	12.5141	3.34753	13.21	4.4034	-6.67963	-6.87581	20.9374	24.1086	413.853	9.86708	1.43764	
463.948	13.4212	2.44214	12.4645	5.953	-2.19081	-1.56014	-0.885394	17.8017	415.843	9.97848	-0.215836	
465.675	14.3398	2.2594	12.2758	5.28521	0.444415	-0.726912	-4.32089	9.72844	417.827	9.83441	-1.09567	
467.377	15.082	2.48658	12.126	4.40791	2.12725	-0.705425	-4.61779	7.89903	419.77	9.58053	-1.36504	
469.061	15.6197	3.03291	12.064	3.23451	3.78368	0.347884	-7.87043	8.72558	421.659	9.31167	-1.2816	
470.769	15.8184	3.90812	12.4001	0.896633	5.42588	3.38891	-16.3905	6.50941	423.497	9.0808	-0.998697	
472.621	15.3529	4.98237	13.5525	-3.48365	5.47161	8.19371	-26.464	-9.5807	425.296	8.93127	-0.410485	
474.78	13.9312	5.57851	15.3103	-7.87748	0.139886	6.87572	-8.31261	-43.7795	427.082	8.97855	1.07216	
477.142	12.36	4.62588	15.2255	-4.06921	-8.10973	-8.35696	43.9625	-23.1723	428.912	9.38337	2.70001	
479.24	12.2188	2.87814	13.332	3.816	-7.21574	-7.36754	25.0647	22.7051	430.84	9.84773	1.60478	
481.053	13.0794	1.87346	12.5149	5.93088	-2.64661	-1.71891	0.57832	18.966	432.829	9.98977	-0.0902203	
482.786	14.0193	1.63114	12.3147	5.43	0.204073	-0.598762	-4.33324	10.5308	434.818	9.86804	-1.00862	
484.495	14.7938	1.8301	12.1854	4.5453	1.96073	-0.657332	-4.54886	7.94492	436.768	9.62337	-1.35202	
486.188	15.3678	2.35249	12.114	3.4381	3.60466	0.188364	-7.23465	8.67313	438.665	9.35297	-1.30491	
487.9	15.6278	3.20502	12.3887	1.29127	5.29814	2.92072	-15.1685	7.26577	440.511	9.11567	-1.03895	
489.737	15.2676	4.2922	13.4189	-2.86948	5.69506	7.51594	-25.9621	-6.57616	442.316	8.9545	-0.498797	
491.859	13.9505	5.01701	15.1266	-7.64802	1.1139	7.44496	-13.5463	-40.7695	444.105	8.97224	0.865141	
494.207	12.3062	4.26254	15.2526	-4.87858	-7.53152	-7.10344	40.2192	-29.5006	445.929	9.33416	2.5479	
496.32	12.0078	2.51477	13.3984	3.29534	-7.66422	-7.84434	29.0768	21.0011	447.847	9.81282	1.8158	
498.139	12.8331	1.42691	12.5189	5.95513	-2.99574	-1.77732	1.78824	20.3508	449.834	9.99604	0.0776219	
499.874	13.7911	1.14483	12.3388	5.50531	0.0431819	-0.552988	-4.14416	11.0144	451.826	9.89377	-0.96255	
501.59	14.5867	1.32644	12.2194	4.63885	1.85942	-0.616898	-4.47663	8.08675	453.782	9.65537	-1.33381	
503.29	15.1854	1.83809	12.1496	3.56289	3.51559	0.151191	-6.95943	8.70171	455.686	9.38658	-1.30561	
505.008	15.481	2.68254	12.4018	1.50313	5.23562	2.71862	-14.579	7.59989	457.539	9.14773	-1.05379	
506.843	15.1781	3.77792	13.3705	-2.53932	5.79527	7.12318	-25.5842	-5.12424	459.35	8.98123	-0.542893	
508.95	13.9227	4.56837	15.0264	-7.47398	1.61264	7.5304	-16.0517	-38.8869	461.142	8.98356	0.752865	
511.287	12.2476	3.92693	15.2588	-5.36604	-7.15312	-6.46444	37.9916	-32.8746	462.967	9.3246	2.4939	
513.41	11.8499	2.19036	13.4378	2.92487	-7.90204	-8.03339	31.3417	19.5975	464.883	9.80948	1.90908	
515.235	12.6444	1.05357	12.5292	5.93246	-3.23403	-1.81457	2.73118	21.0375	466.871	10.0122	0.162081	
516.975	13.6126	0.743014	12.3557	5.56566	-0.0747069	-0.48416	-4.05238	11.4315	468.868	9.92224	-0.922074	
518.697	14.4243	0.913194	12.2488	4.70381	1.78835	-0.571461	-4.45379	8.17409	470.83	9.68871	-1.32291	
520.405	15.0406	1.41779	12.1816	3.64876	3.44812	0.12507	-6.74869	8.69393	472.741	9.42026	-1.3113	
522.13	15.3623	2.2561	12.4173	1.65699	5.18353	2.56946	-14.1193	7.83377	474.6	9.17934	-1.06826	
523.966	15.1023	3.35679	13.3409	-2.29248	5.86059	6.83428	-25.2641	-4.0725	476.417	9.00861	-0.574576	
526.064	13.8951	4.19453	14.9543	-7.32524	1.97411	7.53855	-17.785	-37.3997	478.214	9.00009	0.672894	
528.395	12.2022	3.63945	15.2551	-5.71377	-6.84371	-6.00296	36.1024	-35.2504	480.04	9.32539	2.44719	
530.525	11.7296	1.91689	13.4623	2.62869	-8.06705	-8.15298	33.0103	18.3816	481.956	9.81356	1.97438	
532.355	12.4983	0.744225	12.5345	5.90673	-3.41711	-1.83276	3.50168	21.5349	483.946	10.0305	0.225335	
534.098	13.4737	0.411908	12.3678	5.60996	-0.166182	-0.425025	-3.96587	11.7599	485.948	9.94988	-0.891234	
535.826	14.2979	0.573628	12.2716	4.7529	1.73464	-0.531015	-4.43751	8.24939	487.916	9.72008	-1.31448	
537.542	14.9279	1.07343	12.2078	3.71262	3.39819	0.113218	-6.59762	8.68848	489.834	9.45189	-1.31565	
539.274	15.2694	1.90763	12.4327	1.77053	5.14388	2.46719	-13.7789	7.99531	491.699	9.20937	-1.07943	
541.113	15.0416	3.01224	13.3242	-2.10808	5.90436	6.62117	-25.0009	-3.31517	493.522	9.03545	-0.598098	
543.206	13.8716	3.88443	14.9029	-7.20272	2.23769	7.50746	-18.9997	-36.2401	495.323	9.01893	0.61347	
545.533	12.1687	3.39515	15.2469	-5.9637	-6.59673	-5.67618	34.5577	-36.9373	497.152	9.33205	2.40738	
547.668	11.6397	1.68654	13.4761	2.39538	-8.18259	-8.22984	34.2407	17.3712	499.069	9.82173	2.02028	
549.502	12.3875	0.487598	12.5363	5.88203	-3.55699	-1.83731	4.11894	21.8974	501.062	10.0491	0.272661	
551.249	13.3681	0.13883	12.3761	5.64259	-0.236443	-0.373775	-3.89031	12.0163	503.068	9.97549	-0.86791	
552.983	14.202	0.294405	12.2892	4.78989	1.69434	-0.495366	-4.42593	8.31166	505.042	9.74851	-1.30818	
554.706	14.8425	0.791037	12.229	3.7602	3.36133	0.110068	-6.48791	8.68442	506.965	9.4805	-1.3192	
556.444	15.1989	1.62259	12.4471	1.85472	5.11403	2.3972	-13.5252	8.10898	508.836	9.2367	-1.08826	
558.286	14.9954	2.73027	13.3157	-1.97002	5.93461	6.46418	-24.791	-2.76392	510.664	9.06031	-0.615868	
560.378	13.854	3.62789	14.8668	-7.10485	2.43137	7.46089	-19.8642	-35.3489	512.47	9.03782	0.569037	
562.702	12.1455	3.18863	15.2375	-6.14482	-6.40319	-5.45036	33.3295	-38.1451	514.302	9.34155	2.37464	
564.841	11.5741	1.49261	13.4828	2.21381	-8.26409	-8.27995	35.1481	16.5573	516.22	9.83177	2.05252	
566.679	12.3053	0.274469	12.5354	5.86008	-3.66318	-1.83257	4.60541	22.1623	518.216	10.0667	0.307799	
33.9354	0.0892426	36.8197	-26.4151	0.638084	28.0555	128.646	-1.8624	-85.2562	0.123022	4.02316	84.0388	
34.7567	-3.26103	37.4371	25.4781	-8.22858	-13.8006	43.83	209.617	-20.5011	1.76692	10.426	14.5759	
39.276	-2.21833	35.4628	17.1992	10.9672	-3.65733	-53.2376	-1.84728	55.1817	4.09613	12.6305	6.90796	
41.9759	-0.419117	35.4365	11.4402	6.39117	2.06773	-11.2556	-25.9104	10.0653	6.70534	13.2523	0.538894	
44.1142	0.409291	35.9327	10.4427	2.21336	2.75712	-1.49276	-16.8851	-0.282068	9.34954	13.1263	-1.41778	
46.1748	0.532274	36.4378	10.4471	-0.947667	2.38721	1.68227	-16.0429	-3.46771	11.9415	12.7777	-1.90906	
48.3243	0.000322406	36.7855	11.5269	-4.44358	1.00532	10.8698	-18.0745	-11.9687	14.4599	12.4208	-1.49832	
50.941	-1.17816	36.6259	15.3428	-6.6604	-2.89516	26.2073	2.56029	-25.881	16.9225	12.2587	0.0796715	
54.4897	-2.15832	35.5474	19.7599	-1.77803	-7.104	10.1724	41.9025	-8.52496	19.3901	12.483	1.99864	
58.3906	-1.69296	34.176	18.4533	5.76386	-5.42431	-18.7145	24.377	20.5243	21.9305	12.9175	1.95842	
61.6589	-0.278692	33.5036	14.5203	7.40404	-1.232	-17.1867	-4.21487	17.8696	24.5445	13.1734	0.548241	
64.2564	1.03991	33.5307	11.936	5.53493	1.37385	-9.1766	-12.1859	8.80639	27.1812	13.1547	-0.638335	
66.4745	1.88748	33.9251	10.5949	2.88969	2.58861	-4.67432	-14.2855	3.88639	29.7943	12.956	-1.25937	
68.5064	2.15413	34.4761	10.0711	-0.349148	2.95538	-0.039959	-18.6053	-0.698711	32.3586	12.683	-1.39064	
70.5614	1.67689	34.9743	11.0515	-4.51154	1.82628	11.5083	-21.439	-12.3803	34.8692	12.4389	-0.921466	
73.101	0.432534	34.9502	15.0555	-7.14189	-2.45275	26.7965	2.04806	-28.7569	37.3464	12.3809	0.505432	
76.5908	-0.643247	33.9054	19.4288	-2.22574	-7.17969	9.70223	42.0368	-10.4675	39.845	12.6593	2.10666	
80.4287	-0.269105	32.489	18.2387	5.31248	-5.77422	-17.0418	24.6753	19.5874	42.421	13.0907	1.85877	
83.6916	1.07072	31.7344	14.6835	7.16705	-1.68976	-15.5129	-2.49735	17.7327	45.0673	13.3238	0.441623	
86.3474	2.37971	31.673	12.3243	5.69514	0.956544	-8.58463	-10.0493	9.30594	47.7324	13.289	-0.692086	
88.6479	3.3027	31.999	11.0082	3.49756	2.33114	-5.01925	-11.9193	5.0422	50.3715	13.0839	-1.2744	
90.7461	3.73944	32.5303	10.2831	0.756318	3.05595	-1.91157	-16.1155	1.95069	52.9611	12.808	-1.41663	
92.786	3.52215	33.1202	10.5985	-3.10737	2.73644	6.52706	-22.0724	-6.83152	55.4956	12.5479	-1.08597	
95.1216	2.476	33.3933	13.5181	-6.96417	-0.479881	22.969	-10.5363	-26.147	57.9895	12.4301	0.0806313	
98.3059	1.15228	32.6925	18.3611	-4.70745	-6.24414	18.0851	34.2729	-22.8359	60.4894	12.6304	1.87953	
102.104	1.02401	31.2192	18.7825	3.39298	-7.02297	-12.2529	34.5183	13.9068	63.0591	13.0755	2.17706	
105.519	2.16821	30.1764	15.4926	6.97779	-3.04819	-16.2368	3.30979	20.1974	65.71	13.3857	0.817668	
108.317	3.52048	29.896	12.9604	6.19545	0.109498	-9.25979	-8.08251	11.4158	68.3939	13.4104	-0.476538	
110.731	4.57834	30.0867	11.5512	4.35676	1.79979	-5.41851	-9.89451	6.28974	71.0607	13.2346	-1.18744	
112.923	5.23541	30.5384	10.671	2.15897	2.82655	-3.38008	-12.6402	4.12695	73.6816	12.9659	-1.43384	
114.988	5.37235	31.1471	10.366	-0.967609	3.30483	1.22625	-19.1162	-0.346011	76.2462	12.6859	-1.29886	
117.131	4.75301	31.7032	11.74	-5.27579	1.95007	14.1259	-21.3155	-15.5678	78.7609	12.4845	-0.580645	
119.845	3.40375	31.6141	16.0222	-7.11966	-3.23991	25.0567	10.3321	-32.6696	81.2558	12.521	1.07975	
123.42	2.49889	30.3937	19.1335	-0.726003	-7.78004	0.25359	44.3478	-4.05239	83.7935	12.9049	2.45872	
127.05	3.11009	28.9772	16.8937	5.85787	-5.32844	-16.8376	16.7961	21.3617	86.4204	13.3305	1.52482	
130.085	4.43292	28.3036	13.9546	6.69776	-1.42766	-11.3811	-4.24239	15.5409	89.1065	13.4787	0.0106133	
132.66	5.642	28.252	12.2633	5.30909	0.867149	-6.22345	-8.24289	8.25606	91.7948	13.3729	-0.959764	
134.974	6.52781	28.5455	11.2504	3.56176	2.18812	-4.21048	-9.451	5.51337	94.4465	13.131	-1.38364	
137.119	7.02369	29.0624	10.5753	1.31347	3.15347	-2.23122	-13.734	3.9294	97.0441	12.8441	-1.43046	
139.188	6.95656	29.7183	10.6589	-2.17407	3.42371	4.29902	-21.1943	-2.84261	99.5857	12.582	-1.11808	
141.461	6.0743	30.2095	12.8978	-6.46572	1.07081	18.979	-16.9713	-22.8226	102.085	12.4421	-0.124559	
144.453	4.66703	29.8118	17.4011	-6.09197	-5.08906	19.8529	25.6043	-31.1243	104.582	12.5943	1.68594	
148.109	4.18074	28.3639	18.5271	1.71935	-7.76772	-8.88198	39.5023	7.1237	107.143	13.0358	2.32701	
151.503	5.10419	27.0938	15.6278	6.44884	-4.21608	-15.2625	7.91314	21.2769	109.79	13.3867	1.01777	
154.325	6.41656	26.6014	13.2497	6.27948	-0.738022	-8.55528	-6.03906	12.9131	112.478	13.4409	-0.38141	
156.791	7.52446	26.6371	11.9702	4.82391	1.17568	-4.87586	-7.8033	7.13365	115.152	13.2765	-1.16168	
159.052	8.31869	26.9705	11.1431	3.16382	2.39235	-3.5373	-9.21151	5.44844	117.781	13.0088	-1.44891	
161.174	8.7302	27.521	10.6115	0.884206	3.37298	-1.32415	-14.3079	3.95378	120.354	12.7186	-1.40472	
163.259	8.55734	28.2054	10.9667	-2.7612	3.53256	6.17656	-21.8813	-4.29828	122.871	12.4693	-1.0129	
165.618	7.5562	28.6615	13.607	-6.88955	0.631677	20.4048	-13.6702	-26.4822	125.351	12.362	0.105083	
168.727	6.16527	28.1116	17.8228	-5.35645	-5.86558	15.0289	31.6792	-29.1042	127.837	12.5666	1.92022	
