-188.527
-187.892
-182.285
-176.217
-166.396
-156.226
-147.214
-185.924
-183.166
-177.528
-169.636
-159.355
-144.663
-131.504
-180.865
-177.761
-170.028
-158.089
-141.117
-122.268
-110.737
-173.135
-169.489
-160.981
-146.4
-124.896
-100.238
-87.5299
-164.768
-160.072
-148.058
-128.752
-102.26
-76.9384
-61.8155
-158.972
-150.198
-133.015
-110.932
-80.4721
-55.7335
-44.078
-152.442
-142.864
-123.422
-90.8328
-56.6569
-38.3594
-34.0784
-150.104
-137.142
-113.414
-81.5091
-43.4031
-32.0269
-31.1544
-145.591
-133.181
-108.459
-71.2992
-37.5799
-31.1157
-30.5343
