-15.3206
-11.7857
-61.5162
-12.3507
-12.1967
-22.5586
-12.5575
-6.53827
-13.3686
-12.0347
-29.6222
-9.22537
-18.9734
-21.4167
-8.94183
-4.93542
-13.0601
-2.43282
-20.8151
-4.45546
-13.1661
-11.3175
-12.1288
-12.206
-20.4015
-9.08783
-21.3452
-12.5889
-12.1282
-20.3615
-13.4057
-12.2223
-1.24291
-20.3921
-8.46864
-11.198
-21.0523
-20.8135
-19.4841
-22.5374
-18.4612
-11.4341
-14.025
-0.973551
-20.2132
-13.6493
-30.6989
4.82852
-18.1855
-21.1273
-11.1059
-13.4746
-20.1047
-20.4448
-20.0134
-12.6547
-12.1717
-13.4601
-22.4487
-18.0439
-22.6629
-47.5636
-14.0565
-20.6546
-11.804
-3.58069
-16.1407
-20.7664
-2.84222
12.7883
-9.23443
-12.2024
-2.79801
-19.9387
-23.5064
-50.8723
-13.287
-20.3417
-16.0113
6.04773
-12.356
0.355519
-20.98
-4.27216
-18.834
-12.8856
-12.9605
-12.4722
-16.1539
-21.6081
-18.0234
-11.6053
-43.5801
-11.9798
-13.3037
-11.2382
-10.6735
-6.65252
-13.9156
-11.9974
-11.5637
-13.4681
-9.01349
-21.2751
-3.80329
2.6147
-61.1321
-10.1069
-20.2647
2.58576
-20.4578
-11.4265
-3.36076
-20.1214
-12.2666
-20.5693
-34.4104
-4.35711
-12.8036
3.24595
-8.98388
-11.7645
-18.1469
-21.4018
-11.6619
-10.6967
-15.8313
-20.1889
-11.4234
-13.604
-1.66962
-8.06005
-10.1365
-12.7302
-13.9327
-9.94521
-12.677
-13.5521
0.2703
-9.834
-10.9297
-9.65475
-9.04311
-21.8571
-27.4952
2.88166
-12.1926
-20.3472
-28.863
-19.8067
-9.69084
-9.00205
-41.8756
-11.3787
-9.75753
-4.61335
-21.0604
-19.8121
-13.3449
-20.3163
-33.4398
-13.2758
-11.5057
-12.2231
-12.324
-10.5011
-21.3829
-13.6598
-12.4194
-20.6685
-10.139
-20.7572
-23.8439
-4.88973
-14.5194
-10.353
-20.8099
-17.4373
-12.6149
3.90575
-13.3484
-78.6211
-10.6663
-11.4248
-5.46804
-20.8215
-26.9922
-3.7298
-19.4765
-13.0176
-13.2295
-25.2171
-12.5648
-12.2095
-12.3908
-11.3584
-21.2985
-13.3062
-19.8162
-19.167
-11.6367
-13.0316
-13.3097
-12.9088
-12.3047
-12.0833
-27.4276
-9.07602
-20.9843
-19.4011
-14.0567
-12.8707
-18.9067
-12.5672
-20.3139
-11.6686
-10.7794
-19.8496
-12.7037
-21.6852
0.0552665
7.40799
-11.5619
-36.6646
-10.9426
-19.6781
-20.2293
-11.4906
-10.9416
-13.1567
-21.2131
-11.1995
-13.456
-21.9341
-12.4531
-12.0114
-2.78437
-21.4663
-21.2655
-21.549
-5.38591
-12.0784
-14.1386
-21.6008
-11.8597
-21.8884
-12.3078
-21.4857
-9.63513
-20.5748
-20.4816
-20.1424
-8.77797
-12.0332
-12.9127
-24.7084
-20.4931
-13.2621
-10.6564
-20.2166
-12.8077
-12.9682
-13.3374
-19.8357
-20.2689
-11.8643
-12.7921
-12.7246
-0.19176
-21.7156
-7.12654
-21.3715
-12.4419
-12.8772
-20.4487
-28.202
-31.4804
-3.20577
-12.8666
-19.3559
-17.5444
-11.4927
-28.758
-13.2745
-9.64462
-10.4919
-6.35498
-13.0605
-9.54319
-78.7523
-29.4071
-20.6393
-11.5252
-4.19332
-20.844
-21.6285
-11.8719
-21.6332
-9.58832
-22.6031
-21.0616
-11.428
-13.3289
-67.0385
-21.0067
-20.2526
-7.87017
-1.5725
-17.5288
-12.8389
-20.8738
-12.9072
-18.8589
-20.4325
-20.9942
-10.0433
-3.09475
-11.9767
-61.743
-11.9876
-12.1237
-21.9246
-24.3455
-3.09327
-10.6516
-12.1134
-1.38041
-19.9013
-11.7791
-11.8361
-12.9869
-8.18866
-11.9529
-13.6463
-12.4061
-20.2648
-12.3475
-28.5184
-13.0838
-13.7746
-13.4961
-11.4469
-12.114
-13.2618
-19.715
-3.56903
-3.67459
-10.9386
-20.7454
-19.607
-13.1955
-20.4681
-10.9751
-12.9693
-20.6714
-1.81984
-6.28501
-13.3737
-21.0139
-0.284305
-12.5895
-10.5883
-21.064
-21.6456
-20.2882
-9.24694
-2.01963
-19.7037
-11.1528
-13.3674
1.97462
-10.9079
-18.8879
-10.8101
-10.9468
-10.9492
-21.3638
-11.5514
-12.0127
-57.7606
-11.9296
-11.7873
-12.8232
-12.176
-12.9547
-10.6465
-10.9636
-1.44099
-21.6382
-3.66216
-20.0025
-22.0196
-10.0059
-12.3407
-11.7076
-14.3055
-7.78505
-21.4873
-12.6883
-5.32467
-19.1789
-11.0677
-22.1193
-13.6678
-12.9055
-20.7604
-20.9957
-11.6267
-13.9353
-21.2942
-22.4548
-14.0332
-20.3477
-18.5233
-22.3045
-21.2274
-9.93744
-1.7726
-12.005
-12.7648
-12.9956
-28.5949
-13.8039
-13.2373
-4.92471
-21.624
-13.8028
-8.47803
-13.0668
-13.2174
-10.2698
-3.59227
-12.308
-20.3664
-53.7161
-12.9142
-11.9832
-11.3612
-28.7254
-9.22646
-11.9447
-14.2325
-5.25082
-19.3291
-11.4363
-10.6149
-11.871
-12.4105
-12.2268
-12.5299
-12.0206
-19.9927
-13.8567
-11.0001
-12.3434
-13.5858
-13.9949
-1.98409
-21.5067
-12.8005
-11.8852
6.28299
-21.7479
-4.63613
-21.7989
-12.2143
-49.2408
-11.3594
-19.4469
-19.5014
-13.2424
-13.9656
-20.6819
-21.7568
-22.524
-22.3175
-13.2233
-21.5082
-10.8172
-22.3512
-22.4595
-9.98894
-12.2318
-8.75005
-3.40051
-13.3168
-21.4489
-19.8563
-12.4948
-12.4913
-8.27528
-11.4276
-59.7512
-13.9165
-11.6831
-39.2124
-10.4194
-11.8302
-10.8674
-11.7887
-10.9978
-12.1704
-19.5585
-18.9638
-7.98513
-9.49246
-12.607
-43.6926
-11.5069
-13.1907
-10.1675
-9.00644
-13.7495
-12.809
1.01392
-18.4782
-12.1829
-71.9537
-11.2636
-18.1498
-3.36202
-21.2078
-13.5613
-2.59338
-13.2546
-12.5979
-19.5931
19.9765
-7.77519
-13.0502
-1.29905
-9.99077
-21.859
-11.6261
-17.0868
-10.7702
-11.9244
-13.4218
-11.1396
-29.7109
-12.563
-12.4728
-21.1879
-12.1491
-14.0445
-11.9549
-3.24105
-13.4088
-20.1864
2.4077
-13.581
-18.9182
-22.4619
-2.69177
-7.48792
-11.9694
-12.6267
-22.178
-12.1184
-5.74634
-3.84381
-21.398
-10.1233
-11.6549
-11.9405
-10.3223
-19.9503
-10.6299
-1.10618
-12.1874
-10.7156
10.0843
-20.1293
-51.2196
-10.5998
-11.3778
-11.7829
-10.7649
-8.89732
13.9515
-4.23483
-11.9689
-11.6414
-4.38896
-27.3546
-10.4036
-19.5416
-12.0661
-12.6892
-19.9158
-13.4372
-13.5894
-3.13829
-20.1001
-12.6902
3.16991
-36.6288
-10.8343
-2.99067
-13.1016
-0.0692728
-13.5356
-62.561
-10.8985
-10.7538
-2.90291
-13.8836
-11.5922
-22.3551
-20.585
-20.5809
-12.8363
0.261055
-3.62903
-19.4793
-9.68737
-11.2787
-22.103
-12.3434
-13.4408
-11.9636
-10.1485
-12.4428
-22.8138
-11.1128
-19.0895
-9.70423
-13.2127
-9.45071
-12.8843
-22.1297
-11.9131
-21.6836
-13.7134
-12.8281
-21.6701
-17.5254
-2.3646
-4.64526
-13.9574
-11.9795
-2.07573
-10.8548
-13.5547
-20.1214
-12.4037
-13.6767
-12.5703
-13.0782
-20.9749
-13.1747
-21.0296
-21.9406
-11.4376
-12.3021
-10.4069
-8.11094
-3.04225
-20.7986
-10.5481
-9.01264
-3.6977
-11.8043
-9.0662
-12.7378
-8.59013
-13.4092
-13.7729
-11.6741
-28.4823
-21.4378
-19.9504
-11.7624
-19.6902
-20.8468
0.98631
-13.7356
-13.1952
-11.0449
-11.9583
-13.9217
-21.0308
-13.8687
-10.1752
-0.279799
-11.0365
-13.7237
-21.9598
-11.9767
-4.4679
-21.721
-13.132
-13.5064
-10.1175
-13.3298
-16.5617
-12.7773
-13.0014
-28.8775
-74.6121
-12.5802
-11.0175
4.93329
-22.0413
-9.48323
-13.9883
-12.1303
-13.1678
-29.2822
-13.1553
-12.2547
-7.50232
-13.447
-9.48775
-10.7195
-12.1436
-12.3246
-13.1298
-11.5442
-8.68071
-2.99481
-12.8448
-70.1299
-10.9341
-9.93492
-10.4216
-20.9835
-60.8183
-2.16552
-19.6562
-11.0655
-44.5258
-9.35757
-11.8257
-13.0158
-21.537
-14.0067
-11.9061
-10.6636
-16.2579
-11.5267
-21.3396
-21.2629
-22.6008
-13.0766
-12.817
-4.02831
-19.9085
-18.4442
-10.4
-13.302
-1.65915
-3.44629
-12.7061
-8.98408
-12.7443
-13.4254
-19.6381
-13.425
-11.4986
-10.6338
-5.24458
-4.04135
-12.8169
-11.0648
-11.9462
-13.4176
-7.82563
-19.89
-16.8441
-3.92219
-20.0507
-12.6363
-11.7746
-2.33246
-1.8241
-11.6957
-20.608
-19.9463
-9.82169
-20.9139
-13.1847
-8.8726
-7.62222
-8.46384
-18.4007
-12.7689
-13.5389
-12.3883
-12.5932
-10.9959
-12.4612
-13.4811
-20.6459
-12.1925
-13.8436
-12.3145
-21.0746
-11.3312
-4.44367
-20.671
-12.8693
-11.8224
-11.5276
-20.6932
-21.0475
-21.2988
-13.4347
-11.9823
-22.5265
-21.7771
-12.8895
-20.716
-9.84726
-11.5305
-8.72774
-12.1525
-6.46953
-12.2618
-13.9361
2.04364
-13.0015
-19.2916
-12.151
13.1743
-36.2817
-11.3062
-12.0219
-11.7154
-10.5284
-0.757905
-41.1955
-14.239
-21.5879
-10.35
-22.7039
-20.6445
-13.5003
-21.7057
-3.96871
-22.0698
-12.9292
-28.4995
-20.8489
-13.5009
-13.2744
-12.6154
-8.25317
-10.3831
-12.3437
6.33855
-11.6432
-82.9567
-26.6693
-12.9014
-13.4195
-14.8391
-11.1495
-7.51568
-1.32538
-21.8211
-11.5557
-12.5961
-9.45048
-2.84046
-13.7802
-21.1598
-28.616
-19.215
-18.5374
-22.0659
-59.5113
-12.3422
-10.5728
-14.4404
-12.3035
-8.16377
-20.9132
-12.5537
-12.0259
-13.9896
-12.2995
-3.98466
-20.7909
-7.07587
-12.6942
-13.3893
-21.363
-8.64359
-19.7956
-20.2754
-27.8943
-8.96147
-17.8924
-11.7252
-12.3435
-9.74299
-13.3007
-19.5309
-19.6097
-21.4058
-22.2809
-21.9064
-12.0227
-12.9526
-11.9139
-18.6941
-12.9834
-4.55211
2.67212
-7.17527
-19.8211
-15.3464
-10.263
-13.8862
-7.94432
-10.264
-4.5562
-4.63406
-3.02785
-2.19814
-12.0027
-20.5747
-11.1209
-13.3759
-10.8814
-11.9779
-4.05207
-13.0849
-14.2366
-9.38461
-8.80026
-20.805
-28.9488
-12.5767
-10.2206
-20.367
-13.5506
1.7582
-30.474
-12.7619
-13.6393
-8.03277
-12.4582
-20.8865
-19.8792
-12.7083
-20.4627
-13.3731
-3.72347
-14.2437
-11.3035
-9.67314
-12.2724
-11.4467
-11.0566
-12.9562
-11.7862
-21.2164
-11.3227
-11.5047
-3.1225
-11.1006
-11.8403
-20.0416
-9.72178
-11.8768
-9.0372
-11.614
-13.4664
-12.2036
-13.2814
-12.9175
-12.7547
-12.5803
-10.319
-13.0695
-13.945
-13.0531
-21
-21.5723
-23.0818
-32.0409
-12.988
-12.4405
-11.2146
-20.4657
-9.28117
-13.3494
-13.1799
-10.2406
-9.82755
-10.067
5.71398
-12.6952
-19.6006
-10.1085
-3.97681
-12.8737
-12.6164
-11.987
-10.7522
-11.6236
-12.3746
-10.859
-13.5426
-10.2927
-13.4636
-29.775
-11.835
-20.5831
-13.3256
-9.91989
-12.3652
-11.2058
-22.3171
-12.4442
-14.2771
-9.48685
-19.9721
-11.8008
-13.571
0.68766
-13.1389
-12.6883
-12.009
-13.6377
-13.2135
-12.6534
-22.9262
-17.5725
-12.7732
-11.2915
-11.4574
-13.6591
-12.5023
-12.9855
-12.9084
-11.8412
-11.4558
-12.4892
-12.7192
-35.9055
-9.56387
-12.9405
-13.1004
-12.5807
-5.33713
-11.3663
-12.652
-12.9845
-13.6095
-13.0935
-21.3636
-12.0597
-8.40678
-12.6467
-20.9568
-11.641
-12.1331
-4.99222
-21.813
-11.0282
-11.3796
-8.83774
-10.2709
-18.2559
-21.6782
-12.643
-18.3018
-8.75273
-11.0805
-4.15607
-10.2887
-13.4265
-15.3567
-11.3789
-4.52946
-10.9763
-13.3897
-10.3585
-13.8179
-13.7805
-13.0741
-11.3565
-11.8741
-13.5034
-13.3196
-9.72068
-10.9208
-12.2645
-3.08658
-14.5249
-12.8325
-10.7892
-12.9656
-12.4406
-9.45864
-18.8008
-12.0498
-13.2155
-13.5079
-20.197
-21.235
-10.9143
-7.85923
-11.9034
-20.2816
-3.24168
-11.4009
-12.3695
3.98513
-12.502
-11.9436
-13.7692
-3.70109
-14.0738
-20.4253
-9.6826
-13.0851
0.179694
5.53911
-11.5125
-9.20091
-12.2071
-10.8906
-19.6434
-29.3575
-10.3576
-16.2266
-21.8193
-12.7998
-11.6583
-11.4377
-11.2484
-11.2786
-6.37815
-4.31807
-22.0421
-11.7378
-14.0347
-11.1997
-9.98191
-19.6008
-11.9866
-1.60909
-25.1691
-11.5318
-19.3593
-11.0143
-21.5519
-14.2515
-20.1112
-4.63373
-10.6566
-13.9883
0.0048711
-10.1211
-12.8937
-12.8588
-11.2342
-13.5619
-20.308
-22.1076
-12.786
-35.226
-18.2287
-13.5128
-21.013
-19.7216
-66.5858
-21.3716
-10.5687
-8.37116
-13.854
-13.1129
-12.4754
-11.036
-14.9518
-21.5591
-14.387
-12.2175
-21.6285
-21.7491
-11.5873
-65.809
-11.5032
-13.8761
-20.4009
5.21132
-12.8455
-12.9674
-13.5008
-5.27227
-12.6622
-10.7006
-13.8605
-13.1578
-14.2018
-10.4792
-12.8588
-21.373
4.29612
-10.5366
-9.98377
-12.6219
-10.1138
-20.0623
-3.12848
-10.8211
-12.4854
-10.613
-10.173
-21.5002
-13.3294
-1.08366
-11.0653
-11.6457
-10.225
-10.2229
-12.9674
-7.72476
-4.90063
-4.42174
-4.988
-12.4514
-12.3382
-13.2252
-12.1021
-13.5065
-2.45526
-9.87822
-12.5838
-8.35762
-12.6158
-20.7642
-2.02081
-11.784
-12.0909
-13.0357
-21.1398
-20.3947
-11.9556
-13.8016
-22.619
-9.70901
-11.3933
-11.661
-20.3819
-3.42832
-12.8254
-8.4558
-11.1247
-12.8952
-18.8675
-12.3202
-13.3673
-20.4932
-22.0468
-11.1022
-14.3353
-18.8349
-11.9247
-19.3005
-10.875
-10.9218
-11.2669
-10.7978
-20.6402
-11.1045
-20.9591
-12.4119
-3.94376
-9.04445
-36.6103
-11.9458
-12.6282
-14.1203
-19.5172
-21.5967
-19.0627
-9.1899
-12.8717
-12.4972
-13.5568
-13.2802
-12.4912
-26.7292
-12.3101
-5.14337
-21.0688
-12.3788
-27.845
-4.45791
-11.9446
-10.9979
-13.309
-21.0295
-18.2517
-11.8962
-11.087
-21.1186
-12.5378
-5.26215
-9.75883
-18.7257
-28.6029
-19.3781
-12.0188
-11.488
-13.7727
-12.7086
-12.4143
-10.7359
-8.41843
-22.3387
-9.66031
-13.2754
-3.99452
-12.3612
-11.3369
-21.5147
-2.78263
-68.3719
-14.2934
-4.6835
-20.2199
-13.8661
-12.8279
-12.6592
-9.64016
-12.3896
-13.1985
-35.6199
-3.83754
-22.8325
-13.2826
-12.9488
-13.6733
-22.067
-10.7522
-12.0544
-13.4082
-20.2432
-3.49185
-13.4866
-11.1269
-13.6775
-10.2889
-20.5431
-13.5508
-56.3087
-19.8084
-13.3007
-11.5602
-21.0318
-7.49251
-6.92492
-10.492
-12.3372
-12.7034
11.0715
-12.5547
0.0353539
-21.2681
-12.0897
-18.8638
-11.9726
-22.3603
-20.9268
-13.6576
-27.8541
-12.7595
-10.4715
-12.839
-13.0888
-21.3722
-20.4772
-30.4668
-12.5893
-12.4802
-13.2421
-6.32372
-24.2809
-22.0467
4.12673
-12.9809
-12.0305
-12.2916
-12.1664
-12.5363
-13.5457
-11.9095
-12.0349
-11.8836
-11.5368
-14.2916
-13.3582
-12.0903
-4.17383
-13.3267
-12.8174
-6.14352
-5.79647
-0.0112151
-2.95872
-18.5156
-22.0386
-20.3053
-13.3222
-13.1236
-11.5347
-13.4366
-10.0143
-1.72711
-13.3949
-5.42564
-18.8809
-20.7242
-11.8079
-19.9001
-12.1433
-2.01671
-14.5372
-21.2776
-12.0925
-12.8778
-19.9235
-12.7547
-9.74879
-11.1504
-13.2306
-13.7162
-10.1546
-22.1506
-20.1087
-4.04058
-11.2227
-10.9517
-21.1849
-12.9238
-30.2528
-14.4404
-13.9808
-11.9905
-11.9319
-21.0076
-10.8357
-13.017
-12.1738
-12.5769
-21.3091
-12.8857
-10.1937
-21.4534
-12.0502
-12.5748
-12.0146
-11.5391
-13.4483
-22.1563
-46.7549
-67.1624
-12.9972
-22.1305
-10.2985
-9.50968
-19.5542
-21.6678
-11.8778
-8.55322
-11.9863
-4.94403
-12.4573
-28.2359
-11.9246
-14.0302
-22.3092
-12.0114
-22.2217
-12.549
-18.6168
-13.3892
-21.5994
-12.8609
-10.283
-79.4048
-29.8764
-10.7902
-20.6739
-21.2856
-13.2162
-12.3346
-12.6012
-11.5663
-12.7007
-13.0987
-17.4807
-12.5565
-22.2738
-2.08116
-12.7196
-11.9812
-18.5054
-24.146
-19.1031
-13.2774
-11.5234
-13.0932
-22.1926
-56.5814
-12.8988
-11.6378
-4.25049
-10.9468
-13.4544
-48.0854
-14.2217
-12.9962
-10.3735
-9.51555
-13.0602
-13.4979
-11.3874
5.57491
-11.7797
-12.8306
-11.0865
-13.1978
-4.9367
-13.4559
-20.9042
-11.7438
-10.6403
-13.0682
-13.0815
-13.4544
-13.4552
-14.829
-12.9585
-7.44519
-9.65367
-10.4136
-11.3163
-13.4365
-14.0554
-13.7036
-13.0535
-12.2689
-21.5783
-21.4305
-13.074
-12.2355
-4.91911
-7.50799
-13.5761
-13.5052
-13.5049
-13.4405
-11.1578
-13.8049
0.0435789
-11.3945
-13.6371
-12.6075
-13.3378
-11.2263
-12.1622
-14.8441
-20.8443
-20.2557
-17.4323
-12.5913
-12.7834
-9.89089
-14.2608
-13.166
-12.5098
-28.9901
-4.6084
-11.1956
-21.7197
-12.9886
-9.05392
-21.6658
-14.0048
-4.90291
-19.5834
-12.8161
-19.5267
-12.1405
-9.6865
-5.03684
-19.1977
-12.3938
-12.1133
-11.6388
-2.28362
-10.4978
-5.06398
-13.4196
-12.81
-12.8309
-12.2736
-26.6266
-12.5874
-11.4886
-13.0727
-14.2284
-13.0154
-9.95934
-12.8277
-13.3796
-11.1522
-24.0317
-22.9736
-11.825
-11.2113
-10.5612
-12.4901
-12.1761
-13.5857
-12.3754
-21.5204
-4.45061
-13.974
-10.1639
-14.6095
-11.534
-19.6934
-12.6536
-19.3531
-29.2182
-10.7295
-13.1363
-10.4553
-9.97653
-2.52108
-11.9502
-12.9418
-19.052
2.54706
-9.66919
-11.5552
-12.7734
-20.9923
-21.5623
-19.2374
-20.6984
4.79884
-0.669689
-21.8461
-12.9122
-9.59171
-11.0478
-12.3352
-0.0439552
-3.68719
-9.94427
-21.1324
-9.88429
-20.9132
-14.1395
-20.885
-10.653
-21.8549
-12.0613
-13.6226
-14.2681
-12.2455
-11.0708
-10.583
-13.442
-12.669
-13.5661
-10.1761
2.51148
-14.0751
-13.4196
-5.48721
-10.1932
-7.91313
-14.1354
-13.0963
-13.1017
-19.2593
-13.3562
-11.8616
-13.2133
-12.7435
1.74184
-13.5468
-9.43391
-4.01418
-11.8055
-13.2188
-21.7403
-11.4921
-11.4606
-12.9941
-10.9597
-3.86376
7.74523
-13.2704
-19.4153
-6.24037
-11.2992
-5.46329
-10.0241
-12.3787
-9.34559
-3.91782
-20.8595
-9.40031
-13.1999
-12.3616
-20.8996
-10.93
-12.2849
-15.841
-11.108
-2.08645
-1.91149
-20.7592
-11.464
-14.3157
-13.5889
-14.1964
-13.0954
-13.5976
-47.7676
-13.4786
-19.6599
-11.8745
-12.2304
-13.1229
-11.3416
-10.372
-12.3872
-12.499
-12.4675
-11.0931
-16.907
-13.9092
-13.0702
-11.431
-3.80287
-4.01406
-13.1171
-21.7914
-12.271
-22.2359
-19.9078
-12.7681
-12.3491
-11.1757
-13.4658
-12.6435
-10.6055
-21.5265
-12.6632
-11.0265
-0.621605
-21.634
-13.3563
-12.9975
-11.2036
-5.69024
-13.3184
-31.9556
-4.10577
-11.2061
-11.3495
-13.9999
-19.4799
-10.1697
-5.06262
-11.7233
-11.6355
-19.0056
7.62124
-13.2397
-5.17922
-12.7597
-12.5175
-12.6318
-11.9074
-8.88446
5.8136
-13.2299
-13.6961
-8.5383
-13.1827
8.0835
-8.1325
-20.7832
-20.4897
-12.9619
-12.9988
-13.4792
-2.78359
-10.9034
-13.5215
-21.0915
-10.4917
-12.6237
-13.9144
-20.4044
-14.1117
4.64235
-18.0901
-2.14037
-14.5264
-19.6602
-11.5426
-21.2387
0.796412
-8.86394
-20.1144
-19.8619
-13.6182
3.97506
-13.6559
-12.7888
-20.8653
-11.9929
-12.2609
-12.9816
-7.87066
6.50344
-13.4886
-10.496
-2.87652
-12.3538
-20.7553
-42.0467
-10.3267
-17.9614
-10.3645
-11.9856
-12.4391
-10.9954
-3.45311
-45.0911
-13.4967
-12.8459
-11.5227
-11.1011
-10.7582
-10.8068
-13.7317
-10.7951
-11.0381
-11.633
-5.49801
-10.7296
-21.5212
-12.1674
-29.1771
-11.415
-19.9735
-13.503
-21.089
-3.49717
-22.6236
-20.4654
-3.33474
-13.1827
-11.6774
-22.5485
-2.90019
-11.4845
-13.3268
-1.15683
-11.0185
-13.0588
-22.485
-20.4003
-14.2812
-13.9885
-12.494
-29.8313
-13.9993
-10.9943
-13.1583
-11.8103
-13.4218
-11.4513
-13.008
-13.268
-12.5995
-21.5428
-2.91645
-17.0904
-13.2533
-11.8352
-13.2699
-2.77982
-9.88689
-19.2217
-19.4877
-20.9592
-13.0608
-13.8872
-13.4579
-13.1268
-12.7139
-12.9586
-9.73726
-13.1192
-12.1709
-12.8321
-20.7788
-21.2464
-10.5837
-12.1061
-12.9909
-12.0232
-10.4521
-19.556
-20.2666
-8.73152
-13.2571
-8.02741
-4.36938
-13.6923
-12.4942
-9.89824
-13.3935
-12.0491
-19.4167
-13.3366
-0.883305
-13.778
-21.6219
-20.4766
-10.8375
-9.49588
-44.7343
-11.0966
-13.5088
-11.0947
-14.2572
-10.5126
-12.4071
-20.2835
-10.6807
-2.84312
-17.6644
-9.81293
-11.6394
-12.1146
-3.51577
-11.6689
-13.5013
-20.0353
-4.13141
-13.2561
-11.8751
-12.1166
-20.1162
-11.5978
-13.3169
-12.3412
-13.1141
-14.0486
-12.8536
-11.7736
-13.689
-13.4881
-12.9045
-22.0588
-20.8388
-12.9087
-19.4468
5.10391
-12.7508
-11.7979
1.11396
-10.2038
-13.1321
-12.8142
-19.9088
-5.59007
-11.1159
-28.5095
-19.3616
-12.0264
-10.1418
-13.0285
0.351717
-19.3027
-12.821
-13.1279
-20.6112
-22.6596
-12.6976
-12.8012
-11.7442
-10.6827
-19.2624
-11.845
-13.8994
-11.045
-13.9772
-23.709
-11.742
-17.7639
-9.90087
-10.1728
-10.5353
-31.1558
-20.6074
-22.2108
-13.4098
-14.1601
-10.7178
-13.9569
-12.7567
-12.4915
-10.0909
-9.02231
-20.3307
-4.42928
-20.7812
-12.4629
-12.8706
-3.18758
-12.1868
-12.0949
-8.53974
-13.0931
-3.05125
-0.454984
-12.3231
-9.15545
-12.7025
-14.1448
-10.8379
-13.2596
-13.6642
-12.1888
-12.482
-37.1337
-12.5132
-12.2912
-21.1494
-21.3694
-12.3419
-13.1133
-12.0266
-11.1262
-20.9664
-10.7779
-11.7568
-11.5251
-12.4506
-13.4868
-14.1029
-19.526
-11.3979
-21.5425
-5.27481
-15.4199
-9.41828
-21.9822
-10.926
-0.227776
-29.9828
-13.0696
-7.84476
-11.3405
-10.3869
-20.2961
-9.08529
-18.4522
-10.6489
-11.3423
-0.995799
-20.2848
-12.1876
-12.7965
-20.8452
-13.6438
-22.2164
-20.2265
-12.8538
-19.6985
-10.5708
-21.1629
-9.44921
-13.2329
-13.393
-13.2376
-13.5402
-20.8768
-10.9984
-21.4278
-21.5296
3.52033
-12.5732
-12.0416
-13.1746
-12.488
-21.8884
-22.1544
12.1536
-13.6451
-11.8391
-13.6364
-10.7909
-12.704
-21.6757
-12.8369
-12.7385
-12.5559
-20.3749
-11.2552
-13.1677
-12.8924
-29.4435
-10.1648
-11.9848
-14.0841
-7.23749
-13.0375
-14.1106
-12.9624
-9.37291
-19.5465
-9.71301
-12.3563
-5.21976
-12.6866
-12.2158
-9.49968
-13.4147
-21.8325
-21.2926
-4.07926
-10.898
-4.39743
-21.6718
-10.9977
-11.2943
-10.9484
-14.2246
-1.8921
-20.6026
-12.5836
-2.4932
-62.2129
-10.8926
-11.2901
-58.0464
-13.5146
0.88438
-0.26794
-12.5928
-11.4921
-12.4132
-21.1216
-17.1367
-20.0618
-14.2313
-10.606
-12.6023
-11.3779
-11.5774
-9.56941
-13.3055
-3.59578
-13.9076
0.148561
-12.6978
-13.1161
-4.68777
-21.7034
-10.0324
-21.7697
-14.3115
-20.7617
-13.0394
-11.2326
-12.9303
-13.6773
5.05743
-12.1162
-20.3047
-23.6214
-12.2023
-13.107
-0.268143
-13.5567
-13.1192
-10.5373
-11.3403
-13.7225
-20.5383
-5.57459
-12.9602
-14.2966
-21.6716
-14.1578
-20.6677
-20.622
-14.4396
-12.5557
-7.56657
-11.9612
-13.6317
-11.8098
-12.4036
-17.8306
-12.8168
-13.6677
-13.8493
-10.5769
-5.22171
-4.06098
-3.08856
-13.0434
-11.7945
-4.50495
-13.0657
-13.7286
-10.3512
1.65508
-10.2858
-11.1163
-12.5281
-11.522
-12.2671
-10.7222
-13.2765
-11.5406
-20.0661
-13.0348
-13.2624
-12.121
-22.1829
-14.0249
-3.54315
-3.1608
-11.0464
-3.66836
-13.7285
-13.9161
-12.2274
1.57457
-11.9971
-37.5648
-24.0647
-20.5218
-13.4395
-12.9727
-55.8706
-12.6774
-12.9706
-12.9321
-16.3737
-20.925
-7.26446
-10.7491
-11.9772
-12.066
-11.6531
-12.0013
-21.7283
-2.7993
-20.0683
-13.7445
-2.71094
-12.0746
-2.63648
-15.3655
-3.26302
-9.26423
-11.364
-13.0392
-6.48806
-8.85369
-13.393
-12.0344
-2.13037
-12.4007
-20.2788
-12.282
-13.3695
-11.4911
-17.3157
-13.0961
-12.8779
-14.4654
-12.5337
-13.2355
-11.2104
-18.8381
-19.8435
-12.0362
-13.6857
-10.2307
-12.9329
-11.8168
-22.2151
-19.1084
-18.7888
-13.9965
-13.2712
-19.2978
-11.6789
-4.58929
-22.6513
-13.0825
-11.4892
-12.9259
-13.5282
-13.1212
-25.1746
-22.0838
-9.93824
-21.2566
-11.7044
-11.7135
-11.5806
-21.8889
-21.5845
-13.1169
-13.8396
-12.5952
-10.6958
-10.4473
-20.4563
-21.2937
-12.5912
-12.9132
-7.86876
-20.0596
-13.7289
-13.7745
0.0215646
-19.6233
-1.02636
-11.9272
-12.1818
3.73508
-18.3584
-20.8562
-21.1686
-11.5544
-11.5092
-14.0867
-12.8033
-12.7107
-4.3003
-9.75282
-12.9502
-10.441
-2.63466
-12.8864
-11.6744
-10.2406
-19.629
-13.7674
-9.37275
-13.2282
-9.41426
-13.1243
-12.5285
-12.7558
-12.2517
-10.9872
-3.8343
-10.8426
-13.6155
-12.5698
-12.4164
-22.3208
-13.654
-2.73784
-12.5484
-13.9091
-12.606
-11.9686
-1.23223
-13.4229
-10.0033
-10.3414
-19.9521
-10.7035
-12.6602
-11.5661
-21.5561
-1.29239
-12.4726
-12.6062
-1.44498
-9.73638
-13.3369
-12.1996
-1.16705
-13.6021
-12.7141
-9.69229
-11.2224
-19.5641
-7.03633
-11.6501
-8.83416
-13.768
-20.0931
-13.4239
-2.72168
2.70612
-13.1926
-11.4571
-12.4004
-13.6192
-13.3404
-9.95954
-13.0917
-10.9543
-20.3764
-10.0255
-13.6337
-13.1554
-9.03037
-20.9962
-20.5636
-12.8966
-13.1427
-13.9096
-12.8172
-21.1471
-28.7458
-4.91735
-19.4306
-11.3338
-3.71663
-13.577
-19.1414
-19.4122
-3.90422
-12.0639
-11.9344
-8.4444
-12.855
-9.42673
-12.9707
-13.5839
-13.2327
-10.7508
-11.7336
-21.2224
-10.4907
-13.3651
-20.4881
-9.37022
8.01824
-13.4317
-10.0528
-13.2664
-12.1953
-29.7991
-18.8728
-12.0472
3.3089
-43.5346
-8.82086
-14.67
-11.4793
-11.9067
-10.1267
-21.5873
-20.4123
-4.04871
-7.73198
1.07585
-13.2855
-13.3562
-22.1892
-10.4573
-12.8155
-9.71088
-11.3592
-11.7539
-13.3035
-0.375482
-11.0776
-11.732
-10.4781
-46.6886
-12.3616
-20.8956
-2.26417
-5.41912
-10.5199
-12.3239
9.72427
-9.34277
-21.789
-13.155
-12.2457
4.29844
-45.1945
-21.2364
-12.4725
-12.8647
-10.8883
-20.012
-10.8577
0.135416
-11.9924
-12.6025
-11.9769
-19.8864
-13.597
-12.8761
-8.78554
-11.8461
-11.6071
-11.5554
-10.9085
-13.3729
-11.3817
-13.0323
-10.4504
-11.7887
-13.5112
-12.736
-11.821
-2.49602
-20.4192
-3.3762
-40.7812
-13.0007
-19.7799
-10.9155
-13.2131
-12.7174
-13.8803
-8.65743
-10.4436
-28.292
-11.7578
-21.9841
-21.7736
-14.649
-0.776404
-13.4114
-12.3998
-20.7901
-21.4344
-12.8247
-12.9122
-10.7223
-13.2854
-12.1704
-12.924
-7.98323
-6.46422
-13.1328
-21.6371
-22.0117
-24.6234
-11.5187
-13.5162
0.45489
-1.05205
-9.58321
-13.9269
-18.157
-11.9125
-22.291
-12.8767
-12.9346
4.17097
-58.8751
-12.6481
-20.535
-11.7274
-21.7551
-8.75478
-21.6865
-12.4658
-13.1104
-2.9372
-11.7569
-53.0464
-14.0065
-20.0399
-10.7958
-17.3519
-12.5235
-12.5606
-20.1024
-20.4136
-3.87993
-13.7671
-11.7682
-12.2395
-9.62911
-2.99747
-11.6659
-4.87028
-13.646
-21.5846
-13.6275
-13.1666
-13.4606
-0.440264
-21.7183
-11.7229
-10.3096
-1.89509
-11.5433
-2.19227
-13.4704
-13.0974
-9.40863
-13.4107
-13.1307
-11.0957
-1.14017
-20.0735
-19.5968
-12.0634
-21.1461
-21.9627
-21.3851
-12.5339
-13.9967
-21.3179
-9.43821
-13.4687
-12.7498
-13.9976
-12.1582
-12.6047
-10.7201
-13.6215
-12.087
-13.4665
-12.0812
-13.7352
-13.7404
-21.47
-12.6779
-13.2804
-12.2892
-19.2191
-13.3721
-21.8461
-12.6228
-21.5119
-20.3409
2.82882
-13.4424
-2.01049
-13.2144
-13.0632
-12.9965
-12.914
-11.5168
-21.9689
-21.3258
-1.88928
-36.9939
-12.3702
-11.3881
-13.2298
-20.891
-11.5224
-13.6625
-21.1127
-12.7219
-21.191
-13.3941
-11.8379
-0.78124
-10.7997
-13.6806
-12.7644
-19.4234
-9.97276
-13.527
-13.0611
-9.09091
-14.2202
-21.6775
-12.9868
-10.8149
-12.7599
-1.58624
-12.9759
-18.3582
-28.3728
-3.71686
-13.0354
-11.7801
-12.6931
-12.5796
-21.4669
-11.8917
-13.4108
-21.6623
-8.73281
-11.2946
-9.10584
-12.6206
-3.16719
-13.2639
-12.4344
-13.0236
-20.0951
-20.4627
-21.1565
-12.4686
-11.7212
-13.2204
-0.189698
-13.3191
-0.12714
-12.4774
-3.49263
-11.9079
-13.823
-11.9739
-12.6276
-12.9458
-9.99399
-11.4903
-22.2282
-25.7163
-10.4915
-21.2624
-12.7399
-3.5476
-11.0195
0.42213
-12.0975
-10.832
-3.90605
-13.6612
-11.9418
-13.1208
-11.9323
-19.4249
-10.0073
-14.8511
-19.0706
-11.4103
5.10118
-3.86135
-21.3299
-46.2799
-13.0695
-22.06
-13.1866
-9.5987
-4.28055
-10.3582
-12.4928
-11.9049
-12.3527
-21.5202
-13.6441
-20.0867
-19.8906
-11.5352
-11.6914
-11.279
-11.6982
-12.0825
-13.0365
-13.6926
-11.1488
-13.5433
-2.01353
-11.9327
-12.8956
-10.6398
-13.2409
-12.2491
-13.3475
-12.3162
-13.5805
-12.5224
-12.0027
-11.2368
-10.503
-13.2332
-12.0369
-21.5191
-12.259
-13.3004
-20.4747
-2.30246
-17.0778
-30.4141
4.17811
-9.79737
-11.5559
-13.0323
-10.2779
-26.9926
-0.931895
-9.6473
-9.62822
-12.979
-22.2357
-9.52524
-2.23593
-21.4045
-11.9154
-49.0193
-21.8642
-12.2741
2.82423
-19.1125
-21.2001
-13.6092
-13.2373
-73.6066
-20.0071
-12.8666
-12.963
-12.7627
-19.504
-19.6134
-13.1424
-21.9757
-27.6559
-11.079
-20.2257
-3.62326
-12.5058
-12.0477
-13.7297
0.877152
-13.2999
-12.1496
-21.617
-21.6957
-20.5618
-11.6782
-9.61957
-12.8487
-23.1359
-11.4032
-10.6095
-45.1631
-13.382
-12.2709
-13.7496
-0.855355
-10.4223
-11.2706
-13.4643
-22.1554
-12.1114
-9.9235
-12.9459
-9.48391
-11.3972
-3.83965
-12.2723
-14.315
-13.7531
-10.75
-11.7099
-11.2853
-15.6045
-11.2575
-12.6136
-12.2612
-14.1298
-12.7141
-22.5969
-11.5839
-22.1454
-11.2616
-12.8964
-12.9306
-12.315
-28.3032
-11.2727
-12.2061
-20.2226
-9.10412
-20.4928
-1.15354
-10.7507
-13.429
-22.0997
-20.1648
-13.1271
-12.9573
-11.8051
-12.1321
-10.3849
-13.9006
-11.7394
-11.9155
-22.0778
-11.4436
-11.042
-9.90728
-13.1122
-4.41992
-9.67078
-12.1707
-8.98569
-13.3969
-12.6068
-20.327
-13.3362
-11.964
-20.3562
-13.3174
-21.2876
-13.6356
-13.008
-1.48321
-20.764
-13.1858
-12.6035
-20.8959
-13.5244
-12.5987
-5.51291
-13.881
-12.5224
-11.4076
-11.776
-11.6565
-13.5686
-14.0609
-21.4703
-53.1278
-42.7598
-10.5869
-12.2938
-13.4026
-14.7094
-21.8222
-12.6264
-12.0707
-12.1604
-3.1852
-10.441
-11.1773
-13.3014
-75.5095
-11.0815
-12.1248
-12.8744
-11.9652
-11.8178
-12.8467
-6.83369
-12.1541
-13.0629
-19.1543
-20.537
-12.7552
-6.87812
-14.0887
-11.0006
-12.6657
-12.7455
-11.1477
-17.5962
-10.5366
-11.9978
-11.6753
-2.74845
-12.9929
-21.6418
-12.1752
-13.1859
-11.0983
-27.7979
-20.2881
-12.8809
-10.6086
-10.8848
-12.5831
-19.6663
-13.5677
-12.8874
-21.6436
-29.3385
-13.499
20.8597
-10.9868
-11.2581
-3.91584
-7.22991
-21.0173
-13.0244
-12.717
4.883
-12.9967
-13.8032
0.0202995
-20.9724
-12.3867
-11.731
-21.3893
-11.0273
-11.6444
-12.7837
12.1433
-12.8622
-1.55434
-13.1543
-10.8174
-20.4016
-12.9768
-11.8773
-22.7641
-13.791
-13.2802
-12.6858
-13.9807
-13.8548
-13.696
-13.0247
-13.4845
-11.892
-11.7012
-9.66062
-5.9458
-3.07364
-13.1868
-19.8978
-13.844
-9.83976
-13.7179
-12.2183
-13.5417
-12.1799
-12.4501
-18.4901
-21.1661
-13.4355
-10.2785
-10.7837
-11.0902
-21.407
-21.338
-13.7489
-10.1645
-21.204
-13.2597
-12.9437
-19.6407
-11.9252
-12.4933
-10.6406
-19.4466
-12.8567
-12.2313
-10.6609
-13.0326
-5.33871
-14.3102
-9.59535
-11.2084
-21.0178
-13.1001
-13.941
-12.4169
1.1009
-13.0111
-11.9121
-12.2229
-19.331
-22.1
-28.8996
-12.0915
-13.1049
-14.2715
-13.8792
-21.4893
-19.9533
-13.4157
-11.093
-12.5011
-20.8417
-14.9935
-13.8218
-12.9234
-4.23936
-12.4887
-12.1732
-11.9897
-13.4885
-11.8023
-13.2497
-11.7863
-22.0695
-11.7438
-13.5527
-11.3215
-21.2546
-10.9188
-8.89706
-5.00396
-12.3171
-13.3294
-7.59126
-11.8098
-13.8896
-9.93328
-13.2838
-10.7333
-10.8449
-13.2918
-11.9964
-13.9651
-18.2037
0.783287
-13.3609
-22.5075
-13.4112
0.193432
-12.124
-12.953
-2.54486
-13.444
-13.5736
-10.4872
6.73166
0.574663
-12.8166
-11.4345
-20.9846
-11.5608
-9.72676
-11.9758
-8.30905
-13.8168
-13.9036
-11.9303
-20.2355
-22.4585
-13.1697
-12.7254
-12.1814
-12.9608
-27.1065
-13.2026
-14.6228
-21.4712
-11.7582
-20.3405
-21.0523
-12.8745
-13.1458
-12.1114
-14.0232
-3.55474
-10.1781
-13.3129
-10.4358
-11.4438
-13.7667
-17.2378
-13.2491
-13.3628
-12.035
-13.4782
-68.82
-13.9259
-13.1873
-12.1552
-13.1486
-11.7675
-9.9816
-11.1685
-13.3355
-11.9534
-13.6562
-13.3742
-26.9721
-12.7937
-10.6115
-13.0912
-10.8818
-21.3022
-13.5085
-13.0696
-12.6255
-12.4874
-12.7692
-13.6819
-13.212
-13.7477
-13.0109
-13.8436
-5.83898
-21.5799
-13.5152
-11.1681
-12.2143
-12.6037
-12.9151
-10.5786
-11.9371
-10.9018
-13.625
-7.3548
-9.56302
-12.3195
-13.3378
-22.8148
-0.106586
-21.1198
-20.3557
-5.71509
-13.0864
-12.1375
-9.92832
-11.276
-22.0106
-10.8367
-12.8705
-3.53969
-21.1625
-19.9991
-13.3999
-10.0467
-10.4744
-11.9288
-12.9508
-12.6798
-21.0003
-12.6635
-1.29974
-1.44301
-11.9869
-13.4067
-13.7748
-18.2417
-20.7908
-22.2027
-21.6575
-2.28244
-28.7759
-14.9579
-12.8021
-19.8469
-29.2085
-19.9057
-3.50112
-14.0627
-13.0402
-11.9335
-3.68467
-12.5556
-18.9078
-9.85059
-12.8757
-13.4035
-13.8933
0.19835
-3.61944
-13.6868
-22.1778
-13.2919
-11.7364
-7.14543
-8.44085
-7.98889
-11.9711
4.51014
-13.8545
-13.5201
-12.8881
-12.4505
-21.2786
-20.7278
-13.0463
-20.3683
-13.4484
-49.184
-14.0112
-12.5434
-13.2102
-12.9116
-9.60508
-13.1717
2.42531
-14.0479
-11.4391
-20.8227
-14.0539
-10.5814
-21.3042
-20.8917
-13.4266
-30.5649
-13.4242
-2.40397
-12.3478
-10.2637
-20.2703
-10.8451
-5.31654
-31.7297
-19.1345
-4.65339
-11.2307
-2.32371
-21.925
-21.1748
-14.6843
-11.9292
-20.7606
2.52739
3.65308
-14.2067
-7.5981
-12.3214
-13.395
-11.0062
-20.8645
-14.1526
-21.0769
-9.08809
-27.9491
-20.9059
-12.3963
-12.6147
-17.5437
-13.7292
-12.4691
-21.0852
-10.5917
-13.2061
-3.23629
-11.5942
-11.4118
-12.2701
-7.3957
-13.0536
-21.0322
-3.52824
-13.3561
-11.7838
-9.41442
-20.4354
-12.4484
-14.3474
-10.3822
-11.0828
-11.1572
-13.1004
-13.1937
-11.8621
-20.9435
-10.0049
-10.7059
-13.6904
-11.5231
-22.7997
-12.6895
-9.26041
-12.1965
-21.3882
-9.01935
-3.52794
-12.019
-11.4471
-14.1826
0.038312
-13.2392
-13.9675
-13.1821
-8.81459
-13.2199
-13.7831
-14.0976
-12.2979
-21.4694
-10.2037
-13.8929
-13.7052
-12.8189
-13.1959
-21.6045
-12.5254
-12.9204
-20.6466
-29.5104
-13.033
-12.4241
-19.981
-27.232
-13.054
-11.4568
-13.8329
-12.1576
-14.1178
-13.6739
-13.9359
-9.12136
-12.4871
-19.1323
-13.4074
-21.6166
-4.29035
-13.2541
-11.2698
-11.031
-19.5907
-13.0977
-21.1356
-3.34003
-11.9567
-19.5794
-14.4732
-22.2138
-12.3187
-37.9004
-10.1815
-21.5387
-18.2298
-11.5102
-9.7112
-13.9066
-2.84014
-20.603
-11.9042
-19.7947
-10.8425
-4.81234
-13.4033
-13.75
-21.2587
-14.0162
-19.4627
-21.6217
-21.1075
-13.1916
-11.6809
-20.2486
0.0788358
-13.7847
-21.2223
-12.6195
-7.26347
-12.1851
-10.3479
-21.3916
-29.5959
-13.9981
-19.4452
-1.88813
-13.2373
-12.6447
-12.5649
-11.6925
-12.0373
-13.7864
-13.6655
-10.9107
-12.1465
-12.8687
-13.7045
-12.7982
-18.7404
-11.7257
-12.6024
-13.0655
0.481313
-12.0663
-11.8722
-2.53494
-4.8832
-13.2211
-20.3286
-5.56432
-12.7327
-20.6573
-14.2149
-11.6917
-12.1728
-13.8819
-12.4291
-12.7402
-9.51761
-18.507
-13.0528
-13.3439
-29.4925
-12.9581
-6.81346
-12.1573
-12.7107
-19.1566
-17.9615
-21.605
-7.01629
-18.1512
-12.4126
-12.433
-2.17037
-13.6328
-11.7357
-10.5614
-13.607
-13.1896
-13.134
-12.305
-11.277
-21.4471
-21.3764
-6.4868
-11.9722
-13.3022
-13.4356
-56.7241
-13.9976
-11.6014
-13.7857
-20.7452
-12.6727
-11.0253
-19.8797
-13.5201
-18.636
-13.7096
-13.047
-12.3104
-19.839
-12.2528
-12.1352
-11.1445
-12.012
-12.4536
-4.79163
-13.1506
-12.5268
-12.9146
-13.8755
-11.6044
-20.8206
-13.1965
-12.8143
-10.8566
-12.1309
-9.60523
-11.8108
-14.4053
-28.1001
-10.4936
-11.8699
-13.0264
-13.9365
-21.1829
-5.65092
-13.6932
-12.2238
-20.2633
-20.7782
-21.3356
-12.2385
-20.8427
-11.3171
5.96263
-11.7543
-12.6925
-10.3606
-8.70924
-10.5826
-22.316
-13.0399
-11.9847
-13.0089
-10.8121
-11.906
-13.2663
-13.3176
-11.8677
-13.2461
-21.5401
-13.5462
-12.0468
-13.8026
-20.6869
-21.0004
-13.3456
-12.5666
-13.4401
-10.8723
-12.2523
-13.4964
-11.9155
-11.8322
-4.77034
-21.6642
-3.44199
-19.574
-13.1304
-29.4315
-5.99656
-11.9004
-12.4958
-11.636
-11.8671
-14.0269
-23.2118
-13.3986
-19.9764
-11.9715
-20.7909
-12.1189
-10.9757
-20.8088
-2.79758
-13.089
-3.32401
-12.3512
-12.8206
-12.365
-10.8478
-10.7768
-13.0615
-28.5263
-13.0429
-20.793
-18.5891
-12.5325
-11.3945
-13.2697
-12.9833
-1.13275
-12.0106
-9.77486
-12.788
-13.2953
-9.52835
-11.5354
-13.9335
-12.1929
-18.7985
-11.3176
-13.1009
-3.82388
-7.23188
-10.4187
-6.11282
-10.2561
-11.4306
1.14451
-13.4908
-6.81565
-12.7636
-8.94687
-12.4096
-14.1331
-12.7816
-13.0385
-11.6517
-18.3482
-12.9999
-21.4974
-11.4887
-20.4543
-13.4726
-9.79347
-13.0488
-11.8545
-18.6932
-48.5149
-12.8523
-21.5795
-12.595
-11.9816
-0.369492
-12.4827
-9.43947
-13.0989
-12.8903
-23.4519
-12.4134
-12.2777
-18.5082
-11.9146
-21.8962
-13.1101
-19.5017
-21.232
-13.1823
-13.3241
-12.9831
-12.7885
-21.4132
-14.0249
-13.3566
-12.8719
-6.18078
-11.1108
-12.4749
-12.7453
-12.0159
-13.7556
-11.8159
-13.2161
-13.7083
-20.0955
-20.1419
-2.30044
-13.2061
-13.2978
-9.96746
-12.563
-19.366
-3.90904
-11.5136
-20.3273
-10.9363
-21.965
-20.2479
-13.271
-12.3799
-19.7615
-8.7502
-13.7568
-21.5861
-10.6749
-12.2238
-21.4364
-13.1282
-19.8098
-13.147
-11.5166
-4.87567
-12.6185
-20.2085
-21.2815
-12.2818
-13.5106
-10.8259
-13.105
-11.8246
-20.371
-10.1985
-11.6087
-14.2811
-12.6488
-20.5736
-0.767949
-12.0871
-11.6334
-1.23755
-12.7193
-19.8996
-12.6739
-1.50625
-10.3268
-11.9491
-13.2339
-11.3559
-21.2351
-6.66433
-13.5221
-14.1313
-10.4618
-21.0921
-19.8942
-11.7665
-21.1214
-11.7956
-12.9672
-13.4229
-11.6823
-19.8352
-10.5115
-0.337682
-13.7543
-11.7548
-21.8396
-10.0251
-10.2207
-12.7162
-11.3569
-11.2685
-11.4344
-6.80157
-11.4796
-13.654
-13.1576
-11.3403
-12.9116
-5.3874
-12.4028
-13.6468
-22.6895
-21.0307
-12.4363
-10.6553
-12.3365
-3.95604
-21.0852
-11.2015
-21.0709
-14.6591
-10.702
-12.409
-8.84523
-17.7896
-5.63091
-12.8121
-13.4681
-12.9839
-11.3439
-12.3121
-22.0649
-18.551
-13.2577
-1.07455
-3.44991
-10.2662
-13.0127
-13.8272
-14.6832
-27.9775
-10.4262
-13.7674
-1.68484
-20.4321
-18.344
-21.4305
-20.8694
-20.406
-19.1833
-14.1766
-12.0486
-13.0962
-12.7916
-9.51914
-11.4454
-11.0108
-12.956
-12.8083
-13.5064
-11.1035
-8.6772
-11.5967
-10.2359
-12.3436
-10.8313
-5.47719
-2.61421
-14.2608
-10.361
-19.1885
-13.1495
-13.4898
-10.3728
-18.8113
-9.47486
-10.3806
-13.7257
-11.5754
-12.5379
-27.4777
-13.1008
-9.72821
-13.3323
-13.9724
-20.3505
-12.2695
-12.4649
6.24154
-12.8654
-10.4428
-12.8326
-11.9428
-1.16175
-12.2424
-12.5203
-22.4675
-21.533
-12.586
-10.4774
-14.5356
-21.3674
-2.19691
-13.1599
-12.6409
-8.87797
-9.08873
-4.95784
-10.6823
-11.5354
-21.1442
-21.4882
-12.1878
-21.1799
-25.5763
-2.43546
-20.9343
2.4882
-10.7225
-14.1519
-21.2344
-20.2217
-21.219
-13.0089
-13.5419
-12.9529
-13.5049
-11.2983
-12.7576
-19.6246
-13.6818
-11.7241
-13.2047
1.07839
-11.941
-21.7092
-11.7233
-12.6277
-22.2101
-13.3297
-10.8481
-12.5916
-13.7553
-13.4155
-12.2328
-12.5046
-12.4098
-12.4696
-10.4381
-13.9308
-11.9682
-10.8596
-3.04322
-14.1071
-13.8264
-13.2999
-21.3967
-12.901
-12.3557
-12.4138
-13.4563
-20.0625
-10.0958
-13.0917
-21.7022
-19.2043
-28.9544
-21.7721
-21.054
-13.5563
-13.4129
-9.39402
-12.3041
-12.442
-11.386
-12.5114
-12.3068
-20.8219
-5.63178
-20.8004
-14.0092
-2.0109
-9.36277
-12.8274
-12.92
-20.8216
-11.7107
-13.5243
-13.5115
-13.3717
-21.4147
-12.094
-21.3473
-13.3325
-19.976
-6.86053
-19.936
-12.9202
-3.01723
-10.455
-12.6842
-13.5851
-12.1858
-11.4874
-12.0981
-4.09928
-21.2117
-10.7497
-13.6145
-27.2723
-12.2299
-10.7805
-12.6701
-13.2791
-13.51
-17.2365
-13.4691
-21.8521
-20.9354
-10.6262
-8.43063
-1.58946
-8.99955
9.41878
-11.8637
-19.4554
-19.4653
-20.5956
-13.6132
-13.7218
-11.6344
-11.8583
-13.8681
-11.9294
-20.9852
-23.2837
-12.4889
-12.9255
-12.4146
-12.4137
-12.8851
-13.473
-20.4151
-20.8798
-12.9382
-13.7868
-6.90399
-12.7353
-12.0822
-13.0754
-21.078
-19.6712
-3.58588
-12.055
-10.5852
-12.8658
-5.5137
-11.9051
-13.4211
-67.8091
-11.463
-12.5981
-12.684
-12.0886
-10.9848
-9.77449
-19.7945
-12.2043
-13.3234
-13.3125
-20.9347
-13.5771
-13.034
-7.76725
-14.5101
-21.6805
-11.7435
-4.92231
-12.7367
-9.86545
-13.7739
-13.8779
-22.5843
-13.0837
-12.871
-21.1924
-0.158463
-22.8306
-13.0775
-12.1226
-34.0748
-11.7136
-1.49704
-12.309
-28.9187
-19.8129
-13.1738
-12.0478
-12.1641
-19.5156
-12.6381
-4.55304
-19.8287
-21.279
-12.0501
-12.5334
-13.9678
3.62538
-9.19372
-13.2192
-13.074
-41.636
-4.75
-20.3814
-12.5731
-11.2898
-12.8943
-13.2063
-20.4033
-12.0208
-12.9663
-12.402
-4.22233
-13.0707
-13.7396
-5.06707
-10.6982
-10.8869
-14.5267
-11.5529
-21.6358
0.175635
-0.0882245
-17.6875
-13.3448
-28.991
-13.2362
-12.0025
-11.8295
-13.1039
-14.0992
-21.4663
-12.2191
-11.5081
-12.7859
-29.5153
-9.55804
-11.7452
-12.4316
-10.7111
-22.69
-25.7014
-10.8155
-21.3167
-12.3488
-20.6162
-11.1263
-4.28987
-12.511
-19.1365
-13.3231
-12.6565
-14.0392
-11.7095
-13.8807
-23.9492
-12.7281
-13.2775
-78.467
-12.0682
-13.4577
-11.9432
-12.7019
-19.7839
-14.0305
-14.2926
-13.3354
-12.9018
-21.4829
-13.0073
-17.9113
-13.364
-10.2631
-11.2449
2.13417
-13.9955
-21.2794
-13.8028
-13.0923
-12.4179
-20.018
-14.3337
-13.1128
-12.2271
-12.3046
-13.2788
-3.90507
-5.09196
-13.7491
-20.6828
-12.6706
-1.19253
-11.8841
-4.11456
-11.5891
-13.333
-11.6578
-9.50739
-10.4626
-21.6742
-20.9587
-26.0597
-19.2737
-13.3392
-21.4416
-12.8014
-4.28182
-13.6427
-21.2554
-5.44028
-12.7636
-12.0907
-12.2905
-11.0105
-21.3861
-22.5611
-12.1356
-4.39906
-17.52
-10.7057
-14.4356
-13.4381
-3.52148
-13.4916
-14.3049
-14.0157
-0.0942889
-20.1644
-13.5821
-12.8026
-20.2955
-12.0646
-13.4082
-1.28227
-5.39933
-10.8336
-12.662
-21.4663
-13.1562
-21.4557
-19.2282
-10.3532
-12.4476
-83.4298
-13.6512
-11.8712
-13.1607
-11.2598
-8.54526
-12.9875
-11.1026
-21.4095
-19.6732
-21.4599
-13.0115
-11.8414
-13.9326
-13.1697
-12.9695
-14.0655
-4.96666
-12.0891
-13.3582
-11.5998
-13.3052
-13.4478
-13.5903
-19.9168
-13.2681
-21.4785
-3.45328
-7.40525
-20.367
-13.1079
-9.88905
-12.9021
-11.4811
-34.0353
-19.5065
-10.7028
-8.17928
-20.9595
-21.0489
-13.1804
-21.5418
-13.2816
-17.0185
-11.4962
-2.17075
-11.0515
-9.89071
-12.5402
-11.625
-10.9235
-28.3477
-12.8477
-13.0615
-1.7873
-13.1651
-12.8121
-13.2697
-11.2678
-5.14215
-12.8205
-12.6075
-11.811
-13.7933
-4.47573
-14.2166
-20.6755
-7.66339
-12.5155
-11.5626
-12.9695
-12.6797
-12.8051
-13.9106
-13.2244
-12.1026
-14.0441
-13.7628
-12.9526
-9.89336
-13.1663
-3.28512
-5.287
-9.27608
-11.6331
-9.69533
-12.9434
-5.1834
-9.33854
-22.4779
-13.3463
-21.1545
-26.8037
-2.00881
1.94205
-12.1588
-12.7093
-12.7724
-3.93574
-12.0081
-12.1044
-12.8853
-12.6907
-13.5282
-71.5229
-13.1614
-20.5634
-14.3159
-13.0693
-13.0207
-12.5999
-21.2463
-21.6601
-12.5639
-21.7076
-12.7541
-11.2007
-14.7175
-12.9819
-13.1902
-5.3315
-12.5125
-4.64903
-12.2978
-13.0213
-13.3519
-14.1444
-21.8377
-13.4692
-13.5026
-12.8728
-17.9841
-10.5888
-11.9556
-12.6867
-12.0271
-11.0409
-12.0361
-21.547
-19.4059
-12.9303
-11.5383
-12.4642
-13.919
-12.9084
-0.544141
-8.8658
-12.742
-12.981
-14.0952
-13.2611
-14.0477
-12.0436
-11.8435
-13.869
-12.9843
-18.7083
-21.3757
-5.44903
-12.5449
-13.3646
-5.12082
-22.0273
-13.4642
-13.565
-4.35716
-13.5559
-12.6086
-13.1611
-20.6431
-13.6493
-12.9228
-20.125
-13.3446
-12.9762
-12.5183
-21.1343
-20.8045
-13.4929
-12.3087
1.64005
-14.1818
-13.2509
-13.6475
-12.9667
-10.1532
-10.2695
-22.4359
-12.7519
-14.3459
-13.5806
-12.1271
-0.18264
-9.48219
-12.9847
-19.2463
-11.91
-12.9711
-8.5173
-22.2631
-17.3371
-12.407
-1.84684
-13.6649
-9.12728
-11.2517
-19.5758
-3.92819
-19.9497
-13.3054
-12.9482
-13.0593
-31.2901
-11.798
-19.1455
-13.4459
-13.1477
-72.5892
-14.5128
11.6731
-12.4477
-28.9027
-13.3745
-19.8702
-12.644
-20.982
-21.8827
-10.5993
-10.5283
-12.9947
-13.1112
-13.0321
-10.8623
-14.0071
-11.9593
-12.908
-13.2056
-13.0226
-12.5808
-18.4283
-13.2709
-20.9471
-13.0981
-13.7808
-6.83353
-12.8967
-21.1164
-20.05
-13.8049
-10.9357
-6.66446
-12.53
-12.0523
-21.3877
-13.1948
-11.2917
-7.46265
-21.6479
-12.1884
-13.1068
-11.6375
-11.2347
-12.5807
-14.2998
-11.3276
-12.4992
-12.715
-7.04483
-14.6815
-13.1195
-11.5084
-13.1981
-13.2526
-12.7848
-12.1783
-13.5403
-20.9899
-13.6493
-12.3814
-13.0787
-13.0283
-19.6218
-13.2852
-12.9839
-2.72913
3.94357
-13.9533
-13.8152
-12.9383
-13.2475
-21.5342
-30.4235
-21.181
-10.6975
-12.0302
-14.1946
-11.1775
-13.0661
-13.8857
-12.5395
-10.3715
-13.0665
-12.6884
-8.28264
-20.3016
-13.2499
-11.8458
-12.2591
-11.4716
-12.0066
5.58665
-12.6094
-13.9004
-21.0094
-10.8895
-12.2775
-2.56752
-12.1209
-22.6049
-19.8455
-10.8165
-12.6485
-6.68689
-8.2857
-12.9232
-13.3143
-13.7463
-13.4639
-12.7488
-21.7976
-20.272
-13.2667
-19.8312
-13.4518
-12.6871
-13.955
-12.8674
-12.5155
-12.9764
-12.8435
-11.2497
-38.504
-10.3299
-12.33
-10.8165
-17.789
-13.5931
-11.8154
-4.14991
-15.7349
-12.111
-7.19411
-13.4817
-11.4926
-13.4876
-14.0348
-10.394
-8.19011
-13.8911
-21.0587
-13.3119
-11.8082
-21.506
-14.3338
-13.7624
-4.36181
-14.1664
-9.08669
-13.499
-21.8863
-4.86853
-19.3525
-10.3455
-8.09354
-18.3156
-3.95346
-13.1771
-11.7373
-10.1115
-12.9427
-14.2092
-13.7692
-19.5638
-11.2775
-11.5117
-10.2938
-16.9234
-9.30194
-7.66835
-30.0961
-11.5214
-13.5468
-13.9527
-12.265
-14.2927
1.46073
-20.7297
-13.459
-11.5237
-12.6023
-12.3852
-23.1516
-20.8018
-17.0803
-12.4049
-21.5235
-10.128
-20.7296
-11.6311
-21.4213
-19.6273
-13.6123
-21.6846
-12.7583
-12.5934
-12.6295
-21.2536
-9.35205
-11.6312
-10.2951
-12.6802
-11.5662
-21.6684
-22.2429
-11.307
-20.5567
-11.998
-13.4061
-10.9079
-12.8721
-12.1387
-12.1258
-12.8457
-22.5264
-13.6021
-13.0172
-9.80938
-10.6019
-20.2074
-3.05522
-14.4039
-22.1941
-13.6015
-13.4514
-21.151
-13.5436
-13.2747
-12.6139
-21.3304
-12.6587
-12.2281
-13.1554
-13.3007
-12.481
-13.8767
-11.5498
-13.3418
-9.79315
-13.9202
-10.631
-9.42441
-13.8712
-11.5685
-12.521
-8.77828
-42.7901
-11.1397
-9.27571
-3.40042
-9.99805
-12.2898
-22.4537
-19.9999
-12.0524
-10.3909
-10.6014
-22.2467
-4.19744
-12.4871
-12.1531
-11.0901
-13.1911
-4.82603
-3.11779
-10.5587
-13.2078
-12.7138
-12.783
-12.0416
-17.5327
-13.5877
-11.2277
-10.5709
-13.8969
-10.0926
-18.5739
-11.024
-11.7665
-13.2386
-13.5283
-12.7042
-21.4536
-20.0147
-13.1842
-15.2246
-11.6559
-10.271
-20.9482
-12.486
-10.9974
-13.034
-13.0476
-27.8211
-13.2164
-11.5908
-13.4323
-12.7025
-13.4623
-9.20626
-12.5437
-22.8453
-11.8009
-12.3006
-13.2166
-13.4302
-12.4836
-13.5284
-11.4141
2.33853
-13.0009
-21.9051
-20.5892
-14.0077
-13.5595
-12.5801
-12.578
-20.3495
-12.7158
-11.8514
-19.5004
-15.9343
-13.3704
-21.5739
-19.45
-12.3254
-11.527
-14.019
-22.3482
-12.146
-11.7914
-11.6719
-8.70358
-13.2463
-12.03
-21.4618
-20.086
-11.7576
-13.2961
-13.1829
-21.4776
-21.3686
-11.4044
-11.3776
-13.1053
-4.36544
-15.0668
-11.3904
-12.3945
-10.2884
3.54162
-13.3324
-12.0146
-12.3436
-13.6481
-4.61913
-12.6205
-13.9158
-12.0199
-10.047
-17.8698
-12.1239
-10.8798
-13.5217
-13.1142
-12.3341
-20.959
-12.4265
-2.10438
-21.0534
-10.2664
-10.2777
-12.7403
-12.8413
-19.3365
-13.5228
-12.7222
-12.935
-12.1275
-9.89059
-18.0713
-3.28818
-20.5799
-12.3473
-20.5701
-11.9981
-3.14237
-12.7796
-11.6563
-6.86101
-12.4671
-14.1762
-12.9606
-12.4969
-22.0216
-19.478
-12.17
-13.0944
-2.5514
-4.11561
-13.5293
-13.1481
-10.3604
-2.3568
-7.72345
-12.1724
-9.27001
-13.539
-21.729
-14.0462
-11.3665
-13.5341
-20.909
-22.4791
-20.7682
-8.98311
-12.0113
-12.6562
-17.2339
-30.9793
-13.0036
-13.2945
-13.27
-11.6758
-2.72291
-3.24918
-4.21774
-13.5301
-20.0413
-13.0245
-11.5541
-13.1596
-11.6132
-12.6917
-9.98654
-11.8755
-14.303
-21.6921
-11.091
-2.28176
-12.0008
-13.9373
-13.5507
-10.9384
-12.1475
-15.5146
-21.949
-12.5362
-12.0275
-19.6677
-12.4444
-12.3816
-21.4998
-41.7581
-12.7486
-13.7544
-12.0631
-11.9229
-13.6761
-13.3437
-6.27337
-14.0271
-12.4884
-13.4531
-21.1939
-11.4052
-22.0443
-13.6016
-12.5722
-22.0145
-2.85361
-22.7825
-8.42565
-3.87532
-13.5751
-14.2341
-13.1488
-14.1079
-10.0786
-20.8957
-11.9696
-5.57456
-18.9579
-9.8041
-1.49497
-12.7403
-20.1788
-13.1266
-13.5336
-13.2942
-13.4187
-12.5798
-21.9413
-11.818
-20.8337
-21.2705
-12.1663
-12.225
-12.46
-22.8547
-24.8044
-14.1531
-11.9783
-8.84819
-9.98222
-13.003
-13.0284
-11.9346
-10.0238
6.7833
-11.527
-13.9971
-11.386
-12.2721
-20.35
-12.7485
-10.5958
-20.2208
-7.87907
-11.6267
-15.0736
-12.8212
-12.8992
-9.98703
-12.8479
-13.1834
8.86333
-12.5481
-22.5413
-9.58235
-14.0423
-13.2797
-0.661662
-10.7778
-13.0313
-11.1776
-0.731198
-13.6365
-13.6485
-11.5958
-11.252
-11.753
-13.1175
-12.367
-10.6248
-1.37578
-22.203
-4.03417
-8.03259
-12.0679
-12.078
-2.06661
-22.5381
-11.202
-13.1857
-12.8799
-12.0073
-13.8955
-13.1952
-4.37057
-13.0563
-11.1677
-13.8113
-22.1147
-12.4086
-21.5471
-13.2321
-12.2182
-12.1392
-12.8295
-10.1377
-13.216
-1.89558
-1.56765
-12.7951
-20.8456
-13.4663
-11.8667
-13.1539
-9.32994
-13.8138
11.3539
-13.3484
-14.0188
-13.5874
-10.3129
-12.0418
-13.7881
-21.5675
-13.0323
-12.6938
-21.2941
-11.2365
-13.5295
-9.0959
-13.7843
-12.1157
-12.9648
3.81868
-4.95547
-20.9865
-4.39992
-13.3406
1.12693
-14.0517
-11.8285
-13.8823
-10.8506
-3.75701
-14.3051
-21.6655
-13.6535
-12.3074
-10.4063
-4.39197
-10.2792
-13.1915
-13.4973
-11.6431
-2.07378
-12.9783
-12.9544
-2.30134
-12.6568
-11.7436
-10.5816
-12.3295
-13.2263
-9.58779
-26.4665
-12.5146
-11.9994
4.87077
-9.93242
-12.6431
-9.06955
-20.626
-13.0192
-12.5965
-7.48148
-10.3309
-12.7819
-21.9251
-13.4792
-13.8567
-13.0245
-8.92434
-11.762
-4.13987
-20.3937
-12.8362
-4.24976
-12.9897
-11.1093
-13.144
-3.06033
-10.3094
-13.8997
-12.1251
-21.7178
-22.8803
-13.1654
-12.4426
-13.1198
-11.1865
-12.6862
-13.371
1.59432
-13.6974
-14.107
-12.4644
-11.1401
-13.5652
-12.2942
-10.9526
-21.1593
-20.1438
-13.8912
-12.9223
-9.45143
-12.4584
-13.67
-22.0947
-11.4348
-13.1948
-21.9237
-13.1647
-20.6807
-14.2028
-11.4076
-13.3889
-11.901
-32.3948
-9.21091
-4.48077
-13.2354
-7.32064
-13.0922
-21.4992
-13.1665
-12.1348
-14.3717
-13.2994
-13.1238
-12.4731
-9.90508
-36.1432
-12.1186
-10.6373
-13.0318
-11.225
-11.6892
-13.7189
-12.2988
-13.5381
-12.8072
-12.4917
-2.6091
-12.9858
-13.1614
-9.73734
-13.0497
-12.413
-11.3388
-12.8072
-13.1849
-12.7848
-12.7638
-20.5945
-10.2305
-20.3769
-13.7568
-14.0388
-13.2226
-14.2301
-20.2466
-14.3666
-12.9124
-13.2422
-9.68003
-13.2667
-13.5199
-8.48751
-12.2406
-11.7114
-20.853
-12.6162
-12.6618
-13.0334
-13.1398
-13.2026
-12.787
-13.0135
-12.2275
-11.366
-13.752
-13.7428
-12.8785
-14.0385
-10.8942
-4.98392
-12.5692
-13.0301
-13.3051
-20.8447
-13.6767
-9.39262
-13.2898
-5.02785
-13.2117
-10.6416
-12.0258
-13.4037
-13.799
-21.1328
-13.1636
-21.8013
-20.7791
-21.3475
-10.188
-8.6925
-19.9857
-7.35501
-12.9537
-13.9932
-2.77729
-5.20144
-9.58887
6.55242
-12.5759
-10.8396
-13.5549
-6.10365
-9.17293
-12.6206
0.517189
-2.68066
-12.8913
-10.1771
-13.4087
-12.214
-21.3236
-12.5072
-11.5469
-13.6393
-13.2309
-13.5099
-21.1069
-12.0575
-14.2015
-13.2557
-13.2903
-13.3601
-13.6616
-4.82482
-11.6064
-13.4734
-13.7778
-13.1077
-21.5005
-13.0633
-13.6065
-11.6979
-13.2069
0.575046
-13.4993
-11.8753
-12.284
-12.6244
-19.432
-13.3806
-13.1261
-3.97532
-20.8947
-12.6739
-9.8418
-5.33842
-11.8432
-11.8474
-13.8543
-12.4878
-11.2058
-21.4723
-13.3424
-13.4261
-13.7489
-14.8265
-13.2827
-12.7364
-18.332
-8.2188
-14.5427
-1.80293
-14.0106
-12.8048
-12.8346
-13.2042
-22.6801
-11.73
-13.1451
-12.8686
-12.9133
-20.8355
-22.4438
-10.4931
-12.7468
-13.9164
-11.556
-21.8859
-10.4436
-14.8317
-22.205
-11.1616
-30.0083
-12.8041
-19.6291
-11.997
2.83377
-12.8045
-19.4025
-10.5859
-12.6298
-12.6736
-4.64862
-13.2577
-12.1111
-11.9495
-4.47628
-4.75533
-11.8707
-10.1147
-10.607
-19.9392
-20.094
-11.3629
-9.82074
-13.54
-3.1072
-13.1687
-20.0067
-18.39
-13.2932
-12.5768
-6.72509
-13.1648
-13.9407
-0.977654
-13.4183
-13.6277
-11.4603
-13.3301
-13.6022
-2.78174
-18.897
-3.2031
-10.0267
-12.0842
-11
-30.677
-12.8148
-9.53198
-9.91172
-14.1555
-4.96442
-11.7709
-12.1482
-22.3674
-13.3188
-12.7035
-12.6661
-4.90716
-12.5927
-12.7739
-13.5808
-21.374
-13.3699
-10.4826
-1.9097
-12.3049
-11.4331
-13.5218
-11.7537
-5.64693
-14.2652
-13.141
-21.7612
-9.95491
-13.737
-12.7656
-21.58
-12.4206
-13.1872
-13.3122
-2.45443
-13.0278
-13.4241
-11.8663
-0.860526
-23.2667
-13.2099
-13.1835
-12.934
-12.858
-12.6835
-12.2063
-12.5146
-20.6061
-12.4217
-11.1765
-10.3738
-11.3617
-13.219
-11.9243
-10.2482
-13.5683
-13.8567
-14.0421
-11.0363
-12.0507
-13.2356
-20.7131
-19.3697
-13.03
-11.7253
-27.9281
-19.6857
-21.3199
-13.6206
-14.1662
-9.71058
-13.74
-21.1743
-12.612
-2.16856
-6.04287
-12.5142
-11.925
-54.9996
-14.8979
-21.3459
-18.5063
-13.3228
-9.35817
-11.4675
-14.4343
-12.5202
-13.0473
-12.8844
-9.94347
-20.8852
-22.1983
-10.983
-12.0849
-13.6006
-13.5065
-9.6253
-10.9572
-13.5084
-12.4713
-22.1544
-11.5937
-16.9405
-21.4249
-12.7256
-21.5119
-14.0639
-20.9167
-10.2479
-13.3604
-20.7792
-13.66
-13.1651
-22.9791
-3.35747
-13.8577
-29.3792
-11.4029
-14.0025
-12.696
-8.99129
-14.2105
-9.75151
-19.4547
-12.9796
-19.8757
-12.3056
-12.6971
-13.1893
-3.94391
-11.9827
-21.2136
-29.6605
-10.3589
-13.1091
-20.3421
-14.0918
-11.9639
-14.1983
-13.1787
-13.278
-13.2662
-13.0884
-13.2375
-0.207367
-11.8642
-11.9515
-10.3231
-12.891
-11.5345
-11.0138
-12.1688
-12.1203
-10.1098
-13.0111
-14.0108
-3.24618
-8.72881
-18.7885
-30.2716
-13.5384
-12.2355
-12.8147
-21.5071
-14.3075
-12.8388
-8.3003
-12.872
-5.51186
-21.449
-13.5754
-43.0483
-32.6607
-21.38
-4.09958
-13.3986
-11.7284
-21.0686
-14.154
-21.2749
-12.3655
-13.7121
-10.7554
0.59684
-17.4884
-11.0186
-12.4428
-14.3998
-13.8363
-12.914
-13.3218
-21.5229
-11.534
-13.4843
-10.8453
-13.4256
-11.7299
-13.128
-3.87569
-42.7666
-11.3294
-13.8537
-12.3141
-13.1552
-12.0952
-12.1696
-13.5617
-29.3118
-22.1691
-47.6033
-12.2901
-21.2412
-21.2861
-20.7985
-12.3876
-12.2882
-11.0437
-12.9017
-20.063
-12.484
-13.192
-8.51421
-10.6364
-11.0476
-20.924
-12.9546
-11.3695
-11.9556
1.49425
-11.9306
-12.7862
-21.6308
-13.3375
-12.2654
-9.9284
-12.3501
-12.3247
-12.0991
-12.204
-11.5594
-13.5293
-14.5028
-13.5791
-19.3072
0.901648
-5.6396
-13.3112
-11.1771
-4.99796
-13.1138
-21.2229
-13.5774
-13.6229
-11.197
-13.3542
-12.3511
-12.2843
-4.74087
-13.1042
-14.1744
-12.5549
-21.5261
-10.0876
-21.0742
-21.738
-11.6099
-11.5427
-12.8619
-10.26
-13.3968
-13.9897
-11.4976
-13.4922
-0.209602
-8.45613
-11.895
-13.0889
-22.2482
-19.5985
-13.1268
-11.4301
-12.7591
-13.4457
-13.5106
-13.432
-18.1467
-0.998592
-13.844
-10.7067
-12.8034
-20.5397
-13.5808
-12.5956
-12.7414
-3.15407
-13.0759
-9.86126
-11.8544
-12.2521
-12.3274
-11.6919
-12.629
-10.0543
-21.7446
-16.0227
-4.88997
-1.42431
-13.6129
-12.5025
-79.7364
-13.8786
-9.83946
-14.0785
-12.0212
-11.5974
-12.6484
-21.0854
-11.0575
-11.2617
-7.47817
-12.8444
-13.4707
-1.54235
-13.881
-18.4408
-12.9545
-12.5162
-13.3178
-12.918
-5.66029
-13.4376
-11.9294
-1.33373
-12.1671
-17.4874
-12.9865
-13.3827
-12.8423
-12.7383
-11.9545
-12.9013
-7.05236
-13.7013
-11.1856
-11.9121
-13.4296
-13.3266
-28.5724
-3.4704
-13.9514
-12.8352
-10.4131
-11.5586
-10.9521
-14.1493
-12.8842
-20.8377
-12.8597
-18.8073
-20.6901
-10.1248
-13.2432
-20.0037
-20.7094
-13.2821
-13.4866
-13.8696
-21.021
-13.4289
-12.5193
-13.5921
-14.0042
-13.3199
-13.513
-16.9443
-11.4715
-13.2413
-11.5217
-1.40449
-11.8123
-13.6934
-12.2548
-13.6789
-11.4107
-13.4576
-12.6178
-13.4141
-13.3033
-12.5304
-8.73504
-11.6729
-14.0406
-12.3787
-14.3252
-4.67871
-12.7962
-11.5717
-2.43809
-12.6483
-12.1874
-13.2461
-13.2547
-37.6106
-10.841
-19.3975
-13.0808
-9.73679
-13.1875
-11.1434
-13.774
-13.2066
-13.0126
-21.5867
-28.8345
-13.5404
-9.87561
-12.9086
-14.0504
-12.6577
-13.6951
-13.6837
-62.8472
-12.2067
-13.2498
-10.8045
-13.1327
-13.4683
-13.1152
-12.5622
-23.8631
-20.9941
-11.2305
-20.0725
-11.8579
-20.3255
-10.9328
-13.0615
-8.94528
-19.5861
-13.7661
-13.3238
-13.1712
-14.356
-12.8812
-12.6517
-1.01377
-79.4226
-20.786
-21.4289
-11.4355
-8.80802
-13.1695
-11.867
-13.1486
-12.7537
-11.18
-10.8174
-14.3056
-11.9298
-13.5455
-12.9918
-11.8486
-1.54516
-14.221
-13.8238
-13.9651
-13.8756
-13.9834
-11.5555
-13.5274
-19.8553
-11.8314
-8.21715
-14.2984
-14.5224
-13.7261
-14.4357
-12.3697
-21.0071
-13.3235
-14.2864
-13.541
-13.0721
-5.08717
-13.0533
-7.36631
-12.1253
-16.5226
-13.8481
-13.2213
-3.80085
-12.455
-12.1082
-21.0668
-18.3448
-20.2222
-20.5504
-21.2864
-14.3413
3.43749
-19.8142
-12.8072
-12.6442
-11.7936
-13.228
-12.7959
-13.585
-11.2902
-11.8023
-12.1922
-13.9611
-10.6453
-12.259
-22.1579
-11.852
-12.0098
-4.20724
-12.5544
-21.1784
-11.5761
-13.4524
-13.757
-21.2752
-22.8123
-26.3453
-9.24369
-13.6825
-13.0583
-13.5143
-3.6083
-21.3698
-20.3974
-21.5902
-12.6744
-11.8321
-7.81128
-10.1561
-10.9324
-13.4418
-12.9356
-20.7939
-19.7141
-13.3695
-4.6311
-13.1936
-13.896
-3.80556
-11.7114
-12.0337
-12.5243
-13.07
-11.9783
-9.9246
-13.4104
-12.6831
-12.4848
-7.21261
-5.87635
-12.5967
-45.4065
-13.3852
-13.7325
-9.7296
-13.2033
-11.1166
-21.0037
-11.4631
-12.3817
-20.7327
-13.6447
3.9872
-12.44
-21.6084
-9.92314
-13.4156
-10.1965
-3.16578
-10.3264
-3.71454
-4.37312
-21.4788
-13.1247
-13.1449
-12.8762
-57.0568
-11.327
-12.5151
-10.8994
-14.3175
-19.8625
-11.1899
-11.9242
-21.8122
-13.5248
-42.7334
-21.2745
-12.3382
-12.3134
-13.0989
-13.654
-9.3709
-34.5299
-9.88242
-12.7073
-12.802
-21.1366
-11.8227
-13.5108
-13.4781
-7.78801
-21.1481
-13.1358
-1.17955
-13.366
-2.92884
-13.0984
-1.40727
-13.3148
-13.838
-13.518
-12.5192
-10.2516
-21.2422
-21.6942
-12.848
-14.02
-13.3633
-13.3562
-21.5655
-14.0963
-15.2277
-13.6906
-13.4826
-4.34392
-13.6822
-21.9856
-10.1698
-13.2504
-3.3658
-13.1807
-11.9489
-8.93994
-20.7119
-9.22066
-11.6565
-13.5217
-13.5489
-14.1602
-19.3783
-11.8146
-12.6671
-18.2231
-13.5059
-13.1544
-21.5206
-9.60695
-13.5664
-10.3897
-21.2333
-12.8511
-10.6517
-19.9804
-12.6321
-1.66877
-10.6743
-13.1337
-12.4536
-19.6687
-12.0129
-13.4527
-10.9703
-21.5879
-13.07
-13.9487
-11.3154
-1.52469
-20.7774
-11.1861
-12.2049
-13.2869
-13.7523
-12.6375
-11.3648
-11.0932
-19.9192
-14.113
-19.2134
-12.2844
-13.4488
-12.79
-65.5401
-9.1555
-12.85
-32.4125
-13.5978
-18.4183
-20.9118
-12.8303
-21.1949
-14.0714
-13.251
-13.25
-4.07856
-3.81511
-9.5215
-13.1299
-12.9774
-11.7974
-20.37
-29.3841
-14.1779
-41.9297
-13.5549
-11.7519
-22.0722
-13.504
-14.8236
-4.54968
-19.3667
-10.4807
-20.7969
-11.5881
-13.6776
-11.8982
-22.0823
-14.5205
-21.406
-12.4401
-13.2367
-14.0469
-4.5237
-28.8198
-21.9789
-12.9533
-10.5579
-21.756
-12.1973
-13.1096
-33.0308
-12.5424
-19.516
-13.9788
-11.1285
-13.9031
-13.9578
-11.6121
-9.20246
-12.821
-13.0859
0.883279
-12.6006
-12.6609
-8.62335
-14.4149
-12.1508
-13.3647
-21.6351
-13.7712
-20.1131
-14.5446
-13.6927
-23.4362
-12.9386
-11.8987
-14.0105
2.51357
0.446605
-13.8264
-11.6844
-8.02242
-0.177299
-11.9495
-10.9138
-10.2685
-12.8246
-13.2526
-12.8086
-12.9194
-3.42627
-12.7533
-21.5379
-21.5999
-13.5775
-10.1356
-21.1622
-12.5401
-13.7656
-21.0829
-20.1062
-10.5013
-10.969
-12.6059
-11.3067
-16.3402
-12.2758
-19.5107
-13.3441
-14.4043
-13.1337
-9.2386
-12.6739
-13.2862
-13.8144
-12.6
-12.2453
-12.1161
-11.7831
-8.85657
-14.3359
-9.91449
-9.57505
-12.6466
-12.8141
-13.7248
-12.7261
-13.2882
-13.7014
-12.9373
-3.58071
-12.0532
-11.7639
-21.0014
-10.9094
-12.8078
-13.573
0.143206
-12.9487
-13.8374
-13.4781
-0.338694
-12.4144
-12.0575
-12.8415
-13.2003
-11.6281
0.040627
-13.0628
-13.5416
-13.654
-14.564
-10.9055
-12.0173
-2.97481
-10.8033
-1.19926
-11.0846
-12.5243
-12.6987
-12.8031
-11.9635
-12.8938
-11.5989
-6.6973
-20.6668
-9.11945
-3.52627
-13.9662
-13.44
-13.0768
-9.52018
-12.66
-15.6661
-13.2261
-13.8144
-13.1559
-13.2648
-7.66119
-12.9095
-13.2552
-19.8062
-13.1363
-12.2957
-10.7701
-20.4481
-12.5562
-10.4907
-12.1947
-4.21445
-21.5322
-21.3843
-5.01777
-14.2476
-2.1694
-13.1445
-13.6828
-20.896
-11.0238
-13.6322
-8.56534
-13.1978
-2.50802
-11.7918
-21.6127
-13.868
-10.4201
-13.3753
-13.1806
-10.4924
-12.596
-11.5257
-13.72
-13.1211
-12.9176
-11.3861
-11.9723
-13.5303
-13.7701
-12.8916
-11.7734
-11.6141
-13.1605
-12.2526
-21.704
-12.5026
-21.1696
-11.6397
-11.4083
-10.6086
-12.6964
-10.6171
-8.78899
-22.1441
0.532978
-13.5404
-20.4075
-8.54012
-11.0334
-14.9317
-12.8647
-20.6403
-14.1769
-21.6153
-13.7393
-11.3402
-20.8742
-12.0564
-12.6923
-21.6566
-12.7754
-13.1925
-13.3585
-11.9911
-12.6456
-13.1805
-12.4631
2.34992
-9.44245
-13.5428
-20.7808
-14.0339
-12.7246
-10.285
-12.6913
-12.8106
-13.1607
-13.2706
-9.88233
-12.6738
-20.0791
-14.0817
-12.6076
-12.5078
-13.4739
-13.4161
-5.21812
-11.2849
-12.589
-21.1485
-42.8778
-13.5958
-12.911
-12.9136
-12.6755
-21.0743
-13.9566
-9.87654
-12.7195
-12.6854
-12.9836
-21.077
-12.7344
-18.1859
-13.1993
-29.4488
-12.8607
-13.1204
-12.7916
-12.168
-19.9007
-12.6559
-11.3461
-21.8266
-10.5477
-12.1988
-12.1227
-14.0186
-12.606
-14.1068
-11.8132
-13.2911
-14.2535
-20.3304
-13.4496
-11.9038
-1.3316
-20.3847
-8.82894
-8.83658
-19.4525
-11.2895
1.2374
-21.1806
-12.4306
-21.9368
-13.1885
-13.796
-13.4665
-12.2973
-10.9774
-10.9629
-11.6361
-2.21791
-11.3694
-11.5025
-10.6745
-13.1864
-11.7411
-13.6459
-13.1465
-13.4211
-0.524109
-20.7214
-13.2362
-13.7965
-21.3364
-11.7008
-11.3475
-11.195
-12.9169
-13.6407
-21.4137
-11.7716
-12.1904
-13.1976
-10.0957
-12.5598
5.74819
-11.7167
-13.3062
-12.995
-11.9356
-4.86242
-20.9257
-13.6832
-11.7219
-12.6452
-11.4766
-20.2137
-12.3421
-11.5674
-19.6033
-1.57035
-21.9263
-12.5809
-11.0799
-13.1583
-12.9387
-1.81204
-12.9599
-12.5238
-10.1134
-21.6176
-20.7435
-20.6771
-13.9846
-10.5152
-13.5008
-9.49948
-12.5874
-28.9819
-13.6613
-10.5277
-10.6698
-10.073
-12.1528
-13.9798
-9.20905
-13.2714
-4.25408
-13.1123
-21.4769
-12.5508
-21.6088
-7.13551
-11.5289
-13.2921
-13.7016
-13.536
-13.2331
0.274421
-7.4818
-5.56144
-10.3142
-12.3087
-13.0035
-13.4245
-20.8143
-12.0551
-20.8136
-12.3168
-13.5292
-12.4319
-13.2305
-13.5026
-13.5583
-13.131
-14.3
-20.6106
-10.1968
-11.3082
-13.4149
-2.7776
-12.8246
-9.59308
-11.7315
-12.857
-12.2904
-13.1321
-13.2682
-12.4108
-13.1647
-3.51035
-12.0597
-13.1662
-20.3125
-8.49909
-2.9112
-12.6272
-12.5287
-2.49711
-12.7291
-12.326
-13.4801
-19.986
-13.1633
-12.3923
-11.5269
-13.5156
-12.4241
-13.2227
-12.9238
-18.3569
-10.4559
-11.4927
-13.2942
-20.9452
-11.9455
-10.9728
-13.6101
-13.6698
-13.7707
-10.3833
-5.59243
-11.9877
-27.739
-12.0428
-30.4953
-9.94889
-8.05442
-13.9104
-59.0803
-13.217
-21.2208
-10.1834
-10.4066
-14.1433
-12.119
-11.475
-21.7142
-21.0959
-10.9545
-18.2104
-13.5435
-12.7044
-12.9439
-11.8936
-20.0565
-10.9606
-10.1922
-13.332
-12.1378
-6.70687
-4.72834
-12.8425
-9.16815
-12.5717
-21.0319
-12.542
-9.1512
-12.2586
-11.969
-13.3229
-12.3221
-13.4238
-10.5203
-13.933
-14.0944
1.48459
3.35466
-11.9088
-4.40362
-21.4825
-14.0317
-12.3396
-11.9797
-9.89821
-14.137
-14.1323
-12.7996
-13.4929
-11.3291
-12.8094
-12.6652
-12.2562
-12.2492
-5.2993
-13.2489
-0.560624
-14.4199
-20.1874
-10.265
-12.4068
-21.9304
-13.8801
-13.1086
-11.8271
-61.4054
-4.34372
-16.7527
-20.6708
-3.61863
-13.537
-22.1469
-13.6556
-10.8293
-18.6176
-11.998
-12.2959
-14.1768
-13.0496
-13.1349
-20.6224
-20.8425
-70.7624
-11.5837
-13.482
-14.0853
-13.5668
-12.077
-10.1976
-13.2157
-13.5525
-12.5308
-12.4509
1.47656
-20.5997
-13.0389
-12.2532
-12.0124
-11.103
-12.943
-13.017
-13.299
-14.7259
-12.3184
-11.6515
-22.5582
-11.521
-9.61034
-10.958
-9.58427
-12.0205
-9.81116
-13.1193
-13.1257
-13.0324
-10.6337
-6.81508
-4.74889
-10.8179
-13.7987
-12.4812
-12.9622
-13.4916
-14.1114
-13.0883
-13.9741
-13.6432
-11.9246
-1.31958
-13.1749
-11.1025
-13.3
-13.6489
-12.3247
-11.0997
-13.9215
-1.2999
-20.6475
-10.6618
-21.1262
-12.5381
-13.122
-13.3173
-11.7323
-12.6092
-10.2295
-9.52956
-13.649
-13.6087
-13.8405
-13.2687
-13.8863
-5.26323
-22.2203
-14.0659
-28.5286
-13.8189
-13.0319
-11.3584
-12.5553
-13.1692
-11.5526
-20.5133
-12.1425
-13.7908
-13.2427
-12.6475
-3.77603
-11.7239
-11.6728
-12.7505
-13.5998
-10.0803
-13.6475
-12.7934
-8.73636
-13.564
-12.1056
-13.1151
-12.8221
-4.89322
-20.6638
-13.0915
-10.0095
-20.7825
-12.3055
-12.5125
-12.9298
-10.5153
-10.8394
-13.0238
-20.6154
-9.70751
-10.4521
-12.2681
-13.9416
-13.6175
-12.8394
-11.3867
-13.6325
-13.6272
-13.3271
-12.781
-11.7181
-9.5983
-13.614
-13.3154
-13.8509
-9.4531
-11.9666
-22.3821
-19.3349
-14.0643
-19.3626
-12.6879
-7.60419
-13.4387
-12.2896
-10.4239
-20.6475
-12.4492
-12.0202
-13.1301
-13.1846
-9.45943
-20.6808
-13.3962
-11.0206
-21.1166
-21.2947
-9.61073
-14.5694
-13.0561
-5.57367
-13.4692
-11.4536
-11.5553
-21.0727
-13.8218
-21.2179
-20.3184
-12.4936
-13.553
-11.5668
-12.6715
-11.7115
-14.3985
-19.4597
-2.14271
-11.7819
-11.0763
-30.0531
-12.6031
-10.9819
-11.0218
-10.6919
-13.5416
-12.5711
-12.9867
-13.0466
-6.21607
-12.7969
-13.5892
-12.4899
-11.9226
-12.8698
-13.7584
-11.6698
-9.35857
-11.1441
-16.6546
-13.2448
-12.195
-11.3392
-13.4341
-12.3951
-3.76761
-2.08682
-7.38504
-13.0516
-12.9531
-21.1147
-13.8601
-19.3504
-12.0728
-9.53167
-13.2425
-21.8352
-13.7256
-14.4244
-4.71013
-10.9868
-19.6563
-1.57972
-14.3289
-20.6996
-12.8812
-13.5965
-12.7218
-2.34033
-11.6761
-12.4911
-11.7822
-13.59
-13.5477
-19.4839
-12.0939
2.96422
-12.5089
-20.7881
-13.2479
-22.1225
-13.3798
-10.6727
-10.9674
-13.0649
-14.7841
-13.4226
-5.55911
-12.4497
-12.0884
-12.5753
-11.232
-13.7446
-9.59523
-13.5116
-5.09933
15.9839
-12.2434
-13.7176
-11.0219
-20.8743
-13.8112
-21.2773
-9.25901
-10.245
-10.5917
-10.7269
-12.3811
-2.4812
-13.1306
-12.6661
-13.4033
-12.6528
-10.4629
-11.2309
-13.0281
-21.5838
-12.9148
-13.2396
-1.31758
-3.07775
-11.0559
-13.3563
-13.4847
-19.3355
-11.2641
-11.6542
-13.5257
-21.0108
-10.461
-12.3789
-10.6972
-12.9824
-8.07061
-14.9291
-13.0016
-12.8622
-21.6181
-7.76027
-13.0652
-19.4261
-13.1353
-13.4402
-11.3812
-10.7162
-20.7358
-0.907955
-19.2671
-18.8396
-22.0615
-13.4357
-11.5789
-3.47651
-14.047
-20.174
-13.2307
-12.6608
-13.0129
-11.3628
-1.1248
-11.6932
-12.877
-15.4895
-14.1115
-21.3516
-11.8294
-13.7568
-21.655
-19.7176
-11.5903
-11.482
-9.18822
-10.6228
-8.14411
-11.7099
-13.009
-12.0801
-12.5409
-21.2518
-13.8455
-12.7908
-13.5577
-13.3589
-12.7458
-11.5308
-9.97695
-11.7083
-12.5318
-9.63436
-13.2467
-11.3287
-14.7927
-13.5908
-13.774
-8.92088
-12.7152
-10.6417
-13.5172
-21.0262
-11.7246
-13.0347
-12.9941
-0.269484
-73.0308
-12.1287
-13.832
-8.96055
-13.3245
-9.8457
-5.40036
-13.0337
-4.1286
-13.4533
-13.4055
-10.8039
-13.2025
-12.8499
-4.40582
-11.3562
-14.0027
-26.256
-13.3222
-13.1563
-19.7445
-13.2882
-11.1911
-11.9439
-21.2973
-13.9656
-13.0899
-11.2577
-3.74374
-13.433
-12.6666
-11.0482
8.50442
-5.1215
-9.92245
-12.5014
-13.317
-12.5231
-17.3024
-13.0179
-13.6122
-9.82476
-13.3462
-12.9578
-9.58012
-12.3631
-13.4073
-13.7731
-13.0562
-13.6444
-19.4677
-12.6482
-9.95787
-10.2772
-20.1794
-11.4845
-11.2026
-11.0465
-13.4652
-13.5241
-12.2921
-21.5347
-21.234
-19.754
-21.0484
-3.07021
-9.15325
-19.3301
-19.0596
-12.565
-11.7623
-12.4404
-13.8146
-2.93211
-2.81636
-12.5438
-12.569
-19.4494
-21.2677
-9.94939
-13.0875
-12.0041
-18.7567
-12.4288
-12.4408
-4.49952
-13.1799
-13.5237
-4.36484
-10.7349
-13.7396
-11.613
-12.7526
-10.7504
-13.2745
-21.6035
-13.9387
-10.1859
-7.73359
-13.4157
-13.9019
-12.9389
-21.8497
-9.055
-13.3196
-12.6518
-13.496
-11.7199
9.15021
-11.6431
-11.6911
-13.4603
-12.6406
-13.1811
-12.9924
-10.4713
-19.3293
-13.093
-13.8521
-11.6887
-13.6125
-19.2874
-13.689
-14.0261
-21.4817
-21.4892
-13.0272
-13.5702
-12.9205
-13.5921
-21.912
-13.5997
-13.0024
-21.4194
-11.9769
-12.7361
-10.4925
-10.9166
-8.61919
-13.614
-13.323
-13.4899
-20.2753
-13.7485
-13.6097
-13.8041
-11.3593
-11.5486
-20.8149
-11.5581
-28.0634
-11.9524
-2.26187
-13.519
-3.47348
-21.4215
-13.0881
6.23291
3.40473
-13.6236
-21.1785
-20.4025
-1.06966
-13.6355
-18.6909
-12.0542
-9.32936
-10.9511
-18.9345
-12.8201
-46.1056
-20.1485
-11.6893
-10.9802
-11.0216
-12.8474
-10.7088
-11.0417
-13.53
-21.6791
-13.3665
-14.0112
-21.2572
-9.49552
-11.5594
-13.6545
-11.8689
-12.0632
-11.2535
-18.8137
-11.6368
-12.13
-12.6011
-20.4883
-2.79758
-13.7554
-9.76419
-4.53649
-13.0635
-12.9763
-12.4784
-14.0392
-13.1357
-21.3005
-20.9535
-14.4336
-10.2385
-11.4711
-13.3911
-10.9678
-19.4562
-11.2405
-12.1512
-12.7691
-9.04703
-10.3739
-20.3285
-12.7585
-2.62288
-12.792
-11.6141
-13.2851
-12.3258
-13.2931
-13.1506
-9.05519
-11.747
-12.55
-13.6801
-22.0397
-8.4467
-12.7267
-1.86573
-13.7782
-13.6678
-19.9209
-13.2516
-13.1957
-13.297
-13.3719
-10.5342
-11.927
-12.8324
-27.9094
-21.1864
-14.4115
4.02529
-20.3792
-11.2252
-20.9698
-11.9545
-12.5422
-1.96947
-11.3905
8.74595
-20.1037
-24.4924
-13.2054
-20.8836
-18.2809
-13.31
-13.7377
-14.1588
-21.2396
-13.3839
-20.3547
-13.282
-12.4672
-12.601
-13.3076
-12.0311
-12.8031
-12.4551
-12.466
-13.6975
-13.2949
-10.6762
-13.401
-14.1948
-20.846
-19.1739
-12.5482
-13.6737
-20.5553
-22.2161
-11.612
-8.02529
-0.930646
-10.5955
-13.2915
-13.715
-13.5975
-10.3709
-12.5576
-24.2048
-13.7033
-10.7175
-14.0262
-12.4982
-13.0697
-14.0574
-13.0328
-13.2774
-29.3013
-13.5565
-21.5209
-13.6065
-12.2486
-12.366
-13.3725
-21.0913
-14.786
-18.9516
-21.5434
-12.7334
-10.9727
-7.76941
-12.4254
-13.4174
-21.498
-14.1993
-13.3039
-13.5367
-13.6745
-4.30596
-11.9957
-13.7214
-0.0639754
-12.3922
-12.2059
-13.1488
-13.3805
-11.5198
-14.6906
-19.4362
-4.85789
-13.9998
-13.5432
-11.5495
-12.0554
-12.47
-20.1506
-14.3373
-13.1199
-13.6022
-13.2978
-24.436
-12.9559
-12.9287
-21.3007
-13.0369
-14.2962
-4.96328
-20.98
-12.0689
-13.6765
-13.1366
-13.0418
-13.3682
-13.3895
-10.777
-2.66277
-12.7778
-1.63549
-14.5307
-1.30321
-21.5368
-21.7798
-10.4103
-13.6072
-12.635
-11.7102
-14.1531
-12.175
-13.5681
-11.2601
-13.5818
-12.3861
-13.0849
-13.6848
-7.88484
-20.9928
-12.1414
-12.1869
-11.8937
-12.9157
-13.5307
-12.9017
-13.0676
-13.5837
-0.268974
-12.1608
-11.5192
-12.9615
-12.9622
-10.492
-13.3847
-12.1117
-12.0663
-11.8499
-13.0273
-10.9444
-22.8238
-13.3871
-20.9149
-14.4551
-9.15021
-12.7752
-13.774
-7.36136
-13.4983
-4.6006
-12.9044
-21.2162
-21.6354
-19.824
-20.7712
-13.1942
-13.403
-3.25157
-12.2896
-15.3109
-12.1417
-21.2206
-29.4771
-11.8632
-11.0481
-12.869
-10.8136
-12.4338
-12.353
-28.867
-12.3759
-12.4236
-11.663
-13.568
-12.1101
-12.8396
-12.9562
-4.75771
-13.4565
-2.83104
-12.7782
-12.0434
-12.1667
-13.0268
-13.837
-20.4355
-12.4741
3.01724
28.2609
-13.2534
-13.6374
-12.9407
-11.4426
-13.5221
-12.4329
-11.5766
-13.7683
-13.351
-12.5408
-13.3171
-12.8278
-4.14288
-13.4628
-10.7207
-13.3722
-11.0647
-13.6294
-13.035
-12.4305
-8.6712
-13.0837
-2.44349
-2.36912
-7.88114
-10.7527
-12.2502
-12.8868
-13.4066
-12.7235
-21.1794
-21.1762
-11.6193
-7.51339
-13.6848
-10.2444
-9.56795
-20.3155
-13.261
-13.4416
-12.26
-13.4365
-13.6301
-11.9658
-28.5591
-12.9979
-21.246
2.1841
-13.2679
-13.0344
-21.6086
-11.9854
-11.1019
-13.921
-20.6982
-11.7511
-22.0799
-13.052
-10.9244
-12.9106
-14.0646
-11.9127
-11.8836
-12.1976
-13.5143
-11.3833
-13.5929
-9.02545
-11.8742
-26.8456
-22.3391
-13.5419
-12.3102
-13.0734
-13.7748
-12.7794
-13.8294
-0.0811625
-12.8199
-12.2313
-21.105
-4.22002
-11.12
-13.6931
-12.5695
-13.145
-13.1107
-13.79
-19.4435
-13.4886
-12.1178
-13.3548
-1.131
-11.6123
-12.8353
-12.7902
-9.5034
-8.24635
-11.296
-6.92771
-13.6512
-21.3924
-13.1263
-13.7361
-12.1994
-66.1929
-18.7824
-12.6899
-13.5393
-12.8603
-20.4636
-12.2706
-13.1904
-21.7388
-21.2187
-21.2143
-2.51698
-20.2054
-13.7217
-12.5708
-21.2248
2.60952
-3.50485
-10.3469
-10.9636
-19.6137
-13.0612
-12.7063
-13.0802
-11.2622
-11.0716
-21.3742
-13.0064
-13.1976
-12.9254
-28.585
-13.0204
-13.0519
-13.5761
-14.1493
-13.0983
-20.4805
-11.9924
-13.0947
-21.9938
-13.2173
-13.2882
-13.0557
-2.79674
-13.4316
-13.2271
-11.4324
-11.3902
-12.0087
-23.0769
-13.2007
-13.3286
-13.5695
-11.7042
-8.49113
-13.7631
-0.0625916
-12.0525
-20.6844
-12.9671
-3.42508
-12.0926
-14.8341
-9.94606
-4.05771
-12.3718
-12.6463
-10.412
-13.2181
-17.8941
-10.7494
-20.3069
-12.4933
-14.3142
-11.678
-13.5108
-1.93556
-13.5469
-11.5784
-2.40855
-14.7038
-13.1537
-10.8334
-13.3272
-20.959
-14.4361
-12.5939
-12.4467
-12.7634
-12.6399
-13.2653
-13.4602
-30.7053
-14.0288
-12.5259
-10.4257
-13.5658
-13.7693
-13.0157
-13.2442
-12.9643
-12.7159
-21.3335
-13.14
-13.333
-20.0637
-8.30721
-19.0811
-20.3835
-13.444
-12.1464
-12.6289
-12.7933
-12.3901
-9.97098
-21.5951
-13.2275
-19.7194
-19.0483
-4.67903
-12.8043
-13.6455
-3.19737
-12.1545
-13.0255
-13.0524
-13.7396
-21.4885
-11.6323
-1.85119
-13.4367
-3.27553
-21.6725
-9.98752
-13.4943
-10.2454
-12.9704
-13.8133
-12.9095
-13.0976
-11.0629
-19.3844
-19.1125
-19.7509
-12.5725
-14.1795
-13.5207
-13.401
-13.5858
-14.0891
-13.3143
-8.98986
-10.9267
-4.99561
-12.863
-21.3303
-12.8823
-13.7769
-11.6762
-12.0198
-3.10576
-20.4783
-12.6226
-9.16576
-12.1065
-11.9614
-13.0557
-12.348
-21.1294
-14.7147
-7.68021
-8.50824
-12.0045
-15.1976
-1.87673
-13.9105
-21.6334
-14.5174
-20.7066
-12.4454
-42.8878
-13.08
-20.5162
-13.5267
-12.3626
-20.0124
-3.21013
-12.4867
-13.7428
-5.67346
-12.5822
3.76575
-13.8622
-13.511
-21.6967
-14.298
-13.9932
-12.6389
-22.4816
-12.9174
-14.5067
-21.628
-12.4992
-11.9613
-12.9972
-13.499
-21.6099
-21.4636
-10.3358
-13.1334
-12.3476
-12.7789
-21.3036
-17.1983
-20.7645
-10.1921
-4.83508
-13.8815
-11.5109
-13.9767
-13.1235
-11.6028
-12.6588
-13.3405
-21.0036
-21.0922
-21.4096
-12.703
-11.0523
-14.1548
4.87575
-13.4469
-7.57364
-12.7229
-12.8033
-12.9701
-8.72152
-10.5866
-3.70309
-12.4693
-11.2728
-13.7397
-12.8185
-11.9117
-21.1402
-13.8837
-13.0193
-11.0423
-13.5391
-0.807769
-19.2107
-13.0341
3.3982
-12.8382
-4.66468
-11.0869
-11.1179
-14.0608
-13.3019
-12.4444
-14.1525
-11.9095
-10.2896
-11.2818
-23.4145
-12.8076
-13.4943
-13.1757
-14.7167
-10.5313
-9.57155
-12.5066
-55.7958
-21.5839
-22.5911
-6.1641
-12.6232
-21.2682
-12.7906
-12.7545
-3.10683
-9.02125
-9.23523
-14.4153
-20.658
-1.72724
-12.9365
-10.3708
-21.6115
-13.6025
-20.8675
-18.8711
-12.3644
-13.1695
-13.1654
-20.193
-13.2836
-11.8366
-3.16489
-20.1891
-14.3371
-12.6028
-13.3523
2.82356
-21.7514
-13.9293
-11.4598
-12.7862
-13.0573
-12.0195
-21.4243
-4.5747
-14.2537
-13.2035
-13.8651
3.71103
-13.053
-11.8701
-11.411
-12.2231
-13.1657
-11.9187
-10.9327
-11.6515
-10.4664
-13.214
-12.8688
-13.455
-13.9342
-11.2621
-11.1662
-11.6769
-12.5655
-9.32792
-21.2731
-13.1363
-12.6132
-13.5522
-27.0855
-14.2363
-13.223
-14.1968
-13.6972
-7.38167
-11.6795
-3.95374
-12.3483
-12.7422
-12.1611
-3.24937
-13.0391
-13.965
-8.91264
-12.5663
-22.1165
-13.1061
-12.8556
-12.6563
-11.1791
-13.2359
-13.3169
-13.1513
-3.31996
-14.2175
-21.0794
-12.3597
-11.2477
-13.048
-12.5453
-13.4312
4.3972
-20.8625
-13.4095
-21.6914
-13.4593
-13.0905
-12.6867
-11.0916
-13.2458
-4.90003
-4.62501
-20.1106
-21.1818
-13.476
-11.8025
-13.2626
-20.8557
-11.025
-2.55831
-12.4917
-21.2773
-13.7316
-12.869
-19.859
-12.2981
-10.8353
-10.3996
-10.5148
-10.6855
-11.8295
-12.2617
-11.6259
-11.3361
-10.5646
-13.5656
-10.6667
-11.9947
-10.7328
-12.1161
-12.6966
-13.4714
-20.3812
-12.8444
-12.2307
-13.7556
0.754887
-18.0425
-12.9207
-9.42047
-12.2528
-13.7774
-14.0362
-12.1086
-12.8319
-11.843
-22.1598
-12.8936
-21.3698
-21.458
-12.2488
-12.6994
-13.0534
-9.47484
-4.09789
-8.25887
-4.6061
-3.96681
-14.0051
-21.4351
-20.2708
-12.7995
-13.3468
-10.1496
-13.3925
-5.13202
-12.3194
-21.5064
-58.0471
-8.03464
-12.1588
-10.678
-11.6852
-13.3753
-11.0251
-12.5733
-13.6256
-9.50622
-12.6085
-11.0722
-2.01617
-14.0678
-13.3009
-13.8171
-13.3318
-4.55968
-12.9726
-12.9395
-14.1256
-3.15838
-13.4632
-21.9037
-11.124
-13.0468
-11.7141
-5.36083
-12.8044
-13.7234
-5.62343
-63.352
-13.4947
-11.5958
-13.0708
-13.991
-13.7067
-3.45518
-13.8881
-12.679
-10.728
-22.1286
-13.3618
-11.0996
-13.5441
-20.475
-13.0085
-12.9506
-13.4128
-9.88256
-21.6082
-12.2275
-13.4103
-12.7163
-12.2204
-9.5345
-10.6159
-14.5759
-20.9219
-13.3547
-13.1786
-13.3408
-21.3159
-14.48
-20.0508
-8.37096
-12.6649
-12.4622
-21.8433
-13.3572
-3.80815
-13.6153
-13.3698
-10.132
-13.3274
-11.6175
-10.8121
1.53061
-3.73293
-7.57114
-13.7579
-10.5718
-12.4085
-4.84943
-21.6657
-13.3515
-4.8827
-12.773
-14.1488
-20.6897
-12.489
-12.6935
-10.287
-13.6164
-11.8524
-13.54
-11.6569
-13.12
-20.5355
-13.5858
-2.06216
-8.95121
-4.77169
-22.0254
-13.699
-11.4275
-21.7561
-10.9191
-13.436
-0.705989
-13.221
-11.8082
-12.1782
-12.5978
-12.8191
-11.9885
-12.8898
-11.9639
-21.7396
-12.4156
-12.0719
-12.8573
-12.7294
-13.5117
-21.5058
-11.0696
-13.1892
-11.0562
-13.5702
-20.0356
-12.6667
-3.84349
-12.6229
-9.85264
-12.3685
-12.6617
-13.7781
-19.916
-13.3111
-12.6244
-21.6739
-21.248
-12.4398
-1.07307
-4.42567
-13.4909
-12.606
-20.9914
-21.4628
-13.5248
-17.5378
-28.2854
-13.4851
-13.5077
-20.9774
-24.8892
-13.1756
-12.7896
-10.5316
-12.1075
-12.8349
-19.5164
-13.0928
-8.72686
-13.6594
-13.3613
-12.7799
-11.5229
-21.333
-13.3399
-21.3296
-11.4677
-12.228
-14.1508
-9.41457
-12.0339
-12.6063
-19.7324
-21.2768
-14.0494
-12.4089
-4.33574
-12.492
-21.8777
-12.8245
-18.9969
-13.7472
-13.3598
-10.705
-13.1162
-13.1084
-10.2934
-20.5406
-11.708
-10.5775
-12.3884
-4.06021
-21.5919
-18.571
-12.3524
-13.2996
-10.9389
-13.9159
-10.6989
-20.7007
-13.3534
-11.1919
0.204989
-23.0515
-13.0164
-12.1778
-5.25172
-10.6177
-5.20293
-21.1878
-7.18964
-12.0031
-13.724
-2.01635
-19.6328
-13.5129
-13.8658
-21.3541
-14.2511
-12.587
-13.3868
-20.933
-11.5731
-13.5038
-13.8362
-13.865
-13.6515
-21.6561
-11.7418
-12.4233
-13.4449
-13.3505
-13.412
-12.375
-11.9394
-13.474
-21.9879
-0.0719313
-3.80851
-4.99736
-12.6401
-12.0553
-13.0394
-12.6524
-12.545
-13.3266
-13.4949
-13.8317
-11.3551
-13.6033
-20.7253
-12.8458
-11.6119
4.5099
-10.2564
-4.67847
-9.20999
-21.2304
-13.4936
-13.2618
-11.3856
-18.8101
-21.376
-9.49606
-20.6934
-20.1135
-4.24808
-12.4354
-12.524
-0.83057
-13.1507
-8.7232
-20.7176
-13.6521
-20.8064
0.844731
-11.8122
-36.555
-10.7912
-12.9813
-13.0211
-13.0594
-22.0595
-17.4356
-10.9175
-11.3905
-11.5698
-13.2663
-13.0522
-13.0707
-21.3686
-20.0289
-13.2898
-21.3823
-9.33118
-20.8771
-13.656
-12.96
-8.72073
3.8668
-10.545
-10.6842
-11.5159
-9.95096
-13.221
-12.4098
-13.644
-3.41659
-12.1738
-11.8951
-13.7699
-17.6154
-12.7144
-21.617
-11.311
-12.3927
-13.5717
-12.2181
-11.4763
-112.308
-20.1284
-11.9264
-14.209
-13.2649
-12.7203
-13.0347
-13.4022
-10.8014
-12.8292
-21.1744
-19.9845
-13.6613
-12.3574
-10.5999
-13.5618
-9.57154
-13.3665
-11.9026
-13.7153
-11.6638
-12.8434
-12.9893
-11.0523
-11.6686
-21.0728
-21.2675
-14.0636
-14.344
-14.9277
-13.7042
-20.5814
-12.1613
-21.3737
-20.2158
0.243373
-6.00805
-12.4349
-17.2926
-11.0927
-9.81523
-10.8067
-21.9038
-22.5404
-13.1902
-10.3158
-13.4771
-13.1794
-19.5943
-2.77364
-13.2769
-12.2617
-14.3238
-18.695
-12.4919
-13.5311
-12.9009
-12.7409
-10.8323
-12.871
1.30565
-12.8076
-13.6807
-2.0642
-12.8038
-12.6961
-12.909
-10.1924
-13.4355
-13.871
-12.4137
-12.9575
-19.4466
-7.31803
-13.9117
-8.44307
-3.55484
-3.175
-9.79605
-8.32234
-10.5521
-11.4047
-21.7984
-13.4051
-12.7862
-20.6808
-3.58057
-14.0708
-12.8109
-11.4622
-13.4514
-12.1095
-8.54753
-11.2259
-12.4353
-12.5091
-13.6201
-13.6546
-10.3114
-20.3898
-12.8833
-11.6916
-12.2249
-9.55525
-14.3104
-14.0816
-78.8104
-10.8327
-14.0464
-13.6003
-13.5237
-10.6132
-21.0942
-3.08419
-12.5527
-12.6989
-11.5291
-12.9358
-10.7944
-12.2911
-12.2157
-11.9567
-11.1451
-13.7106
-13.2728
-12.2089
-13.3603
-12.3628
-12.1137
-12.7476
-13.1179
-12.0282
-21.1163
-13.9572
-13.7404
-20.2978
-59.7297
-13.7561
-13.0391
-2.45817
-12.5595
-13.0736
-12.974
-13.2918
-10.0372
-13.6654
-10.4808
-14.0141
-1.00201
-21.3026
-12.0064
-12.5417
-13.1117
-12.9608
-12.4585
-22.1038
-10.0979
-13.8484
-14.5446
-9.68504
-13.3559
-12.9555
-12.1264
-21.1603
-12.8475
-14.1858
-21.8411
-13.8175
-12.7462
-9.90253
-20.1754
-19.5772
-12.8461
-14.4324
-10.8934
-5.51084
-12.4073
-13.4911
-12.4544
-13.0704
-12.477
-8.8822
-13.1913
-13.6654
-11.1908
-12.0199
-10.6077
-13.3567
-21.2905
-9.59248
-5.44765
-13.2061
-13.579
-13.6401
-8.82754
-21.2764
-12.7706
-21.0825
-14.2606
-13.251
-13.0287
-12.9644
-11.6462
-12.7161
-11.6523
-12.4457
-11.4347
-13.4863
-11.9668
-12.7021
-20.9221
-14.1348
-12.7728
-13.0386
-13.2278
-13.6923
-13.5193
-10.4687
-21.652
-10.8459
-14.7116
-22.4897
-13.0421
-9.69858
-13.4088
-12.215
-11.5367
-11.7282
-13.496
-12.695
-12.9386
-11.8286
-13.3288
-20.7289
-13.6498
-28.8436
-20.7215
-13.0153
-20.9835
-21.9594
-1.29769
-9.54
-10.3243
-13.5283
-11.8633
-20.6579
-11.3984
-11.0605
-22.1788
-12.6271
-13.0487
-21.9717
-5.6572
-22.3809
-12.7182
-20.7565
-22.3711
-15.1101
-22.1042
-20.3189
-13.9975
-13.3465
-13.8576
-8.7921
-20.6877
-11.9592
-13.7672
-13.8349
-12.1111
-11.6153
-11.3118
-4.3192
-9.77083
-13.253
-13.4268
-20.9505
-13.2539
-13.1508
-12.1524
-1.64773
-21.1682
-12.2778
-12.2363
-12.8486
-19.5664
-13.7325
-11.9038
-13.2862
-13.2064
-12.1456
-13.5128
-13.0662
-21.1758
-13.1625
-11.1934
-13.2825
-3.54541
-20.8794
-21.6291
-20.8239
-13.3169
-12.8204
-13.1255
-8.47321
-12.6531
-14.0889
-13.4563
-10.7757
-13.3267
-13.6756
-73.973
-12.4351
-21.579
-12.5171
-12.9701
-9.03482
-11.5552
-13.9704
-21.2025
-9.75395
4.69467
-21.0765
-10.5811
-12.6114
-20.1017
-13.9418
-9.50779
-13.1084
-19.651
-11.4993
-11.1054
-12.783
-14.1784
-18.8319
-12.9404
-11.8434
-12.6103
-19.9615
-10.227
-13.4547
-21.7984
-13.6349
-12.0148
-13.0886
-21.4415
-13.5366
-18.7487
-20.974
-11.8274
-12.9031
-11.9436
-9.38619
-13.4948
-12.9077
-11.7579
-12.173
-21.4296
-18.3088
-8.43156
-14.064
-13.6546
-20.5387
-21.0329
-10.4737
-12.1702
-10.4274
-9.73062
-12.0793
-13.0007
-10.0976
-11.9886
-28.4565
-3.06544
-20.981
-13.1384
-13.8245
-20.5093
-13.423
-11.1535
-13.798
-13.3153
-11.8905
-11.196
-13.7236
-12.8318
-10.4522
-0.0588533
5.66434
-29.441
-13.5394
-13.3727
-13.2159
-12.3489
-21.7117
-13.3512
-13.5856
-11.4668
-12.8414
-11.016
-11.3386
-12.2825
-13.3217
-13.0454
-12.801
-12.3904
-21.1485
-13.2029
-19.4692
-13.7
-13.5316
-14.2347
-13.2431
-13.0686
-10.4755
-22.1191
6.7125
-12.5414
-12.0312
-11.7984
-8.81986
-10.7194
-21.2812
-13.5121
-19.8282
-21.1918
-12.4328
-14.4851
-19.6503
-9.27551
-19.224
-12.3722
-11.9428
-19.5704
-14.2516
-14.0783
-13.1582
-13.0916
-13.0469
-11.908
-20.9897
-13.3694
-11.7613
-12.8053
-21.4813
-13.6499
-11.9227
-12.7243
-12.5094
-12.8892
-12.9785
-12.8603
-13.4087
-28.5908
-12.9327
-27.9449
-9.43469
-12.3318
-13.2679
-4.75883
-12.1411
-21.654
-0.762246
-13.4176
-2.3833
-13.6355
-12.8646
-12.8559
-9.91505
-12.4481
-21.4573
-21.47
-13.0153
-12.4588
-11.2067
-4.78417
-13.1796
-19.5078
-9.59095
-12.0523
-21.5075
-12.7957
-8.52775
-9.1981
-11.0639
-11.2368
-13.9164
-13.0931
-10.1543
-21.3303
-11.835
-13.3766
-18.7539
-18.702
-13.6213
-12.5188
-13.4145
-13.093
-11.181
-13.2916
-12.7661
-12.5732
-2.13734
-20.6829
-12.3986
-9.65034
-12.6111
-21.477
-11.2513
-3.43859
-11.4188
-11.3015
-12.2922
-13.5783
-19.3522
-13.3828
-13.6339
-4.88887
-13.5547
-13.7574
-8.70519
-13.4036
-12.4145
-14.3987
-12.2188
-13.4527
-11.5235
-10.2422
-20.9988
-10.3352
-11.2528
-12.0325
-9.96404
-12.3742
-13.8064
-13.1716
-13.1038
-14.3196
-11.7356
-13.3096
-13.2981
-19.872
-12.7419
-9.47666
-12.3988
-21.8482
-11.8488
-14.6432
-12.0208
-11.6064
-3.77028
-13.6421
-19.0058
-10.5513
-12.8632
-37.4985
-13.1085
-10.5162
-4.91028
-21.611
-13.6947
-12.0218
-11.9067
-12.7999
-19.4791
-20.4215
-12.4322
-11.9182
-10.4828
-12.2228
2.78106
-0.113141
-19.7523
-21.9306
-12.8838
-14.353
-11.6303
-12.8431
-12.8212
-13.0761
-14.162
-4.66678
-13.3868
-20.9601
-3.71211
-12.4937
-9.67813
-12.0704
-10.7005
-19.7212
-14.0356
-1.75649
-12.6379
-3.7775
-13.4861
-13.1522
-11.8795
-3.74258
-13.577
-13.4356
-16.2628
-13.389
-12.2144
-10.6337
1.14092
-12.9205
-13.2292
-11.7344
-9.73606
-13.2451
-11.3487
-11.4374
-11.9954
-13.4941
-13.3645
-12.264
-13.4519
-13.6709
-11.1383
-13.7937
-0.0454783
-13.0498
-12.3748
-10.7442
-20.0989
-14.1905
-12.6179
-13.0876
-13.1438
-12.8113
-12.9831
-11.7548
-10.8596
-13.4644
-10.5595
-11.2475
-12.061
-13.2921
-10.0338
-13.6848
-12.2287
-10.8278
-11.9674
-12.4767
-13.3445
-21.8814
-12.5166
-21.5009
-11.7775
-20.622
-74.551
-13.5964
-13.0514
-2.49591
-4.25069
-12.7148
-12.4465
-9.81139
-13.5828
-10.5517
-13.8186
-13.5447
-13.5495
-12.9956
-13.3852
-13.1052
-12.6157
-13.2341
-13.2549
-10.1155
-13.5507
-12.0024
-12.4152
-13.881
-22.209
-12.2391
-13.963
-13.9922
-4.44381
-13.6556
-13.0027
-20.6534
-13.9224
-13.5616
-7.86883
-12.7879
-22.1342
-21.8275
-13.4774
-21.381
-14.0502
-12.4322
-12.7852
-12.1872
-13.1457
-13.2813
-13.9377
-10.8313
-12.9253
-13.017
-12.9295
-12.3273
-13.5155
-2.35481
-14.1463
-13.4152
-3.56339
-13.2363
-13.5178
-12.4127
-13.4738
-29.1107
-13.6573
-13.5943
-12.2171
-12.7704
-13.5696
-13.7177
-1.04699
-12.0333
-13.7924
-13.4896
-56.3531
-19.7217
-13.3006
-2.18659
-12.28
-9.80479
-3.47383
-20.3611
-12.9749
-9.86643
-20.5767
-20.1054
2.45481
-11.1534
-12.9312
-12.7639
-13.0181
-13.3089
-12.4913
-10.6682
-12.6209
-13.3395
-20.274
-13.6763
-13.92
-7.68929
-13.7713
-13.7263
-13.4312
-11.4855
-10.3769
-12.9798
-13.2211
-13.656
-9.92757
-12.4344
-12.93
-13.8484
-20.1159
-12.4479
-13.1394
-12.3133
-10.6604
-14.2281
-12.8323
-12.3657
-21.3277
-12.0302
-13.378
-13.0345
-13.9821
-13.5755
-14.0722
-12.8472
-14.5773
-12.477
-12.7714
-13.8923
-3.84865
-12.8923
-13.1185
-21.5437
-13.3574
-12.396
-10.1429
-13.2816
-21.2058
-21.0885
-12.6153
-13.7471
-12.1989
-7.54356
-11.3112
-12.1159
-11.8876
-14.1674
9.0664
-11.3647
-21.169
-13.1433
-11.0374
-22.4897
-9.39174
-13.5211
-3.71609
-1.25467
-29.2321
-13.657
-19.5587
-12.5865
-13.2444
-11.4363
-10.0185
-13.737
-12.7685
-12.511
-20.8515
-10.163
-13.5662
-13.764
-10.7902
-20.7207
-13.8234
4.94161
-12.4921
-6.94739
-21.2091
-12.9829
-10.7
-20.3806
-14.0746
-13.4002
-11.309
-13.3437
-13.3178
-11.6891
-12.2294
-19.2998
-20.6036
-13.1899
-14.2971
-12.9454
-13.2236
-13.3786
-4.90185
-20.5252
-1.23195
-10.6421
0.749851
-11.9317
-18.8225
-13.725
-3.59607
-8.04169
-21.2649
-12.7334
-13.1193
-11.6004
-20.7979
-13.2938
-11.9679
-12.532
-18.6467
-14.2958
-4.94048
-12.3949
-12.8652
-27.3776
-12.2496
-13.2453
-7.98588
-11.6144
-9.89716
-11.901
-15.8206
-12.0292
-13.4565
-13.8231
-12.7548
-21.4991
-12.6544
-13.5254
-12.3465
-13.062
-12.9541
-10.8516
-13.1496
-13.5445
-28.2425
-3.7721
-12.9106
-13.1722
-13.6817
-11.0208
-9.07611
-13.1775
-13.843
-13.0018
-13.1244
-11.3572
-12.0653
-21.7502
-11.6378
-11.0885
-14.0517
-10.4608
-12.5762
-22.157
-13.8164
-27.217
-10.6423
-8.53767
-12.9276
-21.6355
-13.6918
-14.289
-13.1768
-11.599
-10.5412
-12.2986
-22.5616
-11.9291
-14.2436
-12.4661
-11.2739
-12.9635
-2.07286
-9.4665
-12.0525
-11.5926
-13.6395
-8.53025
-13.874
-13.8599
-11.5552
-12.6491
-13.1841
-14.3016
-11.9059
-12.1628
-26.8688
-13.6686
-12.4913
-12.7049
-13.6871
-12.8451
-3.81343
1.2796
-13.1483
-4.33728
-13.6755
-12.7709
-12.9676
-21.579
-13.927
-21.5131
-10.5351
-12.7716
-13.6368
-12.977
-11.3071
-13.2941
-14.7443
-13.4314
-21.3664
-21.0203
-28.6448
-12.8629
-13.1
-15.4555
-11.3842
-20.1168
-12.77
-13.4719
-12.9237
-12.8921
-12.3439
-14.1792
-13.5418
-12.9853
-12.7542
-24.509
-13.7379
-13.3395
-9.74383
-20.5792
-13.2196
-10.4208
-4.86101
-12.7207
-13.2044
-10.1869
-13.2784
-13.1128
-0.931091
-20.7075
-20.8347
-12.5583
-12.8483
-12.7124
-10.569
-13.7021
-12.1852
-12.8994
-12.7839
-13.3501
-14.0731
-21.9879
-13.6321
-13.6753
-3.74265
-9.11157
-13.9057
-13.357
-12.9357
-13.4633
-12.7096
-11.7477
-10.9317
-21.1404
-12.5557
-12.3308
-13.3412
-11.2058
-11.588
-13.0711
-19.5887
-13.3711
-8.83452
-13.6085
-10.6836
-14.0933
-13.111
-9.87765
-12.7177
-21.842
-12.9491
-10.315
-12.918
-27.3089
-19.7924
-13.9756
-10.1729
-11.7345
-13.3068
-41.332
-11.9568
-13.4426
-12.5826
-10.582
-21.1169
-13.4104
-20.3333
-14.1036
-12.8061
-0.154296
-3.96355
-11.9995
-12.6829
-12.5739
-10.6711
-12.4519
-11.3761
-12.723
-4.89748
-12.8235
-13.7334
-20.1766
-11.2436
-4.04128
-9.79983
-19.0756
-3.38852
-9.38571
-12.2975
-8.96149
-4.07627
-11.4039
-12.8542
-12.4206
-13.8256
-11.9372
-12.8909
-12.3146
-21.4175
-4.79294
-11.962
-12.5464
-10.4269
-12.7051
-3.65799
12.6696
-11.9676
-11.0417
-11.5442
-13.5766
-11.1596
-13.7826
-7.15921
-13.5061
-11.5393
-13.4057
-10.905
-13.0046
-10.5726
-13.3711
-13.013
-4.24649
-20.4565
-13.5725
-21.8714
-21.1405
-11.8717
-13.4844
-13.4428
-13.255
-4.81444
-13.3581
-21.757
-13.718
-21.3628
-11.8283
-14.2655
-11.7093
-3.08258
-8.0349
-12.1298
-19.1916
-11.39
-13.4223
-14.0984
-12.8299
-10.0171
-20.5816
-11.9376
-13.3501
-9.26241
-74.147
-12.8003
-3.297
3.84102
-13.2948
-13.0759
-12.7913
-12.529
-11.4378
-12.0518
-29.1707
-13.6405
-21.1218
-12.0434
-14.0629
-13.3067
-21.305
3.61916
-10.7378
-13.2093
-11.7924
-13.4716
-14.2449
-13.0651
-13.5292
-10.4493
-13.0414
-9.95248
-20.9717
-11.3385
0.959465
-1.31579
-12.8272
-6.98067
-10.8555
-21.0648
-12.9042
-11.8668
-13.1744
-12.683
-2.85677
-12.4896
-13.634
-11.3421
-9.54609
-10.2294
-21.7929
-13.7524
-13.6995
-21.6248
-11.9659
-20.8604
-27.0412
-20.6971
-13.5553
-7.18594
-13.5224
-10.0389
-12.048
-11.8227
-14.2477
-14.1274
-19.9246
-12.6482
-11.0941
-10.7611
-13.1921
-13.2279
-13.2179
-20.8107
-13.8453
-13.0912
-10.995
-11.8981
-29.0601
-21.6629
-21.0851
0.281413
-13.8884
-10.0154
-10.1093
0.396179
-12.609
-0.266036
-19.8285
-21.4306
-13.8274
-12.027
-10.8849
-3.61907
-13.4608
-12.6105
-13.6974
-12.1496
-29.4516
-20.1313
-11.5926
-13.7525
-9.78948
-12.8403
-3.56898
-19.0072
-18.7702
-12.8485
-13.4777
-13.0028
-14.0404
-29.4218
-13.3583
-18.7922
-11.7755
-13.0297
-8.52867
-11.6107
-12.5363
-11.6132
-12.5653
-13.1801
-13.3515
-10.8017
-12.5949
-14.5436
-13.0868
-11.9786
-29.7127
-12.9057
-20.989
-13.3385
-13.782
-20.6942
-13.4206
-19.8318
-10.0595
-12.1686
-11.92
-13.6461
-13.1078
-21.2207
-11.9263
-4.36052
-12.9081
-11.3035
-12.0794
-12.3456
-12.5956
-11.5268
-13.2101
-13.7512
-12.3361
-13.4399
-20.9985
-3.15857
-21.6865
-12.2801
-12.2045
-10.5708
-9.75352
-13.6528
-13.699
-10.2757
-13.4136
-13.7827
-14.0453
-13.972
-11.6122
-12.7002
-12.4379
-19.7388
-12.9429
-12.2188
-20.5483
-21.5609
-11.3347
-11.3528
-11.7719
-20.3539
-11.5222
-12.4099
-13.0003
-21.602
-14.0447
-20.5646
-13.1864
-20.3082
-12.2288
-10.859
-11.6872
-11.7813
-11.762
-13.6268
-9.66351
-25.2492
-10.6512
-13.7201
-12.0332
-37.9781
-10.2011
-13.6328
-13.226
-6.91334
-13.2956
-0.449776
-13.5494
-12.6768
-13.0749
-12.8292
-21.2369
-13.6823
-12.1861
-11.7097
-10.6772
-4.00832
-21.6839
-12.1152
-23.0831
-13.0703
-12.2976
-12.8346
-5.44509
-18.2565
-12.9655
-12.5452
-13.3022
-12.9815
-13.0874
-13.7097
-11.9992
-9.84642
-9.83271
-13.1993
-13.7662
-12.4023
-11.7818
-13.2801
-13.1125
-12.2888
-3.37753
-12.8303
-9.22253
-13.8299
-10.8693
-13.3349
-11.9504
-20.5143
-9.97086
-13.713
-8.35222
-12.8649
-8.24054
-14.163
-13.5474
-13.6031
-13.796
-12.4082
-11.6882
-13.9622
-13.5039
-13.2916
-9.04158
-8.14296
-9.42051
-13.3192
-4.17678
-12.185
-9.85865
-13.3968
-12.9868
-12.8568
-13.0392
-18.3742
-13.6452
-12.5261
-12.8526
-12.9572
-13.2961
-12.6299
-13.3346
-5.49555
-19.8129
-12.964
-12.7125
-13.4043
-21.1795
-20.4011
-11.4756
-21.0234
-13.6679
-13.7173
-12.2696
-12.6787
-10.3909
-0.830508
-13.0828
-12.3057
-3.49257
-22.0336
-11.9406
-21.1178
-13.9039
-13.4154
-13.5254
-13.7182
-20.3289
-13.445
-20.3555
-13.5899
-11.655
-13.3684
-13.7909
-21.1172
-14.0661
-11.6996
-12.2617
-20.9614
-5.24328
-8.73504
-13.9495
-12.9616
-13.7672
-12.0696
-13.0082
-13.3662
-13.3239
-12.4974
-11.6194
-12.5232
1.55631
-13.8706
-12.4824
-13.7566
-11.365
-9.95364
-11.3664
-61.6298
-12.1273
-20.9613
-13.455
-9.00201
-12.1254
-13.6645
-13.6136
-13.1359
-13.5981
-12.1744
-14.3541
-12.4888
-13.6624
-7.35052
-8.54866
-12.9288
-19.2652
0.0426783
-12.1144
-13.1328
-20.0523
-7.65237
-2.85443
-12.8181
-8.73552
-14.9819
-21.3966
-21.9895
-4.62253
-12.7584
-13.7861
-12.0549
-13.3451
-13.4191
-21.5999
-13.2749
-9.69506
-3.45397
-11.0464
-20.1122
-12.4057
-11.0741
-10.3571
-20.456
-21.6769
-14.3829
-11.0802
-13.8827
-13.0788
-21.9467
3.42704
-12.3792
-13.7736
-21.2105
-13.813
-12.7404
-8.91991
-13.516
-12.0774
-13.6168
-21.6445
-13.2054
-13.1468
-12.9334
-13.634
9.67786
-4.93052
-13.0301
-13.3706
-13.0468
-13.6801
-12.0296
-13.5367
-12.4561
-13.2137
-13.1909
-4.4413
-13.1747
-12.6118
-11.5164
-12.8981
-11.5226
-13.2677
-13.6667
-12.6398
-12.2889
-21.3469
-5.35526
-19.3216
-21.8028
-13.2829
-13.6841
-13.0422
-0.0253642
-10.7184
-13.1483
-12.9677
-13.2075
-21.5451
-23.9685
-10.6452
-14.1446
-13.4684
-20.3847
-10.9336
-13.3761
-21.1483
-13.6403
-20.8367
-11.4648
-12.6866
-13.4095
-12.5883
-12.0624
-11.4818
-21.2454
-12.9662
-19.5843
-12.5162
-14.0068
-12.6316
-13.0846
-13.0944
-0.041951
-12.3951
-12.2803
-33.9376
-61.7835
-13.397
-13.331
-11.8384
-14.6603
-13.4199
-12.4679
-10.8401
-12.4467
-12.9495
-11.5712
-13.9573
-20.9151
-12.6088
-82.5007
-13.8535
-13.4832
-20.2704
-14.0102
-12.8795
-9.78328
-10.5399
-12.073
-18.8026
-27.647
-19.7033
-13.2328
5.63741
-3.05608
-10.3063
-12.1683
-4.97007
-11.6222
-13.3567
-10.8844
-10.9948
-13.6589
-11.6686
-5.11522
-11.2719
-12.9964
-14.2731
-13.2352
5.22348
0.975482
-21.0597
-12.014
-21.015
-8.68906
-10.4673
-13.8041
-10.5941
-13.3051
-12.2877
-12.7973
3.49052
1.08964
-12.6423
-21.0925
-11.9413
-2.28074
-13.5565
-14.1315
-13.7551
-20.8347
-11.4354
-11.6138
-12.242
-10.9385
-13.5721
-12.5632
-11.5798
-12.0906
-12.7137
-22.148
-19.3231
-12.7124
-10.9778
-14.0243
-21.3504
-12.2996
-13.8682
-13.0693
3.69043
-3.20094
-11.9713
-13.4752
-12.901
-13.7266
-12.7561
-11.8481
-13.8665
-13.3616
-13.5839
-3.7106
-10.3498
-13.8167
-12.343
-12.6128
-12.6147
-12.8262
-14.7055
-12.6556
-13.2984
-21.3263
-11.8094
-11.6426
-12.3503
-21.0604
-3.02824
-11.6871
-11.5887
-13.5126
-12.8507
-13.3627
-23.5259
-1.48829
-18.6512
-20.6157
-13.5495
-13.8809
-20.3787
-10.571
0.0442592
-11.0197
-19.2259
-13.0239
-13.2184
-13.3331
-13.0898
-13.487
-13.068
-13.4839
-13.3919
-3.6266
-20.9068
-11.5589
-4.50155
-13.1155
4.95675
-10.8769
-11.804
-6.68544
-13.3123
-11.0693
-12.9349
-11.0347
-13.2613
-13.1672
-13.3181
-8.05415
-12.09
-20.9696
-12.9437
-13.6588
-13.4801
-20.9227
-2.75625
-13.7989
-13.4447
-11.182
-12.9492
-11.4366
5.22926
-12.654
-13.4461
-12.1686
-13.3147
-13.1836
-13.7799
-14.013
-21.1029
-13.363
-12.75
-20.9822
-11.1785
-13.1651
-10.7893
-13.3106
-14.768
-11.5543
-12.495
-12.3179
-10.8476
-10.4448
-11.2658
-10.8323
-13.3804
-12.9213
-9.52085
-10.3016
-21.2086
-21.9544
-21.7733
-4.25107
-12.5681
-14.0348
-13.5337
-13.3955
-21.3995
-14.4261
-14.0134
-13.1353
-11.3489
-9.69989
-11.9606
-13.7019
-12.2476
-13.4257
-5.04364
-12.3933
12.5235
-11.3798
-10.9859
-3.22491
-13.1253
-10.8098
-13.0924
-15.3277
-13.6909
-12.97
10.8188
-11.3881
-14.4082
-12.1131
-13.258
-18.4715
-11.7744
-12.4427
-3.21459
-12.9659
-13.272
-71.1414
-12.4165
-8.60314
-14.2047
-12.1132
-12.6818
-4.22952
-14.2498
-13.6169
-12.8558
-13.7501
-21.9444
-20.9375
-13.112
-22.1954
-13.7609
-12.7591
-12.9797
-1.75583
-21.4704
-21.1654
-13.516
-11.9504
0.0563607
-13.1814
-9.85739
-13.1363
-8.1818
-13.1078
-12.0409
-12.7121
-11.5775
-21.0576
-12.9741
-21.7284
-13.2827
-21.4153
-12.5776
-12.7601
-21.4657
-14.5533
-8.83747
-5.1091
-19.6297
-11.6708
-13.7133
-12.8217
-13.6409
-20.5181
-14.0568
-13.2133
-13.6984
-13.2047
-20.8441
1.93214
-10.2533
-12.4574
-13.2266
-11.1165
-20.6632
-12.0385
-13.6605
-11.4912
-20.2691
-10.3094
-13.1881
-13.3958
-13.2366
-12.5136
-2.22219
-11.5868
-13.7643
-4.80235
-13.4467
-12.0838
-10.6186
-13.2694
-12.9265
-10.5362
-13.72
-13.6165
-12.3101
-9.50467
-12.7327
-13.6191
-13.7903
-3.92446
-12.6547
-12.6887
-12.2955
-14.0952
-13.2174
-13.2447
-13.2809
-11.8272
-20.3199
-14.2174
-13.9641
-10.2603
-13.561
-13.3733
-13.4843
-13.5182
-13.0061
-20.5573
-21.1093
-12.7865
-20.6228
-11.2097
-13.1144
-11.7054
-12.4765
-12.6994
-11.9164
-13.6298
-21.2178
-13.0416
-12.9467
-4.41703
2.41043
-13.997
-19.6943
-11.3057
-13.9782
-14.1128
-1.70079
-13.2392
-3.33026
-21.7512
-13.9182
-13.7423
-28.8011
-13.8513
-12.6202
-21.0928
-13.0301
-13.0308
-11.2718
-20.4244
-13.6242
-28.3729
-20.0959
-12.3513
-13.9213
-12.8856
-21.4475
-12.8406
-11.9932
-13.9028
-12.0427
-13.0569
-12.7641
-18.3812
-13.0172
-17.2747
-13.9691
-9.43019
-7.90357
-12.3567
-13.0754
-13.8202
-12.9291
-21.6121
-13.1671
-13.7638
-20.1206
-20.7191
-11.667
-12.1495
-12.7521
-13.34
-13.18
-19.5839
-12.4685
-13.6065
-12.4341
-12.8086
-13.003
-13.3263
-9.28671
-9.60134
-11.5579
-12.6462
-13.2856
-12.3633
-10.1626
-12.5271
-12.4081
-55.1259
-20.8352
-19.4834
-13.0228
-11.7401
-12.7666
-12.4592
-12.1493
-20.6024
-13.0237
-12.3894
-12.8339
-12.3349
-13.8426
-13.2234
-13.3969
-13.5234
-19.7111
-13.4135
1.27405
-20.7448
-13.5521
-10.1516
-13.4768
-2.31355
-22.0424
-13.1612
-20.012
-67.8138
-11.9
-21.1214
-11.6878
-20.1053
-21.3847
-12.4523
-12.0763
-13.6104
-5.0049
-11.5793
-12.295
-13.6009
-13.7213
-12.1119
-12.3131
-10.9587
-21.6177
-13.5463
-10.4189
-12.8184
-13.7863
-6.59492
-12.0248
-13.6446
-11.7758
-10.7351
-11.6061
-11.8829
-12.0384
-20.9702
-12.9197
-4.81965
-10.1013
-13.7204
-12.1687
-21.5701
-12.8644
-19.3883
-10.0369
-20.8043
-13.6201
-11.8611
-19.1941
-12.8642
-12.6703
-3.29846
-13.6258
-13.4438
-13.0034
-13.5642
-13.1521
-13.2935
-12.7884
-0.927386
-18.1104
-11.7551
-12.7445
-13.3969
-12.4024
3.03296
-7.53105
-11.8353
-8.00775
-18.8501
-12.2543
-13.0717
-21.442
-20.1184
-21.2649
-13.5846
-11.6043
-12.7568
-11.3807
-13.7921
-13.647
-12.3871
-11.286
-14.0123
-28.9568
-13.6624
-13.2744
-13.6711
-21.3809
-13.7247
-21.1633
-21.1157
-21.0784
-11.7312
-20.981
-13.326
-11.0976
-13.3702
-13.2248
-13.8048
