attack_ang_-4.000000	attack_ang_0.000000	attack_ang_4.000000	attack_ang_8.000000	attack_ang_12.000000	attack_ang_14.000000	attack_ang_16.000000	attack_ang_18.000000	attack_ang_20.000000	
attack_ang_decr,attack_ang_stay,attack_ang_incr
0.333333,0.333333,0.333333	0.333333,0.333333,0.333333	0.333333,0.333333,0.333333	0.333333,0.333333,0.333333	0.333333,0.333333,0.333333	0.333333,0.333333,0.333333	0.333333,0.333333,0.333333	0.333333,0.333333,0.333333	0.333333,0.333333,0.333333	
0.333284,0.333877,0.33284	0.35665,0.354782,0.288567	0.391305,0.313375,0.29532	0.364286,0.362153,0.273561	0.381694,0.300652,0.317654	0.336733,0.358818,0.304449	0.365914,0.317324,0.316762	0.341136,0.333352,0.325512	0.335605,0.331656,0.332739	
0.331988,0.332456,0.335556	0.343297,0.353015,0.303689	0.375304,0.316056,0.30864	0.37094,0.38264,0.246419	0.443834,0.297287,0.258878	0.404173,0.337415,0.258413	0.3381,0.2815,0.3804	0.254479,0.356876,0.388645	0.309394,0.344759,0.345847	
0.313795,0.314272,0.371933	0.271667,0.331609,0.396723	0.252541,0.298853,0.448607	0.232743,0.386337,0.38092	0.337271,0.337065,0.325664	0.377077,0.34533,0.277592	0.327988,0.284771,0.387241	0.239377,0.345968,0.414655	0.291602,0.353457,0.354941	
0.320023,0.320714,0.359263	0.296797,0.342081,0.361121	0.306462,0.315018,0.37852	0.313644,0.414124,0.272233	0.420763,0.293922,0.285315	0.374799,0.352162,0.273039	0.356719,0.300174,0.343107	0.292504,0.348873,0.358623	0.32367,0.337954,0.338376	
0.325269,0.32669,0.348041	0.290118,0.317123,0.392759	0.249778,0.307855,0.442366	0.263867,0.408793,0.32734	0.350967,0.299374,0.349658	0.299616,0.346686,0.353698	0.281094,0.308054,0.410851	0.26659,0.368346,0.365064	0.332784,0.333115,0.334101	
0.31951,0.320705,0.359785	0.275769,0.320453,0.403779	0.26195,0.328528,0.409522	0.307472,0.403249,0.289279	0.37107,0.2869,0.34203	0.288095,0.351906,0.359999	0.308557,0.334913,0.356529	0.350431,0.379709,0.26986	0.396887,0.301934,0.301179	
0.323257,0.323872,0.352871	0.29068,0.326919,0.382401	0.291748,0.342886,0.365366	0.340985,0.376479,0.282536	0.356627,0.290252,0.353122	0.282504,0.35179,0.365707	0.305353,0.343583,0.351064	0.368822,0.384055,0.247123	0.414856,0.293157,0.291987	
0.327023,0.327589,0.345388	0.307824,0.331972,0.360205	0.310236,0.336146,0.353618	0.356709,0.396416,0.246874	0.401686,0.278296,0.320018	0.306329,0.3692,0.324471	0.363748,0.351346,0.284906	0.419117,0.349497,0.231386	0.41153,0.294601,0.293869	
0.330946,0.331513,0.337541	0.320615,0.332937,0.346448	0.314974,0.331124,0.353902	0.340073,0.385372,0.274555	0.359744,0.282955,0.357302	0.288259,0.381601,0.33014	0.366812,0.348346,0.284842	0.419384,0.351267,0.229349	0.413568,0.293499,0.292932	
0.319622,0.320252,0.360126	0.281741,0.326893,0.391366	0.27091,0.330742,0.398348	0.290719,0.367125,0.342155	0.276528,0.28358,0.439892	0.242753,0.395988,0.361259	0.345883,0.347265,0.306852	0.393695,0.36082,0.245486	0.40428,0.29786,0.29786	
0.315554,0.315937,0.368509	0.270464,0.328122,0.401414	0.26448,0.328679,0.406842	0.277359,0.360853,0.361788	0.23706,0.263553,0.499387	0.186114,0.391029,0.422856	0.296033,0.353542,0.350426	0.358146,0.372508,0.269347	0.391392,0.30423,0.304378	
0.31353,0.313907,0.372564	0.263595,0.326289,0.410116	0.251746,0.321929,0.426325	0.257837,0.361591,0.380573	0.218021,0.255571,0.526407	0.168215,0.400264,0.431521	0.2761,0.331162,0.392738	0.306034,0.388761,0.305204	0.372679,0.313064,0.314258	
0.311044,0.311251,0.377705	0.253675,0.321697,0.424628	0.234652,0.316063,0.449286	0.236163,0.356159,0.407678	0.185399,0.236491,0.57811	0.12061,0.353804,0.525585	0.181126,0.30642,0.512454	0.215468,0.398373,0.386159	0.32778,0.335222,0.336997	
0.309616,0.309702,0.380682	0.248767,0.319373,0.431861	0.222551,0.302975,0.474474	0.205561,0.338021,0.456418	0.142723,0.213125,0.644152	0.0850738,0.314156,0.60077	0.121722,0.268298,0.609979	0.154427,0.426999,0.418575	0.324296,0.336609,0.339095	
0.309157,0.309255,0.381588	0.246297,0.317333,0.43637	0.216124,0.298246,0.485629	0.192461,0.327489,0.48005	0.122229,0.198827,0.678944	0.0672768,0.285082,0.647641	0.0955388,0.25776,0.646701	0.149074,0.502507,0.348418	0.384703,0.30651,0.308787	
0.305723,0.305713,0.388563	0.23428,0.309805,0.455915	0.199711,0.286634,0.513655	0.17378,0.313305,0.512915	0.10634,0.18672,0.70694	0.0559034,0.258091,0.686005	0.06968,0.228565,0.701755	0.117637,0.597103,0.285259	0.429612,0.284671,0.285717	
0.302884,0.302872,0.394244	0.227578,0.305243,0.467179	0.192126,0.278303,0.529571	0.165936,0.305505,0.52856	0.101832,0.182073,0.716095	0.0503943,0.239141,0.710465	0.0510497,0.193513,0.755438	0.0705403,0.516837,0.412623	0.329488,0.335897,0.334615	
0.300501,0.300477,0.399022	0.21944,0.298157,0.482403	0.186236,0.273195,0.540569	0.161782,0.299588,0.53863	0.099424,0.179184,0.721392	0.0488345,0.234564,0.716601	0.0478072,0.181951,0.770242	0.0500574,0.474271,0.475672	0.272166,0.362819,0.365015	
0.295284,0.295249,0.409467	0.209149,0.291222,0.499629	0.174712,0.266129,0.559159	0.154371,0.293553,0.552076	0.0966234,0.17639,0.726986	0.0476093,0.231121,0.72127	0.0472557,0.182884,0.76986	0.0514067,0.538765,0.409829	0.308473,0.343763,0.347764	
0.291441,0.291422,0.417137	0.200845,0.284945,0.514209	0.169809,0.260989,0.569202	0.151881,0.289151,0.558968	0.0960341,0.175084,0.728882	0.0469761,0.229456,0.723568	0.0463184,0.179333,0.774348	0.0440085,0.513232,0.44276	0.268163,0.362523,0.369314	
0.289897,0.289877,0.420226	0.196918,0.282045,0.521037	0.167275,0.258492,0.574233	0.149967,0.286196,0.563836	0.0947177,0.1738,0.731483	0.046344,0.22761,0.726046	0.04637,0.180542,0.773088	0.042881,0.522047,0.435072	0.261318,0.364613,0.374069	
0.288647,0.288628,0.422724	0.192867,0.276629,0.530504	0.162321,0.254999,0.582679	0.147804,0.284139,0.568057	0.0944894,0.173316,0.732195	0.0462589,0.22735,0.726391	0.0477446,0.184665,0.76759	0.0424523,0.549994,0.407554	0.27188,0.359066,0.369054	
0.285556,0.285537,0.428908	0.188669,0.274197,0.537134	0.160171,0.252522,0.587307	0.14591,0.282151,0.571939	0.0940865,0.172832,0.733082	0.0460697,0.226547,0.727384	0.0488324,0.188241,0.762926	0.0434064,0.58853,0.368064	0.289447,0.34944,0.361113	
0.284815,0.284796,0.43039	0.187636,0.272328,0.540037	0.157057,0.250955,0.591989	0.144965,0.28112,0.573915	0.093789,0.172627,0.733584	0.0449889,0.217955,0.737056	0.0422578,0.174938,0.782804	0.0329144,0.684105,0.282981	0.33878,0.325792,0.335428	
0.283933,0.283915,0.432152	0.186199,0.26971,0.544091	0.155342,0.248638,0.596021	0.144352,0.27948,0.576168	0.093334,0.171991,0.734675	0.0449435,0.218351,0.736706	0.0439816,0.180491,0.775527	0.0284245,0.807689,0.163886	0.43913,0.277718,0.283152	
0.279108,0.27909,0.441803	0.181768,0.26721,0.551022	0.151928,0.246032,0.602041	0.142794,0.278514,0.578692	0.0932206,0.172072,0.734707	0.0451661,0.219594,0.73524	0.0465736,0.188269,0.765158	0.0271727,0.838935,0.133892	0.468079,0.262988,0.268933	
0.275478,0.275825,0.448698	0.174155,0.26408,0.561765	0.149317,0.244277,0.606406	0.141989,0.278271,0.57974	0.0932096,0.172284,0.734506	0.0453389,0.220607,0.734054	0.0472831,0.187261,0.765456	0.0238469,0.847817,0.128336	0.467693,0.263225,0.269082	
0.275031,0.275377,0.449592	0.172871,0.263247,0.563881	0.148717,0.24306,0.608224	0.140905,0.277999,0.581096	0.0931873,0.1723,0.734513	0.0453881,0.22086,0.733752	0.0469955,0.184206,0.768798	0.0183881,0.88849,0.0931223	0.499292,0.246917,0.253791	
0.271955,0.272258,0.455787	0.16783,0.259658,0.572512	0.146217,0.241651,0.612131	0.140556,0.277866,0.581578	0.0931143,0.172234,0.734652	0.0453569,0.220833,0.73381	0.0474078,0.186921,0.765671	0.015421,0.925428,0.059151	0.54764,0.223168,0.229192	
0.269434,0.269732,0.460834	0.16489,0.256796,0.578314	0.143237,0.239872,0.616891	0.13958,0.277396,0.583023	0.0929967,0.172397,0.734607	0.0453831,0.220984,0.733633	0.0470922,0.183603,0.769305	0.0139038,0.923355,0.0627409	0.535211,0.229302,0.235487	
0.267202,0.267445,0.465353	0.161869,0.254796,0.583335	0.142354,0.238966,0.618681	0.139324,0.277188,0.583487	0.09298,0.172357,0.734663	0.045384,0.220959,0.733657	0.0474302,0.185216,0.767354	0.0124625,0.938748,0.0487896	0.558047,0.218325,0.223629	
0.264566,0.264794,0.47064	0.157013,0.252079,0.590909	0.139695,0.237311,0.622994	0.138631,0.276807,0.584562	0.0929094,0.172375,0.734716	0.0453992,0.221133,0.733468	0.0470787,0.181462,0.771459	0.0108767,0.940144,0.0489792	0.548819,0.222673,0.228508	
0.263956,0.264182,0.471862	0.155855,0.250787,0.593358	0.138751,0.236341,0.624908	0.138028,0.276526,0.585446	0.0928436,0.172303,0.734854	0.0453819,0.221029,0.733589	0.0472449,0.182624,0.770131	0.0112526,0.935971,0.0527759	0.541436,0.226493,0.232071	
0.263956,0.264182,0.471862	0.155418,0.24987,0.594712	0.137919,0.235521,0.626559	0.137627,0.276441,0.585932	0.092806,0.172252,0.734942	0.045327,0.220702,0.733971	0.0472946,0.183747,0.768958	0.00980344,0.951546,0.038651	0.568376,0.213719,0.217905	
0.261695,0.261916,0.476388	0.152618,0.24749,0.599892	0.135861,0.234744,0.629395	0.137263,0.276178,0.586559	0.0927595,0.172212,0.735028	0.045281,0.220472,0.734247	0.0475371,0.185538,0.766925	0.0100503,0.950516,0.0394334	0.56787,0.214108,0.218022	
0.261695,0.261916,0.476388	0.152365,0.246953,0.600682	0.135582,0.234102,0.630315	0.136843,0.275835,0.587322	0.0926726,0.172087,0.73524	0.0452473,0.220254,0.734498	0.0477401,0.186991,0.765269	0.0112803,0.93919,0.0495292	0.547891,0.223708,0.228401	
0.260721,0.260961,0.478318	0.151168,0.245558,0.603274	0.134685,0.233065,0.63225	0.13577,0.275426,0.588804	0.0925462,0.171997,0.735456	0.0452909,0.220845,0.733865	0.0475735,0.184121,0.768306	0.0094665,0.948429,0.0421048	0.557175,0.218993,0.223832	
0.258599,0.258835,0.482566	0.147458,0.243272,0.609271	0.133525,0.232167,0.634308	0.135566,0.274936,0.589497	0.0924474,0.171816,0.735736	0.0452607,0.220762,0.733978	0.0476044,0.184608,0.767788	0.0106905,0.9334,0.0559097	0.529824,0.232353,0.237822	
0.256685,0.256919,0.486396	0.144775,0.241815,0.61341	0.132994,0.231744,0.635262	0.135477,0.274667,0.589856	0.0923875,0.171674,0.735939	0.0452243,0.220588,0.734188	0.0476235,0.185308,0.767068	0.011429,0.924157,0.064414	0.515536,0.239393,0.24507	
0.255441,0.255673,0.488886	0.142969,0.240119,0.616912	0.132277,0.230831,0.636893	0.13488,0.274207,0.590912	0.0922513,0.171525,0.736224	0.0451711,0.220499,0.73433	0.0478466,0.18653,0.765623	0.0108088,0.933588,0.0556032	0.531251,0.231864,0.236885	
0.254317,0.254547,0.491136	0.141115,0.238087,0.620797	0.13032,0.229991,0.639689	0.13438,0.273713,0.591907	0.0921549,0.171371,0.736474	0.045147,0.220513,0.73434	0.0480958,0.187776,0.764129	0.0107412,0.936105,0.0531543	0.535961,0.229536,0.234503	
0.254136,0.254366,0.491498	0.140839,0.237479,0.621682	0.129616,0.229366,0.641018	0.133891,0.273345,0.592764	0.0920179,0.171255,0.736727	0.045124,0.220422,0.734454	0.0482967,0.188863,0.762841	0.011359,0.929785,0.0588564	0.525393,0.234923,0.239684	
0.253624,0.253854,0.492523	0.140594,0.236935,0.622471	0.129226,0.228943,0.641832	0.133653,0.273137,0.59321	0.0919398,0.171115,0.736945	0.0450581,0.220153,0.734789	0.0483025,0.189595,0.762103	0.0119986,0.922308,0.0656935	0.515078,0.239859,0.245063	
0.252789,0.253079,0.494132	0.13932,0.235753,0.624927	0.128267,0.228287,0.643446	0.133326,0.273017,0.593657	0.0918202,0.170962,0.737218	0.0450105,0.219925,0.735064	0.0482742,0.190226,0.7615	0.0129361,0.911093,0.0759706	0.500199,0.247376,0.252425	
0.252483,0.252772,0.494745	0.138898,0.235374,0.625728	0.127955,0.227954,0.644091	0.133057,0.272781,0.594162	0.0917612,0.170834,0.737404	0.0449821,0.219988,0.73503	0.0483839,0.191263,0.760353	0.0128648,0.914655,0.0724799	0.506385,0.244743,0.248872	
0.251627,0.251914,0.496459	0.137791,0.23445,0.627759	0.127311,0.227229,0.64546	0.132484,0.272522,0.594995	0.091646,0.170696,0.737658	0.0449229,0.219896,0.735181	0.0484645,0.192152,0.759383	0.0137961,0.903574,0.08263	0.491407,0.251841,0.256752	
0.251108,0.251395,0.497498	0.137423,0.234109,0.628467	0.127192,0.22695,0.645857	0.132239,0.272091,0.59567	0.0914516,0.170511,0.738038	0.0448949,0.219888,0.735217	0.0481744,0.189743,0.762082	0.0124766,0.91145,0.0760729	0.496761,0.249289,0.25395	
0.250858,0.251144,0.497997	0.136818,0.233253,0.629929	0.126329,0.226539,0.647131	0.132211,0.272242,0.595546	0.0913864,0.170318,0.738296	0.0448119,0.219577,0.735612	0.0476145,0.186972,0.765414	0.0118372,0.909311,0.078852	0.488695,0.253319,0.257987	
0.250733,0.251019,0.498248	0.136665,0.232906,0.630429	0.126253,0.226355,0.647392	0.132256,0.272409,0.595335	0.0913252,0.169993,0.738681	0.0446715,0.218821,0.736507	0.0470658,0.186155,0.766779	0.0114969,0.912243,0.0762602	0.490895,0.25227,0.256834	
0.250612,0.250898,0.49849	0.136307,0.232564,0.631128	0.126036,0.226134,0.64783	0.132266,0.272452,0.595281	0.0911161,0.169489,0.739395	0.0443468,0.218127,0.737526	0.0468015,0.186149,0.76705	0.0122403,0.900648,0.0871112	0.476748,0.259249,0.264003	
0.25004,0.250321,0.499639	0.135504,0.232003,0.632493	0.125523,0.225741,0.648737	0.132109,0.272575,0.595317	0.0909941,0.169154,0.739852	0.0441753,0.217626,0.738198	0.046616,0.186242,0.767142	0.012332,0.899866,0.0878023	0.475716,0.260086,0.264198	
0.249707,0.249988,0.500306	0.135243,0.231425,0.633331	0.125196,0.225475,0.649329	0.132011,0.272512,0.595477	0.090841,0.168819,0.74034	0.0441011,0.217528,0.738371	0.0459269,0.181749,0.772324	0.0110983,0.899507,0.0893949	0.467335,0.264231,0.268434	
0.249596,0.249877,0.500526	0.135093,0.231094,0.633813	0.125011,0.22528,0.649709	0.131937,0.27249,0.595573	0.0907431,0.16858,0.740677	0.0440341,0.2171,0.738866	0.0457098,0.181693,0.772597	0.0103266,0.914213,0.0754601	0.487017,0.254659,0.258325	
0.248957,0.249236,0.501807	0.134605,0.23038,0.635016	0.12449,0.224956,0.650554	0.13183,0.272298,0.595872	0.0906191,0.168317,0.741064	0.0439769,0.217071,0.738952	0.0453421,0.178917,0.775741	0.00973506,0.911637,0.0786278	0.47792,0.258963,0.263117	
0.248229,0.248508,0.503263	0.133869,0.22948,0.636651	0.123831,0.224389,0.65178	0.131452,0.271944,0.596604	0.0904608,0.167998,0.741541	0.043882,0.216878,0.73924	0.0451571,0.178207,0.776636	0.00979161,0.907412,0.0827967	0.471258,0.262173,0.266569	
0.247829,0.248107,0.504064	0.133728,0.22916,0.637112	0.123612,0.224102,0.652286	0.131187,0.271661,0.597151	0.0903369,0.167807,0.741856	0.0438258,0.21674,0.739434	0.0451268,0.178341,0.776533	0.0100052,0.903628,0.0863668	0.466044,0.264742,0.269214	
0.247635,0.247912,0.504452	0.133444,0.228873,0.637683	0.123377,0.223926,0.652698	0.13108,0.271376,0.597544	0.0901848,0.167595,0.74222	0.043743,0.21648,0.739777	0.0450866,0.178503,0.77641	0.00971911,0.909879,0.0804024	0.474117,0.260868,0.265015	
0.247354,0.24763,0.505016	0.133313,0.228574,0.638113	0.123061,0.223693,0.653246	0.130926,0.271229,0.597846	0.090105,0.167447,0.742448	0.0436592,0.216264,0.740077	0.0450535,0.178847,0.776099	0.00966595,0.912438,0.077896	0.478353,0.258704,0.262942	
0.24708,0.247356,0.505565	0.133168,0.228247,0.638584	0.12288,0.223452,0.653668	0.130661,0.270951,0.598388	0.0899992,0.167269,0.742732	0.0436316,0.216136,0.740233	0.0450473,0.179107,0.775846	0.0096216,0.914339,0.0760392	0.48157,0.25705,0.26138	
0.246378,0.246675,0.506948	0.132316,0.227575,0.640109	0.12235,0.223196,0.654454	0.130489,0.270687,0.598824	0.0898892,0.16709,0.743021	0.0435957,0.216191,0.740213	0.0449649,0.178027,0.777008	0.00961206,0.908726,0.0816624	0.471194,0.262197,0.266608	
0.24621,0.246507,0.507283	0.131964,0.227392,0.640644	0.122231,0.22305,0.654719	0.13035,0.270664,0.598986	0.0898503,0.166995,0.743155	0.0435657,0.216144,0.74029	0.0447478,0.176532,0.77872	0.00856005,0.922196,0.069244	0.487525,0.254199,0.258276	
0.24595,0.246264,0.507786	0.131551,0.227027,0.641422	0.12186,0.22276,0.65538	0.130142,0.27043,0.599428	0.0897347,0.166846,0.743419	0.043526,0.216004,0.74047	0.0447382,0.176694,0.778567	0.00845449,0.924501,0.0670449	0.491515,0.252289,0.256195	
0.245712,0.246026,0.508261	0.131237,0.226602,0.642161	0.121527,0.222538,0.655935	0.130052,0.270242,0.599706	0.0896432,0.166695,0.743662	0.0434949,0.215974,0.740531	0.0445495,0.175271,0.78018	0.00788997,0.929253,0.0628569	0.49643,0.249863,0.253707	
0.245186,0.245485,0.509329	0.130591,0.226231,0.643178	0.121365,0.22227,0.656365	0.129909,0.270016,0.600075	0.0895725,0.166562,0.743865	0.0434651,0.215872,0.740662	0.0445614,0.175572,0.779866	0.00795556,0.928946,0.0630984	0.496189,0.249922,0.253889	
0.244822,0.245119,0.510059	0.130443,0.225889,0.643668	0.12124,0.221972,0.656787	0.12966,0.26979,0.60055	0.0894976,0.16642,0.744083	0.0434278,0.215793,0.740779	0.044547,0.175733,0.77972	0.00742612,0.93852,0.0540538	0.512683,0.241746,0.245571	
0.244679,0.244977,0.510344	0.130346,0.22567,0.643985	0.12107,0.221842,0.657088	0.129578,0.269668,0.600754	0.0894569,0.166357,0.744187	0.0434103,0.215773,0.740816	0.0445624,0.175967,0.77947	0.00724777,0.941931,0.0508215	0.518941,0.238744,0.242315	
0.244643,0.244918,0.51044	0.130198,0.225574,0.644228	0.120962,0.221701,0.657336	0.129454,0.269472,0.601074	0.0893538,0.166232,0.744414	0.0433718,0.215703,0.740925	0.0446035,0.176306,0.77909	0.00760241,0.936884,0.0555133	0.510053,0.243033,0.246914	
0.244438,0.244712,0.51085	0.130018,0.225409,0.644573	0.120873,0.221614,0.657513	0.129402,0.269349,0.601249	0.0893084,0.166163,0.744529	0.0433626,0.215694,0.740944	0.044638,0.17656,0.778802	0.00742257,0.940428,0.0521494	0.516518,0.239886,0.243595	
0.244304,0.244578,0.511117	0.129712,0.225203,0.645085	0.12078,0.221506,0.657713	0.129316,0.269182,0.601502	0.0892253,0.166063,0.744712	0.0433593,0.215682,0.740958	0.0446858,0.176878,0.778436	0.00778753,0.935075,0.0571372	0.50729,0.244303,0.248407	
0.244044,0.244318,0.511638	0.129451,0.224839,0.645711	0.12052,0.221246,0.658234	0.129133,0.268946,0.601921	0.0891646,0.165959,0.744876	0.0433554,0.215872,0.740772	0.0445455,0.175356,0.780098	0.00744274,0.935386,0.0571715	0.504429,0.245792,0.249778	
0.243539,0.243823,0.512638	0.128698,0.224453,0.646849	0.120317,0.221003,0.65868	0.128932,0.268773,0.602295	0.0890986,0.165867,0.745034	0.0433365,0.215871,0.740792	0.0444603,0.174568,0.780972	0.00684046,0.943286,0.049874	0.517032,0.239732,0.243236	
0.24342,0.243704,0.512876	0.128638,0.224323,0.64704	0.120164,0.220893,0.658943	0.128832,0.268696,0.602472	0.0890798,0.165823,0.745097	0.0433202,0.215798,0.740882	0.0444976,0.17494,0.780562	0.00697979,0.941783,0.0512376	0.514906,0.240793,0.244301	
0.243245,0.243528,0.513227	0.128449,0.224102,0.647449	0.12,0.220739,0.659261	0.128678,0.268507,0.602815	0.0890129,0.165782,0.745205	0.0433057,0.215744,0.74095	0.0445048,0.17508,0.780415	0.00680829,0.944955,0.048237	0.52098,0.237756,0.241264	
0.243131,0.243414,0.513455	0.128294,0.223955,0.64775	0.119939,0.220588,0.659473	0.12857,0.268335,0.603096	0.0889673,0.165741,0.745292	0.0432962,0.215703,0.741	0.0445217,0.175259,0.78022	0.00677389,0.945973,0.0472531	0.523619,0.23648,0.239901	
0.242907,0.24319,0.513902	0.128128,0.223779,0.648093	0.11977,0.220456,0.659774	0.128437,0.268165,0.603398	0.0889299,0.165696,0.745374	0.043292,0.21579,0.740918	0.0444066,0.174273,0.781321	0.00656749,0.946317,0.0471155	0.522102,0.237168,0.240731	
0.242742,0.243025,0.514233	0.127923,0.223508,0.648569	0.119561,0.220294,0.660144	0.128337,0.268063,0.6036	0.0888919,0.165645,0.745463	0.0432815,0.215732,0.740987	0.0444209,0.174454,0.781125	0.00653269,0.947182,0.0462854	0.524019,0.236238,0.239743	
0.242742,0.243025,0.514233	0.127846,0.223328,0.648826	0.11946,0.220159,0.660381	0.128246,0.26788,0.603875	0.0888226,0.165573,0.745604	0.0432642,0.215701,0.741035	0.0444594,0.174706,0.780835	0.00678392,0.943498,0.0497183	0.517276,0.239494,0.24323	
0.242314,0.242596,0.51509	0.127467,0.223038,0.649495	0.11934,0.219984,0.660676	0.128162,0.2677,0.604138	0.0887988,0.165527,0.745674	0.0432543,0.215699,0.741046	0.0444774,0.174861,0.780661	0.00675419,0.944293,0.0489524	0.519056,0.238665,0.242278	
0.242108,0.242389,0.515502	0.127302,0.222843,0.649855	0.119246,0.219847,0.660907	0.128071,0.267501,0.604427	0.0887333,0.165483,0.745784	0.0432504,0.215696,0.741054	0.0445007,0.175034,0.780465	0.00658779,0.947435,0.0459776	0.525639,0.235398,0.238963	
0.242006,0.242287,0.515706	0.127089,0.222537,0.650373	0.119026,0.219632,0.661342	0.127929,0.267365,0.604706	0.0887007,0.165428,0.745871	0.043236,0.215659,0.741105	0.044517,0.175187,0.780296	0.00641822,0.950452,0.04313	0.532177,0.23219,0.235633	
0.241855,0.242136,0.516008	0.126855,0.222364,0.65078	0.118882,0.219499,0.661619	0.12783,0.26721,0.60496	0.088664,0.165381,0.745955	0.0432334,0.215641,0.741125	0.0445508,0.175353,0.780096	0.00635982,0.951699,0.0419414	0.534965,0.230872,0.234162	
0.241419,0.241699,0.516883	0.126234,0.22199,0.651776	0.118674,0.219299,0.662028	0.127755,0.267072,0.605172	0.0886328,0.16534,0.746027	0.0432364,0.21572,0.741043	0.0444785,0.174543,0.780978	0.00631664,0.950147,0.0435367	0.529982,0.233294,0.236723	
0.241049,0.241328,0.517623	0.125748,0.221694,0.652558	0.118546,0.219078,0.662376	0.127624,0.266867,0.605509	0.0885937,0.165297,0.74611	0.0432328,0.215731,0.741036	0.0445088,0.174706,0.780785	0.00626683,0.951101,0.0426326	0.531996,0.232279,0.235724	
0.240819,0.241109,0.518072	0.125462,0.221494,0.653044	0.118361,0.218937,0.662702	0.127464,0.266768,0.605768	0.0885427,0.165256,0.746201	0.0432299,0.215742,0.741028	0.0445408,0.174864,0.780595	0.00598537,0.955598,0.038417	0.541818,0.227385,0.230796	
0.240733,0.241023,0.518244	0.125416,0.221385,0.653199	0.118285,0.218858,0.662857	0.127409,0.266671,0.60592	0.0885097,0.165218,0.746272	0.0432311,0.215773,0.740996	0.0445994,0.175169,0.780232	0.0060497,0.955185,0.0387653	0.541016,0.227855,0.231129	
0.240733,0.241023,0.518244	0.125337,0.221207,0.653456	0.118104,0.218713,0.663183	0.127351,0.266561,0.606088	0.088497,0.165191,0.746312	0.0432321,0.215801,0.740967	0.0446352,0.175361,0.780003	0.00624321,0.952752,0.0410044	0.536347,0.230288,0.233365	
0.240645,0.240935,0.518421	0.125223,0.221099,0.653678	0.11797,0.218577,0.663453	0.127276,0.26647,0.606255	0.0884696,0.165151,0.74638	0.0432333,0.215845,0.740922	0.0446894,0.175585,0.779725	0.00631975,0.952044,0.0416362	0.535119,0.230891,0.23399	
0.240433,0.240723,0.518844	0.125054,0.220858,0.654088	0.117816,0.218392,0.663792	0.127195,0.266383,0.606423	0.0884538,0.165117,0.74643	0.0432312,0.215882,0.740887	0.0447462,0.175835,0.779419	0.00651353,0.949572,0.0439144	0.530435,0.233195,0.23637	
0.240266,0.240556,0.519178	0.124887,0.220621,0.654491	0.117731,0.218178,0.664091	0.127048,0.266195,0.606756	0.0884042,0.165078,0.746518	0.0432258,0.215894,0.74088	0.0447977,0.176021,0.779181	0.00635349,0.952242,0.0414044	0.536189,0.230418,0.233393	
0.240143,0.240432,0.519426	0.124836,0.220499,0.654665	0.117642,0.218059,0.664299	0.126964,0.266072,0.606964	0.088377,0.165063,0.74656	0.0432251,0.215902,0.740873	0.0448354,0.176241,0.778924	0.00640714,0.951746,0.0418467	0.535321,0.230865,0.233814	
0.24002,0.240309,0.519671	0.124714,0.220364,0.654921	0.11758,0.218008,0.664412	0.126938,0.266,0.607062	0.0883664,0.165061,0.746572	0.043224,0.21591,0.740866	0.0448858,0.176452,0.778662	0.00646981,0.95114,0.0423905	0.534173,0.231434,0.234393	
0.23994,0.240229,0.519832	0.124653,0.22022,0.655127	0.117457,0.217875,0.664669	0.126878,0.265874,0.607248	0.0883384,0.165034,0.746628	0.0432224,0.21593,0.740847	0.0449362,0.176678,0.778386	0.00666045,0.948677,0.0446628	0.529519,0.233733,0.236748	
0.239781,0.240069,0.520149	0.124485,0.220119,0.655396	0.117388,0.217788,0.664824	0.126808,0.265797,0.607395	0.0882996,0.164995,0.746706	0.0432243,0.216016,0.74076	0.0449888,0.176867,0.778144	0.00674064,0.947911,0.0453481	0.528381,0.234347,0.237272	
0.239588,0.239876,0.520536	0.124263,0.219881,0.655856	0.117192,0.217658,0.66515	0.126729,0.265675,0.607597	0.0882647,0.164969,0.746766	0.0432261,0.216075,0.740699	0.0450394,0.177085,0.777876	0.00682439,0.947049,0.0461262	0.526764,0.235065,0.238171	
0.239322,0.23961,0.521068	0.124103,0.219645,0.656252	0.117088,0.217491,0.665421	0.126649,0.265576,0.607775	0.0882448,0.164935,0.74682	0.043228,0.216113,0.740659	0.0450821,0.177273,0.777645	0.00681481,0.94758,0.0456052	0.527905,0.234439,0.237656	
0.239172,0.23946,0.521368	0.12403,0.219473,0.656498	0.116967,0.217363,0.66567	0.126553,0.265434,0.608013	0.0882164,0.164941,0.746842	0.0432265,0.21611,0.740663	0.0451204,0.177439,0.777441	0.00689893,0.94664,0.0464615	0.526135,0.235283,0.238582	
0.239061,0.239348,0.521591	0.123911,0.219332,0.656757	0.11689,0.217265,0.665845	0.126456,0.265294,0.60825	0.0881945,0.164924,0.746881	0.0432265,0.216128,0.740645	0.0451722,0.177692,0.777136	0.00710388,0.943972,0.0489238	0.521309,0.237704,0.240987	
0.238735,0.239036,0.52223	0.12346,0.219053,0.657487	0.116715,0.217141,0.666144	0.126399,0.265223,0.608378	0.0881821,0.164914,0.746904	0.0432259,0.216151,0.740623	0.0452124,0.177891,0.776897	0.00709781,0.944496,0.0484062	0.522405,0.237209,0.240386	
0.238665,0.238966,0.522369	0.123295,0.218922,0.657784	0.116623,0.216991,0.666386	0.126272,0.265134,0.608594	0.0881626,0.164911,0.746926	0.043227,0.216186,0.740587	0.045275,0.178185,0.77654	0.0072219,0.943202,0.0495763	0.520478,0.238134,0.241389	
