63.2059
79.2961
117.093
114.306
75.6103
57.1826
45.6378
55.7884
10.9489
40.9166
46.4278
52.9928
46.8918
37.8542
38.553
31.1664
57.5701
34.3793
29.2231
41.8535
34.5285
76.4717
60.8219
97.9745
139.342
138.095
102.627
69.8362
56.5178
75.0661
71.3776
56.052
53.7158
55.0161
46.3642
38.4249
30.1878
60.8238
40.6442
45.8711
32.2925
43.6731
63.0218
50.7946
70.6975
90.4632
108.363
99.8622
105.008
79.7067
72.3509
85.8737
93.8726
83.8641
95.6943
96.7568
109.69
97.8111
105.905
84.8825
95.3899
110.494
124.657
141.64
124.572
118.914
136.121
132.839
112.309
106.418
81.4865
55.7507
46.2717
63.8669
68.255
57.1397
47.0357
45.1115
23.9387
58.21
68.3714
65.4015
62.4081
69.9195
41.0488
48.085
61.4136
41.7598
79.6504
92.2155
79.6106
55.313
111.284
93.9544
80.6397
91.3727
83.7576
97.0538
112.097
119.108
112.381
101.621
80.1422
46.2278
65.1953
56.5264
37.5144
55.5718
37.4739
78.0808
75.9743
91.3374
98.4457
103.197
116.884
103.83
114.326
131.495
104.325
53.3741
73.0215
94.4338
79.6217
76.3238
42.7605
56.9745
77.847
75.981
93.4956
95.5007
100.507
78.309
103.993
90.0931
84.5154
87.7309
76.9895
44.4269
71.8299
71.935
95.0146
94.7132
100.42
79.9271
91.9054
83.8362
72.5136
76.3137
89.3158
69.354
56.154
68.8451
47.5282
53.9749
38.2146
46.3049
38.1204
54.0009
58.8066
50.761
46.2473
9.94044
49.7815
52.4621
35.8276
60.6635
26.255
49.4763
51.8415
67.5239
69.8883
53.7556
55.0875
49.6856
59.9853
68.3075
48.6004
39.7576
65.4472
54.4982
64.2431
69.9866
81.1051
66.9495
36.8992
41.4888
70.6762
62.0565
66.9111
78.0212
90.6329
64.2137
83.0552
92.1003
85.6892
77.6941
86.8052
55.1273
81.5118
90.0477
53.0121
90.6469
69.9643
96.4784
85.092
99.0297
114.623
107.692
107.565
102.782
92.5412
108.677
116.99
105.332
115.066
105.281
135.99
106.289
130.291
125.234
119.13
125.662
131.257
113.711
133.454
142.407
138.828
139.06
139.121
142.223
134.657
140.142
107.837
143.215
139.875
150.066
141.785
119.813
115.946
150.447
154.637
146.618
169.39
152.904
160.576
138.293
172.779
138.422
164.796
163.851
173.391
175.958
167.348
182.347
188.438
178.404
184.602
194.734
185.924
188.937
190.237
195.142
199.848
195.704
201.479
196.425
196.667
201.427
193.715
200.974
197.189
196.019
203.051
204.251
201.724
204.061
204.185
202.482
202.699
173.094
200.905
205.962
204.536
205.188
204.052
206.749
207.593
205.523
206.474
196.442
204.567
203.762
205.518
206.595
205.126
205.223
206.443
206.444
205.025
204.453
202.927
170.099
203.452
201.367
204.698
205.355
164.66
201.987
200.893
203.354
204.943
206.824
203.947
202.149
205.609
204.672
205.873
200.034
203.745
205.564
205.606
204.494
206.39
202.976
205.483
206.805
206.308
207.006
206.674
205.477
207.658
206.342
175.604
207.484
208.376
205.376
208.611
189.307
209.082
207.897
208.339
210.055
187.741
206.211
209.258
208.791
208.758
208.803
209.081
208.919
208.04
209.918
206.376
209.106
209.599
210.257
210.356
210.011
205.207
208.472
209.252
203.927
198.212
206.007
208.388
210.502
210.747
210.417
210.621
210.242
209.716
209.774
190.922
210.53
207.618
209.709
209.803
208.826
204.622
209.456
209.217
207.814
209.853
209.141
209.701
205.468
207.929
209.737
209.206
209.378
197.635
210.386
210.145
209.414
208.516
210.445
207.304
210.674
208.532
209.29
210.355
210.797
210.692
210.855
209.743
210.224
209.066
208.944
209.347
210.502
211.34
201.36
210.787
209.936
211.26
207.867
210.969
210.696
210.839
210.491
210.803
210.702
209.811
210.266
210.411
210.593
210.351
210.987
209.384
210.832
210.237
210.602
210.502
204.948
209.695
208.633
210.71
211.033
204.29
210.194
210.702
210.379
210.316
210.915
209.724
210.944
209.764
210.59
210.439
210.391
209.977
210.688
210.39
210.771
210.518
208.727
210.097
199.545
210.186
209.468
205.566
209.762
209.722
209.522
210.376
210.025
209.818
209.762
209.566
209.462
209.178
207.427
209.1
209.253
208.891
208.923
205.363
209.028
209.133
208.38
207.351
208.046
207.606
207.533
206.483
205.937
206.597
207.392
207.102
206.91
204.725
206.602
206.435
206.798
203.769
206.56
207.249
206.061
205.811
206.496
205.93
204.321
201.322
206.092
202.195
205.942
205.821
206.256
185.292
203.353
205.799
203.433
205.427
205.689
205.394
204.617
204.353
204.912
205.058
202.891
205.029
164.265
205.065
203.53
205.426
203.741
205.732
205.778
204.852
205.519
205.762
204.741
204.69
204.264
205.985
204.849
168.605
201.723
205.535
205.268
203.44
205.507
205.791
205.593
201.593
205.109
203.75
204.903
204.809
204.513
204.803
204.633
203.715
204.186
204.412
204.075
200.499
204.118
204.279
204.517
204.335
203.637
204.722
204.087
203.64
200.247
202.071
181.997
203.156
203.57
203.764
203.31
201.985
203.386
200.67
203.548
203.004
202.699
195.343
201.982
202.296
203.202
201.037
201.491
200.992
199.513
202.551
202.92
202.884
203.435
202.693
202.637
203.265
202.971
196.158
200.827
201.742
193.752
203.002
203.122
201.333
202.827
203.574
203.637
188.911
202.986
202.812
202.468
202.581
203.615
202.697
202.494
202.649
202.512
202.649
203.082
202.608
200.436
201.643
203.032
202.074
196.863
203.335
203.623
184.667
202.967
195.124
202.48
202.379
199.211
203.064
198.245
202.686
202.997
202.438
202.874
201.475
202.984
202.556
200.901
202.162
202.829
199.715
201.835
202.995
203.223
202.556
202.604
200.404
203.158
202.758
202.784
203.12
203.184
202.853
198.922
203.031
203.051
203.04
203.496
200.631
202.563
202.615
202.513
198.681
202.798
199.723
202.802
202.592
202.235
202.653
202.549
202.57
202.397
202.84
202.293
202.706
202.193
202.557
202.128
202.685
202.548
202.449
202.295
202.786
202.304
201.813
201.218
201.395
202.127
180.978
202.244
183.435
202.547
198.698
202.733
202.763
202.601
202.037
202.658
202.546
202.195
202.423
202.38
202.425
201.651
202.524
202.447
202.98
202.5
201.027
202.939
202.72
201.393
203.308
202.358
202.168
202.748
202.862
203.334
203.168
201.588
200.253
186.359
203.161
203.007
201.845
200.114
202.84
202.753
202.926
202.59
202.788
202.458
200.376
203.075
202.611
202.992
202.2
200
201.453
200.818
202.768
202.869
198.213
186.092
202.976
202.459
202.557
201.942
202.449
203.057
193.834
202.11
202.533
202.442
203.176
201.486
203.8
202.065
202.832
203.351
203.566
193.127
203.273
203.345
203.212
203.509
203.713
203.694
203.114
203.04
203.206
203.772
200.525
200.174
203.505
203.643
173.813
203.369
201.409
203.571
198.715
202.287
201.265
203.542
202.397
203.713
202.817
202.66
203.201
201.787
203.074
203.521
202.075
189.863
202.399
203.049
203.359
200.323
203.395
185.236
202.921
199.971
201.864
202.414
203.336
202.663
203.127
201.557
202.657
202.014
196.44
203.225
203.502
202.048
202.204
203.338
203.052
198.783
201.359
202.628
202.011
199.659
203.08
203.046
201.874
203.007
203.573
197.918
202.943
203.411
203.515
203.661
203.135
202.771
203.26
203.255
202.613
203.289
200.363
203.77
203.357
203.699
203.502
201.012
203.281
202.609
203.64
203.302
203.382
202.24
202.291
203.315
203.115
197.928
203.471
203.474
203.377
203.222
203.577
203.361
203.819
203.814
200.091
204.336
203.152
202.369
203.83
203.84
204.046
202.964
204.172
204.522
203.983
201.631
201.578
204.021
201.644
193.089
200.318
203.367
204.148
203.929
203.622
203.917
203.268
203.764
203.763
204.245
199.793
203.614
204.449
203.675
203.918
203.348
203.052
203.962
203.863
203.413
203.749
203.482
197.736
202.688
202.374
200.295
203.759
204.213
203.16
204.036
191.921
201.538
200.506
203.81
203.003
203.562
204.251
203.828
200.146
203.608
204.099
204.012
203.908
200.296
203.433
203.656
203.9
203.974
203.603
204.182
203.878
202.337
204.785
203.09
203.289
203.713
204.165
204.054
200.9
202.131
204.43
203.626
203.651
203.286
204.114
202.968
203.66
203.823
204.092
203.747
202.653
203.509
203.184
204.04
191.127
203.528
203.991
201.506
203.813
200.32
204.451
202.991
203.949
202.852
202.917
204.035
204.529
203.413
203.99
204.561
204.139
202.876
204.363
203.962
204.122
203.834
203.473
203.929
204.244
203.418
204.104
204.487
203.157
203.082
203.95
203.98
204.015
203.934
203.176
204.705
204.367
203.241
204.404
204.516
204.54
203.698
204.342
203.792
202.961
196.332
203.803
204.591
205.208
204.475
204.412
204.631
205.137
204.194
203.759
195.479
204.957
204.517
205.111
204.577
192.507
204.112
203.072
204.698
204.652
201.666
204.248
203.373
200.592
204.668
204.363
203.759
204.514
204.225
204.912
204.721
204.049
204.195
205.006
204.792
204.326
204.886
204.636
204.399
204.43
198.146
198.566
203.956
204.435
204.091
204.851
203.976
202.777
203.23
203.85
203.394
203.693
203.936
203.926
203.48
204.592
203.678
204.433
203.452
204.186
204.167
203.418
200.07
201.647
204.423
204.159
199.898
203.954
204.353
203.744
203.417
204.059
200.073
204.552
202.364
203.614
199.522
204.055
203.887
203.049
204.354
202.023
198.499
203.311
203.561
203.733
203.302
195.98
191.781
204.522
203.321
202.916
203.875
203.985
203.245
204.176
204.603
204.4
200.034
203.784
196.032
199.397
203.644
204.813
204.693
204.895
204.615
202.942
204.443
200.458
201.633
204.232
204.343
202.732
203.706
204.544
204.729
204.386
204.241
204.018
205.151
204.174
204.351
204.12
201.194
196.663
204.037
203.762
204.832
203.851
204.577
204.472
204.743
204.38
204.568
204.251
204.597
203.192
201.66
204.245
203.891
204.285
203.815
203.577
198.267
204.044
204.381
204.02
204.468
203.747
203.856
203.833
203.231
199.899
201.843
204.396
203.797
203.972
203.845
204.002
204.786
203.985
204.576
204.461
203.931
204.554
204.418
202.016
198.132
204.363
203.917
202.506
204.089
203.61
204.294
201.138
203.06
203.97
201.461
202.506
203.473
204.421
204.14
204.359
204.307
185.589
203.323
165.21
203.656
203.968
204.881
204.581
198.293
200.323
199.042
203.775
203.867
204.139
204.515
205.008
203.744
203.892
200.155
203.001
204.584
203.926
204.564
204.46
204.153
204.691
204.277
204.537
203.644
203.408
204.507
198.644
203.8
203.515
204.184
204.144
204.064
201.837
199.574
203.22
189.178
197.894
203.679
203.581
202.015
203.836
202.774
204.107
203.555
203.71
200.726
204.061
203.715
203.865
204.042
203.694
204.068
203.412
203.461
203.875
199.485
203.536
186.218
204.027
200.439
203.893
203.718
201.838
203.311
203.837
203.06
203.716
199.024
204.041
203.159
203.747
203.635
195.676
189.154
203.228
201.484
203.34
203.762
203.741
203.683
203.885
203.847
203.529
203.867
203.687
203.024
203.337
203.054
203.894
201.878
202.539
202.143
203.447
203.491
203.572
202.375
202.015
202.179
202.079
199.541
202.736
201.671
203.347
202.047
203.691
204.066
203.431
203.317
203.506
200.099
203.184
202.821
203.545
203.05
203.32
203.509
203.563
202.265
203.095
203.584
202.806
203.327
197.112
202.489
203.731
203.473
203.349
200.215
203.207
202.348
203.241
199.861
203.404
203.5
203.108
202.559
203.209
203.219
203.275
201.325
202.449
203.532
202.752
203.292
203.187
203.192
203.474
203.048
202.75
203.391
203.22
172.629
203.325
203.881
200.407
203.738
203.432
202.065
203.478
203.416
203.538
197.642
203.705
203.297
203.294
203.277
202.592
203.046
203.285
203.152
202.657
203.239
202.022
198.259
202.111
203.452
203.199
203.06
201.222
203.154
203.35
201.631
203.745
203.341
203.163
203.543
203.706
203.292
203.251
203.074
203.571
203.283
198.234
203.629
197.328
202.676
202.942
203.123
203.025
202.816
203.357
203.334
203.801
203.369
202.765
203.707
202.991
203.78
196.077
202.228
203.127
203.31
203.277
202.958
197.779
203.633
202.585
203.112
202.761
203.282
203.546
201.948
203.283
203.595
198.91
199.025
203.333
171.705
202.277
202.769
203.037
202.612
203.489
202.614
203.488
203.372
203.166
203.372
191.321
202.402
203.152
202.867
203.02
201.419
203.097
203.59
203.687
197.288
203.075
202.968
203.297
202.998
203.507
203.654
199.257
203.591
201.677
201.992
202.218
203.025
203.382
203.124
202.124
202.779
200.737
203.419
202.754
203.011
201.669
203.043
203.142
201.055
202.827
203.255
201.944
202.944
203.261
200.545
202.927
202.665
202.798
202.851
203.228
200.725
202.912
203.193
203.106
203.224
202.653
202.213
200.87
200.592
202.619
203.052
199.354
202.379
202.997
202.93
202.201
202.858
196.171
201.362
202.756
203.105
202.295
203.057
202.877
196.884
202.798
203.019
202.595
203.132
203.059
202.987
203.114
203.011
202.49
202.928
198.997
202.947
202.856
202.653
203.332
203.222
202.365
203.244
200.631
202.705
195.541
203.359
202.258
198.899
203.028
202.695
201.93
202.823
203.287
201.419
203.17
202.708
200.24
202.76
203.121
203.34
202.983
202.7
202.179
203.111
202.711
202.936
202.585
200.968
202.605
203.202
202.416
202.798
200.077
203.343
199.234
202.987
203.192
202.955
202.986
203.247
200.848
203.313
203.014
203.049
202.963
201.887
201.833
198.933
203.3
201.797
203.079
202.812
203.425
203.054
202.225
201.897
200.27
200.897
202.247
203.328
202.893
202.845
202.205
203.116
202.663
201.904
202.932
200.263
203.221
202.85
202.285
200.059
202.324
201.922
202.884
203.04
202.617
202.92
202.286
203.033
199.625
202.827
202.699
203.024
202.604
196.625
193.946
201.534
202.214
202.893
202.289
202.549
202.748
201.351
200.858
202.968
202.879
203.075
202.409
203.287
195.116
202.628
200.708
203.027
203.14
203.078
202.725
202.856
201.291
196.938
202.079
198.908
202.529
202.475
199.891
203.291
203.086
202.993
202.61
202.727
203.112
202.647
194.288
201.629
202.987
202.813
195.282
203.158
201.896
202.402
202.282
202.449
199.667
202.662
202.376
202.697
202.723
201.883
196.638
202.543
203.056
203.129
202.102
201.908
202.176
201.215
188.23
203.092
202.679
202.753
199.771
203.13
203.114
202.825
199.651
200.888
202.942
202.927
203.159
196.413
200.964
190.675
202.794
202.542
202.633
202.6
202.565
202.645
202.653
202.948
202.602
202.874
202.892
199.831
202.661
202.286
202.355
202.93
202.492
202.267
202.792
202.271
203.07
202.315
202.825
198.533
202.426
201.084
195.235
202.738
202.951
203.063
202.534
202.904
200.597
202.966
202.713
202.345
202.918
201.515
201.575
203.033
201.601
202.484
202.834
202.704
201.351
202.21
199.14
202.081
202.547
200.176
203.047
202.112
202.972
202.965
203.371
203.17
201.771
202.236
202.615
202.92
202.485
202.713
203.236
202.683
185.834
202.703
202.829
202.447
202.704
202.908
202.725
200.324
202.874
198.65
200.968
202.544
199.838
201.301
202.266
202.798
203.107
200.397
201.963
203.042
203.013
202.786
200.088
202.687
203.334
200
202.826
202.818
200.671
201.312
201.83
200.839
201.195
201.605
203.153
201.856
201.248
201.387
201.251
202.373
202.861
202.642
202.677
202.978
202.906
200.899
202.831
202.796
200.428
202.828
202.783
202.962
202.755
199.105
202.171
202.732
201.975
202.583
202.764
201.574
202.611
201.478
199.53
202.939
202.65
203.014
202.941
199.157
199.205
202.242
203.243
202.768
202.448
202.582
202.62
201.893
202.984
203.075
202.886
203.077
202.71
203.152
202.885
202.213
201.722
202.896
202.689
202.263
202.912
201.9
201.782
198.577
201.994
202.957
202.513
202.276
198.349
202.789
202.851
202.582
202.163
202.842
203.027
203.068
202.636
202.684
189.389
201.874
202.554
202.935
202.334
202.228
202.656
202.848
203.002
200.357
202.322
202.772
203.001
202.822
203.16
202.755
202.911
202.923
198.312
202.191
201.572
193.863
198.911
203.38
202.883
202.84
201.56
202.867
203.013
202.646
202.714
199.974
203.046
202.275
203.183
203.15
202.193
198.733
203.107
203.316
201.118
203.071
201.467
202.252
203.133
203.192
200.134
202.752
202.827
201.829
198.628
203.273
202.359
203.084
201.462
200.933
203.253
203.065
200.758
203.025
202.058
203.025
200.214
199.272
202.89
201.104
202.954
203.261
202.243
203.168
202.967
203.37
200.156
203.312
203.265
203.337
203.131
202.427
202.393
202.734
203.086
202.874
202.51
203.074
202.611
202.742
202.315
191.764
202.888
203.031
202.183
200.357
202.663
203.17
199.617
202.777
202.964
203.296
201.174
202.58
203.359
202.867
203.065
203.091
201.93
202.71
202.726
195.892
202.3
203.405
203.429
203.537
166.656
203.184
202.614
202.555
203.391
202.796
201.437
202.89
203.288
201.095
199.388
202.765
203.252
201.157
203.335
201.972
203.352
203.138
202.804
203.061
203.152
199.596
203.133
203.029
202.919
199.992
202.776
202.501
203.121
196.584
203
201.979
203.126
202.594
202.371
201.909
202.918
202.781
203.437
202.373
203.512
202.985
203.281
201.49
