4000,4000,4000,4000,4000,4000,4000,4000,4000
4000,4000,4000,4000,4000,4000,4000,4000,4000
4000,4000,4000,4000,4000,4000,4000,4000,4000
3967.55,3964.55,3967.17,3967.52,3964.8,3967.67,3967.84,3967.3,3966.2
3774.93,3774.55,3773.63,3776.47,3773.71,3774.13,3937.28,3777.05,3777.05
3439.83,3441.55,3439.14,3439.74,3916.99,3442.28,3442.28,3442.28,3442.28
3705.41,3706.75,3705.72,3708.17,3705.31,3707.7,3956.18,3708.58,3708.58
3988.65,3877.3,3877.3,3877.3,3877.3,3877.3,3877.3,3877.3,3877.3
4005.37,3976.06,3976.06,3976.06,3976.06,3976.05,3976.06,3976.06,3976.06
3994.51,3991.58,3991.57,3991.29,3991.55,3991.54,3991.58,3991.57,3991.57
3997.18,4001.69,4000,4000,4000,4000,4000,4000,4000
4000,4000,4000,4000,4000,4000,4000,4000,4000
4000,4000,4000,4000,4000,4000,4000,4000,4000
4000,4000,4000,4000,4000,4000,4000,4000,4000
4000,4000,4000,4000,4000,4000,4000,4000,4000
4000,4000,4000,4000,4000,4000,4000,4000,4000
4000,4000,4000,4000,4000,4000,4000,4000,4000
3986.06,3989.93,3989.93,3989.93,3989.93,3986.02,3989.93,3989.87,3989.28
3857.91,3860.59,3860.16,3869.87,3859.68,3860.14,3859.88,3861.06,3859.88
3665.17,3664.91,3665.72,3666.49,3667.46,3665.04,3739.98,3664.78,3667.28
3941.64,3945.04,3942.33,3942.14,3942.23,3941.82,3977.59,3945.27,3945.27
4000.97,3995,3995,3995,3995,3995,3995,3995,3995
3999.86,3999.94,3999.95,3999.95,4003.01,3999.89,3999.95,3998.34,3999.95
3999.83,3999.81,3999.82,3999.82,3999.83,3999.99,3999.83,3999.82,3996.31
3999.99,3999.98,3999.98,3999.98,3999.96,3999.98,3999.97,3999.92,4000.03
4000,4000,4000,4000,4000,4000,4000,4000,4000
4000,4000,4000,4000,4000,4000,4000,4000,4000
4000,4000,4000,4000,4000,4000,4000,4000,4000
4000,4000,4000,4000,4000,4000,4000,4000,4000
4000,4000,4000,4000,4000,4000,4000,4000,4000
4000,4000,4000,4000,4000,4000,4000,4000,4000
3980,3976.07,3980.01,3979.99,3979.97,3976.05,3979.98,3976.05,3980.03
3857.98,3856.17,3858.1,3864.64,3854.89,3855.69,3858.08,3858.11,3856.36
3876.13,3872.88,3872.4,3899.35,3874.1,3876.01,3872.89,3872.78,3875.56
3960.47,3960.24,3960.82,3963.91,3963.91,3961.34,3967.02,3960.34,3961.4
3991.07,3993.88,3995,3995,3994.95,3991.25,3996.17,3995,3995
4005.52,4000,4000,4000,4000,4000,4000,4000,4000
4000,3999.93,3997.64,4000.11,4000,4000,4000,4000,4000
4000,3999.98,3999.97,3999.92,4000,3999.99,4000.21,4000,4000
4000,4000,4000,4000,4000,4000,4000,4000,4000
4000,4000,4000,4000,4000,4000,4000,4000,4000
4000,4000,4000,4000,4000,4000,4000,4000,4000
4000,4000,4000,4000,4000,4000,4000,4000,4000
4000,4000,4000,4000,4000,4000,4000,4000,4000
4000,4000,4000,4000,4000,4000,4000,4000,4000
3986.08,3986.06,3989.88,3989.9,3989.17,3989.89,3989.87,3988.49,3989.9
3892.34,3892.5,3892.12,3893.72,3892.65,3891.19,3892.35,3892.65,3892.47
3882.96,3885.13,3881.51,3885.23,3885.14,3882.9,3886.14,3884.1,3882.22
3971.1,3976.01,3971.54,3971.15,3972.63,3975.01,3975,3971.47,3975.03
4000,3997.43,3997.89,4002.12,4000,4000,4000,4000,4000
4002.39,4000,4000,4000,4000,4000,4000,4000,4000
3996.44,3996,3996,3996,3996,3996,3996,3996,3996
3999.99,3999.97,3999.98,3999.99,3999.94,3999.98,4000.14,4000,4000
4000,4000,4000,4000,4000,4000,4000,4000,4000
4000,4000,4000,4000,4000,4000,4000,4000,4000
4000,4000,4000,4000,4000,4000,4000,4000,4000
4000,4000,4000,4000,4000,4000,4000,4000,4000
4000,4000,4000,4000,4000,4000,4000,4000,4000
4000,4000,4000,4000,4000,4000,4000,4000,4000
3990.2,3990.95,3990.05,3990.89,3990.95,3990.93,3990.95,3990.53,3990.91
3871.07,3872.77,3869.96,3874.99,3870.54,3870.07,3872.58,3872.62,3872.82
3918.68,3919.72,3919.25,3918.94,3919.02,3918.81,3919.18,3923.59,3919.33
3961.99,3961.3,3961.33,3965.1,3961.14,3966.21,3965.1,3965.1,3965.1
3991.12,3994.99,3994.99,3992.04,3993.01,3995.88,3995,3995,3995
4001.99,4000,4000,4000,4000,4000,4000,4000,4000
4000.81,4000,4000,4000,4000,4000,4000,4000,4000
4000.01,4000,4000,4000,4000,4000,4000,4000,4000
4000,4000,4000,4000,4000,4000,4000,4000,4000
4000,4000,4000,4000,4000,4000,4000,4000,4000
4000,4000,4000,4000,4000,4000,4000,4000,4000
4000,4000,4000,4000,4000,4000,4000,4000,4000
4000,4000,4000,4000,4000,4000,4000,4000,4000
4000,4000,4000,4000,4000,4000,4000,4000,4000
3962.03,3961.81,3961.29,3962.61,3961.56,3961.39,3962.13,3962.69,3962.67
3887.22,3886.89,3887.44,3887.35,3886.95,3887.87,3887.29,3887.35,3887.16
3918.27,3912.3,3914.59,3910.67,3910.69,3911.26,3910.76,3911.42,3911.81
3986.88,3986.89,3986.88,3986.88,3986.87,3987.65,3986.88,3983.83,3985.28
3996.64,3999.96,3996.7,3999.95,3999.94,3999.98,3999.97,4000.64,3999.23
4001.34,4000,4000,4000,4000,4000,4000,4000,4000
3999.97,3999.99,4000,4000.19,4000,4000,4000,4000,4000
4000.03,4000,4000,4000,4000,4000,4000,4000,4000
4000,4000,4000,4000,4000,4000,4000,4000,4000
4000,4000,4000,4000,4000,4000,4000,4000,4000
4000,4000,4000,4000,4000,4000,4000,4000,4000
4000,4000,4000,4000,4000,4000,4000,4000,4000
4000,4000,4000,4000,4000,4000,4000,4000,4000
4000,4000,4000,4000,4000,4000,4000,4000,4000
3964.35,3964.33,3964.32,3966.61,3964.26,3964.32,3968.08,3966.28,3964.54
3906.44,3906.37,3906.77,3906.86,3906.51,3906.46,3905.39,3906.8,3906.56
3934.22,3937.12,3937.06,3937.12,3937.08,3937.12,3937.07,3934.56,3940.73
3959.37,3955.45,3958.22,3959.04,3964.63,3959.37,3959.37,3959.37,3959.37
3989.99,3987.04,3989.99,3991.83,3987.4,3989.99,3989.99,3989.99,3987.12
3999.99,3999.97,4000,3999.99,4001.35,4000,4000,4000,4000
3999.95,3999.93,3999.96,3999.95,4000.03,3999.99,3999.98,3999.98,3999.97
3999.98,3999.96,3999.99,3999.99,4000,4000,4000,4000,4000
4000,4000,4000,4000,4000,4000,4000,4000,4000
4000,4000,4000,4000,4000,4000,4000,4000,4000
4000,4000,4000,4000,4000,4000,4000,4000,4000
4000,4000,4000,4000,4000,4000,4000,4000,4000
4000,4000,4000,4000,4000,4000,4000,4000,4000
4000,4000,4000,4000,4000,4000,4000,4000,4000
3986.64,3986.65,3986.63,3986.64,3986.64,3986.66,3984.88,3986.64,3986.65
3922.51,3926.34,3923.49,3923.09,3922.5,3923.15,3922.59,3928.16,3926.38
3930.35,3930.54,3930.65,3930.49,3930.48,3930.38,3930.31,3930.38,3930.39
3971.79,3975.22,3974.56,3971.42,3971.88,3975.02,3975.4,3974.58,3971.51
3991.99,3989.08,3988.01,3991.77,3988.84,3989.03,3991.4,3991.59,3991.74
4000.72,4000,4000,4000,4000,4000,4000,4000,4000
4000,3999.93,4000.25,4000,4000,4000,4000,4000,4000
3999.95,3999.99,4000,4000,4000,4000,4000,4000,4000
4000,4000,4000,4000,4000,4000,4000,4000,4000
4000,4000,4000,4000,4000,4000,4000,4000,4000
4000,4000,4000,4000,4000,4000,4000,4000,4000
4000,4000,4000,4000,4000,4000,4000,4000,4000
4000,4000,4000,4000,4000,4000,4000,4000,4000
4000,4000,4000,4000,4000,4000,4000,4000,4000
3991.05,3994.99,3995.02,3995,3995,3995,3995,3995,3995
3943.93,3943.93,3944,3944.08,3944.2,3944.57,3946.57,3943.98,3944.57
3937.12,3936.39,3937.36,3936.88,3935.05,3937.39,3938.5,3937.17,3936.22
3955.65,3955.66,3965.26,3959.43,3959.43,3959.43,3959.43,3959.43,3959.43
3990.2,3989.29,3989.2,3992.16,3992.17,3992.03,3991.98,3991.69,3993.82
4000,3999.99,4001.58,4000,4000,4000,4000,4000,4000
3999.99,4000.03,4000,4000,4000,4000,4000,4000,4000
4000,4000,4000,4000,4000,4000,4000,4000,4000
4000,4000,4000,4000,4000,4000,4000,4000,4000
4000,4000,4000,4000,4000,4000,4000,4000,4000
4000,4000,4000,4000,4000,4000,4000,4000,4000
4000,4000,4000,4000,4000,4000,4000,4000,4000
4000,4000,4000,4000,4000,4000,4000,4000,4000
4000,4000,4000,4000,4000,4000,4000,4000,4000
3996,3998.22,3999.96,3999.97,3999.96,3998.46,3999.96,3999.95,3999.96
3944.63,3948.56,3944.62,3944.63,3944.81,3944.67,3944.64,3948.57,3955.05
3933.15,3934.43,3932.77,3934.5,3932.8,3933.12,3933.75,3934.22,3950.25
3956.76,3956.85,3957.04,3960.72,3957.25,3957.04,3959.94,3968.82,3960.73
3995.34,3994.79,3995.41,3995.33,3996.3,3995.49,3996.93,3995,3995.08
3999.99,3996.42,3997.89,3999.99,4001.76,4000,4000,4000,4000
3999.98,4000.25,4000,4000,4000,4000,4000,4000,4000
4000,3999.99,4000,4000,3999.99,4000,3999.99,3999.99,3999.99
4000,4000,4000,4000,4000,4000,4000,4000,4000
4000,4000,4000,4000,4000,4000,4000,4000,4000
4000,4000,4000,4000,4000,4000,4000,4000,4000
4000,4000,4000,4000,4000,4000,4000,4000,4000
4000,4000,4000,4000,4000,4000,4000,4000,4000
4000,4000,4000,4000,4000,4000,4000,4000,4000
3998.08,3994.12,3998.09,3998.09,3998.1,3998.11,3998.1,3998.1,3998.1
3945.24,3945.15,3945.28,3949.1,3946.5,3945.27,3945.32,3946.12,3952.48
3942.58,3942.83,3942.53,3946.48,3944.79,3943.29,3956.58,3946.49,3946.49
3962.68,3958.95,3959.1,3962.51,3971.12,3962.68,3962.68,3962.68,3962.68
3994.6,3992.02,3992.39,3990.66,3990.86,3994.27,3993.47,3993.23,3994.19
4000,4002.67,4000,4000,4000,4000,4000,4000,4000
4000.78,4000,4000,4000,4000,4000,4000,4000,4000
4000,4000,3999.99,3999.98,4000.03,4000,4000,4000,4000
4000,4000,4000,4000,4000,4000,4000,4000,4000
4000,4000,4000,4000,4000,4000,4000,4000,4000
4000,4000,4000,4000,4000,4000,4000,4000,4000
4000,4000,4000,4000,4000,4000,4000,4000,4000
4000,4000,4000,4000,4000,4000,4000,4000,4000
4000,4000,4000,4000,4000,4000,4000,4000,4000
3976.7,3976.17,3978.74,3975.87,3978.72,3976.17,3975.97,3975.73,3976.35
3731.27,3729.37,3731.42,3730.16,3729.82,3730.22,3938.33,3733.01,3733.01
3678.22,3677.42,3678.15,3677.93,3677.63,3900.21,3677.97,3677.66,3675.53
3708.38,3923.37,3711.93,3711.93,3711.93,3711.93,3711.93,3711.93,3711.93
3917.13,3919.41,3920.62,3989.36,3920.6,3920.6,3920.6,3920.6,3920.6
3995.96,3995.96,3995.96,3995.95,3995.94,3995.92,3995.97,3995.96,4002.91
3998.12,3998.12,3998.12,3998.12,3998.12,3998.12,3998.12,3998.11,3996.28
3999.96,3999.9,3999.96,3999.95,3999.98,3999.95,4000.08,4000,4000
4000,4000,4000,4000,4000,4000,4000,4000,4000
4000,4000,4000,4000,4000,4000,4000,4000,4000
4000,4000,4000,4000,4000,4000,4000,4000,4000
4000,4000,4000,4000,4000,4000,4000,4000,4000
4000,4000,4000,4000,4000,4000,4000,4000,4000
4000,4000,4000,4000,4000,4000,4000,4000,4000
3994.87,3994.8,3991.01,3990.93,3994.81,3994.87,3994.78,3994.86,3994.87
3808.83,3808.37,3808.37,3810.09,3809.77,3851.15,3810.1,3810.24,3808.82
3601.55,3818.51,3603.76,3603.95,3603.93,3603.59,3603.67,3603.61,3603.73
3943.8,3943.64,3942.4,3945.24,3945.2,3943.24,3965.25,3945.27,3945.27
3997.9,3990.01,3990.01,3990.01,3990.01,3990.01,3990.01,3990.01,3990.01
3994.36,3996,3998.83,3996,3996,3996,3996,3996,3996
4000.92,4000,4000,4000,4000,4000,4000,4000,4000
4000.22,4000,4000,4000,4000,4000,4000,4000,4000
4000,4000,4000,4000,4000,4000,4000,4000,4000
4000,4000,4000,4000,4000,4000,4000,4000,4000
4000,4000,4000,4000,4000,4000,4000,4000,4000
4000,4000,4000,4000,4000,4000,4000,4000,4000
4000,4000,4000,4000,4000,4000,4000,4000,4000
4000,4000,4000,4000,4000,4000,4000,4000,4000
3998.22,3998.23,3998.24,3998.24,3994.33,3998.2,3998.24,3998.24,3998.15
3838.43,3837.83,3837.26,3839.28,3838.53,3838.16,3838.52,3837.8,3838.14
3841.59,3843.37,3842.26,3883.74,3845.38,3845.38,3845.38,3845.38,3845.38
3970.47,3974.1,3974.26,3974.25,3974.26,3973.78,3977.9,3974.26,3974.26
4000,3999.99,3999.97,3999.97,3999.95,3999.99,4000,4000.19,4000
4001.15,4000,4000,4000,4000,4000,4000,4000,4000
3995.96,3996.44,3995.99,3995.99,3995.99,3995.98,3995.98,3995.97,3995.99
3999.89,3999.98,4000.03,4000,4000,4000,4000,4000,4000
4000,4000,4000,4000,4000,4000,4000,4000,4000
4000,4000,4000,4000,4000,4000,4000,4000,4000
4000,4000,4000,4000,4000,4000,4000,4000,4000
4000,4000,4000,4000,4000,4000,4000,4000,4000
4000,4000,4000,4000,4000,4000,4000,4000,4000
4000,4000,4000,4000,4000,4000,4000,4000,4000
3989.98,3986.03,3989.98,3989.95,3986.02,3989.97,3989.92,3986.48,3989.98
3887.87,3887.72,3884.66,3884.98,3888.35,3885.29,3885.12,3885.46,3886
3934.49,3934.55,3934.82,3935.17,3934.64,3934.4,3938.56,3936.14,3935.56
3973.22,3970.07,3970.07,3970.07,3970.07,3970.07,3970.07,3970.07,3970.07
3996.62,3999.87,3999.91,3999.87,3999.87,3999.87,3999.87,3998.47,3999.87
3999.99,4000,4000,3999.99,4003.74,4000,4000,4000,4000
3999.99,4000.04,4000,4000,4000,4000,4000,4000,4000
3999.98,4000.17,4000,4000,4000,4000,4000,4000,4000
4000,4000,4000,4000,4000,4000,4000,4000,4000
4000,4000,4000,4000,4000,4000,4000,4000,4000
4000,4000,4000,4000,4000,4000,4000,4000,4000
4000,4000,4000,4000,4000,4000,4000,4000,4000
4000,4000,4000,4000,4000,4000,4000,4000,4000
4000,4000,4000,4000,4000,4000,4000,4000,4000
3994.61,3991.01,3994.61,3991.01,3994.57,3991,3994.6,3990.99,3994.61
3898.76,3898.91,3896.38,3898.92,3898.85,3899.96,3896.95,3898.92,3898.36
3923.57,3923.73,3928.94,3927.3,3927.3,3927.33,3924.35,3926.68,3924.07
3971.25,3971.12,3971.41,3971.28,3973.22,3975.58,3975.05,3975.05,3975.05
3992.8,3995.35,3995,3995,3995,3995,3995,3995,3995
3999.99,4000,4000.44,4000,4000,4000,4000,4000,4000
3999.99,3999.99,3999.98,3999.97,3999.98,4000,4000.26,4000,4000
3999.98,4000.06,4000,4000,4000,4000,4000,4000,4000
4000,4000,4000,4000,4000,4000,4000,4000,4000
4000,4000,4000,4000,4000,4000,4000,4000,4000
4000,4000,4000,4000,4000,4000,4000,4000,4000
4000,4000,4000,4000,4000,4000,4000,4000,4000
4000,4000,4000,4000,4000,4000,4000,4000,4000
4000,4000,4000,4000,4000,4000,4000,4000,4000
3964.86,3964.87,3965.05,3965.89,3964.9,3965.91,3964.93,3962.2,3965.35
3896.06,3895.13,3896.33,3895.85,3895.24,3897.8,3895.43,3896.29,3895.61
3916.24,3912.35,3912.41,3912.76,3913.52,3913.75,3915.03,3917.21,3915.81
3980.03,3976.18,3980.02,3976.25,3980.03,3976.51,3976.68,3980.01,3981.57
3991.33,3991.48,3991.18,3994.96,3991.11,3991.36,3994.95,3994.98,3998.64
3999.99,4001.54,4000,4000,4000,4000,4000,4000,4000
4000.13,4000,4000,4000,4000,4000,4000,4000,4000
4000.03,4000,4000,4000,4000,4000,4000,4000,4000
4000,4000,4000,4000,4000,4000,4000,4000,4000
4000,4000,4000,4000,4000,4000,4000,4000,4000
4000,4000,4000,4000,4000,4000,4000,4000,4000
4000,4000,4000,4000,4000,4000,4000,4000,4000
4000,4000,4000,4000,4000,4000,4000,4000,4000
4000,4000,4000,4000,4000,4000,4000,4000,4000
3980.28,3976.53,3978.98,3979.73,3979.75,3976.6,3976.54,3979.62,3976.56
3899.32,3899.09,3898.96,3899.03,3899.05,3899.58,3899.24,3898.93,3899.15
3907.8,3907.83,3904.18,3904.55,3905.47,3912.93,3907.83,3907.83,3907.83
3970.75,3970.76,3970.72,3974.69,3976.35,3974.68,3974.69,3974.66,3971.73
3989.16,3985.21,3990.49,3985.29,3986.59,3985.34,3988.14,3986.27,3988.97
4001.05,4000,4000,4000,4000,4000,4000,4000,4000
3999.99,4000.29,4000,4000,4000,4000,4000,4000,4000
4000.02,4000,4000,4000,4000,4000,4000,4000,4000
4000,4000,4000,4000,4000,4000,4000,4000,4000
4000,4000,4000,4000,4000,4000,4000,4000,4000
4000,4000,4000,4000,4000,4000,4000,4000,4000
4000,4000,4000,4000,4000,4000,4000,4000,4000
4000,4000,4000,4000,4000,4000,4000,4000,4000
4000,4000,4000,4000,4000,4000,4000,4000,4000
3994.95,3991,3991.05,3994.94,3994.95,3991.07,3994.94,3994.94,3995
3940.83,3940.2,3940.98,3940.16,3938.97,3940.65,3940.25,3941.83,3940.62
3884.68,3887.99,3884.42,3884.67,3885.24,3885.14,3888.06,3887.95,3901.43
3983.24,3982.99,3980.59,3980.29,3980.48,3983.99,3980.32,3980.31,3980.3
3988.76,3987.75,3988.76,3987.03,3987.09,3987.76,3989.02,3988.76,3988.76
4000.29,4000,4000,4000,4000,4000,4000,4000,4000
4000,4000.13,4000,4000,4000,4000,4000,4000,4000
3999.94,3999.99,4000.01,4000,4000,4000,4000,4000,4000
4000,4000,4000,4000,4000,4000,4000,4000,4000
4000,4000,4000,4000,4000,4000,4000,4000,4000
4000,4000,4000,4000,4000,4000,4000,4000,4000
4000,4000,4000,4000,4000,4000,4000,4000,4000
4000,4000,4000,4000,4000,4000,4000,4000,4000
4000,4000,4000,4000,4000,4000,4000,4000,4000
3993.8,3997.77,3996.58,3993.79,3997.77,3997.77,3997.77,3997.77,3997.77
3948.61,3948.07,3948,3947.46,3946.61,3948.05,3947.26,3947.58,3947.85
3926.87,3923.13,3941.44,3923.06,3923.17,3923.09,3923.34,3926.34,3923.25
3967.93,3966.05,3968.38,3969.35,3974.73,3966.28,3969.33,3968.69,3967.71
3989.09,3998.37,3992.74,3992.74,3992.74,3992.74,3992.74,3992.74,3992.74
3998.2,3997.73,3997.73,3997.73,3997.73,3997.73,3997.73,3997.73,3997.73
3999.99,4000,4000.24,4000,4000,4000,4000,4000,4000
3999.98,3999.99,3999.98,3999.99,3999.98,4000.02,4000,4000,4000
4000,4000,4000,4000,4000,4000,4000,4000,4000
4000,4000,4000,4000,4000,4000,4000,4000,4000
4000,4000,4000,4000,4000,4000,4000,4000,4000
4000,4000,4000,4000,4000,4000,4000,4000,4000
4000,4000,4000,4000,4000,4000,4000,4000,4000
4000,4000,4000,4000,4000,4000,4000,4000,4000
3998,3996.69,3998,3998,3998,3998,3997.99,3998,3994.09
3970.8,3970.78,3966.83,3966.85,3967.17,3966.84,3967.02,3968.64,3976.85
3935.91,3935.93,3932.57,3932.2,3935.93,3932.2,3933.71,3934.81,3944.07
3967.15,3967.15,3963.53,3966.84,3968.08,3967.15,3967.15,3967.15,3967.15
3999.99,3999.99,4000.53,4000,4000,4000,4000,4000,4000
4001.15,4000,4000,4000,4000,4000,4000,4000,4000
3999.97,4000,4000.03,4000,4000,4000,4000,4000,4000
3999.99,4000,3999.99,4000,4000,4000,4000,4000,4000
4000,4000,4000,4000,4000,4000,4000,4000,4000
4000,4000,4000,4000,4000,4000,4000,4000,4000
4000,4000,4000,4000,4000,4000,4000,4000,4000
4000,4000,4000,4000,4000,4000,4000,4000,4000
4000,4000,4000,4000,4000,4000,4000,4000,4000
4000,4000,4000,4000,4000,4000,4000,4000,4000
3995.14,3999.11,3999.12,3999.12,3999.13,3999.13,3997.15,3999.13,3999.13
3959.15,3962.37,3961.51,3959.2,3962.73,3959.28,3962.31,3959.16,3959.52
3932,3935.78,3935.76,3932.34,3931.91,3931.93,3931.85,3932.62,3943.31
3966.88,3966.88,3966.88,3962.95,3963.37,3963.87,3963.4,3963.85,3973.79
3998.66,3999.02,3998.25,3999.02,3999.03,3997.88,3999.6,3999.03,3999.03
4001.04,4000,4000,4000,4000,4000,4000,4000,4000
3999.98,4000.36,4000,4000,4000,4000,4000,4000,4000
3999.98,3999.98,4000,4000,4000,4000,4000,4000,4000
4000,4000,4000,4000,4000,4000,4000,4000,4000
4000,4000,4000,4000,4000,4000,4000,4000,4000
4000,4000,4000,4000,4000,4000,4000,4000,4000
4000,4000,4000,4000,4000,4000,4000,4000,4000
4000,4000,4000,4000,4000,4000,4000,4000,4000
4000,4000,4000,4000,4000,4000,4000,4000,4000
3963.81,3963.59,3963.57,3963.55,3959.7,3963.6,3963.6,3963.61,3960.66
3760.51,3762.64,3762.51,3761.33,3761.82,3762.72,3898.01,3762.53,3761.86
3649.26,3649.57,3649.65,3922.55,3649.21,3649.76,3650.19,3648.11,3649.44
3946.78,3963.91,3948.14,3948.12,3948.12,3948.12,3948.12,3948.12,3948.12
3985.26,3985.97,3985.98,3984.47,3985.99,3996.09,3986.01,3986.01,3986.01
3999.04,3992,3992,3992,3992,3992,3992,3992,3992
3995.85,3995.89,3995.89,3995.9,3995.9,3996.48,3995.9,3995.89,3995.88
3999.99,3999.96,3999.97,3999.99,3999.96,4000,3999.98,4000,3999.99
4000,4000,4000,4000,4000,4000,4000,4000,4000
4000,4000,4000,4000,4000,4000,4000,4000,4000
4000,4000,4000,4000,4000,4000,4000,4000,4000
4000,4000,4000,4000,4000,4000,4000,4000,4000
4000,4000,4000,4000,4000,4000,4000,4000,4000
4000,4000,4000,4000,4000,4000,4000,4000,4000
3989.94,3989.93,3989.94,3989.42,3986.18,3989.95,3989.95,3989.94,3989.94
3924.58,3924.45,3924.59,3924.59,3922.06,3923.35,3950.34,3924.6,3924.6
3905.84,3901.96,3901.99,3902.26,3902.52,3904.93,3904.49,3905.84,3963.69
3984.85,3984.84,3984.84,3984.85,3984.82,3984.56,3991.08,3984.85,3984.85
3975.63,3975.63,3975.63,3975.63,3975.62,3975.61,3995.14,3975.64,3975.64
3987.38,3987.36,3987.4,3987.38,4001.02,3987.4,3987.4,3987.4,3987.4
3995.98,3995.98,3995.97,3995.97,4000.04,3995.97,3995.94,3995.96,3995.74
4000,3999.98,3999.96,4000.33,4000,4000,4000,4000,4000
4000,4000,4000,4000,4000,4000,4000,4000,4000
4000,4000,4000,4000,4000,4000,4000,4000,4000
4000,4000,4000,4000,4000,4000,4000,4000,4000
4000,4000,4000,4000,4000,4000,4000,4000,4000
4000,4000,4000,4000,4000,4000,4000,4000,4000
4000,4000,4000,4000,4000,4000,4000,4000,4000
3986.06,3989.91,3985.98,3989.92,3989.91,3989.32,3989.92,3989.91,3985.97
3916.84,3917.8,3918.18,3922.66,3914.65,3918.42,3918.31,3918.19,3918.35
3916.85,3912.51,3911.68,3911.59,3914.03,3911.31,3911.26,3912.04,3911.95
3990.46,3994.06,3992.43,3994.08,3994.05,3990.28,3994.06,3993.57,3994.05
3994.21,3994.2,3994.21,3994.19,3994.16,3994.21,3991.27,3996.1,3994.2
3999.96,4000,4000.54,4000,4000,4000,4000,4000,4000
3996.1,3999.99,3999.99,3999.99,3999.97,3999.98,3999.99,3999.99,3999.99
3999.97,3999.98,3999.95,3999.97,3999.99,3999.99,4000.01,4000,4000
4000,4000,4000,4000,4000,4000,4000,4000,4000
4000,4000,4000,4000,4000,4000,4000,4000,4000
4000,4000,4000,4000,4000,4000,4000,4000,4000
4000,4000,4000,4000,4000,4000,4000,4000,4000
4000,4000,4000,4000,4000,4000,4000,4000,4000
4000,4000,4000,4000,4000,4000,4000,4000,4000
3984.64,3984.64,3987.38,3988.43,3984.64,3984.64,3984.58,3985.74,3988.42
3875.76,3876.89,3876.74,3876.39,3876.3,3875.11,3874.91,3875.3,3875.51
3947.61,3945.23,3945.05,3946.86,3945.27,3946.21,3945.07,3945.85,3945.24
3974.62,3974.6,3974.57,3979.68,3974.63,3974.63,3974.63,3974.63,3974.63
3992.03,3995.92,3995.92,3995.92,3992.73,3995.68,3995.92,3995.92,3995.9
4000.41,4000,4000,4000,4000,4000,4000,4000,4000
3999.94,3999.93,3999.94,3999.94,3999.93,3999.94,3999.94,3999.94,3999.94
3999.99,3999.99,3999.99,3999.97,4000.13,4000,4000,4000,4000
4000,4000,4000,4000,4000,4000,4000,4000,4000
4000,4000,4000,4000,4000,4000,4000,4000,4000
4000,4000,4000,4000,4000,4000,4000,4000,4000
4000,4000,4000,4000,4000,4000,4000,4000,4000
4000,4000,4000,4000,4000,4000,4000,4000,4000
4000,4000,4000,4000,4000,4000,4000,4000,4000
3972.18,3972.18,3968.38,3972.17,3972.17,3968.38,3972.18,3968.38,3968.32
3886.52,3885.9,3886.31,3886.08,3885.67,3885.98,3886.3,3885.83,3886.13
3927.85,3929.83,3929.8,3930.71,3929.17,3928.35,3927.87,3927.91,3928.72
3973.42,3973.49,3969.68,3969.6,3972.56,3973.47,3970.93,3970.18,3974.8
3997.15,3995.4,3999.23,3997.23,3997.23,3997.23,3997.23,3997.23,3997.23
4001.04,4000,4000,4000,4000,4000,4000,4000,4000
4000.22,4000,4000,4000,4000,4000,4000,4000,4000
4000,4000.06,4000,4000,4000,4000,4000,4000,4000
4000,4000,4000,4000,4000,4000,4000,4000,4000
4000,4000,4000,4000,4000,4000,4000,4000,4000
4000,4000,4000,4000,4000,4000,4000,4000,4000
4000,4000,4000,4000,4000,4000,4000,4000,4000
4000,4000,4000,4000,4000,4000,4000,4000,4000
4000,4000,4000,4000,4000,4000,4000,4000,4000
3975.18,3975.19,3974.59,3971.35,3971.44,3971.41,3971.56,3975.18,3971.46
3848.7,3847.08,3848.31,3849.44,3849.41,3847.64,3847.83,3850,3852.55
3932.46,3932.14,3932.24,3935.65,3932.29,3932.64,3932.3,3932.64,3932.5
3990.8,3987.3,3987.25,3987.43,3988.03,3987.31,3990.33,3990.81,3990.8
3994.91,3992.98,3991.17,3994.98,3994.93,3995.86,3995,3995,3995
4000.66,4000,4000,4000,4000,4000,4000,4000,4000
4000,4000,3999.98,4000.08,4000,4000,4000,4000,4000
4000,4000,4000,4000,4000,4000,4000,4000,4000
4000,4000,4000,4000,4000,4000,4000,4000,4000
4000,4000,4000,4000,4000,4000,4000,4000,4000
4000,4000,4000,4000,4000,4000,4000,4000,4000
4000,4000,4000,4000,4000,4000,4000,4000,4000
4000,4000,4000,4000,4000,4000,4000,4000,4000
4000,4000,4000,4000,4000,4000,4000,4000,4000
3983.16,3983.73,3982.37,3981.9,3979.87,3980.07,3983.11,3979.85,3980.02
3877.98,3874.75,3876.95,3877.16,3876.95,3875,3877.41,3877.35,3876.98
3956.08,3955.8,3955.67,3955.63,3955.88,3957.2,3955.84,3955.81,3956.08
3974.7,3974.7,3971.45,3970.73,3974.66,3974.53,3974.69,3974.26,3975.96
3991,3997.25,3995,3995,3995,3995,3995,3995,3995
4000.79,4000,4000,4000,4000,4000,4000,4000,4000
3999.94,4000.14,4000,4000,4000,4000,4000,4000,4000
4000,4000,4000,4000,4000,4000,4000,4000,4000
4000,4000,4000,4000,4000,4000,4000,4000,4000
4000,4000,4000,4000,4000,4000,4000,4000,4000
4000,4000,4000,4000,4000,4000,4000,4000,4000
4000,4000,4000,4000,4000,4000,4000,4000,4000
4000,4000,4000,4000,4000,4000,4000,4000,4000
4000,4000,4000,4000,4000,4000,4000,4000,4000
3993.75,3993.74,3993,3993.75,3991.84,3991.98,3993.74,3993.74,3993.75
3909.21,3909.26,3909.23,3909.27,3909.53,3909.84,3910.49,3909.44,3909.27
3948.44,3948.39,3948.63,3948.23,3948.43,3948.36,3948.56,3949.2,3952.61
3961.01,3964.51,3962.69,3962.81,3963.96,3963.68,3964.82,3964.48,3965.36
3994.97,3995,3997.5,3995,3995,3995,3995,3995,3995
3999.98,3999.99,4000.53,4000,4000,4000,4000,4000,4000
3999.99,4000,3999.99,4000,3999.99,4000,3999.99,4000,4000
3999.95,4000.01,4000,4000,4000,4000,4000,4000,4000
4000,4000,4000,4000,4000,4000,4000,4000,4000
4000,4000,4000,4000,4000,4000,4000,4000,4000
4000,4000,4000,4000,4000,4000,4000,4000,4000
4000,4000,4000,4000,4000,4000,4000,4000,4000
4000,4000,4000,4000,4000,4000,4000,4000,4000
4000,4000,4000,4000,4000,4000,4000,4000,4000
3999.99,3999.99,3996.02,3999.98,3999.98,3999.98,3999.99,3999.98,3999.36
3938.38,3936.77,3938.4,3936.41,3937.17,3937.83,3939.04,3936.39,3937.49
3918.08,3925.99,3919.69,3919.69,3919.73,3919.69,3917.53,3916.5,3919.47
3977.69,3978.62,3977.85,3981.53,3981.54,3983.54,3981.56,3981.56,3981.56
3999.96,3996,4000,3999.63,3999.99,4000.54,4000.01,4000,4000
3999.92,4000.64,4000,4000,4000,4000,4000,4000,4000
3999.96,3999.98,3999.97,3999.99,3999.99,4000.06,4000,4000,4000
3999.99,4000,3999.98,4000,4000,4000,4000,4000,4000
4000,4000,4000,4000,4000,4000,4000,4000,4000
4000,4000,4000,4000,4000,4000,4000,4000,4000
4000,4000,4000,4000,4000,4000,4000,4000,4000
4000,4000,4000,4000,4000,4000,4000,4000,4000
4000,4000,4000,4000,4000,4000,4000,4000,4000
4000,4000,4000,4000,4000,4000,4000,4000,4000
3994.98,3994.98,3994.35,3995,3994.99,3995,3995,3995,3995
3951.57,3947.63,3947.66,3947.7,3947.81,3955.73,3951.59,3951.59,3951.59
3952.07,3951.2,3948.42,3953.98,3948.41,3950.56,3948.41,3951.18,3951.64
3973.31,3969.41,3969.36,3973.3,3970.61,3969.46,3975.89,3973.31,3973.31
3997.57,3998.49,3998.33,3998.33,3997.03,3998.18,3997.62,3998,3997.78
4000,3999.99,4000.54,4000,4000,4000,4000,4000,4000
3999.99,3999.98,3999.99,3999.99,3999.99,3999.99,3999.99,3999.99,4000.14
4000,4000,4000,4000,4000,4000,4000,4000,4000
4000,4000,4000,4000,4000,4000,4000,4000,4000
4000,4000,4000,4000,4000,4000,4000,4000,4000
4000,4000,4000,4000,4000,4000,4000,4000,4000
4000,4000,4000,4000,4000,4000,4000,4000,4000
4000,4000,4000,4000,4000,4000,4000,4000,4000
4000,4000,4000,4000,4000,4000,4000,4000,4000
4000,4000,4000,4000,3999.97,4000,4000,4000,4000
3981,3981.87,3981.33,3981.86,3981.96,3980.75,3980.87,3981.7,3980.56
3900.53,3900.61,3898.79,3900.52,3898.55,3899.44,3900.58,3913.2,3898.75
3963.48,3959.86,3960.6,3960.22,3960.66,3959.64,3972.44,3963.5,3963.5
3998.15,3997.3,3998.14,3997.26,3997.06,3998.02,3997.37,3998.68,3998.15
4000.91,4000,4000,4000,4000,4000,4000,4000,4000
3999.99,4000,4000,3999.97,3999.99,3999.99,4000.08,4000,4000
4000,3999.99,4000,4000.01,4000,4000,4000,4000,4000
4000,4000,4000,4000,4000,4000,4000,4000,4000
4000,4000,4000,4000,4000,4000,4000,4000,4000
4000,4000,4000,4000,4000,4000,4000,4000,4000
4000,4000,4000,4000,4000,4000,4000,4000,4000
4000,4000,4000,4000,4000,4000,4000,4000,4000
4000,4000,4000,4000,4000,4000,4000,4000,4000
3977.18,3974.02,3974.14,3974.03,3974.06,3977.69,3973.98,3975.29,3977.69
3849.48,3849.48,3848.49,3953.17,3849.5,3849.5,3849.5,3849.5,3849.5
3782.95,3783.51,3781.4,3780.55,3781.98,3948.87,3783.68,3783.68,3783.68
3895.86,3894.4,3897.78,3987.22,3897.79,3897.79,3897.79,3897.79,3897.79
3976.66,3976.42,3979.38,3980.02,3980.03,3980.01,3977.09,3994.91,3980.03
3992.46,3995.99,3995.99,3995.93,3992.81,3995.38,3996.25,3995.99,3995.99
3996.46,3999.64,3999.64,3999.64,3999.63,3999.64,3999.64,3999.64,3999.63
3999.97,4000.2,4000,4000,4000,4000,4000,4000,4000
4000,4000,4000,4000,4000,4000,4000,4000,4000
4000,4000,4000,4000,4000,4000,4000,4000,4000
4000,4000,4000,4000,4000,4000,4000,4000,4000
4000,4000,4000,4000,4000,4000,4000,4000,4000
4000,4000,4000,4000,4000,4000,4000,4000,4000
4000,4000,4000,4000,4000,4000,4000,4000,4000
3972.79,3976.68,3976.72,3976.98,3976.68,3972.8,3972.78,3976.7,3976.69
3916.72,3916.73,3916.63,3912.93,3913.44,3913.69,3943.75,3916.74,3916.74
3778.07,3781.37,3780.67,3778.7,3780.44,3913.65,3781.38,3781.38,3781.38
3897.88,3894.84,3898.72,3898.69,3894.96,3951.24,3898.74,3898.74,3898.74
3998.22,3975.05,3975.05,3975.05,3975.05,3975.05,3975.05,3975.05,3975.05
3999,3999,3998.99,3999,3999,3999,3999,3999,3999
3996.01,3999.28,3999.29,3999.29,3999.29,3999.28,3999.29,3999.28,3999.28
3999.96,3999.94,3999.95,3999.95,3999.95,3999.95,3999.95,3999.95,3999.95
4000,4000,4000,4000,4000,4000,4000,4000,4000
4000,4000,4000,4000,4000,4000,4000,4000,4000
4000,4000,4000,4000,4000,4000,4000,4000,4000
4000,4000,4000,4000,4000,4000,4000,4000,4000
4000,4000,4000,4000,4000,4000,4000,4000,4000
4000,4000,4000,4000,4000,4000,4000,4000,4000
3977.04,3976.2,3977.94,3977.95,3977.09,3977.09,3977.23,3977.03,3977.35
3883.6,3883.23,3883.51,3885.15,3883.39,3883.58,3883.3,3909.18,3884.12
3739.9,3739.89,3739.88,3739.89,3736.14,3738.77,3739.68,3867.91,3739.92
3896,3895.9,3896,3895.96,3894.66,3895.95,3946.39,3896,3896
3980.01,3980.03,3980.02,3980.03,3980.03,3978.04,3980.02,3988.64,3980.03
4004.01,3992,3992,3992,3992,3992,3992,3992,3992
3995.77,3995.78,3995.76,3995.77,3995.77,3995.78,3995.78,3995.76,3995.77
3999.98,3999.98,4000,4000,4000,4000,4000,4000,4000
4000,4000,4000,4000,4000,4000,4000,4000,4000
4000,4000,4000,4000,4000,4000,4000,4000,4000
4000,4000,4000,4000,4000,4000,4000,4000,4000
4000,4000,4000,4000,4000,4000,4000,4000,4000
4000,4000,4000,4000,4000,4000,4000,4000,4000
4000,4000,4000,4000,4000,4000,4000,4000,4000
3984.14,3988.05,3984.17,3988.05,3988.02,3988,3984.18,3988.05,3988.02
3882.82,3878.91,3880.21,3878.64,3879.9,3879.97,3879.34,3879.14,3880.05
3844,3845.13,3845.45,3847.81,3846.91,3844.02,3860.8,3847.83,3847.8
3950.72,3946.78,3950.67,3947.81,3946.79,3954.97,3949.84,3950.76,3946.87
3995.61,3995.46,3996.62,3995.93,3997.55,3997.55,3998.12,3998.13,3998.11
3999.97,4000.22,4000,4000,4000,4000,4000,4000,4000
3999.99,3999.99,3999.98,3999.99,3999.99,3999.99,3999.98,3999.98,3999.99
3999.98,4000.14,4000,4000,4000,4000,4000,4000,4000
4000,4000,4000,4000,4000,4000,4000,4000,4000
4000,4000,4000,4000,4000,4000,4000,4000,4000
4000,4000,4000,4000,4000,4000,4000,4000,4000
4000,4000,4000,4000,4000,4000,4000,4000,4000
4000,4000,4000,4000,4000,4000,4000,4000,4000
4000,4000,4000,4000,4000,4000,4000,4000,4000
3977.83,3978.09,3977.8,3978.27,3977.64,3977.23,3978.29,3977.75,3977.47
3846.83,3846.56,3846.78,3846.41,3847.12,3847.85,3846.65,3846.91,3846.36
3911.43,3912.53,3911.43,3911.6,3912.15,3912.1,3912.03,3914.47,3912.11
3974.16,3972.37,3974.66,3974.89,3974.66,3974.67,3974.62,3974.15,3974.67
3991.02,3995,3997.16,3995,3995,3995,3995,3995,3995
3999.98,4001.7,4000,4000,4000,4000,4000,4000,4000
4000.13,4000,4000,4000,4000,4000,4000,4000,4000
4000.07,4000,4000,4000,4000,4000,4000,4000,4000
4000,4000,4000,4000,4000,4000,4000,4000,4000
4000,4000,4000,4000,4000,4000,4000,4000,4000
4000,4000,4000,4000,4000,4000,4000,4000,4000
4000,4000,4000,4000,4000,4000,4000,4000,4000
4000,4000,4000,4000,4000,4000,4000,4000,4000
4000,4000,4000,4000,4000,4000,4000,4000,4000
3956.28,3953.5,3957.13,3956.9,3956.53,3956.53,3956.57,3953.42,3956.44
3893.34,3892.47,3893.16,3892.51,3893.49,3892.48,3892.93,3893.25,3893.37
3912.85,3912.23,3912.44,3913.04,3914.22,3912.53,3914.45,3916.67,3915.53
3992.49,3989.22,3989.22,3989.23,3989.65,3989.57,3992.44,3992.32,3992.37
3993.48,3997.45,3996.91,3997.45,3997.45,3997.47,3997.45,3997.45,3997.45
4000.09,4000,4000,4000,4000,4000,4000,4000,4000
4000.09,4000,4000,4000,4000,4000,4000,4000,4000
3999.98,4000.01,4000,4000,4000,4000,4000,4000,4000
4000,4000,4000,4000,4000,4000,4000,4000,4000
4000,4000,4000,4000,4000,4000,4000,4000,4000
4000,4000,4000,4000,4000,4000,4000,4000,4000
4000,4000,4000,4000,4000,4000,4000,4000,4000
4000,4000,4000,4000,4000,4000,4000,4000,4000
4000,4000,4000,4000,4000,4000,4000,4000,4000
3979.51,3980.93,3977.15,3977.1,3977.09,3977.16,3980.27,3980.94,3980.94
3919.77,3921.97,3919.76,3921.64,3921.58,3920.85,3921.57,3921.78,3921.63
3904.14,3905.8,3903.91,3903.92,3903.97,3904.28,3904.3,3904.19,3904.12
3989.99,3989.26,3990.11,3990.01,3990.01,3990.01,3990.01,3990.01,3990.01
3999.99,3999.98,3996,4000,3999.96,3999.99,3997.53,3999.98,4000.18
3995,3994.96,3995.13,3995,3995,3995,3995,3995,3995
3999.99,3999.95,4000.01,4000,4000,4000,4000,4000,4000
4000,4000,4000,4000,4000,4000,4000,4000,4000
4000,4000,4000,4000,4000,4000,4000,4000,4000
4000,4000,4000,4000,4000,4000,4000,4000,4000
4000,4000,4000,4000,4000,4000,4000,4000,4000
4000,4000,4000,4000,4000,4000,4000,4000,4000
4000,4000,4000,4000,4000,4000,4000,4000,4000
4000,4000,4000,4000,4000,4000,4000,4000,4000
3984.94,3984.06,3981.03,3984.96,3984.32,3984.97,3984.96,3984.96,3983.3
3910.61,3911.01,3911.19,3910.67,3910.5,3913.11,3910.87,3911.08,3911.49
3929.77,3929.77,3932.55,3929.62,3927.08,3927.7,3928.51,3927.84,3927.69
3968.13,3972.07,3972.07,3972.07,3968.15,3968.34,3972.07,3974.68,3969.25
3999.99,4000,4000.56,4000,4000,4000,4000,4000,4000
3999.99,3999.99,3999.98,3999.98,3999.98,4000,3999.99,3999.98,3999.97
3999.95,4000,4000,4000,4000,3999.99,3999.98,4000,4000
3999.97,3999.99,4000,4000,4000,4000,4000,4000,4000
4000,4000,4000,4000,4000,4000,4000,4000,4000
4000,4000,4000,4000,4000,4000,4000,4000,4000
4000,4000,4000,4000,4000,4000,4000,4000,4000
4000,4000,4000,4000,4000,4000,4000,4000,4000
4000,4000,4000,4000,4000,4000,4000,4000,4000
4000,4000,4000,4000,4000,4000,4000,4000,4000
3996.19,3993.14,3993.14,3993.14,3997.12,3995.85,3997.12,3997.12,3996.52
3950.85,3950.64,3950.65,3950.98,3950.61,3950.82,3951.05,3951.25,3951.56
3930.06,3930.52,3931.2,3932.37,3931.04,3930.31,3930.07,3930.11,3930.17
3979.26,3975.41,3975.76,3978.37,3979.29,3979.14,3978.62,3980.16,3978.65
3996.2,4000.22,4000,4000,4000,4000,4000,4000,4000
3999.93,4000.9,4000,4000,4000,4000,4000,4000,4000
4000,3999.97,4000.36,4000,4000,4000,4000,4000,4000
4000,4000.01,4000,4000,4000,4000,4000,4000,4000
4000,4000,4000,4000,4000,4000,4000,4000,4000
4000,4000,4000,4000,4000,4000,4000,4000,4000
4000,4000,4000,4000,4000,4000,4000,4000,4000
4000,4000,4000,4000,4000,4000,4000,4000,4000
4000,4000,4000,4000,4000,4000,4000,4000,4000
4000,4000,4000,4000,4000,4000,4000,4000,4000
3999.98,3999.98,3999.98,3999.98,3999.41,3997.95,3999.98,3999.98,3999.37
3936.74,3936.69,3936.71,3936.74,3932.79,3933.55,3939.28,3936.74,3936.74
3948.06,3947.51,3947.06,3947.42,3947.57,3947.6,3947.44,3947.63,3947.47
3980.58,3980.69,3980.48,3983.17,3983.34,3983.06,3985.35,3980.62,3983.58
3994.96,3997.98,3998.64,3998.63,3997.59,3998.64,3998.64,3999.65,3998.64
4000,3999.99,4000,3999.95,4000.68,4000,4000,4000,4000
3999.98,3999.96,3999.98,3999.98,3999.98,4000.07,3999.98,3999.98,3999.97
3999.99,3999.98,3999.99,4000,4000,4000,4000,4000,4000
4000,4000,4000,4000,4000,4000,4000,4000,4000
4000,4000,4000,4000,4000,4000,4000,4000,4000
4000,4000,4000,4000,4000,4000,4000,4000,4000
4000,4000,4000,4000,4000,4000,4000,4000,4000
4000,4000,4000,4000,4000,4000,4000,4000,4000
4000,4000,4000,4000,4000,4000,4000,4000,4000
3996.65,3995.65,3996.64,3996.64,3994.87,3996.65,3996.65,3996.64,3996.65
3974.6,3974.45,3971.75,3974.57,3971.7,3974.54,3976.35,3971.75,3971.7
3931.75,3931.33,3931.75,3931.11,3930.19,3930.85,3939.41,3928.2,3930.36
3967.84,3963.91,3964.37,3964.08,3967.84,3967.83,3967.84,3977.08,3967.85
3997.95,3999.01,3999.01,3999.01,3999.01,3997.79,3999.01,3997.84,4001.47
4000,3999.96,3999.98,3999.97,4002.31,4000,4000,4000,4000
3999.98,3999.98,3999.98,3999.98,3999.98,3999.98,3999.98,3999.98,4000.01
4000,4000,3999.99,4000,4000,4000,4000,4000,4000
4000,4000,4000,4000,4000,4000,4000,4000,4000
4000,4000,4000,4000,4000,4000,4000,4000,4000
4000,4000,4000,4000,4000,4000,4000,4000,4000
4000,4000,4000,4000,4000,4000,4000,4000,4000
4000,4000,4000,4000,4000,4000,4000,4000,4000
4000,4000,4000,4000,4000,4000,4000,4000,4000
3985.85,3986.82,3984.77,3987.38,3986.66,3987.39,3986.84,3987.39,3987.38
3906.24,3963.74,3906.73,3907.01,3906.66,3906.26,3907.03,3908.01,3907.34
3925.97,3922.57,3923.21,3922.78,3925.99,3926,3922.32,3973.21,3926
3909.56,3910.63,3908.58,3906.91,3906.78,3959.42,3910.66,3910.66,3910.66
3928.73,3925.74,3926.4,3983.19,3928.76,3928.76,3928.76,3928.76,3928.76
3998.57,3991.01,3991.01,3991.01,3991.01,3991.01,3991.01,3991.01,3991.01
3998.87,3997.35,3998.86,3998.87,3998.87,3998.87,3998.87,3998.87,3998.87
4000,3999.99,3999.98,3999.97,3999.98,3999.99,3999.99,3999.99,4000
4000,4000,4000,4000,4000,4000,4000,4000,4000
4000,4000,4000,4000,4000,4000,4000,4000,4000
4000,4000,4000,4000,4000,4000,4000,4000,4000
4000,4000,4000,4000,4000,4000,4000,4000,4000
4000,4000,4000,4000,4000,4000,4000,4000,4000
4000,4000,4000,4000,4000,4000,4000,4000,4000
3988.72,3985.82,3989.64,3989.64,3988.91,3989.63,3988.49,3989.64,3986.02
3804.49,3805.33,3806.47,3805.35,3805.4,3805.33,3853.65,3806.87,3804.74
3817.68,3817.21,3816.91,3817.48,3816.78,3818.73,3818.7,3817.48,3862.95
3886.65,3887.65,3946.03,3889.44,3889.43,3889.44,3889.42,3889.44,3889.42
3988.29,3984.36,3985.96,3992.94,3988.3,3988.3,3988.3,3988.3,3988.3
3998.82,3998.82,3998.82,3997.58,3998.82,3998.82,3998.81,3998.82,3998.82
3999.66,3999.66,3999.65,3999.66,3999.66,3999.65,3999.65,3999.66,3999.66
4000,4000,3999.99,3999.99,3999.99,3999.99,4000,3999.97,3999.99
4000,4000,4000,4000,4000,4000,4000,4000,4000
4000,4000,4000,4000,4000,4000,4000,4000,4000
4000,4000,4000,4000,4000,4000,4000,4000,4000
4000,4000,4000,4000,4000,4000,4000,4000,4000
4000,4000,4000,4000,4000,4000,4000,4000,4000
4000,4000,4000,4000,4000,4000,4000,4000,4000
3970.87,3970.21,3971.14,3969.59,3971.13,3971.08,3971.12,3970.57,3971.13
3774.72,3772.2,3775.59,3772.73,3775.62,3774.83,3775.13,3806.31,3773.22
3620.82,3621.33,3620.34,3623.24,3622.83,3620.33,3623.13,3851.66,3622.78
3968.15,3904.29,3904.29,3904.29,3904.29,3904.29,3904.29,3904.29,3904.29
3989.68,3989.08,3991.09,3989.77,3991.61,3991.61,3991.62,3991.62,3991.06
3999.51,3999.51,3999.51,3999.51,3999.5,3999.51,3999.51,3999.51,3999.5
3999.37,3999.37,3999.38,3999.38,3999.38,3999.37,3999.37,3999.37,3999.38
3999.97,3999.97,3999.97,3999.97,3999.97,3999.97,3999.97,3999.96,3999.96
4000,4000,4000,4000,4000,4000,4000,4000,4000
4000,4000,4000,4000,4000,4000,4000,4000,4000
4000,4000,4000,4000,4000,4000,4000,4000,4000
4000,4000,4000,4000,4000,4000,4000,4000,4000
4000,4000,4000,4000,4000,4000,4000,4000,4000
4000,4000,4000,4000,4000,4000,4000,4000,4000
3968.01,3970.07,3970.1,3966.26,3966.29,3966.19,3970.08,3967.45,3970.06
3858.29,3858.7,3858.71,3858.5,3858.31,3857.88,3857.98,3858.41,3859.45
3908.73,3907.55,3907.93,3908.46,3907.05,3907.55,3907.76,3909.95,3908.71
3976.45,3977.57,3976.41,3977.31,3977.11,3976.59,3976.99,3976.4,3976.9
3998.37,3998.95,3998.98,3998.96,3998.87,3998.38,3998.31,3998.95,3998.95
3996.43,3999.82,3999.95,3999.82,3999.81,3999.82,3999.81,3999.8,3999.8
3999.85,3999.86,3999.86,3999.85,3999.85,3999.85,3999.86,3999.86,3999.86
3999.99,3999.99,3999.96,3999.97,3999.98,4000.03,4000,4000,4000
4000,4000,4000,4000,4000,4000,4000,4000,4000
4000,4000,4000,4000,4000,4000,4000,4000,4000
4000,4000,4000,4000,4000,4000,4000,4000,4000
4000,4000,4000,4000,4000,4000,4000,4000,4000
4000,4000,4000,4000,4000,4000,4000,4000,4000
4000,4000,4000,4000,4000,4000,4000,4000,4000
3974.68,3974.98,3975.24,3974.45,3975.77,3975.78,3975.76,3975.77,3972.17
3838.56,3838.01,3838.02,3837.78,3837.88,3838.31,3838.35,3840.95,3838.85
3922.13,3920.95,3920.98,3921.2,3920.38,3920.51,3921.12,3921.41,3920.55
3985,3985.2,3985.2,3982.61,3985.62,3985.62,3985.62,3982.56,3982.54
3992.46,3992.48,3991.67,3992.47,3990.27,3988.65,3992.48,3992.51,3992.48
3999.94,3999.93,4000.06,3999.95,3999.87,3999.95,3999.95,3999.96,3999.95
3999.91,3999.91,3999.91,3999.91,3999.86,3999.91,3999.89,3999.91,3999.91
4000.12,4000,4000,4000,4000,4000,4000,4000,4000
4000,4000,4000,4000,4000,4000,4000,4000,4000
4000,4000,4000,4000,4000,4000,4000,4000,4000
4000,4000,4000,4000,4000,4000,4000,4000,4000
4000,4000,4000,4000,4000,4000,4000,4000,4000
4000,4000,4000,4000,4000,4000,4000,4000,4000
4000,4000,4000,4000,4000,4000,4000,4000,4000
3961.79,3961.49,3961.09,3961.59,3961.56,3961.22,3961.43,3961.38,3961.74
3841.69,3840.09,3841.94,3842,3841.94,3841.4,3841.38,3841.51,3841.85
3931.02,3931.11,3931.08,3931.22,3930.87,3931.28,3930.96,3930.85,3930.95
3986.94,3983.57,3986.48,3984.75,3984.58,3986.93,3983.73,3986.92,3983.56
3984.05,3984.03,3984.05,3984.07,3989.97,3984.08,3984.08,3984.08,3984.08
4003.29,4000,4000,4000,4000,4000,4000,4000,4000
3999.97,3999.99,3999.99,4000.12,4000,4000,4000,4000,4000
4000.03,4000,4000,4000,4000,4000,4000,4000,4000
4000,4000,4000,4000,4000,4000,4000,4000,4000
4000,4000,4000,4000,4000,4000,4000,4000,4000
4000,4000,4000,4000,4000,4000,4000,4000,4000
4000,4000,4000,4000,4000,4000,4000,4000,4000
4000,4000,4000,4000,4000,4000,4000,4000,4000
4000,4000,4000,4000,4000,4000,4000,4000,4000
3972.07,3971.99,3972.22,3971.86,3971.99,3972.02,3972.38,3972.13,3972
3894.86,3895.05,3895.18,3895.2,3895.17,3895.09,3895.32,3895.3,3895.24
3916.11,3916.65,3918.28,3916.17,3917.28,3916.14,3918.94,3919.23,3919.39
3979.87,3979.88,3975.99,3979.87,3975.93,3979.35,3979.87,3978.84,3979.45
4000,3996,4000,3996,3999.95,4000.25,4000,4000,4000
4000,4000,3999.99,3999.98,4000.09,4000,4000,4000,4000
3999.97,3999.98,3999.98,3999.98,3999.98,3999.98,3999.97,4000,3999.98
3999.99,4000,4000,4000,4000,4000,4000,4000,4000
4000,4000,4000,4000,4000,4000,4000,4000,4000
4000,4000,4000,4000,4000,4000,4000,4000,4000
4000,4000,4000,4000,4000,4000,4000,4000,4000
4000,4000,4000,4000,4000,4000,4000,4000,4000
4000,4000,4000,4000,4000,4000,4000,4000,4000
4000,4000,4000,4000,4000,4000,4000,4000,4000
3989.1,3989.1,3987.68,3989.09,3989.1,3989.09,3989.1,3989.1,3988.62
3935.72,3935.8,3936.31,3936.2,3936.11,3936.15,3936.13,3936.15,3936.16
3920.62,3920.56,3920.97,3922.14,3920.66,3919.99,3920.21,3922,3922.08
3978.41,3974.45,3975.12,3978.41,3978.4,3979.32,3978.4,3978.07,3977.63
3999.97,3999.99,3998.89,3998.26,3999.75,4000.06,3999.99,3999.99,3999.99
3999.99,3999.99,4000.49,4000,4000,4000,4000,4000,4000
4000,4000.03,4000,4000,4000,4000,4000,4000,4000
3999.96,3999.97,4000,4000,4000,4000,4000,4000,4000
4000,4000,4000,4000,4000,4000,4000,4000,4000
4000,4000,4000,4000,4000,4000,4000,4000,4000
4000,4000,4000,4000,4000,4000,4000,4000,4000
4000,4000,4000,4000,4000,4000,4000,4000,4000
4000,4000,4000,4000,4000,4000,4000,4000,4000
4000,4000,4000,4000,4000,4000,4000,4000,4000
3978.61,3982.58,3982.59,3980.71,3982.59,3981.38,3982.58,3981.93,3981.97
3943.67,3943.86,3943.73,3945.88,3943.98,3944.06,3945.74,3945.38,3945.37
3938.84,3938.65,3943.01,3938.69,3938.57,3939.15,3939.01,3938.82,3939.04
3977.13,3977.14,3973.36,3973.94,3973.43,3974.41,3976.45,3977.93,3977.16
3999.99,3999.29,3999.99,3999.99,3999.99,4000.38,3999.99,3999.98,3999.55
3999.96,4000,4000,4000,4000.54,4000,4000,4000,4000
3999.96,3999.96,3999.96,3999.96,3999.95,3999.96,3999.96,3999.96,3999.95
3999.99,3999.97,4000,4000,4000,4000,4000,4000,3999.99
4000,4000,4000,4000,4000,4000,4000,4000,4000
4000,4000,4000,4000,4000,4000,4000,4000,4000
4000,4000,4000,4000,4000,4000,4000,4000,4000
4000,4000,4000,4000,4000,4000,4000,4000,4000
4000,4000,4000,4000,4000,4000,4000,4000,4000
4000,4000,4000,4000,4000,4000,4000,4000,4000
3997.29,3995.62,3997.29,3997.27,3997.29,3995.95,3997.29,3996.75,3997.31
3958.74,3958.76,3960.18,3960.33,3960.43,3960.13,3960.39,3960.37,3962.91
3939.61,3939.44,3939.07,3938.37,3939.5,3939.54,3940.1,3939.51,3939.23
3980.93,3980.57,3981.01,3981.05,3981.79,3980.89,3981.16,3980.95,3980.84
3995.51,3998.55,3999.25,3999.26,3999.24,3999.26,3999.25,4000.14,3999.26
3999.97,4000,4000,4000,4000,3999.99,3999.99,4001.15,4000
3999.97,3999.98,3999.98,3999.98,3999.98,3999.97,3999.98,3999.98,4000.04
3999.98,4000,4000,4000,4000,4000,3999.99,3999.98,4000
4000,4000,4000,4000,4000,4000,4000,4000,4000
4000,4000,4000,4000,4000,4000,4000,4000,4000
4000,4000,4000,4000,4000,4000,4000,4000,4000
4000,4000,4000,4000,4000,4000,4000,4000,4000
4000,4000,4000,4000,4000,4000,4000,4000,4000
4000,4000,4000,4000,4000,4000,4000,4000,4000
3996.26,3996.25,3996.26,3996.26,3996.26,3996.26,3995.5,3996.32,3996.26
3987.9,3986.96,3988.45,3987.14,3987.1,3987.82,3987.71,3987.24,3987.22
3940.42,3942.65,3942.64,3940.42,3940.41,3942.48,3942.59,3942.51,3944.45
3962.85,3962.85,3961.41,3968.96,3962.85,3958.94,3960.75,3960.98,3960.88
3999.27,3999.26,3999.27,3998.79,3999.27,3998.37,3999.26,3998.9,3999.83
3999.95,3999.98,4001.67,4000,4000,4000,4000,4000,4000
3999.98,4000,3999.99,3999.99,4000,3999.98,4000,4000.19,4000
3999.98,4000,4000,4000,4000,4000,4000,4000,3999.99
4000,4000,4000,4000,4000,4000,4000,4000,4000
4000,4000,4000,4000,4000,4000,4000,4000,4000
4000,4000,4000,4000,4000,4000,4000,4000,4000
4000,4000,4000,4000,4000,4000,4000,4000,4000
4000,4000,4000,4000,4000,4000,4000,4000,4000
4000,4000,4000,4000,4000,4000,4000,4000,4000
3984.57,3984.43,3988.23,3988.23,3984.56,3984.44,3988.24,3988.24,3988.24
3837.05,3835.7,3836.31,3836.73,3838.3,3837.2,3837.99,3869.27,3837.63
3815.6,3815.01,3815.61,3815.37,3813.78,3919.55,3815.82,3814.86,3815.28
3945.36,3945.64,3947.19,3945.62,3945.32,3944.97,3983.09,3946.06,3945.82
3990.34,3986.52,3988.91,3986.73,3990.26,3990.36,3990.34,3995.59,3990.38
3999.98,3999.99,3999.99,3999.99,3999.99,3999.99,3999.99,3999.98,3999.99
3999.64,3999.63,3999.64,3999.64,3999.64,3999.64,3999.64,3999.64,3999.64
4000.24,4000,4000,4000,4000,4000,4000,4000,4000
4000,4000,4000,4000,4000,4000,4000,4000,4000
4000,4000,4000,4000,4000,4000,4000,4000,4000
4000,4000,4000,4000,4000,4000,4000,4000,4000
4000,4000,4000,4000,4000,4000,4000,4000,4000
4000,4000,4000,4000,4000,4000,4000,4000,4000
4000,4000,4000,4000,4000,4000,4000,4000,4000
3979.1,3979.17,3980.15,3982.7,3981.98,3982.69,3979.15,3979.19,3982.7
3828.85,3845.9,3828.86,3827.72,3826.47,3827.35,3828.04,3828.24,3829.28
3779.94,3850.35,3779.84,3781.58,3781.54,3780.14,3779.14,3779.66,3778.8
3958.71,3958.87,3956.16,3958.85,3955.59,3958.87,3958.86,3960.62,3957.95
3993.52,3993.37,3993.37,3993.37,3993.37,3993.37,3993.37,3993.37,3993.37
3998.88,3998.88,3998.87,3998.87,3998.87,3998.86,3996.4,3998.87,3998.86
3999.3,3999.3,3999.3,3999.3,3999.3,3999.3,3999.3,3999.3,3999.3
3999.96,4000.03,4000,4000,4000,4000,4000,4000,4000
4000,4000,4000,4000,4000,4000,4000,4000,4000
4000,4000,4000,4000,4000,4000,4000,4000,4000
4000,4000,4000,4000,4000,4000,4000,4000,4000
4000,4000,4000,4000,4000,4000,4000,4000,4000
4000,4000,4000,4000,4000,4000,4000,4000,4000
4000,4000,4000,4000,4000,4000,4000,4000,4000
3981.98,3980.24,3980.32,3980.35,3981.97,3981.45,3980.23,3981.66,3980.34
3815.75,3816.03,3816.02,3815.92,3815.82,3816.04,3816.19,3816.1,3816.02
3703.52,3704.62,3703.21,3703.66,3704.46,3806.85,3705.11,3704.97,3703.36
3920.24,3920.86,3922.61,3963.83,3924.05,3924.05,3924.05,3924.05,3924.05
3993.88,3994.16,3995.2,3996.55,3996.55,3997.02,3996.56,3996.28,3996.11
3999.25,3999.24,3999.25,3999.25,3999.25,3999.25,3999.25,3999.25,3999.25
3999.69,3999.69,3999.69,3999.68,3999.69,3999.69,3999.67,3999.68,3999.69
3999.99,3999.97,4000.06,4000,4000,4000,4000,4000,4000
4000,4000,4000,4000,4000,4000,4000,4000,4000
4000,4000,4000,4000,4000,4000,4000,4000,4000
4000,4000,4000,4000,4000,4000,4000,4000,4000
4000,4000,4000,4000,4000,4000,4000,4000,4000
4000,4000,4000,4000,4000,4000,4000,4000,4000
4000,4000,4000,4000,4000,4000,4000,4000,4000
3979.34,3980.25,3979.17,3979.35,3981.35,3981.03,3981.52,3979.27,3981.43
3771.99,3769.43,3769.35,3769.66,3769.49,3769.58,3769.61,3769.4,3769.52
3853.47,3771.11,3771.11,3771.11,3771.11,3771.11,3771.11,3771.11,3771.11
3947.03,3947.33,3950.4,3947.72,3948.2,3948.67,3948.11,3948.45,3948.6
3989.67,3992.27,3989.68,3989.68,3989.62,3987.17,3986.2,3987.01,3988.19
3995.86,3995.85,3995.85,3995.84,3995.82,3995.86,3995.86,3995.85,3996.4
3999.83,3999.83,3999.84,3999.83,3999.83,3999.83,3999.82,3999.84,3999.84
4000,3999.99,4000,4000,4000,4000,4000,4000,4000
4000,4000,4000,4000,4000,4000,4000,4000,4000
4000,4000,4000,4000,4000,4000,4000,4000,4000
4000,4000,4000,4000,4000,4000,4000,4000,4000
4000,4000,4000,4000,4000,4000,4000,4000,4000
4000,4000,4000,4000,4000,4000,4000,4000,4000
4000,4000,4000,4000,4000,4000,4000,4000,4000
3976.19,3976.52,3976.53,3976.29,3976.52,3976.05,3976.47,3976.48,3976.38
3757.62,3756.84,3758.22,3767.84,3757.25,3756.69,3757.21,3757.14,3758.01
3898.48,3898.45,3898.46,3898.21,3898.15,3898.57,3898.08,3898.5,3898.4
3949.93,3951.1,3950.22,3951.01,3949.93,3951.13,3951.02,3949.97,3951.11
3995.85,3995.85,3993.63,3992.44,3995.84,3995.86,3995.9,3995.85,3995.85
3999.99,3999.97,4002.04,4000,4000,4000,4000,4000,4000
3999.89,3999.9,3999.89,3999.9,3999.88,3999.9,3999.9,3999.9,3999.9
4000.11,4000,4000,4000,4000,4000,4000,4000,4000
4000,4000,4000,4000,4000,4000,4000,4000,4000
4000,4000,4000,4000,4000,4000,4000,4000,4000
4000,4000,4000,4000,4000,4000,4000,4000,4000
4000,4000,4000,4000,4000,4000,4000,4000,4000
4000,4000,4000,4000,4000,4000,4000,4000,4000
4000,4000,4000,4000,4000,4000,4000,4000,4000
3949.29,3949.12,3949.06,3949.76,3949.74,3948.96,3949.76,3948.7,3949.34
3794.24,3793.82,3794.39,3794.47,3797.29,3792.84,3794.25,3794.49,3794.47
3927.26,3926.88,3926.83,3927.41,3927.41,3927.02,3927.11,3927.28,3926.94
3974.59,3973.37,3972,3972.18,3972.2,3972.02,3975.88,3972.1,3972.19
3995.65,3999.35,3999.35,3995.41,3999.35,3999.84,3999.36,3999.36,3999.36
4000.2,4000,4000,4000,4000,4000,4000,4000,4000
3999.99,3999.99,3999.99,3999.98,3999.99,3999.99,3999.99,3999.99,3999.99
4000,4000,4000,4000,4000,4000,4000,4000,4000
4000,4000,4000,4000,4000,4000,4000,4000,4000
4000,4000,4000,4000,4000,4000,4000,4000,4000
4000,4000,4000,4000,4000,4000,4000,4000,4000
4000,4000,4000,4000,4000,4000,4000,4000,4000
4000,4000,4000,4000,4000,4000,4000,4000,4000
4000,4000,4000,4000,4000,4000,4000,4000,4000
3967.51,3968.25,3967.48,3968.24,3968.24,3964.44,3968.23,3967.57,3967.7
3891.49,3891.33,3891.33,3891.31,3891.27,3891.46,3891.27,3891.37,3891.13
3916.89,3916.9,3917,3915.01,3914.73,3919.14,3915.31,3917.06,3914.69
3990.31,3990.33,3987.06,3990.33,3990.93,3990.74,3990.84,3990.31,3990.33
3999.17,3995.24,3995.26,3998.03,3999.18,3998.97,3999.18,3999.25,3999.19
3999.97,3999.98,3999.79,4000,4000.06,4000,4000,4000,4000
3997.87,3999.97,4000,4000,4000,4000.03,4000,4000,4000
4000,4000,4000,4000,4000,4000,4000,4000,4000
4000,4000,4000,4000,4000,4000,4000,4000,4000
4000,4000,4000,4000,4000,4000,4000,4000,4000
4000,4000,4000,4000,4000,4000,4000,4000,4000
4000,4000,4000,4000,4000,4000,4000,4000,4000
4000,4000,4000,4000,4000,4000,4000,4000,4000
4000,4000,4000,4000,4000,4000,4000,4000,4000
3988.1,3988.12,3988.1,3991.51,3992.01,3992.02,3991.53,3991,3991.51
3919.43,3918.6,3919.58,3920,3919.06,3919.54,3918.88,3919.54,3919.54
3919.13,3919,3916.63,3919.18,3915.8,3919.07,3919.24,3919.07,3919.78
3984.21,3982.03,3983.64,3984.3,3984.54,3984.43,3984.67,3984.2,3982
3999.02,3995.36,3998.89,3999.03,3998.37,3998.48,3999.02,3999.02,3999.02
3999.98,3999.99,4000,3999.37,4000,4000,4000,4000.01,4000
4000.03,4000,4000,4000,4000,4000,4000,4000,4000
4000,4000,4000,4000,4000,4000,4000,4000,4000
4000,4000,4000,4000,4000,4000,4000,4000,4000
4000,4000,4000,4000,4000,4000,4000,4000,4000
4000,4000,4000,4000,4000,4000,4000,4000,4000
4000,4000,4000,4000,4000,4000,4000,4000,4000
4000,4000,4000,4000,4000,4000,4000,4000,4000
4000,4000,4000,4000,4000,4000,4000,4000,4000
3995.11,3995.11,3999.09,3999.08,3998.56,3998.38,3999.09,3999.08,3999.08
3942,3941.85,3941.61,3941.62,3941.59,3941.87,3941.58,3941.63,3941.56
3945.58,3943.91,3945.97,3945.94,3943.92,3945.94,3945.85,3945.57,3945.88
3981.53,3982.03,3981.82,3982.08,3981.52,3981.97,3981.97,3981.68,3981.88
3999.02,3999.03,3998.49,3999.05,3999.05,3999.05,3999.04,3999.05,3999.26
3999.99,4000.19,4000,4000,4000,4000,4000,4000,4000
3999.93,3999.93,3999.93,3999.93,3999.93,3999.93,3999.94,3999.93,3999.93
4000,3999.99,4000,4000,3999.99,4000,4000,4000,4000
4000,4000,4000,4000,4000,4000,4000,4000,4000
4000,4000,4000,4000,4000,4000,4000,4000,4000
4000,4000,4000,4000,4000,4000,4000,4000,4000
4000,4000,4000,4000,4000,4000,4000,4000,4000
4000,4000,4000,4000,4000,4000,4000,4000,4000
4000,4000,4000,4000,4000,4000,4000,4000,4000
3994.27,3994.27,3998.24,3998.24,3998.24,3997.71,3998.24,3997.54,3998.25
3975.6,3975.47,3973.36,3975.14,3973.36,3975.23,3975.52,3975.78,3975.5
3938.65,3940.87,3941.08,3941.02,3941.51,3941.1,3941.08,3941.15,3941.13
3976.36,3978.9,3979.84,3980.26,3979.76,3978.91,3981.26,3980.06,3979.65
3997.54,3997.32,3997.96,3997.95,3997.55,3997.56,3997.96,3997.37,3997.88
3999.97,4000.97,4000,4000,4000,4000,4000,4000,4000
3999.97,3999.97,3999.97,3999.97,3999.97,3999.97,3999.97,3999.97,3999.97
3999.98,4000,4000,4000,4000,4000,4000,4000,4000
4000,4000,4000,4000,4000,4000,4000,4000,4000
4000,4000,4000,4000,4000,4000,4000,4000,4000
4000,4000,4000,4000,4000,4000,4000,4000,4000
4000,4000,4000,4000,4000,4000,4000,4000,4000
4000,4000,4000,4000,4000,4000,4000,4000,4000
4000,4000,4000,4000,4000,4000,4000,4000,4000
3997.24,3997.25,3996.76,3997.25,3997.25,3997.25,3997.24,3996.31,3996.76
3975.41,3975.54,3975.37,3975.41,3975.7,3975.61,3975.8,3975.47,3975.52
3933.37,3933.28,3933.51,3933.38,3933.12,3933.51,3933.33,3933.49,3936.29
3987.64,3986.51,3987.65,3986.81,3986.66,3986.96,3987.64,3987.26,3989.46
3996.85,3997.21,3997.03,3996.88,3997.18,3997.05,3996.92,3998.98,3997.06
3999.99,4000,4001.37,4000,4000,4000,4000,4000,4000
4000,4000,4000,4000,3999.99,4000,3999.99,4000,4000.04
3999.99,4000,3999.99,4000,4000,4000,4000,4000,4000
4000,4000,4000,4000,4000,4000,4000,4000,4000
4000,4000,4000,4000,4000,4000,4000,4000,4000
4000,4000,4000,4000,4000,4000,4000,4000,4000
4000,4000,4000,4000,4000,4000,4000,4000,4000
4000,4000,4000,4000,4000,4000,4000,4000,4000
4000,4000,4000,4000,4000,4000,4000,4000,4000
3977.65,3980.9,3980.75,3981.52,3981.5,3981.01,3981.52,3979.05,3981.52
3886.65,3888.53,3885.11,3886.07,3884.98,3885.09,3884.98,3885.64,3947.14
3897.21,3894.75,3895.64,3897.11,3895.02,3894.49,3939.96,3897.14,3894.68
3952.26,3952.66,3956.94,3954.92,3954.92,3954.92,3954.92,3954.92,3954.92
3983.16,3984.06,3984.09,3981.13,3982.97,3984.26,3983.81,3983.52,3984.09
3999.14,3999.14,3999.15,3999.15,3999.14,3999.15,3999.15,3999.15,3999.15
3999.1,3999.1,3999.1,3999.1,3999.09,3999.1,3999.09,3999.1,3999.1
3999.99,3999.99,3999.99,3999.98,3999.99,3999.97,4000.05,4000,4000
4000,4000,4000,4000,4000,4000,4000,4000,4000
4000,4000,4000,4000,4000,4000,4000,4000,4000
4000,4000,4000,4000,4000,4000,4000,4000,4000
4000,4000,4000,4000,4000,4000,4000,4000,4000
4000,4000,4000,4000,4000,4000,4000,4000,4000
4000,4000,4000,4000,4000,4000,4000,4000,4000
3996,3999.86,3999.86,3999.86,3999.85,3999.86,3999.85,3999.86,3999.85
3875.51,3877.09,3877.14,3877.04,3877.11,3877.18,3883.96,3877.17,3877.09
3888.34,3888.13,3888.26,3890.54,3888.44,3910.88,3891.92,3891.92,3891.92
3966.2,3967.3,3968.18,3968.69,3969.2,3968.2,3968.25,3968.15,3968.24
3989.82,3993.35,3993.37,3993.27,3993.34,3993.35,3993.35,3993.35,3993.35
3998.85,3998.85,3998.86,3998.85,3998.86,3998.85,3998.85,3998.85,3998.85
3998.9,3998.9,3998.89,3998.9,3998.9,3998.89,3998.89,3998.89,3998.9
3999.97,3999.98,3999.98,3999.99,3999.99,3999.99,3999.99,4000,3999.98
4000,4000,4000,4000,4000,4000,4000,4000,4000
4000,4000,4000,4000,4000,4000,4000,4000,4000
4000,4000,4000,4000,4000,4000,4000,4000,4000
4000,4000,4000,4000,4000,4000,4000,4000,4000
4000,4000,4000,4000,4000,4000,4000,4000,4000
4000,4000,4000,4000,4000,4000,4000,4000,4000
3981.19,3979.25,3981.18,3981.36,3979.39,3981.14,3980.9,3981.22,3981.18
3842.06,3837.64,3837.34,3837.21,3837.11,3837.16,3837.08,3837.21,3836.55
3774.19,3774.08,3775.45,3773.08,3775.66,3775.94,3773.72,3877.84,3775.74
3908.93,3912.54,3909.18,3908.64,3911.86,3912.53,3909.13,3965.99,3912.54
3968.06,3964.26,3968.07,3968.06,3978.93,3968.08,3968.08,3968.08,3968.08
3996.02,3998.45,3998.45,3998.45,3998.45,3998.45,3998.44,3997.16,3998.45
3998.96,3998.96,3998.94,3998.96,3998.95,3996.13,3998.95,3998.96,3998.95
4000,3999.99,3999.98,3999.98,3999.98,3999.98,3999.98,3999.98,4000
4000,4000,4000,4000,4000,4000,4000,4000,4000
4000,4000,4000,4000,4000,4000,4000,4000,4000
4000,4000,4000,4000,4000,4000,4000,4000,4000
4000,4000,4000,4000,4000,4000,4000,4000,4000
4000,4000,4000,4000,4000,4000,4000,4000,4000
4000,4000,4000,4000,4000,4000,4000,4000,4000
3969.28,3970.01,3970.01,3969.98,3967.09,3970.01,3967.28,3970,3970
3827.96,3828.08,3828.25,3827.83,3838.12,3827.98,3828.29,3827.74,3828.12
3863.39,3863.75,3864.51,3938.88,3862.65,3863.01,3863.71,3864.79,3862.87
3971.7,3949.5,3945.79,3949.51,3949.51,3946.01,3948.41,3945.63,3946.27
3996.67,3996.48,3996.68,3996.67,3996.66,3997.34,3996.67,3996.67,3996.67
3990,3990,3995.64,3990.01,3990.01,3990.01,3990.01,3990.01,3990.01
3999.79,3999.79,3999.8,3996.17,3999.8,3999.8,3999.8,3999.79,3999.79
3999.97,3999.98,3999.99,3999.98,3999.97,3999.99,4000,3999.99,3999.99
4000,4000,4000,4000,4000,4000,4000,4000,4000
4000,4000,4000,4000,4000,4000,4000,4000,4000
4000,4000,4000,4000,4000,4000,4000,4000,4000
4000,4000,4000,4000,4000,4000,4000,4000,4000
4000,4000,4000,4000,4000,4000,4000,4000,4000
4000,4000,4000,4000,4000,4000,4000,4000,4000
3978.08,3978.12,3978.05,3977.87,3977.98,3978.03,3978.22,3978.07,3977.99
3790.14,3789.55,3789.54,3789.59,3789.35,3789.41,3789.53,3789.56,3789.23
3929.2,3927.97,3928.97,3932.19,3928.82,3929.04,3926.55,3929.01,3926.39
3970.74,3971.78,3971.8,3982.49,3971.82,3971.82,3971.82,3971.82,3971.82
3998.66,3998.32,3998.72,3998.23,3998.22,3998.67,3998.67,3998.21,3998.47
3996.16,3999.92,3999.93,3999.93,3999.92,3999.93,3999.94,3999.94,4000.38
3999.93,3999.93,3999.96,3999.93,3999.93,3999.93,3999.93,3999.92,3999.93
4000.03,4000,4000,4000,4000,4000,4000,4000,4000
4000,4000,4000,4000,4000,4000,4000,4000,4000
4000,4000,4000,4000,4000,4000,4000,4000,4000
4000,4000,4000,4000,4000,4000,4000,4000,4000
4000,4000,4000,4000,4000,4000,4000,4000,4000
4000,4000,4000,4000,4000,4000,4000,4000,4000
4000,4000,4000,4000,4000,4000,4000,4000,4000
3957.11,3957.27,3957.22,3956.82,3957.22,3957.19,3957.55,3957.55,3957.57
3847.41,3846.2,3847.36,3847.53,3848.25,3847.1,3847.65,3846.52,3847.52
3914.88,3915.12,3915.27,3912.72,3914.89,3912.86,3913.34,3915.22,3915.15
3978.54,3978.57,3978.35,3977.76,3978.53,3978.55,3978.55,3977.75,3978.53
3996.12,3996.05,3999.92,3999.92,3999.89,3999.91,3999.02,3999.91,3999.12
4000.4,4000,4000,4000,4000,4000,4000,4000,4000
3996.11,3999.99,3999.99,3999.99,3999.99,3999.98,3999.99,3999.99,3999.99
3999.98,4000.03,4000,4000,4000,4000,4000,4000,4000
4000,4000,4000,4000,4000,4000,4000,4000,4000
4000,4000,4000,4000,4000,4000,4000,4000,4000
4000,4000,4000,4000,4000,4000,4000,4000,4000
4000,4000,4000,4000,4000,4000,4000,4000,4000
4000,4000,4000,4000,4000,4000,4000,4000,4000
4000,4000,4000,4000,4000,4000,4000,4000,4000
3964.58,3965.92,3965.93,3965.92,3965.93,3965.1,3965.93,3965.92,3964.36
3882.13,3882.52,3882.26,3882.24,3882.25,3882.41,3882.14,3882.21,3882.37
3902.74,3902.84,3902.81,3903.04,3903.15,3902.84,3902.9,3902.98,3902.82
3981.58,3981.58,3981.58,3981.53,3981.59,3981.33,3981.59,3981.59,3981.75
3999.98,3999.99,4000,3999.97,3996,3999.99,3999.98,3999.99,4000.05
3999.99,3999.98,4000.17,4000,4000,4000,4000,4000,4000
4000,3999.98,4000,4000,4000,4000,4000,4000,4000
4000,4000,4000,4000,4000,4000,4000,4000,4000
4000,4000,4000,4000,4000,4000,4000,4000,4000
4000,4000,4000,4000,4000,4000,4000,4000,4000
4000,4000,4000,4000,4000,4000,4000,4000,4000
4000,4000,4000,4000,4000,4000,4000,4000,4000
4000,4000,4000,4000,4000,4000,4000,4000,4000
4000,4000,4000,4000,4000,4000,4000,4000,4000
3991.77,3991.7,3992.39,3991.31,3992.39,3988.48,3992.38,3992.39,3991.05
3918.25,3918.5,3918.24,3918.22,3918.41,3918.38,3918.36,3918.7,3918.62
3902.05,3902.49,3901.39,3901.96,3901.59,3902.31,3901.5,3902.01,3902.26
3987.24,3986.23,3987.44,3987.18,3987.32,3984.41,3984.36,3987.25,3987.23
3999.97,3999.99,3999.97,3999.98,3999.98,3999.98,3999.98,3999.99,3996.06
3999.98,3999.98,4000.05,4000,4000,4000,4000,4000,4000
3999.99,3999.97,3999.99,3999.99,3999.99,3999.99,3999.99,3999.99,3999.99
4000,4000,4000,4000,4000,4000,4000,4000,4000
4000,4000,4000,4000,4000,4000,4000,4000,4000
4000,4000,4000,4000,4000,4000,4000,4000,4000
4000,4000,4000,4000,4000,4000,4000,4000,4000
4000,4000,4000,4000,4000,4000,4000,4000,4000
4000,4000,4000,4000,4000,4000,4000,4000,4000
4000,4000,4000,4000,4000,4000,4000,4000,4000
3992.8,3992.81,3992.81,3992.81,3992.33,3992.3,3992.8,3992.81,3992.81
3938.63,3938.72,3938.8,3938.41,3938.74,3938.79,3938.79,3938.36,3938.78
3914.46,3914.41,3914.5,3914.54,3914.54,3914.49,3914.56,3914.58,3914.73
3972.33,3972.4,3972.52,3972.29,3968.99,3969.3,3972.61,3972.56,3973.12
3999.05,3999.21,3998.87,3999.2,3998.59,3999.21,3999.2,3999.21,3999.21
3999.98,4000.12,4000,4000,4000,4000,4000,4000,4000
3999.98,3999.97,3999.98,3999.98,3999.97,3999.98,3999.98,3999.97,3999.34
4000,4000,4000,4000,4000,4000,4000,4000,4000
4000,4000,4000,4000,4000,4000,4000,4000,4000
4000,4000,4000,4000,4000,4000,4000,4000,4000
4000,4000,4000,4000,4000,4000,4000,4000,4000
4000,4000,4000,4000,4000,4000,4000,4000,4000
4000,4000,4000,4000,4000,4000,4000,4000,4000
4000,4000,4000,4000,4000,4000,4000,4000,4000
3999.98,3999.98,3999.25,3999.47,3999.34,3999.98,3999.98,3999.97,3999.48
3963.34,3963.3,3963.65,3963.16,3962.98,3963.04,3962.93,3963.16,3963.26
3937.17,3937.37,3938.05,3938.42,3938.41,3938.36,3938.18,3938.12,3939.05
3976.39,3979.44,3979.08,3979.37,3979.47,3980.24,3978.95,3979,3979.11
3998.22,3998.23,3998.21,3998.24,3997.65,3998.51,3998.24,3998.24,3998.24
3999.72,4000,4000,4000,4000,4000,3999.99,3999.99,4000.18
3999.98,3999.99,3999.98,3999.98,3999.99,3999.99,3999.98,3999.98,3999.99
4000,4000,3999.99,3999.99,4000,4000,4000,4000,4000
4000,4000,4000,4000,4000,4000,4000,4000,4000
4000,4000,4000,4000,4000,4000,4000,4000,4000
4000,4000,4000,4000,4000,4000,4000,4000,4000
4000,4000,4000,4000,4000,4000,4000,4000,4000
4000,4000,4000,4000,4000,4000,4000,4000,4000
4000,4000,4000,4000,4000,4000,4000,4000,4000
3998.81,3999.3,3998.82,3999.31,3999.31,3998.48,3999.31,3999.31,3998.85
3968.31,3968.05,3969.71,3968.16,3968.35,3968.42,3968.05,3968.15,3968.45
3930.22,3930.22,3930.06,3930.28,3930.1,3930.21,3930.23,3930.08,3931.07
3975.57,3975.51,3975.76,3975.53,3975.67,3975.96,3975.93,3975.82,3976.63
3996.31,3996.48,3996.58,3996.28,3996.48,3996.41,3997.22,3996.71,3996.47
3999.99,4002.52,4000,4000,4000,4000,4000,4000,4000
3999.99,3999.99,4000.03,3999.99,3999.99,3999.99,3999.99,3999.99,3999.99
4000,4000.01,4000,4000,4000,4000,4000,4000,4000
4000,4000,4000,4000,4000,4000,4000,4000,4000
4000,4000,4000,4000,4000,4000,4000,4000,4000
4000,4000,4000,4000,4000,4000,4000,4000,4000
4000,4000,4000,4000,4000,4000,4000,4000,4000
4000,4000,4000,4000,4000,4000,4000,4000,4000
4000,4000,4000,4000,4000,4000,4000,4000,4000
3979.29,3979.29,3975.43,3975.54,3979.29,3975.42,3979.29,3979.28,3979.29
3880.19,3879.74,3880.19,3879.96,3880.21,3878.09,3880.21,3877.07,3918.11
3798.84,3798.35,3799.6,3798.22,3801.43,3895.73,3801.59,3801.59,3801.59
3951.38,3966.41,3953.37,3954.85,3953.34,3953.22,3951.8,3951.4,3953.55
3983.36,3983.31,3983.47,3984.49,3983.52,3983.37,3981.94,3982.18,3984.07
3998.82,3998.82,3998.82,3998.82,3998.81,3998.82,3998.82,3998.82,3998.82
3999.06,3999.06,3999.06,3999.06,3999.06,3999.06,3999.06,3999.06,3999.05
3999.95,4000,3999.99,3999.98,3999.98,3999.99,4000,3999.99,4000.01
4000,4000,4000,4000,4000,4000,4000,4000,4000
4000,4000,4000,4000,4000,4000,4000,4000,4000
4000,4000,4000,4000,4000,4000,4000,4000,4000
4000,4000,4000,4000,4000,4000,4000,4000,4000
4000,4000,4000,4000,4000,4000,4000,4000,4000
4000,4000,4000,4000,4000,4000,4000,4000,4000
3996.42,3996.42,3992.82,3996.42,3996.42,3992.94,3992.98,3996.42,3992.88
3877.19,3879.69,3877.64,3877.22,3880.03,3880.03,3892.59,3880,3877.49
3818.22,3817.85,3890.3,3817.38,3817.58,3816.38,3816.58,3816.09,3817.63
3933.36,3933.38,3933.35,3969.85,3933.36,3933.36,3933.34,3933.34,3933.38
3989.14,3989.14,3989.14,3985.35,3989.14,3989.13,3989.14,3988.58,3989.14
3999,3998.99,3998.99,3998.24,3999,3998.99,3999,3999,3999
3999.25,3998.75,3999.24,3999.24,3999.24,3999.25,3999.25,3999.24,3999.24
3999.98,3999.93,3999.99,4000.01,4000,4000,4000,4000,4000
4000,4000,4000,4000,4000,4000,4000,4000,4000
4000,4000,4000,4000,4000,4000,4000,4000,4000
4000,4000,4000,4000,4000,4000,4000,4000,4000
4000,4000,4000,4000,4000,4000,4000,4000,4000
4000,4000,4000,4000,4000,4000,4000,4000,4000
4000,4000,4000,4000,4000,4000,4000,4000,4000
3982.01,3982.01,3982,3982.01,3982.01,3982.01,3981.52,3982.01,3982
3912.28,3912.41,3912.34,3912.53,3912.24,3912.49,3912.15,3912.62,3912.86
3837.33,3861.92,3839.08,3838.84,3838.99,3839.38,3838.12,3837.53,3837.54
3949.83,3950.74,3973.83,3951.89,3951.36,3953.7,3950.14,3951.06,3953.69
3988.15,3985.45,3990.75,3989.06,3986.55,3988.56,3986.49,3986.36,3987.98
3999.27,3999.27,3999.27,3999.27,3999.27,3999.27,3999.26,3999.27,3999.27
3999.69,3999.68,3999.69,3999.69,3999.68,3999.68,3999.69,3999.69,3999.69
4000.01,4000,4000,4000,4000,4000,4000,4000,4000
4000,4000,4000,4000,4000,4000,4000,4000,4000
4000,4000,4000,4000,4000,4000,4000,4000,4000
4000,4000,4000,4000,4000,4000,4000,4000,4000
4000,4000,4000,4000,4000,4000,4000,4000,4000
4000,4000,4000,4000,4000,4000,4000,4000,4000
4000,4000,4000,4000,4000,4000,4000,4000,4000
3979.57,3979.85,3976.74,3976.74,3979.81,3979.59,3977.19,3976.72,3979.58
3855.49,3855.67,3855.06,3855.43,3855.54,3855.33,3855.7,3855.6,3854.97
3906.22,3906,3906.92,3906.09,3904.79,3906.01,3906.09,3905.95,3903.26
3971.91,3975.01,3974.99,3974.22,3973.44,3971.17,3976.16,3971.58,3974.04
3998.56,3998.16,3997.93,3998.55,3998.56,3998.56,3997.84,3998.56,3997.84
3999.59,3999.57,3999.58,3999.59,3999.59,3999.58,3999.58,3999.58,3999.58
3999.79,3999.78,3999.8,3999.79,3999.79,3999.79,3999.79,3999.8,3999.79
3999.95,3999.96,4000,4000,3999.99,4000,4000,4000,4000
4000,4000,4000,4000,4000,4000,4000,4000,4000
4000,4000,4000,4000,4000,4000,4000,4000,4000
4000,4000,4000,4000,4000,4000,4000,4000,4000
4000,4000,4000,4000,4000,4000,4000,4000,4000
4000,4000,4000,4000,4000,4000,4000,4000,4000
4000,4000,4000,4000,4000,4000,4000,4000,4000
3962.16,3963.62,3962.06,3963.08,3962.03,3962.1,3963.62,3963.62,3962.06
3812.24,3812.27,3812.32,3812.27,3812.14,3812.37,3812.08,3813,3812.13
3890.44,3890.74,3890.28,3891.08,3890.83,3890.39,3890.54,3890.37,3890.43
3990.18,3990.82,3990.84,3990.83,3987.44,3990.84,3990.13,3990.84,3990.84
3997.55,3997.56,3997.54,3997.56,3997.17,3997.55,3997.56,3997.56,3997.56
3999.91,3999.9,3999.9,3999.9,3999.89,3999.9,3999.91,3999.9,3999.06
3999.96,3999.95,3999.95,3999.95,3999.96,3999.95,3999.95,3999.95,3999.94
4000.03,4000,4000,4000,4000,4000,4000,4000,4000
4000,4000,4000,4000,4000,4000,4000,4000,4000
4000,4000,4000,4000,4000,4000,4000,4000,4000
4000,4000,4000,4000,4000,4000,4000,4000,4000
4000,4000,4000,4000,4000,4000,4000,4000,4000
4000,4000,4000,4000,4000,4000,4000,4000,4000
4000,4000,4000,4000,4000,4000,4000,4000,4000
3953.83,3953.87,3953.81,3953.41,3953.33,3953.37,3953.82,3953.81,3953.88
3853.34,3853.77,3853.65,3853.26,3853.63,3853.27,3853.33,3853.35,3853.63
3915.32,3915,3912.49,3912,3911.93,3911.9,3914.69,3914.63,3914.97
3993.1,3986.77,3986.77,3986.77,3986.77,3986.77,3986.77,3986.77,3986.77
4003.69,4000,4000,4000,4000,4000,4000,4000,4000
3999.98,3999.95,3999.99,3999.99,3999.98,3999.99,4000,4000.47,4000
4000.01,4000,4000,4000,4000,4000,4000,4000,4000
4000.03,4000,4000,4000,4000,4000,4000,4000,4000
4000,4000,4000,4000,4000,4000,4000,4000,4000
4000,4000,4000,4000,4000,4000,4000,4000,4000
4000,4000,4000,4000,4000,4000,4000,4000,4000
4000,4000,4000,4000,4000,4000,4000,4000,4000
4000,4000,4000,4000,4000,4000,4000,4000,4000
4000,4000,4000,4000,4000,4000,4000,4000,4000
3972.74,3972.94,3972.76,3973.18,3973.51,3972.97,3972.74,3973.5,3973.03
3842.55,3843.04,3842.75,3843.25,3842.73,3842.69,3842.89,3842.86,3842.61
3904.41,3900.53,3905.05,3900.54,3904.42,3901.76,3900.67,3900.86,3901.32
3987.57,3987.04,3986.99,3987.58,3986.88,3986.76,3987.58,3984,3984.25
3996.04,3996.07,3996.07,3996.05,3996.66,3996.08,3996.08,3996.08,3996.08
3999.97,4000.28,4000,4000,4000,4000,4000,4000,4000
3999.94,4000.01,4000,4000,4000,4000,4000,4000,4000
4000,4000,4000,4000,4000,4000,4000,4000,4000
4000,4000,4000,4000,4000,4000,4000,4000,4000
4000,4000,4000,4000,4000,4000,4000,4000,4000
4000,4000,4000,4000,4000,4000,4000,4000,4000
4000,4000,4000,4000,4000,4000,4000,4000,4000
4000,4000,4000,4000,4000,4000,4000,4000,4000
4000,4000,4000,4000,4000,4000,4000,4000,4000
3994.28,3993.79,3993.78,3994.25,3994.26,3994.27,3994.27,3993.45,3993.7
3903.41,3902.68,3903.63,3903.55,3903.59,3902.64,3903.66,3902.35,3902.71
3913.3,3913.21,3912.92,3912.35,3911.82,3913.16,3913.23,3913,3913.06
3981.43,3981.51,3981.61,3984.49,3981.68,3981.48,3984.36,3984.37,3984.86
3999.97,3999.97,3999.97,3999.97,3999.96,3999.59,3999.93,3999.55,3999.31
3999.99,4000,4000.02,4000,4000,4000,4000,4000,4000
3999.99,3999.99,3999.99,3999.99,3999.99,4000,4000,4000,4000
4000,4000,4000,4000,4000,4000,4000,4000,4000
4000,4000,4000,4000,4000,4000,4000,4000,4000
4000,4000,4000,4000,4000,4000,4000,4000,4000
4000,4000,4000,4000,4000,4000,4000,4000,4000
4000,4000,4000,4000,4000,4000,4000,4000,4000
4000,4000,4000,4000,4000,4000,4000,4000,4000
4000,4000,4000,4000,4000,4000,4000,4000,4000
3998.05,3998.05,3998.1,3998.54,3998.09,3998.1,3998.11,3998.09,3998.11
3930.62,3931.27,3930.38,3930.6,3930.61,3930.34,3930.32,3930.27,3930.62
3934.71,3934.53,3934.23,3932.98,3934.36,3934.57,3934.88,3934.48,3934.69
3974.35,3970.99,3975.13,3974.42,3971.08,3974.46,3974.3,3974.45,3974.44
3999.97,3999.57,4000.02,4000,4000,4000,4000,4000,4000
3999.99,3999.99,3999.51,3999.99,3999.96,3999.99,3999.99,3999.99,3999.99
3999.98,3999.99,3999.99,3999.99,3999.98,3999.99,3999.98,3999.98,3999.98
3999.99,4000,4000,4000,4000,4000,4000,4000,4000
4000,4000,4000,4000,4000,4000,4000,4000,4000
4000,4000,4000,4000,4000,4000,4000,4000,4000
4000,4000,4000,4000,4000,4000,4000,4000,4000
4000,4000,4000,4000,4000,4000,4000,4000,4000
4000,4000,4000,4000,4000,4000,4000,4000,4000
4000,4000,4000,4000,4000,4000,4000,4000,4000
3994.88,3994.88,3994.88,3994.88,3994.21,3994.43,3994.88,3994.88,3994.88
3966.42,3966.48,3966.5,3966.21,3966.45,3966.07,3966.28,3966.37,3967.2
3935.08,3934.99,3935.04,3935.01,3935.19,3935.02,3935.43,3935.19,3935.05
3984.02,3984.19,3984.3,3984.1,3984.41,3984.69,3984.3,3984.07,3984.36
3998.42,3997.94,3997.89,3998.42,3998.42,3998.38,3998.42,3998.69,3998.09
4000,3999.99,4000.5,4000,4000,4000,4000,4000,4000
3999.97,3999.97,3999.97,3999.96,3999.97,3999.97,3999.97,3999.97,3999.97
3999.99,4000,4000,4000,4000,4000,4000,4000,4000
4000,4000,4000,4000,4000,4000,4000,4000,4000
4000,4000,4000,4000,4000,4000,4000,4000,4000
4000,4000,4000,4000,4000,4000,4000,4000,4000
4000,4000,4000,4000,4000,4000,4000,4000,4000
4000,4000,4000,4000,4000,4000,4000,4000,4000
4000,4000,4000,4000,4000,4000,4000,4000,4000
3997.82,3998.31,3998.31,3998.31,3997.68,3997.78,3998.31,3998.31,3997.83
3958.08,3958.06,3958.15,3958.12,3958.46,3958.01,3958.09,3958.12,3958.29
3938.28,3939.21,3938.54,3938.74,3938.57,3938.48,3938.53,3938.73,3938.47
3973.99,3973.94,3973.77,3974.04,3974.14,3973.95,3973.73,3973.97,3973.67
3999.17,3998.67,3998.96,3998.66,3998.62,3998.55,3999.27,3999.15,3998.57
4000,4000,4000,3999.99,4000,4001,4000,4000,4000
3999.93,3999.36,3999.93,3999.92,3999.93,3999.93,3999.93,3999.93,3999.93
3999.98,3999.99,4000,4000,4000,4000,4000,4000,4000
4000,4000,4000,4000,4000,4000,4000,4000,4000
4000,4000,4000,4000,4000,4000,4000,4000,4000
4000,4000,4000,4000,4000,4000,4000,4000,4000
