0.0885058 0.095439 0.00771053 0.100782 0.102479 0.00817717 0.28759 0.294319
0.231096 0.0337924 0.00982845 0.223698 0.0326529 0.0102158 0.39341 0.0498573
0.167047 0.0661642 0.0618244 0.177877 0.0693364 0.0664018 0.219757 0.0917433
0.101528 0.0968045 0.112473 0.103284 0.0997143 0.105537 0.13083 0.119854
0.0680887 0.0699813 0.157311 0.0687902 0.0762256 0.178412 0.0787494 0.0886156
0.0103221 0.0286735 0.215311 0.010441 0.0334113 0.219937 0.0141121 0.041843
0.0071574 0.0868196 0.0891595 0.00728697 0.0960485 0.0944464 0.0144915 0.317892
0.0181593 0.0185243 0.00122006 0.0764555 0.0727381 0.0026659 0.40474 0.4002
0.140405 0.0136255 0.00313958 0.302266 0.0194942 0.00546985 0.48424 0.024854
0.173276 0.0514554 0.0484377 0.231866 0.0745282 0.0607193 0.224574 0.0778699
0.0908995 0.0862357 0.101619 0.134423 0.104536 0.124934 0.138877 0.0976326
0.0528534 0.0590868 0.154074 0.061215 0.0749482 0.198477 0.0579667 0.0830062
0.00412245 0.0147328 0.158593 0.00599921 0.0207006 0.330615 0.00752739 0.0266563
0.0017383 0.0348906 0.0339298 0.00413857 0.179384 0.163191 0.00782818 0.304158
0.00569767 0.00626873 0.00024609 0.0640026 0.0678174 0.000586863 0.392712 0.458514
0.130386 0.00612892 0.00107429 0.247124 0.0063234 0.00130772 0.580556 0.0226742
0.165637 0.0304678 0.0231327 0.131261 0.0328129 0.019036 0.444044 0.0759755
0.0796147 0.0534179 0.0662437 0.0854211 0.0490094 0.0827231 0.202012 0.166538
0.0211492 0.0239838 0.118552 0.0179298 0.0295166 0.152032 0.0704126 0.080837
0.00102631 0.00542283 0.191768 0.00124394 0.00648201 0.269646 0.00427508 0.0216074
0.000887646 0.104551 0.0952543 0.00185085 0.179738 0.17295 0.0126695 0.220743
0.0841862 0.0781167 0.000329978 0.234293 0.250056 0.00440937 0.157801 0.17234
0.144129 0.000935566 0.000101423 0.36513 0.0043887 0.000492049 0.470988 0.00772861
0.040284 0.00422321 0.00196283 0.180851 0.0158442 0.0124266 0.352609 0.209937
0.00541937 0.00234475 0.00547211 0.0222127 0.0169087 0.0248244 0.34495 0.288171
0.00166542 0.00372836 0.0392193 0.0130742 0.0186999 0.220354 0.175929 0.180486
8.97328e-05 0.00086172 0.172899 0.000461119 0.00438201 0.371626 0.00499828 0.00789581
0.000382868 0.28531 0.287105 0.00586889 0.14667 0.133887 0.0258434 0.0576419
0.332363 0.303636 0.0013882 0.11353 0.120828 0.00693699 0.0410597 0.0455463
0.335305 0.00151939 0.000102768 0.401702 0.00336758 0.00181329 0.223465 0.00725762
0.0296842 0.00063065 0.000353568 0.161101 0.0608658 0.0310216 0.442997 0.0317207
0.000547816 0.00030546 0.000556524 0.178183 0.0698533 0.148518 0.0332571 0.337815
0.00054298 0.000918367 0.0640201 0.0667797 0.0903143 0.187536 0.125951 0.123505
7.59506e-05 0.00142776 0.430244 0.00143956 0.00337094 0.366154 0.0122688 0.00587903
0.00171893 0.340688 0.390959 0.00636597 0.0931813 0.0928698 0.0175095 0.0287441
0.332385 0.346915 0.0020503 0.0720172 0.0778712 0.00643082 0.0766156 0.0801361
0.526589 0.0029316 0.00131482 0.199351 0.00655275 0.0229657 0.208541 0.00621729
0.000943617 0.141357 0.147623 0.00139384 0.0382785 0.307307 0.00146077 0.0371297
0.699641 0.0405042 0.259589 1.65212e-05 2.9828e-05 8.54966e-05 1.48196e-05 3.08241e-05
0.199881 0.480093 0.0952214 0.00117083 0.00151071 0.123911 0.00113196 0.00151852
0.000602705 0.00202052 0.65591 0.00624473 0.00328536 0.166641 0.00651603 0.0033718
0.00242406 0.337134 0.391313 0.00419356 0.06748 0.0656572 0.00511209 0.0622122
