200.383
201.111
201.17
187.42
122.768
82.4206
57.2902
42.2746
67.503
127.892
178.669
249.348
283.337
302.164
309.389
309.097
305.64
295.919
292.146
290.926
278.08
257.837
233.148
196.274
200.176
200.518
201.179
203.004
199.318
149.882
85.9033
29.674
168.653
183.413
246.37
239.582
280.151
300.461
307.655
307.637
309.322
302.563
279.536
275.232
274.932
247.667
211.14
194.953
203.642
200.691
201.345
203.371
215.659
215.773
184.787
176.474
223.47
244.69
249.96
285.756
291.899
299.036
309.032
278.517
309.927
303.18
286.472
266.444
256.996
230.668
210.207
199.551
215.468
204.086
200.55
207.612
219.572
227.449
229.261
224.401
214.883
242.179
252.18
268.725
283.157
295.068
305.431
309.454
308.962
302.576
292.763
277.049
259.263
216.319
211.259
211.952
214.442
203.264
207.155
214.786
222.792
227.261
230.671
236.833
242.389
246.936
251.49
259.385
265.226
276.829
289.441
301.301
303.747
301.619
288.555
274.589
246.446
218.27
216.165
208.064
215.178
202.41
210.984
218.457
228.982
230.289
240.876
244.134
246.117
248.496
252.541
258.671
262.492
265.613
270.559
283.14
290.026
286.995
288.309
260.929
253.508
219.849
217.24
218.412
228.531
218.382
221.118
223.07
234.41
242.812
246.387
248.756
249.433
253.123
246.8
251.479
257.561
261.948
268.059
270.185
277.31
293.015
305.211
265.043
223.772
226.289
232.426
220.861
260.004
232.335
222.99
224.494
231.641
243.054
248.165
249.49
254.604
258.494
245.768
249.914
252.732
261.368
267.342
276.514
289.657
315.208
308.557
261.575
231.155
239.871
260.322
239.084
280.401
233.306
229.239
229.323
236.546
246.143
249.126
256.674
257.464
266.072
263.532
246.116
250.712
259.925
275.419
285.199
317.222
329.042
309.573
255.2
235.827
266.494
294.439
339.499
258.471
263.721
250.366
233.527
267.449
275.317
275.479
274.707
272.84
298.953
312.607
245.486
251.456
262.105
286.47
323.369
337.971
359.397
303.08
257.663
239.127
340.268
411.17
423.194
469.573
245.902
262.258
364.465
384.466
416.366
409.016
347.009
371.052
459.19
537.911
245.592
251.835
271.757
306.195
322.505
361.078
371.204
313.506
255.652
295.994
523.603
536.047
472.201
554.182
515.37
537.482
572.251
580.063
571.929
586.84
579.003
593.652
602.799
614.013
248.717
250
274.873
319.414
347.645
381.568
368.209
327.81
261.159
555.978
605.083
591.612
515.162
596.514
589.965
594.153
594.496
594.726
595.741
596.439
597.052
599.133
607.673
613.709
242.418
250.27
282.363
310.701
327.048
355.698
379.759
324.562
262.173
610.915
607.341
595.989
585.355
585.86
590.73
601.53
609.178
611.603
611.359
607.372
610.031
609.392
610.645
614.317
245.061
251.065
286.428
321.202
375.244
414.023
416.122
348.056
255.97
588.269
606.865
592.389
585.684
582.189
607.086
606.678
611.311
610.309
611.239
605.949
606.493
611.284
613.377
613.886
245.097
253.952
286.069
348.8
393.505
420.562
431.908
352.665
261.431
354.722
599.851
595.237
591.181
