kite_pos_x	kite_pos_y	kite_vel_x	kite_vel_y	kite_acc_x	kite_acc_y	block_pos_x	block_pos_y	block_vel_x	block_vel_y	block_acc_x	block_acc_y	
34.6002	36.1296	-29.6312	30.3912	-430.508	442.328	0.0364376	0	2.1089	0	86.4375	0	
32.9348	37.8523	-31.6434	33.4011	194.649	-162.227	0.266709	0	7.01845	0	87.0265	0	
31.6229	39.2974	-21.0185	24.6385	194.552	-156.75	0.708269	0	10.2755	0	47.0256	0	
30.7888	40.3572	-12.9471	18.2995	131.721	-100.561	1.27113	0	12.0564	0	26.9833	0	
30.2876	41.1622	-7.49374	14.2346	90.25	-65.5379	1.90322	0	13.138	0	17.473	0	
30.0146	41.801	-3.67149	11.5206	64.9016	-44.9743	2.57973	0	13.8741	0	12.5143	0	
29.9053	42.3263	-0.861622	9.61517	48.797	-32.3308	3.28786	0	14.4223	0	9.68638	0	
29.916	42.7718	1.19782	8.27767	37.0284	-23.5198	4.02052	0	14.8655	0	8.07462	0	
30.0195	43.1583	2.87207	7.23617	30.3135	-18.4474	4.77346	0	15.2386	0	6.93437	0	
30.199	43.4985	4.25256	6.41339	25.1834	-14.6842	5.54377	0	15.5644	0	6.15351	0	
30.4416	43.8019	5.40748	5.75393	21.2182	-11.8522	6.32951	0	15.8574	0	5.60392	0	
30.7387	44.0748	6.43451	5.18989	18.6342	-10.2082	7.1292	0	16.1209	0	4.70411	0	
31.0812	44.3229	7.23199	4.75092	14.4166	-8.04287	7.94079	0	16.3299	0	3.57268	0	
31.4598	44.5509	7.87812	4.385	11.5101	-6.6318	8.76135	0	16.483	0	2.60984	0	
31.8671	44.7623	8.38763	4.0855	8.9595	-5.39235	9.58847	0	16.5948	0	1.90312	0	
32.2968	44.9602	8.77925	3.84316	6.7888	-4.34269	10.4204	0	16.6763	0	1.39368	0	
32.7435	45.1473	9.07143	3.64873	4.97252	-3.47133	11.2558	0	16.7364	0	1.03577	0	
33.2027	45.3257	9.28095	3.49378	3.47298	-2.75878	12.0938	0	16.7817	0	0.794904	0	
33.6705	45.4971	9.42273	3.37085	2.25479	-2.18592	12.9338	0	16.8173	0	0.645021	0	
34.1441	45.6631	9.51009	3.27338	1.28905	-1.73648	13.7755	0	16.8473	0	0.566054	0	
34.6209	45.8247	9.55504	3.19557	0.552948	-1.39699	14.6185	0	16.8748	0	0.542005	0	
35.0991	45.9829	9.56858	3.13219	0.0276223	-1.15579	15.463	0	16.9022	0	0.559607	0	
35.5774	46.1381	9.56081	3.07863	-0.304435	-1.0019	16.3088	0	16.9313	0	0.607466	0	
36.0549	46.2908	9.54093	3.03079	-0.461601	-0.924116	17.1561	0	16.9633	0	0.675583	0	
36.5314	46.4412	9.51718	2.98517	-0.464541	-0.910487	18.0052	0	16.9991	0	0.755177	0	
37.0067	46.5892	9.49669	2.93888	-0.336611	-0.948323	18.8561	0	17.039	0	0.83868	0	
37.4812	46.735	9.48536	2.88967	-0.10331	-1.02457	19.7092	0	17.083	0	0.91984	0	
37.9554	46.8781	9.48781	2.83595	0.209001	-1.12646	20.5645	0	17.1309	0	0.993813	0	
38.4302	47.0184	9.50732	2.77674	0.574708	-1.24222	21.4224	0	17.1822	0	1.05721	0	
38.9065	47.1556	9.54597	2.71161	0.970514	-1.36173	22.2828	0	17.2364	0	1.10804	0	
39.3852	47.2894	9.60474	2.64058	1.37665	-1.47687	23.1461	0	17.2928	0	1.14555	0	
39.8673	47.4195	9.68375	2.56404	1.77757	-1.58169	24.0122	0	17.3508	0	1.17003	0	
40.3539	47.5457	9.78242	2.4826	2.16209	-1.67232	24.8812	0	17.4096	0	1.18252	0	
40.8459	47.6677	9.89975	2.39704	2.5231	-1.74669	25.7532	0	17.4688	0	1.18457	0	
41.3443	47.7853	10.0345	2.30818	2.85694	-1.80417	26.6281	0	17.5279	0	1.17799	0	
41.8635	47.8941	10.6961	2.05908	11.4276	-4.35597	27.5055	0	17.5634	0	0.486061	0	
42.4115	47.992	11.1954	1.86623	8.73314	-3.4222	28.3841	0	17.5795	0	0.184962	0	
42.9814	48.0813	11.5812	1.71283	6.82461	-2.75656	29.2632	0	17.5838	0	0.0084189	0	
43.5684	48.1637	11.8861	1.58785	5.46186	-2.27248	30.1424	0	17.5817	0	-0.0824325	0	
44.1692	48.2404	12.1335	1.48365	4.49793	-1.91726	31.0214	0	17.5766	0	-0.112605	0	
44.7812	48.3123	12.3406	1.39471	3.83698	-1.65676	31.9001	0	17.5711	0	-0.0992499	0	
45.4029	48.38	12.5208	1.31691	3.41204	-1.46746	32.7785	0	17.5672	0	-0.0547786	0	
46.0331	48.4441	12.6847	1.24715	3.17287	-1.33216	33.6568	0	17.566	0	0.0114447	0	
46.6713	48.5048	12.8404	1.18307	3.07935	-1.23764	34.5352	0	17.5686	0	0.0921754	0	
47.3172	48.5624	12.9945	1.12292	3.09793	-1.17335	35.4137	0	17.5754	0	0.181765	0	
47.9709	48.6171	13.1516	1.0654	3.19992	-1.13078	36.2928	0	17.5869	0	0.275852	0	
48.6326	48.669	13.3155	1.00961	3.36065	-1.10303	37.1725	0	17.6031	0	0.371154	0	
49.3027	48.7181	13.4884	0.954954	3.55921	-1.08462	38.0532	0	17.624	0	0.465307	0	
49.9817	48.7644	13.6719	0.901073	3.77823	-1.07131	38.935	0	17.6496	0	0.556722	0	
50.6701	48.8082	13.8665	0.847797	4.00369	-1.05995	39.8182	0	17.6797	0	0.64444	0	
51.3686	48.8492	14.0723	0.795089	4.22468	-1.04831	40.7031	0	17.714	0	0.727998	0	
52.0776	48.8877	14.2888	0.743002	4.43305	-1.03493	41.5897	0	17.7525	0	0.807298	0	
52.7978	48.9235	14.5154	0.691646	4.623	-1.01898	42.4784	0	17.7947	0	0.882487	0	
53.5295	48.9568	14.7509	0.641163	4.79066	-1.00005	43.3693	0	17.8407	0	0.953859	0	
54.2731	48.9876	14.9941	0.591702	4.9337	-0.978112	44.2626	0	17.8901	0	1.02177	0	
55.0291	49.016	15.2439	0.543411	5.05096	-0.953325	45.1584	0	17.9428	0	1.08656	0	
55.7977	49.042	15.4988	0.496425	5.14217	-0.926005	46.0569	0	17.9987	0	1.14852	0	
56.5792	49.0657	15.7577	0.45086	5.20768	-0.896544	46.9583	0	18.0577	0	1.20784	0	
57.3737	49.0871	16.0192	0.406814	5.24828	-0.865365	47.8628	0	18.1195	0	1.2646	0	
58.1813	49.1064	16.2821	0.364361	5.26505	-0.832894	48.7704	0	18.1841	0	1.31873	0	
59.002	49.1236	16.5453	0.323556	5.25928	-0.799541	49.6813	0	18.2514	0	1.37003	0	
59.8359	49.1387	16.8077	0.284432	5.23236	-0.76569	50.5956	0	18.3211	0	1.41813	0	
60.6829	49.152	17.0682	0.247006	5.18578	-0.731693	51.5134	0	18.3931	0	1.46253	0	
61.5428	49.1635	17.3259	0.211277	5.12105	-0.697875	52.435	0	18.4673	0	1.50261	0	
62.4155	49.1732	17.58	0.177227	5.03967	-0.664533	53.3602	0	18.5433	0	1.53757	0	
63.3009	49.1812	17.8296	0.144828	4.94313	-0.631935	54.2894	0	18.621	0	1.56655	0	
64.1985	49.1877	18.074	0.114033	4.83285	-0.600332	55.2224	0	18.6999	0	1.58857	0	
65.1083	49.1927	18.3126	0.0847895	4.7102	-0.569952	56.1594	0	18.7797	0	1.60257	0	
66.0298	49.1962	18.5448	0.0570292	4.57644	-0.541005	57.1004	0	18.86	0	1.60745	0	
66.9628	49.1984	18.77	0.0306759	4.43273	-0.513684	58.0454	0	18.9403	0	1.60208	0	
67.9068	49.1993	18.9879	0.00564394	4.28008	-0.488165	58.9945	0	19.02	0	1.58537	0	
68.8615	49.199	19.1978	-0.018161	4.11941	-0.464605	59.9475	0	19.0986	0	1.55623	0	
69.8266	49.1975	19.3996	-0.0408403	3.95146	-0.443142	60.9043	0	19.1754	0	1.51368	0	
70.8015	49.1949	19.5928	-0.0625018	3.77688	-0.423892	61.865	0	19.2497	0	1.45684	0	
71.7858	49.1913	19.7771	-0.0832589	3.59619	-0.406951	62.8293	0	19.3208	0	1.38495	0	
72.7791	49.1866	19.9522	-0.103229	3.40983	-0.392395	63.797	0	19.3879	0	1.29748	0	
73.781	49.181	20.1179	-0.122532	3.21821	-0.380276	64.768	0	19.4502	0	1.19404	0	
74.7908	49.1744	20.2739	-0.141292	3.02168	-0.370627	65.742	0	19.507	0	1.0745	0	
75.8083	49.1669	20.4199	-0.159632	2.82062	-0.363463	66.7187	0	19.5573	0	0.938968	0	
76.8327	49.1584	20.5558	-0.177677	2.61546	-0.358782	67.6976	0	19.6005	0	0.787789	0	
77.8637	49.1491	20.6813	-0.19555	2.40672	-0.356571	68.6786	0	19.6358	0	0.621573	0	
78.9007	49.1389	20.7963	-0.213374	2.19501	-0.356804	69.6611	0	19.6624	0	0.441175	0	
79.9432	49.1278	20.9006	-0.231271	1.98109	-0.359453	70.6447	0	19.6796	0	0.247695	0	
80.9907	49.1158	20.9943	-0.249361	1.76585	-0.364487	71.6289	0	19.6869	0	0.0424512	0	
82.0425	49.1028	21.0771	-0.267762	1.55034	-0.371875	72.6132	0	19.6836	0	-0.173033	0	
83.0982	49.089	21.1492	-0.286592	1.33576	-0.381594	73.5971	0	19.6693	0	-0.397066	0	
84.1573	49.0742	21.2106	-0.305966	1.12345	-0.393632	74.5799	0	19.6436	0	-0.627814	0	
85.2192	49.0584	21.2615	-0.326	0.914889	-0.407989	75.5612	0	19.6063	0	-0.86334	0	
86.2833	49.0416	21.3021	-0.346811	0.711687	-0.424687	76.5403	0	19.5571	0	-1.10164	0	
87.3492	49.0237	21.3327	-0.368518	0.515548	-0.443769	77.5167	0	19.496	0	-1.34069	0	
88.4164	49.0047	21.3537	-0.39124	0.328271	-0.465311	78.4897	0	19.423	0	-1.57845	0	
89.4845	48.9845	21.3656	-0.415103	0.15174	-0.489424	79.4588	0	19.3381	0	-1.81296	0	
90.5529	48.9632	21.369	-0.44024	-0.0120807	-0.516268	80.4233	0	19.2416	0	-2.04233	0	
91.6212	48.9405	21.3646	-0.466793	-0.161137	-0.546059	81.3827	0	19.1339	0	-2.26476	0	
92.6892	48.9165	21.3531	-0.494916	-0.293261	-0.579088	82.3364	0	19.0152	0	-2.47861	0	
93.7564	48.891	21.3355	-0.524779	-0.406134	-0.615739	83.284	0	18.8861	0	-2.68239	0	
94.8227	48.864	21.3128	-0.556578	-0.497218	-0.656517	84.2248	0	18.7471	0	-2.87478	0	
95.8876	48.8353	21.2861	-0.590532	-0.563665	-0.702083	85.1585	0	18.5987	0	-3.05464	0	
96.9512	48.8049	21.2569	-0.626904	-0.60218	-0.753298	86.0845	0	18.4417	0	-3.22103	0	
98.0133	48.7725	21.2264	-0.666002	-0.608843	-0.811291	87.0024	0	18.2768	0	-3.37317	0	
99.0739	48.7382	21.1966	-0.708202	-0.578865	-0.877538	87.9119	0	18.1046	0	-3.51045	0	
100.133	48.7017	21.1693	-0.753961	-0.506278	-0.953976	88.8127	0	17.9259	0	-3.6324	0	
101.191	48.6627	21.1468	-0.803852	-0.383569	-1.04313	89.7043	0	17.7416	0	-3.73863	0	
102.248	48.6212	21.132	-0.858589	-0.201364	-1.14828	90.5867	0	17.5523	0	-3.82881	0	
103.304	48.5767	21.128	-0.919071	0.0513856	-1.27345	91.4594	0	17.3589	0	-3.90254	0	
104.36	48.5292	21.1216	-0.982105	0.12313	-1.35409	92.3224	0	17.1625	0	-3.95559	0	
105.417	48.4783	21.143	-1.05534	0.678346	-1.56311	93.1755	0	16.9636	0	-3.99658	0	
106.475	48.4235	21.1886	-1.13838	1.10472	-1.74837	94.0186	0	16.7631	0	-4.0186	0	
107.536	48.3643	21.2447	-1.22807	1.01382	-1.80665	94.8517	0	16.5619	0	-4.03018	0	
108.599	48.3007	21.2802	-1.31652	0.362973	-1.71723	95.6747	0	16.3599	0	-4.05007	0	
109.663	48.2328	21.278	-1.39889	-0.454112	-1.57459	96.4876	0	16.1567	0	-4.08144	0	
110.726	48.1609	21.2342	-1.47361	-1.28623	-1.41429	97.2902	0	15.9517	0	-4.11905	0	
111.786	48.0855	21.1496	-1.54016	-2.07892	-1.24879	98.0826	0	15.7447	0	-4.15747	0	
112.841	48.007	21.027	-1.59843	-2.80731	-1.08421	98.8646	0	15.536	0	-4.19234	0	
113.888	47.9258	20.8698	-1.64857	-3.45973	-0.924144	99.6361	0	15.3256	0	-4.22049	0	
114.927	47.8422	20.6821	-1.69088	-4.03148	-0.771046	100.397	0	15.114	0	-4.24001	0	
115.956	47.7568	20.4678	-1.72575	-4.52154	-0.626925	101.147	0	14.9017	0	-4.25008	0	
116.973	47.6698	20.231	-1.75368	-4.93108	-0.493589	101.887	0	14.6892	0	-4.25081	0	
117.978	47.5815	19.9758	-1.77525	-5.2632	-0.37255	102.616	0	14.4768	0	-4.24309	0	
118.97	47.4923	19.7058	-1.7911	-5.52371	-0.264585	103.335	0	14.265	0	-4.22834	0	
119.949	47.4025	19.4243	-1.80187	-5.72281	-0.168948	104.043	0	14.0541	0	-4.20831	0	
120.913	47.3122	19.1341	-1.8081	-5.8775	-0.0822381	104.74	0	13.8442	0	-4.18484	0	
121.862	47.2217	18.8368	-1.81007	-6.01464	0.00306393	105.427	0	13.6356	0	-4.15957	0	
122.796	47.1313	18.5322	-1.80755	-6.17449	0.100398	106.103	0	13.4283	0	-4.13375	0	
123.715	47.0411	18.2179	-1.79942	-6.41487	0.231265	106.77	0	13.2223	0	-4.10792	0	
124.617	46.9515	17.8879	-1.78326	-6.81608	0.427846	107.426	0	13.0175	0	-4.08164	0	
125.503	46.863	17.5316	-1.75466	-7.4878	0.736509	108.071	0	12.8141	0	-4.053	0	
126.37	46.7764	17.1317	-1.70646	-8.57977	1.223	108.707	0	12.6123	0	-4.0177	0	
127.215	46.6929	16.6625	-1.62756	-10.2972	1.97975	109.333	0	12.4126	0	-3.96719	0	
128.034	46.6145	16.086	-1.50142	-12.914	3.1324	109.948	0	12.2162	0	-3.8846	0	
128.82	46.544	15.3491	-1.30447	-16.7529	4.8327	110.554	0	12.0253	0	-3.73676	0	
129.565	46.4858	14.3837	-1.00583	-22.0615	7.20608	111.151	0	11.8447	0	-3.4602	0	
130.253	46.4459	13.1176	-0.571845	-28.6788	10.2059	111.739	0	11.6835	0	-2.94361	0	
130.87	46.4316	11.5085	0.0193536	-35.4849	13.3675	112.32	0	11.5574	0	-2.02584	0	
131.398	46.4505	9.60319	0.751725	-40.0516	15.6457	112.896	0	11.4908	0	-0.55715	0	
131.827	46.5082	7.58957	1.54805	-39.4441	15.7613	113.47	0	11.5116	0	1.44099	0	
132.159	46.6047	5.76956	2.2812	-32.4262	13.1676	114.048	0	11.6392	0	3.62753	0	
132.411	46.7334	4.4117	2.82089	-21.7917	8.35156	114.635	0	11.8265	0	3.68715	0	
132.606	46.8839	3.49273	3.15587	-12.9971	4.36331	115.231	0	12.0064	0	3.50795	0	
132.769	47.0455	3.08102	3.27471	-4.00743	0.652807	115.836	0	12.177	0	3.31967	0	
132.921	47.2088	3.04984	3.24181	2.25758	-1.74017	116.449	0	12.3385	0	3.14597	0	
133.078	47.3681	3.26999	3.11747	6.17071	-3.07268	117.07	0	12.492	0	3.00214	0	
133.25	47.5197	3.64022	2.94598	8.38694	-3.68711	117.698	0	12.6392	0	2.89204	0	
133.443	47.6622	4.09111	2.7558	9.49336	-3.86397	118.333	0	12.7817	0	2.81292	0	
133.66	47.7951	4.57865	2.56362	9.91738	-3.7949	118.976	0	12.9209	0	2.75946	0	
133.902	47.9186	5.07635	2.37846	9.94141	-3.59925	119.626	0	13.058	0	2.726	0	
134.189	48.0271	6.3193	1.99177	20.7857	-6.36886	120.282	0	13.1967	0	2.49217	0	
134.528	48.1195	7.20635	1.71948	15.149	-4.66511	120.945	0	13.2967	0	1.5815	0	
134.906	48.2001	7.86229	1.51645	11.3607	-3.53955	121.611	0	13.3596	0	0.981306	0	
135.312	48.2718	8.35944	1.36031	8.70038	-2.75887	122.28	0	13.3978	0	0.57631	0	
135.74	48.3366	8.74334	1.23727	6.7745	-2.19777	122.951	0	13.4192	0	0.301401	0	
136.185	48.3959	9.04442	1.13833	5.35311	-1.78408	123.622	0	13.4293	0	0.117172	0	
136.644	48.4507	9.28404	1.05733	4.29415	-1.4738	124.293	0	13.4319	0	-0.00164673	0	
137.113	48.5018	9.47786	0.989842	3.50546	-1.23875	124.965	0	13.4299	0	-0.0720821	0	
137.591	48.5498	9.6377	0.932621	2.9244	-1.06001	125.636	0	13.4253	0	-0.106116	0	
138.077	48.5952	9.77276	0.883203	2.50642	-0.924332	126.308	0	13.4197	0	-0.112498	0	
138.568	48.6382	9.89032	0.839692	2.21836	-0.822018	126.978	0	13.4144	0	-0.0978132	0	
139.065	48.6792	9.99621	0.800613	2.03447	-0.745716	127.649	0	13.4102	0	-0.0671273	0	
139.568	48.7183	10.0951	0.764817	1.93401	-0.689659	128.319	0	13.4079	0	-0.0243922	0	
140.075	48.7557	10.1907	0.731412	1.89985	-0.649217	128.99	0	13.408	0	0.0272974	0	
140.587	48.7915	10.2859	0.699715	1.91753	-0.620621	129.66	0	13.4108	0	0.0855303	0	
141.104	48.8257	10.3831	0.669216	1.97483	-0.600786	130.331	0	13.4166	0	0.148456	0	
141.625	48.8584	10.4839	0.639541	2.06138	-0.5872	131.002	0	13.4257	0	0.21469	0	
142.152	48.8897	10.5896	0.610432	2.16852	-0.577837	131.674	0	13.4382	0	0.283238	0	
142.684	48.9195	10.7011	0.581718	2.28905	-0.571091	132.346	0	13.4541	0	0.353427	0	
143.222	48.9478	10.8187	0.553303	2.41715	-0.565721	133.019	0	13.4736	0	0.424847	0	
143.766	48.9748	10.9429	0.525141	2.54821	-0.560794	133.693	0	13.4966	0	0.497299	0	
144.317	49.0004	11.0736	0.49723	2.67867	-0.555637	134.369	0	13.5233	0	0.570741	0	
144.874	49.0245	11.2108	0.469592	2.80587	-0.549791	135.046	0	13.5538	0	0.64525	0	
145.438	49.0473	11.3542	0.44227	2.92792	-0.542964	135.724	0	13.5879	0	0.720982	0	
146.01	49.0688	11.5035	0.415318	3.04357	-0.535001	136.405	0	13.6259	0	0.798141	0	
146.589	49.0889	11.6585	0.388794	3.15204	-0.525844	137.087	0	13.6678	0	0.87695	0	
147.176	49.1077	11.8186	0.362758	3.25299	-0.515509	137.771	0	13.7137	0	0.957634	0	
147.771	49.1252	11.9837	0.337268	3.34634	-0.504062	138.458	0	13.7636	0	1.04039	0	
148.374	49.1414	12.1532	0.312375	3.43227	-0.491605	139.148	0	13.8178	0	1.1254	0	
148.986	49.1564	12.3268	0.288128	3.51109	-0.478258	139.84	0	13.8763	0	1.21277	0	
149.607	49.1702	12.5042	0.264569	3.58323	-0.464156	140.536	0	13.9392	0	1.30257	0	
150.237	49.1829	12.6851	0.24173	3.64921	-0.449435	141.234	0	14.0066	0	1.39482	0	
150.876	49.1944	12.8691	0.219641	3.70956	-0.434232	141.936	0	14.0787	0	1.48943	0	
151.524	49.2049	13.056	0.198321	3.76484	-0.418681	142.642	0	14.1556	0	1.58628	0	
152.181	49.2143	13.2455	0.177784	3.8156	-0.402912	143.352	0	14.2374	0	1.68515	0	
152.849	49.2227	13.4375	0.157969	3.85816	-0.395193	144.066	0	14.3238	0	1.73583	0	
153.525	49.2301	13.6306	0.138086	3.85867	-0.398847	144.785	0	14.4093	0	1.68411	0	
154.212	49.2365	13.8227	0.118187	3.82021	-0.396274	145.507	0	14.4922	0	1.63208	0	
154.908	49.2419	14.0121	0.0985332	3.75237	-0.389366	146.234	0	14.5725	0	1.57945	0	
155.613	49.2463	14.1975	0.0793046	3.66229	-0.37947	146.964	0	14.6501	0	1.5261	0	
156.327	49.2498	14.378	0.0606255	3.55531	-0.367534	147.699	0	14.725	0	1.47203	0	
157.051	49.2524	14.5528	0.0425801	3.43552	-0.354232	148.437	0	14.7973	0	1.41732	0	
157.783	49.2541	14.7213	0.025224	3.30613	-0.340039	149.178	0	14.8667	0	1.36216	0	
158.523	49.255	14.8832	0.00859249	3.16973	-0.325298	149.923	0	14.9334	0	1.3068	0	
159.271	49.255	15.0381	-0.00729351	3.02851	-0.31026	150.672	0	14.9974	0	1.25155	0	
160.027	49.2543	15.1859	-0.0224241	2.88439	-0.295112	151.423	0	15.0586	0	1.19677	0	
160.789	49.2528	15.3265	-0.0367978	2.73908	-0.280002	152.178	0	15.1171	0	1.14287	0	
161.559	49.2506	15.4598	-0.0504195	2.59419	-0.265053	152.935	0	15.1729	0	1.09031	0	
162.335	49.2478	15.5859	-0.0633	2.45121	-0.250366	153.695	0	15.2261	0	1.03955	0	
163.118	49.2443	15.7049	-0.0754548	2.31157	-0.236034	154.457	0	15.2768	0	0.991123	0	
163.906	49.2402	15.817	-0.0869036	2.17663	-0.222138	155.223	0	15.3252	0	0.945556	0	
164.699	49.2356	15.9226	-0.0976703	2.04768	-0.208755	155.99	0	15.3714	0	0.903401	0	
165.498	49.2305	16.0219	-0.107782	1.92592	-0.195952	156.76	0	15.4156	0	0.865221	0	
166.301	49.2249	16.1153	-0.11727	1.81248	-0.183792	157.532	0	15.458	0	0.83158	0	
167.109	49.2188	16.2032	-0.126167	1.7084	-0.172329	158.305	0	15.4988	0	0.803038	0	
167.922	49.2123	16.2862	-0.13451	1.6146	-0.161609	159.081	0	15.5384	0	0.780143	0	
168.738	49.2054	16.3648	-0.142336	1.5319	-0.151673	159.859	0	15.5769	0	0.763424	0	
169.558	49.1981	16.4396	-0.149686	1.46103	-0.14255	160.639	0	15.6148	0	0.753383	0	
170.382	49.1904	16.5111	-0.156601	1.40258	-0.134263	161.421	0	15.6524	0	0.750489	0	
171.209	49.1824	16.58	-0.163122	1.35704	-0.126827	162.204	0	15.69	0	0.755167	0	
172.04	49.1741	16.647	-0.169294	1.3248	-0.12025	162.99	0	15.7281	0	0.767795	0	
172.874	49.1655	16.7127	-0.175159	1.30611	-0.114534	163.777	0	15.7669	0	0.788699	0	
173.711	49.1566	16.7778	-0.180759	1.30114	-0.109672	164.567	0	15.8071	0	0.818141	0	
174.552	49.1475	16.8431	-0.186138	1.30994	-0.105656	165.358	0	15.8489	0	0.856317	0	
175.396	49.138	16.9091	-0.191337	1.33247	-0.102473	166.152	0	15.8929	0	0.903355	0	
176.243	49.1283	16.9765	-0.196397	1.36858	-0.100103	166.947	0	15.9394	0	0.959304	0	
177.093	49.1184	17.0462	-0.201359	1.41803	-0.0985276	167.746	0	15.989	0	1.02414	0	
177.948	49.1082	17.1186	-0.206262	1.48047	-0.0977228	168.546	0	16.042	0	1.09774	0	
178.805	49.0978	17.1945	-0.211144	1.55547	-0.0976627	169.35	0	16.0989	0	1.17992	0	
179.667	49.0871	17.2744	-0.216041	1.64247	-0.098319	170.156	0	16.1602	0	1.27038	0	
180.533	49.0762	17.3589	-0.220988	1.74084	-0.0996595	170.966	0	16.2262	0	1.36877	0	
181.403	49.065	17.4487	-0.226018	1.84983	-0.101649	171.779	0	16.2972	0	1.4746	0	
182.278	49.0536	17.5441	-0.231164	1.96857	-0.104245	172.596	0	16.3738	0	1.58733	0	
183.158	49.0419	17.6458	-0.236453	2.09608	-0.107401	173.417	0	16.4561	0	1.70631	0	
184.043	49.03	17.7539	-0.241914	2.23128	-0.11106	174.242	0	16.5446	0	1.83081	0	
184.933	49.0177	17.8691	-0.247569	2.37291	-0.115154	175.071	0	16.6394	0	1.96001	0	
185.83	49.0052	17.99	-0.255126	2.43706	-0.190897	175.906	0	16.731	0	1.66054	0	
186.732	48.9922	18.1106	-0.26634	2.37024	-0.253895	176.744	0	16.805	0	1.30243	0	
187.641	48.9785	18.2255	-0.280279	2.21737	-0.301004	177.586	0	16.8611	0	0.943867	0	
188.555	48.9641	18.3313	-0.296281	2.00958	-0.337219	178.43	0	16.8993	0	0.58969	0	
189.474	48.9489	18.4258	-0.313895	1.76869	-0.366071	179.275	0	16.92	0	0.243325	0	
190.397	48.9327	18.5078	-0.33282	1.50996	-0.390036	180.122	0	16.9236	0	-0.0927849	0	
191.324	48.9156	18.5766	-0.352858	1.24404	-0.410849	180.968	0	16.9107	0	-0.416861	0	
192.255	48.8974	18.6321	-0.373883	0.978413	-0.429725	181.812	0	16.882	0	-0.727596	0	
193.187	48.8782	18.6744	-0.395821	0.718311	-0.447517	182.655	0	16.8381	0	-1.02402	0	
194.122	48.8578	18.7039	-0.418635	0.467411	-0.464827	183.496	0	16.7797	0	-1.30541	0	
195.058	48.8363	18.7212	-0.442312	0.228292	-0.482089	184.333	0	16.7076	0	-1.57126	0	
195.994	48.8136	18.7269	-0.466857	0.00276019	-0.499622	185.166	0	16.6227	0	-1.82122	0	
196.93	48.7896	18.7216	-0.492292	-0.207928	-0.51767	185.995	0	16.5257	0	-2.05511	0	
197.866	48.7644	18.7062	-0.518645	-0.402905	-0.536435	186.819	0	16.4173	0	-2.27288	0	
198.801	48.7377	18.6815	-0.54596	-0.581575	-0.556098	187.637	0	16.2985	0	-2.47461	0	
199.734	48.7097	18.6483	-0.574283	-0.743532	-0.576835	188.448	0	16.1701	0	-2.66049	0	
200.665	48.6803	18.6074	-0.603675	-0.888498	-0.59883	189.253	0	16.0327	0	-2.83086	0	
201.594	48.6494	18.5596	-0.634202	-1.01627	-0.622288	190.051	0	15.8871	0	-2.98612	0	
202.521	48.6169	18.506	-0.665944	-1.1267	-0.64744	190.842	0	15.7342	0	-3.1268	0	
203.445	48.5827	18.4472	-0.698992	-1.21963	-0.674553	191.625	0	15.5746	0	-3.2535	0	
204.366	48.5469	18.3842	-0.733451	-1.29496	-0.703928	192.399	0	15.409	0	-3.36689	0	
205.283	48.5094	18.318	-0.769443	-1.35256	-0.735904	193.165	0	15.2381	0	-3.46772	0	
206.197	48.4699	18.2493	-0.807108	-1.39238	-0.770845	193.923	0	15.0624	0	-3.55675	0	
207.108	48.4286	18.179	-0.846602	-1.41446	-0.809124	194.672	0	14.8826	0	-3.63479	0	
208.015	48.3852	18.1081	-0.888101	-1.41912	-0.851083	195.411	0	14.6991	0	-3.70266	0	
208.919	48.3398	18.0374	-0.931797	-1.40712	-0.896967	196.141	0	14.5124	0	-3.76117	0	
209.819	48.292	17.9677	-0.977888	-1.3801	-0.946803	196.862	0	14.3231	0	-3.81111	0	
210.715	48.2421	17.8654	-1.01706	-1.97863	-0.817737	197.573	0	14.1319	0	-3.84201	0	
211.606	48.1902	17.775	-1.0612	-1.75749	-0.914983	198.275	0	13.9388	0	-3.87775	0	
212.492	48.136	17.6893	-1.1085	-1.67386	-0.975455	198.967	0	13.7442	0	-3.905	0	
213.375	48.0793	17.607	-1.15863	-1.62451	-1.02756	199.649	0	13.5483	0	-3.92718	0	
214.253	48.02	17.526	-1.21106	-1.62491	-1.06609	200.322	0	13.3515	0	-3.94466	0	
215.127	47.9581	17.4433	-1.26491	-1.69604	-1.08366	200.985	0	13.1539	0	-3.95783	0	
215.997	47.8935	17.3548	-1.31892	-1.86198	-1.0712	201.637	0	12.9558	0	-3.96706	0	
216.862	47.8263	17.2551	-1.37135	-2.14555	-1.0191	202.28	0	12.7573	0	-3.97265	0	
217.722	47.7564	17.1378	-1.41998	-2.5648	-0.918282	202.913	0	12.5586	0	-3.9747	0	
218.576	47.6843	16.9959	-1.46216	-3.13362	-0.760105	203.536	0	12.3599	0	-3.97288	0	
219.421	47.6104	16.8214	-1.49478	-3.86795	-0.534556	204.149	0	12.1614	0	-3.96633	0	
220.257	47.5351	16.6054	-1.51412	-4.79501	-0.227128	204.752	0	11.9634	0	-3.95335	0	
221.081	47.4593	16.3373	-1.51558	-5.96272	0.184688	205.345	0	11.7662	0	-3.93096	0	
221.89	47.3839	16.0033	-1.49312	-7.44641	0.734357	205.928	0	11.5705	0	-3.89404	0	
222.68	47.3105	15.5849	-1.43877	-9.34944	1.4673	206.502	0	11.3772	0	-3.83374	0	
223.446	47.2408	15.0583	-1.34202	-11.7904	2.43683	207.066	0	11.1878	0	-3.73484	0	
224.183	47.1773	14.3939	-1.1898	-14.8632	3.68914	207.621	0	11.0049	0	-3.57183	0	
224.882	47.1231	13.5599	-0.967557	-18.5514	5.22933	208.167	0	10.8325	0	-3.30427	0	
225.535	47.0821	12.5307	-0.662695	-22.5921	6.96501	208.704	0	10.6773	0	-2.87466	0	
226.131	47.0585	11.3034	-0.271022	-26.3341	8.64543	209.235	0	10.5491	0	-2.21623	0	
226.662	47.0564	9.91802	0.194757	-28.7361	9.85517	209.76	0	10.4607	0	-1.28103	0	
227.122	47.0789	8.47039	0.699335	-28.6874	10.1401	210.282	0	10.4259	0	-0.0882294	0	
227.51	47.1264	7.10092	1.18891	-25.6247	9.25717	210.803	0	10.4548	0	1.23727	0	
227.835	47.1968	5.95324	1.60737	-20.0044	7.36698	211.328	0	10.549	0	2.48563	0	
228.11	47.2855	5.12447	1.91597	-13.1462	4.94275	211.859	0	10.6989	0	3.36463	0	
228.352	47.3864	4.63142	2.09864	-6.83058	2.47989	212.398	0	10.8639	0	3.2396	0	
228.576	47.4943	4.34454	2.19788	-3.11389	1.00724	212.946	0	11.0221	0	3.10451	0	
228.791	47.6047	4.29755	2.20924	0.95444	-0.437504	213.501	0	11.1747	0	3.00341	0	
229.008	47.7142	4.41986	2.16252	3.71689	-1.34463	214.063	0	11.3228	0	2.92614	0	
229.235	47.8204	4.65362	2.081	5.47371	-1.85683	214.633	0	11.4677	0	2.87128	0	
229.495	47.9159	5.68903	1.76454	17.5007	-5.30716	215.21	0	11.607	0	2.37915	0	
229.799	47.9981	6.44018	1.53624	12.8884	-3.93171	215.793	0	11.7042	0	1.56895	0	
230.136	48.0704	6.9992	1.36471	9.68744	-2.99538	216.38	0	11.7678	0	1.01369	0	
230.497	48.1352	7.42232	1.23262	7.38013	-2.33075	216.969	0	11.8081	0	0.624658	0	
230.877	48.1941	7.74613	1.12897	5.67163	-1.84413	217.56	0	11.832	0	0.349565	0	
231.271	48.2484	7.99571	1.04639	4.3837	-1.47981	218.152	0	11.8443	0	0.155682	0	
231.676	48.299	8.18904	0.979699	3.40328	-1.20297	218.745	0	11.8485	0	0.0214464	0	
232.089	48.3465	8.33947	0.92514	2.65544	-0.990851	219.337	0	11.8471	0	-0.0679867	0	
232.509	48.3916	8.45726	0.87989	2.0885	-0.827986	219.929	0	11.8422	0	-0.12324	0	
232.934	48.4346	8.55047	0.841777	1.66538	-0.703415	220.521	0	11.8352	0	-0.152178	0	
233.364	48.4759	8.62555	0.8091	1.35839	-0.609076	221.113	0	11.8273	0	-0.160788	0	
233.797	48.5156	8.68775	0.78051	1.14601	-0.538809	221.704	0	11.8194	0	-0.153732	0	
234.233	48.554	8.74135	0.75493	1.01098	-0.487752	222.295	0	11.8121	0	-0.134695	0	
234.671	48.5911	8.78985	0.731502	0.938973	-0.451953	222.885	0	11.8061	0	-0.106612	0	
235.112	48.6272	8.83607	0.70955	0.917908	-0.428142	223.475	0	11.8016	0	-0.0718228	0	
235.555	48.6621	8.88231	0.688544	0.937431	-0.413581	224.065	0	11.799	0	-0.0321746	0	
236	48.696	8.93036	0.668082	0.98865	-0.40597	224.655	0	11.7985	0	0.0108956	0	
236.448	48.7289	8.98161	0.647866	1.06395	-0.403386	225.245	0	11.8002	0	0.0563	0	
236.898	48.7608	9.03709	0.627686	1.15686	-0.404242	225.835	0	11.8041	0	0.103247	0	
237.352	48.7917	9.09755	0.607405	1.26197	-0.407243	226.426	0	11.8105	0	0.151196	0	
237.808	48.8215	9.16347	0.586942	1.37483	-0.411357	227.017	0	11.8193	0	0.199815	0	
238.268	48.8504	9.23516	0.566262	1.49182	-0.415784	227.608	0	11.8305	0	0.24894	0	
238.732	48.8782	9.31274	0.545366	1.61014	-0.419921	228.2	0	11.8442	0	0.298544	0	
239.199	48.9049	9.39622	0.52428	1.72763	-0.423337	228.792	0	11.8604	0	0.348705	0	
239.671	48.9306	9.48552	0.503048	1.8427	-0.425737	229.386	0	11.8791	0	0.399578	0	
240.148	48.9552	9.58048	0.481726	1.95427	-0.426941	229.98	0	11.9004	0	0.451373	0	
240.63	48.9788	9.68093	0.460375	2.06162	-0.426857	230.576	0	11.9243	0	0.504333	0	
241.116	49.0013	9.78662	0.439062	2.16435	-0.425462	231.173	0	11.9509	0	0.55872	0	
241.608	49.0227	9.89733	0.417851	2.26232	-0.422783	231.771	0	11.9802	0	0.614802	0	
242.106	49.0431	10.0128	0.396806	2.35556	-0.418881	232.371	0	12.0124	0	0.67284	0	
242.61	49.0624	10.1329	0.375984	2.44424	-0.413843	232.972	0	12.0476	0	0.733083	0	
243.12	49.0807	10.2572	0.355442	2.52862	-0.407767	233.576	0	12.0858	0	0.795762	0	
243.636	49.0979	10.3857	0.335227	2.60903	-0.400762	234.181	0	12.1272	0	0.861081	0	
244.158	49.1142	10.5181	0.315383	2.68584	-0.392937	234.788	0	12.172	0	0.929218	0	
244.688	49.1295	10.6543	0.295949	2.75943	-0.3844	235.398	0	12.2203	0	1.00032	0	
245.224	49.1438	10.794	0.276957	2.83021	-0.375256	236.011	0	12.2721	0	1.0745	0	
245.767	49.1572	10.9373	0.258436	2.89856	-0.365605	236.626	0	12.3278	0	1.15183	0	
246.318	49.1697	11.0839	0.240409	2.96487	-0.355541	237.243	0	12.3874	0	1.23236	0	
246.876	49.1812	11.2338	0.222893	3.0295	-0.345152	237.864	0	12.4511	0	1.31609	0	
247.441	49.192	11.3868	0.205903	3.0928	-0.334519	238.489	0	12.5191	0	1.40298	0	
248.015	49.2019	11.5431	0.189449	3.15508	-0.323722	239.116	0	12.5915	0	1.49295	0	
248.596	49.2109	11.7024	0.173538	3.21665	-0.31283	239.748	0	12.6685	0	1.58589	0	
249.185	49.2192	11.8648	0.158172	3.27777	-0.301914	240.383	0	12.7502	0	1.68161	0	
249.782	49.2268	12.0302	0.143284	3.33463	-0.298924	241.023	0	12.8363	0	1.73146	0	
250.388	49.2336	12.1975	0.128097	3.3538	-0.307311	241.667	0	12.9217	0	1.68113	0	
251.002	49.2396	12.3649	0.112647	3.33741	-0.309869	242.315	0	13.0044	0	1.62974	0	
251.625	49.2448	12.5308	0.0971779	3.29409	-0.308323	242.967	0	13.0846	0	1.57692	0	
252.255	49.2493	12.694	0.0818634	3.23013	-0.303907	243.624	0	13.1621	0	1.52244	0	
252.894	49.253	12.8535	0.0668231	3.1502	-0.297493	244.284	0	13.2368	0	1.46617	0	
253.541	49.256	13.0087	0.0521406	3.0577	-0.289693	244.947	0	13.3086	0	1.40807	0	
254.195	49.2583	13.1591	0.0378737	2.9552	-0.280939	245.614	0	13.3775	0	1.34818	0	
254.857	49.2598	13.3041	0.0240621	2.84468	-0.271532	246.285	0	13.4434	0	1.28657	0	
255.525	49.2607	13.4434	0.0107327	2.72768	-0.261684	246.959	0	13.5061	0	1.22338	0	
256.201	49.2609	13.5767	-0.00209647	2.6055	-0.251547	247.636	0	13.5657	0	1.15879	0	
256.883	49.2605	13.7038	-0.0144139	2.47924	-0.241232	248.315	0	13.6219	0	1.09302	0	
257.571	49.2595	13.8245	-0.0262129	2.34991	-0.230824	248.998	0	13.6749	0	1.02633	0	
258.265	49.2579	13.9387	-0.0374907	2.21846	-0.220392	249.683	0	13.7245	0	0.959007	0	
258.965	49.2558	14.0463	-0.0482475	2.08579	-0.209994	250.37	0	13.7708	0	0.891373	0	
259.67	49.2531	14.1472	-0.0584864	1.9528	-0.199682	251.06	0	13.8136	0	0.823781	0	
260.38	49.2499	14.2415	-0.0682129	1.82038	-0.189506	251.752	0	13.8531	0	0.756607	0	
261.094	49.2463	14.3292	-0.0774349	1.6894	-0.179511	252.445	0	13.8893	0	0.690255	0	
261.813	49.2422	14.4104	-0.0861628	1.56074	-0.169744	253.14	0	13.9221	0	0.625147	0	
262.535	49.2377	14.4853	-0.0944091	1.43524	-0.160249	253.837	0	13.9518	0	0.561724	0	
263.261	49.2328	14.5539	-0.102188	1.31375	-0.151067	254.536	0	13.9783	0	0.500443	0	
263.99	49.2275	14.6167	-0.109517	1.19706	-0.142237	255.235	0	14.0018	0	0.441768	0	
264.723	49.2219	14.6737	-0.116414	1.08594	-0.133794	255.936	0	14.0225	0	0.386172	0	
265.458	49.2159	14.7253	-0.122899	0.98112	-0.125772	256.637	0	14.0405	0	0.334128	0	
266.195	49.2096	14.7719	-0.128995	0.883267	-0.118197	257.34	0	14.056	0	0.286109	0	
266.935	49.203	14.8137	-0.134723	0.793008	-0.111094	258.043	0	14.0692	0	0.242579	0	
267.676	49.1961	14.8513	-0.140109	0.710911	-0.10448	258.747	0	14.0803	0	0.203991	0	
268.42	49.189	14.8849	-0.145177	0.637488	-0.0983706	259.451	0	14.0896	0	0.170783	0	
269.165	49.1816	14.9151	-0.149952	0.573195	-0.0927752	260.156	0	14.0974	0	0.143373	0	
269.911	49.174	14.9424	-0.15446	0.518428	-0.0877	260.861	0	14.1041	0	0.122155	0	
270.659	49.1662	14.9671	-0.158728	0.473529	-0.0831473	261.566	0	14.1098	0	0.107496	0	
271.408	49.1582	14.9899	-0.162781	0.438783	-0.0791166	262.272	0	14.1149	0	0.0997293	0	
272.158	49.1499	15.0111	-0.166646	0.414423	-0.0756047	262.977	0	14.1199	0	0.0991573	0	
272.909	49.1415	15.0315	-0.170349	0.400628	-0.0726064	263.684	0	14.125	0	0.106044	0	
273.661	49.1329	15.0514	-0.173914	0.397528	-0.0701151	264.39	0	14.1306	0	0.120612	0	
274.414	49.1242	15.0714	-0.177368	0.405202	-0.068123	265.097	0	14.1372	0	0.143046	0	
275.168	49.1152	15.0921	-0.180734	0.423683	-0.0666218	265.804	0	14.145	0	0.173482	0	
275.923	49.1061	15.114	-0.184037	0.452954	-0.0656028	266.511	0	14.1547	0	0.212014	0	
276.68	49.0968	15.1376	-0.187302	0.492952	-0.0650575	267.219	0	14.1664	0	0.258686	0	
277.437	49.0874	15.1635	-0.19055	0.543567	-0.0649774	267.928	0	14.1807	0	0.313496	0	
278.196	49.0778	15.1921	-0.193807	0.604641	-0.065354	268.637	0	14.1979	0	0.376389	0	
278.957	49.068	15.2241	-0.197094	0.675966	-0.0661795	269.348	0	14.2185	0	0.447262	0	
279.719	49.0581	15.2599	-0.200433	0.757287	-0.0674459	270.059	0	14.2428	0	0.52596	0	
280.483	49.048	15.3001	-0.203846	0.848294	-0.0691452	270.772	0	14.2713	0	0.612274	0	
281.249	49.0377	15.345	-0.207355	0.948625	-0.071269	271.486	0	14.3042	0	0.705943	0	
282.017	49.0273	15.3951	-0.210981	1.05786	-0.0738079	272.203	0	14.342	0	0.806653	0	
282.788	49.0166	15.451	-0.214744	1.17553	-0.0767515	272.921	0	14.385	0	0.914035	0	
283.563	49.0058	15.5129	-0.218664	1.30108	-0.080087	273.641	0	14.4336	0	1.02767	0	
284.34	48.9948	15.5812	-0.222761	1.43391	-0.0837989	274.364	0	14.488	0	1.14707	0	
285.121	48.9835	15.6564	-0.227052	1.57334	-0.0878679	275.09	0	14.5484	0	1.27172	0	
285.906	48.9721	15.7387	-0.231555	1.71863	-0.0922693	275.819	0	14.6153	0	1.40103	0	
286.695	48.9604	15.8285	-0.236286	1.86894	-0.0969725	276.552	0	14.6887	0	1.53437	0	
287.489	48.9485	15.9258	-0.24126	2.02336	-0.101938	277.288	0	14.7688	0	1.67105	0	
288.288	48.9363	16.0309	-0.246486	2.18089	-0.107118	278.029	0	14.8559	0	1.81035	0	
289.092	48.9238	16.144	-0.251976	2.34043	-0.112451	278.774	0	14.95	0	1.95149	0	
289.902	48.9111	16.265	-0.257766	2.49738	-0.128946	279.524	0	15.051	0	2.03802	0	
290.719	48.898	16.3912	-0.266742	2.51846	-0.223292	280.279	0	15.1425	0	1.62857	0	
291.541	48.8843	16.5145	-0.279651	2.39808	-0.288415	281.038	0	15.2137	0	1.22407	0	
292.37	48.87	16.6295	-0.295282	2.18979	-0.333679	281.8	0	15.2649	0	0.831151	0	
293.204	48.8548	16.7325	-0.312815	1.92963	-0.365518	282.564	0	15.2969	0	0.453893	0	
294.043	48.8387	16.8218	-0.331697	1.64165	-0.388302	283.329	0	15.3104	0	0.094685	0	
294.886	48.8216	16.8964	-0.351554	1.34174	-0.404981	284.095	0	15.3065	0	-0.245168	0	
295.732	48.8035	16.9558	-0.372134	1.04031	-0.417529	284.86	0	15.2861	0	-0.565055	0	
296.581	48.7844	17.0003	-0.393266	0.744039	-0.427255	285.623	0	15.2502	0	-0.86482	0	
297.432	48.7642	17.0302	-0.414831	0.457096	-0.435011	286.385	0	15.1998	0	-1.14459	0	
298.284	48.7429	17.0461	-0.436747	0.181951	-0.441338	287.143	0	15.1359	0	-1.40471	0	
299.137	48.7205	17.0485	-0.45895	-0.0800977	-0.446556	287.898	0	15.0595	0	-1.64563	0	
299.989	48.697	17.0382	-0.481389	-0.328569	-0.45083	288.649	0	14.9715	0	-1.86792	0	
300.84	48.6724	17.0158	-0.50402	-0.563563	-0.454212	289.395	0	14.8729	0	-2.07219	0	
301.69	48.6466	16.9819	-0.526796	-0.785613	-0.456661	290.136	0	14.7645	0	-2.25914	0	
302.538	48.6197	16.9373	-0.549669	-0.995588	-0.458064	290.871	0	14.6472	0	-2.42948	0	
303.384	48.5917	16.8824	-0.572583	-1.19464	-0.458238	291.6	0	14.5218	0	-2.58397	0	
304.226	48.5624	16.8179	-0.595468	-1.38419	-0.456926	292.323	0	14.389	0	-2.72336	0	
305.065	48.5321	16.7441	-0.618244	-1.56592	-0.453793	293.039	0	14.2496	0	-2.84844	0	
305.901	48.5006	16.6613	-0.640808	-1.74178	-0.448409	293.748	0	14.1043	0	-2.95997	0	
306.731	48.468	16.5699	-0.663035	-1.91408	-0.440231	294.449	0	13.9538	0	-3.05871	0	
307.557	48.4343	16.4698	-0.684768	-2.08546	-0.42858	295.143	0	13.7986	0	-3.14538	0	
308.378	48.3996	16.3612	-0.705814	-2.25902	-0.412607	295.829	0	13.6394	0	-3.22066	0	
309.193	48.3638	16.2437	-0.72593	-2.43834	-0.391264	296.507	0	13.4767	0	-3.28517	0	
310.002	48.327	16.1171	-0.744817	-2.62761	-0.363265	297.177	0	13.311	0	-3.33945	0	
310.805	48.2893	15.9806	-0.762104	-2.8316	-0.327049	297.838	0	13.1429	0	-3.38392	0	
311.6	48.2508	15.8335	-0.777334	-3.05578	-0.280753	298.491	0	12.9727	0	-3.41889	0	
312.388	48.2116	15.6745	-0.789949	-3.30623	-0.222191	299.135	0	12.8011	0	-3.44451	0	
313.167	48.1719	15.5022	-0.799274	-3.58961	-0.148859	299.771	0	12.6284	0	-3.46071	0	
313.938	48.1318	15.3147	-0.804501	-3.91294	-0.057982	300.398	0	12.4552	0	-3.46721	0	
314.698	48.0915	15.1099	-0.80468	-4.2832	0.0533902	301.016	0	12.2819	0	-3.46341	0	
315.448	48.0514	14.8853	-0.79871	-4.70676	0.188195	301.626	0	12.109	0	-3.44836	0	
316.186	48.0118	14.6381	-0.785351	-5.18853	0.349061	302.227	0	11.9373	0	-3.42071	0	
316.912	47.9731	14.3652	-0.76325	-5.73064	0.537868	302.82	0	11.7672	0	-3.3786	0	
317.622	47.9357	14.0637	-0.730988	-6.33086	0.755133	303.404	0	11.5997	0	-3.31964	0	
318.317	47.9002	13.731	-0.687172	-6.98058	0.999234	303.979	0	11.4356	0	-3.24094	0	
318.995	47.8672	13.3648	-0.630565	-7.6626	1.26552	304.547	0	11.276	0	-3.13911	0	
319.653	47.8374	12.9643	-0.560253	-8.3492	1.54548	305.107	0	11.1222	0	-3.01058	0	
320.29	47.8115	12.5301	-0.475862	-9.00119	1.82615	305.659	0	10.9756	0	-2.85189	0	
320.905	47.7901	12.0653	-0.377775	-9.56894	2.0903	306.205	0	10.8377	0	-2.66037	0	
321.496	47.774	11.5753	-0.267323	-9.99622	2.31758	306.743	0	10.7102	0	-2.43493	0	
322.062	47.7636	11.0687	-0.146885	-10.2274	2.48694	307.276	0	10.5948	0	-2.17686	0	
322.603	47.7595	10.5566	-0.0198387	-10.2168	2.58002	307.803	0	10.4931	0	-1.8906	0	
323.118	47.7618	10.0516	0.109666	-9.93903	2.5849	308.325	0	10.4063	0	-1.5839	0	
323.608	47.7705	9.56731	0.23711	-9.39574	2.49886	308.844	0	10.335	0	-1.26746	0	
324.075	47.7854	9.1163	0.358093	-8.6175	2.32938	309.359	0	10.2796	0	-0.953743	0	
324.52	47.8062	8.70901	0.468824	-7.65903	2.09274	309.872	0	10.2396	0	-0.655344	0	
324.946	47.8322	8.35276	0.566481	-6.58935	1.81078	310.383	0	10.2138	0	-0.383311	0	
325.356	47.8627	8.05128	0.649391	-5.48006	1.50688	310.894	0	10.2008	0	-0.145817	0	
325.752	47.8969	7.80489	0.717009	-4.39495	1.20234	311.404	0	10.1987	0	0.0524973	0	
326.137	47.9342	7.61107	0.769749	-3.38335	0.913952	311.914	0	10.2055	0	0.210472	0	
326.514	47.9737	7.46526	0.808729	-2.47758	0.653087	312.424	0	10.2191	0	0.329857	0	
326.885	48.0149	7.36169	0.8355	-1.69396	0.425894	312.936	0	10.2379	0	0.414455	0	
327.251	48.0571	7.29413	0.851808	-1.03578	0.23426	313.448	0	10.2601	0	0.469249	0	
327.615	48.0999	7.25642	0.859413	-0.497055	0.0770238	313.962	0	10.2845	0	0.499646	0	
327.977	48.1429	7.24287	0.859962	-0.0661125	-0.0488677	314.477	0	10.3098	0	0.510932	0	
328.339	48.1858	7.24844	0.854926	0.271525	-0.147422	314.993	0	10.3353	0	0.507921	0	
328.702	48.2284	7.26887	0.845561	0.531051	-0.222929	315.51	0	10.3604	0	0.494781	0	
329.066	48.2703	7.3006	0.832915	0.727029	-0.279525	316.029	0	10.3847	0	0.47498	0	
329.432	48.3116	7.34082	0.817836	0.872629	-0.320956	316.549	0	10.4078	0	0.451308	0	
329.8	48.3521	7.38728	0.801	0.97929	-0.350465	317.07	0	10.4298	0	0.425949	0	
330.171	48.3917	7.4383	0.78293	1.05665	-0.370773	317.592	0	10.4504	0	0.400564	0	
330.544	48.4304	7.49262	0.76403	1.11261	-0.384105	318.115	0	10.4698	0	0.376382	0	
330.92	48.4681	7.54934	0.744601	1.15356	-0.392241	318.639	0	10.4881	0	0.354284	0	
331.299	48.5048	7.60783	0.724866	1.18453	-0.39658	319.163	0	10.5053	0	0.334882	0	
331.681	48.5406	7.66771	0.704986	1.20941	-0.398204	319.689	0	10.5216	0	0.318573	0	
332.066	48.5753	7.72873	0.685077	1.23117	-0.39793	320.216	0	10.5372	0	0.305601	0	
332.454	48.6091	7.79082	0.665215	1.252	-0.39637	320.743	0	10.5522	0	0.296094	0	
332.845	48.6418	7.85395	0.645455	1.27349	-0.393964	321.271	0	10.5669	0	0.290097	0	
333.24	48.6736	7.91821	0.625829	1.29673	-0.391025	321.799	0	10.5813	0	0.287599	0	
333.637	48.7044	7.98368	0.606359	1.32243	-0.387766	322.329	0	10.5957	0	0.288554	0	
334.038	48.7343	8.05051	0.587057	1.35101	-0.384323	322.859	0	10.6102	0	0.292897	0	
334.442	48.7631	8.11885	0.56793	1.38268	-0.380777	323.39	0	10.625	0	0.30055	0	
334.85	48.7911	8.18885	0.548982	1.41745	-0.377167	323.922	0	10.6403	0	0.311438	0	
335.261	48.8181	8.26066	0.530216	1.45524	-0.373504	324.454	0	10.6562	0	0.325487	0	
335.676	48.8441	8.33444	0.511635	1.49589	-0.36978	324.987	0	10.6729	0	0.342635	0	
336.095	48.8692	8.41032	0.493241	1.53917	-0.365978	325.521	0	10.6905	0	0.362828	0	
336.517	48.8934	8.48842	0.475041	1.58484	-0.36207	326.056	0	10.7093	0	0.386025	0	
336.944	48.9167	8.56886	0.457039	1.63265	-0.358029	326.592	0	10.7292	0	0.412199	0	
337.374	48.9391	8.65174	0.439242	1.68233	-0.353829	327.129	0	10.7505	0	0.441334	0	
337.809	48.9607	8.73714	0.421661	1.73366	-0.349445	327.667	0	10.7734	0	0.473423	0	
338.248	48.9813	8.82515	0.404304	1.7864	-0.344857	328.207	0	10.798	0	0.508472	0	
338.692	49.0011	8.91583	0.387181	1.84035	-0.340049	328.747	0	10.8243	0	0.546494	0	
339.14	49.0201	9.00923	0.370305	1.89535	-0.33501	329.289	0	10.8527	0	0.58751	0	
339.593	49.0382	9.10541	0.353687	1.95126	-0.329736	329.832	0	10.8831	0	0.631546	0	
340.05	49.0554	9.2044	0.337338	2.00795	-0.324224	330.377	0	10.9159	0	0.678628	0	
340.513	49.0719	9.30624	0.321271	2.06534	-0.318478	330.924	0	10.9511	0	0.728789	0	
340.981	49.0876	9.41097	0.305497	2.12337	-0.312505	331.473	0	10.9889	0	0.782057	0	
341.454	49.1025	9.51862	0.290027	2.182	-0.306317	332.023	0	11.0294	0	0.838459	0	
341.933	49.1166	9.62921	0.274872	2.24123	-0.299928	332.576	0	11.0728	0	0.898018	0	
342.417	49.13	9.74278	0.260041	2.30106	-0.293354	333.13	0	11.1193	0	0.96075	0	
342.907	49.1426	9.85936	0.245542	2.36151	-0.286614	333.688	0	11.1689	0	1.02666	0	
343.403	49.1545	9.97898	0.231385	2.42263	-0.279731	334.247	0	11.222	0	1.09575	0	
343.905	49.1658	10.1017	0.217575	2.48447	-0.272726	334.81	0	11.2786	0	1.16801	0	
344.414	49.1763	10.2275	0.204118	2.5471	-0.265625	335.375	0	11.3389	0	1.2434	0	
344.928	49.1862	10.3564	0.191017	2.61059	-0.258452	335.944	0	11.403	0	1.32188	0	
345.449	49.1954	10.4886	0.178277	2.67502	-0.251234	336.516	0	11.4712	0	1.40339	0	
345.958	49.2076	9.878	0.301823	-10.0392	2.0242	337.091	0	11.5539	0	1.51897	0	
346.441	49.2249	9.47968	0.381693	-6.03667	1.20243	337.671	0	11.6229	0	1.25036	0	
346.932	49.2412	10.1243	0.276549	11.0647	-1.73926	338.254	0	11.6943	0	1.49101	0	
347.451	49.2531	10.6077	0.2032	8.47601	-1.23643	338.84	0	11.771	0	1.56657	0	
347.991	49.2618	10.9846	0.150267	6.72679	-0.9063	339.431	0	11.8503	0	1.60201	0	
348.548	49.2683	11.2884	0.110947	5.50654	-0.682725	340.026	0	11.9307	0	1.61	0	
349.119	49.2731	11.5405	0.0809498	4.63367	-0.527958	340.624	0	12.011	0	1.59841	0	
349.702	49.2765	11.7553	0.0574557	3.99576	-0.419153	341.227	0	12.0903	0	1.57239	0	
350.294	49.2789	11.9425	0.0385592	3.51999	-0.341812	341.833	0	12.1681	0	1.53545	0	
350.896	49.2805	12.109	0.0229443	3.15752	-0.286374	342.444	0	12.2437	0	1.49004	0	
351.505	49.2813	12.2594	0.00968983	2.8747	-0.246351	343.058	0	12.3169	0	1.43791	0	
352.121	49.2815	12.3972	-0.00185449	2.64788	-0.217233	343.675	0	12.3874	0	1.38038	0	
352.744	49.2811	12.5247	-0.0121491	2.46024	-0.19584	344.296	0	12.4549	0	1.31842	0	
353.374	49.2803	12.6436	-0.0215197	2.29973	-0.179901	344.921	0	12.5191	0	1.25279	0	
354.009	49.279	12.7549	-0.0301956	2.15769	-0.167786	345.548	0	12.5801	0	1.1841	0	
354.649	49.2773	12.8595	-0.0383369	2.02792	-0.158321	346.179	0	12.6375	0	1.11285	0	
355.295	49.2752	12.9578	-0.0460534	1.90605	-0.150663	346.812	0	12.6913	0	1.03945	0	
355.945	49.2727	13.0501	-0.0534196	1.78902	-0.14421	347.448	0	12.7414	0	0.964293	0	
356.6	49.2698	13.1367	-0.0604843	1.67476	-0.138535	348.086	0	12.7876	0	0.887718	0	
357.259	49.2667	13.2176	-0.0672784	1.56194	-0.133341	348.726	0	12.8301	0	0.81006	0	
357.921	49.2631	13.2928	-0.0738206	1.44978	-0.128428	349.369	0	12.8686	0	0.731642	0	
358.588	49.2593	13.3625	-0.0801212	1.33792	-0.123662	350.013	0	12.9032	0	0.65279	0	
359.258	49.2551	13.4266	-0.0861855	1.22627	-0.118963	350.659	0	12.9338	0	0.573835	0	
359.93	49.2507	13.4851	-0.0920155	1.11499	-0.114287	351.307	0	12.9605	0	0.495116	0	
360.606	49.246	13.538	-0.0976119	1.00437	-0.109614	351.955	0	12.9833	0	0.41698	0	
361.284	49.2409	13.5855	-0.102975	0.894823	-0.104945	352.605	0	13.0022	0	0.339783	0	
361.964	49.2357	13.6275	-0.108104	0.78684	-0.100291	353.255	0	13.0173	0	0.26389	0	
362.647	49.2302	13.6642	-0.113002	0.680948	-0.0956732	353.907	0	13.0286	0	0.189675	0	
363.331	49.2244	13.6956	-0.11767	0.5777	-0.0911145	354.558	0	13.0362	0	0.117516	0	
364.016	49.2184	13.7219	-0.122113	0.477654	-0.0866414	355.21	0	13.0403	0	0.0477946	0	
364.703	49.2122	13.7434	-0.126334	0.381363	-0.0822801	355.862	0	13.041	0	-0.0191073	0	
365.391	49.2058	13.7601	-0.130341	0.289365	-0.078056	356.514	0	13.0385	0	-0.0828089	0	
366.079	49.1992	13.7723	-0.13414	0.202172	-0.0739924	357.166	0	13.0328	0	-0.142934	0	
366.768	49.1924	13.7803	-0.137741	0.120271	-0.0701104	357.817	0	13.0242	0	-0.199115	0	
367.457	49.1854	13.7844	-0.141153	0.0441152	-0.0664281	358.468	0	13.0129	0	-0.250993	0	
368.146	49.1783	13.7848	-0.144386	-0.0258754	-0.0629612	359.119	0	12.9991	0	-0.298222	0	
368.835	49.171	13.7819	-0.147451	-0.0893165	-0.0597225	359.768	0	12.9831	0	-0.340474	0	
369.524	49.1636	13.776	-0.15036	-0.14586	-0.0567223	360.417	0	12.9652	0	-0.377434	0	
370.213	49.156	13.7674	-0.153126	-0.195193	-0.0539685	361.065	0	12.9455	0	-0.408811	0	
370.901	49.1483	13.7566	-0.15576	-0.237039	-0.0514669	361.711	0	12.9244	0	-0.434334	0	
371.588	49.1404	13.7438	-0.158276	-0.271157	-0.0492219	362.357	0	12.9021	0	-0.453756	0	
372.275	49.1325	13.7296	-0.160686	-0.297338	-0.0472362	363.002	0	12.8791	0	-0.466852	0	
372.961	49.1244	13.7142	-0.163003	-0.315408	-0.0455113	363.645	0	12.8556	0	-0.473426	0	
373.647	49.1162	13.6982	-0.16524	-0.325224	-0.0440481	364.287	0	12.8319	0	-0.473308	0	
374.331	49.1079	13.6818	-0.167411	-0.326677	-0.0428466	364.928	0	12.8083	0	-0.466354	0	
375.015	49.0994	13.6656	-0.169529	-0.319684	-0.0419067	365.568	0	12.7853	0	-0.45245	0	
375.698	49.0909	13.65	-0.171606	-0.304194	-0.0412279	366.207	0	12.7632	0	-0.431509	0	
376.38	49.0823	13.6354	-0.173656	-0.280185	-0.0408097	366.844	0	12.7423	0	-0.403474	0	
377.061	49.0736	13.6221	-0.175691	-0.247663	-0.0406518	367.481	0	12.723	0	-0.368316	0	
377.742	49.0647	13.6108	-0.177725	-0.206663	-0.040754	368.117	0	12.7056	0	-0.326034	0	
378.422	49.0558	13.6016	-0.179771	-0.157244	-0.0411162	368.752	0	12.6905	0	-0.276659	0	
379.102	49.0468	13.5952	-0.181841	-0.099498	-0.0417385	369.386	0	12.6781	0	-0.220249	0	
379.782	49.0376	13.5919	-0.183949	-0.0335408	-0.0426212	370.019	0	12.6687	0	-0.15689	0	
380.462	49.0284	13.592	-0.186108	0.0404818	-0.0437649	370.653	0	12.6626	0	-0.0866978	0	
381.141	49.0191	13.5961	-0.188331	0.122396	-0.04517	371.286	0	12.6601	0	-0.00981881	0	
381.821	49.0096	13.6044	-0.19063	0.211997	-0.0468369	371.919	0	12.6617	0	0.0735733	0	
382.502	49	13.6174	-0.19302	0.309052	-0.0487655	372.552	0	12.6677	0	0.163275	0	
383.183	48.9903	13.6355	-0.195512	0.413294	-0.0509556	373.186	0	12.6782	0	0.259054	0	
383.865	48.9805	13.6589	-0.198121	0.524424	-0.0534058	373.82	0	12.6937	0	0.360647	0	
384.549	48.9705	13.6881	-0.200859	0.64211	-0.056114	374.455	0	12.7144	0	0.467763	0	
385.234	48.9604	13.7233	-0.203738	0.765979	-0.0590765	375.091	0	12.7406	0	0.580079	0	
385.922	48.9501	13.7649	-0.206772	0.895625	-0.0622878	375.729	0	12.7726	0	0.697244	0	
386.611	48.9397	13.813	-0.209972	1.0306	-0.0657402	376.369	0	12.8105	0	0.818873	0	
387.303	48.9291	13.8681	-0.213352	1.1704	-0.0694229	377.01	0	12.8546	0	0.944556	0	
387.998	48.9184	13.9302	-0.21692	1.3145	-0.0733218	377.654	0	12.9051	0	1.07385	0	
388.696	48.9075	13.9997	-0.220689	1.46231	-0.0774184	378.301	0	12.9621	0	1.20627	0	
389.398	48.8963	14.0766	-0.224667	1.61319	-0.0816892	378.951	0	13.0258	0	1.34133	0	
390.104	48.885	14.1611	-0.228863	1.76645	-0.0861046	379.604	0	13.0963	0	1.4785	0	
390.814	48.8735	14.2533	-0.233282	1.92135	-0.090628	380.261	0	13.1737	0	1.6172	0	
391.53	48.8617	14.3533	-0.237929	2.07708	-0.0952144	380.921	0	13.2581	0	1.75687	0	
392.25	48.8497	14.4611	-0.242805	2.23277	-0.0998094	381.586	0	13.3495	0	1.89689	0	
392.976	48.8374	14.5767	-0.247911	2.3875	-0.104347	382.256	0	13.4479	0	2.03663	0	
393.708	48.8249	14.6999	-0.253266	2.53712	-0.119118	382.931	0	13.5531	0	2.12535	0	
394.446	48.812	14.8277	-0.261832	2.54241	-0.21582	383.612	0	13.6487	0	1.70455	0	
395.191	48.7987	14.9516	-0.274332	2.39922	-0.279012	384.296	0	13.7235	0	1.29462	0	
395.941	48.7846	15.066	-0.289384	2.16599	-0.319577	384.984	0	13.7783	0	0.901914	0	
396.697	48.7697	15.1673	-0.306053	1.88122	-0.344853	385.674	0	13.8139	0	0.529923	0	
397.458	48.754	15.2535	-0.323707	1.56999	-0.359739	386.365	0	13.8315	0	0.180378	0	
398.222	48.7373	15.3239	-0.341914	1.24839	-0.36747	387.056	0	13.8321	0	-0.146102	0	
398.99	48.7198	15.3782	-0.360373	0.926548	-0.370159	387.748	0	13.8171	0	-0.449578	0	
399.76	48.7013	15.4165	-0.378869	0.610654	-0.369161	388.438	0	13.7874	0	-0.730516	0	
400.531	48.6819	15.4393	-0.39724	0.304257	-0.365312	389.126	0	13.7442	0	-0.989621	0	
401.303	48.6616	15.447	-0.415358	0.00914888	-0.359094	389.812	0	13.6887	0	-1.22773	0	
402.076	48.6404	15.4402	-0.433111	-0.27406	-0.350741	390.495	0	13.6217	0	-1.44573	0	
402.847	48.6183	15.4196	-0.450393	-0.545565	-0.340308	391.174	0	13.5443	0	-1.64456	0	
403.617	48.5953	15.3857	-0.4671	-0.806122	-0.327715	391.849	0	13.4574	0	-1.82514	0	
404.386	48.5716	15.3391	-0.483119	-1.05689	-0.312777	392.52	0	13.362	0	-1.98836	0	
405.151	48.5471	15.2801	-0.498326	-1.29931	-0.295221	393.185	0	13.2588	0	-2.13511	0	
405.913	48.5218	15.2091	-0.512582	-1.53508	-0.274696	393.845	0	13.1487	0	-2.26619	0	
406.672	48.4958	15.1265	-0.525728	-1.76605	-0.250777	394.5	0	13.0324	0	-2.38238	0	
407.426	48.4692	15.0325	-0.537582	-1.99425	-0.222969	395.148	0	12.9106	0	-2.4844	0	
408.175	48.4421	14.927	-0.547936	-2.22181	-0.190711	395.791	0	12.7841	0	-2.57288	0	
408.918	48.4145	14.8101	-0.556551	-2.45096	-0.15338	396.427	0	12.6535	0	-2.64836	0	
409.655	48.3865	14.6817	-0.563158	-2.68396	-0.110299	397.056	0	12.5195	0	-2.71132	0	
410.386	48.3582	14.5415	-0.56745	-2.92307	-0.0607542	397.678	0	12.3826	0	-2.7621	0	
411.109	48.3298	14.3892	-0.569087	-3.17041	-0.00402219	398.294	0	12.2434	0	-2.80094	0	
411.825	48.3014	14.2242	-0.56769	-3.42785	0.0605938	398.903	0	12.1026	0	-2.82795	0	
412.531	48.2731	14.046	-0.562851	-3.69689	0.133708	399.504	0	11.9608	0	-2.84311	0	
413.229	48.2452	13.8541	-0.554131	-3.97833	0.215776	400.099	0	11.8185	0	-2.84625	0	
413.917	48.2178	13.6479	-0.541077	-4.27213	0.307005	400.686	0	11.6764	0	-2.83704	0	
414.593	48.1912	13.4266	-0.523233	-4.57702	0.407235	401.266	0	11.535	0	-2.81503	0	
415.259	48.1656	13.1899	-0.500162	-4.89018	0.515816	401.84	0	11.3951	0	-2.77965	0	
415.912	48.1413	12.9374	-0.471477	-5.20694	0.631468	402.406	0	11.2573	0	-2.73023	0	
416.552	48.1185	12.6691	-0.436871	-5.52053	0.752171	402.965	0	11.1224	0	-2.66607	0	
417.179	48.0977	12.3854	-0.396162	-5.82193	0.875073	403.518	0	10.991	0	-2.58652	0	
417.79	48.0791	12.0871	-0.349327	-6.09994	0.996487	404.064	0	10.864	0	-2.49108	0	
418.387	48.0629	11.7758	-0.296552	-6.34163	1.11197	404.604	0	10.7422	0	-2.37953	0	
418.968	48.0495	11.4537	-0.238257	-6.53298	1.21653	405.139	0	10.6264	0	-2.25206	0	
419.532	48.0392	11.1235	-0.175119	-6.66005	1.305	405.667	0	10.5173	0	-2.10941	0	
420.08	48.0321	10.7889	-0.108069	-6.71032	1.37246	406.19	0	10.4158	0	-1.95299	0	
420.611	48.0285	10.4539	-0.0382654	-6.67415	1.41477	406.709	0	10.3223	0	-1.78495	0	
421.125	48.0284	10.1231	0.0329553	-6.54622	1.4291	407.223	0	10.2375	0	-1.60815	0	
421.623	48.0318	9.80094	0.104157	-6.32641	1.41427	407.733	0	10.1617	0	-1.42603	0	
422.105	48.0388	9.49201	0.173892	-6.02022	1.37097	408.239	0	10.095	0	-1.24247	0	
422.572	48.0492	9.20035	0.240793	-5.63841	1.30172	408.742	0	10.0375	0	-1.06147	0	
423.025	48.0629	8.92938	0.303658	-5.1959	1.21053	409.243	0	9.98885	0	-0.886903	0	
423.466	48.0796	8.68171	0.361514	-4.71027	1.10246	409.741	0	9.94871	0	-0.722195	0	
423.894	48.099	8.45902	0.413657	-4.20004	0.983041	410.238	0	9.9165	0	-0.570129	0	
424.312	48.1209	8.26208	0.45966	-3.68296	0.857769	410.733	0	9.89153	0	-0.432694	0	
424.72	48.1449	8.09083	0.499357	-3.17475	0.731616	411.227	0	9.87303	0	-0.311043	0	
425.121	48.1707	7.94449	0.532815	-2.68823	0.608746	411.72	0	9.86021	0	-0.205532	0	
425.515	48.1981	7.82172	0.560281	-2.23288	0.492362	412.213	0	9.85227	0	-0.115825	0	
425.904	48.2267	7.72079	0.58214	-1.81493	0.384685	412.706	0	9.84842	0	-0.0410374	0	
426.288	48.2563	7.63974	0.598866	-1.43764	0.287039	413.198	0	9.84797	0	0.0201098	0	
426.668	48.2865	7.57651	0.610975	-1.10181	0.199988	413.691	0	9.85026	0	0.069138	0	
427.045	48.3173	7.52905	0.619	-0.806326	0.123509	414.183	0	9.85473	0	0.107682	0	
427.421	48.3484	7.49539	0.623459	-0.548755	0.0571481	414.676	0	9.8609	0	0.137387	0	
427.795	48.3796	7.47372	0.62484	-0.325789	0.000173959	415.169	0	9.86836	0	0.159831	0	
428.169	48.4108	7.4624	0.623592	-0.133669	-0.0483052	415.663	0	9.87679	0	0.176478	0	
428.542	48.4419	7.45999	0.620113	0.031516	-0.089247	416.157	0	9.88594	0	0.188644	0	
428.915	48.4728	7.46524	0.614758	0.173598	-0.123608	416.652	0	9.89561	0	0.19749	0	
429.288	48.5034	7.47709	0.607831	0.296189	-0.152298	417.147	0	9.90566	0	0.204018	0	
429.663	48.5336	7.49465	0.599595	0.402588	-0.176153	417.642	0	9.91599	0	0.209077	0	
430.038	48.5633	7.51718	0.590273	0.495733	-0.195921	418.138	0	9.92655	0	0.213381	0	
430.414	48.5926	7.54409	0.580052	0.578194	-0.212256	418.635	0	9.93733	0	0.217522	0	
430.792	48.6214	7.5749	0.569088	0.652175	-0.225721	419.132	0	9.94831	0	0.221982	0	
431.172	48.6495	7.60923	0.557513	0.71954	-0.236794	419.63	0	9.95954	0	0.227156	0	
431.553	48.6771	7.6468	0.545437	0.781843	-0.245872	420.128	0	9.97105	0	0.233361	0	
431.937	48.7041	7.68738	0.532949	0.84036	-0.253286	420.627	0	9.9829	0	0.240852	0	
432.322	48.7304	7.73082	0.520128	0.896129	-0.259305	421.126	0	9.99516	0	0.249833	0	
432.71	48.7561	7.77699	0.507036	0.949975	-0.264147	421.626	0	10.0079	0	0.26047	0	
433.1	48.7811	7.82582	0.493728	1.00255	-0.267987	422.127	0	10.0212	0	0.272894	0	
433.492	48.8055	7.87726	0.48025	1.05437	-0.270965	422.628	0	10.0352	0	0.287213	0	
433.888	48.8291	7.93128	0.466642	1.1058	-0.273193	423.131	0	10.05	0	0.303519	0	
434.286	48.8521	7.98786	0.452941	1.15715	-0.274757	423.633	0	10.0656	0	0.321886	0	
434.687	48.8744	8.04702	0.439176	1.20861	-0.275728	424.137	0	10.0822	0	0.342382	0	
435.09	48.896	8.10875	0.425376	1.26035	-0.276159	424.642	0	10.0999	0	0.365068	0	
435.497	48.917	8.17309	0.411568	1.31245	-0.276095	425.147	0	10.1188	0	0.389998	0	
435.908	48.9372	8.24003	0.397775	1.36499	-0.27557	425.654	0	10.139	0	0.417225	0	
436.322	48.9568	8.30962	0.384019	1.41801	-0.274616	426.161	0	10.1606	0	0.4468	0	
436.739	48.9756	8.38187	0.370321	1.47154	-0.273256	426.67	0	10.1837	0	0.478775	0	
437.16	48.9938	8.45681	0.3567	1.52558	-0.271512	427.179	0	10.2085	0	0.513197	0	
437.585	49.0113	8.53446	0.343176	1.58016	-0.269406	427.691	0	10.2351	0	0.550117	0	
438.013	49.0281	8.61486	0.329767	1.63528	-0.266956	428.203	0	10.2636	0	0.589582	0	
438.446	49.0443	8.69803	0.316487	1.69096	-0.264182	428.717	0	10.2941	0	0.63164	0	
438.883	49.0598	8.78399	0.303355	1.7472	-0.261101	429.232	0	10.3268	0	0.676337	0	
439.325	49.0746	8.87279	0.290384	1.80404	-0.257732	429.75	0	10.3618	0	0.723716	0	
439.771	49.0888	8.96444	0.277588	1.8615	-0.254095	430.269	0	10.3993	0	0.773817	0	
440.221	49.1024	9.05898	0.26498	1.91962	-0.250209	430.79	0	10.4393	0	0.826676	0	
440.677	49.1153	9.15644	0.252573	1.97844	-0.246095	431.313	0	10.482	0	0.882327	0	
441.137	49.1277	9.25686	0.240376	2.03801	-0.241772	431.838	0	10.5276	0	0.940794	0	
441.602	49.1394	9.36029	0.228401	2.0984	-0.237262	432.366	0	10.5761	0	1.0021	0	
442.073	49.1505	9.46675	0.216655	2.15965	-0.232586	432.896	0	10.6279	0	1.06625	0	
442.549	49.1611	9.5763	0.205147	2.22184	-0.227766	433.428	0	10.6829	0	1.13324	0	
443.031	49.1711	9.68898	0.193883	2.28504	-0.222825	433.964	0	10.7413	0	1.20308	0	
443.518	49.1805	9.80485	0.182869	2.34932	-0.217785	434.503	0	10.8032	0	1.27574	0	
444.011	49.1894	9.92396	0.172108	2.41475	-0.212669	435.044	0	10.8689	0	1.35119	0	
444.511	49.1977	10.0464	0.161605	2.48139	-0.207499	435.59	0	10.9384	0	1.42937	0	
445.016	49.2055	10.1722	0.151362	2.54932	-0.2023	436.138	0	11.0119	0	1.51024	0	
445.528	49.2129	10.3014	0.141378	2.61858	-0.197093	436.691	0	11.0896	0	1.5937	0	
446.046	49.2197	10.4341	0.131655	2.68923	-0.191902	437.247	0	11.1714	0	1.67966	0	
446.572	49.226	10.5703	0.122159	2.75921	-0.191854	437.808	0	11.2574	0	1.73721	0	
447.104	49.2319	10.7095	0.112217	2.79878	-0.204624	438.373	0	11.3432	0	1.69243	0	
447.643	49.2373	10.8497	0.101781	2.80672	-0.212017	438.943	0	11.4266	0	1.6464	0	
448.189	49.2421	10.9897	0.0910762	2.79075	-0.215587	439.516	0	11.5077	0	1.5987	0	
448.742	49.2464	11.1285	0.0802656	2.75649	-0.21645	440.093	0	11.5864	0	1.54905	0	
449.302	49.2501	11.2651	0.069463	2.70799	-0.2154	440.675	0	11.6626	0	1.49726	0	
449.868	49.2533	11.399	0.0587489	2.64818	-0.213001	441.26	0	11.7361	0	1.44319	0	
450.441	49.256	11.5297	0.0481803	2.57915	-0.209644	441.848	0	11.8068	0	1.38675	0	
451.021	49.2582	11.6568	0.0377977	2.50243	-0.205603	442.44	0	11.8747	0	1.32793	0	
451.607	49.2598	11.7798	0.0276303	2.41912	-0.201066	443.036	0	11.9396	0	1.26671	0	
452.199	49.2609	11.8986	0.0176995	2.33005	-0.196161	443.634	0	12.0013	0	1.20313	0	
452.797	49.2616	12.0127	0.00802142	2.23585	-0.190974	444.236	0	12.0598	0	1.13726	0	
453.4	49.2618	12.122	-0.00139152	2.13704	-0.185565	444.84	0	12.115	0	1.06917	0	
454.009	49.2615	12.2263	-0.0105293	2.03405	-0.179975	445.447	0	12.1667	0	0.998979	0	
454.623	49.2607	12.3253	-0.0193836	1.92731	-0.174234	446.057	0	12.2148	0	0.926815	0	
455.242	49.2595	12.4189	-0.0279477	1.81721	-0.168366	446.669	0	12.2593	0	0.85283	0	
455.865	49.2579	12.5069	-0.0362155	1.70415	-0.162392	447.283	0	12.3	0	0.777199	0	
456.463	49.261	11.484	0.144658	-16.7953	2.91402	447.898	0	12.3169	0	0.0460578	0	
457.019	49.2714	10.8155	0.257214	-10.2355	1.64504	448.514	0	12.3064	0	-0.438887	0	
457.549	49.2859	10.4375	0.313784	-5.20367	0.681951	449.128	0	12.2748	0	-0.801045	0	
458.103	49.2959	11.6135	0.108929	18.0155	-3.09263	449.742	0	12.2567	0	-0.164474	0	
458.703	49.2981	12.324	-0.0118873	11.0894	-1.86792	450.354	0	12.2548	0	0.0600781	0	
459.331	49.2955	12.7647	-0.0856716	6.90782	-1.15016	450.967	0	12.2607	0	0.159708	0	
459.977	49.2899	13.0383	-0.131103	4.25533	-0.705422	451.58	0	12.2696	0	0.18615	0	
460.633	49.2826	13.2043	-0.158681	2.52357	-0.421262	452.194	0	12.2786	0	0.167666	0	
461.296	49.2743	13.2996	-0.174773	1.37541	-0.237501	452.808	0	12.2859	0	0.121104	0	
461.963	49.2653	13.3477	-0.183437	0.609017	-0.119021	453.423	0	12.2904	0	0.0571477	0	
462.631	49.256	13.3644	-0.187345	0.096563	-0.0439192	454.037	0	12.2914	0	-0.017147	0	
463.299	49.2466	13.36	-0.18828	-0.245995	0.00212789	454.652	0	12.2885	0	-0.0969927	0	
463.966	49.2372	13.3415	-0.187436	-0.475121	0.0287712	455.266	0	12.2816	0	-0.17909	0	
464.633	49.2279	13.3136	-0.185605	-0.629091	0.042612	455.88	0	12.2706	0	-0.261145	0	
465.298	49.2187	13.2793	-0.183307	-0.733836	0.0481823	456.493	0	12.2555	0	-0.341547	0	
465.961	49.2096	13.2407	-0.180871	-0.806775	0.0485794	457.105	0	12.2364	0	-0.419163	0	
466.622	49.2006	13.199	-0.178501	-0.859438	0.0458967	457.717	0	12.2136	0	-0.493184	0	
467.28	49.1918	13.1549	-0.176311	-0.899295	0.0415258	458.327	0	12.1871	0	-0.563025	0	
467.937	49.183	13.1092	-0.174363	-0.931042	0.0363711	458.935	0	12.1573	0	-0.628257	0	
468.591	49.1743	13.0619	-0.17268	-0.957498	0.0310028	459.542	0	12.1244	0	-0.688553	0	
469.243	49.1657	13.0135	-0.171263	-0.980242	0.0257649	460.148	0	12.0885	0	-0.743661	0	
469.893	49.1572	12.9639	-0.170101	-1.00005	0.0208507	460.751	0	12.0501	0	-0.793378	0	
470.54	49.1487	12.9135	-0.169174	-1.01717	0.0163556	461.353	0	12.0092	0	-0.837538	0	
471.184	49.1403	12.8622	-0.16846	-1.03157	0.0123127	461.952	0	11.9664	0	-0.876005	0	
471.826	49.1319	12.8104	-0.167937	-1.04301	0.00871698	462.549	0	11.9217	0	-0.90866	0	
472.465	49.1235	12.758	-0.167583	-1.05117	0.00554096	463.144	0	11.8756	0	-0.935408	0	
473.102	49.1152	12.7053	-0.167378	-1.0557	0.00274525	463.737	0	11.8283	0	-0.956168	0	
473.735	49.1068	12.6525	-0.167304	-1.05624	0.000285013	464.327	0	11.7801	0	-0.970874	0	
474.367	49.0985	12.5998	-0.167346	-1.05244	-0.00188595	464.915	0	11.7313	0	-0.979476	0	
474.995	49.0901	12.5473	-0.16749	-1.044	-0.0038128	465.5	0	11.6822	0	-0.981939	0	
475.621	49.0817	12.4954	-0.167725	-1.03064	-0.00553835	466.083	0	11.6332	0	-0.978243	0	
476.245	49.0733	12.4444	-0.168042	-1.01211	-0.00710231	466.663	0	11.5845	0	-0.968381	0	
476.866	49.0649	12.3943	-0.168433	-0.988228	-0.0085411	467.241	0	11.5365	0	-0.952361	0	
477.484	49.0565	12.3456	-0.168895	-0.958817	-0.00988784	467.817	0	11.4894	0	-0.930206	0	
478.1	49.0481	12.2986	-0.169422	-0.923751	-0.0111724	468.39	0	11.4436	0	-0.90195	0	
478.714	49.0396	12.2534	-0.170012	-0.882934	-0.0124217	468.961	0	11.3993	0	-0.867644	0	
479.326	49.0311	12.2104	-0.170664	-0.836302	-0.01366	469.53	0	11.3569	0	-0.827349	0	
479.935	49.0225	12.1699	-0.171379	-0.783819	-0.0149089	470.097	0	11.3167	0	-0.781142	0	
480.543	49.0139	12.1321	-0.172156	-0.725475	-0.0161879	470.662	0	11.2789	0	-0.72911	0	
481.149	49.0053	12.0975	-0.172999	-0.661288	-0.0175142	471.225	0	11.2439	0	-0.671355	0	
481.753	48.9967	12.0661	-0.17391	-0.591298	-0.0189034	471.786	0	11.2119	0	-0.60799	0	
482.355	48.9879	12.0385	-0.174891	-0.515567	-0.0203691	472.346	0	11.1832	0	-0.539141	0	
482.957	48.9792	12.0147	-0.175949	-0.434182	-0.0219236	472.905	0	11.1581	0	-0.464944	0	
483.557	48.9704	11.9952	-0.177086	-0.347247	-0.0235774	473.462	0	11.1369	0	-0.38555	0	
484.156	48.9615	11.9801	-0.178309	-0.254888	-0.0253398	474.018	0	11.1197	0	-0.30112	0	
484.755	48.9525	11.9698	-0.179623	-0.157254	-0.0272185	474.574	0	11.1069	0	-0.211829	0	
485.353	48.9435	11.9645	-0.181034	-0.0545096	-0.02922	475.129	0	11.0986	0	-0.117864	0	
485.951	48.9344	11.9645	-0.182548	0.0531567	-0.0313492	475.684	0	11.0952	0	-0.0194251	0	
486.55	48.9253	11.97	-0.184172	0.165536	-0.0336095	476.239	0	11.0968	0	0.0832751	0	
487.148	48.916	11.9812	-0.185913	0.2824	-0.0360028	476.794	0	11.1036	0	0.190009	0	
487.748	48.9067	11.9983	-0.187776	0.403493	-0.0385291	477.349	0	11.1159	0	0.300536	0	
488.348	48.8973	12.0217	-0.189769	0.52854	-0.0411869	477.905	0	11.1338	0	0.4146	0	
488.95	48.8877	12.0513	-0.191898	0.65724	-0.0439721	478.463	0	11.1575	0	0.531931	0	
489.554	48.8781	12.0875	-0.19417	0.789265	-0.0468786	479.021	0	11.1871	0	0.652241	0	
490.159	48.8683	12.1304	-0.196589	0.924261	-0.0498977	479.582	0	11.2228	0	0.775228	0	
490.767	48.8585	12.18	-0.199163	1.06184	-0.0530174	480.144	0	11.2647	0	0.900573	0	
491.377	48.8484	12.2367	-0.201894	1.2016	-0.0562227	480.708	0	11.313	0	1.02794	0	
491.991	48.8383	12.3003	-0.204788	1.34308	-0.0594949	481.275	0	11.3676	0	1.15698	0	
492.607	48.828	12.3711	-0.207846	1.48581	-0.0628108	481.845	0	11.4288	0	1.28733	0	
493.228	48.8175	12.449	-0.211071	1.62927	-0.0661426	482.418	0	11.4964	0	1.41859	0	
493.853	48.8069	12.5341	-0.214462	1.77292	-0.0694574	482.995	0	11.5707	0	1.55038	0	
494.482	48.7961	12.6263	-0.218017	1.91617	-0.0727162	483.575	0	11.6515	0	1.68227	0	
495.115	48.7851	12.7257	-0.221733	2.0584	-0.0758736	484.16	0	11.739	0	1.81385	0	
495.754	48.7739	12.8322	-0.225603	2.19895	-0.0788771	484.749	0	11.833	0	1.94467	0	
496.399	48.7625	12.9457	-0.229619	2.33712	-0.0816666	485.344	0	11.9335	0	2.0743	0	
497.049	48.7509	13.0659	-0.233767	2.47219	-0.0841733	485.943	0	12.0405	0	2.20227	0	
497.705	48.7391	13.1918	-0.239434	2.52925	-0.158421	486.548	0	12.1466	0	1.94021	0	
498.368	48.7269	13.316	-0.2492	2.41526	-0.226054	487.157	0	12.2335	0	1.54267	0	
499.037	48.7142	13.4315	-0.261614	2.19562	-0.266419	487.771	0	12.301	0	1.16301	0	
499.711	48.7008	13.5344	-0.275551	1.9147	-0.288332	488.387	0	12.35	0	0.805092	0	
500.39	48.6866	13.6223	-0.290247	1.60126	-0.297658	489.006	0	12.3817	0	0.470731	0	
501.073	48.6717	13.6941	-0.305175	1.27366	-0.298259	489.625	0	12.3973	0	0.16046	0	
501.759	48.6561	13.7495	-0.319968	0.943376	-0.29265	490.245	0	12.398	0	-0.125947	0	
502.448	48.6398	13.7884	-0.33436	0.617371	-0.282444	490.865	0	12.3849	0	-0.389151	0	
503.138	48.6227	13.8112	-0.348147	0.299639	-0.268645	491.483	0	12.3593	0	-0.63005	0	
503.829	48.605	13.8184	-0.361167	-0.00777569	-0.251845	492.1	0	12.3222	0	-0.849656	0	
504.52	48.5866	13.8104	-0.373278	-0.304103	-0.232359	492.715	0	12.2746	0	-1.04902	0	
505.21	48.5677	13.788	-0.38435	-0.589402	-0.210308	493.328	0	12.2175	0	-1.22916	0	
505.898	48.5482	13.7515	-0.394254	-0.864264	-0.185683	493.937	0	12.1519	0	-1.3911	0	
506.585	48.5283	13.7016	-0.40286	-1.1296	-0.158384	494.543	0	12.0786	0	-1.53575	0	
507.268	48.5079	13.6386	-0.410031	-1.38653	-0.128249	495.145	0	11.9985	0	-1.664	0	
507.948	48.4873	13.5629	-0.415619	-1.63623	-0.0950827	495.742	0	11.9124	0	-1.77663	0	
508.624	48.4664	13.4749	-0.419468	-1.87989	-0.0586677	496.336	0	11.821	0	-1.87437	0	
509.295	48.4454	13.3749	-0.421409	-2.11864	-0.01879	496.924	0	11.7252	0	-1.95783	0	
509.961	48.4243	13.263	-0.421265	-2.35345	0.0247442	497.508	0	11.6254	0	-2.02758	0	
510.621	48.4033	13.1395	-0.418848	-2.5851	0.0720858	498.087	0	11.5226	0	-2.08407	0	
511.275	48.3825	13.0044	-0.413967	-2.81409	0.123319	498.66	0	11.4172	0	-2.12769	0	
511.922	48.362	12.858	-0.406425	-3.04056	0.178433	499.228	0	11.31	0	-2.15876	0	
512.561	48.3419	12.7003	-0.396032	-3.26421	0.237289	499.791	0	11.2015	0	-2.17749	0	
513.191	48.3225	12.5315	-0.382608	-3.4842	0.299593	500.348	0	11.0925	0	-2.18407	0	
513.813	48.3037	12.3519	-0.365992	-3.69911	0.364856	500.9	0	10.9833	0	-2.17864	0	
514.426	48.2859	12.1616	-0.346052	-3.90686	0.432371	501.447	0	10.8748	0	-2.16128	0	
515.029	48.2692	11.9613	-0.322699	-4.10467	0.50119	501.988	0	10.7674	0	-2.13212	0	
515.622	48.2538	11.7513	-0.295897	-4.2891	0.570113	502.524	0	10.6618	0	-2.09128	0	
516.204	48.2397	11.5325	-0.265676	-4.45606	0.637699	503.054	0	10.5585	0	-2.03896	0	
516.775	48.2273	11.306	-0.232143	-4.60102	0.7023	503.579	0	10.4581	0	-1.97547	0	
517.335	48.2166	11.0728	-0.195494	-4.71914	0.762114	504.1	0	10.3612	0	-1.90125	0	
517.882	48.2078	10.8345	-0.156015	-4.80562	0.815274	504.615	0	10.2682	0	-1.81693	0	
518.418	48.2011	10.5928	-0.114084	-4.85596	0.859954	505.127	0	10.1797	0	-1.72334	0	
518.941	48.1965	10.3496	-0.0701686	-4.8664	0.894495	505.633	0	10.0961	0	-1.62157	0	
519.453	48.1941	10.1069	-0.024812	-4.83424	0.917528	506.136	0	10.0177	0	-1.51291	0	
519.952	48.194	9.86694	0.0213845	-4.75814	0.928092	506.635	0	9.94491	0	-1.39886	0	
520.439	48.1963	9.63187	0.0677835	-4.63837	0.925725	507.131	0	9.87792	0	-1.28112	0	
520.915	48.2008	9.40386	0.113738	-4.47688	0.910507	507.623	0	9.81688	0	-1.16148	0	
521.38	48.2077	9.18491	0.15862	-4.27724	0.883065	508.113	0	9.76184	0	-1.04179	0	
521.834	48.2167	8.9768	0.201843	-4.04441	0.844522	508.599	0	9.71274	0	-0.92385	0	
522.278	48.2279	8.78105	0.24289	-3.78447	0.796408	509.084	0	9.66945	0	-0.809335	0	
522.712	48.241	8.59883	0.281328	-3.50415	0.740538	509.566	0	9.63178	0	-0.699734	0	
523.138	48.256	8.431	0.316818	-3.21044	0.678878	510.047	0	9.59943	0	-0.596281	0	
523.555	48.2727	8.27805	0.349121	-2.91015	0.613413	510.526	0	9.57208	0	-0.499923	0	
523.966	48.2909	8.14014	0.378094	-2.60956	0.546028	511.004	0	9.54935	0	-0.411307	0	
524.37	48.3104	8.01715	0.403687	-2.31419	0.478424	511.481	0	9.53086	0	-0.330778	0	
524.768	48.3312	7.9087	0.425924	-2.02857	0.412048	511.958	0	9.51618	0	-0.258412	0	
525.161	48.353	7.81421	0.444899	-1.75621	0.34807	512.433	0	9.50492	0	-0.194044	0	
525.549	48.3757	7.73295	0.460755	-1.49963	0.287374	512.908	0	9.49668	0	-0.137311	0	
525.934	48.399	7.66408	0.473672	-1.26038	0.230574	513.383	0	9.49109	0	-0.0877042	0	
526.316	48.423	7.60673	0.483856	-1.0392	0.178043	513.857	0	9.48782	0	-0.044607	0	
526.695	48.4474	7.55997	0.491525	-0.836141	0.129952	514.332	0	9.48655	0	-0.00733872	0	
527.072	48.4721	7.52291	0.496902	-0.650723	0.0863074	514.806	0	9.48702	0	0.0248113	0	
527.447	48.4971	7.4947	0.500207	-0.482056	0.0469904	515.28	0	9.48898	0	0.0525553	0	
527.821	48.5221	7.47453	0.501652	-0.328978	0.011794	515.755	0	9.49223	0	0.0765855	0	
528.195	48.5472	7.46164	0.501434	-0.190158	-0.019548	516.23	0	9.4966	0	0.0975583	0	
528.568	48.5723	7.45537	0.499741	-0.0641826	-0.0473351	516.705	0	9.50195	0	0.116085	0	
528.941	48.5972	7.45509	0.496742	0.0503729	-0.0718809	517.18	0	9.50818	0	0.132723	0	
529.313	48.6219	7.46029	0.49259	0.154897	-0.093498	517.655	0	9.51521	0	0.147979	0	
529.687	48.6464	7.47049	0.487426	0.250706	-0.112487	518.131	0	9.52297	0	0.162304	0	
530.061	48.6707	7.48528	0.481372	0.339018	-0.129131	518.608	0	9.53144	0	0.176099	0	
530.435	48.6946	7.50433	0.474539	0.420943	-0.14369	519.085	0	9.54059	0	0.189715	0	
530.811	48.7181	7.52733	0.467027	0.497477	-0.156398	519.562	0	9.55042	0	0.203463	0	
531.188	48.7413	7.55404	0.458921	0.569501	-0.167466	520.04	0	9.56095	0	0.217611	0	
531.566	48.764	7.58425	0.450299	0.637787	-0.177078	520.518	0	9.5722	0	0.232395	0	
531.947	48.7863	7.6178	0.44123	0.703002	-0.185396	520.997	0	9.58421	0	0.248021	0	
532.328	48.8081	7.65454	0.431775	0.76572	-0.192563	521.476	0	9.59702	0	0.264669	0	
532.712	48.8295	7.69437	0.421988	0.82643	-0.198699	521.957	0	9.6107	0	0.282497	0	
533.098	48.8503	7.73719	0.411918	0.885546	-0.203909	522.437	0	9.6253	0	0.301645	0	
533.486	48.8707	7.78293	0.401608	0.943416	-0.208285	522.919	0	9.6409	0	0.322238	0	
533.876	48.8905	7.83154	0.3911	1.00033	-0.211903	523.402	0	9.65757	0	0.344387	0	
534.269	48.9098	7.88298	0.380428	1.05654	-0.21483	523.885	0	9.67538	0	0.368194	0	
534.665	48.9286	7.93721	0.369626	1.11224	-0.217125	524.369	0	9.69443	0	0.393751	0	
535.063	48.9468	7.99423	0.358724	1.16762	-0.218838	524.854	0	9.7148	0	0.421145	0	
535.464	48.9644	8.054	0.34775	1.2228	-0.220014	525.341	0	9.73659	0	0.450455	0	
535.868	48.9815	8.11653	0.336731	1.27792	-0.220691	525.828	0	9.75989	0	0.481756	0	
536.276	48.9981	8.18182	0.325689	1.33308	-0.220905	526.317	0	9.78481	0	0.515118	0	
536.687	49.0141	8.24987	0.314647	1.38838	-0.220688	526.807	0	9.81146	0	0.550608	0	
537.101	49.0296	8.32069	0.303627	1.4439	-0.22007	527.298	0	9.83993	0	0.588289	0	
537.519	49.0445	8.39429	0.292647	1.49973	-0.219077	527.791	0	9.87034	0	0.628222	0	
537.924	49.0622	7.84091	0.409669	-9.31661	2.01805	528.285	0	9.92681	0	1.42111	0	
538.324	49.0814	8.14136	0.357894	5.43488	-0.923906	528.783	0	9.98318	0	1.05211	0	
538.737	49.0982	8.38894	0.31641	4.52057	-0.745383	529.284	0	10.0329	0	0.946768	0	
539.162	49.1131	8.59674	0.282739	3.83062	-0.608774	529.786	0	10.0785	0	0.885054	0	
539.596	49.1265	8.77451	0.255081	3.3099	-0.503006	530.292	0	10.122	0	0.856895	0	
540.039	49.1387	8.92967	0.232099	2.91957	-0.420467	530.799	0	10.1647	0	0.854941	0	
540.489	49.1498	9.06799	0.212775	2.63132	-0.355743	531.308	0	10.2078	0	0.873691	0	
540.946	49.16	9.19402	0.196324	2.42395	-0.304874	531.82	0	10.2523	0	0.908934	0	
541.409	49.1695	9.31137	0.18213	2.28118	-0.264883	532.333	0	10.2989	0	0.957393	0	
541.877	49.1783	9.42294	0.16971	2.19019	-0.233482	532.849	0	10.3483	0	1.01649	0	
542.351	49.1865	9.53105	0.158682	2.14078	-0.208884	533.368	0	10.4008	0	1.08416	0	
542.83	49.1942	9.63756	0.148743	2.12471	-0.189667	533.89	0	10.4568	0	1.15877	0	
543.315	49.2014	9.74396	0.139654	2.13527	-0.174694	534.414	0	10.5168	0	1.239	0	
543.805	49.2082	9.85145	0.131225	2.16699	-0.163053	534.941	0	10.5808	0	1.3238	0	
544.3	49.2145	9.96096	0.123311	2.21541	-0.154004	535.472	0	10.6493	0	1.41232	0	
544.801	49.2205	10.0732	0.115796	2.27688	-0.146958	536.006	0	10.7222	0	1.50388	0	
545.307	49.2261	10.1888	0.108592	2.34847	-0.141439	536.544	0	10.7997	0	1.59793	0	
545.82	49.2314	10.3082	0.101635	2.42779	-0.137073	537.087	0	10.882	0	1.69403	0	
546.338	49.2363	10.4317	0.0946893	2.50332	-0.146072	537.633	0	10.9681	0	1.71133	0	
546.863	49.2409	10.558	0.0870076	2.54386	-0.160101	538.183	0	11.0525	0	1.66471	0	
547.394	49.245	10.6856	0.078755	2.55541	-0.169215	538.738	0	11.1345	0	1.6168	0	
547.932	49.2487	10.8132	0.0701416	2.54476	-0.174763	539.297	0	11.2141	0	1.56725	0	
548.476	49.252	10.9398	0.0613195	2.5169	-0.177728	539.859	0	11.2912	0	1.51578	0	
549.026	49.2549	11.0646	0.052399	2.47546	-0.178816	540.426	0	11.3656	0	1.4622	0	
549.582	49.2573	11.1871	0.0434604	2.42307	-0.178535	540.996	0	11.4373	0	1.40638	0	
550.144	49.2592	11.3067	0.0345627	2.36165	-0.177244	541.57	0	11.5062	0	1.34825	0	
550.713	49.2608	11.4231	0.0257495	2.29257	-0.175196	542.147	0	11.5721	0	1.28777	0	
551.287	49.2618	11.5358	0.0170539	2.21686	-0.17257	542.727	0	11.6349	0	1.22492	0	
551.866	49.2625	11.6447	0.00850145	2.13526	-0.16949	543.31	0	11.6945	0	1.15973	0	
552.451	49.2627	11.7492	0.000112638	2.04838	-0.166042	543.896	0	11.7508	0	1.09224	0	
553.041	49.2625	11.8494	-0.00809586	1.95668	-0.162289	544.485	0	11.8036	0	1.02253	0	
553.636	49.2619	11.9448	-0.0161099	1.86058	-0.158274	545.077	0	11.853	0	0.950678	0	
554.236	49.2609	12.0353	-0.0239173	1.76045	-0.154031	545.67	0	11.8986	0	0.876804	0	
554.84	49.2595	12.1207	-0.0315075	1.65666	-0.149587	546.266	0	11.9406	0	0.801035	0	
555.448	49.2578	12.2009	-0.0388708	1.54956	-0.144966	546.864	0	11.9787	0	0.72352	0	
556.06	49.2557	12.2756	-0.0459991	1.43955	-0.14019	547.464	0	12.0129	0	0.644429	0	
556.675	49.2532	12.3447	-0.0528852	1.32701	-0.135281	548.066	0	12.0431	0	0.563947	0	
557.294	49.2504	12.4082	-0.0595229	1.21236	-0.130261	548.668	0	12.0692	0	0.48228	0	
557.916	49.2472	12.4659	-0.0659073	1.09604	-0.125154	549.273	0	12.0912	0	0.399647	0	
558.508	49.2495	11.2859	0.140028	-19.2401	3.28038	549.877	0	12.0858	0	-0.446994	0	
559.051	49.26	10.5253	0.264938	-11.5575	1.78863	550.481	0	12.0488	0	-1.00103	0	
559.565	49.275	10.1005	0.324874	-5.83129	0.688202	551.082	0	11.988	0	-1.40328	0	
560.106	49.2848	11.404	0.0921591	19.4238	-3.43684	551.68	0	11.9439	0	-0.639389	0	
560.697	49.2858	12.1511	-0.0397196	11.3077	-1.99617	552.276	0	11.9196	0	-0.369311	0	
561.317	49.2817	12.5866	-0.117015	6.55312	-1.17539	552.872	0	11.9046	0	-0.250189	0	
561.953	49.2746	12.8345	-0.162264	3.62103	-0.679341	553.467	0	11.8932	0	-0.216664	0	
562.598	49.2658	12.9652	-0.187835	1.76292	-0.370509	554.061	0	11.8821	0	-0.234021	0	
563.248	49.256	13.0211	-0.201091	0.572036	-0.176729	554.655	0	11.8692	0	-0.282044	0	
563.9	49.2458	13.029	-0.206646	-0.19159	-0.056432	555.248	0	11.8535	0	-0.34821	0	
564.551	49.2354	13.0062	-0.207478	-0.677844	0.0160489	555.84	0	11.8342	0	-0.424456	0	
565.2	49.2251	12.964	-0.20553	-0.983741	0.0573121	556.431	0	11.811	0	-0.505484	0	
565.847	49.2149	12.9096	-0.202066	-1.17322	0.0783752	557.021	0	11.7836	0	-0.587776	0	
566.491	49.2049	12.8478	-0.197897	-1.28863	0.0866271	557.61	0	11.7522	0	-0.668996	0	
567.132	49.1952	12.7815	-0.193531	-1.35787	0.087016	558.196	0	11.7167	0	-0.747595	0	
567.769	49.1856	12.7125	-0.189272	-1.39908	0.0828232	558.781	0	11.6774	0	-0.822552	0	
568.403	49.1762	12.6418	-0.185292	-1.42386	0.0761889	559.364	0	11.6345	0	-0.893199	0	
569.033	49.1671	12.5702	-0.181675	-1.43937	0.0684766	559.945	0	11.5882	0	-0.959101	0	
569.66	49.1581	12.498	-0.178452	-1.44989	0.0605276	560.523	0	11.5386	0	-1.01997	0	
570.283	49.1492	12.4253	-0.175621	-1.45781	0.0528372	561.098	0	11.4862	0	-1.07563	0	
570.902	49.1405	12.3522	-0.173163	-1.46431	0.0456759	561.671	0	11.4311	0	-1.12595	0	
571.518	49.1319	12.2788	-0.171046	-1.46985	0.0391714	562.241	0	11.3737	0	-1.17087	0	
572.13	49.1234	12.2052	-0.169237	-1.47443	0.033363	562.809	0	11.3141	0	-1.21032	0	
572.738	49.115	12.1314	-0.167701	-1.47783	0.0282376	563.373	0	11.2527	0	-1.24428	0	
573.343	49.1067	12.0575	-0.166405	-1.47969	0.0237528	563.934	0	11.1898	0	-1.27274	0	
573.944	49.0984	11.9835	-0.165318	-1.47959	0.0198516	564.492	0	11.1255	0	-1.2957	0	
574.541	49.0902	11.9096	-0.164413	-1.47712	0.0164708	565.046	0	11.0603	0	-1.31315	0	
575.135	49.082	11.8358	-0.163665	-1.4719	0.0135469	565.598	0	10.9943	0	-1.32512	0	
575.725	49.0738	11.7624	-0.163053	-1.46357	0.011019	566.146	0	10.9279	0	-1.33162	0	
576.311	49.0657	11.6895	-0.162559	-1.4518	0.00883	566.69	0	10.8612	0	-1.33271	0	
576.894	49.0576	11.6173	-0.162166	-1.43634	0.00692791	567.232	0	10.7947	0	-1.3284	0	
577.473	49.0495	11.546	-0.161863	-1.41695	0.0052655	567.77	0	10.7285	0	-1.31876	0	
578.048	49.0414	11.4757	-0.161637	-1.39344	0.00380043	568.305	0	10.6629	0	-1.30383	0	
578.568	49.0436	9.49382	0.211047	-30.4306	5.49582	568.835	0	10.558	0	-2.62119	0	
579.069	49.0483	10.4302	0.00460351	12.7953	-2.89652	569.361	0	10.4542	0	-1.83758	0	
579.604	49.0456	10.8804	-0.101249	6.02342	-1.50598	569.881	0	10.3704	0	-1.5463	0	
580.153	49.039	11.0825	-0.156271	2.46732	-0.777317	570.398	0	10.2977	0	-1.37484	0	
580.71	49.0304	11.1528	-0.184171	0.558294	-0.382074	570.911	0	10.232	0	-1.26376	0	
581.268	49.0208	11.1523	-0.197267	-0.460429	-0.165587	571.421	0	10.1709	0	-1.18315	0	
581.824	49.0108	11.1145	-0.202278	-0.983932	-0.0481712	571.928	0	10.1134	0	-1.11713	0	
582.379	49.0007	11.0583	-0.202958	-1.22819	0.0135249	572.432	0	10.0591	0	-1.05703	0	
582.93	48.9906	10.9942	-0.201421	-1.31427	0.0438108	572.934	0	10.0077	0	-0.998103	0	
583.478	48.9806	10.9283	-0.198856	-1.31079	0.0565206	573.433	0	9.95935	0	-0.937736	0	
584.023	48.9707	10.864	-0.195924	-1.25681	0.0595649	573.93	0	9.91405	0	-0.874548	0	
584.565	48.961	10.8031	-0.192984	-1.1745	0.0574576	574.425	0	9.87199	0	-0.807841	0	
585.103	48.9514	10.7468	-0.190222	-1.07634	0.052755	574.917	0	9.83336	0	-0.737305	0	
585.639	48.942	10.6957	-0.18773	-0.969293	0.0468845	575.408	0	9.79836	0	-0.662843	0	
586.173	48.9327	10.65	-0.185543	-0.857167	0.0406253	575.897	0	9.76718	0	-0.584483	0	
586.704	48.9235	10.6101	-0.18367	-0.741985	0.0343865	576.385	0	9.74002	0	-0.502317	0	
587.234	48.9143	10.5759	-0.182104	-0.624783	0.0283689	576.871	0	9.71705	0	-0.416474	0	
587.762	48.9053	10.5477	-0.180831	-0.506053	0.0226572	577.356	0	9.69847	0	-0.327103	0	
588.289	48.8962	10.5254	-0.179836	-0.386003	0.0172733	577.841	0	9.68444	0	-0.234365	0	
588.815	48.8873	10.5092	-0.179101	-0.264699	0.0122074	578.325	0	9.67513	0	-0.138427	0	
589.34	48.8783	10.499	-0.178612	-0.142147	0.00743403	578.809	0	9.6707	0	-0.039459	0	
589.865	48.8694	10.495	-0.178356	-0.0183399	0.00292248	579.292	0	9.67129	0	0.0623613	0	
590.389	48.8605	10.4973	-0.178319	0.106723	-0.00135847	579.776	0	9.67703	0	0.166854	0	
590.915	48.8516	10.5058	-0.17849	0.233019	-0.00543767	580.26	0	9.68807	0	0.273834	0	
591.44	48.8427	10.5207	-0.178861	0.360499	-0.00934019	580.745	0	9.70451	0	0.383111	0	
591.967	48.8337	10.5419	-0.179424	0.489083	-0.0130867	581.23	0	9.72647	0	0.494487	0	
592.494	48.8247	10.5696	-0.18017	0.618658	-0.0166932	581.717	0	9.75404	0	0.607759	0	
593.024	48.8157	10.6039	-0.181093	0.74908	-0.0201709	582.206	0	9.78733	0	0.722714	0	
593.555	48.8066	10.6446	-0.182186	0.880174	-0.0235263	582.696	0	9.8264	0	0.839132	0	
594.088	48.7975	10.692	-0.183445	1.01173	-0.0267612	583.189	0	9.87132	0	0.956785	0	
594.624	48.7883	10.7459	-0.184862	1.14352	-0.0298727	583.684	0	9.92215	0	1.07543	0	
595.163	48.779	10.8064	-0.186431	1.27526	-0.0328533	584.181	0	9.97894	0	1.19483	0	
595.705	48.7697	10.8735	-0.188146	1.40666	-0.0356907	584.682	0	10.0417	0	1.31471	0	
596.251	48.7602	10.9471	-0.189999	1.5374	-0.0383678	585.185	0	10.1105	0	1.43482	0	
596.8	48.7507	11.0272	-0.191981	1.6671	-0.0408626	585.693	0	10.1852	0	1.55488	0	
597.354	48.741	11.1139	-0.194083	1.7954	-0.0431481	586.204	0	10.266	0	1.6746	0	
597.912	48.7313	11.2068	-0.196293	1.92187	-0.0451921	586.72	0	10.3528	0	1.7937	0	
598.474	48.7214	11.3061	-0.198599	2.04608	-0.0469573	587.239	0	10.4454	0	1.91187	0	
599.042	48.7114	11.4114	-0.200984	2.16757	-0.048401	587.764	0	10.544	0	2.0288	0	
599.616	48.7013	11.5228	-0.203433	2.28585	-0.0494751	588.294	0	10.6483	0	2.14421	0	
600.195	48.6911	11.64	-0.205925	2.40041	-0.0501259	588.829	0	10.7584	0	2.25776	0	
600.78	48.6807	11.762	-0.209648	2.44552	-0.115083	589.37	0	10.8681	0	2.02834	0	
601.371	48.6701	11.8818	-0.217063	2.32871	-0.175491	589.916	0	10.9602	0	1.66128	0	
601.968	48.659	11.9931	-0.226771	2.1111	-0.208807	590.466	0	11.0343	0	1.31204	0	
602.57	48.6474	12.0918	-0.237651	1.83497	-0.223722	591.019	0	11.0916	0	0.984163	0	
603.177	48.6353	12.1759	-0.248939	1.5278	-0.226035	591.575	0	11.133	0	0.679254	0	
603.787	48.6225	12.2442	-0.260108	1.20714	-0.219585	592.132	0	11.1597	0	0.397702	0	
604.401	48.6093	12.2964	-0.270789	0.884045	-0.206892	592.69	0	11.173	0	0.139188	0	
605.017	48.5955	12.3326	-0.280713	0.565264	-0.189596	593.249	0	11.1739	0	-0.0970094	0	
605.634	48.5812	12.3529	-0.28968	0.254743	-0.168748	593.808	0	11.1635	0	-0.311824	0	
606.252	48.5665	12.3581	-0.297529	-0.0453941	-0.145006	594.365	0	11.143	0	-0.50628	0	
606.87	48.5515	12.3484	-0.304127	-0.334188	-0.118771	594.922	0	11.1131	0	-0.681423	0	
607.487	48.5361	12.3247	-0.309355	-0.61141	-0.0902723	595.476	0	11.075	0	-0.838271	0	
608.102	48.5206	12.2874	-0.313104	-0.877263	-0.0596369	596.029	0	11.0295	0	-0.977793	0	
608.715	48.5049	12.237	-0.315268	-1.13218	-0.0269296	596.579	0	10.9775	0	-1.10089	0	
609.325	48.4891	12.1742	-0.315746	-1.37668	0.0078121	597.127	0	10.9196	0	-1.20841	0	
609.932	48.4733	12.0994	-0.314436	-1.61127	0.0445518	597.671	0	10.8568	0	-1.3011	0	
610.535	48.4577	12.0131	-0.311239	-1.83636	0.0832334	598.212	0	10.7897	0	-1.37967	0	
611.133	48.4423	11.9158	-0.306062	-2.05219	0.123762	598.75	0	10.719	0	-1.44473	0	
611.726	48.4271	11.8079	-0.298814	-2.25882	0.16599	599.284	0	10.6454	0	-1.49687	0	
612.314	48.4124	11.69	-0.289417	-2.45605	0.209697	599.814	0	10.5695	0	-1.53659	0	
612.895	48.3983	11.5624	-0.277802	-2.6434	0.254586	600.341	0	10.492	0	-1.56437	0	
613.47	48.3847	11.4257	-0.263922	-2.82011	0.300265	600.864	0	10.4133	0	-1.58066	0	
614.038	48.3719	11.2805	-0.247748	-2.98514	0.346247	601.382	0	10.3341	0	-1.58589	0	
614.598	48.36	11.1273	-0.229279	-3.13712	0.391944	601.897	0	10.2549	0	-1.5805	0	
615.15	48.3491	10.967	-0.208547	-3.27448	0.436678	602.408	0	10.1762	0	-1.56491	0	
615.694	48.3392	10.8001	-0.185618	-3.3954	0.479687	602.915	0	10.0986	0	-1.53961	0	
616.23	48.3306	10.6277	-0.1606	-3.49797	0.520147	603.418	0	10.0224	0	-1.50512	0	
616.757	48.3232	10.4506	-0.133641	-3.58021	0.5572	603.917	0	9.9482	0	-1.46203	0	
617.275	48.3173	10.27	-0.104933	-3.64027	0.589991	604.412	0	9.87636	0	-1.41098	0	
617.784	48.3128	10.087	-0.0747113	-3.67645	0.617704	604.904	0	9.80725	0	-1.35273	0	
618.283	48.3098	9.90274	-0.0432474	-3.68743	0.63961	605.393	0	9.74122	0	-1.2881	0	
618.774	48.3085	9.71864	-0.0108478	-3.67232	0.655108	605.879	0	9.67857	0	-1.218	0	
619.255	48.3088	9.53597	0.0221553	-3.6308	0.663763	606.361	0	9.61953	0	-1.14343	0	
619.727	48.3107	9.35603	0.0554129	-3.56319	0.665337	606.841	0	9.56432	0	-1.06542	0	
620.191	48.3144	9.18011	0.0885695	-3.47046	0.659807	607.317	0	9.51307	0	-0.985051	0	
620.645	48.3196	9.00942	0.121274	-3.35424	0.647368	607.792	0	9.46588	0	-0.903417	0	
621.092	48.3265	8.8451	0.15319	-3.21676	0.628426	608.264	0	9.42277	0	-0.821578	0	
621.53	48.335	8.68813	0.184007	-3.06073	0.603569	608.734	0	9.38375	0	-0.740546	0	
621.961	48.3449	8.53937	0.213447	-2.88927	0.573537	609.203	0	9.34873	0	-0.661248	0	
622.384	48.3563	8.3995	0.241272	-2.70569	0.539177	609.669	0	9.31762	0	-0.584504	0	
622.801	48.369	8.26904	0.267289	-2.5134	0.501395	610.134	0	9.29026	0	-0.511006	0	
623.211	48.383	8.14834	0.291351	-2.31574	0.461114	610.598	0	9.26649	0	-0.441307	0	
623.616	48.3982	8.0376	0.313354	-2.11584	0.419232	611.061	0	9.2461	0	-0.375815	0	
624.015	48.4143	7.93685	0.33324	-1.91654	0.376585	611.523	0	9.22887	0	-0.314792	0	
624.409	48.4315	7.84599	0.350991	-1.72032	0.333925	611.984	0	9.21457	0	-0.258367	0	
624.8	48.4494	7.76483	0.366622	-1.52923	0.291901	612.444	0	9.20298	0	-0.206546	0	
625.186	48.4681	7.69305	0.38018	-1.34489	0.25105	612.904	0	9.19387	0	-0.159226	0	
625.569	48.4874	7.63029	0.391734	-1.16853	0.211798	613.364	0	9.18701	0	-0.116218	0	
625.949	48.5073	7.57614	0.401372	-1.00096	0.174464	613.823	0	9.1822	0	-0.0772581	0	
626.327	48.5276	7.53013	0.409198	-0.842653	0.139268	614.282	0	9.17924	0	-0.0420335	0	
626.702	48.5482	7.49179	0.41532	-0.693785	0.106345	614.741	0	9.17795	0	-0.0101933	0	
627.076	48.5691	7.46066	0.419855	-0.554278	0.0757566	615.2	0	9.17818	0	0.0186345	0	
627.448	48.5902	7.43628	0.42292	-0.423857	0.047505	615.659	0	9.17979	0	0.0448311	0	
627.82	48.6114	7.4182	0.42463	-0.302097	0.0215459	616.118	0	9.18264	0	0.0687761	0	
628.19	48.6326	7.40599	0.425099	-0.188468	-0.00219967	616.577	0	9.18664	0	0.0908406	0	
628.561	48.6539	7.39928	0.424434	-0.0823691	-0.0238352	617.037	0	9.19171	0	0.11138	0	
628.93	48.6751	7.39769	0.422738	0.0168358	-0.0434801	617.496	0	9.19777	0	0.130732	0	
629.3	48.6961	7.40091	0.420108	0.109796	-0.0612624	617.956	0	9.20478	0	0.149211	0	
629.671	48.7171	7.40862	0.416633	0.197154	-0.0773132	618.417	0	9.21269	0	0.16711	0	
630.041	48.7378	7.42058	0.412396	0.27953	-0.0917627	618.878	0	9.22149	0	0.184698	0	
630.413	48.7583	7.43654	0.407474	0.357509	-0.104737	619.339	0	9.23117	0	0.202223	0	
630.785	48.7785	7.45631	0.401938	0.431641	-0.116355	619.801	0	9.24173	0	0.219909	0	
631.158	48.7985	7.47969	0.395854	0.50243	-0.126729	620.263	0	9.25318	0	0.237962	0	
631.533	48.8181	7.50654	0.38928	0.570335	-0.135962	620.726	0	9.26554	0	0.256569	0	
631.909	48.8374	7.53671	0.382271	0.635774	-0.144149	621.19	0	9.27886	0	0.275898	0	
632.287	48.8564	7.57011	0.374877	0.699119	-0.151376	621.654	0	9.29316	0	0.296104	0	
632.666	48.8749	7.60663	0.367144	0.760702	-0.157723	622.119	0	9.30849	0	0.317328	0	
633.048	48.8931	7.64619	0.359115	0.82082	-0.163258	622.585	0	9.32492	0	0.339699	0	
633.431	48.9108	7.68872	0.350828	0.879734	-0.168046	623.052	0	9.3425	0	0.363335	0	
633.817	48.9282	7.73417	0.34232	0.937676	-0.172145	623.519	0	9.36129	0	0.388345	0	
634.204	48.9451	7.7825	0.333623	0.994851	-0.175605	623.988	0	9.38137	0	0.414831	0	
634.595	48.9615	7.83368	0.324768	1.05144	-0.178474	624.457	0	9.40281	0	0.442886	0	
634.972	48.9809	7.28837	0.442818	-9.28758	2.04809	624.929	0	9.44841	0	1.18121	0	
635.343	49.0018	7.54956	0.394252	4.71672	-0.869606	625.402	0	9.49342	0	0.827204	0	
635.726	49.0205	7.76386	0.355099	3.90037	-0.705411	625.878	0	9.5319	0	0.720347	0	
636.119	49.0374	7.94244	0.323162	3.27682	-0.578652	626.355	0	9.56605	0	0.652022	0	
636.52	49.0529	8.09372	0.296825	2.80067	-0.479857	626.834	0	9.59757	0	0.613612	0	
636.928	49.0671	8.2242	0.274866	2.43941	-0.402396	627.315	0	9.62779	0	0.598754	0	
