0.109163 0.109057 0.107361 0.109063 0.108979 0.109114 0.116287 0.116965
0.10533 0.105598 0.111909 0.108538 0.105615 0.108669 0.116255 0.11272
0.102762 0.10294 0.116449 0.100575 0.102991 0.112845 0.106753 0.123194
0.0987219 0.106192 0.112281 0.0953421 0.10622 0.115493 0.115004 0.122426
0.0966359 0.104234 0.116116 0.0959074 0.104333 0.118042 0.111961 0.122415
0.0954468 0.108734 0.108541 0.0980456 0.108928 0.108541 0.111237 0.123617
0.103931 0.101114 0.101214 0.094943 0.101222 0.101276 0.121523 0.137628
0.102766 0.101965 0.0978819 0.109569 0.10964 0.104216 0.118484 0.123155
0.100232 0.0940654 0.0971676 0.10597 0.103201 0.119356 0.121721 0.125333
0.0884986 0.0905242 0.0964811 0.0980996 0.108808 0.120803 0.118419 0.129361
0.0806624 0.095159 0.0983756 0.0949959 0.107547 0.117513 0.114432 0.137625
0.083992 0.0892985 0.103729 0.0972129 0.104084 0.115246 0.120972 0.138654
0.0770824 0.0907001 0.0870072 0.0933219 0.102061 0.109999 0.128628 0.145789
0.0760204 0.0785256 0.0786373 0.0899494 0.10141 0.101474 0.138271 0.164469
0.0936604 0.0929546 0.0907634 0.106203 0.106043 0.112148 0.12644 0.138965
0.0890982 0.0853551 0.0967539 0.104232 0.106018 0.117628 0.12177 0.138436
0.07788 0.0875848 0.100736 0.0954072 0.104049 0.121732 0.123628 0.12622
0.0774722 0.0835528 0.0933853 0.0926381 0.105124 0.116652 0.111008 0.1436
0.0705385 0.0788063 0.0840675 0.0907904 0.103099 0.108281 0.120933 0.154206
0.0652084 0.0715244 0.0740606 0.0854655 0.0924641 0.106041 0.123913 0.170937
0.05637 0.0601866 0.0633735 0.0787286 0.091523 0.0915925 0.154877 0.211407
0.0840134 0.0863987 0.0887917 0.106232 0.106148 0.116074 0.134608 0.136783
0.0797215 0.0847521 0.0923076 0.102334 0.107298 0.111085 0.130211 0.139443
0.0757549 0.0789217 0.0917122 0.0979138 0.101513 0.12315 0.120061 0.145121
0.0654118 0.0758404 0.0851007 0.0859975 0.10134 0.121141 0.113454 0.154322
0.0597351 0.0688241 0.0753555 0.0818295 0.0983126 0.122905 0.120962 0.154503
0.0530691 0.0562513 0.0627538 0.0744035 0.0920156 0.108765 0.125518 0.18436
0.0432049 0.0498585 0.0497061 0.0750265 0.0886688 0.0886978 0.144983 0.243379
0.0799182 0.0809398 0.0848066 0.10336 0.103387 0.104078 0.147831 0.142133
0.0754481 0.0796346 0.0872774 0.10126 0.101614 0.112351 0.127712 0.135628
0.0686793 0.0735596 0.0881095 0.0865571 0.100104 0.127323 0.11307 0.146105
0.0558017 0.0650416 0.0782212 0.0736832 0.0951777 0.120608 0.108635 0.145096
0.0492711 0.0585872 0.0670249 0.0706495 0.0902019 0.122046 0.107486 0.177605
0.0394922 0.0483596 0.0560007 0.0640521 0.0835897 0.108386 0.118891 0.193457
0.0356832 0.0415418 0.0429301 0.0621578 0.0816781 0.0817518 0.155222 0.251688
0.0795968 0.0777194 0.0826246 0.108427 0.108367 0.115529 0.134626 0.135296
0.0702959 0.0753445 0.0886909 0.0963496 0.102131 0.134087 0.122337 0.1339
0.0587792 0.0680596 0.0868491 0.075962 0.0999527 0.135574 0.103874 0.131047
0.0463635 0.0586565 0.0743452 0.0645178 0.0893923 0.154923 0.0834499 0.146465
0.0326295 0.0439404 0.0551232 0.0512552 0.0816433 0.123624 0.0830875 0.172953
0.0271707 0.0366195 0.0449354 0.049711 0.0771234 0.107212 0.101629 0.190034
0.0247508 0.031441 0.0315514 0.055089 0.0761635 0.0762839 0.14792 0.277115
0.0858836 0.0835968 0.0908551 0.105898 0.106057 0.123031 0.127566 0.130848
0.0715482 0.0759435 0.0964575 0.0880757 0.101748 0.131887 0.104334 0.134107
0.0543488 0.0690326 0.0957796 0.0695414 0.0927742 0.166754 0.0923312 0.137949
0.0373778 0.0540685 0.0853585 0.0502975 0.089263 0.172703 0.0716438 0.134973
0.0243785 0.0387777 0.0584833 0.03804 0.0761196 0.154432 0.0602089 0.127041
0.0147971 0.0220332 0.0308912 0.0285097 0.0553818 0.0868983 0.0498351 0.14233
0.0143046 0.0197873 0.0191979 0.0380697 0.0626578 0.0629441 0.102101 0.276568
0.0873968 0.0832886 0.102558 0.103459 0.103333 0.130904 0.121532 0.121434
0.0688325 0.0786178 0.102306 0.0842091 0.102531 0.159813 0.095692 0.124068
0.048607 0.0638009 0.110245 0.0609007 0.0932448 0.179169 0.0683564 0.11927
0.0317533 0.0569418 0.11319 0.044835 0.0863644 0.187525 0.0542939 0.124601
0.0180021 0.036475 0.0693115 0.0269829 0.0617453 0.187619 0.0341819 0.100981
0.00574199 0.0136877 0.0230241 0.0117448 0.0398534 0.118663 0.0190203 0.113448
0.00407695 0.00748687 0.00747423 0.0141751 0.0453298 0.0453361 0.0411409 0.394428
0.0920954 0.0908478 0.111594 0.108078 0.10827 0.130681 0.108051 0.108304
0.0715771 0.0892911 0.129189 0.0818981 0.101783 0.173364 0.0811493 0.101664
0.0502848 0.0780971 0.146065 0.0583999 0.0955596 0.207003 0.0576104 0.0958397
0.0330357 0.0617345 0.145138 0.038008 0.0835356 0.249891 0.0377264 0.0835831
0.0150086 0.0358859 0.107945 0.0185819 0.0585287 0.357695 0.0195755 0.0587759
0.00317928 0.0136206 0.041957 0.00583179 0.0390793 0.27157 0.00570004 0.0392572
0.000918305 0.00403169 0.00408889 0.00404383 0.233979 0.247842 0.00396356 0.244854
