kite_pos_x	kite_pos_y	kite_pos_z	kite_vel_x	kite_vel_y	kite_vel_z	kite_acc_x	kite_acc_y	kite_acc_z	block_pos_x	block_vel_x	block_acc_x	
35.1888	0.159989	35.5269	-6.05595	8.38785	6.44652	-68.4164	298.657	78.5294	0.00943851	0.488787	16.4146	
37.6072	3.1487	33.5715	22.0496	-4.6999	-16.8864	-75.3581	-126.574	101.33	0.679923	6.29652	21.1588	
40.8923	1.39468	31.6821	12.9051	-8.60749	-4.7531	-25.0904	9.90749	32.2408	2.23405	8.7066	4.66677	
43.3636	0.0642578	30.8621	12.2838	-4.95789	-4.14435	0.685634	13.1938	-2.70986	4.02334	9.03371	-0.0818418	
45.9138	-0.48088	29.8743	13.0114	-0.386491	-5.50936	-0.144993	22.5145	-1.98917	5.82067	8.92089	-0.714447	
48.4638	-0.143007	28.8026	12.2543	3.53653	-4.90383	-6.8603	15.934	7.39473	7.59171	8.79701	-0.513515	
50.753	0.819357	28.0088	10.5453	5.75093	-2.90926	-9.47756	6.12656	11.5196	9.34154	8.7027	-0.478062	
52.6748	2.03272	27.6592	8.69534	6.11242	-0.624316	-8.67426	-1.93721	10.82	11.0714	8.58992	-0.673024	
54.2526	3.17795	27.7379	7.13752	5.16822	1.32785	-6.87575	-7.1889	8.67217	12.7743	8.43045	-0.915167	
55.5559	4.03622	28.1631	5.96022	3.25657	2.83854	-4.78584	-12.0918	6.33986	14.4407	8.22939	-1.07463	
56.6738	4.40366	28.834	5.35339	0.202182	3.71342	-0.668975	-18.7489	1.62701	16.0647	8.01177	-1.0615	
57.7865	4.02398	29.54	6.11705	-4.15009	2.90309	9.70387	-23.2032	-11.8197	17.6476	7.83134	-0.638034	
59.3076	2.80447	29.7362	9.56316	-7.31526	-1.64817	23.3205	-1.27609	-32.3863	19.2082	7.81831	0.674909	
61.6058	1.56294	28.8516	13.2599	-3.52988	-7.06684	10.8343	39.232	-17.5587	20.7971	8.11647	2.10443	
64.2894	1.64653	27.3514	12.9634	3.41846	-6.95222	-7.09568	16.2658	9.7886	22.4639	8.54124	1.85305	
66.6169	2.72786	26.3318	10.318	6.47945	-3.15662	-12.4219	3.27563	18.282	24.1992	8.76434	0.409559	
68.4641	4.00628	26.0126	8.34954	6.02705	-0.286976	-7.5314	-5.44219	10.6718	25.952	8.72775	-0.676953	
70.0003	5.08878	26.1343	7.1199	4.75676	1.38982	-5.1833	-6.99109	6.82304	27.6796	8.53034	-1.21539	
71.3239	5.88679	26.538	6.18775	3.14461	2.63468	-4.14716	-9.6569	5.82007	29.3598	8.26761	-1.35909	
72.4862	6.28389	27.1696	5.56986	0.616618	3.63316	-1.42632	-16.3066	3.43605	30.9865	8.00466	-1.22747	
73.612	6.02224	27.9074	6.04304	-3.46917	3.40379	7.60933	-23.5754	-8.06144	32.5653	7.79964	-0.737428	
75.0675	4.89182	28.2703	9.06346	-7.30366	-0.532256	21.8924	-7.63557	-31.4874	34.1173	7.76374	0.542119	
77.307	3.59348	27.4876	13.0286	-4.07083	-6.90656	11.0902	38.2161	-21.6965	35.693	8.04867	2.17384	
79.9348	3.59899	25.9546	12.5342	3.76671	-7.03214	-12.487	29.2764	16.5543	37.3486	8.49776	1.9312	
82.1561	4.72286	24.9389	9.84241	6.5414	-3.02365	-11.7926	1.73011	18.6956	39.0771	8.73482	0.415763	
83.9152	5.9877	24.6421	8.05272	5.87775	-0.164987	-6.57951	-5.98786	10.3455	40.8236	8.69182	-0.733256	
85.399	7.03296	24.7753	6.99117	4.57313	1.44451	-4.46201	-6.87195	6.54437	42.5427	8.48209	-1.27664	
86.6988	7.797	25.1795	6.18596	3.02025	2.66024	-3.57597	-9.21996	5.82988	44.2121	8.20844	-1.40559	
87.8595	8.17674	25.8118	5.67441	0.597254	3.70009	-0.942665	-15.7223	3.85813	45.8262	7.93782	-1.25925	
89.0014	7.91971	26.5668	6.21498	-3.38437	3.60187	7.70292	-23.2481	-7.20394	47.391	7.72647	-0.773614	
90.4733	6.80253	26.9767	9.16327	-7.27584	-0.196661	21.0513	-8.67841	-31.384	48.9275	7.68104	0.484955	
92.6968	5.48191	26.2369	12.9145	-4.28377	-6.79586	10.0063	37.5068	-23.7493	50.4857	7.95703	2.15483	
95.2674	5.44037	24.6805	12.2746	3.57761	-7.22366	-12.7349	29.821	15.97	52.123	8.40731	1.94891	
97.4197	6.53262	23.6139	9.62304	6.4327	-3.21676	-11.2802	1.97363	18.9442	53.8336	8.64603	0.411535	
99.1267	7.77629	23.2728	7.94773	5.81209	-0.319355	-6.01983	-5.74272	10.4554	55.5621	8.60018	-0.75469	
100.579	8.81014	23.3659	6.98586	4.57704	1.30061	-4.0233	-6.3941	6.56896	57.2624	8.38559	-1.3024	
101.865	9.58187	23.7313	6.25717	3.1588	2.53157	-3.25875	-8.31481	6.01379	58.912	8.1067	-1.43283	
103.022	10.0313	24.3233	5.75576	1.34618	3.56156	-1.61588	-13.4677	5.58532	60.5053	7.83216	-1.27777	
104.135	9.96156	25.0885	6.02033	-2.2282	4.06856	5.38749	-22.0363	-2.50437	62.0482	7.61056	-0.89002	
105.488	9.01813	25.7073	8.4639	-6.75489	1.43732	18.7836	-15.3393	-26.6006	63.5618	7.55292	0.177541	
107.532	7.59884	25.3133	12.2982	-5.86366	-5.27985	14.0305	27.4763	-32.0035	65.0856	7.73597	1.68342	
110.047	7.15193	23.827	12.5574	1.76466	-7.86472	-10.0653	36.5427	7.77365	66.6727	8.14722	2.05553	
112.244	8.02616	22.5331	9.9701	6.05488	-4.3629	-12.2542	7.19911	20.3987	68.3359	8.43786	0.728282	
113.969	9.25681	21.9887	8.12948	5.9934	-1.04466	-6.48235	-4.66264	12.3657	70.0285	8.44524	-0.555534	
115.42	10.3317	21.9503	7.14296	4.87301	0.822326	-3.90082	-5.93343	7.19036	71.7009	8.25696	-1.23149	
116.706	11.1668	22.2113	6.45003	3.6245	2.10801	-3.1254	-6.91158	6.1182	73.3255	7.98288	-1.44964	
117.866	11.7115	22.7174	5.93518	1.88085	3.32966	-1.70597	-11.2086	5.89233	74.8931	7.69535	-1.39026	
118.966	11.7922	23.4412	6.00432	-1.12108	4.17036	3.27335	-19.1493	1.09798	76.4057	7.44029	-1.11959	
120.216	11.1194	24.1575	7.68217	-5.4681	2.84051	14.3589	-21.3432	-17.2606	77.875	7.27688	-0.393693	
122.02	9.72331	24.1533	11.3586	-7.14457	-3.10529	18.2056	12.1142	-37.6534	79.332	7.34894	1.24438	
124.426	8.82345	22.8565	12.8004	-0.605292	-8.16999	-5.75676	42.4187	-4.6272	80.8375	7.74184	2.33181	
126.664	9.38493	21.3342	10.3835	5.42056	-5.66529	-13.5196	14.4178	21.4792	82.4278	8.12206	1.21684	
128.401	10.5736	20.5563	8.31397	6.1283	-1.84778	-7.13372	-3.3183	14.854	84.0658	8.20674	-0.286203	
129.836	11.6757	20.3761	7.28991	5.11287	0.338927	-3.76535	-5.68922	7.96277	85.6945	8.0519	-1.15017	
131.108	12.5521	20.5292	6.64106	3.97762	1.67733	-2.91888	-5.85611	6.06011	87.2789	7.78251	-1.47248	
132.259	13.1816	20.9288	6.12231	2.59	2.90726	-2.08455	-8.63837	6.30071	88.8055	7.48435	-1.46921	
133.33	13.4481	21.5697	5.96709	0.243566	4.06057	1.15988	-15.4432	4.3701	90.2739	7.20745	-1.27141	
134.462	13.0904	22.3472	6.94238	-3.65019	3.99471	9.59915	-22.5249	-7.54395	91.6924	6.99326	-0.796193	
135.983	11.9035	22.7586	9.95879	-7.31323	-0.0419108	19.0192	-7.10907	-33.49	93.0818	6.94227	0.462054	
138.16	10.5742	21.944	12.7277	-4.01057	-7.0415	3.33368	38.35	-24.6445	94.4919	7.21699	2.15056	
140.45	10.5455	20.2824	11.1772	3.66556	-7.36052	-14.044	27.5681	17.0823	95.9805	7.65554	1.82142	
142.254	11.5755	19.1448	8.73773	6.14339	-3.2571	-8.9394	0.920709	18.805	97.5375	7.85961	0.215565	
143.699	12.7112	18.7021	7.65899	5.54584	-0.81733	-4.57793	-4.2252	10.5074	99.1051	7.78019	-0.881246	
144.973	13.6742	18.6417	6.93432	4.60298	0.844148	-3.01629	-4.91864	6.8496	100.639	7.54846	-1.35947	
146.119	14.4325	18.8634	6.39076	3.53154	2.14297	-2.40856	-6.17166	6.47498	102.121	7.26023	-1.47712	
147.167	14.9284	19.3415	6.03904	1.92196	3.46188	-0.780031	-10.5305	6.46368	103.543	6.971	-1.39124	
148.189	14.9871	20.0583	6.28867	-0.912519	4.44179	3.98842	-18.1447	2.01905	104.911	6.71283	-1.16065	
149.384	14.3276	20.8044	7.97308	-5.12176	3.39023	13.4695	-21.5825	-15.4506	106.233	6.53177	-0.537335	
151.092	12.9223	20.8857	11.2987	-7.28262	-2.39596	16.0051	7.8172	-39.1651	107.538	6.56629	1.04573	
153.319	11.8813	19.6112	12.3807	-1.29288	-8.24398	-6.97007	42.5484	-8.95688	108.884	6.93626	2.32271	
155.325	12.2898	17.973	9.88792	5.051	-6.10692	-13.0516	16.1513	21.791	110.314	7.32557	1.27479	
156.841	13.3836	17.0769	8.00406	5.96911	-2.13167	-6.00507	-2.77164	15.6023	111.793	7.41584	-0.290093	
158.094	14.4127	16.8074	7.18564	5.04188	0.141363	-2.88164	-5.22372	8.12247	113.263	7.25574	-1.19274	
159.219	15.2328	16.8792	6.6862	4.03687	1.48513	-2.28742	-4.96158	6.02721	114.687	6.97642	-1.52603	
160.248	15.8401	17.1974	6.27337	2.89956	2.72901	-1.67625	-6.97891	6.57644	116.052	6.66749	-1.5232	
161.213	16.1491	17.7699	6.14721	0.977571	4.04278	0.905893	-12.9031	5.94158	117.356	6.37867	-1.3437	
162.222	15.9289	18.5474	6.90784	-2.44076	4.59409	7.49597	-21.0969	-2.51959	118.606	6.14125	-0.982267	
163.537	14.9031	19.1548	9.36431	-6.66407	1.86723	16.5087	-16.0765	-27.3696	119.82	6.0266	-0.00027976	
165.435	13.3996	18.6973	12.2253	-5.89222	-5.49527	6.72499	28.1648	-36.1674	121.037	6.20783	1.83437	
167.534	12.8854	17.032	11.1944	1.88283	-8.27247	-13.4507	35.8837	9.90726	122.322	6.65223	2.14243	
169.177	13.6662	15.6169	8.69306	5.81831	-4.35897	-9.28627	5.37109	21.4168	123.686	6.93186	0.559855	
170.439	14.7329	14.9989	7.4907	5.58551	-1.02763	-3.63421	-4.58929	11.872	125.074	6.89793	-0.772046	
171.535	15.6363	14.8739	6.95166	4.6013	0.733992	-2.18993	-4.78081	6.76084	126.432	6.6704	-1.40142	
172.537	16.339	15.0323	6.54043	3.65502	1.98259	-1.92073	-5.04411	6.23144	127.737	6.36841	-1.55954	
173.461	16.822	15.4403	6.24431	2.36666	3.31699	-0.747693	-8.49516	7.01862	128.98	6.06363	-1.45932	
174.36	16.9457	16.1119	6.42072	-0.0185046	4.57789	3.10011	-15.9119	4.50365	130.164	5.79338	-1.22244	
175.392	16.4291	16.9159	7.76755	-4.01004	4.34466	10.9813	-22.786	-9.69107	131.301	5.59161	-0.713051	
176.85	15.0877	17.2602	10.6682	-7.46576	-0.441013	15.4804	-4.07072	-38.1398	132.413	5.56856	0.674344	
178.811	13.7237	16.2371	12.1133	-3.35268	-7.75581	-4.30555	41.0206	-21.6131	133.553	5.89002	2.3255	
180.627	13.7387	14.4628	9.83793	4.04747	-7.16535	-13.1952	23.5956	20.4548	134.777	6.32689	1.64086	
181.958	14.6869	13.3446	7.93923	5.92079	-2.87228	-5.78118	-0.557512	18.1547	136.064	6.48191	-0.0423771	
183.034	15.6697	12.9439	7.20553	5.19276	-0.219397	-2.36509	-4.87024	9.29222	137.351	6.35536	-1.09269	
184.003	16.4609	12.9354	6.804	4.25879	1.25442	-1.84949	-4.44392	6.30724	138.596	6.08734	-1.50264	
184.895	17.0596	13.188	6.46076	3.29537	2.53507	-1.44641	-5.70643	6.80163	139.783	5.77963	-1.52828	
185.732	17.4099	13.7071	6.33442	1.7145	3.96681	0.581965	-10.8094	7.09765	140.909	5.48893	-1.35771	
186.599	17.3103	14.482	6.90914	-1.28074	4.97686	5.79786	-19.4203	1.27767	141.982	5.24497	-1.05019	
187.704	16.4506	15.2415	8.875	-5.70169	3.3814	13.8086	-21.5483	-20.5938	143.013	5.09867	-0.27726	
189.309	14.8813	15.144	11.6114	-7.14	-3.57779	8.99097	15.1587	-42.6709	144.038	5.20861	1.50716	
191.191	13.8064	13.6817	11.3233	-0.814269	-8.61161	-10.958	42.4942	-4.19514	145.12	5.64151	2.3674	
192.707	14.1853	12.0137	8.87752	5.05506	-5.80839	-10.0543	13.5667	22.7301	146.29	6.00127	1.02077	
193.824	15.1586	11.1473	7.58516	5.74576	-1.89177	-3.67904	-2.69995	14.8655	147.499	6.04466	-0.47697	
194.775	16.0583	10.8892	7.08346	4.92831	0.290558	-1.873	-4.45623	8.02856	148.692	5.85945	-1.26057	
195.644	16.774	10.9702	6.7361	4.06654	1.68485	-1.64194	-4.36314	6.58895	149.836	5.57611	-1.50388	
196.449	17.2975	11.3192	6.4683	3.00488	3.08372	-0.808241	-6.86679	7.49238	150.922	5.27813	-1.44078	
197.226	17.5254	11.9555	6.55285	1.03491	4.56426	2.10918	-13.5246	6.53249	151.95	5.00945	-1.22858	
198.097	17.2001	12.8125	7.53596	-2.58547	5.08868	8.27841	-22.421	-3.72629	152.929	4.79803	-0.830824	
199.294	16.0285	13.4397	9.89774	-6.98441	1.75347	14.0621	-15.6315	-32.2236	153.877	4.72429	0.277661	
200.965	14.4212	12.8407	11.7244	-5.61	-6.31799	-0.0848621	32.5638	-35.7339	154.841	4.97285	2.16428	
202.614	13.9335	11.061	9.94021	2.40447	-8.24259	-12.9585	33.5397	14.862	155.883	5.44805	2.09486	
203.805	14.6824	9.70475	7.98029	5.80456	-3.88658	-5.97503	3.60568	21.388	157.004	5.69653	0.362438	
204.737	15.6449	9.1683	7.27238	5.45101	-0.666128	-2.02809	-4.39318	11.319	158.14	5.63024	-0.885143	
205.577	16.4435	9.10875	6.94528	4.54989	1.06209	-1.48521	-4.32491	6.9973	159.244	5.39063	-1.41224	
206.357	17.0558	9.34198	6.66393	3.65518	2.42759	-1.21218	-5.08174	7.1028	160.293	5.09502	-1.48882	
207.094	17.444	9.85653	6.55598	2.25883	3.95	0.48055	-9.63613	7.84288	161.283	4.81078	-1.32775	
207.858	17.4267	10.6589	7.04002	-0.501222	5.22856	4.88894	-18.4859	3.38074	162.22	4.57263	-1.02694	
208.824	16.6774	11.5308	8.70238	-4.99279	4.24896	11.7719	-24.0936	-16.7483	163.118	4.42472	-0.334937	
210.222	15.1037	11.6714	11.1295	-7.64437	-2.31119	8.6805	6.71519	-44.8582	164.006	4.5116	1.37123	
211.873	13.8731	10.2867	10.8292	-1.45619	-8.74442	-10.7338	44.1511	-7.69343	164.947	4.94379	2.54339	
213.169	14.1395	8.57445	8.53243	4.93668	-6.069	-8.91469	15.5581	24.024	165.981	5.34522	1.20555	
214.11	15.0764	7.70037	7.46295	5.81106	-1.89173	-2.73855	-2.48455	15.8355	167.062	5.41447	-0.395229	
214.925	15.9523	7.47576	7.10217	5.00064	0.419301	-1.36297	-4.48592	8.45765	168.13	5.24044	-1.22115	
215.683	16.6428	7.60949	6.83907	4.13266	1.89147	-1.25886	-4.4123	6.99316	169.152	4.9643	-1.46667	
216.396	17.1381	8.02728	6.65649	3.0391	3.38245	-0.309141	-7.20762	7.98979	170.115	4.67541	-1.38435	
217.105	17.3228	8.74915	6.86192	0.929564	4.9359	2.81317	-14.6601	6.5868	171.024	4.42138	-1.13481	
217.936	16.9107	9.68523	7.9826	-3.0008	5.27813	8.78541	-24.1291	-6.0792	171.888	4.23578	-0.65328	
219.107	15.6052	10.2888	10.2378	-7.42872	1.07691	11.778	-12.776	-37.7341	172.729	4.21472	0.637713	
220.654	13.9879	9.50547	11.2103	-4.8797	-7.2707	-4.80063	38.2715	-30.7434	173.598	4.53757	2.43849	
222.036	13.6596	7.69677	9.13986	3.16733	-7.83571	-11.1439	29.4829	19.4643	174.555	5.01886	1.9151	
223.042	14.3878	6.40735	7.80254	5.69458	-3.76243	-4.48191	3.72947	20.6771	175.587	5.23168	0.207885	
223.858	15.3117	5.91361	7.27592	5.44931	-0.621764	-1.56225	-3.71961	11.3225	176.628	5.14753	-0.914987	
224.606	16.0954	5.89657	7.0095	4.65284	1.1715	-1.24371	-4.00373	7.57402	177.635	4.91052	-1.36435	
225.304	16.7149	6.21181	6.78736	3.77591	2.83935	-0.302318	-6.50768	7.85786	178.591	4.64932	-1.32386	
225.991	17.071	6.84243	6.86859	2.08389	4.39245	1.41084	-11.1093	7.43815	179.495	4.38671	-1.26817	
226.742	16.9636	7.74213	7.51743	-0.978511	5.46833	5.56048	-20.0894	1.5745	180.348	4.15688	-0.979982	
227.722	16.0675	8.62779	9.22323	-5.71055	3.78959	11.1226	-23.9165	-22.3648	181.164	4.03252	-0.106823	
229.092	14.3943	8.58052	11.0696	-7.42477	-3.83255	3.33733	15.9665	-46.045	181.98	4.1936	1.82804	
230.539	13.3513	7.01207	9.90817	-0.0416664	-8.93474	-11.7133	43.0858	2.65986	182.865	4.6804	2.53083	
231.593	13.8012	5.43994	7.98738	5.402	-5.177	-5.96008	10.6852	24.4074	183.843	5.03756	0.887907	
232.396	14.7478	4.75854	7.34138	5.75039	-1.24853	-1.52517	-3.3171	14.2783	184.857	5.0531	-0.590335	
233.128	15.5883	4.67195	7.11706	4.90766	0.878191	-1.00055	-4.37086	8.19183	185.85	4.85529	-1.27238	
233.825	16.2437	4.92992	6.92159	4.0233	2.39645	-0.84428	-4.84646	7.60045	186.794	4.5792	-1.42226	
234.496	16.6842	5.49114	6.86761	2.71666	4.0214	0.617378	-9.02675	8.49268	187.681	4.30575	-1.2786	
235.202	16.7412	6.36652	7.32776	0.061554	5.49419	4.42062	-18.2442	4.71579	188.519	4.07862	-0.964145	
236.092	16.0706	7.36152	8.77588	-4.55661	4.83527	9.98621	-25.9887	-15.0987	189.319	3.94355	-0.277204	
237.347	14.4979	7.67647	10.7455	-7.91434	-1.62927	6.39074	2.20193	-46.4365	190.111	4.03815	1.39549	
238.78	13.1292	6.40477	10.2414	-2.1729	-8.73297	-10.2288	45.1877	-11.1416	190.959	4.47941	2.62223	
239.877	13.2824	4.69564	8.2195	4.71085	-6.32249	-7.23133	18.0262	24.4801	191.902	4.90022	1.30542	
240.686	14.197	3.8323	7.41987	5.89318	-1.96178	-1.7814	-1.72714	16.8262	192.896	4.98724	-0.31718	
241.411	15.0842	3.65716	7.19358	5.15594	0.518948	-0.886449	-4.37832	9.1872	193.88	4.82753	-1.15351	
242.104	15.7909	3.86976	7.0157	4.28033	2.12826	-0.829433	-4.59495	7.66231	194.82	4.56498	-1.39664	
242.773	16.294	4.39166	6.93368	3.10592	3.74885	0.282837	-7.90229	8.57208	195.705	4.2912	-1.30135	
243.463	16.4575	5.23625	7.27218	0.764562	5.35604	3.50907	-16.3537	6.30329	196.539	4.05657	-1.01825	
244.303	15.9595	6.27245	8.4886	-3.57695	5.36081	8.76957	-26.0662	-9.73628	197.333	3.90269	-0.434001	
245.48	14.4999	6.82449	10.5369	-8.07078	-0.0905543	7.6731	-5.1334	-45.697	198.114	3.97975	1.34494	
246.896	12.9472	5.80016	10.4882	-3.63219	-8.56349	-8.00737	46.8092	-27.8644	198.948	4.41912	3.34667	
248.065	12.7545	4.02545	8.62253	3.47142	-7.25003	-8.15826	24.5138	21.3351	199.885	4.885	1.39567	
248.942	13.4783	2.88683	7.7232	5.50425	-3.44119	-2.96234	3.41754	18.289	200.879	4.99999	-0.15763	
249.696	14.3721	2.46846	7.34497	5.41771	-0.588844	-1.30927	-2.49492	10.9206	201.869	4.87263	-1.0013	
250.399	15.1705	2.49794	7.10115	4.91538	0.913287	-1.43967	-0.869032	1.45448	202.82	4.63747	-1.25059	
251.061	15.85	2.81847	6.91313	4.1934	2.72226	-0.357458	-5.29814	9.47645	203.723	4.38763	-1.19978	
251.718	16.2966	3.5063	7.04353	2.55658	4.62125	1.90157	-11.6946	8.94063	204.577	4.16296	-1.04017	
252.459	16.2591	4.51638	7.78283	-0.717971	5.85524	5.74959	-21.3571	1.57141	205.39	3.977	-0.787047	
253.429	15.3869	5.512	9.36517	-5.66339	4.05989	9.47413	-24.7408	-23.2594	206.174	3.88124	-0.020452	
254.729	13.7037	5.54236	10.7287	-7.53894	-3.71184	0.886468	15.1297	-46.6174	206.96	4.04711	1.79486	
256.029	12.6258	4.02757	9.3989	-0.226041	-8.91837	-10.8321	43.4522	2.25745	207.815	4.52243	2.47075	
256.963	13.0533	2.49667	7.77115	5.36543	-5.17746	-4.49884	11.4744	24.6207	208.76	4.8721	0.875103	
257.704	14.0063	1.86384	7.33485	5.82318	-1.17796	-0.845218	-3.01187	14.7116	209.741	4.88888	-0.569327	
258.406	14.8659	1.84211	7.2077	5.006	1.04042	-0.627406	-4.39453	8.67038	210.702	4.69704	-1.23558	
259.09	15.5391	2.18285	7.08712	4.08666	2.65732	-0.431667	-5.19647	8.09585	211.615	4.42929	-1.37602	
259.767	15.9823	2.84421	7.13134	2.65587	4.3655	1.18819	-9.98193	8.74337	212.474	4.16618	-1.21987	
260.502	16.003	3.82423	7.71123	-0.27977	5.78336	4.97495	-20.0816	3.60309	213.284	3.95383	-0.867081	
261.439	15.2305	4.86799	9.18333	-5.22138	4.55202	9.26934	-26.4359	-20.0462	214.062	3.84874	-0.0540827	
262.704	13.5644	5.04861	10.7676	-8.14826	-3.13422	4.31989	6.75686	-55.2464	214.842	4.02786	2.46944	
264.023	12.3738	3.55364	9.49043	-0.562076	-8.89743	-10.7823	43.9436	3.03372	215.707	4.60534	2.44434	
264.975	12.7344	2.02575	7.91001	5.01598	-5.32786	-4.47967	12.1077	22.963	216.665	4.91726	0.663365	
265.737	13.644	1.34515	7.42995	5.71361	-1.53315	-1.1686	-1.66057	14.4028	217.652	4.90658	-0.633902	
266.448	14.5109	1.26109	7.24843	5.1189	0.70889	-0.824795	-3.54521	9.05133	218.615	4.71183	-1.21234	
267.133	15.2257	1.55358	7.10224	4.32995	2.41302	-0.508203	-4.68322	8.53119	219.532	4.45243	-1.32361	
267.809	15.7317	2.18432	7.12988	3.00311	4.20132	1.05708	-9.36774	9.14274	220.397	4.19921	-1.17994	
268.521	15.8902	3.135	7.50976	0.703213	5.68446	4.16145	-18.0059	6.18852	221.215	3.99432	-0.855749	
269.398	15.3495	4.24727	8.80129	-3.96653	5.39101	8.56824	-27.1003	-12.7441	222	3.87412	-0.258811	
270.588	13.8465	4.76524	10.4356	-7.99317	-0.639149	5.04746	-3.62162	-45.9145	222.778	3.95431	1.24027	
271.917	12.3562	3.68621	9.89877	-3.16109	-8.44223	-9.44507	44.6325	-17.1947	223.605	4.3689	2.57726	
272.936	12.3614	1.98287	8.06307	4.28459	-6.75411	-6.33195	21.863	23.9276	224.527	4.80242	1.43848	
273.703	13.2594	1.08551	7.41668	5.96737	-2.22675	-1.1603	-0.525099	18.1626	225.504	4.91628	-0.198202	
274.414	14.1844	0.92322	7.28966	5.33155	0.475227	-0.487316	-4.29853	10.0138	226.476	4.77563	-1.08017	
275.111	14.9343	1.18186	7.18297	4.44542	2.20637	-0.496295	-4.71517	8.10504	227.407	4.52443	-1.35349	
275.798	15.4756	1.76723	7.16606	3.24077	3.8978	0.593645	-8.1011	8.86138	228.285	4.2577	-1.27086	
276.52	15.6682	2.68547	7.55301	0.831699	5.54647	3.63043	-16.8964	6.36814	229.113	4.02963	-0.978975	
277.394	15.1772	3.79352	8.72863	-3.66832	5.47557	8.06908	-26.9863	-10.7797	229.902	3.88689	-0.356247	
278.566	13.7188	4.37558	10.3381	-7.97987	-0.193929	5.38931	-6.49865	-45.2593	230.681	3.95097	1.18066	
279.886	12.1808	3.37275	9.90215	-3.58472	-8.30986	-9.09567	44.3919	-20.0694	231.507	4.36312	2.62219	
280.91	12.1239	1.65775	8.08	4.10609	-6.95623	-6.38787	23.4564	23.6896	232.429	4.81245	1.52827	
281.682	13.0145	0.729867	7.43271	5.98328	-2.36228	-1.11594	-0.112157	18.6618	233.41	4.94085	-0.145516	
282.4	13.9517	0.554476	7.31668	5.37933	0.41204	-0.435122	-4.27454	10.2295	234.388	4.80731	-1.05877	
283.099	14.7414	0.738887	7.1331	4.83734	1.50213	-0.894969	-3.00806	9.075	235.326	4.5671	-1.25719	
283.772	15.3935	1.21195	7.0639	3.90598	3.3985	0.39466	-6.88511	9.83648	236.214	4.32474	-1.14675	
284.469	15.7483	2.05974	7.38197	1.81249	5.26436	3.02405	-14.711	7.92652	237.057	4.11331	-0.957165	
285.295	15.5026	3.17609	8.36588	-2.16889	5.90928	6.92471	-24.9113	-4.11428	237.863	3.95269	-0.589435	
286.386	14.3171	4.03492	9.97292	-7.15914	2.17522	7.54286	-18.4342	-35.9425	238.647	3.92808	0.534765	
287.715	12.6097	3.52932	10.401	-6.06457	-6.96833	-4.76841	35.0304	-45.347	239.457	4.25164	3.16621	
288.845	12.0989	1.79243	8.4824	2.54359	-8.05744	-8.32591	32.5637	18.7953	240.362	4.76871	1.90681	
289.664	12.8335	0.619065	7.53884	5.77046	-3.48338	-1.92605	3.70489	20.8959	241.342	4.96449	0.125151	
290.393	13.7804	0.265837	7.34963	5.55935	-0.310688	-0.533105	-3.46325	11.6232	242.329	4.87014	-0.930326	
291.103	14.5949	0.400549	7.23734	4.791	1.59411	-0.581378	-4.06402	8.37526	243.281	4.63674	-1.31589	
291.798	15.2303	0.87802	7.16905	3.81538	3.291	0.114237	-6.30097	8.87895	244.181	4.37006	-1.30285	
292.509	15.5893	1.69769	7.39545	1.94102	5.08181	2.46731	-13.3585	8.29779	245.03	4.12974	-1.07392	
293.328	15.3957	2.8019	8.28094	-1.8352	5.96193	6.56696	-24.4991	-2.24113	245.837	3.95396	-0.62824	
294.41	14.2442	3.72792	9.96884	-7.16958	2.56245	7.65814	-19.1681	-36.3705	246.624	3.96237	0.686554	
295.737	12.523	3.30932	10.3268	-6.16303	-6.24301	-5.53763	32.3507	-37.7858	247.441	4.25969	2.23008	
296.874	11.9161	1.63272	8.53592	2.02209	-8.26206	-8.63375	35.1878	15.2354	248.341	4.72303	1.97026	
297.697	12.6092	0.394566	7.51838	5.78625	-3.7947	-2.08127	5.28039	22.134	249.314	4.95278	0.320308	
298.424	13.5792	0.00860826	7.34067	5.67593	-0.381529	-0.353309	-3.64402	12.4837	250.302	4.88904	-0.824554	
299.137	14.4145	0.144764	7.26451	4.8396	1.61387	-0.430368	-4.42397	8.4911	251.259	4.66847	-1.28763	
299.842	15.0574	0.629668	7.21425	3.81703	3.29612	0.136697	-6.37834	8.69079	252.166	4.40244	-1.31907	
300.563	15.421	1.45067	7.43096	1.9599	5.05562	2.35372	-13.1408	8.24129	253.021	4.15706	-1.10331	
301.388	15.2393	2.55494	8.28543	-1.77272	5.96212	6.3866	-24.3719	-1.91979	253.833	3.97615	-0.647976	
302.459	14.1305	3.48334	9.84157	-6.94688	2.71967	7.678	-21.0992	-33.8871	254.621	3.94387	0.501177	
303.772	12.4056	3.11549	10.2899	-6.4147	-6.10313	-5.12666	31.3689	-40.0252	255.433	4.23453	2.33789	
304.908	11.7602	1.43351	8.51508	1.93556	-8.39707	-8.66437	36.545	15.3022	256.33	4.72913	2.12059	
305.731	12.4565	0.181091	7.51325	5.82316	-3.82534	-1.93712	5.30521	22.62	257.307	4.97851	0.370244	
34.7317	0.459083	36.0129	-11.6072	10.7109	12.5575	-54.0102	135.252	66.4412	0.0560118	1.55889	29.151	
36.051	4.33829	35.3411	21.4121	5.59068	-15.188	21.6795	-235.004	11.2174	0.941176	6.75503	17.4218	
39.6786	3.28865	33.3456	14.8396	-7.25326	-5.63551	-18.4793	17.1104	21.0809	2.56439	9.06443	5.13323	
42.4683	2.2987	32.3685	13.4462	-2.76557	-4.51932	-3.04496	19.7163	-0.0810931	4.4268	9.36474	-0.747676	
45.0966	2.18249	31.4376	12.8092	1.18597	-4.5761	-4.51712	14.8475	1.51341	6.27573	9.10223	-1.52935	
47.546	2.68465	30.5656	11.7031	3.69755	-3.97389	-6.60493	10.6085	4.65138	8.06622	8.81037	-1.33053	
49.7305	3.60775	29.8816	10.1684	5.37853	-2.68254	-8.5956	5.86017	8.1633	9.80389	8.57789	-1.00481	
51.5761	4.75768	29.5184	8.37375	5.90832	-0.819895	-8.99483	-0.732797	10.0381	11.5008	8.39777	-0.833338	
53.0532	5.89389	29.569	6.62856	5.04633	1.30829	-7.05486	-8.72241	9.21132	13.1675	8.26121	-0.820192	
54.2474	6.69283	29.9854	5.54015	2.8055	2.82824	-3.74271	-13.6216	5.89672	14.8014	8.07017	-1.07204	
55.2966	6.94308	30.6302	5.25011	-0.45833	3.54039	1.42894	-19.1606	0.541451	16.3931	7.84478	-1.13428	
56.4231	6.43321	31.268	6.51896	-4.69512	2.50981	12.5185	-21.4307	-12.7535	17.9409	7.64693	-0.728149	
58.0612	5.1573	31.3638	10.4124	-7.22736	-2.07794	24.1977	2.94378	-31.4776	19.463	7.619	0.620034	
60.5469	4.07952	30.3399	13.9357	-2.17409	-7.36575	5.01378	41.9037	-12.4689	21.0111	7.91387	2.14235	
63.2226	4.44119	28.8669	12.2876	5.09765	-6.13202	-16.4341	22.8132	19.3361	22.6376	8.33564	1.72612	
65.3333	5.70979	28.0379	9.19123	6.77016	-2.11075	-12.4927	-2.20894	17.3646	24.3296	8.53362	0.250309	
66.9451	6.95619	27.8885	7.35714	5.54675	0.491449	-6.52526	-8.07815	9.31091	26.033	8.46464	-0.834117	
68.2822	7.89278	28.1267	6.33493	3.83954	1.93706	-4.10669	-9.01527	5.82663	27.7049	8.23769	-1.35377	
69.4511	8.45932	28.6035	5.66548	1.77574	2.96666	-2.41822	-12.2632	4.47212	29.3239	7.94932	-1.47438	
70.5326	8.52038	29.2471	5.58913	-1.33544	3.51574	2.64032	-19.2481	-0.181302	30.8851	7.66954	-1.26174	
71.7476	7.82439	29.8387	7.28236	-5.61489	2.0624	15.605	-20.4675	-16.9074	32.3976	7.48161	-0.48284	
73.5755	6.44115	29.7334	11.5589	-6.99246	-3.48781	22.6819	13.9249	-34.1147	33.8943	7.5436	1.22448	
76.1674	5.61687	28.4579	13.7642	-0.18902	-7.90446	-3.95399	43.2303	-2.74039	35.4386	7.93821	2.38301	
78.6606	6.28866	27.0333	11.1597	5.91936	-5.2727	-16.3904	14.2814	21.523	37.0701	8.34044	1.37342	
80.5598	7.58269	26.3603	8.49549	6.46284	-1.43694	-9.69176	-4.71195	15.0012	38.755	8.4575	-0.136222	
82.0588	8.7394	26.2898	7.09377	5.10485	0.769719	-5.06481	-7.65305	7.96783	40.4365	8.32664	-1.06312	
83.3429	9.59384	26.5522	6.2644	3.52399	2.07148	-3.49128	-8.40489	5.626	42.0771	8.06807	-1.44907	
84.4852	10.0997	27.0425	5.69991	1.5308	3.1194	-1.87123	-12.215	4.72915	43.661	7.7703	-1.47982	
85.5634	10.1018	27.7056	5.77503	-1.62653	3.68944	3.66539	-19.6524	-0.432104	45.1866	7.49569	-1.20797	
86.8141	9.33614	28.3013	7.703	-5.9102	2.02888	16.6366	-19.6171	-18.8196	46.6658	7.32425	-0.367987	
88.7047	7.92655	28.1311	11.9083	-6.79251	-3.90228	20.2958	17.5977	-34.9141	48.1339	7.41535	1.38226	
91.2698	7.19053	26.7719	13.4023	0.38506	-8.02825	-7.10316	42.1723	0.0358206	49.6549	7.82815	2.37137	
93.6278	7.92423	25.3479	10.6173	5.98868	-5.07263	-15.4231	11.7633	21.6834	51.2628	8.20885	1.20473	
95.4139	9.19008	24.6908	8.23467	6.26908	-1.34095	-8.31939	-4.97156	14.25	52.9179	8.29251	-0.284171	
96.8508	10.3015	24.6098	7.03885	4.96343	0.752196	-4.35379	-7.0767	7.62483	54.5638	8.13828	-1.14947	
98.1017	11.1307	24.8475	6.31011	3.51903	2.02823	-3.14296	-7.65304	5.69669	56.1655	7.86758	-1.48734	
99.2246	11.6405	25.3151	5.79567	1.68792	3.13036	-1.71993	-11.3395	5.21998	57.7087	7.56525	-1.49154	
100.288	11.6806	25.9755	5.86226	-1.2879	3.86416	3.32742	-18.804	0.804896	59.1931	7.28803	-1.23126	
101.507	10.9805	26.6184	7.61629	-5.53928	2.5597	15.2277	-20.7525	-16.652	60.6298	7.10502	-0.472985	
103.315	9.58064	26.5648	11.5815	-7.08655	-3.17909	19.9829	12.7482	-36.4216	62.0513	7.16598	1.21434	
105.786	8.70227	25.2605	13.2312	-0.432087	-8.0924	-5.93644	42.9491	-4.42148	63.5199	7.56003	2.37818	
108.084	9.30371	23.7442	10.5766	5.64097	-5.56371	-15.1673	14.2143	21.6833	65.0753	7.95532	1.30568	
109.823	10.5246	22.9796	8.24272	6.23244	-1.6994	-8.02071	-4.13945	15.0409	66.6815	8.05521	-0.229706	
111.223	11.6277	22.8195	7.113	5.04392	0.502593	-4.02149	-6.56063	7.92927	68.2808	7.907	-1.13946	
112.449	12.4701	22.991	6.44169	3.73338	1.81318	-2.92421	-6.75653	5.81178	69.8362	7.63581	-1.49938	
113.555	13.029	23.3985	5.94065	2.15161	2.96478	-1.87747	-9.70106	5.73257	71.3327	7.32961	-1.51917	
114.591	13.1826	24.023	5.87852	-0.427458	3.94047	2.00689	-16.6575	3.03132	72.7692	7.04315	-1.30743	
115.726	12.6689	24.7258	7.16409	-4.47241	3.43198	11.9508	-22.1814	-10.8283	74.1546	6.83035	-0.724396	
117.337	11.3636	24.9382	10.6666	-7.41661	-1.3126	20.4307	0.444649	-35.6285	75.5142	6.81484	0.742402	
119.638	10.1805	23.8841	13.129	-2.56651	-7.67913	-0.549396	42.215	-16.6281	76.9046	7.14313	2.3119	
121.934	10.428	22.235	10.9788	4.66847	-6.67657	-15.3625	21.9794	20.0289	78.3791	7.57741	1.65926	
123.682	11.5574	21.2384	8.47995	6.26246	-2.55576	-8.77138	-1.77524	17.416	79.9168	7.74404	0.0411621	
125.063	12.6764	20.9263	7.28278	5.29335	0.00891596	-4.02861	-6.11455	9.05064	81.458	7.63381	-1.02217	
126.267	13.5578	20.9927	6.63551	4.0869	1.43623	-2.76642	-5.96401	6.00628	82.9604	7.37563	-1.47696	
127.355	14.1888	21.3061	6.13789	2.77116	2.61411	-2.10883	-7.74562	5.99918	84.405	7.06813	-1.55026	
128.361	14.4921	21.8525	5.91609	0.718984	3.78567	0.422546	-13.4583	5.1431	85.7882	6.77035	-1.39688	
129.396	14.2449	22.5733	6.62894	-2.78643	4.164	7.71171	-21.2969	-3.47455	87.1164	6.52477	-0.999765	
130.751	13.191	23.0886	9.30636	-6.86593	1.25819	18.5584	-13.9617	-27.8197	88.4068	6.41511	0.0704613	
132.768	11.7407	22.5365	12.6307	-5.45472	-5.83873	8.66326	31.1538	-32.902	89.7035	6.61433	1.9142	
135.057	11.3741	20.8816	11.7375	2.4539	-8.0116	-14.0236	34.603	11.4984	91.0709	7.06619	2.1478	
136.877	12.2704	19.5389	8.99128	6.08705	-4.05189	-10.7526	4.07734	20.9309	92.5176	7.34705	0.574191	
138.262	13.4033	18.9788	7.5437	5.65663	-0.812122	-4.56073	-5.36986	11.5361	93.9885	7.31726	-0.748972	
139.445	14.342	18.8968	6.86934	4.52509	0.903511	-2.67324	-5.53333	6.59552	95.4316	7.09351	-1.38878	
140.513	15.0506	19.0901	6.38205	3.40612	2.11497	-2.22454	-6.05776	5.98094	96.8207	6.79232	-1.56452	
141.491	15.4997	19.5218	6.04178	1.8713	3.36372	-0.844398	-9.96845	6.33462	98.1481	6.48515	-1.47532	
142.443	15.5321	20.1875	6.2636	-0.850051	4.38217	3.81583	-17.6818	2.54202	99.417	6.21343	-1.20984	
143.562	14.8423	20.9183	8.00114	-5.21273	3.52008	14.3027	-21.5545	-16.2378	100.641	6.05542	-0.406831	
145.217	13.4018	20.979	11.3859	-7.27642	-2.34668	15.7818	8.18499	-39.041	101.852	6.1009	1.02639	
147.383	12.3373	19.6819	12.4052	-1.32662	-8.20594	-7.24865	42.2184	-9.46002	103.104	6.46073	2.27513	
149.317	12.7158	18.01	9.85444	5.03419	-6.15424	-13.3359	16.461	21.7099	104.438	6.84822	1.29875	
150.748	13.7867	17.0781	7.93533	5.98429	-2.14429	-6.06151	-2.7879	15.8774	105.823	6.94517	-0.256332	
151.916	14.7916	16.7835	7.1215	5.0347	0.172395	-2.80617	-5.38712	8.26845	107.199	6.7903	-1.17483	
152.958	15.5802	16.8367	6.64107	3.99607	1.53321	-2.17961	-5.12578	6.06374	108.531	6.51306	-1.52224	
153.91	16.1487	17.1379	6.25208	2.82715	2.77839	-1.5419	-7.13529	6.55879	109.802	6.20397	-1.5273	
154.804	16.4122	17.6924	6.15912	0.870233	4.08289	1.11672	-13.1101	5.84988	111.014	5.91433	-1.34573	
155.753	16.1386	18.4466	6.97796	-2.5974	4.58705	7.88022	-21.3456	-2.99184	112.171	5.67825	-0.961824	
157.022	15.0543	19.009	9.51301	-6.80427	1.67994	16.744	-15.3343	-28.6523	113.293	5.57338	0.0851794	
158.877	13.5286	18.4658	12.2834	-5.69416	-5.81672	5.5143	30.2395	-35.4807	114.422	5.77843	1.96641	
160.894	13.0568	16.7427	11.031	2.21306	-8.23784	-13.9562	34.9942	11.7586	115.623	6.24039	2.17269	
162.454	13.8305	15.3011	8.79224	5.64278	-4.63494	-9.54871	6.80187	21.2323	116.905	6.52303	0.574316	
163.656	14.8773	14.6147	7.48136	5.75635	-1.1526	-3.57601	-5.45541	13.3846	118.213	6.51821	-0.591925	
164.687	15.7742	14.4621	6.98784	4.6229	0.716386	-1.93597	-5.22243	6.65006	119.497	6.30493	-1.40648	
165.632	16.4528	14.5933	6.60712	3.66399	1.90154	-1.89268	-4.75217	5.85322	120.728	5.99524	-1.61687	
166.502	16.9222	14.9616	6.28776	2.48825	3.19267	-1.00649	-7.7284	7.05274	121.895	5.67952	-1.5036	
167.339	17.0611	15.5963	6.38766	0.260735	4.53689	2.60877	-15.2131	5.33911	123.002	5.40421	-1.22903	
168.29	16.5852	16.3969	7.62021	-3.66753	4.56418	10.3634	-23.0821	-7.92345	124.061	5.20269	-0.714635	
169.646	15.2661	16.8037	10.4493	-7.45098	0.131993	15.7044	-7.27837	-37.1306	125.095	5.17415	0.618431	
171.518	13.8156	15.863	12.101	-3.95046	-7.49055	-2.9692	39.8771	-25.3946	126.155	5.48806	2.34651	
173.286	13.708	14.0577	9.93293	3.72987	-7.46325	-13.4063	26.1371	19.5943	127.3	5.94525	1.7946	
174.567	14.6151	12.8682	7.97133	5.94404	-3.09423	-6.0071	0.215578	19.0543	128.514	6.12918	0.0772738	
175.586	15.5915	12.4274	7.21982	5.26927	-0.296138	-2.35791	-4.89311	9.78358	129.732	6.02043	-1.0305	
176.498	16.377	12.4	6.82618	4.3207	1.23873	-1.79619	-4.51508	6.47374	130.912	5.76121	-1.47287	
177.337	16.9672	12.6414	6.49229	3.35185	2.5406	-1.41217	-5.68741	6.87918	132.034	5.45788	-1.51169	
178.123	17.3095	13.153	6.36842	1.77991	3.99195	0.56856	-10.7622	7.23169	133.096	5.17034	-1.34079	
178.94	17.2034	13.9254	6.93366	-1.21884	5.03591	5.71124	-19.5417	1.45949	134.105	4.93057	-1.02415	
179.988	16.3405	14.6964	8.65125	-5.4126	3.8206	9.00432	-17.2175	-11.6601	135.075	4.79271	-0.199454	
181.492	14.7651	14.7039	11.4138	-7.4128	-2.93259	10.0058	11.273	-43.4791	136.038	4.89928	1.44345	
183.298	13.6708	13.2381	11.2199	-0.791187	-8.69453	-10.939	43.0592	-4.34341	137.058	5.33062	2.46297	
184.775	13.9775	11.5116	9.02746	4.73975	-6.22385	-10.4244	16.2726	22.4893	138.167	5.7183	1.15308	
185.863	14.9156	10.5645	7.66542	5.77297	-2.19421	-3.9197	-1.85339	15.711	139.323	5.78488	-0.380856	
186.776	15.8181	10.2569	7.13698	5.03841	0.125323	-1.92828	-4.30037	8.52121	140.465	5.61505	-1.20059	
187.606	16.5443	10.3093	6.78503	4.19662	1.58665	-1.64971	-4.26517	6.80197	141.562	5.34125	-1.46615	
188.372	17.0826	10.6394	6.51263	3.16673	3.0178	-0.862758	-6.63089	7.63997	142.601	5.04951	-1.41488	
189.111	17.3346	11.2637	6.57179	1.26066	4.54333	1.88503	-13.137	6.89252	143.583	4.78529	-1.20978	
189.933	17.0479	12.1245	7.47997	-2.29171	5.19891	7.73987	-22.2681	-2.67864	144.518	4.57624	-0.830052	
191.064	15.9153	12.7972	9.72736	-6.82076	2.15201	13.6745	-17.5083	-30.7201	145.422	4.49792	0.226647	
192.66	14.2756	12.2852	11.618	-6.00336	-5.9447	0.882424	30.1774	-38.105	146.339	4.73522	2.13527	
194.263	13.6864	10.5188	9.97824	2.03298	-8.41991	-12.745	35.5503	13.2103	147.334	5.21936	2.20261	
195.421	14.3921	9.11489	8.0121	5.78439	-4.09818	-6.06107	4.65264	22.0626	148.411	5.49142	0.470399	
196.319	15.3549	8.55072	7.29924	5.52407	-0.744874	-2.00398	-4.30041	11.8358	149.509	5.44205	-0.822454	
197.127	16.1598	8.48473	6.98038	4.61974	1.05342	-1.4365	-4.38566	7.21696	150.576	5.21185	-1.37756	
197.878	16.7762	8.72114	6.70844	3.71468	2.44979	-1.16919	-5.11946	7.21769	151.59	4.92175	-1.46618	
198.588	17.167	9.2437	6.60719	2.31047	3.99413	0.500995	-9.69604	7.9542	152.546	4.64179	-1.30591	
199.328	17.1496	10.058	7.09061	-0.476192	5.29079	4.8536	-18.717	3.4136	153.45	4.40871	-0.99671	
200.269	16.3917	10.9413	8.73133	-5.03094	4.27869	11.5521	-24.4153	-17.1852	154.315	4.26856	-0.285286	
201.633	14.8016	11.0764	11.0742	-7.67762	-2.40495	8.07615	7.22918	-45.3498	155.173	4.36795	1.44267	
203.23	13.5724	9.67433	10.6922	-1.37427	-8.79178	-10.7187	44.3809	-6.90432	156.087	4.81158	2.5748	
204.474	13.8497	7.96916	8.46572	4.98829	-6.00445	-8.45033	15.2784	24.2186	157.094	5.21446	1.19856	
205.381	14.7889	7.11299	7.46208	5.83078	-1.82373	-2.55153	-2.53309	15.7932	158.149	5.28252	-0.396678	
206.17	15.6642	6.90586	7.12187	5.01853	0.488091	-1.31149	-4.48718	8.51874	159.191	5.10949	-1.20994	
206.907	16.3536	7.0594	6.86803	4.14253	1.9831	-1.20201	-4.512	7.1511	160.187	4.83668	-1.445	
207.602	16.8434	7.50267	6.70363	3.00758	3.50723	-0.175409	-7.54754	8.13115	161.125	4.55301	-1.35407	
208.299	17.0088	8.25401	6.94688	0.794127	5.06046	3.05875	-15.3665	6.34668	162.01	4.30604	-1.09293	
209.132	16.5356	9.22843	8.19781	-3.46726	5.32474	9.6187	-25.0935	-9.51413	162.855	4.16135	-0.430126	
210.326	15.1482	9.76658	10.4209	-7.59154	0.37851	10.3754	-8.59127	-40.2966	163.684	4.17568	0.773162	
211.847	13.5917	8.84872	10.9954	-4.18656	-7.69167	-6.36262	40.2301	-25.8587	164.547	4.51111	2.40162	
213.154	13.3913	7.05287	8.91167	3.59219	-7.48445	-10.1847	26.5956	20.8897	165.498	4.96725	1.74307	
214.081	14.2263	5.9247	7.61086	5.91141	-2.94956	-3.34993	0.818731	19.5282	166.514	5.14069	0.0414042	
214.858	15.152	5.57154	7.21885	5.3516	-0.0596987	-1.2347	-4.40138	10.3329	167.535	5.03103	-1.0033	
215.583	15.9043	5.6554	6.99133	4.46848	1.62185	-1.10258	-4.39437	7.40097	168.517	4.78318	-1.38802	
216.27	16.4642	6.04375	6.81393	3.45481	3.13962	-0.463412	-6.35466	8.04201	169.446	4.5019	-1.37715	
216.948	16.7471	6.74293	6.93056	1.61035	4.77691	2.02391	-12.9434	7.64051	170.32	4.24612	-1.15555	
217.717	16.4961	7.705	7.80663	-1.99989	5.59071	7.14731	-23.2146	-2.05394	171.148	4.05236	-0.729084	
218.737	15.4302	8.55034	9.57543	-6.55466	3.03974	11.4036	-21.4991	-29.4156	171.95	3.99651	0.296723	
220.14	13.7189	8.24438	11.0662	-6.73742	-5.30277	-0.111161	26.0613	-42.3463	172.767	4.2388	2.14202	
221.518	12.9354	6.54652	9.51489	1.28471	-8.66872	-11.2881	38.7737	10.5669	173.664	4.73336	2.30494	
222.506	13.5431	5.11419	7.85418	5.67168	-4.41346	-4.7423	6.90058	23.1252	174.646	5.02919	0.588728	
223.289	14.4981	4.5542	7.33415	5.66358	-0.825471	-1.34431	-3.74666	12.8931	175.654	5.00078	-0.730577	
224.014	15.3205	4.53493	7.11503	4.80933	1.14894	-1.03069	-4.33199	7.96491	176.634	4.78728	-1.29986	
224.702	15.9567	4.84813	6.92565	3.8902	2.68427	-0.717393	-5.32609	7.88028	177.564	4.51249	-1.38874	
225.36	16.4067	5.42833	6.83698	2.75519	4.14928	0.796813	-9.6233	9.13136	178.441	4.25668	-1.16136	
226.06	16.4555	6.33546	7.36799	-0.10077	5.6399	4.88151	-19.4353	4.06739	179.271	4.05412	-0.84644	
226.959	15.7365	7.33417	8.88701	-4.86154	4.67541	10.0889	-25.7834	-17.3712	180.068	3.94008	-0.180948	
228.224	14.1329	7.57428	10.7668	-7.84603	-2.15066	5.38929	5.49707	-46.6362	180.862	4.05355	1.4801	
229.637	12.8371	6.23173	10.1042	-1.68215	-8.80987	-10.3478	44.9445	-7.841	181.713	4.50054	2.57928	
230.708	13.065	4.55496	8.16167	4.89567	-6.06073	-6.7034	16.3854	24.5586	182.659	4.90443	1.20856	
231.509	13.996	3.73871	7.42456	5.89281	-1.78555	-1.66382	-2.07163	16.3077	183.652	4.97634	-0.367912	
232.233	14.8822	3.59199	7.2046	5.13164	0.629522	-0.896419	-4.39695	9.04635	184.633	4.81077	-1.16487	
232.925	15.5859	3.82642	7.02665	4.24448	2.23624	-0.806066	-4.73228	7.74016	185.57	4.54839	-1.38587	
233.595	16.0801	4.37212	6.95802	3.01414	3.8738	0.400605	-8.3479	8.60932	186.452	4.27806	-1.27895	
234.291	16.2168	5.24001	7.33242	0.546345	5.44622	3.75077	-17.151	5.79892	187.284	4.04886	-0.984815	
235.146	15.6633	6.27554	8.60117	-3.93797	5.21538	8.97583	-26.3636	-11.7569	188.077	3.90489	-0.359416	
236.334	14.172	6.75216	10.4872	-7.93902	-0.58799	7.04611	-4.11066	-45.1343	188.859	3.97102	1.20679	
237.727	12.6799	5.65609	10.2634	-3.19947	-8.42649	-8.99413	44.5614	-18.0132	189.69	4.38864	2.63799	
238.826	12.6779	3.91325	8.30582	4.27814	-6.84006	-7.45196	21.9829	23.8183	190.617	4.83715	1.50923	
239.635	13.5723	2.96897	7.47596	5.95257	-2.31382	-1.80014	-0.65512	18.1377	191.603	4.96089	-0.170077	
240.36	14.4898	2.7588	7.26115	5.29641	0.365357	-0.792427	-4.34439	9.81913	192.584	4.82269	-1.08056	
241.057	15.2308	2.96291	7.09982	4.41879	2.04686	-0.772492	-4.56802	7.81958	193.524	4.56982	-1.36822	
241.732	15.7699	3.4839	7.0183	3.27488	3.68391	0.214318	-7.60608	8.64735	194.411	4.29921	-1.29489	
242.427	15.9805	4.33212	7.32053	1.01856	5.33627	3.19218	-15.8437	6.77158	195.246	4.0649	-1.02054	
243.258	15.5474	5.3927	8.43977	-3.25097	5.52594	8.13026	-26.1021	-8.26713	196.042	3.90892	-0.45873	
244.397	14.1631	6.02625	10.2624	-7.77973	0.535878	7.73584	-10.4482	-42.3733	196.822	3.94112	0.972429	
245.768	12.5618	5.14396	10.3371	-4.31256	-7.88587	-7.66491	42.092	-25.725	197.643	4.32254	2.59399	
246.888	12.3661	3.38302	8.41655	3.66649	-7.40459	-7.97037	26.6013	22.1894	198.557	4.79441	1.72529	
247.705	13.2165	2.33648	7.51248	5.96221	-2.76384	-1.92736	0.819171	19.5943	199.539	4.95896	-0.00358042	
248.433	14.1571	2.07209	7.30143	5.42509	0.144327	-0.697523	-4.25308	10.548	200.522	4.84456	-1.0041	
249.135	14.9286	2.25249	7.15729	4.5525	1.90249	-0.719023	-4.49431	7.9361	201.468	4.60077	-1.34855	
249.818	15.5021	2.75627	7.07255	3.46111	3.54179	0.110896	-7.11354	8.64485	202.361	4.33068	-1.30565	
250.517	15.7668	3.58978	7.32871	1.35452	5.23813	2.81629	-14.8731	7.36822	203.202	4.09252	-1.04775	
251.338	15.4227	4.66384	8.34206	-2.73544	5.70516	7.49264	-25.6438	-5.87253	204.003	3.92796	-0.526884	
252.444	14.129	5.40407	10.0924	-7.55748	1.33512	7.99835	-14.6307	-39.698	204.785	3.93652	0.801909	
253.797	12.4679	4.69279	10.3619	-5.10039	-7.35354	-6.58631	39.1315	-31.183	205.601	4.28783	2.52879	
254.931	12.1198	2.93863	8.49427	3.12752	-7.79495	-8.2971	30.1342	20.3145	206.51	4.77241	1.87849	
255.757	12.9269	1.81491	7.53752	5.94207	-3.12543	-2.02135	2.16776	20.678	207.49	4.96781	0.127488	
256.489	13.8837	1.50685	7.3308	5.52069	-0.0341322	-0.614366	-4.13644	11.1661	208.477	4.87246	-0.941676	
257.198	14.6794	1.66903	7.20227	4.65381	1.79231	-0.66392	-4.45451	8.05831	209.429	4.63624	-1.3311	
257.89	15.2796	2.16086	7.11866	3.59641	3.43623	0.0546244	-6.77816	8.63607	210.329	4.36688	-1.31292	
258.595	15.5842	2.98395	7.34536	1.59611	5.15858	2.5635	-14.1629	7.74858	211.178	4.1259	-1.06801	
259.412	15.3061	4.066	8.28427	-2.35293	5.8122	7.02327	-25.183	-4.2167	211.984	3.95518	-0.574546	
260.5	14.085	4.87999	9.96896	-7.33985	1.90164	8.05339	-17.397	-37.4435	212.77	3.94707	0.678441	
261.838	12.3927	4.3009	10.3615	-5.65033	-6.88853	-5.77675	36.3312	-34.9475	213.586	4.2745	2.46178	
262.983	11.9283	2.56461	8.54563	2.67899	-8.05983	-8.49413	32.7464	18.5126	214.492	4.7654	1.98504	
263.814	12.7039	1.38253	7.49958	6.1825	-3.4333	-2.9444	8.13037	22.7995	215.474	5.00078	0.698604	
264.549	13.6954	1.06405	7.38963	5.56861	-0.0192571	-0.260648	-5.09776	11.3028	216.472	4.93829	-0.929405	
265.276	14.4918	1.23069	7.29049	4.61214	1.729	-0.702278	-4.39176	7.42928	217.437	4.692	-1.41778	
265.984	15.0945	1.70539	7.1722	3.65153	3.27114	-0.228191	-5.9427	8.37019	218.346	4.40477	-1.39383	
266.695	15.4331	2.50307	7.33058	1.85153	5.0271	2.18777	-13.1139	8.41159	219.201	4.15209	-1.10199	
267.504	15.2273	3.58751	8.19469	-1.93368	5.9311	6.66924	-24.7838	-2.32662	220.012	3.97778	-0.588115	
268.571	14.0853	4.47862	9.84466	-7.0857	2.50446	8.24945	-20.0502	-35.0185	220.802	3.96101	0.590521	
269.899	12.3676	4.04353	10.386	-6.20227	-6.32191	-4.82224	32.8663	-38.5885	221.619	4.26678	2.38071	
271.062	11.7743	2.33701	8.63252	2.13884	-8.31358	-8.77351	35.4211	16.0577	222.523	4.76079	2.08466	
271.909	12.4907	1.09084	7.58035	5.83952	-3.74432	-2.25197	4.77468	22.2181	223.505	5.00248	0.337756	
272.651	13.4671	0.702545	7.37078	5.66062	-0.358023	-0.502895	-3.81188	12.2485	224.503	4.9386	-0.835408	
273.375	14.3016	0.828204	7.26552	4.81435	1.5936	-0.575831	-4.38786	8.30783	225.47	4.71561	-1.29873	
274.084	14.9448	1.2957	7.18467	3.8077	3.2487	-0.026129	-6.26773	8.60283	226.386	4.44799	-1.32357	
274.803	15.3131	2.09622	7.36715	1.97703	5.00055	2.17953	-12.9836	8.25782	227.251	4.20229	-1.10313	
275.619	15.1425	3.18161	8.19202	-1.71642	5.93055	6.29677	-24.1435	-1.64996	228.071	4.02104	-0.65418	
276.68	14.0521	4.10364	9.76994	-6.87125	2.79525	8.09131	-21.3306	-33.1275	228.868	3.98527	0.470047	
278	12.3331	3.75276	10.3659	-6.48996	-5.96393	-4.3037	30.4263	-40.5638	229.687	4.26875	2.31128	
279.169	11.6664	2.07043	8.65406	1.81771	-8.4509	-8.87268	37.0182	14.5247	230.591	4.76438	2.15447	
280.029	12.3232	0.751933	7.67101	5.50619	-4.45058	-2.87122	8.13833	22.5781	231.576	5.02663	0.453483	
280.785	13.2855	0.246657	7.39471	5.73429	-0.86347	-0.613509	-2.81373	13.3415	232.581	4.98497	-0.739751	
281.515	14.1516	0.296718	7.28474	4.99933	1.24401	-0.564284	-4.05041	8.76051	233.559	4.77646	-1.24973	
282.223	14.8702	0.697795	7.08958	4.52615	2.94429	-0.236037	-4.10403	13.3024	234.49	4.54376	-0.865763	
282.921	15.4346	1.45839	7.33148	2.86644	4.83984	2.89514	-13.9917	7.4294	235.384	4.39326	-0.88533	
283.729	15.4582	2.50626	8.05712	-0.443872	5.71851	4.62887	-19.6771	0.652765	236.243	4.1936	-1.03149	
284.728	14.6948	3.52021	9.28045	-5.05633	4.23439	7.42718	-24.6858	-19.2031	237.063	4.02939	-0.428268	
285.988	13.0942	3.69688	10.4136	-7.7075	-2.89034	0.962857	8.47556	-47.1082	237.871	4.11814	1.50369	
287.247	11.9058	2.30269	9.20374	-0.981267	-8.96828	-10.2097	45.5115	-2.45792	238.737	4.57802	2.59235	
288.165	12.2626	0.740833	7.69023	5.2487	-5.51741	-3.90109	13.9323	25.5387	239.697	4.96407	1.05554	
288.915	13.2396	0.0917821	7.36522	5.93584	-1.28291	-0.378491	-2.76665	15.6851	240.699	5.00742	-0.482634	
289.645	14.139	0.0913325	7.31035	5.11296	1.05903	-0.353725	-4.53267	9.0016	241.685	4.82628	-1.20814	
290.368	14.8476	0.467496	7.2341	4.17294	2.71256	-0.250207	-5.24474	8.18715	242.624	4.56094	-1.37512	
291.09	15.324	1.1683	7.30714	2.74091	4.43727	1.28539	-9.97769	8.84408	243.509	4.29725	-1.22318	
291.875	15.3766	2.1914	7.88683	-0.212676	5.87769	4.82846	-20.3237	3.68003	244.346	4.08536	-0.856886	
292.854	14.6255	3.27903	9.26695	-5.23697	4.61552	8.38617	-26.9157	-20.5306	245.15	3.98448	-0.02204	
294.122	12.974	3.49078	10.4575	-7.89608	-2.95035	0.528543	10.4905	-48.341	245.958	4.1473	1.76459	
295.381	11.7818	2.0916	9.18969	-0.950172	-8.91762	-10.0764	45.0406	-1.60734	246.832	4.62199	2.51325	
296.302	12.1339	0.545147	7.71677	5.16858	-5.49893	-3.81187	13.8444	24.862	247.798	4.98656	0.962577	
35.2091	0.140584	35.5063	-5.25617	7.14285	5.61976	-59.2678	239.851	68.7841	0.0085366	0.438226	14.1756	
35.1837	4.16198	35.8583	16.6715	18.0422	-12.8973	179.927	-227.089	-142.961	0.582439	5.41953	22.1114	
38.9954	3.79	33.4459	15.2213	-11.3103	-6.01011	-38.3458	-7.71343	48.8285	2.01899	8.54573	10.6203	
41.5301	2.00874	32.8098	11.8733	-6.52767	-2.31189	-1.59606	17.9571	-0.474568	3.85288	9.43007	0.37925	
43.9501	1.11453	32.2098	12.5619	-2.54471	-3.81009	3.07043	17.6542	-7.35708	5.7216	9.1969	-1.76676	
46.4838	0.940959	31.3296	12.7211	0.761298	-4.73128	-1.45069	16.1734	-1.77026	7.52586	8.85587	-1.50888	
48.9647	1.38685	30.3748	12.0598	3.57537	-4.55952	-6.34428	14.8366	4.97896	9.27107	8.61879	-0.870875	
51.2069	2.35357	29.6039	10.3397	5.81736	-2.87175	-10.1571	6.75017	11.0696	10.9807	8.49043	-0.490508	
53.0578	3.58486	29.2558	8.30024	6.18473	-0.522816	-9.62262	-2.7036	11.5603	12.6691	8.392	-0.554546	
54.5304	4.71816	29.3594	6.63113	4.94975	1.54247	-6.9457	-9.13687	8.88052	14.3347	8.25441	-0.831573	
55.7262	5.49	29.8157	5.55066	2.62474	2.99011	-3.74196	-14.1252	5.48186	15.9671	8.06214	-1.06885	
56.7788	5.69211	30.4824	5.27888	-0.774921	3.57506	1.7124	-19.9893	-0.46471	17.5574	7.84095	-1.08989	
57.9231	5.10545	31.0985	6.68882	-5.11583	2.1957	13.6826	-21.0909	-15.3175	19.1059	7.66035	-0.587654	
59.6197	3.7823	31.0799	10.7743	-7.12109	-2.86901	24.1569	7.97663	-32.3355	20.6344	7.67394	0.878106	
62.1531	2.8237	29.931	13.9314	-1.24704	-7.62347	2.256	42.7138	-7.2205	22.1981	8.00948	2.22754	
64.7928	3.3373	28.4984	12.0194	5.52862	-5.64547	-16.0936	19.0596	20.5121	23.8434	8.41892	1.55826	
66.87	4.63448	27.7681	9.10529	6.71436	-1.71204	-11.5621	-3.22407	16.1951	25.5484	8.58109	0.0911495	
68.4824	5.86197	27.6803	7.38166	5.43989	0.699186	-6.32565	-7.92873	8.68978	27.2587	8.48894	-0.906951	
69.83	6.7816	27.9552	6.3569	3.7562	2.08056	-4.25862	-9.04855	5.7318	28.9345	8.25465	-1.35871	
71.0049	7.32857	28.4636	5.65559	1.62534	3.10009	-2.51362	-12.9437	4.34757	30.5572	7.97041	-1.42993	
72.0912	7.34318	29.1307	5.61146	-1.68503	3.5398	3.17927	-20.4145	-1.38556	32.1237	7.7046	-1.16239	
73.3347	6.56329	29.6937	7.51729	-6.04818	1.63472	17.045	-19.2854	-20.1048	33.6459	7.54611	-0.276807	
75.2362	5.15797	29.4533	11.901	-6.6293	-4.32978	21.4496	19.8156	-33.2836	35.1604	7.6591	1.48804	
77.8578	4.49336	28.0833	13.6097	0.753445	-7.90584	-6.18372	41.6714	2.58108	36.7316	8.08227	2.3642	
80.3094	5.29182	26.7365	10.9223	6.17606	-4.74772	-15.4651	11.0229	21.4984	38.3898	8.4569	1.17382	
82.1914	6.59556	26.1595	8.4526	6.37525	-1.10087	-8.99411	-5.19169	13.8551	40.0942	8.5385	-0.273517	
83.7011	7.7353	26.1447	7.11748	5.01448	0.94749	-5.02029	-7.48002	7.54467	41.7897	8.38948	-1.11148	
84.9998	8.57707	26.4452	6.26975	3.44244	2.2163	-3.65479	-8.57551	5.63872	43.4425	8.12785	-1.43579	
86.1517	9.06264	26.9725	5.68279	1.34879	3.26337	-1.86121	-13.0783	4.57806	45.0389	7.83727	-1.42271	
87.2423	9.01085	27.6633	5.82287	-2.03649	3.69691	4.41645	-20.8699	-1.89884	46.5793	7.57884	-1.09813	
88.5369	8.1537	28.2244	7.99674	-6.35934	1.5148	18.0891	-17.849	-22.3333	48.078	7.43939	-0.146434	
90.5145	6.73551	27.9056	12.2403	-6.307	-4.79354	18.46	23.8204	-33.2849	49.5742	7.58359	1.64241	
93.1109	6.18495	26.4541	13.3682	1.57447	-8.23476	-7.08924	46.3486	1.82716	51.133	8.04782	3.13215	
95.4345	7.12936	25.1233	10.2506	6.38441	-4.16013	-14.4075	4.61486	22.4065	52.7957	8.48893	0.898431	
97.1983	8.38121	24.6268	8.22081	5.91444	-0.86342	-6.80105	-5.69051	11.2066	54.4986	8.48655	-0.715493	
98.6702	9.43329	24.6008	7.17888	4.73782	0.782365	-4.23733	-5.7314	6.31765	56.1759	8.26494	-1.38376	
99.9638	10.2502	24.8402	6.39474	3.5491	1.95586	-3.69221	-6.65093	5.84161	57.7995	7.96686	-1.53484	
101.11	10.7856	25.3129	5.75918	1.8099	3.15752	-2.27475	-11.4866	5.88465	59.3626	7.66935	-1.40659	
102.177	10.8462	26.0011	5.766	-1.3043	3.97046	3.36008	-19.8691	0.709255	60.87	7.41681	-1.081	
103.401	10.1307	26.6657	7.59161	-5.70934	2.50094	15.7782	-20.7736	-18.0802	62.3357	7.26541	-0.31527	
105.231	8.71955	26.5881	11.6057	-7.02646	-3.43271	19.73	14.6223	-36.2082	63.7921	7.35329	1.30783	
107.72	7.88479	25.269	13.1868	-0.209469	-8.0682	-5.94654	42.3462	-2.8012	65.2992	7.75142	2.32774	
110.038	8.51823	23.7891	10.6095	5.67701	-5.42008	-14.6731	13.5553	21.4193	66.8913	8.13118	1.22629	
111.813	9.74712	23.0579	8.32792	6.23108	-1.63825	-7.99054	-4.02051	14.6933	68.5315	8.21994	-0.260128	
113.253	10.8612	22.918	7.17942	5.07447	0.52796	-4.18779	-6.42819	7.89449	70.1633	8.0697	-1.13297	
114.52	11.7354	23.0881	6.54727	4.00588	1.59576	-3.51012	-6.07696	6.3393	71.7517	7.80495	-1.43827	
115.66	12.3677	23.4771	5.93828	2.50446	2.86529	-2.36886	-9.51332	6.31776	73.2836	7.51582	-1.42058	
116.711	12.6041	24.1065	5.77553	-0.046992	3.95053	1.42305	-16.4893	3.60374	74.7592	7.24746	-1.23567	
117.835	12.1792	24.8414	6.89226	-4.06624	3.63292	10.809	-22.3812	-9.2374	76.1864	7.04043	-0.752434	
119.395	10.9406	25.1497	10.2158	-7.3701	-0.687848	20.51	-3.49897	-33.8346	77.5864	7.00296	0.553041	
121.662	9.68497	24.234	13.0899	-3.35397	-7.27893	2.80748	40.1764	-20.7579	79.0104	7.29306	2.18632	
124.031	9.79429	22.5952	11.3579	4.18043	-7.01937	-15.0158	25.4231	18.2198	80.5142	7.72861	1.77509	
125.876	10.895	21.5327	8.75193	6.29522	-2.91498	-9.61824	-0.350427	18.2743	82.0849	7.92436	0.186027	
127.326	12.0476	21.1792	7.42348	5.45092	-0.185618	-4.46711	-5.99456	9.67459	83.6648	7.8377	-0.932906	
128.58	12.9719	21.2289	6.71845	4.24399	1.31773	-2.95524	-5.98544	6.17948	85.2094	7.59241	-1.43419	
129.71	13.6464	21.5337	6.18524	2.94364	2.5065	-2.31756	-7.53731	5.98543	86.6979	7.29024	-1.53727	
130.748	14.0023	22.0726	5.89822	0.966141	3.68761	-0.0657825	-12.9277	5.34141	88.1257	6.99298	-1.40403	
131.796	13.8277	22.797	6.46472	-2.4278	4.18757	6.72491	-20.8891	-2.29184	89.4981	6.74331	-1.0388	
133.126	12.8539	23.3659	8.94311	-6.61706	1.66603	17.9466	-16.0612	-25.4405	90.831	6.61831	-0.0534245	
135.108	11.397	22.9412	12.4499	-5.93581	-5.27118	11.2249	27.3828	-34.8451	92.1653	6.78681	1.77084	
137.446	10.9096	21.3469	12.0333	1.85069	-8.14547	-12.882	36.9975	8.39421	93.5656	7.22984	2.21244	
139.361	11.7514	19.956	9.26288	6.00937	-4.40211	-11.5363	5.96821	21.3523	95.0472	7.53447	0.711407	
140.823	12.9047	19.341	7.85661	5.77358	-1.42969	-1.91613	-4.12865	4.46597	96.5581	7.53002	-0.605203	
142.084	13.9019	19.1685	7.02582	4.8259	0.48607	-3.20043	-5.12641	7.4166	98.0462	7.32978	-1.27814	
143.206	14.6893	19.3035	6.4642	3.76379	1.80646	-2.50603	-5.74999	6.27034	99.4845	7.0468	-1.496	
144.226	15.232	19.6902	6.05537	2.34374	3.08821	-1.3407	-9.02986	6.49973	100.864	6.74804	-1.46116	
145.196	15.3962	20.3225	6.10068	-0.0983387	4.22964	2.4175	-15.9056	3.96346	102.185	6.47231	-1.27073	
146.274	14.9029	21.0897	7.41008	-4.19917	4.04155	11.8608	-22.2311	-10.6804	103.459	6.28601	-0.647654	
147.808	13.601	21.3925	10.5985	-7.34466	-0.648355	17.7261	-2.39965	-35.7687	104.709	6.25708	0.545817	
149.94	12.3203	20.4027	12.6458	-3.21242	-7.47752	-1.34973	39.9016	-20.832	105.983	6.54078	2.13244	
152.027	12.3948	18.6866	10.5516	4.11284	-7.08898	-14.3933	24.0998	18.9679	107.335	6.95905	1.65662	
153.595	13.4203	17.5746	8.21846	6.32746	-2.92821	-9.09485	3.75037	19.6804	108.75	7.1454	0.510179	
154.819	14.5221	17.2157	7.22788	5.25915	0.0674749	-2.4451	-7.55383	9.10332	110.179	7.08868	-1.03479	
155.922	15.3378	17.2536	6.82867	3.9948	1.33597	-1.92599	-5.20037	4.86494	111.57	6.80553	-1.66486	
156.943	15.9299	17.499	6.41762	3.00135	2.33809	-2.07962	-5.38922	5.60196	112.897	6.46006	-1.72262	
157.883	16.2847	17.9657	6.11335	1.51778	3.6105	-0.474898	-10.3228	6.75095	114.156	6.13597	-1.4854	
158.814	16.2068	18.675	6.51112	-1.43195	4.62314	5.32237	-19.4589	1.5135	115.356	5.87688	-1.07443	
159.969	15.3702	19.3781	8.56491	-5.83161	3.08333	15.3603	-20.9392	-20.1596	116.514	5.73322	-0.24037	
161.689	13.8465	19.2492	11.8319	-7.02791	-3.63738	12.3573	16.392	-40.7257	117.666	5.84746	1.49473	
163.792	12.9575	17.7441	11.8458	0.0380261	-8.52907	-11.258	41.5921	-0.619133	118.875	6.27565	2.37012	
165.527	13.5101	16.1378	9.18543	5.46211	-5.41269	-11.4397	11.1234	22.6195	120.171	6.63295	0.995305	
166.812	14.5689	15.3359	7.65978	5.79997	-1.62247	-4.55858	-3.83459	14.0874	121.506	6.67039	-0.508715	
167.893	15.5074	15.1108	7.03041	4.82447	0.427872	-2.32972	-5.03159	7.48806	122.824	6.47854	-1.29594	
168.871	16.2388	15.2014	6.60698	3.8575	1.72618	-1.98545	-4.88778	6.13244	124.091	6.18735	-1.54761	
169.769	16.7576	15.5408	6.26991	2.681	3.02479	-1.15373	-7.49777	6.91537	125.298	5.87965	-1.49379	
170.625	16.9565	16.1442	6.30072	0.578295	4.36087	1.99741	-14.1782	5.61937	126.445	5.60012	-1.28107	
171.571	16.5784	16.9318	7.34513	-3.11971	4.63802	9.16517	-22.2602	-5.34291	127.542	5.38063	-0.851188	
172.881	15.3696	17.4296	10.0324	-7.16997	0.972914	16.252	-11.8003	-33.1941	128.607	5.31027	0.334242	
174.741	13.862	16.6863	12.2083	-4.87925	-6.74247	0.724811	35.6944	-31.1916	129.688	5.57021	2.18205	
176.61	13.5695	14.901	10.38	3.02866	-7.91078	-13.9537	30.6104	16.382	130.85	6.03467	1.99202	
177.987	14.4255	13.6015	8.17997	5.93152	-3.59899	-7.1419	2.0133	20.3434	132.085	6.26354	0.282112	
179.059	15.4296	13.0856	7.28957	5.39405	-0.563416	-2.68868	-4.87682	10.6086	133.334	6.18504	-0.93144	
180.008	16.2486	13.0161	6.86332	4.42382	1.05496	-1.87081	-4.60694	6.5502	134.548	5.93737	-1.4501	
180.879	16.8702	13.2202	6.5095	3.47308	2.33235	-1.58068	-5.36094	6.6355	135.705	5.63366	-1.53365	
181.683	17.2593	13.7144	6.33728	1.94198	3.8916	0.644316	-10.7671	6.73983	136.805	5.36296	-1.33449	
182.517	17.205	14.46	6.84353	-0.910363	4.88458	4.98045	-18.179	1.89598	137.852	5.11046	-1.15166	
183.558	16.4304	15.2233	8.58089	-5.18377	3.70928	12.6849	-22.281	-16.9745	138.854	4.93329	-0.485207	
185.07	14.8979	15.2518	11.3594	-7.39244	-2.67544	11.0411	8.90332	-42.891	139.841	4.9955	1.28392	
186.915	13.778	13.8222	11.371	-1.01955	-8.6875	-10.5965	43.5882	-6.20386	140.878	5.41733	2.52012	
188.411	14.1391	12.1154	8.87306	5.13541	-5.92503	-10.4487	14.2824	23.7254	142.006	5.81681	1.20222	
189.497	15.1237	11.2371	7.55011	5.82036	-1.83821	-3.64191	-3.12122	15.3562	143.182	5.88466	-0.408471	
190.416	16.0213	10.9879	7.06596	4.92185	0.382261	-1.77699	-4.78115	8.01649	144.343	5.70631	-1.25129	
191.258	16.7258	11.0711	6.74838	4.17212	1.46385	-1.47974	-0.905946	0.698961	145.457	5.42393	-1.47288	
192.033	17.3007	11.3407	6.39234	3.48519	2.68233	-1.36671	-5.75828	8.43357	146.513	5.13852	-1.33348	
192.761	17.6342	11.9111	6.37837	1.7044	4.37223	1.60186	-12.569	7.68399	147.515	4.89353	-1.12216	
193.56	17.454	12.7534	7.20446	-1.67258	5.25197	7.10061	-21.094	-0.748248	148.473	4.69124	-0.872339	
194.637	16.4662	13.5068	9.11358	-5.93621	3.39055	9.34451	-16.3486	-15.0057	149.397	4.58105	-0.0529928	
196.166	14.8418	13.3529	11.5495	-7.04889	-3.95764	6.46709	17.5654	-42.8227	150.322	4.72163	1.61578	
197.878	13.8943	11.7647	10.7205	0.169657	-8.7382	-12.2371	41.2631	1.92297	151.308	5.16477	2.37061	
199.178	14.3831	10.1593	8.41059	5.4122	-5.23389	-8.35993	10.332	23.4452	152.38	5.50833	0.887231	
200.137	15.3487	9.40415	7.40088	5.71064	-1.40697	-2.71633	-3.56306	14.0093	153.489	5.52662	-0.578561	
200.971	16.1993	9.22981	7.01928	4.82049	0.656177	-1.52484	-4.5623	7.76209	154.577	5.32783	-1.29598	
201.743	16.8584	9.38332	6.72786	3.92593	2.05809	-1.3571	-4.6952	6.87984	155.614	5.04306	-1.48523	
202.464	17.3103	9.81409	6.54368	2.72412	3.53328	-0.198236	-8.02915	7.83487	156.593	4.75318	-1.37998	
203.186	17.4197	10.5399	6.81117	0.40002	4.98597	3.37329	-15.9105	5.5615	157.518	4.50103	-1.11914	
204.052	16.8873	11.4345	8.11275	-3.72759	4.92556	10.0228	-24.3435	-9.31966	158.398	4.32284	-0.579303	
205.301	15.4742	11.8719	10.5758	-7.65634	-0.0665691	11.9991	-6.6392	-40.8796	159.259	4.3315	0.864716	
206.922	13.9027	10.9536	11.3956	-4.32357	-7.57216	-5.34511	40.2553	-26.7176	160.156	4.6891	2.4542	
208.36	13.7032	9.12136	9.24104	3.76348	-7.64679	-11.7444	26.5181	24.0083	161.145	5.19631	2.02428	
209.376	14.5558	7.96824	7.76173	5.83023	-2.93804	-3.87183	-0.211989	18.7973	162.209	5.37419	-0.0745135	
210.217	15.4625	7.57436	7.27756	5.21494	-0.244397	-1.6759	-4.11296	9.41039	163.274	5.23841	-1.12499	
210.986	16.2047	7.58272	6.96004	4.44003	1.29882	-1.5701	-3.68793	6.93109	164.296	4.97133	-1.45782	
211.698	16.7822	7.87769	6.68225	3.58757	2.76078	-1.00681	-5.44374	7.94682	165.261	4.68073	-1.40443	
212.377	17.1195	8.48175	6.67878	1.9627	4.42724	1.35602	-11.5875	8.12151	166.17	4.42093	-1.1775	
213.12	16.9764	9.37457	7.40686	-1.31048	5.50723	6.38181	-21.3509	0.602785	167.033	4.2169	-0.829881	
214.106	16.0271	10.2688	9.20984	-5.89896	3.7937	12.2154	-22.686	-24.4741	167.868	4.16128	0.0931401	
215.512	14.362	10.1884	11.2111	-7.23866	-3.8148	4.15921	16.6312	-44.023	168.711	4.32342	1.65336	
217.028	13.3457	8.63009	10.2115	-0.0851953	-8.77602	-11.453	41.7143	1.40669	169.618	4.76601	2.34905	
218.157	13.7823	7.03884	8.18542	5.32804	-5.28868	-6.89315	11.2638	23.6972	170.611	5.10734	0.891755	
219.003	14.73	6.30847	7.38651	5.76597	-1.38536	-2.04816	-3.10826	14.4588	171.639	5.12969	-0.544671	
219.756	15.5809	6.17738	7.09481	4.93035	0.772881	-1.20951	-4.44202	8.26514	172.648	4.93969	-1.24315	
220.464	16.2449	6.3941	6.86419	4.03166	2.28245	-1.02223	-4.87429	7.44881	173.609	4.667	-1.41766	
221.138	16.6937	6.90924	6.76398	2.74617	3.8661	0.31776	-8.74296	8.28412	174.515	4.39207	-1.29752	
221.835	16.7707	7.733	7.15042	0.196854	5.33518	4.00762	-17.473	5.03882	175.369	4.1588	-1.00788	
222.701	16.1483	8.69466	8.54018	-4.26855	4.89414	10.0004	-25.5955	-13.0521	176.184	4.01067	-0.371624	
223.939	14.6245	9.05304	10.6941	-7.87307	-1.09448	8.40745	-1.00262	-45.0058	176.987	4.0789	1.24021	
225.441	13.1966	7.81562	10.6054	-2.488	-8.62432	-9.89783	45.3529	-12.3707	177.848	4.56227	2.65072	
226.624	13.2949	6.0802	8.50198	4.47054	-6.49724	-8.12621	18.8493	23.3166	178.807	4.97679	1.26894	
227.486	14.1834	5.14835	7.53091	5.82886	-2.24069	-2.46854	-0.993796	16.7984	179.816	5.0618	-0.305691	
228.238	15.0736	4.90091	7.20687	5.19253	0.262784	-1.21969	-4.05413	9.32975	180.816	4.90608	-1.1301	
228.943	15.7973	5.04698	6.97536	4.36949	1.88591	-1.07229	-4.33334	7.64683	181.772	4.64764	-1.38103	
229.612	16.329	5.5031	6.83646	3.27256	3.49286	-0.0717417	-7.31955	8.50155	182.674	4.37529	-1.30442	
230.289	16.545	6.2825	7.08067	1.11432	5.13125	2.91102	-15.0686	6.89412	183.524	4.13692	-1.05697	
231.092	16.1478	7.28535	8.16869	-2.94519	5.48181	8.24376	-25.0125	-6.43278	184.333	3.96765	-0.564506	
232.212	14.8269	7.93747	10.1848	-7.53419	1.08449	9.87488	-13.1215	-39.2253	185.122	3.96724	0.756295	
233.642	13.1889	7.15644	10.7779	-4.87604	-7.42001	-5.88923	39.2686	-30.2168	185.944	4.31226	2.51722	
234.876	12.8702	5.36523	8.79638	3.24564	-7.76777	-9.65481	29.3046	20.3345	186.857	4.79801	1.89356	
235.753	13.6773	4.20785	7.59677	5.92446	-3.13271	-2.9134	1.69539	20.3996	187.843	4.99533	0.128421	
236.497	14.6149	3.85608	7.27106	5.44457	-0.103543	-0.995114	-4.28261	10.8339	188.836	4.89835	-0.95776	
237.203	15.3855	3.9621	7.0817	4.56986	1.65295	-0.939715	-4.3898	7.69199	189.793	4.65776	-1.35791	
237.878	15.9636	4.38435	6.93685	3.55252	3.22399	-0.294881	-6.41059	8.29906	190.696	4.3822	-1.34814	
238.551	16.2619	5.12683	7.08667	1.67702	4.90864	2.17052	-13.2388	7.82232	191.547	4.13297	-1.11748	
239.323	16.0139	6.13679	7.97251	-2.03238	5.71419	7.02514	-23.8893	-2.45849	192.354	3.94871	-0.669327	
240.37	14.8612	6.9541	9.82194	-6.98916	2.41983	10.0584	-19.4556	-33.6373	193.136	3.91157	0.477983	
241.746	13.1497	6.4881	10.7854	-6.17355	-6.22909	-3.25845	31.9919	-38.8677	193.941	4.20036	2.34862	
243.028	12.4408	4.75603	9.21857	1.39173	-8.55862	-10.3647	37.711	12.0784	194.832	4.70481	2.16849	
243.985	12.9604	3.30989	7.91044	5.31863	-4.78284	-4.41057	9.10437	22.2785	195.806	4.97742	0.505461	
244.76	13.8887	2.69782	7.414	5.67748	-1.1974	-1.33529	-2.41551	13.4252	196.803	4.94401	-0.709535	
245.479	14.7385	2.64442	7.1989	5.00284	0.908638	-0.976333	-3.76985	8.64042	197.773	4.73939	-1.24057	
246.165	15.4255	2.94986	7.02887	4.16228	2.56348	-0.589171	-5.0336	8.38817	198.694	4.47706	-1.32762	
246.838	15.8896	3.58649	7.05226	2.7327	4.31645	1.11283	-10.0568	8.8492	199.564	4.22423	-1.17352	
247.565	15.9299	4.54675	7.61277	-0.194455	5.73856	4.84264	-19.8342	3.65186	200.387	4.01748	-0.862556	
248.49	15.1858	5.57745	9.06626	-5.06053	4.60409	9.34262	-26.2051	-18.9331	201.177	3.90682	-0.117655	
249.728	13.5809	5.89258	10.593	-7.97742	-1.88665	4.28936	4.14037	-47.3757	201.966	4.03689	1.52105	
251.075	12.2454	4.60655	9.84724	-1.95142	-8.76498	-9.92061	45.1762	-9.01029	202.815	4.4848	2.56298	
252.096	12.4406	2.94608	8.06129	4.78952	-6.14664	-5.89126	17.3699	24.4644	203.757	4.88691	1.21223	
252.879	13.3742	2.13961	7.44113	5.92863	-1.83183	-1.28915	-1.65072	16.6523	204.747	4.96168	-0.346064	
253.602	14.281	2.01491	7.2728	5.21283	0.652505	-0.709983	-4.31255	9.37379	205.726	4.80111	-1.138	
254.302	15.0088	2.28393	7.12979	4.32532	2.31972	-0.625814	-4.81177	8.01898	206.661	4.54421	-1.35817	
254.986	15.5235	2.87458	7.10096	3.06065	4.00592	0.614004	-8.63035	8.7983	207.543	4.27951	-1.24988	
255.709	15.6634	3.82516	7.58042	0.359241	5.70272	4.3471	-18.754	4.37408	208.379	4.08567	-0.87766	
256.61	15.0578	4.89344	8.86342	-4.28718	5.03283	8.3783	-26.1598	-14.5149	209.181	3.95256	-0.336898	
257.819	13.5212	5.31726	10.5184	-8.32755	-0.634323	6.97028	-10.6941	-34.8292	209.974	4.04915	1.97016	
259.177	12.0253	4.22263	10.0128	-3.08765	-8.36714	-9.07329	44.2283	-15.6413	210.826	4.49484	2.46987	
260.234	12.0379	2.5275	8.19155	4.43241	-6.90123	-7.31913	27.5382	21.6235	211.769	4.91688	1.91492	
261.038	12.953	1.62159	7.55098	5.90676	-2.21004	-1.24584	-1.2659	17.5361	212.771	5.03501	-0.293679	
261.783	13.8684	1.43855	7.37801	5.25427	0.330064	-0.814364	-3.88811	9.29263	213.765	4.87334	-1.17413	
262.5	14.6226	1.64974	7.19959	4.49469	1.96856	-0.869937	-3.94607	7.90371	214.714	4.60882	-1.3912	
263.193	15.1982	2.18041	7.10767	3.45128	3.66859	0.216909	-7.27973	9.13558	215.608	4.33986	-1.25941	
263.906	15.4573	3.05609	7.41551	1.21331	5.42321	3.20092	-15.9735	7.22731	216.452	4.11588	-0.959876	
264.751	15.0786	4.16515	8.34892	-2.67068	5.86734	4.50615	-17.6474	-2.4881	217.259	3.97264	-0.377364	
265.86	13.7951	4.93981	10.0575	-7.56647	1.43536	7.56652	-14.725	-39.8852	218.052	3.99749	0.833486	
267.202	12.1343	4.2558	10.2787	-5.17428	-7.25738	-6.45042	38.5746	-31.4184	218.881	4.34428	2.46885	
268.33	11.7721	2.51754	8.47709	3.02602	-7.81452	-7.97256	30.5046	19.7477	219.799	4.81895	1.85292	
269.163	12.5756	1.39039	7.55901	5.93443	-3.18645	-1.92849	2.5568	20.7552	220.789	5.01369	0.139373	
269.905	13.5438	1.07982	7.36345	5.55901	-0.0634595	-0.576885	-4.03535	11.3443	221.786	4.92165	-0.923519	
270.628	14.3556	1.24613	7.2422	4.69906	1.7928	-0.626046	-4.46418	8.17383	222.748	4.68879	-1.31617	
271.334	14.9715	1.74665	7.16597	3.63611	3.45334	0.0858695	-6.81674	8.68963	223.659	4.42194	-1.30285	
272.055	15.2903	2.58056	7.39444	1.62705	5.18185	2.53803	-14.2137	7.75999	224.518	4.18255	-1.06176	
272.886	15.024	3.67388	8.31498	-2.33581	5.83379	6.84627	-25.2759	-4.25099	225.336	4.01291	-0.569572	
273.981	13.8109	4.49762	9.94242	-7.3427	1.90872	7.67726	-17.473	-37.5414	226.134	4.00575	0.6825	
275.314	12.1238	3.92533	10.2787	-5.65503	-6.88789	-5.8302	36.362	-34.8865	226.962	4.33321	2.45614	
276.452	11.6652	2.19689	8.50241	2.67771	-8.04766	-8.17134	32.7653	18.52	227.879	4.82204	1.97314	
277.289	12.4404	1.02438	7.56023	5.91561	-3.39939	-1.92715	3.38213	21.4532	228.871	5.03853	0.223373	
278.037	13.4172	0.689729	7.37685	5.60712	-0.163509	-0.493451	-3.98433	11.7014	229.875	4.95775	-0.891024	
278.767	14.2419	0.846836	7.26916	4.74903	1.72887	-0.581276	-4.43645	8.2199	230.844	4.72817	-1.31261	
279.483	14.8724	1.34088	7.19545	3.70891	3.38773	0.0620216	-6.59756	8.66828	231.763	4.46046	-1.31296	
280.212	15.2144	2.16862	7.40952	1.76753	5.12948	2.41122	-13.767	7.97724	232.63	4.21845	-1.07734	
281.046	14.9877	3.26632	8.29188	-2.10465	5.88955	6.59899	-24.9461	-3.28586	233.455	4.0447	-0.598822	
282.135	13.8208	4.13328	9.88098	-7.1899	2.24175	7.66554	-19.0019	-36.0865	234.258	4.02755	0.607859	
283.464	12.1202	3.64354	10.275	-5.97074	-6.57707	-5.41913	34.4177	-37.0164	235.089	4.33961	2.40533	
284.609	11.5895	1.93215	8.52299	2.38228	-8.1943	-8.29438	34.3094	17.2436	236.007	4.83023	2.03041	
285.452	12.3374	0.72586	7.56115	5.88209	-3.5774	-1.94715	4.15724	21.9063	237.002	5.05974	0.282395	
286.204	13.3196	0.369685	7.38451	5.6457	-0.254661	-0.432905	-3.88805	12.0194	238.011	4.98766	-0.862455	
286.94	14.1553	0.518061	7.28793	4.7937	1.67433	-0.538246	-4.41664	8.29197	238.987	4.76145	-1.30565	
287.663	14.7982	1.00689	7.21835	3.76867	3.33626	0.0557449	-6.44604	8.65782	239.913	4.49374	-1.31855	
288.399	15.1587	1.8299	7.42343	1.87744	5.08659	2.32115	-13.4197	8.12622	240.786	4.24987	-1.08984	
289.237	14.9634	2.93042	8.27689	-1.92008	5.927	6.40508	-24.6461	-2.5433	241.617	4.07267	-0.623593	
290.323	13.8344	3.83042	9.83422	-7.05501	2.50164	7.63823	-20.1467	-34.859	242.425	4.04726	0.546697	
291.648	12.126	3.40779	10.2706	-6.21362	-6.31181	-5.0966	32.7225	-38.6384	243.258	4.3464	2.36012	
292.8	11.537	1.71317	8.53807	2.13335	-8.30476	-8.39655	35.5313	16.115	244.178	4.83775	2.07495	
293.647	12.2609	0.479864	7.55977	5.8498	-3.72377	-1.9632	4.81941	22.2632	245.175	5.07774	0.330745	
294.402	13.2469	0.10587	7.38911	5.67581	-0.329883	-0.380099	-3.80238	12.2855	246.188	5.01282	-0.838918	
295.143	14.0941	0.238016	7.27183	4.94479	1.27491	-1.2554	-1.5443	1.49156	247.17	4.79099	-1.25646	
295.862	14.7866	0.661429	7.171	4.0865	3.03633	-0.0441216	-5.7446	9.17033	248.102	4.53301	-1.25842	
296.59	15.2261	1.44025	7.35014	2.3552	4.89121	2.1057	-12.3834	8.76484	248.985	4.29907	-1.06145	
297.409	15.1513	2.52864	8.12472	-1.1635	6.00292	5.84041	-23.0915	0.0521117	249.825	4.11838	-0.702371	
298.458	14.1844	3.5298	9.61604	-6.32501	3.50901	8.02055	-23.7442	-28.7264	250.639	4.05668	0.247366	
299.77	12.4761	3.38943	10.3862	-7.10894	-4.94299	-2.82768	23.526	-44.3945	251.468	4.28672	2.08055	
300.974	11.6177	1.7907	8.78843	0.881007	-8.71836	-9.33424	40.5402	9.46223	252.373	4.77261	2.28096	
301.85	12.2026	0.413543	7.6034	5.63398	-4.47043	-2.61441	8.28372	23.7355	253.363	5.06679	0.594164	
35.1969	0.0862995	35.5183	-6.07121	4.4408	6.44817	-102.566	154.226	112.745	0.00869857	0.445687	14.4048	
34.6543	3.79901	36.3636	4.12569	22.6754	-1.42452	60.5709	-27.1279	-47.0086	0.548296	5.07913	22.2047	
35.693	7.0608	36.1403	4.25071	11.6527	1.1577	-18.2523	-50.9597	32.004	1.87135	7.78559	9.32089	
36.4309	8.32531	36.72	4.26759	1.97326	3.51966	9.96767	-28.5024	-3.52129	3.53416	8.49931	-0.298699	
37.4546	8.30731	37.2988	6.04427	-1.56927	2.40327	7.52377	-11.8487	-6.07468	5.20992	8.19718	-2.23389	
38.7948	7.76835	37.6306	7.59577	-3.74055	1.07077	9.28414	-10.748	-8.12619	6.80124	7.70953	-2.46977	
40.5359	6.81568	37.6075	10.3321	-5.52599	-1.39997	18.8759	-3.83861	-17.8845	8.29739	7.28257	-1.57568	
42.9903	5.81955	36.8849	14.2853	-3.23394	-5.66812	14.4997	29.9748	-19.6545	9.73566	7.17618	0.657184	
45.8949	5.91934	35.5148	13.8376	4.41479	-6.67312	-18.709	34.6034	11.7704	11.1979	7.49647	2.13976	
48.1728	7.24749	34.5227	9.15426	7.67243	-2.64761	-21.8214	-1.11862	22.0791	12.7369	7.86025	1.21857	
49.624	8.61929	34.3436	6.10956	5.68034	0.7914	-9.06662	-14.7291	11.8537	14.323	7.95035	-0.260412	
50.6884	9.44076	34.6494	5.09808	2.61277	2.34707	-2.0078	-15.3941	4.58472	15.9005	7.79369	-1.20074	
51.6627	9.64135	35.1455	5.14459	-0.542703	2.82454	2.60849	-16.627	0.220827	17.4318	7.50715	-1.57738	
52.7545	9.17098	35.635	6.4288	-4.12442	2.18826	11.4174	-18.593	-7.87629	18.9017	7.1998	-1.38328	
54.3239	8.00978	35.7722	10.1008	-6.91132	-0.966611	24.6594	-3.96575	-24.2988	20.3195	7.01572	-0.268405	
56.7874	6.8089	34.9982	14.5207	-3.57899	-6.22907	12.0729	37.2833	-20.5967	21.73	7.15312	1.63686	
59.6429	6.91651	33.5315	13.3961	4.51273	-6.7557	-19.8853	31.7966	14.5799	23.201	7.57372	2.16438	
61.8314	8.19896	32.5258	9.10164	7.27331	-2.662	-18.4197	-1.45572	20.6335	24.7519	7.8895	0.848788	
63.3039	9.50757	32.2953	6.54367	5.61843	0.508351	-7.91451	-11.8375	11.0876	26.3367	7.91281	-0.527204	
64.4374	10.3698	32.5205	5.54455	3.15272	2.06312	-2.84156	-12.4937	5.28233	27.9024	7.71809	-1.32354	
65.4489	10.725	32.9634	5.2791	0.521895	2.81633	0.289275	-14.3518	2.35019	29.4167	7.41565	-1.62874	
66.4819	10.4945	33.4876	5.89605	-2.78527	2.82064	6.95267	-18.7899	-3.43059	30.8673	7.09572	-1.48465	
67.8198	9.53894	33.8326	8.59501	-6.42885	0.699012	20.7771	-13.702	-19.7373	32.261	6.87105	-0.594021	
69.9439	8.17082	33.3934	13.3166	-5.73832	-4.79328	20.0251	25.538	-29.3039	33.6349	6.93162	1.29931	
72.723	7.74528	31.9629	14.0581	2.14829	-7.62208	-13.2277	40.7115	5.35808	35.0582	7.33725	2.37607	
75.0788	8.75534	30.6656	10.1484	6.92093	-4.12182	-19.6471	6.42736	22.3501	36.5683	7.72471	1.25501	
76.6964	10.0983	30.1736	7.2712	6.21151	-0.422442	-9.30993	-9.34648	13.6308	38.1275	7.81592	-0.26972	
77.9192	11.1095	30.2345	6.05588	4.12158	1.51362	-3.77494	-10.7128	6.68387	39.678	7.65763	-1.20618	
78.9778	11.6893	30.5738	5.54509	1.93953	2.54374	-1.50318	-11.5364	4.04369	41.1819	7.36863	-1.60971	
79.9726	11.8361	31.0619	5.45024	-0.3617	3.1062	1.28918	-15.378	2.20253	42.6229	7.04257	-1.59954	
81.0397	11.383	31.6003	6.52355	-4.03089	2.80273	10.8322	-20.4667	-7.21122	44.0013	6.75739	-1.15564	
82.5585	10.1786	31.7971	10.1433	-7.20179	-0.680006	24.1784	-4.76531	-28.3552	45.3366	6.63948	0.160897	
84.9317	8.9174	30.9459	14.1162	-3.58953	-6.72195	8.11981	39.6116	-22.1835	46.6811	6.87045	2.06754	
87.5693	9.01874	29.3456	12.506	4.45768	-7.0021	-19.1713	29.1953	16.7466	48.1016	7.33564	2.14701	
89.5569	10.2237	28.2691	8.83929	6.84829	-2.77443	-14.352	-1.54058	19.9924	49.6022	7.61548	0.578815	
90.9701	11.4464	27.9547	6.90349	5.50046	0.227257	-5.99041	-9.2002	10.4325	51.1269	7.58743	-0.745364	
92.1221	12.3188	28.0728	6.08004	3.63977	1.75266	-2.8585	-9.24216	5.6914	52.6239	7.36035	-1.43037	
93.152	12.8115	28.4257	5.65649	1.68273	2.72714	-1.32292	-10.9003	4.28407	54.0651	7.04534	-1.65755	
94.1345	12.8519	28.9415	5.71067	-0.989634	3.38301	2.64007	-16.4075	1.50442	55.4411	6.71968	-1.54087	
95.2447	12.2355	29.4793	7.19295	-4.84638	2.67247	13.5326	-20.51	-11.1147	56.7571	6.46125	-0.92534	
96.8984	10.8977	29.52	11.1733	-7.27289	-1.90002	23.2738	3.86124	-33.483	58.0397	6.41849	0.681732	
99.3378	9.80687	28.3752	13.9397	-1.81805	-7.69105	-1.21036	44.0061	-13.7482	59.3508	6.75041	2.40257	
101.747	10.2116	26.7412	11.272	5.4042	-6.2908	-18.871	20.3398	21.1735	60.7492	7.21182	1.81662	
103.479	11.461	25.811	8.12478	6.72957	-1.93972	-10.7731	-6.3994	19.0978	62.2184	7.43792	0.337913	
104.764	12.5857	25.6022	6.80761	4.9956	0.637462	-3.82808	-8.95688	8.16466	63.7014	7.34612	-1.07153	
105.874	13.3557	25.7428	6.23527	3.35322	1.84409	-2.33442	-7.72378	4.82411	65.1443	7.06475	-1.63783	
106.886	13.8013	26.083	5.83156	1.68692	2.77814	-1.52406	-9.6653	4.67745	66.5232	6.722	-1.72931	
107.845	13.8411	26.5994	5.82547	-0.832587	3.59108	2.31943	-16.2095	2.51639	67.8339	6.39404	-1.49786	
108.919	13.2311	27.1725	7.2536	-4.77613	3.02718	13.2644	-21.4906	-10.9884	69.0863	6.15235	-0.808726	
110.521	11.8668	27.2471	11.1156	-7.40282	-1.73921	22.1452	3.23738	-35.4261	70.3097	6.13677	0.82892	
112.863	10.7284	26.0731	13.5856	-1.95866	-7.84568	-2.4342	44.1087	-14.2842	71.5671	6.49373	2.48082	
115.136	11.0844	24.3865	10.9372	5.21902	-6.41167	-17.5897	20.0592	21.4575	72.9148	6.95617	1.75928	
116.776	12.2584	23.4107	8.17395	6.38802	-2.1706	-9.30635	-3.69858	17.4184	74.3296	7.13433	0.0621922	
118.024	13.3446	23.1237	6.95178	5.11145	0.351417	-3.89511	-7.33592	8.73063	75.749	7.02318	-1.04801	
119.1	14.1411	23.2032	6.35054	3.68753	1.71046	-2.46763	-7.00261	5.64387	77.1285	6.75676	-1.53128	
120.073	14.6436	23.5141	5.93054	2.14552	2.80118	-1.58564	-9.02826	5.43644	78.4481	6.43669	-1.61835	
120.988	14.7665	24.0327	5.87826	-0.209167	3.79138	1.74714	-15.1855	3.69641	79.7038	6.12669	-1.44034	
121.99	14.2756	24.66	7.03258	-4.00839	3.63183	10.9493	-21.8044	-7.86776	80.903	5.88368	-0.900072	
123.435	12.9921	24.905	10.4047	-7.38644	-0.471455	20.8127	-4.64346	-33.7435	82.0693	5.82665	0.51908	
125.589	11.6659	23.9238	13.2221	-3.4633	-7.34211	1.53665	41.0094	-22.7592	83.2586	6.1295	2.3492	
127.792	11.7286	22.1672	11.1274	4.29649	-7.18777	-16.6277	25.9263	19.1534	84.5336	6.60508	1.96584	
129.406	12.8176	21.0152	8.31771	6.53837	-2.77393	-9.60015	-3.15953	20.874	85.8844	6.85951	0.445046	
130.62	13.9115	20.6365	7.15373	5.24637	0.0792005	-3.39088	-7.31027	9.08607	87.2534	6.78202	-1.02299	
131.678	14.7193	20.6476	6.62456	3.93441	1.41594	-2.31348	-5.8949	5.33788	88.5844	6.50956	-1.59092	
132.628	15.2809	20.9055	6.15589	2.66025	2.61736	-1.58588	-7.76382	5.43524	89.8559	6.19954	-1.6227	
133.515	15.5167	21.3794	5.99701	0.704861	3.70049	0.487645	-12.563	5.00485	91.0635	5.88125	-1.51688	
134.436	15.2343	22.0245	6.66879	-2.61574	4.17182	7.27694	-20.6527	-2.35251	92.2115	5.61237	-1.10508	
135.662	14.1655	22.5043	9.26066	-6.77017	1.54419	18.333	-15.5862	-26.7398	93.3176	5.48633	0.0200824	
137.542	12.6486	21.9445	12.6139	-5.74553	-5.68211	8.919	30.1334	-35.2896	94.4283	5.68851	2.01318	
139.693	12.1886	20.2151	11.6633	2.32211	-8.22889	-14.7413	36.2761	11.1446	95.6136	6.17463	2.35399	
141.352	13.0402	18.7834	8.82516	6.13524	-4.1329	-10.8107	4.15781	21.9336	96.8858	6.48963	0.694903	
142.572	14.1342	18.1717	7.41687	5.65821	-0.758543	-4.23487	-5.70167	11.8759	98.1869	6.47476	-0.711167	
143.603	15.0197	18.055	6.80552	4.47577	0.987428	-2.39137	-5.69874	6.63361	99.462	6.25449	-1.38548	
144.532	15.6668	18.2168	6.36807	3.33702	2.20353	-1.99584	-6.1129	6.01843	100.683	5.95294	-1.56801	
145.383	16.0507	18.6187	6.07616	1.78785	3.46735	-0.56931	-10.0951	6.43758	101.843	5.64584	-1.46859	
146.22	16.0122	19.2572	6.36852	-0.985584	4.49183	4.26451	-18.097	2.39133	102.944	5.37787	-1.17534	
147.243	15.2589	19.9334	8.13443	-5.25247	3.4547	13.9572	-22.0552	-16.0009	104	5.20309	-0.452809	
148.794	13.7561	19.9185	11.4694	-7.36878	-2.61634	15.1705	9.2355	-40.9705	105.041	5.2686	1.27231	
150.824	12.6745	18.5016	12.1902	-0.992157	-8.51059	-9.02639	43.813	-7.26354	106.133	5.68871	2.55206	
152.564	13.0848	16.7798	9.51122	5.28846	-5.97251	-12.8499	14.84	23.2304	107.316	6.10788	1.34583	
153.815	14.1367	15.8624	7.75231	5.97541	-1.87659	-5.27275	-3.56771	15.6397	108.553	6.20324	-0.292572	
154.838	15.1075	15.548	7.19219	5.26185	-0.259374	-0.842977	-3.68456	2.12531	109.782	6.06551	-0.988627	
155.767	15.9045	15.5057	6.68807	4.27778	1.31104	-2.1504	-5.04433	6.77241	110.971	5.81575	-1.41007	
156.608	16.4858	15.7415	6.31434	3.14294	2.64655	-1.47434	-6.77573	6.82968	112.105	5.52362	-1.46917	
157.393	16.7773	16.244	6.20491	1.32297	4.01588	0.796474	-12.0857	6.401	113.181	5.24063	-1.33657	
158.22	16.5705	16.9728	6.87232	-1.91611	4.77592	6.61161	-20.4268	-0.679589	114.204	5.00074	-1.01568	
159.321	15.5752	17.6043	9.09548	-6.30149	2.58048	15.4036	-19.2142	-24.4826	115.188	4.87321	-0.0976137	
160.974	13.983	17.2535	11.9655	-6.5721	-4.77366	8.06016	23.1377	-40.321	116.173	5.03787	1.82497	
162.863	13.2377	15.566	11.162	1.14598	-8.6189	-13.1792	39.6478	6.46035	117.226	5.51229	2.42804	
164.312	13.8918	14.0117	8.62818	5.77266	-4.75724	-9.44495	7.39094	23.0295	118.368	5.85146	0.820939	
165.376	14.9135	13.3053	7.44024	5.69644	-1.12087	-3.40515	-4.57055	12.9969	119.544	5.85647	-0.637189	
166.287	15.7758	13.1404	6.95194	4.68142	0.785966	-1.94243	-4.97792	7.19388	120.697	5.64801	-1.33562	
167.116	16.4288	13.2793	6.58658	3.70447	2.09818	-1.70198	-5.15959	6.49829	121.797	5.35631	-1.51652	
167.881	16.8563	13.6793	6.33679	2.38719	3.4898	-0.489227	-8.72602	7.32604	122.839	5.0604	-1.40948	
168.634	16.9143	14.3536	6.57565	-0.0900581	4.79501	3.47395	-16.6652	4.50625	123.824	4.80289	-1.1402	
169.538	16.3049	15.1535	7.9997	-4.27844	4.4178	11.2719	-23.7415	-11.4737	124.765	4.62438	-0.550362	
170.875	14.8524	15.4199	10.8133	-7.64712	-0.949461	13.8369	-1.42369	-41.2472	125.687	4.64887	0.989274	
172.653	13.4294	14.2714	11.8386	-3.5197	-7.90796	-5.36524	42.5179	-21.5179	126.65	5.03533	2.53484	
174.246	13.385	12.4514	9.5931	3.99598	-7.18815	-12.1832	23.7157	20.9136	127.706	5.48826	1.64483	
175.387	14.2847	11.313	7.88163	5.91994	-2.85517	-5.12087	-0.190153	18.2808	128.824	5.64336	-0.0304627	
176.304	15.2306	10.9027	7.22584	5.25857	-0.157551	-2.1693	-4.61744	9.62534	129.944	5.52298	-1.04407	
177.128	15.9933	10.8996	6.85108	4.34975	1.4031	-1.72817	-4.46346	6.83271	131.025	5.26762	-1.42616	
177.884	16.5616	11.1787	6.5445	3.34086	2.79945	-1.17238	-6.18512	7.39334	132.049	4.97741	-1.4308	
178.595	16.8629	11.7684	6.50594	1.52466	4.48612	1.81228	-13.242	6.687	133.019	4.73063	-1.14221	
179.38	16.6347	12.605	7.32601	-1.92152	5.15954	6.8966	-21.2754	-1.79553	133.943	4.51995	-0.911703	
180.445	15.587	13.2973	9.39995	-6.42232	2.59308	13.3191	-19.3362	-27.0985	134.833	4.41069	0.00198909	
181.976	13.9501	12.9139	11.5571	-6.49057	-5.21033	3.70887	25.1289	-40.8215	135.728	4.60135	1.9662	
183.615	13.2377	11.152	10.2874	1.60298	-8.60529	-12.8911	37.7004	12.042	136.704	5.15087	2.36546	
184.814	13.8953	9.68732	8.22908	5.67204	-4.37456	-6.63941	5.75055	22.0702	137.769	5.4392	0.510304	
185.732	14.8558	9.06119	7.41654	5.56237	-0.985311	-2.39793	-3.81755	12.0945	138.857	5.39654	-0.790279	
186.545	15.6789	8.94361	7.03668	4.72572	0.860641	-1.67397	-4.14247	7.41713	139.916	5.173	-1.34328	
187.292	16.3238	9.13713	6.7221	3.86466	2.28826	-1.37946	-4.89344	7.3371	140.922	4.88974	-1.43292	
187.99	16.7523	9.62253	6.5705	2.51884	3.85658	0.183614	-9.3065	8.11335	141.872	4.61577	-1.28108	
188.705	16.7885	10.4082	6.96692	-0.161405	5.2264	4.28174	-18.0598	4.13528	142.771	4.38549	-0.998013	
189.601	16.1066	11.2965	8.47876	-4.63054	4.51791	10.9962	-24.6933	-14.6994	143.632	4.23874	-0.361672	
190.906	14.5655	11.5267	10.884	-7.75314	-1.67166	9.6637	2.65106	-44.499	144.481	4.31193	1.27667	
192.502	13.2409	10.2271	10.9116	-2.10086	-8.63254	-9.34417	44.532	-11.9306	145.381	4.73724	2.6077	
193.793	13.4173	8.47136	8.68966	4.74407	-6.40952	-9.21717	18.0467	23.9407	146.376	5.16709	1.38372	
194.726	14.352	7.53726	7.5553	5.90295	-2.08944	-2.96944	-1.96643	16.7501	147.425	5.26777	-0.26845	
195.524	15.2514	7.28637	7.16855	5.1173	0.357605	-1.42209	-4.57538	8.89763	148.466	5.11315	-1.14951	
196.264	15.9633	7.41265	6.89825	4.22517	1.88457	-1.2886	-4.52863	7.14447	149.463	4.84793	-1.42539	
196.959	16.4755	7.82985	6.70572	3.11353	3.39483	-0.389717	-7.27834	8.05743	150.404	4.56581	-1.35536	
197.648	16.6741	8.55408	6.88549	0.986136	4.96212	2.6325	-14.7967	6.6566	151.292	4.31751	-1.10451	
198.453	16.2702	9.4946	7.95919	-2.9904	5.30759	8.50033	-24.4497	-6.16999	152.136	4.13896	-0.611661	
199.589	14.9627	10.098	10.1536	-7.46949	1.05111	11.4998	-12.8129	-38.1422	152.958	4.12799	0.696868	
201.094	13.3447	9.30282	11.1134	-4.86088	-7.32559	-4.55366	38.7126	-30.4771	153.811	4.46272	2.48981	
202.444	13.0301	7.49069	9.13276	3.22435	-7.81555	-10.6763	29.4518	19.7242	154.755	4.95095	1.93634	
203.405	13.8427	6.28939	7.71764	5.92249	-3.22932	-3.78306	1.67452	20.3694	155.771	5.15714	0.164643	
204.198	14.7858	5.89014	7.27408	5.42625	-0.209935	-1.36955	-4.37899	10.7211	156.797	5.06449	-0.950054	
204.933	15.5589	5.94457	7.02692	4.54207	1.50726	-1.19401	-4.36387	7.41877	157.787	4.82315	-1.37176	
205.626	16.1412	6.30556	6.82384	3.55627	3.01489	-0.64613	-6.08446	7.97056	158.724	4.54318	-1.37784	
206.303	16.4575	6.97621	6.88698	1.79755	4.65767	1.66061	-12.3569	7.84706	159.606	4.28642	-1.16446	
207.057	16.2621	7.92094	7.67074	-1.67958	5.59749	6.61397	-22.5987	-0.830516	160.442	4.08917	-0.76073	
208.083	15.1824	8.75236	9.66269	-6.81023	2.91935	11.6469	-20.2377	-32.0159	161.251	4.05153	0.519182	
209.5	13.4704	8.39344	11.073	-6.51616	-5.52856	-0.709899	27.8942	-40.4611	162.083	4.3145	2.11595	
210.879	12.7421	6.69072	9.50825	1.45397	-8.53193	-10.9675	37.3437	11.1524	162.993	4.78736	2.16392	
211.875	13.3656	5.28168	7.88761	5.66415	-4.3358	-4.72465	6.65496	22.5566	163.983	5.06199	0.525234	
212.669	14.3225	4.72671	7.35416	5.65979	-0.816521	-1.44053	-3.62768	12.7681	164.997	5.0274	-0.737322	
213.4	15.1503	4.70637	7.11994	4.82117	1.15612	-1.08053	-4.31179	8.0254	165.983	4.81491	-1.28704	
214.094	15.7927	5.02034	6.92512	3.8936	2.70504	-0.726203	-5.42602	7.93434	166.919	4.54315	-1.37308	
214.768	16.1962	5.64698	6.92732	2.37339	4.3705	1.07819	-10.6101	8.36877	167.8	4.28244	-1.20474	
215.496	16.1544	6.57635	7.51966	-0.685978	5.64245	5.27022	-20.5235	2.44795	168.635	4.07231	-0.860139	
216.416	15.3626	7.58365	9.02156	-5.28843	4.48685	10.4738	-25.2309	-20.8838	169.441	4.00729	0.0191235	
217.709	13.7269	7.72511	10.8121	-7.67989	-2.78422	4.24847	9.91091	-46.031	170.251	4.14884	1.5466	
219.116	12.5328	6.30883	10.0006	-1.10727	-8.80144	-10.2872	43.7961	-4.21101	171.122	4.58839	2.44951	
220.18	12.8409	4.67546	8.14456	5.05379	-5.77032	-6.28736	14.6471	24.1965	172.082	4.96254	1.07543	
220.989	13.7866	3.90276	7.443	5.87901	-1.62901	-1.66217	-2.30819	15.7142	173.085	5.01599	-0.422197	
221.723	14.6738	3.77684	7.21355	5.10764	0.717788	-0.955419	-4.38558	8.91863	174.073	4.84481	-1.1725	
222.424	15.3779	4.02577	7.02849	4.21045	2.32243	-0.811528	-4.87398	7.8019	175.017	4.58328	-1.37294	
223.101	15.8665	4.5874	6.96633	2.92586	3.96897	0.473254	-8.7574	8.58688	175.906	4.31635	-1.25945	
223.794	16.0293	5.45069	7.2293	0.795568	5.41835	3.52622	-16.8351	6.55875	176.746	4.09554	-0.932475	
224.631	15.5353	6.49593	8.45916	-3.65143	5.38205	8.82327	-26.3834	-10.3978	177.55	3.95922	-0.352902	
225.799	14.0928	7.03715	10.3827	-7.86708	-0.074173	7.83514	-6.77258	-43.7403	178.342	4.01427	1.08915	
227.203	12.5557	6.034	10.3996	-3.71154	-8.15514	-8.01334	43.2473	-21.6556	179.18	4.40947	2.58517	
228.344	12.4659	4.27435	8.45953	3.98343	-7.12566	-7.96476	24.1687	22.8484	180.111	4.86562	1.61021	
229.181	13.3425	3.26658	7.53658	5.9589	-2.56586	-2.10529	0.0766922	18.7987	181.104	5.01002	-0.0807367	
229.922	14.2753	3.01406	7.28834	5.36222	0.218919	-0.869188	-4.29751	10.1451	182.097	4.885	-1.03676	
230.63	15.0354	3.1896	7.11512	4.48893	1.92856	-0.840183	-4.50692	7.8114	183.05	4.63741	-1.3567	
231.313	15.5968	3.68303	7.01044	3.38348	3.55149	0.034049	-7.2481	8.5706	183.95	4.36692	-1.30352	
232.009	15.8442	4.50284	7.25842	1.24077	5.22075	2.82402	-15.0717	7.14006	184.799	4.12935	-1.04519	
232.828	15.4762	5.55399	8.29189	-2.87082	5.61381	7.71555	-25.5716	-6.39007	185.606	3.96523	-0.523546	
233.941	14.1644	6.25246	10.1173	-7.59046	1.13858	8.48897	-13.5878	-40.0099	186.396	3.97577	0.820267	
235.318	12.5219	5.49382	10.4655	-4.91568	-7.46092	-6.40114	39.688	-30.0484	187.221	4.33089	2.53932	
236.483	12.21	3.72725	8.58519	3.24932	-7.72774	-8.54433	29.3511	20.6151	188.138	4.81425	1.86014	
237.33	13.0284	2.60522	7.57325	5.94564	-3.07544	-2.2742	1.83688	20.4119	189.126	5.00572	0.109676	
238.068	14.0032	2.30158	7.3239	5.5718	0.115789	-0.323818	-5.55023	11.361	190.123	4.93465	-0.883012	
238.788	14.7876	2.47608	7.22437	4.52218	1.85618	-0.681157	-4.8541	7.29257	191.088	4.69413	-1.40623	
239.488	15.3689	2.97942	7.13694	3.42212	3.50422	0.147241	-7.42231	7.72609	192	4.42912	-1.36875	
240.203	15.6345	3.78488	7.34024	1.40763	5.04284	2.27555	-13.7343	7.03982	192.859	4.16843	-1.19155	
241.02	15.3316	4.82447	8.22295	-2.42601	5.65006	6.8812	-24.6895	-4.00469	193.672	3.9747	-0.666316	
242.105	14.1036	5.60061	9.95051	-7.36694	1.78202	8.61443	-17.228	-37.4874	194.461	3.95774	0.689263	
243.459	12.4168	4.98537	10.4473	-5.55453	-7.01122	-5.52369	37.1795	-34.4876	195.28	4.29635	2.53982	
244.629	11.9808	3.22971	8.62413	2.80753	-8.02818	-8.69617	32.2302	19.107	196.191	4.7978	2.00483	
245.48	12.7637	2.05058	7.58936	5.92389	-3.35118	-2.27825	2.91521	21.2787	197.179	5.01569	0.214034	
246.226	13.7299	1.70508	7.35529	5.56359	-0.16402	-0.675252	-4.08124	11.4518	198.177	4.93207	-0.906987	
246.947	14.5394	1.84202	7.21694	4.7028	1.68547	-0.721412	-4.39031	8.04119	199.142	4.69952	-1.32578	
247.647	15.1565	2.30911	7.11436	3.68011	3.31512	-0.08885	-6.46824	8.55553	200.055	4.42955	-1.32263	
248.355	15.4906	3.106	7.29892	1.77702	5.04481	2.28061	-13.4976	7.99396	200.915	4.18566	-1.08773	
249.164	15.2671	4.17507	8.17035	-2.02321	5.84643	6.67475	-24.5333	-2.79243	201.733	4.00882	-0.62246	
250.228	14.1211	5.07906	9.80538	-7.06435	2.95444	9.05801	-20.4771	-35.3524	202.53	4.01562	0.776414	
251.57	12.3911	4.72851	10.5288	-6.44167	-5.83982	-3.70727	30.2103	-39.3975	203.358	4.31524	2.18883	
252.783	11.7113	3.06044	8.87981	1.63783	-8.38805	-9.11052	36.3847	12.8996	204.268	4.77678	2.01443	
253.671	12.364	1.74886	7.69151	5.69461	-4.10488	-2.93078	6.42631	22.2606	205.254	5.02177	0.407876	
254.429	13.3385	1.28697	7.39301	5.71219	-0.623889	-0.745218	-3.37493	12.8092	206.257	4.97304	-0.765826	
255.158	14.1915	1.35992	7.25842	4.90604	1.40401	-0.674328	-4.30028	8.49355	207.232	4.76088	-1.26084	
255.867	14.8582	1.78333	7.15331	3.93027	3.0654	-0.197402	-5.97435	8.52741	208.158	4.49765	-1.31691	
256.579	15.2627	2.53911	7.28276	2.21175	4.81375	1.80702	-12.1108	8.43323	209.032	4.25036	-1.12586	
257.374	15.1622	3.592	8.01507	-1.25469	5.90671	5.8011	-22.9342	0.118682	209.862	4.06047	-0.724762	
258.398	14.1767	4.55776	9.56253	-6.39627	3.40235	8.64133	-23.5126	-28.9975	210.665	4.0003	0.285984	
259.709	12.4637	4.37496	10.4823	-7.03843	-5.08173	-2.17985	24.5222	-44.0764	211.483	4.24264	2.15214	
260.933	11.63	2.74653	8.93126	1.0238	-8.71352	-9.49501	40.1561	10.1164	212.38	4.73893	2.30747	
261.827	12.2307	1.36224	7.68182	5.66766	-4.42682	-2.98176	7.83374	23.5943	213.364	5.03494	0.593037	
262.587	13.2164	0.865865	7.40288	5.77469	-0.738138	-0.589904	-3.45023	13.4007	214.372	5.00913	-0.708738	
263.323	14.0822	0.929469	7.29243	4.94554	1.33904	-0.602095	-4.35447	8.49361	215.355	4.80152	-1.26353	
264.043	14.7603	1.34519	7.19065	3.98861	2.98294	-0.236109	-5.71784	8.41897	216.289	4.5352	-1.3403	
264.764	15.1862	2.09041	7.3012	2.35324	4.73135	1.65646	-11.5572	8.61006	217.17	4.28301	-1.14951	
265.561	15.1277	3.14162	7.99183	-0.995313	5.92723	5.53836	-22.4147	1.06651	218.006	4.08848	-0.750778	
266.578	14.1993	4.14504	9.49058	-6.149	3.72338	8.52302	-24.6061	-27.1009	218.814	4.0197	0.217382	
267.88	12.4934	4.05874	10.4606	-7.29438	-4.61307	-1.62292	21.4453	-45.536	219.634	4.24439	2.06975	
269.112	11.5753	2.47596	8.96939	0.589639	-8.80048	-9.57356	41.564	7.71824	220.531	4.73717	2.35775	
270.012	12.1265	1.05403	7.68805	5.57534	-4.66554	-3.08166	9.1043	23.9727	221.515	5.04835	0.671918	
270.776	13.1129	0.525533	7.40808	5.81268	-0.870187	-0.535245	-3.23503	13.8666	222.528	5.03484	-0.665914	
271.517	13.9907	0.57504	7.30999	4.99775	1.2654	-0.547089	-4.3397	8.63222	223.517	4.83265	-1.24981	
272.244	14.6822	0.982958	7.2147	4.05283	2.91855	-0.231795	-5.58226	8.40779	224.457	4.56717	-1.34394	
272.972	15.1272	1.72089	7.31789	2.46767	4.67015	1.5713	-11.1841	8.70855	225.344	4.31322	-1.16254	
273.772	15.1021	2.77047	7.97913	-0.789841	5.93351	5.3291	-21.9502	1.74516	226.186	4.11516	-0.775114	
274.785	14.2208	3.80127	9.43532	-5.93202	3.96662	8.39515	-25.3475	-25.5003	226.998	4.03828	0.154773	
276.08	12.5257	3.79297	10.4404	-7.47766	-4.21418	-1.17757	18.7969	-46.5146	227.82	4.24706	1.994	
277.318	11.5396	2.25233	8.9998	0.220976	-8.85373	-9.6336	42.6126	5.59912	228.717	4.73564	2.39606	
278.224	12.0475	0.800503	7.69112	5.49022	-4.86469	-3.16984	10.2096	24.2523	229.703	5.05937	0.73891	
278.991	13.0334	0.244916	7.41026	5.84233	-0.981024	-0.48649	-3.0432	14.2658	230.719	5.05635	-0.62921	
279.736	13.9209	0.282638	7.32322	5.03968	1.20507	-0.497633	-4.33186	8.75373	231.712	4.85881	-1.2381	
280.468	14.6231	0.684257	7.23404	4.10324	2.86645	-0.22438	-5.47951	8.39752	232.658	4.59404	-1.34711	
281.202	15.0831	1.41626	7.33213	2.55752	4.61949	1.50748	-10.8861	8.77777	233.551	4.33858	-1.1736	
282.005	15.0843	2.46406	7.9709	-0.626012	5.93407	5.16746	-21.5631	2.26999	234.397	4.13759	-0.7948	
283.016	14.2413	3.51568	9.39338	-5.7511	4.15434	8.28562	-25.8719	-24.2065	235.213	4.0543	0.105433	
284.306	12.5575	3.56982	10.4234	-7.60964	-3.88453	-0.83375	16.6141	-47.1652	236.037	4.25027	1.93069	
285.548	11.5173	2.06629	9.0235	-0.0845223	-8.88333	-9.67865	43.3726	3.79694	236.934	4.73475	2.4239	
286.46	11.9883	0.591249	7.69224	5.41384	-5.02755	-3.24466	11.1451	24.447	237.92	5.06839	0.793444	
287.228	12.9729	0.0132378	7.41062	5.8648	-1.07314	-0.444804	-2.87266	14.5982	238.939	5.074	-0.598824	
34.6627	1.5982	36.149	2.91504	24.9795	-1.30275	277.795	54.4636	-260.215	0.156112	2.68269	25.6988	
37.6143	4.82932	33.8738	18.8278	5.96848	-13.6338	-22.9531	-54.6824	38.1248	1.14955	6.90698	15.0542	
40.9605	5.6114	31.7738	14.3686	4.389	-7.36979	-23.8426	12.7052	27.5349	2.7617	8.81298	3.56882	
43.3404	6.74092	30.8289	10.2052	5.89462	-2.69178	-12.3249	-2.78205	14.0621	4.55652	9.00476	-0.582948	
45.1791	7.84411	30.4913	8.4994	5.14575	-0.860202	-6.22767	-3.56833	6.0078	6.33664	8.76398	-1.60099	
46.7508	8.80628	30.4149	7.37542	4.52906	0.161335	-5.44811	-2.92158	4.91449	8.05529	8.4178	-1.77642	
48.0994	9.6398	30.5418	6.25431	3.76018	1.27419	-5.67609	-5.45994	6.35992	9.70402	8.07627	-1.60325	
49.2256	10.2385	30.9175	5.24886	2.04641	2.63358	-3.73846	-12.3198	6.6676	11.289	7.78422	-1.31273	
50.2184	10.3357	31.5367	5.12809	-1.29893	3.53458	3.66518	-20.852	0.871191	12.8216	7.55216	-0.997648	
51.3804	9.62567	32.1481	7.19807	-5.71466	2.21783	17.8213	-19.9993	-15.9855	14.3151	7.40305	-0.402052	
53.2334	8.23148	32.1062	11.814	-7.05469	-2.97309	23.932	12.7084	-32.2643	15.7954	7.44622	0.96041	
55.9039	7.35625	30.9348	14.2462	-0.592959	-7.56254	-3.42026	42.8695	-6.27188	17.3141	7.78062	2.14783	
58.4831	7.96879	29.5081	11.4189	5.83617	-5.51436	-18.8175	16.4853	20.3949	18.9116	8.16921	1.44908	
60.385	9.27218	28.7813	8.29622	6.57374	-1.62256	-11.3765	-4.99413	15.9742	20.5646	8.31108	-0.0047599	
61.8196	10.4328	28.6861	6.71375	5.02811	0.742377	-5.30643	-8.94696	8.4246	22.219	8.1994	-1.00993	
63.0479	11.2873	28.8946	5.9953	3.50383	1.84338	-3.5087	-9.06294	5.90441	23.8354	7.95023	-1.43021	
64.1364	11.7737	29.3334	5.48418	1.41081	2.88715	-1.37479	-12.3994	4.48063	25.3956	7.64926	-1.53414	
65.1784	11.7513	29.9374	5.67649	-1.6686	3.42856	4.24826	-18.6459	-0.183002	26.8953	7.35506	-1.35208	
66.4139	10.997	30.4906	7.69036	-5.7159	2.04272	16.9502	-18.9042	-16.0919	28.3428	7.14342	-0.633045	
68.3073	9.60948	30.3744	12.0621	-6.86238	-3.31451	22.0586	14.3062	-33.6006	29.7685	7.17036	1.04175	
70.9351	8.80056	29.0983	13.9111	-0.062521	-7.8633	-6.63567	43.2298	-4.06733	31.2351	7.53881	2.32609	
73.3638	9.48439	27.634	10.8072	6.01711	-5.3563	-18.1615	13.7287	21.6951	32.7864	7.94129	1.40468	
75.1269	10.7671	26.9209	7.99244	6.38098	-1.44257	-9.60796	-5.75075	15.3461	34.392	8.06188	-0.142085	
76.4864	11.8716	26.821	6.68858	4.8432	0.787861	-4.32933	-8.35704	7.87244	35.9938	7.92427	-1.12306	
77.6573	12.6441	27.0494	6.02297	3.16856	2.04035	-2.61802	-8.62653	5.26653	37.5525	7.64922	-1.55207	
78.72	13.0584	27.4905	5.6411	1.19134	3.01248	-0.920417	-11.7981	4.39874	39.0503	7.32731	-1.61672	
79.7552	12.9853	28.0916	5.90827	-1.80578	3.56822	4.59922	-18.4977	-0.10477	40.4844	7.02252	-1.37231	
80.9977	12.1872	28.6389	7.99257	-5.85626	2.09801	17.1903	-18.8033	-17.3039	41.8655	6.81542	-0.559734	
82.8984	10.7709	28.4685	12.2363	-6.77684	-3.62162	20.0246	16.5879	-35.1552	43.2279	6.86922	1.22614	
85.4534	10.0048	27.0968	13.5009	0.327245	-8.0687	-9.15207	42.7664	-1.80544	44.6377	7.26849	2.39877	
87.7804	10.6117	25.5587	10.6714	5.66463	-5.62948	-16.9695	14.5023	21.3744	46.1358	7.67145	1.32779	
89.4845	11.8268	24.7588	8.0802	6.2382	-1.75209	-8.75967	-4.53807	15.2969	47.6857	7.77571	-0.21356	
90.8178	12.9088	24.5706	6.88266	4.94433	0.489183	-4.06217	-7.14487	8.01365	49.2292	7.62787	-1.15393	
91.9736	13.7066	24.7164	6.23443	3.52205	1.78779	-2.69436	-7.26428	5.61007	50.7282	7.35017	-1.54995	
93.0174	14.2004	25.0897	5.7951	1.8591	2.87456	-1.49105	-9.97628	5.30659	52.1664	7.03051	-1.60165	
94.0076	14.2782	25.6626	5.83228	-0.735492	3.75833	2.64691	-16.5032	2.58584	53.5413	6.72558	-1.40561	
95.1223	13.6959	26.2964	7.29291	-4.68474	3.18496	13.0882	-21.3144	-10.9771	54.8612	6.49407	-0.807029	
96.7562	12.3585	26.4343	11.032	-7.35736	-1.52825	21.322	2.21403	-35.1003	56.1522	6.46672	0.711343	
99.1053	11.2074	25.326	13.4495	-2.21203	-7.72355	-1.994	42.9313	-15.603	57.4728	6.79484	2.3371	
101.397	11.5121	23.6604	10.931	4.96108	-6.55042	-17.0226	20.9004	20.6146	58.8783	7.23597	1.69218	
103.077	12.6607	22.6707	8.23426	6.31214	-2.37081	-9.15739	-2.91839	17.4662	60.3481	7.40615	0.0416441	
104.372	13.7529	22.3682	7.02557	5.15503	0.177076	-3.87793	-6.87189	8.87519	61.8216	7.29272	-1.05319	
105.471	14.596	22.4752	6.3314	3.78188	1.84552	-1.60351	-8.60527	5.58206	63.2601	7.07305	-1.42088	
106.487	15.1055	22.8233	6.06926	2.09994	2.79671	-1.02146	-8.81402	4.42306	64.6434	6.75093	-1.72301	
107.464	15.243	23.3446	6.03524	-0.0525203	3.64121	1.26758	-13.5499	3.56141	65.959	6.4093	-1.63536	
108.508	14.8243	23.9756	6.96485	-3.54761	3.68769	9.28407	-21.029	-5.53067	67.2106	6.1244	-1.11901	
109.935	13.6261	24.3111	10.0528	-7.23039	0.165844	20.3505	-8.86554	-31.473	68.4206	6.02229	0.29463	
112.063	12.2388	23.479	13.1284	-4.21607	-6.92971	3.92615	38.6257	-27.1642	69.6452	6.29186	2.28046	
114.311	12.16	21.7356	11.3103	3.77845	-7.54214	-16.5201	29.0242	17.4043	70.9528	6.77573	2.08154	
115.987	13.1835	20.5198	8.5015	6.2783	-3.22858	-9.87526	0.029712	19.8688	72.3384	7.02014	0.344224	
117.252	14.2805	20.0684	7.2231	5.40111	-0.289871	-3.92486	-6.32787	10.1547	73.7395	6.94958	-0.915763	
118.341	15.1357	20.0422	6.63277	4.16339	1.23677	-2.40823	-5.89985	6.04895	75.1063	6.7	-1.4846	
119.327	15.7428	20.2674	6.19351	2.94088	2.38838	-1.93896	-6.82503	5.8339	76.4151	6.38468	-1.61341	
120.236	16.0583	20.7221	5.95462	1.17412	3.58833	-0.00329127	-11.5552	5.81466	77.6602	6.07141	-1.48675	
121.156	15.8954	21.3834	6.47059	-1.92609	4.33106	6.07304	-19.6134	-0.127336	78.8465	5.80361	-1.14522	
122.333	14.9721	21.9755	8.7412	-6.16514	2.45177	16.8006	-18.8534	-21.7249	79.9888	5.64899	-0.254228	
124.126	13.4507	21.6856	12.24	-6.61871	-4.32046	12.6169	20.9888	-38.7902	81.1249	5.77426	1.6056	
126.309	12.7113	20.0946	12.0695	0.886106	-8.46654	-12.789	40.5644	3.24724	82.3217	6.22084	2.4117	
128.073	13.3918	18.5337	9.17201	5.82415	-4.9765	-12.1971	8.55901	22.7337	83.6066	6.57653	0.956441	
129.356	14.4841	17.7934	7.55176	5.80435	-1.2796	-4.83199	-4.94295	13.4462	84.9298	6.6055	-0.548728	
130.422	15.4083	17.6065	6.88679	4.67321	0.668949	-2.44243	-5.62802	7.12485	86.2335	6.4066	-1.32734	
131.381	16.1	17.7196	6.44799	3.58364	1.91415	-2.02693	-5.58445	5.92438	87.4859	6.1095	-1.5761	
132.259	16.5508	18.0719	6.11703	2.2298	3.162	-1.0092	-8.61548	6.54382	88.6762	5.79633	-1.51871	
133.103	16.6374	18.6706	6.2313	-0.149943	4.35117	2.80817	-15.7883	4.32106	89.8063	5.51379	-1.27868	
134.058	16.1163	19.4053	7.35205	-3.74589	4.32472	10.7154	-22.768	-7.63583	90.8864	5.30594	-0.737445	
135.419	14.8066	19.7619	10.408	-7.42881	0.0531553	17.7187	-6.76303	-35.7986	91.9398	5.27198	0.58289	
137.373	13.3808	18.8149	12.5263	-3.8975	-7.369	-1.12193	39.8302	-25.3286	93.019	5.5792	2.33453	
139.283	13.3011	17.0076	10.3908	3.83261	-7.4528	-14.6907	26.5377	19.0694	94.1831	6.04424	1.87859	
140.668	14.247	15.7974	8.12917	6.06253	-3.10049	-7.29282	-0.0549821	19.2428	95.418	6.24655	0.161243	
141.74	15.2538	15.3395	7.20483	5.29987	-0.270094	-2.87077	-5.41129	9.85644	96.6615	6.15019	-0.991437	
142.683	16.0501	15.2972	6.74494	4.24916	1.25609	-2.01624	-5.00681	6.31957	97.8675	5.89466	-1.4731	
143.542	16.632	15.5177	6.37089	3.18666	2.50733	-1.61866	-6.13187	6.53409	99.0159	5.58828	-1.53979	
144.341	16.9486	15.9948	6.20379	1.53108	3.87435	0.369306	-11.1517	6.73976	100.104	5.29359	-1.38069	
145.164	16.8022	16.7134	6.75901	-1.53254	4.80163	5.91815	-19.7373	0.749394	101.136	5.04678	-1.04906	
146.233	15.8876	17.3942	8.83815	-5.9452	3.04621	14.8699	-20.7802	-21.6457	102.129	4.90697	-0.2052	
147.843	14.3027	17.1853	11.8132	-6.96584	-4.00484	9.90276	18.1809	-41.7825	103.117	5.03983	1.64927	
149.749	13.4147	15.58	11.3735	0.376229	-8.69291	-12.3858	41.5971	1.96366	104.168	5.4987	2.47615	
151.245	13.9729	13.959	8.78626	5.58553	-5.19624	-10.1736	9.78461	23.3877	105.31	5.86208	0.968624	
152.334	14.9895	13.1829	7.4945	5.75997	-1.38931	-3.67344	-4.15734	13.8488	106.49	5.89145	-0.548157	
153.256	15.8686	12.9801	6.98384	4.76938	0.627461	-1.95697	-4.97577	7.45904	107.651	5.69464	-1.30401	
154.095	16.5401	13.0928	6.61824	3.80721	1.95434	-1.7203	-4.95881	6.4343	108.762	5.40542	-1.52004	
154.867	16.9946	13.4657	6.35008	2.57202	3.33046	-0.684038	-8.07836	7.31515	109.813	5.10664	-1.4328	
155.62	17.1052	14.1149	6.51576	0.273229	4.69383	2.90192	-15.5757	5.2664	110.807	4.8428	-1.18238	
156.501	16.5874	14.9253	7.77921	-3.73667	4.65677	10.3134	-23.533	-8.60221	111.754	4.65067	-0.658603	
157.782	15.2149	15.3117	10.51	-7.54832	-0.023509	14.606	-6.71969	-38.7592	112.679	4.63969	0.746958	
159.537	13.7398	14.3033	11.8457	-3.77744	-7.75521	-4.46804	41.2349	-24.2137	113.635	4.98357	2.48407	
161.14	13.6495	12.4697	9.61108	3.91553	-7.37193	-12.6687	25.2183	20.9506	114.682	5.45506	1.80227	
162.279	14.5486	11.3062	7.83635	5.96932	-2.90634	-5.19345	-0.243392	18.9757	115.797	5.63519	0.0497103	
163.189	15.4969	10.8953	7.19232	5.25917	-0.134502	-2.04814	-4.89562	9.71697	116.916	5.52299	-1.03449	
164.009	16.252	10.8966	6.83938	4.31262	1.41507	-1.6456	-4.54971	6.68529	117.996	5.26591	-1.44789	
164.765	16.8093	11.1749	6.54203	3.30709	2.77942	-1.16186	-6.07277	7.25238	119.02	4.97022	-1.46089	
165.481	17.1023	11.736	6.49458	1.59502	4.28646	1.10897	-11.8242	7.28273	119.986	4.69525	-1.26523	
166.252	16.9058	12.5544	7.20518	-1.68643	5.2035	6.60288	-21.1685	-0.208139	120.901	4.47468	-0.89857	
167.292	15.8933	13.2868	9.28649	-6.31402	2.93133	13.6812	-20.6868	-25.956	121.783	4.37325	0.0443289	
168.813	14.2383	12.981	11.5765	-6.75761	-4.84828	4.57104	23.2187	-42.1484	122.67	4.56659	1.95339	
170.455	13.4302	11.2851	10.4172	1.0317	-8.72149	-12.6052	39.765	7.50355	123.631	5.05341	2.41191	
171.672	14.0296	9.753	8.24929	5.66241	-4.71463	-7.30094	7.56953	23.2657	124.68	5.38032	0.742687	
172.584	15.0036	9.08503	7.37798	5.66469	-1.06584	-2.39356	-4.05884	13.0497	125.76	5.37337	-0.67237	
173.388	15.8364	8.96313	7.02076	4.74745	0.877921	-1.51871	-4.54866	7.52444	126.816	5.16315	-1.31963	
174.132	16.4761	9.15824	6.73073	3.83411	2.2846	-1.3084	-4.98087	7.09672	127.821	4.87892	-1.45971	
174.83	16.8962	9.63703	6.57897	2.50857	3.80627	0.110706	-9.0344	7.957	128.768	4.59753	-1.32304	
175.542	16.9339	10.4111	6.95061	-0.101128	5.18396	4.12898	-17.6972	4.40718	129.662	4.35961	-1.03	
176.429	16.2661	11.299	8.43831	-4.53232	4.57886	10.9475	-24.7916	-13.9793	130.517	4.2077	-0.383836	
177.725	14.7326	11.5541	10.8684	-7.77594	-1.49322	9.98602	1.58261	-44.3863	131.36	4.27612	1.25215	
179.323	13.3815	10.2791	10.9581	-2.27161	-8.59578	-9.23205	44.5519	-13.0817	132.253	4.69947	2.62032	
180.618	13.5293	8.51257	8.71314	4.67658	-6.50021	-9.4236	18.6441	23.8795	133.241	5.13515	1.41941	
181.549	14.4563	7.56142	7.5519	5.9039	-2.15003	-3.02722	-1.84103	16.9522	134.284	5.24164	-0.247919	
182.342	15.3542	7.30067	7.16179	5.12551	0.324367	-1.41589	-4.58203	8.96737	135.32	5.08956	-1.14342	
183.077	16.0648	7.42021	6.89307	4.2335	1.85586	-1.28456	-4.50766	7.13262	136.312	4.82466	-1.42743	
183.767	16.5767	7.83051	6.69916	3.13371	3.36195	-0.409889	-7.17491	8.0424	137.249	4.54169	-1.36131	
184.451	16.779	8.5477	6.87148	1.03684	4.93539	2.57699	-14.5993	6.76018	138.131	4.29199	-1.11256	
185.248	16.3864	9.4861	7.93104	-2.90054	5.33153	8.42436	-24.3181	-5.72243	138.97	4.11127	-0.627175	
186.374	15.0923	10.105	10.1243	-7.42137	1.19759	11.633	-13.5311	-37.5554	139.786	4.09525	0.661156	
187.874	13.4613	9.34052	11.1415	-5.00699	-7.21149	-4.26181	38.0461	-31.4973	140.632	4.42348	2.47435	
189.228	13.1136	7.5284	9.16685	3.11418	-7.89186	-10.8524	30.1378	19.2891	141.568	4.91436	1.97043	
190.188	13.9136	6.30879	7.71975	5.91458	-3.30373	-3.87764	1.93185	20.5934	142.578	5.12746	0.193644	
190.976	14.8554	5.89803	7.26866	5.43791	-0.246659	-1.37048	-4.37463	10.8436	143.598	5.03887	-0.937702	
191.706	15.6281	5.94606	7.02304	4.55169	1.48277	-1.18556	-4.36854	7.43141	144.583	4.79884	-1.36995	
192.394	16.2101	6.30147	6.82001	3.57076	2.98832	-0.656722	-6.0239	7.95058	145.515	4.51861	-1.38151	
