189.376
184.91
178.316
165.443
176.997
190.121
211.02
239.738
265.409
299.118
286.557
226.584
216.7
213.111
203.009
194.345
189.279
183.397
182.942
172.765
181.333
194.429
212.033
225.558
273.093
292.317
290.943
221.309
217.17
213.253
201.729
192.945
187.898
186.443
184.943
174.723
190.777
199.687
200.425
212.439
255.903
261.183
250.479
222.132
217.863
214.075
201.041
192.811
188.755
187.266
188.066
187.749
198.54
206.039
204.256
211.135
222.351
240.684
253.006
221.043
218.82
215.48
202.318
193.198
190.099
186.488
188.321
191.848
211.089
213.234
207.363
212.982
219.282
232.164
236.866
220.549
219.82
218.199
205.085
196.896
197.288
190.443
188.112
180.114
216.567
217.792
211.926
211.4
220.48
225.35
226.055
219.359
221.003
218.864
209.867
202.387
201.201
190.762
194.025
194.914
215.897
221.001
213.408
210.765
225.481
222.452
225.297
217.776
221.563
220.345
212.253
206.593
191.818
187.24
181.649
174.131
184.223
202.043
216.574
224.956
259.122
267.966
254.211
220.861
220.063
215.818
205.411
197.28
191.628
187.013
183.068
177.65
184.154
206.544
218.017
225.714
240.696
247.271
244.091
221.027
220.582
216.566
204.149
195.932
190.09
182.37
185.43
171.679
190.283
208.461
211.41
218.081
222.185
236.912
239.426
222.271
221.419
218.494
204.755
195.362
192.55
189.796
186.773
193.928
209.378
211.285
211.305
212.643
216.19
222.836
235.472
222.45
222.311
219.875
206.448
197.881
198.949
195.505
191.354
199.382
219.487
219.81
216.838
212.85
215.121
217.709
226.639
223.094
223.557
221.808
212.005
203.217
205.251
195.165
192.627
199.32
223.589
223.584
221.036
217.239
216.966
217.969
223.244
221.772
224.382
224.69
217.326
211.713
210.466
194.203
198.952
203.774
225.725
226.387
222.803
218.281
216.772
219.659
222.435
221.031
224.457
225.757
223.11
216.809
189.82
185.375
174.87
175.338
187.54
208.781
221.998
231.972
239.803
237.372
228.149
222.179
222.975
217.374
205.255
197.141
190.936
186.374
174.99
178.283
186.559
211.132
220.698
229.444
233.212
231.596
226.342
223.187
223.599
219.035
205.881
196.993
193.385
186.98
175.612
183.982
203.868
214.385
220.434
223.272
226.49
227.717
226.191
224.088
224.836
221.774
207.893
198.533
198.647
190.851
180.223
197.031
206.401
220.126
220.291
220.337
220.779
222.196
225.9
224.689
225.794
223.869
213.675
203.763
206.621
197.692
200.596
206.856
224.619
224.831
222.927
221.29
221.743
221.638
223.843
224.854
226.852
227.305
220.091
212.627
214.734
205.854
202.613
197.562
228.046
228.315
227.137
224.824
222.853
223.263
223.122
224.493
227.09
229.732
227.355
224.496
217.436
203.817
209.442
202.354
227.871
229.532
228.497
225.492
224.28
223.839
224.544
224.674
227.035
230.669
230.91
227.696
188.774
182.611
174.769
173.853
185.515
208.894
222.915
227.102
228.004
225.176
223.945
224.542
224.566
217.626
204.468
194.603
191.896
185.727
173.326
173.585
190.875
212.43
223.157
225.541
226.39
225.344
223.937
225.03
225.86
219.86
206.371
196.826
196.523
189.922
179.348
186.639
201.578
217.587
223.341
224.594
224.249
224.706
225.276
225.524
227.39
223.357
210.703
201.376
204.178
198.793
192.728
193.3
220.422
224.021
224.516
224.938
224.741
225.117
225.495
226.048
228.682
227.634
219.039
208.186
212.847
201.584
200.114
211.813
226.573
228.915
227.777
226.596
226.726
226.59
226.222
226.898
229.252
230.866
227.962
221.05
225.815
217.698
208.068
202.425
229.612
230.923
230.118
229.374
228.66
228.204
227.997
227.691
229.432
232.878
233.617
231.906
230.102
223.812
217.78
211.609
229.858
231.94
231.129
230.542
230.434
229.697
229.379
228.602
229.439
233.852
235.974
234.646
187.759
182.544
174.898
174.654
190.055
210.125
222.848
224.421
223.933
224.042
224.886
226.217
226.017
217.865
203.262
194.44
190.045
183.4
176.121
171.76
197.443
213.113
223.664
224.318
224.258
224.533
225.209
226.566
227.381
220.791
205.624
196.885
197.618
187.452
179.009
172.71
215.34
220.753
224.649
225.441
224.935
225.461
226.286
227.063
229.25
225.964
213.614
201.946
208.801
200.97
191.138
194.674
223.165
226.54
227.18
227.617
226.974
227.198
227.42
227.848
230.627
230.199
223.434
214.314
223.158
215.794
210.344
215.099
230.185
230.585
229.914
229.874
229.636
229.469
229.11
229.186
231.292
233.426
232.409
228.302
230.288
220.098
219.103
223.953
231.413
232.743
232.078
231.789
231.428
231.469
231.151
230.636
231.604
235.084
236.602
235.366
235.386
230.451
225.611
222.978
232.466
233.308
232.633
232.713
232.579
232.598
232.145
231.557
231.667
235.6
237.776
237.449
185.533
179.871
170.794
167.129
190.716
210.367
222.968
223.827
223.587
224.107
225.694
227.515
227.243
218.962
203.579
192.745
190.087
182.757
172.597
166.991
202.899
214.365
223.803
224.483
224.989
225.72
227.058
228.318
228.898
222.286
206.902
197.367
198.705
191.28
176.702
169.187
217.897
222.34
225.861
226.518
226.502
227.199
228.003
228.957
230.856
227.667
214.551
203.908
213.302
197.819
197.751
202.891
226.843
228.725
228.884
228.918
228.976
228.82
229.154
229.73
232.271
232.409
227.915
216.958
227.244
218.392
215.311
222.113
231.471
232.11
231.389
231.319
231.119
230.937
230.966
230.815
233.017
235.095
235.056
231.595
234.762
229.075
227.014
227.929
233.147
233.589
233.004
232.682
232.691
232.601
232.625
232.318
233.39
236.358
237.86
237.476
236.32
232.858
230.109
230.989
233.346
234.323
233.485
233.236
233.268
233.275
233.282
233.133
233.683
236.86
238.775
238.817
185.006
176.666
161.848
156.376
193.358
211.614
223.176
224.015
223.925
224.033
225.837
228.63
228.272
220.31
204.476
193.382
188.631
180.907
170.775
163.252
205.509
215.729
223.994
225.527
226.103
226.575
228.265
229.363
229.937
224.264
207.667
196.564
199.38
185.975
186.651
181.122
220.666
224.088
227.206
227.628
227.993
228.341
229.335
230.174
232.108
229.655
220.358
206.26
215.272
210.253
197.896
209.254
229.475
230.176
229.892
229.926
229.93
229.974
230.391
230.965
233.53
233.831
231.332
221.592
230.108
220.885
217.081
225.379
232.327
233.067
232.321
232.336
231.995
231.922
231.898
232.027
234.24
236.129
236.715
234.011
236.198
231.563
226.664
231.542
233.699
234.342
233.382
233.253
233.202
233.236
233.206
233.122
234.622
237.092
238.524
238.551
237.974
234.375
231.837
232.749
233.874
234.783
233.693
233.562
233.613
233.656
233.745
233.757
234.766
237.477
239.106
239.396
186.198
175.614
162.575
152.74
193.252
211.642
223.479
225.178
225.18
224.835
226.485
229.396
228.957
221.87
205.43
194.053
189.517
180.871
167.629
153.281
207.726
217.782
225.792
226.448
226.998
227.756
228.952
230.237
230.787
225.898
211.1
199.037
201.349
188.136
181.804
184.153
223.159
225.858
228.239
228.754
228.989
229.399
229.854
230.927
232.913
231.004
224.763
211.856
216.949
210.569
204.976
212.888
230.872
230.929
230.545
230.802
230.568
230.609
230.987
231.637
234.263
234.828
234.156
226.206
232.411
223.888
218.184
227.562
233.047
233.492
232.674
232.456
232.498
232.413
232.354
232.588
234.958
236.889
237.797
235.378
237.683
232.652
229.824
231.852
233.825
234.547
233.744
233.541
233.502
233.495
233.544
233.443
235.267
237.431
238.858
238.903
237.921
234.581
232.491
232.589
233.895
234.945
234.008
233.787
233.76
233.813
234.003
234.167
235.432
237.61
239.04
239.467
187.632
177.286
160.601
154.93
195.418
212.177
224.183
226.68
226.914
225.628
225.592
229.588
229.396
223.188
207.067
195.652
190.537
180.022
170.073
157.074
208.512
217.669
226.58
227.286
227.776
227.823
228.978
230.54
231.187
227.284
212.797
199.558
206.256
191.987
183.773
189.03
223.653
226.844
228.799
228.851
229.252
229.182
230.156
231.195
233.201
231.991
228.132
213.994
235.355
212.462
202.496
213.675
230.385
231.29
230.895
230.861
230.78
230.881
231.158
231.841
234.564
235.511
235.753
228.1
233.011
226.207
220.725
228.677
233.194
233.606
232.749
232.7
232.581
232.537
232.581
232.791
235.186
237.173
238.344
235.968
237.313
234.452
230.362
232.511
233.883
234.584
233.856
233.65
233.543
233.551
233.662
233.788
235.388
237.528
238.983
238.737
237.926
234.555
233.4
232.92
233.908
234.912
234.258
234.066
234.008
234.048
234.214
234.348
235.62
237.616
239.076
239.254
