0.104328 0.103068 0.0900148 0.102211 0.101109 0.092961 0.149276 0.14182
0.104169 0.10162 0.0931768 0.106544 0.102966 0.0945663 0.142868 0.139576
0.0965449 0.0970849 0.0953466 0.0981239 0.096692 0.0893475 0.149781 0.151782
0.0885178 0.0884403 0.0790412 0.0891539 0.0889109 0.0761445 0.189595 0.172432
0.0929334 0.0913042 0.0977681 0.09039 0.0914437 0.0963002 0.156778 0.140865
0.0968511 0.0945916 0.0949725 0.0982086 0.0969677 0.0938742 0.144817 0.146724
0.107156 0.108325 0.104754 0.107632 0.109227 0.104779 0.123329 0.120064
0.112014 0.106304 0.106887 0.105979 0.113948 0.111806 0.114657 0.116912
0.10663 0.111757 0.109481 0.114492 0.112763 0.111429 0.111466 0.111346
0.111646 0.112729 0.109668 0.112607 0.112456 0.109521 0.111541 0.109005
0.113823 0.114096 0.11226 0.112932 0.111386 0.112785 0.106827 0.10786
0.111271 0.110974 0.116995 0.110391 0.110975 0.111711 0.109027 0.106562
0.104805 0.104415 0.109478 0.107869 0.105387 0.106161 0.119072 0.120762
0.0972282 0.0970974 0.0963408 0.0975667 0.101279 0.0950412 0.139202 0.142572
0.0997094 0.0951477 0.0901559 0.0980033 0.0987191 0.0931455 0.150198 0.146825
0.101032 0.102142 0.0970425 0.0987263 0.0984171 0.0954109 0.145041 0.141778
0.11068 0.103305 0.0933579 0.115232 0.100913 0.0942119 0.145869 0.128878
0.108062 0.101658 0.0957766 0.110304 0.103356 0.0937617 0.163196 0.123642
0.107297 0.103582 0.0899369 0.103685 0.100723 0.0931311 0.171931 0.12877
0.0963332 0.0848063 0.0780304 0.100831 0.0847381 0.0748985 0.238801 0.134645
0.0912507 0.0977445 0.0947731 0.0917342 0.0954447 0.0970994 0.148579 0.153774
0.0977716 0.100531 0.0919606 0.0928001 0.0942556 0.0930001 0.159258 0.146161
0.10948 0.10727 0.104755 0.10938 0.105459 0.105444 0.126824 0.119785
0.110867 0.108507 0.108991 0.109498 0.110884 0.11055 0.115987 0.11364
0.110149 0.111567 0.110643 0.111695 0.108258 0.111999 0.113721 0.11222
0.112738 0.110555 0.107433 0.111472 0.109739 0.109947 0.114142 0.111585
0.112412 0.112947 0.108857 0.113549 0.111099 0.111665 0.108978 0.109956
0.107824 0.112581 0.112674 0.111113 0.114069 0.113649 0.105947 0.108557
0.107229 0.106184 0.106558 0.105597 0.105984 0.108877 0.116616 0.120517
0.103306 0.0962596 0.0955545 0.102199 0.0985346 0.0946005 0.142469 0.134235
0.104421 0.0996497 0.0941342 0.106863 0.0949003 0.0913174 0.157437 0.133192
0.109389 0.099131 0.0960928 0.110067 0.100482 0.0933375 0.152446 0.131069
0.11538 0.104981 0.100635 0.113132 0.101051 0.100805 0.136052 0.115353
0.113481 0.104323 0.102165 0.11748 0.103087 0.104123 0.132341 0.109687
0.111256 0.0998402 0.104811 0.110822 0.0991924 0.101537 0.14924 0.113217
0.101742 0.0915292 0.0960024 0.101986 0.0902326 0.0913437 0.16299 0.145116
0.0964483 0.0951663 0.0969396 0.0931564 0.0899159 0.0945856 0.155514 0.133545
0.102373 0.0921102 0.0964194 0.105609 0.0960286 0.0950442 0.152126 0.133479
0.110924 0.109364 0.110169 0.108075 0.108775 0.106885 0.120007 0.113888
0.111876 0.111224 0.111058 0.112038 0.106076 0.107342 0.117167 0.113298
0.112044 0.111702 0.109711 0.111757 0.10876 0.112109 0.112932 0.11119
0.107887 0.110662 0.11124 0.113335 0.111949 0.111325 0.113082 0.109852
0.110224 0.113966 0.114397 0.114957 0.110467 0.109396 0.10815 0.112205
0.111172 0.10721 0.106393 0.107612 0.113415 0.110378 0.112559 0.115072
0.102674 0.102284 0.110803 0.102978 0.107686 0.107625 0.120046 0.122408
0.101207 0.098224 0.099298 0.0996279 0.0999177 0.10318 0.134374 0.128645
0.107699 0.104895 0.0986875 0.105907 0.0961002 0.0984267 0.143261 0.123517
0.111597 0.0988201 0.0990752 0.1113 0.103532 0.0978203 0.149446 0.118978
0.105854 0.104463 0.109034 0.104163 0.101073 0.113952 0.119948 0.111005
0.106324 0.103632 0.110321 0.10475 0.103103 0.113571 0.117323 0.107743
0.101411 0.103711 0.110396 0.100579 0.103724 0.110079 0.108692 0.111486
0.0878511 0.0956493 0.102381 0.0880211 0.0953479 0.100962 0.135326 0.118223
0.0870992 0.0934293 0.0958599 0.0874663 0.0911113 0.0969945 0.12191 0.141246
0.0961955 0.101136 0.100668 0.0971509 0.100623 0.104661 0.133615 0.128454
0.109441 0.109106 0.108815 0.105478 0.112461 0.110263 0.114736 0.114776
0.112459 0.107042 0.111417 0.111673 0.111716 0.111382 0.111159 0.111944
0.110859 0.107207 0.109588 0.110136 0.113066 0.111856 0.112949 0.110697
0.114824 0.109599 0.111955 0.110128 0.11058 0.110798 0.111404 0.111587
0.114522 0.113341 0.110821 0.111928 0.111629 0.10928 0.111789 0.108911
0.109907 0.109017 0.111768 0.112308 0.107031 0.11169 0.112431 0.113843
0.102678 0.104615 0.109048 0.105301 0.103845 0.108278 0.118939 0.123057
0.092843 0.097692 0.102223 0.0963997 0.0996426 0.107437 0.121966 0.132627
0.0990792 0.0996655 0.106769 0.0999541 0.101932 0.105889 0.126974 0.122869
0.104511 0.101707 0.111812 0.105359 0.101407 0.109189 0.124421 0.114659
0.0958479 0.102149 0.118373 0.0973774 0.10439 0.117394 0.10338 0.117835
0.0949093 0.0995812 0.124039 0.0972951 0.101208 0.119343 0.0991222 0.118184
0.0930597 0.0945388 0.128377 0.0905696 0.095607 0.118841 0.096523 0.118404
0.0875417 0.0894629 0.104162 0.0852315 0.0894153 0.098992 0.108198 0.15299
0.0852162 0.0866886 0.108815 0.0831422 0.087039 0.101694 0.123064 0.157635
0.0915015 0.0996786 0.106628 0.0941313 0.100145 0.102423 0.130805 0.13078
0.104725 0.11004 0.106704 0.112563 0.111035 0.110217 0.113848 0.113906
0.110557 0.111388 0.108055 0.110373 0.111823 0.110986 0.113623 0.110739
0.111464 0.111044 0.11152 0.108459 0.111869 0.113837 0.113641 0.108329
0.111941 0.114266 0.109676 0.113351 0.110629 0.109689 0.111383 0.10902
0.112857 0.113219 0.106868 0.114746 0.114162 0.108863 0.113188 0.111048
0.111665 0.109956 0.110914 0.111106 0.10818 0.109039 0.116037 0.11271
0.0994024 0.101833 0.107667 0.105531 0.105031 0.105255 0.125114 0.124108
0.0911261 0.0987327 0.106859 0.0911723 0.0957502 0.109631 0.121598 0.134648
0.0871511 0.100495 0.112477 0.0851437 0.101112 0.116209 0.105389 0.12633
0.0912569 0.105163 0.11661 0.0919628 0.10115 0.116463 0.10163 0.123367
0.085764 0.100413 0.115236 0.0864852 0.099897 0.116969 0.0996073 0.134588
0.090834 0.100197 0.117067 0.0885878 0.102753 0.114477 0.0997745 0.129228
0.085279 0.10145 0.109642 0.0809156 0.103669 0.112714 0.102529 0.134632
0.0692045 0.0801902 0.088813 0.0708475 0.0809894 0.0896551 0.110961 0.148049
0.0782756 0.0905768 0.0985674 0.0746508 0.0947374 0.0948663 0.134095 0.158983
0.0945675 0.100058 0.0976743 0.0950013 0.0997029 0.107092 0.120758 0.136566
0.110331 0.104211 0.110756 0.110112 0.108824 0.109353 0.115036 0.115869
0.111658 0.10929 0.110961 0.112927 0.112419 0.110536 0.110957 0.111266
0.110342 0.112946 0.110044 0.113309 0.110513 0.113297 0.111128 0.107143
0.110811 0.111832 0.111608 0.109978 0.111469 0.112774 0.110812 0.110162
0.115928 0.11385 0.113712 0.112333 0.110504 0.107573 0.108772 0.107683
0.114971 0.10826 0.109033 0.110038 0.114479 0.111642 0.115434 0.108124
0.104076 0.100337 0.105143 0.101919 0.10672 0.106783 0.121078 0.128007
0.0873811 0.0969212 0.104518 0.0902259 0.0958446 0.102322 0.124901 0.141526
0.084249 0.0974913 0.109623 0.0820159 0.0985842 0.111698 0.105038 0.143355
0.0833464 0.100373 0.111129 0.0875269 0.10098 0.115686 0.100466 0.130791
0.0953437 0.103567 0.103054 0.0872242 0.10364 0.1027 0.114347 0.143723
0.0886906 0.099943 0.101711 0.0911548 0.0993742 0.0983699 0.118941 0.153717
0.0904101 0.0971654 0.0978791 0.0903861 0.0955981 0.0985889 0.116764 0.161508
0.0698479 0.0815596 0.0809124 0.0706714 0.0801376 0.0797682 0.124819 0.191865
0.0880015 0.0857019 0.0873858 0.0845353 0.0826909 0.084252 0.141639 0.165224
0.0971122 0.098875 0.0998739 0.0923665 0.10086 0.0968291 0.133302 0.14059
0.106463 0.106517 0.110808 0.108203 0.108778 0.1104 0.112577 0.118981
0.10734 0.110359 0.110974 0.110892 0.112415 0.109561 0.110814 0.112782
0.110536 0.109424 0.109741 0.11263 0.111724 0.11329 0.111712 0.11136
0.110631 0.111977 0.111965 0.114882 0.110675 0.112767 0.110492 0.10808
0.112796 0.110329 0.114145 0.113785 0.112446 0.112971 0.107465 0.10913
0.111002 0.114088 0.113284 0.111022 0.113607 0.114382 0.112784 0.107055
0.104226 0.103277 0.105216 0.104604 0.101972 0.101648 0.128535 0.123385
0.0927753 0.0971366 0.0983097 0.0900668 0.0988168 0.0939203 0.136732 0.144963
0.0859556 0.0976726 0.0948574 0.0871475 0.0995726 0.095678 0.130044 0.159454
0.0856987 0.101018 0.0991119 0.0884418 0.100891 0.10151 0.115203 0.156437
0.0902725 0.0888108 0.0801646 0.111017 0.113266 0.0999392 0.156429 0.141063
0.088348 0.0857003 0.0818756 0.11089 0.106431 0.0985834 0.150755 0.159279
0.0786353 0.0763124 0.07957 0.108313 0.101881 0.0901714 0.162668 0.172729
0.0528659 0.0536234 0.0467103 0.0960094 0.0914051 0.0763255 0.212604 0.232853
0.0521085 0.0574326 0.0614697 0.0827964 0.0850771 0.0784493 0.195862 0.218726
0.0643249 0.0611014 0.0602441 0.0977474 0.101072 0.0897524 0.194094 0.188988
0.0874134 0.0904099 0.0870985 0.116412 0.119761 0.104578 0.135999 0.139039
0.106828 0.104955 0.103655 0.115686 0.116259 0.110918 0.1154 0.116891
0.111116 0.10874 0.111288 0.110874 0.109677 0.114371 0.109165 0.111905
0.112103 0.113485 0.111912 0.111535 0.111495 0.112061 0.105852 0.110374
0.11961 0.119938 0.121526 0.105673 0.107158 0.110229 0.107154 0.103251
0.116185 0.11398 0.114634 0.107973 0.112367 0.114584 0.105675 0.103111
0.0869516 0.0908828 0.0862401 0.113523 0.114548 0.115912 0.127739 0.129485
0.0745651 0.0683168 0.0691246 0.11216 0.108354 0.102115 0.152234 0.166574
0.0746705 0.075054 0.0699755 0.108739 0.109662 0.0942816 0.161813 0.17493
0.0834375 0.0874779 0.0783042 0.121672 0.106572 0.0971653 0.162082 0.144929
0.100859 0.0873772 0.080041 0.126434 0.104949 0.0950192 0.171938 0.129467
0.0958568 0.0889199 0.0798408 0.125888 0.0996981 0.0878833 0.186959 0.130318
0.0832642 0.0821131 0.0774009 0.115201 0.0956786 0.0844546 0.196384 0.160768
0.0634686 0.0599816 0.0524822 0.112755 0.0879121 0.0656595 0.290453 0.168357
0.0582082 0.0642442 0.0614618 0.08849 0.086294 0.0800837 0.254269 0.163843
0.0735509 0.0666762 0.0667923 0.111236 0.0965973 0.0842986 0.227092 0.154883
0.100105 0.0927605 0.0938247 0.119828 0.111598 0.0970442 0.144976 0.131162
0.107856 0.106004 0.104055 0.113434 0.113154 0.109766 0.11497 0.119271
0.109919 0.111625 0.108916 0.114432 0.115185 0.110689 0.111575 0.112402
0.113832 0.112393 0.113974 0.111478 0.112069 0.107589 0.108058 0.110205
0.116986 0.117019 0.119893 0.106777 0.113007 0.111546 0.0989753 0.107297
0.114747 0.114033 0.112678 0.103412 0.109954 0.116764 0.104287 0.109159
0.0916778 0.0863279 0.0931835 0.10871 0.11141 0.115271 0.125294 0.12879
0.0795837 0.0756937 0.0736532 0.115291 0.107514 0.10398 0.14792 0.150932
0.084922 0.079398 0.0752096 0.121951 0.109532 0.0952313 0.179209 0.139686
0.0928409 0.092119 0.0816196 0.12704 0.111252 0.0937375 0.159572 0.136998
0.101404 0.0958861 0.0983751 0.125547 0.103041 0.104449 0.144109 0.118547
0.102472 0.0948145 0.0950728 0.121585 0.104248 0.0968355 0.156142 0.118664
0.0969491 0.085138 0.0847751 0.114487 0.0944289 0.095101 0.189132 0.122266
0.06994 0.0602649 0.0646252 0.111899 0.0844216 0.080534 0.253881 0.150935
0.0652609 0.0667098 0.0684081 0.0960207 0.0899086 0.0978503 0.195362 0.163786
0.0753319 0.0729347 0.0709726 0.110295 0.100416 0.0983437 0.199369 0.142717
0.0998718 0.0945587 0.105634 0.120998 0.108577 0.107192 0.133834 0.116673
0.105574 0.10863 0.109938 0.117187 0.109873 0.109564 0.115813 0.115506
0.112258 0.108833 0.109381 0.114901 0.111144 0.109122 0.114535 0.111716
0.117169 0.112198 0.109708 0.11411 0.112613 0.106278 0.112159 0.10939
0.122661 0.114273 0.112068 0.107281 0.114664 0.10878 0.107399 0.108411
0.108188 0.109148 0.111674 0.108335 0.114623 0.118343 0.105078 0.112196
0.0882826 0.0907641 0.0887742 0.106464 0.107713 0.118971 0.120321 0.130958
0.0798935 0.0793323 0.08357 0.105984 0.105102 0.109605 0.139786 0.138339
0.0917737 0.0833398 0.0850563 0.125222 0.107349 0.103788 0.15391 0.123558
0.103624 0.0921759 0.09138 0.122315 0.104705 0.099503 0.153112 0.12047
0.100091 0.0983553 0.104402 0.107846 0.100362 0.115657 0.126198 0.1144
0.0965652 0.0924786 0.100783 0.105834 0.099642 0.120231 0.123822 0.117885
0.088623 0.0912046 0.0985969 0.100887 0.101357 0.11281 0.122486 0.125616
0.0675086 0.0720422 0.073905 0.0874922 0.0842996 0.111192 0.140034 0.128829
0.0632626 0.0645059 0.068882 0.0797844 0.0969077 0.120179 0.138171 0.153989
0.071559 0.071299 0.0798071 0.105421 0.103368 0.105237 0.158883 0.148391
0.105541 0.101754 0.104681 0.110049 0.112689 0.110689 0.123584 0.116686
0.106497 0.109922 0.110055 0.113753 0.109812 0.110313 0.116307 0.111893
0.110296 0.107257 0.111067 0.116561 0.110537 0.107265 0.114965 0.111695
0.114232 0.109334 0.111708 0.11345 0.11154 0.109497 0.113732 0.108152
0.125306 0.118507 0.109237 0.112772 0.110971 0.10776 0.108445 0.104569
0.109532 0.111573 0.109005 0.11176 0.120082 0.114299 0.110284 0.111479
0.0837674 0.0837049 0.092156 0.105456 0.11271 0.118221 0.124897 0.13782
0.0776023 0.0773616 0.0869664 0.0984182 0.103608 0.115196 0.129125 0.138968
0.087901 0.0828215 0.09436 0.102172 0.102171 0.122108 0.121193 0.119445
0.0971542 0.0969028 0.106391 0.10836 0.102653 0.115468 0.123252 0.109386
0.0870768 0.0895393 0.10533 0.090697 0.104932 0.121801 0.100995 0.124714
0.0832605 0.0907433 0.102406 0.0892796 0.0991363 0.122825 0.0992993 0.118395
0.0767429 0.0856971 0.099058 0.0849823 0.0987042 0.11711 0.102286 0.122646
0.0551607 0.0606523 0.0668036 0.0676663 0.0859621 0.112018 0.0965784 0.133623
0.0524255 0.0553617 0.066363 0.07194 0.0867207 0.101686 0.104927 0.165704
0.0715107 0.0734663 0.0824526 0.097024 0.100099 0.113784 0.138886 0.14376
0.0987418 0.103444 0.107823 0.107841 0.110615 0.114765 0.118026 0.116621
0.111937 0.107991 0.108718 0.110211 0.108471 0.113637 0.113294 0.112754
0.114207 0.111644 0.109364 0.113819 0.109317 0.107123 0.110866 0.112856
0.116496 0.115721 0.110095 0.110104 0.111546 0.106281 0.113725 0.106991
0.129472 0.120858 0.112888 0.113361 0.106433 0.100568 0.110596 0.102768
0.122512 0.112321 0.111304 0.124442 0.117224 0.102176 0.111644 0.105764
0.0773533 0.0847834 0.0871231 0.108828 0.110597 0.119226 0.135521 0.141105
0.0715276 0.0745919 0.0847601 0.0891536 0.103934 0.12207 0.118719 0.148228
0.0719349 0.0822659 0.0926127 0.0865371 0.098232 0.131649 0.105319 0.131162
0.0824829 0.0885793 0.105175 0.088004 0.101863 0.131506 0.0988236 0.119798
0.0752698 0.082931 0.0958567 0.0837463 0.106091 0.12966 0.099868 0.135512
0.0745758 0.0840884 0.0935654 0.0850918 0.103918 0.132355 0.0957905 0.138403
0.0632151 0.0773089 0.0864103 0.0804123 0.0949992 0.121948 0.09282 0.143535
0.0491012 0.0518062 0.0586235 0.0693124 0.0793715 0.116671 0.0948772 0.176327
0.0462861 0.0553381 0.0531639 0.0658831 0.0810215 0.0916925 0.108084 0.196221
0.0681416 0.0722559 0.0737198 0.0907768 0.102936 0.107745 0.126664 0.16898
0.100075 0.0943413 0.0974327 0.110329 0.111727 0.115488 0.112536 0.122424
0.105165 0.109371 0.108508 0.110702 0.111252 0.111641 0.11183 0.114214
0.111494 0.111542 0.111559 0.10976 0.110564 0.109948 0.110629 0.110533
0.113403 0.1133 0.113894 0.109113 0.111411 0.108143 0.108318 0.112878
0.131615 0.11458 0.117214 0.109762 0.109403 0.10794 0.108535 0.1052
0.126343 0.111077 0.112329 0.128717 0.110946 0.103317 0.109278 0.0983906
0.0776506 0.0833975 0.0836757 0.110557 0.119707 0.110029 0.146337 0.141061
0.062023 0.0722957 0.0712172 0.0870016 0.0998758 0.11269 0.129265 0.163948
0.0600899 0.0699658 0.0801766 0.0741064 0.0990239 0.125862 0.097283 0.149237
0.0707693 0.0785651 0.0924371 0.0808448 0.103166 0.138291 0.0959373 0.14557
0.0761385 0.0813289 0.0812873 0.0876001 0.111631 0.11283 0.122568 0.172571
0.0747993 0.0814504 0.0798168 0.0926303 0.108998 0.109897 0.112591 0.181914
0.0704245 0.0719339 0.0744851 0.08384 0.105136 0.108672 0.116331 0.179239
0.0409951 0.0479175 0.046052 0.0643494 0.090917 0.0890345 0.145707 0.213725
0.0456553 0.045934 0.0448577 0.0686374 0.0797079 0.0832344 0.147129 0.253933
0.063502 0.0658423 0.0654014 0.08745 0.0985744 0.0987278 0.136789 0.201695
0.0978421 0.0933102 0.0947674 0.10628 0.114752 0.113162 0.118944 0.133035
0.110934 0.106155 0.107344 0.110692 0.111951 0.111464 0.1117 0.115978
0.111047 0.111131 0.109343 0.112395 0.11171 0.112592 0.111246 0.10813
0.116794 0.11282 0.113658 0.111351 0.105937 0.108439 0.108941 0.111869
0.118648 0.121899 0.1192 0.110279 0.107295 0.107422 0.104727 0.105516
0.120655 0.122544 0.121719 0.113769 0.110391 0.111294 0.104856 0.0957212
0.0796502 0.0818053 0.0858699 0.121938 0.110373 0.115833 0.148866 0.130191
0.0581798 0.0632655 0.0629908 0.0908727 0.100745 0.101995 0.142222 0.2016
0.0573927 0.0629102 0.0631054 0.0799312 0.101854 0.102526 0.12186 0.220246
0.0661271 0.0707839 0.072598 0.0855875 0.106844 0.104675 0.122372 0.183004
0.0905495 0.0941627 0.0840875 0.121121 0.115228 0.0938467 0.144339 0.139395
0.0927318 0.0897595 0.0804052 0.112314 0.114443 0.0967631 0.153469 0.147355
0.0838476 0.0821772 0.0706481 0.120855 0.123638 0.0928957 0.164687 0.147079
0.0566754 0.056268 0.0484468 0.103583 0.117805 0.0773369 0.247156 0.183336
0.0431049 0.045384 0.0447956 0.0875765 0.0857385 0.0741176 0.265049 0.239156
0.0564907 0.0564327 0.0507871 0.103808 0.104088 0.0776557 0.21858 0.222886
0.0884519 0.0896725 0.0729498 0.124548 0.124546 0.0935119 0.152504 0.143552
0.112577 0.109135 0.10307 0.114357 0.117503 0.10868 0.113157 0.11172
0.116869 0.115735 0.112156 0.110967 0.113497 0.110642 0.105246 0.107495
0.115826 0.11554 0.116755 0.109814 0.110193 0.112474 0.105132 0.104122
0.117474 0.119978 0.123804 0.106893 0.108338 0.111438 0.102853 0.102332
0.113154 0.111947 0.119611 0.108087 0.107787 0.118932 0.106071 0.103582
0.0908126 0.0905961 0.0899066 0.114144 0.109695 0.115448 0.123068 0.126138
0.0798607 0.0769011 0.0720481 0.112661 0.120792 0.103672 0.145563 0.147223
0.078581 0.0815619 0.0683824 0.116762 0.122206 0.0904967 0.166997 0.157353
0.0864703 0.0870424 0.0752046 0.117401 0.120114 0.0960475 0.15868 0.147532
0.104925 0.0895943 0.0796915 0.142649 0.108719 0.0913316 0.16228 0.128105
0.10525 0.0882094 0.0757022 0.127317 0.107793 0.0882183 0.183588 0.124463
0.0919025 0.0760526 0.0656708 0.145243 0.102517 0.0797618 0.203147 0.135586
0.0679008 0.0510457 0.0438508 0.121232 0.0914376 0.0604488 0.340086 0.135352
0.0513959 0.0486667 0.0492065 0.110873 0.0878725 0.0713461 0.308999 0.152721
0.0737501 0.0626916 0.0547526 0.139261 0.101562 0.0805625 0.243859 0.140139
0.104929 0.0939486 0.0786534 0.134284 0.10893 0.08987 0.169707 0.122553
0.116681 0.112503 0.0984239 0.1236 0.111703 0.102514 0.116285 0.112892
0.122122 0.113694 0.104331 0.11291 0.112329 0.108812 0.109147 0.110045
0.114824 0.12004 0.111614 0.106199 0.110337 0.112104 0.108131 0.10492
0.112124 0.11569 0.122518 0.110253 0.108052 0.112715 0.10189 0.105254
0.105117 0.108701 0.12968 0.103859 0.108163 0.126146 0.0992834 0.104409
0.0898806 0.0909772 0.0970371 0.105862 0.110444 0.126348 0.112146 0.120343
0.085741 0.0824591 0.0780958 0.118128 0.110065 0.110099 0.134314 0.133417
0.097497 0.0847934 0.0719854 0.132739 0.106599 0.086807 0.175683 0.142589
0.102407 0.0871622 0.0762364 0.140218 0.111398 0.0873337 0.173975 0.126101
0.106847 0.0933296 0.0872849 0.129138 0.104772 0.097582 0.156954 0.114305
0.106671 0.0909346 0.0880945 0.128833 0.103338 0.0979565 0.156442 0.113161
0.0969511 0.083797 0.0783053 0.133695 0.0995954 0.0965966 0.166666 0.123552
0.0753204 0.0602704 0.0585466 0.125671 0.0850168 0.0873681 0.247716 0.130699
0.063814 0.0576466 0.0653541 0.110325 0.0939885 0.095132 0.185734 0.162022
0.0806047 0.0642409 0.0688061 0.132758 0.0993326 0.0906085 0.210361 0.133543
0.116213 0.0953783 0.092889 0.127178 0.111547 0.100653 0.138307 0.1134
0.119108 0.103604 0.101262 0.119941 0.107428 0.106744 0.121146 0.113616
0.120055 0.109513 0.108295 0.112089 0.113033 0.107298 0.112763 0.110344
0.118871 0.116778 0.108611 0.111454 0.11286 0.106209 0.112071 0.107419
0.118151 0.12247 0.112719 0.108007 0.11211 0.109617 0.1034 0.109485
0.109289 0.116564 0.125648 0.104203 0.115865 0.115382 0.0964483 0.109407
0.0819791 0.0885814 0.095372 0.0991679 0.112599 0.129902 0.105278 0.13062
0.0835505 0.0807485 0.0869344 0.108279 0.110438 0.121431 0.122415 0.125887
0.100954 0.0903158 0.0832191 0.126419 0.104523 0.106636 0.145831 0.119
0.102463 0.0962665 0.0897872 0.134399 0.107983 0.0975684 0.144999 0.116887
0.100119 0.0949829 0.103733 0.109257 0.102566 0.119116 0.119225 0.116111
0.09195 0.0935632 0.100695 0.109271 0.101214 0.117957 0.120965 0.120156
0.083162 0.081302 0.0961917 0.099412 0.0991089 0.121854 0.122425 0.13138
0.0653624 0.0637647 0.0736223 0.0850506 0.0884133 0.115944 0.131443 0.134392
0.049969 0.0600975 0.0709764 0.078915 0.0837528 0.119109 0.121614 0.142585
0.0720283 0.0701754 0.0761171 0.112117 0.0993911 0.10962 0.15822 0.141186
0.104701 0.0992915 0.101239 0.118128 0.108563 0.111392 0.126883 0.114827
0.113715 0.106794 0.106476 0.115505 0.111497 0.106732 0.116665 0.112312
0.116005 0.108889 0.108341 0.115471 0.109485 0.109807 0.115254 0.109442
0.122245 0.109217 0.10817 0.115273 0.109495 0.104781 0.114013 0.109848
0.128759 0.123689 0.108865 0.117886 0.108626 0.100236 0.109893 0.103562
0.120841 0.125663 0.121159 0.113163 0.114737 0.0987892 0.104743 0.10301
0.0738021 0.0839196 0.0964191 0.0986812 0.117903 0.123215 0.117716 0.138882
0.0731995 0.0753674 0.0907715 0.0934067 0.102909 0.131411 0.103511 0.134138
0.08672 0.085496 0.102182 0.0961673 0.103044 0.131566 0.108688 0.117115
0.0958268 0.096236 0.104232 0.103649 0.102966 0.125442 0.11996 0.112897
0.0775657 0.0868537 0.103723 0.087283 0.0982683 0.138253 0.0950103 0.118259
0.0792738 0.085553 0.101372 0.0827738 0.0972813 0.136894 0.0977515 0.123748
0.0649997 0.0763753 0.0940956 0.0795797 0.095642 0.129426 0.0931136 0.128489
0.0476044 0.0556301 0.0703868 0.0633686 0.0789675 0.157058 0.0821729 0.148861
0.0403092 0.047361 0.0560578 0.055477 0.0730707 0.108284 0.0817632 0.152247
0.0668763 0.0706013 0.0755542 0.0944247 0.102733 0.122913 0.131268 0.149635
0.0951967 0.0985981 0.108839 0.10748 0.108685 0.11973 0.114281 0.119039
0.107077 0.107055 0.111005 0.111705 0.110135 0.110881 0.11333 0.112385
0.111345 0.110706 0.111646 0.110798 0.11113 0.113282 0.111516 0.110534
0.114954 0.107975 0.110057 0.115395 0.109239 0.109188 0.112596 0.110351
0.129315 0.111983 0.104742 0.121799 0.109341 0.0992715 0.111599 0.106784
0.148169 0.130767 0.104125 0.127887 0.10665 0.0881875 0.109168 0.0978262
0.0765348 0.0826377 0.0955928 0.110855 0.121656 0.115791 0.132805 0.144238
0.0615806 0.0694806 0.0861365 0.0782938 0.103136 0.139701 0.0961189 0.144539
0.0658135 0.0757801 0.10281 0.080248 0.100124 0.145173 0.0880899 0.121688
0.0762562 0.0873757 0.107947 0.0834809 0.100677 0.150582 0.0930364 0.117983
0.0686491 0.0780992 0.0977097 0.0755876 0.105896 0.146152 0.0860855 0.125094
0.0631057 0.0782799 0.0990103 0.0757061 0.099988 0.140578 0.091319 0.13984
0.06009 0.0738537 0.0894127 0.0711599 0.0993505 0.125085 0.0915487 0.138201
0.0405764 0.0483229 0.057345 0.0518367 0.0763985 0.109183 0.0826491 0.159663
0.0337481 0.0401438 0.0455597 0.0502478 0.070854 0.101014 0.0904962 0.182995
0.054475 0.0605364 0.0680419 0.0813504 0.0957383 0.112512 0.114958 0.15569
0.0924147 0.0949593 0.102084 0.10107 0.113971 0.123115 0.108902 0.126698
0.108003 0.107935 0.113217 0.107043 0.109818 0.115287 0.108642 0.114517
0.110676 0.112043 0.112726 0.110667 0.112196 0.11248 0.109273 0.109734
0.114045 0.112337 0.111403 0.112906 0.111267 0.107944 0.112082 0.109842
0.128208 0.112731 0.105862 0.117287 0.107985 0.1054 0.109988 0.106336
0.156112 0.122276 0.111664 0.132503 0.101009 0.0906175 0.110142 0.0943439
0.0816477 0.0902292 0.0881816 0.134586 0.125043 0.106015 0.151857 0.123573
0.0510131 0.0616968 0.0704883 0.0754469 0.105111 0.13414 0.0955713 0.163815
0.0506478 0.0688313 0.0847822 0.0649101 0.0973331 0.147023 0.0802965 0.151292
0.0597692 0.074198 0.0927452 0.0677072 0.100649 0.1463 0.0816959 0.145814
0.0692329 0.0828621 0.0816856 0.0859822 0.117842 0.115425 0.11584 0.157292
0.0655105 0.0853403 0.0824273 0.0905503 0.115056 0.113841 0.112054 0.162532
0.0677594 0.0757373 0.0793415 0.0829064 0.104877 0.10626 0.115677 0.196114
0.0457791 0.052394 0.0548562 0.0744585 0.0972589 0.0962911 0.12198 0.247313
0.0319737 0.0350464 0.0353542 0.0554825 0.0780948 0.0724291 0.149523 0.279054
0.0525903 0.056439 0.0551009 0.0820712 0.105266 0.109577 0.133239 0.212159
0.0818136 0.0907291 0.0871406 0.105371 0.117342 0.117782 0.119484 0.135904
0.107506 0.108781 0.11094 0.107233 0.111682 0.111937 0.114561 0.113204
0.11026 0.113364 0.113501 0.113092 0.109478 0.110769 0.109476 0.111735
0.113682 0.110881 0.113363 0.112098 0.111597 0.109504 0.109022 0.110936
0.117665 0.113562 0.118051 0.113063 0.111304 0.105098 0.109772 0.104834
0.149294 0.122366 0.121735 0.11531 0.103138 0.0982098 0.102639 0.096109
0.106423 0.0941803 0.0930665 0.13963 0.114106 0.108236 0.13844 0.100016
0.0432896 0.0507198 0.0541925 0.0792389 0.108212 0.108524 0.127523 0.233837
0.0440452 0.056138 0.0556819 0.0683838 0.110661 0.112089 0.112717 0.219632
0.0613295 0.0723383 0.07205 0.0820774 0.115559 0.108241 0.11395 0.18893
0.0950379 0.0996572 0.0778155 0.123961 0.115427 0.0921478 0.146498 0.142743
0.0951522 0.0923924 0.079836 0.116207 0.129953 0.0963464 0.141713 0.13608
0.0858091 0.0865244 0.0678962 0.114768 0.132436 0.0869743 0.171228 0.144197
0.0668214 0.068339 0.0518896 0.123865 0.117013 0.0713375 0.182741 0.217133
0.0467125 0.0467209 0.0434036 0.0855768 0.0859038 0.0669619 0.209992 0.275235
0.0652963 0.0630295 0.0513555 0.111688 0.118502 0.0754114 0.228306 0.194594
0.0885194 0.0974368 0.0650945 0.129863 0.147598 0.0830094 0.15594 0.142655
0.115441 0.117663 0.104877 0.117114 0.113191 0.106422 0.111518 0.111643
0.119366 0.121265 0.115659 0.110247 0.106988 0.106121 0.105416 0.107012
0.11821 0.115255 0.12009 0.109228 0.108759 0.1108 0.103282 0.106854
0.110423 0.113901 0.120834 0.109066 0.110157 0.112391 0.107203 0.105983
0.113487 0.113936 0.125729 0.108037 0.106715 0.115312 0.102522 0.103292
0.0998265 0.0994919 0.10556 0.108737 0.113272 0.129036 0.108403 0.10567
0.0924555 0.0895818 0.0875477 0.118678 0.122769 0.105339 0.126955 0.126824
0.0879761 0.0905808 0.0692012 0.127718 0.114021 0.0891016 0.155969 0.159733
0.0972401 0.0942369 0.0782863 0.125469 0.119434 0.0885357 0.142676 0.152068
0.109458 0.0928841 0.0815188 0.1405 0.112064 0.0844952 0.161959 0.122652
0.10731 0.089124 0.077648 0.137292 0.104933 0.0828675 0.183034 0.122422
0.102151 0.0798169 0.0695545 0.136538 0.10316 0.0789854 0.192592 0.141541
0.0755103 0.057579 0.0433301 0.109537 0.0802275 0.0596507 0.350941 0.139867
0.0647782 0.0548306 0.0496035 0.114828 0.0841288 0.0786762 0.278539 0.144722
0.0891788 0.0658464 0.051741 0.144449 0.0900707 0.0697993 0.288191 0.118112
0.12132 0.0919998 0.0736876 0.154484 0.107807 0.080213 0.165199 0.120085
0.131768 0.112483 0.10065 0.120955 0.116198 0.0963159 0.112762 0.110351
0.118489 0.115173 0.107969 0.113263 0.114922 0.104651 0.111196 0.110015
0.115825 0.118873 0.113008 0.108216 0.112549 0.108742 0.106752 0.108397
0.110835 0.115116 0.12366 0.10524 0.109977 0.116952 0.10004 0.107929
0.100713 0.116449 0.133479 0.096925 0.107773 0.126663 0.0963865 0.104268
0.0939784 0.0969849 0.106329 0.100168 0.107547 0.133174 0.0977682 0.114955
0.0959402 0.090871 0.0898719 0.119466 0.10618 0.118102 0.12304 0.120446
0.110834 0.0917451 0.0691595 0.14047 0.113154 0.0843439 0.171376 0.123554
0.119765 0.0922661 0.0745823 0.139329 0.110934 0.0850526 0.165596 0.123551
0.114361 0.0962305 0.0892293 0.127081 0.109889 0.0981451 0.146411 0.111975
0.110621 0.0891232 0.0859568 0.130871 0.101196 0.0956574 0.160401 0.114853
0.100371 0.0803728 0.0811681 0.138784 0.099653 0.10039 0.163368 0.118617
0.0921732 0.0621135 0.0621768 0.122782 0.0909311 0.0920545 0.203001 0.142188
0.0613436 0.0565214 0.0600778 0.0879343 0.0867952 0.0977041 0.182327 0.165744
0.0930612 0.0752897 0.0675434 0.133931 0.101598 0.0921399 0.197018 0.12567
0.122189 0.0943421 0.0892012 0.140715 0.108964 0.0938813 0.140025 0.110622
0.122824 0.108142 0.096921 0.124105 0.110853 0.103445 0.119573 0.110527
0.119529 0.108789 0.10649 0.116323 0.112613 0.103881 0.115448 0.110739
0.11747 0.112567 0.109365 0.109637 0.112627 0.110213 0.110213 0.112101
0.111799 0.122009 0.113389 0.11104 0.114593 0.107071 0.106822 0.109206
0.107003 0.123332 0.130097 0.10134 0.114282 0.112445 0.0987402 0.109788
0.0802603 0.0922642 0.10778 0.0940206 0.10928 0.136877 0.0962861 0.124414
0.0896969 0.08748 0.100152 0.0957071 0.105001 0.132114 0.10299 0.11903
0.105609 0.0900499 0.0936802 0.127726 0.100419 0.112061 0.135904 0.105349
0.11593 0.0938072 0.0926491 0.130321 0.100725 0.0976176 0.149502 0.11364
0.0995564 0.0938814 0.108045 0.102711 0.100361 0.119758 0.115575 0.110159
0.089501 0.0887506 0.0993526 0.100711 0.102002 0.129348 0.11803 0.114268
0.0789724 0.0780902 0.0971021 0.0950448 0.103557 0.133266 0.121272 0.109999
0.0622574 0.0619254 0.0824222 0.0905859 0.0892265 0.138538 0.127876 0.131495
0.0514522 0.0538431 0.0714891 0.072108 0.0825877 0.140147 0.119472 0.144747
0.0766532 0.0706053 0.0761405 0.106845 0.100613 0.119717 0.146751 0.13498
0.110962 0.0992297 0.100567 0.119688 0.106388 0.11027 0.123545 0.113577
0.112808 0.106429 0.108718 0.117892 0.109301 0.110643 0.114854 0.109385
0.115845 0.110588 0.107798 0.119255 0.10876 0.109457 0.11325 0.10587
0.120727 0.111991 0.101928 0.117949 0.10974 0.105937 0.116646 0.107366
0.124028 0.116227 0.104253 0.116072 0.10789 0.106293 0.113885 0.109057
0.125882 0.131298 0.112536 0.113324 0.112573 0.101697 0.105498 0.104837
0.0765197 0.0909183 0.104581 0.0908811 0.119299 0.130298 0.104415 0.13839
0.0697051 0.0790881 0.105979 0.0814746 0.102663 0.150291 0.0877561 0.113663
0.0840416 0.0910348 0.110785 0.0915334 0.100532 0.145815 0.0945831 0.112395
0.0953972 0.0919955 0.114128 0.102668 0.102423 0.131178 0.107901 0.105894
0.0721869 0.0887921 0.115091 0.0783855 0.0986243 0.155408 0.0889332 0.118431
0.0701173 0.0803362 0.107842 0.0785515 0.0987545 0.149942 0.0879075 0.120989
0.0661009 0.0725982 0.104212 0.0732848 0.0926864 0.160851 0.0849723 0.115822
0.0434625 0.0519132 0.0819888 0.055279 0.0788921 0.141625 0.0763643 0.111505
0.0327612 0.0423401 0.0581979 0.0457536 0.0718288 0.116744 0.0648711 0.13534
0.0591553 0.0652589 0.0823869 0.0811413 0.096747 0.139078 0.115405 0.139299
0.0968599 0.099649 0.110377 0.104338 0.108746 0.121223 0.114175 0.115615
0.10615 0.10865 0.115371 0.11022 0.109607 0.115304 0.11063 0.111947
0.112773 0.107551 0.110209 0.112421 0.109888 0.11098 0.112695 0.110979
0.115531 0.109971 0.108301 0.114439 0.111762 0.109873 0.112876 0.108425
0.124563 0.113085 0.106711 0.119214 0.109222 0.103234 0.115499 0.10757
0.15874 0.124394 0.0957634 0.12298 0.107455 0.0894608 0.114819 0.0998816
0.0856698 0.0959346 0.0959592 0.108358 0.124614 0.106716 0.126053 0.139719
0.0562543 0.0737408 0.104661 0.0691237 0.103595 0.168221 0.0757855 0.131229
0.0573163 0.0724999 0.112801 0.0625919 0.0932296 0.176968 0.0673362 0.105269
0.0681086 0.0836435 0.119294 0.074111 0.0955677 0.154949 0.0805546 0.111287
0.0619075 0.0791329 0.111172 0.0701276 0.105634 0.146569 0.0837137 0.136875
0.0555129 0.0799584 0.107193 0.0706409 0.0979538 0.154993 0.0814844 0.13208
0.0527289 0.0706198 0.100374 0.0631484 0.0983766 0.154762 0.0783665 0.127573
0.0327791 0.0476908 0.0630564 0.0466411 0.068776 0.123677 0.0615552 0.102118
0.0272739 0.0356507 0.0445593 0.0417267 0.0738834 0.102502 0.0755533 0.159943
0.0476659 0.0625523 0.0757056 0.073097 0.106085 0.123223 0.102151 0.16458
0.0864231 0.095997 0.108741 0.0916888 0.112109 0.129674 0.10135 0.118925
0.10447 0.109071 0.114456 0.106763 0.113751 0.110853 0.108826 0.113324
0.104997 0.111256 0.114086 0.109748 0.112903 0.111059 0.112098 0.111644
0.111015 0.11158 0.110529 0.114492 0.11162 0.110447 0.112435 0.108886
0.122128 0.113694 0.106257 0.115956 0.109216 0.105403 0.114161 0.106747
0.164045 0.108717 0.097528 0.12885 0.100822 0.0938316 0.115591 0.0987287
0.105523 0.101274 0.0911895 0.140544 0.116258 0.0911827 0.152477 0.116148
0.045124 0.064682 0.0851687 0.0599124 0.106621 0.163024 0.0748671 0.155319
0.0373014 0.0573903 0.0854412 0.0483702 0.0908522 0.166385 0.058033 0.131041
0.0478815 0.0706752 0.103217 0.0589619 0.0980348 0.167735 0.0677043 0.139789
0.0587447 0.0840162 0.0815888 0.0832907 0.122189 0.116848 0.108503 0.164909
0.061377 0.0837381 0.0807321 0.0853705 0.123366 0.121277 0.110658 0.163289
0.0577504 0.0753146 0.0742268 0.0795322 0.117636 0.113583 0.103084 0.181875
0.0351323 0.0479622 0.0476379 0.0524845 0.0888583 0.0930358 0.0854426 0.285374
0.0256551 0.0304085 0.0302477 0.0495961 0.0736428 0.0732049 0.114065 0.21717
0.0481677 0.057027 0.0575714 0.0791956 0.100734 0.109196 0.119614 0.22802
0.081625 0.0930158 0.0978773 0.0930799 0.123608 0.123168 0.104529 0.131618
0.105346 0.112333 0.109219 0.107578 0.107826 0.114078 0.109884 0.119265
0.111029 0.109545 0.112645 0.108405 0.111683 0.107484 0.113461 0.112119
0.112079 0.111954 0.110673 0.11392 0.109073 0.112181 0.111351 0.108627
0.113943 0.110406 0.112575 0.116861 0.109065 0.112499 0.108309 0.109431
0.134228 0.115116 0.114205 0.111575 0.102675 0.102957 0.110205 0.105501
0.125778 0.109891 0.107861 0.140805 0.0960815 0.10307 0.12931 0.0966562
0.0382106 0.0537712 0.0543039 0.0690611 0.111618 0.12364 0.110382 0.217564
0.0337905 0.0519315 0.0503012 0.0558195 0.106962 0.10201 0.0842677 0.272112
0.0483454 0.0744023 0.0658652 0.0701933 0.117256 0.12278 0.101436 0.190269
0.103166 0.10236 0.0796392 0.124935 0.121141 0.0887895 0.135074 0.143516
0.103561 0.0990998 0.0728658 0.120567 0.129504 0.0901034 0.141063 0.147941
0.0940507 0.0972947 0.0716352 0.131945 0.125847 0.0829445 0.1541 0.146139
0.0785403 0.0788833 0.0478573 0.124163 0.124827 0.0649236 0.218959 0.180183
0.0486473 0.0497108 0.0430119 0.102208 0.0883654 0.0759609 0.201907 0.226578
0.0872677 0.0857265 0.0516089 0.156883 0.157457 0.0693422 0.174712 0.140496
0.115206 0.122395 0.0655353 0.140741 0.135943 0.0777024 0.138628 0.134821
0.118867 0.116247 0.105328 0.114648 0.116402 0.10253 0.109678 0.11292
0.11481 0.115797 0.117866 0.109656 0.110557 0.109393 0.105926 0.105442
0.110803 0.112128 0.119508 0.107509 0.107262 0.115576 0.106247 0.108735
0.112338 0.111868 0.121207 0.107018 0.107328 0.114967 0.105914 0.106832
0.110254 0.11042 0.126479 0.108618 0.105676 0.116477 0.10356 0.10265
0.106765 0.109596 0.117919 0.108144 0.11033 0.117381 0.105268 0.105392
0.105729 0.107352 0.0940656 0.115514 0.116841 0.116415 0.115297 0.117796
0.100952 0.0976023 0.0688581 0.142683 0.114242 0.0864434 0.157706 0.139273
0.108214 0.10295 0.0742205 0.127534 0.125647 0.0846314 0.138907 0.140809
0.128073 0.0979049 0.0747338 0.143589 0.112156 0.0838181 0.153618 0.119122
0.122901 0.0942062 0.0745385 0.145372 0.106779 0.0781152 0.171683 0.117248
0.109645 0.083605 0.0676682 0.177068 0.105765 0.0761661 0.174806 0.120259
0.0955638 0.0565211 0.0446102 0.188613 0.0842785 0.0615262 0.297971 0.104238
0.0649982 0.0546655 0.0580493 0.109698 0.0920777 0.103138 0.200367 0.123836
0.113346 0.0758911 0.0587515 0.197853 0.105245 0.0707685 0.197311 0.10689
0.146697 0.094679 0.0716194 0.166996 0.110397 0.0710772 0.160712 0.104042
0.123813 0.114828 0.0938925 0.118905 0.114156 0.0985293 0.11666 0.117406
0.116828 0.119046 0.103758 0.112549 0.114166 0.105662 0.108402 0.11416
0.111095 0.116061 0.111537 0.10881 0.11239 0.10956 0.108467 0.111762
0.106721 0.115728 0.117708 0.106765 0.108821 0.114718 0.105726 0.109274
0.101529 0.109837 0.133785 0.0997271 0.107192 0.125142 0.0981532 0.103877
0.0928424 0.102111 0.124682 0.0941414 0.105519 0.140697 0.0925659 0.109249
0.0973775 0.104313 0.100097 0.11027 0.10904 0.121693 0.114372 0.114165
0.128735 0.0995045 0.0728642 0.153925 0.107094 0.0815251 0.152244 0.112349
0.128628 0.0961069 0.0724678 0.144675 0.113717 0.0792188 0.168784 0.109896
0.116832 0.0933623 0.0896226 0.139832 0.103559 0.0985657 0.140141 0.10875
0.112331 0.0900013 0.0922727 0.141315 0.100295 0.0987679 0.142917 0.11015
0.112646 0.0858459 0.0861663 0.144053 0.0998802 0.0920832 0.159889 0.108683
0.0954501 0.067739 0.0682327 0.136116 0.0942373 0.0955311 0.22058 0.104274
0.0520504 0.0519416 0.062468 0.0779011 0.085429 0.109743 0.111751 0.120666
0.114433 0.0796715 0.0729261 0.136223 0.103091 0.103108 0.152301 0.113277
0.139071 0.099517 0.087594 0.136427 0.101955 0.0941767 0.139836 0.107878
0.123359 0.108895 0.100331 0.118645 0.109164 0.10421 0.119498 0.111035
0.115637 0.115271 0.106721 0.115462 0.109993 0.109481 0.112517 0.11276
0.11668 0.114188 0.104449 0.11262 0.112402 0.105461 0.113834 0.112325
0.111092 0.114651 0.111082 0.110689 0.113468 0.109182 0.10593 0.112989
0.105469 0.123861 0.117585 0.102275 0.115222 0.113677 0.0977915 0.112092
0.0803254 0.0969343 0.122493 0.0850962 0.111812 0.142527 0.090268 0.114727
0.0870922 0.0893243 0.118822 0.0878468 0.101714 0.141099 0.0906807 0.105721
0.110898 0.0948872 0.0997598 0.118846 0.0988278 0.121183 0.119395 0.103624
0.123146 0.0956142 0.0935247 0.132966 0.105144 0.0968632 0.137264 0.107306
0.0903833 0.0919519 0.114363 0.0991493 0.102044 0.136121 0.109874 0.110768
0.08798 0.0896909 0.112294 0.099867 0.0981691 0.13325 0.10675 0.108393
0.0796228 0.0803529 0.105452 0.0945408 0.0911588 0.148259 0.104782 0.109213
0.0663989 0.0664965 0.0980884 0.0930566 0.091194 0.155298 0.105018 0.111538
0.0428306 0.0486075 0.0738685 0.0671509 0.0749952 0.143501 0.081011 0.137657
0.0784163 0.078402 0.0923602 0.0986028 0.106099 0.138843 0.108831 0.130308
0.114525 0.101336 0.10436 0.11824 0.10517 0.111165 0.124309 0.109382
0.116279 0.10684 0.107341 0.11455 0.109281 0.11183 0.116621 0.10739
0.117542 0.109727 0.108412 0.113757 0.111482 0.110401 0.11403 0.106023
0.119137 0.109578 0.107827 0.112528 0.107446 0.10594 0.116349 0.111494
0.119729 0.113288 0.102206 0.116331 0.111422 0.105225 0.114469 0.111496
0.118594 0.120961 0.105206 0.114153 0.112276 0.102628 0.108287 0.115011
0.0758625 0.0995497 0.105791 0.0858835 0.121077 0.133195 0.0940886 0.132795
0.0686716 0.0854767 0.126458 0.0730708 0.096387 0.170306 0.0778632 0.109708
0.0781181 0.0848924 0.132533 0.0834566 0.0955291 0.163293 0.0864033 0.10766
0.0952891 0.0925969 0.115599 0.0951366 0.101357 0.138305 0.102484 0.10832
0.0642612 0.0783032 0.126206 0.0717483 0.0986338 0.180213 0.0768784 0.10712
0.0619412 0.0838432 0.129562 0.0654421 0.0955816 0.1579 0.074555 0.110493
0.0584678 0.0683898 0.115619 0.0623052 0.0885781 0.182851 0.073862 0.104794
0.038 0.0549954 0.0860529 0.0524754 0.0709824 0.138531 0.0589413 0.0958376
0.0269843 0.0434765 0.0627026 0.0380212 0.0691439 0.118722 0.0595948 0.0990303
0.0563981 0.0711197 0.0990739 0.0769832 0.103203 0.168746 0.0962183 0.139423
0.0967569 0.101437 0.11533 0.102336 0.110012 0.121077 0.105184 0.113676
0.107078 0.110935 0.111771 0.109354 0.110608 0.115151 0.108965 0.11261
0.112547 0.11143 0.110668 0.112066 0.109499 0.110523 0.111549 0.111009
0.115341 0.11084 0.107014 0.112374 0.11248 0.108774 0.113253 0.109594
0.120075 0.110851 0.103585 0.112114 0.109092 0.104692 0.120695 0.108817
0.133728 0.112407 0.0958494 0.125146 0.106444 0.096844 0.123733 0.109068
0.0851734 0.101346 0.0893525 0.103766 0.124734 0.102598 0.12104 0.148191
0.0499741 0.0728253 0.127861 0.0575808 0.098248 0.196651 0.0632332 0.104854
0.0491984 0.0721764 0.134165 0.0541342 0.0884963 0.218409 0.0601405 0.0921282
0.060735 0.0799658 0.137801 0.0633377 0.0905884 0.189494 0.0724411 0.102801
0.0481569 0.0739467 0.107701 0.0571791 0.100174 0.182575 0.0649568 0.133875
0.0499519 0.0743939 0.114467 0.0599754 0.0993525 0.180959 0.069857 0.13685
0.0475198 0.0698806 0.110556 0.0563732 0.0942606 0.174087 0.0679072 0.141128
0.0328926 0.045455 0.0706288 0.0388791 0.0707677 0.135323 0.0525365 0.106922
0.0239255 0.0344332 0.044149 0.0356362 0.0593948 0.0864577 0.053598 0.128776
0.0450214 0.0620506 0.0778635 0.0650538 0.0944369 0.164254 0.0792961 0.125873
0.0837863 0.102452 0.120846 0.0881605 0.107333 0.131626 0.093471 0.115097
0.102034 0.113078 0.11004 0.104983 0.112986 0.118626 0.107813 0.114863
0.109235 0.112967 0.111162 0.106597 0.114024 0.111286 0.111929 0.108623
0.111994 0.109206 0.111123 0.110482 0.11056 0.111828 0.112882 0.111449
0.116438 0.110432 0.106653 0.113778 0.109325 0.107263 0.116942 0.109666
0.136065 0.102378 0.0956382 0.123814 0.10734 0.0982051 0.127505 0.108389
0.112824 0.0957704 0.0776045 0.142898 0.107721 0.0831036 0.158943 0.122818
0.0379832 0.0656002 0.0980685 0.050449 0.106135 0.164416 0.0613815 0.166876
0.0311613 0.0569705 0.0963833 0.0377508 0.0842961 0.212048 0.0405803 0.0982027
0.0391186 0.0654998 0.115114 0.0471277 0.0963707 0.168293 0.0526992 0.121916
0.0524559 0.0792181 0.0775067 0.068824 0.132511 0.12435 0.0934696 0.19357
0.0538354 0.077859 0.0793538 0.0749122 0.126147 0.118604 0.0996878 0.185359
0.0515361 0.0745701 0.0800505 0.06957 0.120092 0.120054 0.0966093 0.195917
0.0267684 0.0363004 0.0370584 0.0364514 0.0757672 0.0787445 0.0708879 0.365795
0.0227712 0.0295922 0.0281812 0.0384006 0.0599313 0.0597012 0.083739 0.336093
0.0465445 0.0636409 0.0621215 0.0760199 0.120208 0.115398 0.0981729 0.224855
0.0795172 0.0992873 0.100373 0.0881816 0.13003 0.120129 0.102451 0.132441
0.102838 0.113578 0.107878 0.101721 0.116277 0.115996 0.109688 0.114721
0.111743 0.111321 0.11072 0.110005 0.114588 0.111356 0.111118 0.109671
0.108885 0.110396 0.109704 0.114033 0.111106 0.111494 0.111326 0.109531
0.116844 0.111792 0.110391 0.113163 0.109203 0.1116 0.112825 0.104562
0.126938 0.107009 0.10655 0.115868 0.105305 0.104885 0.11912 0.108361
0.12611 0.0913075 0.0903915 0.141849 0.0997284 0.0974943 0.145724 0.09729
0.0367576 0.0577079 0.0583783 0.0642833 0.113509 0.113478 0.0970487 0.254687
0.0247533 0.0430688 0.0415756 0.0415789 0.0967308 0.0992035 0.0595732 0.214026
0.0416443 0.0683305 0.0661429 0.0641539 0.114932 0.120743 0.086774 0.199326
0.113214 0.112938 0.0784358 0.122464 0.129049 0.0930485 0.125296 0.13735
0.111469 0.110429 0.0780768 0.121878 0.129113 0.0853002 0.143995 0.130551
0.108052 0.105177 0.0689616 0.135853 0.13945 0.0767909 0.148345 0.141119
0.0970928 0.100071 0.0497742 0.150798 0.137567 0.0702695 0.169751 0.150121
0.0724566 0.0667815 0.0616267 0.117475 0.118001 0.125485 0.114994 0.118394
0.141382 0.156637 0.0647732 0.12272 0.156621 0.0754272 0.101226 0.126004
0.136128 0.130515 0.0756216 0.122413 0.132779 0.0743239 0.127107 0.126919
0.116456 0.117272 0.102563 0.111694 0.111861 0.103907 0.111862 0.116367
0.110608 0.11212 0.11346 0.111689 0.107803 0.110525 0.109121 0.109423
0.110502 0.109975 0.116121 0.108945 0.108914 0.114507 0.107557 0.107369
0.111703 0.110278 0.116569 0.107291 0.108207 0.115351 0.109262 0.105963
0.108357 0.107327 0.124834 0.105988 0.107889 0.117282 0.10667 0.103256
0.108551 0.107509 0.129827 0.105273 0.103262 0.125981 0.101743 0.0977486
0.106911 0.111684 0.113986 0.109579 0.120693 0.105063 0.105143 0.108752
0.11398 0.109307 0.0757873 0.147502 0.136334 0.0830974 0.1308 0.126694
0.104045 0.125277 0.0736143 0.131893 0.128548 0.0830955 0.133345 0.135173
0.138839 0.100332 0.0714434 0.153218 0.109454 0.0817616 0.154426 0.110192
0.137538 0.102289 0.073661 0.152717 0.104919 0.0790148 0.151159 0.112327
0.149571 0.0947992 0.0695932 0.174555 0.103451 0.0713629 0.151082 0.108128
0.127641 0.0776755 0.0513975 0.214625 0.0935863 0.0580806 0.217073 0.0952776
0.0572438 0.0560485 0.0797801 0.082382 0.0796839 0.124688 0.0913492 0.0968061
0.160408 0.0983208 0.0711878 0.183437 0.106252 0.0781492 0.141444 0.0897104
0.161215 0.107376 0.075923 0.148488 0.103787 0.0744816 0.149782 0.10737
0.126022 0.11483 0.097454 0.120382 0.114305 0.101685 0.118118 0.11116
0.114345 0.114264 0.106834 0.112604 0.112569 0.106107 0.113304 0.113823
0.11176 0.113892 0.110869 0.107597 0.11325 0.112507 0.107845 0.113154
0.102839 0.113023 0.118023 0.105882 0.111033 0.115246 0.106804 0.111344
0.101528 0.111424 0.125421 0.099299 0.110133 0.120895 0.102408 0.106933
0.0915279 0.103396 0.13162 0.0913533 0.104639 0.143622 0.0874553 0.107615
0.103522 0.103538 0.114345 0.104301 0.110716 0.121516 0.0941104 0.109792
0.142071 0.110057 0.0785021 0.143019 0.106688 0.0906067 0.131525 0.0990479
0.144152 0.103599 0.0723875 0.161769 0.106474 0.0788506 0.144691 0.104683
0.125012 0.0960153 0.0947846 0.127546 0.104442 0.100546 0.137032 0.10706
0.129384 0.089237 0.0906628 0.129349 0.103184 0.103848 0.142471 0.104456
0.120656 0.0875074 0.0837074 0.132433 0.0957561 0.104275 0.14826 0.106866
0.122025 0.0789742 0.079958 0.157392 0.0872839 0.0920216 0.163744 0.0944586
0.0474019 0.0568843 0.0715537 0.062677 0.0741759 0.146981 0.0730093 0.104373
0.121814 0.0934144 0.0958722 0.131919 0.104185 0.112133 0.114334 0.101806
0.142001 0.103651 0.0948971 0.132969 0.102109 0.0972535 0.133059 0.0998975
0.124232 0.109369 0.10359 0.113415 0.109856 0.103304 0.121978 0.10922
0.116665 0.107525 0.103826 0.116794 0.108693 0.106891 0.116689 0.112441
0.113322 0.111797 0.105793 0.112341 0.112133 0.107725 0.111545 0.113624
0.110508 0.114141 0.105515 0.108781 0.112246 0.110405 0.110705 0.113903
0.0999723 0.114986 0.113148 0.101423 0.114631 0.114799 0.106414 0.115432
0.0796286 0.101781 0.126837 0.0836147 0.110146 0.146886 0.0806597 0.11213
0.081011 0.0934739 0.125611 0.0849529 0.0973347 0.158737 0.0843571 0.105006
0.114091 0.094208 0.113984 0.113225 0.100505 0.121778 0.100535 0.0988563
0.128738 0.100093 0.097134 0.128552 0.102398 0.106736 0.122481 0.105985
0.0902686 0.0913729 0.127301 0.0965928 0.0961485 0.136999 0.0953707 0.106983
0.0873565 0.0847081 0.125339 0.0922177 0.0962455 0.146107 0.0985209 0.106688
0.0802626 0.0764905 0.116013 0.0866618 0.0932568 0.157675 0.0917915 0.102149
0.0733101 0.0719837 0.114558 0.0806413 0.0844751 0.177528 0.0837065 0.0999704
0.0358932 0.0445754 0.0798154 0.0444909 0.067924 0.125286 0.0536163 0.0946603
0.0763097 0.0849396 0.113082 0.0856558 0.104462 0.152689 0.0847719 0.119649
0.113621 0.10712 0.11209 0.115264 0.107922 0.112745 0.111702 0.10714
0.114959 0.109338 0.111146 0.114868 0.108498 0.109485 0.112679 0.110164
0.113203 0.107515 0.108719 0.114207 0.10719 0.111258 0.115013 0.110061
0.114877 0.109878 0.110907 0.112542 0.110331 0.107249 0.113512 0.110655
0.112774 0.108526 0.108333 0.114004 0.111233 0.106093 0.116817 0.114122
0.114377 0.109855 0.104023 0.112242 0.113741 0.104544 0.113207 0.11894
0.0718897 0.100013 0.109389 0.0807996 0.116645 0.138281 0.0908157 0.126468
0.0624686 0.0836861 0.143657 0.0665212 0.0937896 0.173279 0.0717582 0.103101
0.070773 0.0834932 0.151267 0.0729947 0.0942744 0.166718 0.0740539 0.100487
0.0847743 0.0885188 0.133799 0.0938102 0.0981934 0.139519 0.0926989 0.102481
0.0553126 0.0790635 0.136509 0.0631207 0.0908779 0.17581 0.0662029 0.0989603
0.0520715 0.0719605 0.129448 0.0577336 0.088382 0.201415 0.0620263 0.0970822
0.0465341 0.0653376 0.118658 0.0557689 0.0826092 0.205723 0.0624318 0.0968482
0.0365378 0.052277 0.0937772 0.0415624 0.068228 0.225218 0.0500414 0.0848986
0.027848 0.0505552 0.0752239 0.0398388 0.0711192 0.173475 0.0504915 0.110315
0.0568411 0.0785941 0.135012 0.0678063 0.103542 0.178744 0.0756612 0.115126
0.0996863 0.104202 0.11511 0.10238 0.109103 0.129729 0.102033 0.106926
0.110142 0.106052 0.116175 0.106472 0.109871 0.117291 0.10799 0.110249
0.110061 0.108625 0.111079 0.111222 0.110624 0.110172 0.11107 0.113832
0.110223 0.106903 0.110629 0.114041 0.111655 0.106165 0.11246 0.114569
0.113485 0.108348 0.107511 0.115763 0.110814 0.108244 0.116608 0.111193
0.119454 0.10744 0.0968629 0.122353 0.105945 0.0997255 0.128096 0.115405
0.076039 0.0906128 0.0864915 0.0965689 0.116058 0.113886 0.113764 0.15413
0.0478366 0.0845192 0.156711 0.0545541 0.0957562 0.188546 0.0584236 0.109962
0.0439068 0.0743028 0.165582 0.0505047 0.0830987 0.239452 0.0518725 0.0885011
0.0507521 0.0765746 0.161785 0.0553037 0.0873846 0.201863 0.0619931 0.0960612
0.0344297 0.0634457 0.121583 0.0414028 0.0902965 0.190613 0.0482054 0.122602
0.040166 0.0660579 0.112862 0.0452654 0.0933998 0.207629 0.0512797 0.120411
0.0332038 0.0582675 0.0999413 0.0439684 0.0836389 0.19073 0.0480613 0.107356
0.0177794 0.0296515 0.049488 0.0224851 0.0520107 0.155564 0.0275055 0.0694271
0.021899 0.0336344 0.0444787 0.0295201 0.0599686 0.124293 0.0403873 0.0983423
0.0486356 0.0811799 0.114081 0.0632949 0.105589 0.17602 0.0681743 0.108295
0.0818404 0.099752 0.127523 0.084339 0.107351 0.153093 0.0848841 0.112752
0.105921 0.110616 0.114574 0.099843 0.113884 0.114617 0.102736 0.116151
0.109368 0.109486 0.112322 0.107655 0.111135 0.111282 0.111701 0.118472
0.110783 0.108838 0.111103 0.110239 0.112305 0.110011 0.114058 0.113003
0.110965 0.111482 0.10717 0.114867 0.11068 0.106532 0.116364 0.110379
0.116164 0.101937 0.0994105 0.121872 0.107822 0.102038 0.130429 0.110714
0.0929917 0.0814306 0.0718267 0.11737 0.104971 0.0938779 0.167846 0.148807
0.0330844 0.065245 0.0914175 0.0417649 0.102844 0.174976 0.0474674 0.136402
0.0247575 0.0573071 0.122524 0.030622 0.0802751 0.305729 0.034438 0.0834991
0.0295429 0.0621702 0.121258 0.0345221 0.0880476 0.224877 0.0419644 0.0957103
0.0393441 0.0751387 0.0737235 0.0584908 0.128521 0.120728 0.0789752 0.22472
0.0419614 0.0737772 0.0684353 0.0601318 0.126007 0.130236 0.0811043 0.201824
0.0350157 0.0586011 0.0582629 0.0532613 0.129823 0.116202 0.0736768 0.21931
0.0133714 0.0218584 0.0214348 0.0249587 0.0701076 0.0613691 0.0368767 0.420012
0.0209183 0.0250139 0.0243398 0.0400287 0.0779981 0.0798688 0.0713533 0.350004
0.0464434 0.0666932 0.0664836 0.0642494 0.139903 0.142675 0.0798883 0.205639
0.0822279 0.107223 0.108415 0.0897786 0.12837 0.124671 0.0850037 0.136263
0.104539 0.110717 0.109788 0.102288 0.108991 0.11727 0.110021 0.120498
0.109731 0.111137 0.10968 0.109632 0.10904 0.115645 0.11174 0.114338
0.111189 0.109498 0.110318 0.11188 0.111255 0.110042 0.114616 0.111484
0.111479 0.111454 0.109195 0.114034 0.110177 0.109821 0.112619 0.111866
0.115585 0.102968 0.103387 0.117022 0.107689 0.107994 0.121264 0.113132
0.0934745 0.0719979 0.071352 0.130359 0.098053 0.0960242 0.175624 0.135616
0.0314514 0.0455885 0.0455479 0.0553383 0.112007 0.107272 0.0866419 0.28171
0.017491 0.035782 0.0350934 0.0273208 0.0895042 0.08659 0.0344266 0.426359
0.0294959 0.0521577 0.0562859 0.0443442 0.119894 0.11603 0.059749 0.258691
0.113622 0.120753 0.0809659 0.133023 0.124425 0.0867946 0.129524 0.122334
0.126325 0.117217 0.0767024 0.130885 0.130343 0.0804492 0.130224 0.127187
0.12905 0.127408 0.0725986 0.140822 0.1285 0.0726196 0.129688 0.127192
0.135438 0.148673 0.0606508 0.141761 0.143102 0.0661067 0.118615 0.114537
0.0895562 0.0971684 0.113492 0.102948 0.101143 0.147069 0.096433 0.0925399
0.162095 0.194983 0.0809401 0.108057 0.121087 0.0703896 0.101086 0.102567
0.120292 0.121451 0.0828295 0.125435 0.121496 0.0800567 0.134835 0.132259
0.1143 0.108755 0.102124 0.111134 0.113441 0.103605 0.117758 0.117263
0.11088 0.106888 0.112235 0.11233 0.108651 0.112079 0.11246 0.107483
0.107444 0.111068 0.113977 0.10888 0.108709 0.1155 0.108348 0.108463
0.109372 0.108862 0.115788 0.109291 0.106426 0.116399 0.109221 0.105168
0.108577 0.10914 0.117567 0.10768 0.107596 0.113844 0.107762 0.107107
0.108662 0.104606 0.13159 0.104558 0.101706 0.12253 0.100271 0.101505
0.110586 0.109021 0.115608 0.111169 0.104833 0.114916 0.106737 0.106714
0.131614 0.138622 0.0842513 0.12909 0.132354 0.080267 0.112785 0.117069
0.12796 0.118438 0.0772631 0.132196 0.132974 0.0788489 0.133476 0.120886
0.140361 0.104183 0.0770564 0.152438 0.110786 0.0773185 0.144046 0.108052
0.156623 0.101766 0.0762452 0.154985 0.104957 0.0761706 0.145458 0.107512
0.152566 0.0973183 0.0672475 0.162649 0.097737 0.0735843 0.164465 0.106777
0.191502 0.0891728 0.0591833 0.19012 0.082592 0.05744 0.1813 0.0843145
0.0582675 0.0575384 0.097623 0.0617436 0.0736795 0.191665 0.0646773 0.0724665
0.211607 0.102791 0.0865177 0.134299 0.0953529 0.0890054 0.117441 0.0802182
0.145233 0.104986 0.0827712 0.149295 0.103871 0.0766031 0.156124 0.106705
0.120121 0.115107 0.0976901 0.116216 0.111918 0.0971965 0.119443 0.118927
0.115005 0.11515 0.104982 0.106242 0.115163 0.108178 0.114693 0.116461
0.112019 0.11345 0.109311 0.110517 0.10908 0.1085 0.110731 0.114242
0.106992 0.111307 0.115275 0.107454 0.112886 0.113788 0.107405 0.110861
0.10427 0.108083 0.120872 0.103993 0.105268 0.119194 0.10225 0.1122
0.0905843 0.104044 0.129649 0.0890856 0.107745 0.138604 0.0899856 0.107276
0.0929854 0.10161 0.122342 0.0942562 0.10487 0.137413 0.0943144 0.107695
0.133148 0.112587 0.0950783 0.133491 0.102006 0.0979748 0.112316 0.0932497
0.152314 0.104042 0.075805 0.163357 0.0987833 0.0795966 0.137646 0.101488
0.119063 0.0980846 0.098978 0.122081 0.100044 0.105246 0.131959 0.1094
0.123761 0.0934926 0.0944226 0.130193 0.0992597 0.111753 0.134057 0.10256
0.127722 0.0866932 0.0968525 0.134846 0.093123 0.109589 0.135493 0.100967
0.144308 0.0797302 0.0895784 0.136819 0.08195 0.112379 0.134758 0.0929207
0.0409425 0.0494543 0.09115 0.0423163 0.0629446 0.174219 0.0451878 0.0744438
0.118509 0.0996858 0.114744 0.100562 0.0979284 0.126821 0.106194 0.10597
0.12717 0.105788 0.100131 0.136154 0.102947 0.0978863 0.126649 0.105872
0.11387 0.110338 0.104745 0.119816 0.108451 0.103517 0.121183 0.110096
0.114564 0.112113 0.108997 0.114412 0.109315 0.105367 0.114234 0.11161
0.110996 0.109161 0.106666 0.109546 0.114015 0.107458 0.117024 0.11294
0.109322 0.112918 0.108736 0.111376 0.114249 0.111034 0.111728 0.111233
0.103049 0.109966 0.112213 0.101991 0.115931 0.114851 0.103951 0.117702
0.0745169 0.101693 0.130984 0.0798616 0.103677 0.1441 0.0809304 0.116884
0.0755005 0.0895127 0.140109 0.076757 0.0981742 0.170628 0.0764257 0.104098
0.0993623 0.0902818 0.120633 0.0918846 0.0940815 0.139231 0.0891953 0.100555
0.119126 0.0979949 0.100484 0.12077 0.10291 0.109265 0.117651 0.105851
0.0866547 0.0872624 0.133074 0.0881499 0.0961354 0.149406 0.0890578 0.106301
0.0811133 0.0863354 0.140239 0.0835052 0.0953273 0.163747 0.0870966 0.0994755
0.0717693 0.0784917 0.136393 0.0772091 0.0880816 0.179591 0.0778779 0.0974106
0.0639715 0.0689028 0.132747 0.0602331 0.0817465 0.212262 0.0725912 0.0926855
0.0292565 0.0451578 0.0862661 0.0344853 0.0590704 0.172431 0.0379206 0.0754268
0.0713802 0.0931017 0.145611 0.0709422 0.103404 0.165216 0.0752901 0.106577
0.112102 0.108817 0.113845 0.112459 0.106095 0.115104 0.110869 0.106142
0.111453 0.108574 0.11366 0.112848 0.109655 0.111493 0.113521 0.110024
0.113305 0.109639 0.107901 0.113093 0.109099 0.113016 0.112317 0.113392
0.111671 0.109196 0.110883 0.11286 0.111801 0.107261 0.116728 0.109312
0.110877 0.10983 0.105809 0.111015 0.111915 0.110943 0.116394 0.112794
0.107828 0.109614 0.105941 0.107562 0.112564 0.107727 0.113462 0.120678
0.0652584 0.0937152 0.110249 0.0722403 0.110044 0.147492 0.0833965 0.128652
0.057411 0.0862845 0.155068 0.0615624 0.0909396 0.174528 0.0646774 0.101718
0.0563135 0.0768182 0.16399 0.0575495 0.0886231 0.196641 0.063468 0.0982507
0.0824502 0.0887208 0.133081 0.0830128 0.0930171 0.151758 0.0881288 0.108561
0.0491469 0.0749864 0.170467 0.0514892 0.085826 0.194627 0.0564546 0.0999986
0.0454423 0.0711726 0.153621 0.0493352 0.0802489 0.203269 0.0538531 0.0949675
0.0417072 0.0637167 0.131601 0.0465623 0.0756143 0.248298 0.0496421 0.0803931
0.0288333 0.0435633 0.130919 0.0318082 0.0578427 0.208022 0.035688 0.0644969
0.0235753 0.0432814 0.100985 0.0300988 0.0639746 0.202002 0.0361166 0.0861073
0.0545048 0.0897905 0.15339 0.0607592 0.103603 0.181978 0.063333 0.10909
0.098843 0.109254 0.119237 0.10015 0.108878 0.124598 0.0999724 0.110446
0.10551 0.110123 0.116071 0.103442 0.109326 0.119786 0.106983 0.109386
0.109602 0.112696 0.112396 0.110775 0.107833 0.111479 0.110599 0.109309
0.108527 0.109022 0.113128 0.111957 0.108605 0.11053 0.110778 0.111881
0.10891 0.10871 0.106524 0.109992 0.111654 0.112238 0.114697 0.11405
0.1074 0.103092 0.103279 0.116638 0.110866 0.108736 0.121569 0.114819
0.0617629 0.0785865 0.0843399 0.0798209 0.112353 0.132158 0.100162 0.165486
0.042819 0.0767744 0.152681 0.0463847 0.0938088 0.198875 0.0528049 0.109161
0.0360567 0.0688663 0.223474 0.0396451 0.0780644 0.243537 0.0464878 0.0880962
0.0448734 0.0721845 0.181054 0.0444436 0.0861923 0.219176 0.0524862 0.091819
0.0233016 0.0556313 0.136373 0.0289596 0.0816329 0.237866 0.0345109 0.0934292
0.0261214 0.0576822 0.121082 0.0318179 0.0746615 0.246056 0.0357218 0.0984059
0.025012 0.0497618 0.0984808 0.029196 0.0661382 0.223456 0.0320998 0.0810191
0.0150408 0.0321991 0.0810437 0.0180646 0.0482878 0.191695 0.0188302 0.0586505
0.021477 0.0418012 0.0670161 0.0297266 0.0687912 0.165367 0.0367424 0.0993295
0.0492006 0.0804524 0.130442 0.0560582 0.0935811 0.207477 0.0610791 0.106162
0.0883941 0.106597 0.134539 0.0828467 0.108676 0.13541 0.085882 0.113918
0.0991917 0.111689 0.117723 0.101786 0.112463 0.120272 0.104159 0.11699
0.10586 0.110671 0.113208 0.109777 0.114482 0.111033 0.107682 0.116217
0.108654 0.107566 0.108825 0.110637 0.11245 0.114047 0.112007 0.113512
0.111761 0.111447 0.108378 0.113035 0.110476 0.110078 0.113089 0.11251
0.104792 0.105153 0.105656 0.117332 0.112173 0.103234 0.127113 0.116115
0.061603 0.0657673 0.0686092 0.0922406 0.108992 0.112285 0.149793 0.172624
0.0280592 0.0643627 0.0955458 0.0362646 0.0971018 0.180844 0.0456485 0.122278
0.0220694 0.0638331 0.164954 0.0275813 0.0772678 0.287131 0.0327477 0.0820639
0.0205443 0.056705 0.149081 0.0260924 0.0758872 0.277631 0.0313672 0.0833563
0.0244434 0.0614527 0.062785 0.037396 0.141121 0.136951 0.0507717 0.252531
0.0247476 0.0557657 0.0548604 0.0345989 0.117641 0.112985 0.0509928 0.310818
0.0195554 0.04301 0.0418532 0.0276807 0.115232 0.124114 0.0351798 0.265855
0.00900402 0.0214926 0.0212112 0.0147692 0.0609638 0.0553642 0.0203241 0.311701
0.023025 0.0363181 0.0364311 0.0391557 0.0923741 0.095378 0.0683054 0.340353
0.0496091 0.102655 0.0976828 0.0645734 0.129645 0.153278 0.0660469 0.169414
0.0906729 0.116823 0.123566 0.084692 0.12758 0.118271 0.0876968 0.124286
0.104379 0.110674 0.106227 0.107099 0.117291 0.113726 0.109513 0.116479
0.110515 0.110914 0.110457 0.111798 0.113103 0.107807 0.108319 0.113125
0.109843 0.10903 0.108213 0.114395 0.109775 0.113244 0.112838 0.11236
0.111437 0.108598 0.107493 0.114449 0.108772 0.111676 0.113645 0.110631
0.109114 0.107765 0.104951 0.11029 0.111161 0.108267 0.121526 0.112028
0.0561997 0.059073 0.0578994 0.0999563 0.106258 0.100427 0.175819 0.167959
0.0242345 0.0364735 0.0372331 0.0430209 0.0892732 0.0863319 0.0697863 0.347811
0.014186 0.0361618 0.0366803 0.0212621 0.101623 0.106994 0.0279586 0.355989
0.0193061 0.0527301 0.0523736 0.0308481 0.149073 0.117264 0.0409674 0.246725
0.132776 0.135611 0.0836897 0.125246 0.128815 0.0872393 0.114871 0.111493
0.129322 0.136738 0.0809894 0.13531 0.122716 0.0807011 0.116885 0.115475
0.144428 0.129047 0.0722154 0.141617 0.130949 0.0768941 0.115539 0.122386
0.14341 0.143741 0.0690587 0.144684 0.138614 0.0683713 0.133444 0.106562
0.11276 0.10599 0.122969 0.0952164 0.0983022 0.149229 0.0896091 0.0871431
0.154803 0.168505 0.0904671 0.132104 0.133375 0.0819751 0.0815281 0.0880315
0.114657 0.113496 0.088655 0.133507 0.123813 0.0951087 0.128513 0.120863
0.105979 0.106518 0.104901 0.117069 0.114659 0.108299 0.115665 0.1187
0.109236 0.106618 0.111603 0.109525 0.111591 0.11253 0.112002 0.112052
0.110168 0.110847 0.112972 0.108658 0.110342 0.112132 0.110726 0.107279
0.109988 0.10836 0.113322 0.106887 0.109225 0.114942 0.109854 0.109792
0.109906 0.108741 0.118342 0.109288 0.108689 0.115729 0.108287 0.10768
0.108078 0.107247 0.125511 0.108889 0.109797 0.123398 0.100249 0.101227
0.108214 0.108817 0.114645 0.105749 0.108194 0.124403 0.101124 0.103837
0.141338 0.141949 0.088741 0.132473 0.125983 0.0854582 0.103141 0.105154
0.143385 0.132055 0.0779781 0.135069 0.134949 0.0820921 0.110768 0.106752
0.150614 0.10162 0.0746572 0.160153 0.109985 0.0833723 0.135586 0.102185
0.158936 0.100643 0.0741422 0.152127 0.106101 0.0789971 0.152029 0.101546
0.175483 0.0964436 0.0709285 0.172318 0.0959883 0.0714371 0.156831 0.0922622
0.203856 0.088107 0.058703 0.181463 0.0908535 0.0666302 0.155141 0.087681
0.0590936 0.0671558 0.131651 0.0668782 0.0696273 0.204608 0.0598961 0.0710677
0.174481 0.117949 0.0987679 0.141252 0.09846 0.0980334 0.0971244 0.0847253
0.134594 0.109511 0.0854551 0.139133 0.111541 0.0877975 0.141463 0.104026
0.116026 0.111936 0.0979799 0.117172 0.114702 0.103504 0.119817 0.11999
0.111401 0.112616 0.106567 0.112707 0.112316 0.105653 0.11476 0.115226
0.109263 0.113251 0.112053 0.108356 0.112409 0.111763 0.110964 0.114403
0.106001 0.111324 0.112652 0.108213 0.111877 0.115187 0.107626 0.111182
0.0993332 0.110182 0.122022 0.104847 0.10701 0.121913 0.104577 0.107337
0.0912736 0.104385 0.136175 0.0921915 0.106817 0.145242 0.0868841 0.103668
0.087633 0.099014 0.132528 0.0889929 0.108697 0.147115 0.0891267 0.103832
0.126311 0.107265 0.110246 0.108226 0.0989628 0.129225 0.101237 0.0946562
0.141113 0.100129 0.0877733 0.152539 0.102566 0.0894022 0.123793 0.0999007
0.112902 0.0897976 0.096587 0.116676 0.091881 0.102697 0.107554 0.099989
0.12708 0.0939268 0.107108 0.131299 0.0974598 0.105814 0.121362 0.0990581
0.12971 0.0963592 0.10926 0.128332 0.0951311 0.109392 0.119443 0.093508
0.123286 0.0757211 0.102785 0.13824 0.0896629 0.123846 0.132221 0.0859462
0.0417613 0.058032 0.124576 0.0423471 0.0673101 0.250211 0.0402994 0.0759374
0.109525 0.101941 0.134919 0.0972905 0.105237 0.140511 0.085208 0.0977915
0.128501 0.105793 0.101137 0.125473 0.107785 0.0999713 0.123519 0.103449
0.117022 0.108248 0.106912 0.119805 0.105793 0.107905 0.118753 0.108168
0.113461 0.109499 0.105851 0.115303 0.111848 0.109408 0.115842 0.11074
0.11247 0.111251 0.108609 0.112965 0.111141 0.108051 0.111252 0.113947
0.108216 0.109852 0.109548 0.11087 0.111973 0.111251 0.110789 0.117018
0.104119 0.110341 0.11455 0.102637 0.11548 0.113933 0.104241 0.117583
0.0733088 0.0993385 0.135473 0.0760163 0.109502 0.166891 0.0757884 0.110582
0.0692053 0.0898586 0.144268 0.073791 0.098505 0.177 0.0733006 0.0973559
0.0780586 0.082971 0.135751 0.0699643 0.0903685 0.181375 0.0643956 0.0941613
0.11065 0.0875939 0.096702 0.105526 0.0982961 0.116618 0.0973635 0.102277
0.073965 0.0831052 0.128769 0.0765198 0.0914521 0.150993 0.0824264 0.151947
0.0756684 0.081201 0.150308 0.0739041 0.0897699 0.167094 0.0746258 0.0944306
0.0653926 0.079759 0.154139 0.0648322 0.084026 0.171884 0.0671691 0.0887327
0.0504163 0.0657194 0.162811 0.0557809 0.0747387 0.189525 0.0581672 0.0789968
0.0278529 0.0489839 0.131193 0.0303982 0.0634087 0.282317 0.0333316 0.0642928
0.0658058 0.0960143 0.159768 0.0684385 0.106765 0.168928 0.0678276 0.10278
0.110865 0.107798 0.113078 0.109749 0.109198 0.116397 0.106422 0.110952
0.107932 0.106732 0.113064 0.113729 0.110183 0.113474 0.112673 0.108359
0.111782 0.111473 0.109825 0.112841 0.109494 0.109092 0.113396 0.108753
0.111318 0.108368 0.11025 0.11152 0.110366 0.11138 0.114999 0.110451
0.110826 0.10661 0.109972 0.113571 0.110417 0.109002 0.117023 0.113554
0.105274 0.108498 0.104057 0.110756 0.113989 0.110507 0.114429 0.118792
0.061329 0.090227 0.121948 0.071851 0.115417 0.170478 0.0728619 0.122561
0.0532339 0.0850334 0.176526 0.0579953 0.0945576 0.195483 0.0606163 0.0937046
0.042473 0.065976 0.186458 0.0442251 0.0811824 0.229313 0.0480044 0.0851711
0.0704582 0.0796294 0.138727 0.0740642 0.0921025 0.157198 0.0761035 0.136458
0.0391627 0.0680629 0.185263 0.0428522 0.0795793 0.200992 0.070585 0.0856431
0.0381507 0.0644898 0.164653 0.0399397 0.0705283 0.227595 0.0405362 0.0788957
0.0370035 0.0629433 0.182946 0.0390157 0.0713472 0.235654 0.0419068 0.0784666
0.0264423 0.0484259 0.148008 0.0302403 0.0543307 0.318637 0.0317697 0.0660414
0.0241578 0.0536226 0.155843 0.0282888 0.0721406 0.243383 0.0290757 0.0768871
0.0540035 0.0996582 0.179591 0.0600544 0.104259 0.184892 0.0576099 0.0987084
0.100514 0.108933 0.125635 0.0991305 0.109764 0.12437 0.101598 0.109391
0.104573 0.10858 0.117946 0.106706 0.109672 0.116893 0.106555 0.111318
0.106549 0.109365 0.113634 0.107358 0.108144 0.117121 0.109989 0.11111
0.110609 0.109914 0.115739 0.110847 0.108754 0.11006 0.110826 0.111798
0.107538 0.109846 0.109926 0.109615 0.112647 0.11093 0.11059 0.113422
0.103501 0.105273 0.110037 0.110349 0.110975 0.112512 0.115257 0.117251
0.051899 0.0757692 0.0959845 0.0681533 0.113517 0.149236 0.079772 0.146099
0.036393 0.0781913 0.170923 0.0423106 0.0923378 0.223465 0.044791 0.09567
0.027421 0.0611611 0.293571 0.0324975 0.0710712 0.215885 0.0377211 0.0758125
0.037125 0.0720652 0.190779 0.0428911 0.0814458 0.225355 0.0659222 0.090907
0.0174938 0.0497557 0.187371 0.0211342 0.0694129 0.34792 0.021901 0.0664847
0.0172663 0.0433424 0.15353 0.0196591 0.0562675 0.42065 0.0213284 0.0590228
0.0185714 0.0437875 0.152399 0.0197303 0.0541225 0.329863 0.0220574 0.0573299
0.00971852 0.0256556 0.0963478 0.0108661 0.0319839 0.20625 0.0129452 0.0330144
0.0221897 0.0529531 0.0972691 0.0281933 0.0809373 0.343339 0.0314559 0.0848735
0.0523041 0.0935232 0.178885 0.0577573 0.103666 0.19719 0.0542009 0.0970314
0.0890644 0.108452 0.131246 0.0884779 0.113486 0.133081 0.093065 0.106655
0.0995127 0.11492 0.11791 0.102889 0.113929 0.114799 0.101602 0.112815
0.10457 0.113055 0.113477 0.109011 0.113556 0.113727 0.105416 0.110944
0.106632 0.112531 0.11228 0.107819 0.116034 0.109765 0.111144 0.115054
0.106294 0.111261 0.109153 0.11121 0.110989 0.110432 0.112845 0.115201
0.101864 0.10898 0.104562 0.111134 0.113967 0.111639 0.114809 0.118394
0.0441429 0.0607632 0.0717139 0.0721464 0.11123 0.146647 0.103607 0.169577
0.0252 0.0590191 0.0941849 0.033923 0.0880547 0.175039 0.0375958 0.12535
0.0217368 0.0715907 0.184059 0.0296421 0.083 0.276622 0.0313261 0.0837618
0.0180189 0.059851 0.19631 0.0218501 0.0663064 0.315994 0.0240625 0.0677493
0.0147373 0.078739 0.0778118 0.0214004 0.311517 0.205131 0.0218012 0.134611
0.0104595 0.0494294 0.0542377 0.0153538 0.196093 0.220057 0.0162617 0.221258
0.00815801 0.035812 0.0348529 0.0104692 0.163811 0.187041 0.0122052 0.186544
0.00733286 0.0307376 0.0335752 0.011185 0.101143 0.143999 0.0119137 0.231766
0.0269983 0.0576645 0.0604777 0.0541111 0.18753 0.20105 0.0605098 0.183347
0.0538542 0.126808 0.123183 0.0628946 0.165834 0.186307 0.0575285 0.109206
0.0916181 0.113392 0.123822 0.0916287 0.125741 0.133291 0.0877027 0.119145
0.107315 0.111233 0.110087 0.107604 0.116425 0.110932 0.109484 0.115103
0.111164 0.110401 0.109274 0.110864 0.113573 0.111291 0.113277 0.107997
0.106775 0.108635 0.110182 0.11321 0.109701 0.110887 0.117234 0.110627
0.111187 0.109578 0.109803 0.114272 0.109984 0.110604 0.115602 0.109291
0.107013 0.104508 0.107618 0.112291 0.109579 0.113756 0.116492 0.114052
0.0357087 0.0476862 0.0461735 0.0749654 0.104634 0.10314 0.158482 0.224813
0.0184185 0.0295646 0.0309335 0.0330891 0.0745497 0.0773977 0.0692658 0.350619
0.0144575 0.0494509 0.0482406 0.022525 0.128818 0.123617 0.0319403 0.311694
0.0166161 0.0769965 0.079505 0.0238175 0.251498 0.236163 0.0241555 0.150311
0.137932 0.13935 0.0869715 0.117509 0.118173 0.0834519 0.121485 0.110807
0.138189 0.132828 0.0870878 0.12034 0.121301 0.0794522 0.120289 0.120115
0.126115 0.145564 0.0748524 0.123738 0.140674 0.06829 0.133643 0.116228
0.135728 0.142314 0.0776673 0.120253 0.14059 0.0652175 0.124636 0.132834
0.105467 0.10621 0.145786 0.0939682 0.0947623 0.124483 0.100661 0.0956437
0.145563 0.141024 0.103177 0.110669 0.107493 0.0821464 0.109821 0.113486
0.130004 0.126739 0.0944877 0.117491 0.11377 0.0843881 0.123131 0.12459
0.107806 0.11396 0.106995 0.113677 0.116458 0.105362 0.111232 0.114726
0.108869 0.107871 0.113696 0.110977 0.109004 0.111892 0.113236 0.110104
0.108352 0.10845 0.112954 0.110229 0.11116 0.113404 0.111778 0.109431
0.104766 0.108897 0.113306 0.109499 0.110524 0.115422 0.110202 0.112253
0.106807 0.110326 0.118839 0.110215 0.10895 0.116493 0.109842 0.10656
0.102928 0.107337 0.126382 0.105735 0.10548 0.124693 0.104649 0.102561
0.11039 0.103707 0.127372 0.100695 0.104199 0.121415 0.101374 0.103331
0.139175 0.138688 0.0904806 0.115632 0.112816 0.0837736 0.115623 0.120167
0.145708 0.150195 0.0837349 0.115115 0.111058 0.0824325 0.116309 0.113931
0.15314 0.107609 0.0841754 0.138514 0.102766 0.0865694 0.136359 0.103541
0.16884 0.10826 0.0764484 0.141147 0.102868 0.0737817 0.151121 0.101778
0.187206 0.096889 0.072541 0.15795 0.0962629 0.071368 0.156215 0.0934437
0.241995 0.0848496 0.0579906 0.175871 0.077797 0.0561629 0.165464 0.0768646
0.0679842 0.073571 0.167641 0.0619407 0.0718984 0.225409 0.0644957 0.070183
0.146485 0.117547 0.109725 0.122188 0.0951103 0.0961554 0.10997 0.101008
0.126286 0.112007 0.096783 0.12999 0.107109 0.0924107 0.13383 0.108709
0.115613 0.114459 0.103553 0.115191 0.112891 0.105243 0.114353 0.114321
0.11073 0.113569 0.109414 0.110199 0.113865 0.109472 0.109089 0.113906
0.109299 0.111634 0.109436 0.109474 0.113986 0.111573 0.1096 0.115002
0.103623 0.113314 0.112931 0.108498 0.112556 0.115436 0.110437 0.111863
0.107572 0.109811 0.118996 0.100451 0.111173 0.117531 0.102973 0.111376
0.0910258 0.111159 0.142711 0.0869079 0.104836 0.139347 0.0872491 0.103594
0.0896864 0.0995773 0.148863 0.0869186 0.104087 0.143419 0.0850703 0.101085
0.116602 0.102248 0.133464 0.0994237 0.0949104 0.130015 0.101139 0.0914644
0.14467 0.108471 0.0947483 0.126359 0.101681 0.103292 0.12061 0.100649
0.10681 0.0877513 0.0937874 0.0992458 0.0871019 0.168323 0.0994646 0.0928879
0.127219 0.0972229 0.11306 0.118953 0.0965001 0.11364 0.125719 0.0946581
0.13132 0.0942741 0.109235 0.117521 0.0947022 0.116261 0.123547 0.0963085
0.119735 0.084467 0.123454 0.11665 0.0904162 0.128894 0.122056 0.0881076
0.0415389 0.0617868 0.236006 0.0402594 0.0701615 0.247162 0.0371324 0.070549
0.0965335 0.107441 0.141181 0.0877678 0.0997122 0.1342 0.093143 0.106051
0.121264 0.107038 0.106144 0.121386 0.106794 0.107326 0.118639 0.105143
0.114574 0.111107 0.10433 0.115619 0.111223 0.109091 0.118347 0.103907
0.110147 0.108388 0.110835 0.115389 0.111726 0.109188 0.112992 0.112359
0.112336 0.108409 0.10962 0.112117 0.113029 0.111406 0.112548 0.110726
0.109522 0.112429 0.110676 0.109568 0.111855 0.108872 0.111208 0.112909
0.103629 0.113144 0.114113 0.104607 0.11351 0.116733 0.107838 0.114911
0.0765096 0.110117 0.148384 0.0766876 0.1081 0.153877 0.0769907 0.107289
0.068995 0.0938298 0.166917 0.0702263 0.0928318 0.169822 0.0701533 0.0969262
0.0593259 0.0819267 0.183863 0.0583906 0.0814884 0.20225 0.0559662 0.0800638
0.0926004 0.0901281 0.10742 0.092775 0.0965826 0.167455 0.092384 0.0911354
0.0251615 0.0452068 0.208082 0.0290198 0.088421 0.263842 0.0279343 0.0846708
0.0612966 0.0800816 0.1641 0.0612064 0.0843189 0.206201 0.0597752 0.0827808
0.0635317 0.0759894 0.184716 0.0623399 0.0815342 0.193189 0.062258 0.084384
0.0488198 0.0625667 0.153704 0.0478402 0.0663396 0.232268 0.0479977 0.0665645
0.0295116 0.0622963 0.206952 0.032673 0.0613848 0.287993 0.0322036 0.0629023
0.0709005 0.103832 0.172185 0.0667632 0.10243 0.155617 0.0682535 0.103465
0.109101 0.110926 0.113889 0.108109 0.110768 0.115518 0.107407 0.110246
0.111242 0.109856 0.114769 0.110336 0.107755 0.112413 0.111843 0.109595
0.111005 0.111926 0.110078 0.113017 0.109055 0.113108 0.112847 0.109653
0.110975 0.109171 0.110317 0.111963 0.11244 0.111619 0.113718 0.109436
0.113394 0.11071 0.111369 0.116808 0.109496 0.108914 0.112923 0.108536
0.107542 0.109488 0.114602 0.110623 0.112094 0.110584 0.109946 0.114527
0.0635083 0.0998146 0.140809 0.0650732 0.109506 0.170922 0.0658266 0.108323
0.0524684 0.0898891 0.19466 0.0545512 0.0932698 0.188258 0.0547512 0.0920796
0.0362282 0.0664169 0.227154 0.0372734 0.0732019 0.229553 0.0366725 0.0733347
0.0594702 0.0777374 0.157094 0.0636824 0.121607 0.159851 0.0638551 0.124459
0.0338804 0.0676238 0.207291 0.0531975 0.0751542 0.218326 0.0569689 0.0741461
0.0321577 0.0612538 0.223011 0.0333813 0.0655928 0.201477 0.0335714 0.0638832
0.0321149 0.0600793 0.226292 0.034818 0.0667365 0.228005 0.0349109 0.0647591
0.0220157 0.0403269 0.248212 0.0228797 0.0489122 0.310664 0.0232562 0.0495899
0.0259936 0.0616206 0.217554 0.0266654 0.0672605 0.269224 0.0254501 0.0643876
0.0595488 0.106275 0.178935 0.0598844 0.103641 0.162722 0.0590074 0.101786
0.103463 0.11197 0.118283 0.0998273 0.111344 0.122161 0.104379 0.110795
0.104815 0.109544 0.117247 0.10626 0.11122 0.114158 0.107563 0.112234
0.109196 0.110804 0.11315 0.108417 0.112247 0.112283 0.110707 0.11217
0.110062 0.111306 0.113691 0.109371 0.113339 0.114118 0.1079 0.110043
0.109709 0.113702 0.111549 0.107678 0.110963 0.110937 0.108689 0.112011
0.105107 0.111284 0.109787 0.109894 0.114598 0.113306 0.108396 0.112614
0.0517752 0.0889407 0.126008 0.0624964 0.118482 0.191562 0.06315 0.117098
0.0353799 0.08469 0.16943 0.0395134 0.0906573 0.234661 0.0387738 0.0918355
0.0254517 0.0661136 0.269257 0.0290463 0.0688902 0.227152 0.0300029 0.0688394
0.0371596 0.0755745 0.202356 0.0555979 0.0806747 0.200879 0.056087 0.0809794
0.0161638 0.055693 0.301007 0.0177048 0.0574142 0.244714 0.017964 0.0554837
0.0151743 0.0484242 0.253884 0.0166379 0.0510108 0.268746 0.015913 0.0480581
0.0147452 0.0392583 0.222329 0.0169715 0.0425925 0.314678 0.0166599 0.0440837
0.0105757 0.0396742 0.241364 0.0123444 0.0362866 0.336972 0.0126601 0.0374968
0.0294552 0.0762226 0.200063 0.0303024 0.0890348 0.20697 0.0309651 0.082544
0.0577019 0.111906 0.20804 0.0571263 0.102931 0.149442 0.0557426 0.101938
0.0953555 0.110963 0.127291 0.0960317 0.109361 0.132416 0.0926768 0.108742
0.103292 0.114426 0.117762 0.105383 0.114319 0.119016 0.101063 0.109995
0.108853 0.115011 0.108971 0.109562 0.111444 0.11263 0.105988 0.112895
0.109032 0.115054 0.112208 0.110024 0.111985 0.110178 0.108563 0.112122
0.111114 0.111164 0.110314 0.111891 0.112711 0.106272 0.111202 0.11364
0.105217 0.114216 0.117913 0.107825 0.112901 0.113176 0.106482 0.110617
0.0408851 0.0691405 0.0988918 0.0644368 0.12986 0.20408 0.0637673 0.135348
0.0232143 0.0618388 0.106567 0.0316455 0.12483 0.261736 0.0313479 0.127885
0.0229638 0.0730096 0.205701 0.0263055 0.0830243 0.252429 0.0259488 0.0833888
0.019179 0.0724762 0.341021 0.0209738 0.0665424 0.213468 0.0212291 0.0684233
0.0152903 0.252532 0.250172 0.0162468 0.119565 0.113468 0.016131 0.107657
0.00816028 0.146273 0.21603 0.0087341 0.180084 0.151152 0.00843328 0.14836
0.00418688 0.108059 0.0928216 0.00520765 0.164981 0.157352 0.00518536 0.267631
0.00605034 0.0648182 0.0647943 0.00737567 0.244962 0.124425 0.00693267 0.363347
0.054427 0.137312 0.14206 0.0581262 0.135383 0.154154 0.0595847 0.125708
0.0713831 0.153973 0.161213 0.0665042 0.114669 0.125701 0.0691127 0.123391
0.0956224 0.127367 0.122825 0.093824 0.113095 0.118207 0.0974802 0.113391
0.104731 0.114371 0.113281 0.106484 0.112484 0.116243 0.105501 0.111159
0.111111 0.113211 0.108881 0.111126 0.110928 0.111394 0.108785 0.112512
0.114376 0.110036 0.11262 0.109135 0.111551 0.110356 0.113377 0.108065
0.115381 0.110776 0.108458 0.115774 0.109398 0.107698 0.114666 0.108633
0.11174 0.111735 0.111177 0.111941 0.112687 0.107939 0.115617 0.108047
0.0353858 0.0550684 0.0545342 0.0826207 0.183554 0.17096 0.0819043 0.169725
0.0198887 0.0339981 0.0327709 0.0823201 0.190743 0.192989 0.0769186 0.175918
0.0246849 0.0857624 0.0849963 0.0425528 0.178895 0.189157 0.0427219 0.167532
0.0236601 0.218036 0.225982 0.0235183 0.10843 0.134774 0.0234959 0.13606
