189.223
183.805
183.341
164.17
180.066
184.86
212.569
240.274
266.863
301.415
288.913
227.924
215.152
212.12
201.851
194.331
188.333
185.548
184.344
169.825
177.835
191.149
212.479
227.256
276.485
296.078
297.062
222.269
215.501
212.58
201.102
192.858
187.13
185.846
185.463
177.674
190.748
199.812
200.263
212.88
257.938
267.99
253.512
222.677
216.162
213.4
200.468
192.307
188.331
186.072
189.233
187.02
199.317
204.352
204.291
211.121
223.825
243.289
254.795
222.081
217.041
214.473
201.816
191.953
188.274
188.28
192.097
189.796
210.603
212.03
206.554
212.392
219.757
234.227
240.185
221.708
219.19
216.299
204.308
195.379
196.282
191.457
188.196
196.207
217.786
216.93
209.994
210.937
221.253
225.955
226.75
218.996
219.894
217.969
208.853
201.837
200.465
195.451
193.598
197.239
221.382
219.488
212.211
209.794
226.371
222.874
226.05
216.791
220.717
218.627
211.557
205.265
190.854
187.888
182.875
170.839
183.581
204.866
218.499
224.623
260.689
271.063
259.51
219.661
218.264
214.321
204.376
196.097
191.287
188.669
180.858
178.01
191.343
207.218
219.619
225.884
242.873
247.938
244.685
221.18
218.641
214.935
203.735
195.553
190.023
184.463
187.793
180.152
193.615
208.685
212.545
218.229
221.989
236.514
243.363
222.139
219.956
216.369
203.591
194.98
191.706
189.782
188.8
193.483
207.891
211.837
209.809
212.757
216.419
221.512
237.424
221.841
220.981
218.308
205.761
196.606
197.284
194.159
194.841
196.891
218.655
217.905
216.185
211.499
214.383
218.325
226.954
222.455
222.138
221.198
209.865
201.511
205.099
192.951
191.893
194.676
225.211
224.291
219.412
216.906
215.892
217.234
222.799
221.011
222.983
223.426
215.871
209.26
208.811
187.617
202.123
207.125
227.137
226.476
221.549
216.57
215.328
219.546
221.897
220.242
223.57
224.228
221.164
214.589
192.21
188.737
181.818
178.603
189.104
209.688
222.369
232.449
241.087
238.052
228.577
220.807
221.196
216.104
204.666
196.714
192.134
189.638
179.085
178.209
183.156
210.722
220.501
230.872
233.493
233.08
226.134
221.45
222.044
217.404
205.108
197.365
193.193
189.426
185.246
186.872
202.868
213.505
219.965
223.572
227.852
227.826
225.412
222.922
223.455
219.609
206.907
198.278
197.38
194.291
182.823
195.869
212.039
219.888
218.774
219.419
220.159
222.127
224.791
223.728
224.668
222.895
211.372
202.885
205.979
200.076
202.08
202.545
223.899
225.255
222.582
220.284
220.451
220.603
222.102
223.941
225.478
226.115
218.041
211.441
215.469
206.517
205.233
209.78
227.275
228.829
226.73
223.694
221.269
221.675
222.168
223.481
225.998
228.507
226.165
220.223
220.714
216.087
214.575
202.468
229.06
230.904
228.196
224.102
222.631
222.557
222.939
223.631
226.028
230.41
230.404
225.434
192.614
187.863
182.678
177.85
193.124
211.172
222.703
226.922
228.707
224.626
222.764
222.088
223.068
216.483
204.528
197.241
194.784
190.687
184.049
178.11
192.904
213.004
222.639
226.373
226.423
225.309
223.106
222.844
224.468
219.264
206.039
198.599
197.435
191.945
186.258
187.805
208.147
218.276
222.661
223.769
223.524
224.017
224.101
224.121
226.34
222.796
209.663
201.648
205.261
198.098
197.577
200.929
221.025
224.491
224.189
223.858
223.718
224.32
224.55
224.959
227.573
226.72
216.258
208.275
216.202
210.144
209.479
208.802
228.801
229.765
228.451
226.441
225.182
225.465
225.29
225.932
228.471
230.508
226.02
218.702
222.903
220.443
211.893
210.959
230.465
231.633
230.851
228.677
227.06
226.577
227.2
226.9
228.764
232.923
233.684
230.828
229.231
221.287
222.799
215.853
230.172
232.898
230.682
229.633
229.918
228.8
228.906
227.922
228.829
234.313
236.178
233.97
193.827
190.539
185.446
174.124
192.424
211.622
221.265
223.654
223.456
222.617
222.662
223.882
224.674
217.625
205.743
198.322
196.453
191.529
185.919
180.307
205.36
214.437
222.386
223.443
223.166
223.242
223.299
224.848
226.422
220.657
207.674
200.407
200.071
194.924
189.989
187.21
214.497
220.225
223.863
224.003
223.295
224.244
224.469
225.827
228.063
225.233
213.131
204.487
208.236
206.826
195.791
202.616
225.344
227.085
227.048
226.876
226.191
226.104
226.098
227.15
230.063
230.178
222.725
213.946
224.572
216.119
212.869
218.877
230.971
231.716
231.292
229.928
229.425
229.257
228.803
228.884
231.1
234.067
232.466
227.322
233.328
227.629
224.15
225.372
232.661
233.512
233.671
232.614
232.01
232.061
231.312
230.952
231.619
235.883
237.348
235.676
236.486
229.58
223.814
226.537
232.87
234
234.464
233.69
232.841
233.213
233.323
232.433
231.922
236.399
238.717
238.351
195.467
190.806
184.029
175.657
199.506
211.816
220.378
222.598
222.61
222.674
223.325
225.265
226.016
219.318
207.401
199.688
196.902
193.241
186.19
180.172
209.478
213.818
222.049
222.822
223.141
223.08
224.338
226.339
227.818
222.394
209.421
201.131
202.935
198.326
192.976
188.587
220.282
222.566
224.875
225.106
225.102
225.243
225.904
227.495
230.331
227.878
217.29
206.423
212.762
210.2
201.871
203.914
228.513
228.925
229.066
229.085
228.371
228.119
227.997
229.029
232.152
232.937
227.494
219.467
228.043
223.92
217.763
221.344
230.785
232.688
232.661
232.314
231.715
231.428
231.371
231.252
233.266
235.923
235.876
232.716
237.004
232.735
224.852
229.33
232.592
234.103
234.102
234.769
234.348
234.341
234.073
233.267
234.004
237.238
238.85
238.407
238.046
234.477
227.617
230.75
232.68
234.407
235.259
234.9
235.274
235.415
235.416
234.683
234.303
237.648
239.451
239.49
195.575
190.323
181.893
174.138
197.887
211.609
222.115
223.077
222.863
222.237
223.267
226.072
227.286
220.773
208.579
200.884
197.791
191.508
184.684
174.206
206.879
216.523
221.683
223.388
223.935
224.09
225.074
227.677
229.313
224.481
211.576
202.88
205.032
194.807
193.356
189.562
221.456
224.303
226.396
226.051
225.732
226.219
227.091
228.977
231.961
230.164
220.978
208.763
218.866
212.691
207.549
209.051
230.63
230.472
230.209
230.06
229.667
229.595
229.737
230.611
233.722
234.668
231.381
222.504
231.906
227.887
217.955
226.518
232.697
233.415
233.46
233.599
233.307
233.23
232.897
232.694
234.753
237.117
237.545
235.098
237.747
234.494
227.95
229.988
232.65
234.253
234.71
235.204
235.237
235.188
234.85
234.265
235.246
237.859
239.334
239.236
239.459
234.088
230.959
231.031
231.51
234.282
234.965
235.435
235.598
235.724
235.418
235.097
235.523
238.074
239.726
239.87
195.186
190.115
177.93
171.252
197.132
213.602
223.256
224.539
224.492
223.173
223.845
226.726
228.251
222.48
209.342
201.453
198.014
192.443
180.221
172.913
210.676
218.027
224.243
224.503
224.496
224.865
225.561
228.547
230.262
226.124
213.736
204.179
208.59
198.932
195.079
183.942
220.086
225.912
227.694
226.759
226.793
226.842
228.095
230.071
232.942
231.58
225.558
213.362
222.21
214.147
211.292
216.711
228.836
231.172
231.223
230.946
230.508
229.999
230.692
231.657
234.622
235.833
234.55
226.772
234.083
228.708
224.08
227.32
232.752
233.642
233.792
234.042
233.928
233.835
233.347
233.358
235.438
237.733
238.48
236.343
238.064
233.944
231.641
231.044
232.069
234.162
234.486
234.917
235.139
235.011
234.827
234.503
235.758
238.073
239.45
239.46
238.545
234.886
231.296
230.111
232.282
234.335
234.529
234.736
234.944
234.933
234.755
234.78
235.851
238.138
239.721
239.91
196.465
189.503
177.062
166.897
196.591
214.476
223.838
226.564
226.421
224.965
223.561
226.565
228.882
223.65
209.897
201.183
199.578
192.26
181.176
171.603
209.023
220.04
225.079
225.844
226.675
225.559
225.767
228.695
230.769
227.514
215.738
205.246
211.866
200.585
198.451
196.589
223.809
226.461
228.224
227.589
227.435
227.037
228.443
230.491
233.405
232.678
228.009
215.518
235.873
218.691
212.682
215.135
230.638
231.574
231.531
231.491
230.892
230.763
231.018
231.889
235.099
236.336
236.334
229.246
235.018
229.873
225.146
228.869
232.713
233.623
233.884
234.187
234.297
234.084
233.644
233.54
235.716
237.867
239.071
237.124
237.818
234.729
231.451
231.089
232.611
234.172
234.416
234.846
234.996
234.867
234.589
234.377
235.863
238.069
239.359
239.296
236.871
234.906
230.3
228.859
232.395
234.275
234.292
234.641
234.671
234.582
234.461
234.433
235.979
237.443
239.619
239.78
