-62.5659
58.5428
-43.9134
35.4128
462.474
21.7552
326.915
-5.28545
179.598
264.491
-54.8534
287.726
25.8245
348.331
131.192
54.4889
179.89
106.565
81.2021
53.3498
78.8288
-33.8052
416.837
-24.177
-76.0022
169.219
439.805
52.0484
182.324
63.4467
188.502
610.05
54.1779
7.05962
34.9731
125.361
-64.8949
205.784
159.873
2.29422
-112.279
33.3327
407.986
184.059
1128.5
-8.13952
367.984
50.5291
232.408
203.715
234.597
137.096
260.924
298.47
-10.3711
-6.7857
462.299
565.346
552.297
30.0715
236.488
1102.25
25.0526
72.4424
-0.297111
-35.213
245.884
573.134
91.8007
67.7493
22.6981
140.797
133.443
17.3674
-18.7561
46.5809
-19.7763
166.253
256.732
61.2451
70.0947
375.641
-74.7563
305.009
6.60386
-9.13566
-14.8908
-87.1919
220.209
355.297
4.82946
354.957
96.4306
80.4024
380.303
109.545
172.294
19.8333
1090.13
509.432
-105.648
80.7016
625.819
211.032
-22.7602
15.1886
-69.8988
368.631
150.566
571.819
-85.9037
151.741
260.803
124.009
660.093
276.364
475.744
-1.0044
-34.8191
22.2608
1.1762
-0.946374
338.555
371.433
1114.87
4.35388
5.43951
1119.65
281.124
47.7622
295.6
163.777
-33.7378
29.5059
139.904
41.7995
350.244
351.004
27.7113
9.92053
364.739
617.337
72.624
291.902
-5.4973
167.214
150.334
-21.3534
246.68
-13.7787
366.987
380.423
-2.68851
228.26
328.119
108.943
73.0918
-23.8881
35.1301
110.2
288.868
110.602
707.373
84.574
270.606
576.446
-24.3688
20.603
66.8619
148.667
172.819
289.983
377.306
-31.7193
363.035
463.043
54.7713
862.71
52.316
142.933
-7.10062
260.042
305.756
-42.8084
42.7861
561.555
81.8291
149.904
236.555
-109.772
74.3088
-63.1919
517.353
67.1823
233.168
144.957
-6.03706
108.437
47.5355
1105.68
516.493
23.19
304.354
37.1858
41.7382
164.337
-14.723
147.981
267.1
115.454
272.29
38.3798
113.913
405.397
-27.8213
244.162
10.3588
180.266
58.9784
80.0853
278.902
168.467
587.394
97.611
-78.741
92.4027
260.284
766.437
158.318
-38.3481
41.8582
227.536
193.527
467.134
107.217
-104.947
-46.7601
-43.8798
72.8075
-54.5479
120.038
209.979
308.441
3.57721
178.948
-41.7319
278.127
-40.125
27.958
470.503
79.2801
827.13
510.79
149.639
143.109
148.525
86.7313
138.69
256.05
386.717
34.4784
57.6244
347.351
1118.59
-26.3867
61.6404
34.3704
300.987
-106.133
753.544
-10.8373
-52.5493
1162.61
21.9732
490.065
75.48
92.5579
633.673
41.7518
168.24
153.251
68.0787
-20.4602
680.005
-25.3475
126.157
405.086
-23.5177
-91.8158
136.544
299.393
81.6289
97.7465
-49.0066
179.58
67.3771
263.669
65.6853
302.389
42.3135
91.7078
-123.666
10.7515
193.641
72.0317
691.371
21.909
257.042
528.184
49.1681
597.69
592.497
312.077
-24.6149
536.021
186.873
-131.641
42.8435
60.7309
217.261
534.658
304.075
717.233
704.324
-35.2124
84.0701
109.746
92.2202
12.3103
11.9158
89.9966
39.5314
517.821
291.534
290.049
382.799
512.633
351.12
443.429
458.093
57.0068
-62.1193
372.021
41.6189
410.935
85.6936
0.486806
246.397
30.4063
-8.36665
42.805
-12.6704
187.462
80.0931
75.0225
1137.42
-15.74
-88.8801
5.01778
213.888
147.319
148.73
-12.3336
106.189
-82.2538
130.515
-74.2423
-7.48323
-13.7154
441.639
23.829
125.413
673.902
157.482
53.2243
192.282
100.919
120.095
-33.9444
158.89
178.765
-13.8424
-42.8484
-30.4573
-6.99005
241.542
301.341
62.1683
54.2851
-17.4099
-5.37786
154.233
372.139
-132.051
221.672
543.923
-27.925
1104.61
312.878
206.403
449.136
95.9435
223.655
114.974
15.6947
353.244
-64.7321
125.287
435.035
22.8691
446.125
72.1879
193.796
183.004
267.53
229.096
813.644
765.405
114.121
-52.0332
196.135
36.173
682.776
169.019
427.895
437.37
22.3041
-60.8564
141.355
661.379
246.57
286.236
315.982
106.111
3.46283
325.651
145.149
822.77
123.738
105.374
117.566
576.696
-12.8085
102.697
-53.2682
-5.9233
141.365
3.4463
268.321
17.5867
334.008
-24.0125
116.345
164.461
779.196
1127.19
-12.6469
101.141
214.977
261.335
30.7754
-19.3171
1123.62
20.811
95.6509
-3.61435
55.6738
-99.7754
75.9396
293.783
135.878
113.568
378.196
-5.49654
52.5
3.69386
163.467
245.674
1.7898
-8.98646
-98.1997
124.526
-46.8668
607.719
329.849
-13.7062
319.102
568.959
10.1252
-99.0474
617.309
137.928
18.4541
248.829
43.4702
396.502
53.088
34.1486
184.54
288.327
63.0962
18.3779
-13.8785
60.4593
80.8511
151.286
1.67958
69.8405
14.8426
44.4549
-22.3479
-67.2029
503.266
221.576
501.118
53.1538
79.246
12.3159
181.89
1120.26
388.257
63.474
509.868
150.766
7.60167
25.5846
-28.5854
-53.7093
142.964
26.6179
477.658
33.3816
280.863
94.7008
-61.7807
45.1004
31.2685
620.34
542.157
262.876
10.4602
-40.0568
294.324
29.435
67.0125
189.051
148.019
-9.48447
280.579
-30.9699
130.61
340.301
87.3647
37.8478
146.77
193.351
347.925
233.127
829.263
171.006
1163.25
68.6616
324.279
41.0988
66.2155
69.8024
207.212
113.64
-46.012
-27.9301
46.9253
492.375
380.628
788.384
1112.42
61.8183
722.877
328.734
481.101
143.45
69.6926
73.9826
57.6776
445.913
-25.545
213.321
744.648
47.9087
27.0374
97.7429
192.576
20.8768
137.453
1.95319
24.9847
176.305
40.6962
-17.8563
0.512225
-124.801
27.0071
562.544
0.458614
230.789
424.184
9.48871
-57.5703
16.8476
189.093
163.176
21.0635
135.24
132.548
208.874
166.761
592.745
-42.6905
335.506
67.9517
543.381
-21.7535
167.327
46.2921
148.991
387.214
67.0738
-18.6567
67.8565
256.394
131.923
28.2982
404.641
133.145
306.832
281.44
152.423
134.99
326.078
299.545
-125.99
-2.07309
111.333
393.743
14.2505
29.9727
150.948
48.1553
226.127
79.7024
17.0688
175.35
455.332
-47.803
71.756
82.0666
279.236
-7.54061
120.514
144.772
73.8945
197.025
798.575
412.265
370.903
406.56
145.94
278.243
744.078
41.8832
293.733
335.502
192.546
15.8803
178.096
345.492
-33.2181
79.3463
126.586
334.213
38.2488
114.955
-10.4839
458.276
197.818
118.495
38.5559
65.7858
388.902
-80.8026
228.174
341.951
42.5305
103.89
131.248
-48.3018
403.501
302.133
-38.6502
94.3555
67.6449
-2.41725
-102.566
45.1367
195.731
40.7494
86.4016
184.865
63.5783
759.788
32.8614
247.663
481.813
322.488
15.2132
146.535
-8.51774
136.101
9.11399
8.29695
109.244
147.682
490.206
152.121
283.174
5.90343
415.238
169.299
364.76
147.771
53.7822
125.888
342.527
-44.0818
64.665
321.68
-102.145
477.851
-18.073
-2.19297
8.58498
168.271
60.5657
97.8399
678.225
1090.66
314.953
637.571
-5.99836
-56.8477
28.0314
-16.5691
-26.0326
107.763
1164.4
252.504
-38.6008
-18.7448
298.028
-34.9673
493.603
459.972
504.251
60.0737
277.05
-36.711
-8.22123
727.7
21.0992
1167.27
129.667
46.1716
112.766
175.669
-117.78
553.31
3.84406
7.79211
1166.73
6.15752
32.8021
517.529
297.558
-50.1965
449.626
-58.0598
38.526
-58.4593
56.1002
111.287
86.4732
315
80.7908
518.604
153.67
-19.4493
42.0012
64.8538
-26.5019
47.901
373.054
601.642
210.051
20.9414
716.919
226.72
14.9659
101.401
294.38
446.459
7.35496
-71.4455
-25.0542
310.591
44.5059
518.833
449.726
-34.7577
1116.69
186.823
56.1071
530.258
72.1557
278.848
39.1972
4.30169
480.158
-119.553
395.499
9.73154
372.176
371.397
46.5933
112.649
-26.6451
267.095
161.939
247.209
-9.77954
79.4858
548.826
361.213
562.63
20.6496
-57.0389
-36.6051
216.144
-20.6326
327.691
192.556
439.519
6.92237
202.125
450.158
73.2056
-37.0429
260.607
530.536
44.2931
32.3846
24.5791
31.6383
31.065
132.563
142.487
520.574
385.876
793.726
226.193
33.6018
246.384
3.70963
403.284
89.2757
235.533
579.94
78.5799
744.711
147.031
216.352
11.0643
263.222
5.31252
44.2857
690.939
33.9025
-44.8135
60.8598
-33.2263
10.6504
136.075
-8.06391
264.757
689.8
49.2247
305.973
112.182
222.103
227.208
-102.187
606.645
-128.022
154.605
18.0647
570.058
150.234
-48.7401
-24.7865
1154.1
206.123
170.126
239.832
179.484
219.839
746.715
308.645
209.367
-7.71482
-8.66646
18.8233
60.522
50.044
341.212
16.1961
156.642
70.3785
-18.6669
54.0817
420.056
98.3198
0.224775
82.4255
62.6284
210.658
40.2848
235.612
145.301
53.556
229.287
-23.1809
359.758
129.131
-16.3014
602.213
435.623
385.027
27.2622
413.778
382.897
74.0093
676.786
118.097
275.405
54.3021
54.1399
160.192
339.755
114.099
-5.91536
-35.4263
31.8369
30.9287
-21.9353
-64.173
66.3296
57.1082
187.066
28.1833
99.7458
169.501
268.482
505.779
142.557
184.345
162.042
381.631
233.105
446.402
92.4502
-39.8059
-72.0167
462.925
132.27
45.0144
441.147
310.945
257.865
107.036
133.083
32.919
310.104
550.863
117.81
402.72
442.521
567.614
297.466
87.8146
79.604
188.862
88.8795
186.758
-112.157
208.131
149.533
85.4758
30.5938
519.571
567.006
770.618
87.4547
-34.3752
311.507
-17.9752
323.586
238.244
15.4845
44.654
58.6551
349.73
41.1709
446.281
329.173
328.564
97.5195
528.637
221.502
29.445
251.526
197.229
-97.4284
489.217
505.416
363.318
1071.2
20.2124
365.957
1113.79
41.2962
529.222
42.48
184.601
73.3698
561.574
238.099
-71.0453
338.898
405.332
148.447
77.8194
-82.6354
251.016
49.2283
125.637
-133.234
42.2619
131.62
123.547
1126.66
-75.3062
202.78
3.82928
122.253
137.596
151.847
-2.64465
-8.58901
97.8179
-15.0968
221.249
27.5413
137.163
238.438
73.3457
384.596
392.22
77.2783
171.744
143.947
240.442
600.78
-52.5574
110.158
473.8
127.86
209.796
-53.9103
-42.0185
149.946
342.895
-0.308625
89.4837
-39.4086
27.3776
54.7497
7.09965
25.7124
122.431
34.3473
-36.4401
47.7839
485.629
135.495
33.2662
280.909
122.763
15.5408
39.5504
244.399
-58.2494
277.158
291.099
214.363
346.038
43.7559
307.387
696.044
-66.7771
5.23773
582.612
-19.9111
273.522
385.83
20.2639
-14.5601
352.305
425.889
24.3397
61.4349
29.3167
298.064
211.521
-80.101
177.339
70.0575
10.5275
344.049
120.338
-6.52549
646.056
454.323
-20.4945
-16.0256
361.857
22.0214
109.027
1155.15
730.965
184.656
872.344
374.369
120.276
122.079
91.9196
-9.71217
191.27
-89.5889
91.9484
-99.4479
299.169
94.4832
305.949
764.086
8.50208
-63.3075
120.212
550.561
31.1542
-38.4076
-24.9272
576.392
407.491
243.968
-30.089
262.093
98.3379
136.783
-71.1554
121.566
66.9951
301.437
100.348
58.8576
393.557
250.289
-20.7602
115.152
100.18
150.493
116.311
5.4048
254.017
-44.0429
54.7335
232.144
-31.5258
49.6925
349.117
141.676
1118.82
126.248
216.68
-29.2161
706.973
-134.575
-91.2254
271.553
444.471
-20.0843
41.8208
180.47
188.186
107.954
67.99
0.22144
-92.789
293.229
41.2044
248.208
31.2019
-10.6323
-57.8515
519.727
727.287
189.92
212.561
660.731
77.5985
159.313
704.075
86.3889
604.426
152.778
-4.63772
207.473
188.622
39.9944
37.6105
538.527
234.007
148.162
593.278
187.423
21.2759
784.376
417.114
45.2443
83.1944
-54.0186
366.886
262.971
-89.8638
352.783
91.0774
295.695
389.907
-27.1382
472.615
726.414
47.3114
246.609
-92.9396
-4.12329
64.8297
12.6827
174.78
236.081
233.731
41.8641
30.8829
347.519
209.562
479.164
115.071
217.922
729.378
60.3779
111.018
562.344
109.605
146.862
300.326
-32.7903
-6.24621
1.0126
363.739
110.529
227.888
338.462
100.334
168.472
737.033
20.3824
42.0736
127.403
56.1509
3.9965
556.906
536.875
-8.45539
64.0225
131.957
159.882
3.46841
43.0959
-32.7656
-25.885
309.889
1144.42
1097.19
453.806
74.4833
360.956
-41.8121
381.541
302.728
81.4651
0.434416
373.696
-10.0319
178.128
272.913
1118.34
-5.34177
169.322
277.807
153.138
-74.6453
-18.1469
-62.5348
30.2456
361.255
271.532
85.0002
13.2833
136.501
44.8277
136.91
108.082
417.309
715.983
680.005
50.2157
365.147
207.952
158.45
222.762
-7.37937
-10.5039
493.541
-35.3139
417.431
66.6594
287.177
95.4056
114.225
-39.8775
264.444
226.47
1119.23
-11.7583
-77.6938
90.7085
225.444
96.8747
608.69
7.05609
-79.188
1063.21
543.269
302.977
120.765
-80.1384
84.6409
-37.3164
78.8243
195.368
8.59113
79.8305
-17.6982
-57.6876
88.9212
79.2987
-54.4695
227.656
-45.8952
340.767
105.862
-106.236
5.59022
-11.6187
73.9966
684.423
551.043
1129.73
94.876
435.757
-41.2683
193.455
-122.495
317.6
121.802
412.311
-14.8977
1135.95
278.675
179.914
124.908
107.777
96.6694
305.154
347.26
1138.99
1180.66
109.81
42.6726
-63.6304
801.177
-60.1124
390.13
228.074
26.2272
321.464
25.0081
47.2461
1127.97
71.1612
49.7487
28.4811
270.615
-29.2477
191.705
313.109
39.9779
111.653
252.104
230.182
510.708
288.425
361.681
187.309
207.568
20.0632
-67.7693
18.2367
196.863
305.125
512.895
144.597
99.2857
16.2578
-47.3309
43.3891
357.856
557.95
268.612
-56.2265
735.76
89.2923
203.288
-72.9136
536.735
225.677
35.2953
143.622
210.564
-4.53124
309.461
-53.0795
119.37
144.814
396.898
417.33
121.537
67.1059
136.715
289.98
175.561
289.76
26.9231
-2.67259
126.175
298.331
73.6696
56.2564
316.799
56.3328
114.047
220.837
102.989
505.116
144.568
-88.3446
-30.1235
-4.78292
1166.63
211.128
1145.24
371.153
-13.3524
124.556
-34.6834
277.639
585.557
362.392
244.87
-49.1874
350.243
153.807
-29.3038
238.201
52.5429
83.4953
-45.618
26.8672
306.915
142.632
342.36
115.965
15.1851
9.88634
-42.7179
113.804
180.048
303.352
165.191
597.278
62.1603
412.801
56.0724
158.736
139.47
349.887
144.98
19.7909
234.019
189.38
285.314
522.862
250.718
288.496
243.129
-63.3086
1095.9
-23.7435
49.2812
29.5542
102.608
-32.1723
369.395
419.607
56.6055
122.601
39.8512
33.3743
533.953
400.46
199.094
9.72993
441.107
17.071
-110.788
-21.2221
18.1639
118.89
312.596
57.4952
58.4933
381.781
2.32329
286.621
-2.11358
138.997
65.6063
18.4757
400.275
146.482
-7.07565
717.269
476.058
109.769
108.001
199.208
312.495
127.49
492.441
87.461
40.0211
-55.4293
-64.8637
60.5167
315.282
138.865
1173.23
252.055
294.215
115.695
-29.5576
78.8268
17.4713
357.818
194.23
13.9512
-79.1143
88.6828
57.3856
-2.40741
43.1403
168.46
13.0864
20.6377
31.2371
507.949
1128.48
129.478
371.035
176.748
497.35
108.045
394.646
-83.3605
42.61
113.139
42.0785
-99.0191
9.67109
-23.1344
76.9911
200.064
156.992
147.314
143.833
376.981
298.052
376.659
-4.27273
233.879
51.4182
13.6503
48.9913
185.559
42.4439
450.96
165.396
96.177
272.225
-20.1409
-30.5904
222.964
10.5086
280.99
438.209
163.585
94.6306
35.5413
55.4441
612.92
351.825
1172.16
-29.2056
1145.53
1146.63
64.7185
13.3305
243.533
87.6546
-2.1925
1144.45
170.177
161.455
-143.625
17.8221
31.8087
-40.4583
14.7995
-39.3362
215.375
226.059
144.484
338.892
223.804
88.6617
529.914
161.023
266.201
155.137
389.121
422.283
236.403
782.532
255.766
84.2174
125.254
218.328
-25.5638
51.6035
73.0512
110.65
-5.20455
38.8623
-3.62938
521.601
-33.706
113.605
-49.2396
512.594
510.795
141.929
207.813
460.904
-82.9997
11.1193
246.452
285.155
428.833
114.912
218.958
54.4942
137.184
-11.3182
284.317
219.788
-100.38
462.87
291.24
56.2919
74.8517
16.2253
430.913
675.479
27.156
19.193
405.309
84.7721
266.306
11.3196
115.388
361.994
412.635
117.19
73.3742
171.338
266.873
63.9949
125.049
344.081
314.012
-31.9451
78.6318
188.958
20.8642
5.74734
190.222
-68.7726
-113.627
71.8385
46.5357
130.629
11.6081
145.803
197.847
55.4042
96.491
49.5667
91.8407
128.103
1.08809
614.142
140.759
308.63
-22.034
385.361
14.9766
135.806
754.061
-91.4562
87.1746
330.709
91.3028
131.353
280.38
164.548
1.08568
306.22
84.399
68.1822
481.598
588.583
683.078
-6.45259
117.98
58.6246
530.042
107.928
292.193
149.343
197.226
335.798
88.584
311.235
815.432
200.048
356.259
400.831
130.8
266.277
5.80691
273.85
-4.42972
509.169
240.544
593.419
-106.164
761.86
16.2877
99.9323
153.873
601.411
-2.23402
794.83
311.287
43.5852
213.809
99.5767
27.3626
173.236
289.386
216.747
181.589
147.22
500.22
-97.4894
-19.308
340.904
56.3735
66.4242
540.02
96.2026
-126.925
226.382
342.528
206.796
307.856
280.431
632.394
289.73
237.623
201.892
278.397
563.732
477.063
-47.4819
135.331
114.139
205.211
-82.8255
122.688
-69.98
53.5807
57.7822
156.692
354.511
37.1154
220.279
456.301
-31.7775
259.277
32.5171
244.9
146.825
-97.0312
314.778
231.689
-32.4478
120.393
-53.6051
507.827
1117.48
348.818
262.359
732.349
201.043
585.193
158.869
10.9924
80.5226
47.4522
96.0528
115.229
444.199
32.4846
533.088
464.451
19.7966
183.082
-21.91
132.279
206.136
137.908
1097.95
402.861
-95.0305
352.073
59.3437
25.5801
-68.7897
197.939
39.9539
35.2543
-42.9083
-3.69477
27.7002
139.68
57.5046
336.503
-27.4799
265.847
741.849
56.9209
50.4229
58.2959
543.827
-31.6153
304.985
74.3606
252.58
271.913
-133.704
127.138
-107.609
294.904
51.8622
118.003
254.378
65.2648
43.4048
97.6086
-13.3316
132.651
-4.55664
-27.7171
360.267
237.551
211.364
-3.4998
231.661
-5.48277
1116.81
683.239
38.6409
-10.6485
491.454
29.2104
9.16112
99.8119
-1.41983
77.578
134.34
721.499
271.234
419.68
94.6952
-7.50368
38.8342
51.6983
693.773
335.183
37.3535
723.971
18.6421
1108.36
344.702
396.37
8.0982
1160.91
-16.9687
308.329
154.911
314.147
9.33047
114.844
29.7529
139.63
598.528
279.832
198.835
35.9735
300.497
544.917
180.699
-51.1383
49.9603
229.946
123.067
1168.53
102.76
-179.118
-125.194
83.7822
73.3828
-10.8336
1140.11
56.5588
65.4717
-108.097
302.76
127.326
44.5405
595.506
398.313
432.603
235.309
191.52
421.937
3.51937
379.241
46.2343
57.0701
139.371
91.3093
536.609
105.217
517.606
368.494
-4.97667
-4.38342
18.4294
168.941
76.8482
200.695
281.564
480.86
64.0814
14.909
210.948
-38.0085
346.976
-159.82
684.512
64.3621
101.395
570.086
15.3858
417.113
37.901
553.413
-15.1164
161.283
86.8509
157.831
21.6478
219.586
267.889
57.5351
249.521
400.101
132.952
592.577
41.8664
181.637
164.999
354.307
353.004
304.263
332.133
39.3015
-46.6753
168.471
185.827
400.16
250.338
217.182
70.1684
268.338
169.898
298.096
159.001
177.25
29.3183
-23.3035
176.211
-59.56
-47.5307
47.2324
78.437
107.971
61.0615
119.924
94.5464
-17.699
13.2422
-7.71853
347.409
-15.4388
288.765
1129.64
175.959
128.864
-50.9485
350.405
330.86
239.069
65.6953
136.893
122.293
86.6701
152.13
415.257
297.885
139.63
557.724
470.512
567.708
-6.4823
199.421
376.485
99.5401
75.5277
809.348
-3.69391
45.4654
405.638
504.805
366.824
160.907
42.4412
216.978
206.214
52.8787
218.162
216.761
193.101
254.64
328.769
-27.5648
-108.304
118.003
763.322
-30.6007
18.2783
67.3331
1121.43
85.9066
488.16
129.435
159.095
273.036
-11.0326
137.708
-31.1232
96.7834
188.965
153.659
143.327
-28.1694
176.992
71.0179
122.01
13.9861
28.4165
1127.48
368.255
333.465
524.345
601.986
517.008
-56.8359
60.2367
-69.8697
12.8934
-36.292
720.303
349.074
109.743
-86.5029
-60.6039
161.747
637.464
136.783
43.0874
116.47
5.50788
26.801
378.297
132.769
57.3673
542.38
240.089
413.459
226.939
206.98
110.929
215.25
57.9876
285.227
-3.24789
144.517
184.366
130.155
66.8881
-2.84441
38.3797
135.679
53.0893
124.787
73.6671
59.4589
85.635
468.959
495.49
421.416
265.734
149.733
228.571
431.141
297.075
226.968
271.699
75.1575
40.3988
-34.0983
497.675
431.856
166.128
117.199
430.671
21.0908
165.531
242.86
292.471
67.3176
17.39
240.06
170.848
338.657
158.322
142.976
-3.63988
194.721
232.756
42.373
169.323
460.264
71.2057
98.3481
805.469
-5.3914
1116.89
-32.5957
513.394
-53.1044
22.389
261.735
438.965
531.508
493.411
116.214
1.07518
-13.7714
556.16
42.5748
26.6764
15.3263
-29.3578
568.089
81.6038
85.0758
180.689
733.398
292.547
547.738
144.882
172.686
453.511
392.514
179.679
-2.04499
555.016
24.9079
189.448
-50.7772
44.2731
167.641
-34.5148
357.704
136.637
-38.9054
98.7011
235.912
1119.03
244.556
154.089
385.845
-24.4872
256.008
1.20478
5.64683
55.0317
498.013
55.4573
325.584
207.708
346.147
440.653
330.193
131.809
34.3261
795.115
1101.85
530.755
130.554
203.667
55.5799
55.0152
403.6
287.41
114.539
47.3868
1127.19
294.774
287.96
270.5
118.542
-20.6543
166.053
-19.997
554.95
1162.39
175.522
176.845
-14.4725
142.909
-0.58586
28.0734
-45.9661
102.185
299.35
88.3974
1114.94
158.399
282.686
217.965
-37.966
79.6359
357.092
513.561
844.519
554.421
-44.5951
144.371
502.461
187.594
115.138
-45.8852
93.8074
572.125
-13.4119
408.794
268.103
107.091
-13.8572
470.195
197.7
-47.7314
274.594
4.76455
1139.11
229.05
175.15
156.386
241.098
-41.8047
100.093
-12.0095
25.7559
48.6213
-48.3186
378.485
525.789
266.009
50.8574
621.738
1098.65
57.8337
142.967
709.445
733.79
207.52
457.656
51.028
555.937
178.252
319.506
1147.69
38.017
81.1819
86.4731
488.514
266.273
799.014
63.0515
248.332
-23.1788
79.0269
-32.2113
436.134
-41.608
529.445
497.002
582.796
3.34815
432.57
46.4595
55.0281
34.9891
124.232
306.426
152.802
779.924
59.8552
144.566
61.0561
269.588
628.983
180.462
81.1164
86.2737
500.847
114.841
-60.8144
100.579
10.549
296.972
162.271
108.516
76.1221
148.613
64.4644
203.599
518.178
36.5637
35.3769
299.127
93.236
175.91
216.208
2.16514
135.546
1099.18
32.9729
-26.994
54.937
-6.83213
-63.5438
289.873
-28.7243
347.942
383.489
39.357
231.715
431.571
330.313
74.0306
-11.5372
1074.55
272.32
66.2146
432.541
754.663
792.001
559.107
195.047
-18.6089
232.693
117.587
359.405
226.498
126.713
326.087
-34.1838
54.6685
43.7336
352.031
124.585
170.569
-8.41107
28.7138
215.507
243.426
370.866
392.291
695.061
61.8011
182.972
96.0189
39.0735
188.758
327.786
233.692
-19.6367
574.843
83.8409
141.584
293.807
180.246
317.437
54.4116
309.078
101.397
-49.6564
32.0429
284.623
174.163
-43.7175
-24.8052
525.407
366.114
77.2325
640.323
181.301
107.571
126.135
172.355
281.482
110.166
171.08
58.01
509.114
465.168
-9.14463
1058.33
1144.42
119.326
158.451
665.052
56.8156
1.5347
134.113
1121
-60.8719
-73.3968
339.284
85.0974
23.0563
75.462
692.399
-4.96247
53.4794
-35.3402
324.736
471.532
62.0023
-66.0991
108.346
388.69
72.9187
-21.2289
261.093
96.3928
305.984
183.27
-11.9074
88.8767
66.4336
243.803
249.172
357.509
290.498
333.896
318.97
8.22158
7.85666
169.761
45.2365
432.398
590.884
858.662
739.336
317.996
-12.0134
167.971
40.7455
262.971
-32.9042
383.37
772.511
163.485
-1.71774
1083.06
385.128
577.828
-6.39397
52.0302
177.451
63.4648
298.04
386.775
-32.4812
12.2953
365.662
428.439
42.158
28.574
8.44093
210.144
213.992
97.7295
335.242
49.2135
156.304
46.3562
208.5
44.8224
27.8137
802.035
59.3947
-30.037
-18.3007
219.507
-62.68
288.973
339.437
61.7824
604.923
301.702
1136.29
11.6433
260.04
1128.23
136.998
458.633
195.187
204.815
4.47691
352.444
364.385
103.194
9.42583
27.427
77.3072
77.7569
51.7861
-70.4414
41.2512
318.667
218.978
171.948
23.2216
26.9841
710.066
-100.918
320.36
-79.8013
119.806
358.663
-2.48402
112.386
-56.8952
451.974
-2.21075
122.349
208.103
260.659
40.3837
230.245
35.8499
7.61497
254.691
154.281
207.493
328.167
-51.437
803.026
70.1549
554.014
72.0831
149.072
-78.3869
55.6759
142.343
508.934
643.557
32.7966
647.271
171.233
659.069
452.577
1078.17
4.29871
61.2115
88.2616
441.963
216.551
349.95
248.794
143.609
23.3434
-23.0902
175.097
97.2158
41.4326
1130.61
215.761
189.94
-52.1237
65.3038
251.378
167.267
38.9078
-46.3762
74.4583
656.884
-65.3556
158.27
683.585
111.033
464.89
219.512
-13.6821
148.12
453.93
368.395
133.412
-89.7455
213.471
-107.426
246.847
43.47
31.2602
-17.5728
112.268
16.1939
193.683
345.031
152.447
64.4049
8.09565
-13.2907
2.18997
148.263
465.376
-5.2161
361.449
539.688
292.864
40.9248
33.42
263.121
430.409
142.217
-14.0849
12.612
33.1452
43.1777
215.425
30.3034
328.845
377.61
118.393
-30.7885
240.343
274.212
246.358
121.507
-5.27529
1092.16
1147.71
317.244
697.235
274.344
425.839
-31.1315
-36.0817
-45.1909
36.7819
1098.8
325.422
291.759
113.25
65.3767
163.458
262.664
1135.25
205.72
304.084
42.8228
37.9139
449.703
-15.9681
305.866
433.627
475.284
347.985
152.409
-105.965
65.1795
366.938
133.615
89.1945
5.30636
1146.19
82.2081
1120.07
82.9754
200.79
558.419
153.521
621.974
206.95
167.741
642.636
73.247
100.218
434.795
616.852
34.7724
-39.0323
197.036
571.558
139.624
230.119
276.491
46.9391
18.2942
327.079
7.52369
58.2311
377.343
1176.81
599.832
257.783
341.696
169.755
250.425
95.3013
-1.12877
1.90998
17.9549
-45.8148
694.264
579.031
-59.0638
377.645
336.135
225.245
97.8379
167.391
227.821
661.255
104.255
120.916
-17.3843
180.022
296.324
432.959
159.983
496.448
266.509
598.73
230.878
252.389
140.146
113.781
88.0218
110.665
148.164
240.039
165.394
652.801
212.873
-21.0122
442.529
745.148
215.925
51.5642
-18.6539
-41.9218
100.171
108.483
551.786
112.487
313.727
60.3715
80.7579
-25.4606
563.437
480.799
114.488
105.87
-10.8317
232.002
256.939
223.206
1143.53
444.938
250.275
1113.69
507.797
1139.78
29.8849
-30.7794
166.083
461.413
27.7561
56.8622
170.746
100.866
149.418
37.06
19.7719
-82.8325
23.015
344.845
233.968
635.463
67.0655
391.841
13.204
1105.67
43.224
116.084
5.24458
36.5179
15.522
422.638
256.255
236.89
327.797
259.346
382.4
513.329
279.557
75.4962
137.411
204.176
-13.846
314.013
80.7641
125.366
1130.41
267.926
678.259
17.58
172.603
137.755
-36.8437
306.778
192.542
-43.6817
647.052
411.403
125.945
692.295
125.06
196.441
333.418
-12.3137
137.917
1135.95
54.7062
81.5368
362.28
74.1034
206.317
89.2605
412.836
-49.0253
168.211
301.099
-9.68578
92.2445
-65.3259
475.941
68.9056
369.396
740.967
-57.7907
315.739
91.6657
160.589
294.967
-5.46913
378.687
165.194
83.6254
439.913
66.446
30.72
28.0635
163.498
-7.79222
76.9592
46.1453
77.9874
218.367
268.513
530.206
312.934
222.615
-40.5696
288.906
1158.6
1130.87
372.728
61.8302
443.714
-95.6754
39.2774
528.163
634.484
30.8949
-12.1261
263.695
265.422
398.262
-62.1978
93.4445
66.2269
147.02
472.451
37.1812
509.419
197.342
416.336
102.74
42.2922
1134.93
-48.2489
25.6441
396.726
72.476
26.2364
300.517
30.7084
-107.186
38.4891
267.429
144.817
357.643
28.8058
480.708
-93.6585
123.287
466.685
33.2387
272.572
303.3
233.897
-67.6605
797.661
147.619
100.062
156.735
-8.96066
626.974
1157.07
251.768
21.8534
107.83
127.648
160.135
1196.72
173.327
168.249
51.9922
39.745
219.924
475.941
1.73879
17.6044
276.517
222.338
206.331
102.769
119.029
98.7266
535.583
16.2246
118.136
-79.5367
495.116
120.524
133.9
212.584
2.75532
278.068
1154.78
494.894
329.599
264.781
-77.767
212.533
-11.1232
333.825
444.461
40.1058
-8.88264
15.4311
35.3217
249.473
505.039
341.204
254.416
84.8925
90.6717
-94.6464
24.973
65.0062
143.04
421.9
10.5576
40.941
143.04
268.091
517.768
589.104
-23.4576
278.194
289.14
-51.1582
286.501
354.98
148.215
91.2584
332.799
137.757
101.769
279.683
11.3731
203.641
-11.3254
79.4973
778.941
265.176
678.523
192.742
50.7924
366.551
38.0139
311.57
285.685
648.948
196.734
304.054
438.908
777.463
469.057
105.337
201.36
55.6648
46.0578
666.317
1180.04
58.5503
-87.3515
67.6957
341.95
32.6994
471.453
1142.62
442.502
18.9398
2.40194
276.424
42.7284
109.608
1150.24
-100.245
210.104
1092.6
226.889
74.8286
371.408
167.835
36.2599
832.776
116.505
445.947
219.337
442.083
47.2151
95.276
545.666
452.793
584.818
347.101
39.4015
190.717
448.978
97.6932
54.7432
326.75
139.497
341.077
12.9123
152.832
135.609
134.951
187.159
219.777
176.178
138.304
-29.0034
41.3432
214.962
86.4871
380.131
653.071
63.2324
1.67918
129.782
1150.82
441.501
2.34355
57.7976
30.331
128.401
89.4598
49.7036
162.827
147.774
2.67846
129.888
15.3905
333.104
141.806
29.8735
286.528
145.572
35.3556
-15.5314
515.989
40.3425
68.0545
80.4325
805.098
15.4735
133.747
174.037
1160.05
279.96
112.702
62.8475
153.34
1158.53
94.1649
126.511
366.899
230.165
130.581
445.06
15.6797
400.428
-100.236
-30.7522
609.835
83.8398
233.19
-33.872
-26.9914
49.4618
107.903
28.3801
570.628
424.214
26.1213
397.231
71.5109
246.157
103.896
101.731
-48.0238
98.6553
36.0018
149.919
192.335
801.586
225.557
129.297
-2.39162
542.594
629
-66.6426
781.837
54.1228
243.02
406.002
12.8339
-13.5097
153.037
81.7163
107.667
-28.1555
6.74616
146.171
481.543
122.598
97.6738
177.192
249.595
506.203
140.764
22.7084
217.302
167.013
283.523
-26.0686
217.028
3.93051
8.25525
380.004
86.943
291.475
102.021
17.0565
-58.5311
317.035
1079.78
1083.44
117.147
54.0932
445.75
1185.33
191.044
384.064
71.6816
54.1397
38.3064
67.9072
369.386
1.26839
513.641
148.271
248.903
350.848
122.446
23.9469
426.659
134.274
243.71
23.6332
91.1133
317.828
62.8211
-29.4951
77.5338
339.099
273.864
494.13
699.923
303.126
80.0167
662.526
216.739
-18.3395
308.205
311.608
406.744
833.011
451.798
53.8192
12.1869
330.481
70.1459
219.483
123.159
315.487
-12.1147
147.699
316.576
182.213
313.926
653.729
523.489
78.551
341.445
243.681
-11.1239
-68.9768
51.0154
224.336
156.327
523.451
468.956
349.664
82.7189
558.899
157.391
291.222
555.775
517.914
421.345
1138.76
168.091
225.975
120.477
-67.4834
-46.7275
1136.11
819.268
553.122
82.9375
26.4442
98.6854
40.3432
473.094
128.572
99.2135
253.898
186.524
-2.75504
271.734
251.957
657.931
477.615
201.513
72.7792
-13.6701
230.939
1146.23
65.3226
1121.63
132.151
148.332
24.0309
153.37
116.455
89.5719
231.754
371.026
616.866
104.327
403.385
-28.4036
54.8437
-18.8034
-29.2107
143.466
38.4604
381.651
459.87
-87.9107
549.968
520.686
-5.07673
10.0277
161.953
532.897
609.237
215.422
145.314
-30.2959
-17.263
39.3594
194.322
208.433
16.5047
131.634
-60.5842
222.001
352.892
92.2554
36.5208
375.452
338.3
234.163
46.8631
544.243
223.977
268.066
-35.3874
475.324
237.103
209.264
61.7681
38.255
283.229
179.411
-53.7513
113.572
119.045
793.269
63.4978
324.253
31.2196
16.3312
223.288
75.0198
212.063
595.747
117.708
213.459
176.736
81.6791
3.79875
151.292
-75.355
226.625
519.784
-49.9959
685.255
-17.9815
152.399
445.196
95.5394
370.442
243.546
301.278
118.901
3.82026
75.6042
5.47082
253.052
302.491
88.8614
246.83
1091.3
257.848
-2.05774
106.754
-51.4902
124.152
410.468
56.4472
668.423
89.0706
275.86
76.571
-23.4502
649.87
44.924
44.3286
566.025
-17.9595
81.0962
405.47
172.42
129.043
45.6144
226.376
231.735
497.105
660.775
45.6047
390.969
17.558
13.0292
122.115
168.579
83.7363
-13.2904
76.2203
434.789
617.926
566.523
188.151
153.853
57.5063
646.632
101.287
32.693
260.222
58.9205
8.81521
64.3344
109.062
381.243
162.608
-88.6935
90.283
114.838
312.719
3.44037
575.721
-67.6602
353.05
59.3546
267.132
303.591
205.351
314.739
60.4334
1134.29
-27.215
351.486
48.2177
152.785
264.273
418.885
-65.309
9.30532
63.3928
24.2248
126.617
9.70115
548.639
-5.49449
66.805
131.233
219.138
160.717
436.466
404.091
-13.221
224.867
30.8266
102.813
337.795
216.901
478.564
44.6741
14.1224
157.367
-20.9594
331.795
237.985
136.689
246.669
-55.5317
328.37
310.771
530.447
427.135
201.635
283.112
43.5835
-54.7943
52.737
-39.7924
173.805
762.898
718.764
46.8799
57.7938
150.678
-96.2612
243.604
602.04
592.622
64.9111
416.939
-80.6249
-21.0292
11.2595
99.7085
-15.2381
487.105
488.394
-42.0371
811.55
491.018
107.933
0.0140427
93.6598
49.4767
82.6843
417.57
388.355
20.9406
157.596
53.4813
190.207
166.535
1124
241.498
28.5599
106.078
116.733
28.2479
529.418
484.006
151.962
351.151
141.134
265.112
323.573
277.508
2.37479
312.352
-63.5576
250.47
145.132
438.193
42.5885
523.729
39.1503
102.771
-58.8056
189.135
1130.95
176.424
30.712
556.674
48.2944
55.3886
262.628
45.5908
-58.4571
84.0597
192.458
239.317
104.532
-15.0211
143.798
106.339
212.133
116.416
348.546
73.6478
-29.3081
60.8651
182.275
50.9194
125.448
1144.69
-41.8665
287.114
-8.84399
-22.7721
746.382
1135.68
340.848
-51.8104
74.3195
1142.24
266.666
91.1017
212.183
-63.2521
50.0666
-1.39171
-100.292
310.178
675.312
255.409
207.11
599.417
293.787
307.813
44.0794
-14.158
183.063
92.2763
54.4865
24.0883
152.181
516.261
240.792
28.5738
-118.344
42.7328
64.2878
-26.0107
414.969
158.814
-25.3191
1143.99
74.4949
772.14
31.0377
-48.6106
508.664
-14.4519
-38.2126
166.23
-27.0724
159.26
-36.2018
166.028
102.029
214.759
-5.66754
238.267
108.823
11.2382
-11.344
501.451
103.706
4.18292
91.6433
386.688
-39.9849
157.18
296.024
364.292
65.3657
81.1457
-53.1544
1169.58
277.132
93.5312
3.36672
772.161
79.4511
115.451
152.789
408.306
-19.8598
117.187
-20.4299
-19.9926
1120.53
118.847
461.376
62.28
338.236
317.652
510.979
162.781
65.9319
125.226
58.5845
27.2815
-42.8694
54.4084
170.446
-71.2602
312.332
-38.3829
298.307
633.709
130.316
163.945
167.466
78.4623
-47.4102
32.5447
49.4211
78.3773
-76.1277
-83.9602
-30.0451
94.4438
209.069
204.737
269.689
199.835
245.132
115.781
59.5869
5.50287
-57.0082
666.164
1127
-10.999
477.096
168.297
-70.1466
-29.1262
-57.6728
78.1595
147.541
266.745
76.1119
774.716
22.217
-31.7653
77.5174
1087.18
15.4167
454.47
179.424
198.97
161.845
202.008
177.828
146.217
1132.08
37.7642
480.396
-32.0749
52.2522
13.2815
490.541
-43.3988
72.1017
-10.3982
51.2429
328.874
341.118
319.249
33.154
20.086
-86.4548
157.769
597.823
40.2676
-29.8901
408.428
100.97
470.021
49.073
131.439
189.583
74.8882
-38.3478
191.877
161.337
133.882
214.079
62.5656
687.763
33.0983
-48.651
434.517
664.458
9.11904
316.094
210.539
504.208
278.976
99.1757
-46.256
66.5252
72.8307
53.9265
45.5303
222.889
150.001
19.8733
-41.0172
531.698
333.426
1141.04
-4.31779
23.5752
29.6322
354.115
-17.4963
27.2641
265.169
130.141
437.433
96.5613
234.953
84.1862
108.906
1143.04
-19.5849
86.6774
300.009
149.913
110.991
150.481
-48.5173
-62.5046
74.1033
479.361
216.411
446.803
121.848
127.982
230.82
123.897
-44.6664
103.011
-37.9979
109.664
775.296
-60.2787
80.2907
27.6914
94.9263
246.826
160.588
199.589
418.65
70.4827
304.997
595.164
345.438
416.934
135.894
457.29
90.807
-19.1698
47.0266
305.543
270.445
244.041
-19.6264
154.685
305.453
19.2412
241.26
212.321
382.657
266.494
43.0587
196.855
127.578
88.9585
171.545
46.3293
198.661
-24.8809
152.914
337.643
1113.78
138.486
352.238
170.269
9.13602
216.563
13.3509
180.565
110.964
54.998
134.436
12.1556
239.714
453.992
-53.416
190.396
273.532
32.4283
239.019
1141.02
506.125
162.578
287.745
843.794
1132.82
12.0079
158.835
317.108
61.0719
323.885
29.6824
294.249
459.075
232.425
84.9777
1049.75
-2.73187
640.636
47.1351
727.832
6.66246
771.432
174.371
167.766
5.68208
88.8169
431.197
173.703
152.399
52.7548
82.6168
25.5365
351.581
-17.4549
40.927
24.4819
54.5748
218.132
161.765
391.499
51.7376
120.94
698.88
448.056
101.204
7.20903
7.76194
254.957
322.169
251.693
312.772
-75.9823
19.4791
418.964
34.4685
223.92
181.835
384.85
211.078
312.062
231.955
48.9421
94.8078
689.563
-3.91579
204.75
-7.77399
287.851
312.524
137.823
48.2078
-111.655
497.897
230.41
192.199
50.8975
295.61
470.585
145.343
24.4839
351.962
200.375
77.4552
27.2982
1122.16
42.8617
-21.8743
54.0908
638.173
0.687873
295.36
376.73
213.866
186.046
387.292
63.9747
355.629
206.702
55.3488
-26.3875
5.7365
314.293
89.3262
653.427
144.305
-26.7526
-11.0203
38.2741
-21.7051
64.9545
653.195
135.531
86.458
678.572
-7.1169
788.171
-10.2533
351.764
765.628
124.341
67.585
2.26364
-118.099
46.9287
241.364
257.569
241.657
446.112
601.349
-61.823
59.0819
399.781
455.92
148.881
616.535
46.7292
305.484
-11.1623
455.014
300.759
329.503
550.017
1132.41
543.786
194.03
462.912
390.944
290.185
155.052
584.51
216.99
-52.8958
-24.5624
597.73
435.019
46.7662
438.141
327.328
99.6054
795.151
465.645
530.148
272.515
75.6627
662.166
-36.2154
177.012
597.433
-23.563
40.4959
45.8018
-21.5588
391.507
207.86
218.379
-15.6805
1098.59
136.777
98.9066
217.683
379.487
444.65
191.921
565.486
108.814
17.4147
-56.8325
70.9048
70.0868
741.876
42.2824
-65.15
414.21
480.593
111.672
-14.9101
33.4059
106.877
1089.69
233.822
14.9792
540.008
172.246
834.577
49.7276
512.627
304.193
206.222
251.485
89.0574
221.786
644.05
21.0726
1108.77
324.483
1191.58
118.25
135.624
-55.9821
403.605
455.225
103.578
553.517
368.636
347.858
-37.8535
45.5767
559.236
117.525
136.044
69.122
-34.1216
668.372
311.94
35.3071
422.591
-27.8996
236.69
1143.22
189.554
-15.9505
16.5
184.15
204.037
54.9457
-86.2615
103.984
-58.5445
378.011
254.436
310.114
259.513
28.8983
31.095
147.608
41.7194
211.632
52.9938
218.409
8.87529
289.065
411.412
782.515
109.621
178.58
103.175
614.2
132.303
325.178
99.4433
15.1457
285.763
-8.45319
442.09
4.85882
171.741
-7.3046
173.85
103.567
266.961
23.4112
55.0173
8.37723
228.428
1124.74
68.9685
22.7616
1137.26
1144.89
285.25
122.201
468.882
219.32
206.123
94.3836
151.076
548.61
280.483
417.947
246.695
637.879
773.101
90.9737
1125.91
-16.7761
360.62
-28.7779
467.22
75.1196
-34.4647
550.399
72.8256
176.629
264.738
228.929
73.3519
201.941
-38.5399
1123.5
255.341
410.767
112.51
32.5817
241.701
-70.2686
1142.9
242.604
119.247
160.29
135.031
292.217
108.546
158.329
-58.7393
76.006
187.25
491.701
259.575
-26.9195
153.112
50.5978
287.398
-49.8392
142.966
2.57283
42.8597
176.335
219.376
92.9414
327.249
1103.02
409.457
99.8597
260.044
361.253
70.1905
145.48
231.105
648.721
6.49708
187.647
-53.8049
269.458
1073.66
-28.572
413.271
32.0114
-76.2009
505.885
118.786
83.0699
410.07
337.367
32.3555
466.418
10.9099
-47.8777
0.538797
-1.77285
24.0827
68.1344
-30.6766
-1.26939
186.255
46.7086
232.815
81.7076
114.191
434.044
56.3587
338.644
-76.5837
-29.5494
458.881
88.7279
762.409
60.0503
766.371
61.0247
1.71032
178.549
298.553
26.6038
209.362
236.9
611.879
1151.87
355.487
130.512
-12.2818
2.22593
267.098
1107.98
1107.74
214.782
-3.22297
72.4436
333.901
181.533
341.545
464.769
68.1423
466.21
170.254
9.32428
442.666
134.482
572.389
89.782
10.6536
97.7526
69.5801
50.6938
488.497
-95.431
100.126
1090.18
468.411
95.5451
45.9817
42.6785
56.1478
493.096
451.352
243.5
397.958
227.69
604.391
351.638
340.136
61.4366
317.006
33.8969
94.6917
88.4983
10.2168
-20.6528
360.059
229.182
625.358
-61.1328
123.177
31.3519
380.918
-11.7576
14.7485
17.7717
350.561
472.8
96.6415
-20.7699
6.59999
154.656
618.233
237.628
276.131
210.279
-3.16815
14.9748
646.23
373.025
469.065
437.053
352.778
450.544
409.469
150.458
306.56
158.861
469.263
274.404
228.01
173.344
-59.3753
69.646
433.034
-2.66422
741.121
28.7638
264.215
1072.68
199.413
183.333
13.2785
205.393
523.816
91.1198
297.838
124.986
73.4766
113.968
1115.02
-47.0842
2.95418
77.4228
572.134
236.5
638.459
521.662
75.709
63.7099
19.4853
70.3824
334.155
-5.03959
-27.6029
-7.30693
86.6138
-106.341
64.7259
120.426
-17.691
122.657
-33.6893
9.81969
182.043
118.633
-24.3529
77.7991
44.5659
154.952
188.453
143.853
249.744
-29.0493
69.054
487.848
173.746
82.9952
89.4576
-91.6729
270.263
117.149
193.942
530.091
-76.3064
-1.16252
73.0173
19.0374
489.378
-112.66
364.184
1089.04
273.294
49.6575
89.9118
115.846
234.241
108.366
65.725
643.795
161.145
410.607
229.083
251.528
-70.7106
-95.8511
48.8685
23.6318
115.256
1132.8
-20.3682
-68.0047
74.3761
65.8656
489.497
119.752
618.911
-12.4758
1180.29
1131.59
100.721
87.1422
133.023
361.386
614.898
277.739
89.2655
19.6051
15.8964
1121.75
258.481
347.986
366.391
1160.17
128.091
99.8858
558.853
354.26
221.607
107.654
58.3221
377.103
1127.96
154.833
103.36
-81.3807
-50.345
497.322
66.2534
1125.22
45.4845
37.6583
163.932
257.245
339.257
545.222
65.7697
35.563
-14.7362
625.06
438.825
33.7519
-3.33261
37.2683
260.327
142.935
280.012
779.348
38.8873
24.8158
66.1169
124.805
146.109
3.02695
11.6309
73.956
246.898
644.99
-40.7641
144.422
153.875
266.476
47.7815
628.321
376.603
-68.0456
362.562
56.2858
106.984
1088.51
57.4382
193.521
90.5345
435.502
-31.1415
505.451
209.128
371.25
137.784
219.976
306.932
171.6
35.4181
75.3652
452.85
310.239
53.3346
-11.0703
390.241
205.858
56.1863
409.057
142.345
208.697
1112.82
276.716
-24.4263
152.408
442.801
52.3371
304.254
165.265
298.012
1083.66
200.221
347.239
63.8937
176.743
26.2335
192.204
89.5472
728.319
414.38
125.052
188.466
323.835
-10.5698
265.301
34.0834
565.233
-29.2477
40.9271
104.568
321.03
13.2652
602.52
139.635
57.9268
166.948
195.765
306.944
128.054
61.2728
-17.4943
181.16
2.31458
335.331
13.2961
427.511
0.0760995
110.277
-19.4405
127.951
-4.44647
-28.9572
-123.276
-1.12795
36.9963
652.709
-96.0687
1151.39
18.8831
-94.4005
-7.52816
1075.07
192.541
452.36
75.936
-85.8463
118.853
417.886
-53.573
140.866
156.726
329.963
238.544
45.4814
455.851
291.353
-46.6999
69.2849
6.51744
26.4522
42.0492
181.951
552.719
14.4229
3.18972
519.959
-51.6818
-19.8003
136.077
276.249
273.556
60.515
49.2745
1126.3
130.981
1067.44
404.402
677.642
44.8039
196.006
1122.08
444.407
757.666
40.0666
10.2665
119.456
208.062
607.475
274.195
79.9501
183.964
87.9763
98.4512
132.283
64.6908
695.2
706.954
268.399
161.192
539.821
654.628
264.551
-40.4214
470.814
-13.8663
69.8097
156.608
-44.1539
1159.19
28.8226
191.67
163.715
358.696
276.877
1138.35
126.113
-10.6736
157.415
50.2588
690.045
54.6343
351.534
52.676
-79.202
55.1516
124.539
42.1958
400.745
39.8208
24.4693
7.90918
-36.0891
150.393
434.95
173.708
217.117
-64.7058
1.56039
312.342
248.359
151.184
142.47
172.87
467.212
697.259
174.091
436.761
126.886
640.105
173.08
238.012
228.456
334.325
491.667
151.156
35.2386
409.555
-87.4418
47.1949
147.451
15.4987
260.086
233.968
30.9172
36.1463
597.704
667.806
113.84
106.019
112.753
104.347
171.197
71.9101
-11.078
1102.64
155.606
50.3411
540.693
545.061
105.123
231.089
29.8618
-44.0512
45.4779
17.618
399.844
471.105
58.4679
12.3632
223.463
459.858
555.593
240.709
-4.90885
29.0996
207.403
444.897
344.892
23.1531
-47.04
86.7159
1.27184
428.507
130.981
-12.8666
319.625
-41.3679
72.4636
265.921
235.415
87.7128
-16.3279
-13.5335
609.08
36.1588
36.2369
0.585799
190.054
-19.1251
338.44
458.47
1052.79
801.044
-34.7804
415.449
521.4
403.746
534.858
298.45
202.199
375.743
18.9927
341.36
-72.7429
-16.5693
160.858
580.283
49.6545
37.2397
274.445
183.176
251.387
331.416
227.755
48.7345
42.7721
124.038
227.357
87.865
380.748
-40.1946
6.19736
110.567
80.1547
172.369
248.428
2.39887
-39.8638
597.942
60.2117
106.737
143.145
178.525
333.233
436.146
52.153
109.14
254.604
480.371
263.551
22.9795
127.414
615.553
-90.4904
1104.79
44.7224
255.78
187.157
7.33319
-15.1363
69.7972
76.1876
81.8149
-80.3135
464.623
221.798
334.911
9.28787
814.075
144.233
106.195
146.705
4.89492
208.284
222.259
-8.11898
214.18
122.57
40.334
455.505
241.268
74.3146
36.9179
143.548
266.397
-87.8598
208.153
59.4366
8.11759
53.7545
24.739
261.491
280.755
76.5579
77.5159
1086.45
-28.5227
188.687
454.248
5.11713
300.112
-20.2684
290.561
108.702
203.035
351.416
52.2438
184.265
213.537
132.834
4.04704
32.7893
45.8215
479.975
-6.33002
258.606
75.1032
268.755
69.7389
1118.61
271.549
1139.74
294.769
150.329
142.908
325.9
-84.1298
131.946
427.927
314.003
171.494
-9.34149
52.4982
237.384
245.826
508.837
-112.91
-9.81524
48.9323
1069.59
189.852
220.288
264.357
39.8247
395.375
125.343
66.9622
42.7882
550.746
339.086
30.2122
255.052
179.522
-83.1937
297.527
743.07
29.202
67.7897
363.506
67.9566
516.709
-67.4825
460.545
274.009
15.4112
-26.3778
286.43
76.6321
14.5068
292.894
212.384
503.894
100.484
4.78326
22.4683
-44.7999
170.72
95.7685
-83.8783
44.3527
-8.02614
580.104
4.48373
232.763
248.422
314.906
688.683
160.12
21.9786
24.5569
-56.5299
223.499
1113.64
279.589
20.4442
-13.1109
118.009
564.915
132.576
-63.4535
7.09464
663.64
119.387
-30.6885
517.637
507.751
27.0782
-46.4893
174.706
134.191
286.626
89.9616
34.2281
270.94
293.632
116.004
53.0915
573.33
86.2637
11.8862
585.349
291.448
287.606
164.243
581.195
-43.3654
223.356
141.222
16.9689
90.1651
820.583
55.8419
197.117
26.44
53.6892
441.294
447.651
39.3677
1141.97
112.159
91.8772
27.1647
516.478
9.03408
-7.72166
14.0319
202.109
182.765
66.3471
307.569
339.92
176.657
314.097
141.094
387.77
70.3462
110.103
-66.9534
113.261
-53.8691
133.999
167.088
78.154
190.02
-87.9509
15.5145
1164.15
-67.8676
1146.2
1097.29
502.121
39.2564
150.666
521.998
140.318
408.871
279.344
152.031
619.129
387.397
1142.2
98.6783
80.8323
-15.9286
2.7809
7.49204
168.085
569.601
90.1048
-20.1277
154.109
-0.877253
209.495
317.771
24.6503
-15.9532
573.639
62.7519
291.587
298.184
21.0118
134.056
417.023
97.4545
20.535
8.05422
322.533
162.2
283.66
38.4438
42.5296
-3.76844
101.802
1079.8
-50.1734
1071.34
47.0007
244.125
33.0535
114.92
292.967
-5.8173
89.9228
303.26
16.3571
-0.0588659
1119.19
-45.2429
50.2293
202.04
-16.9949
-32.9057
10.461
19.5995
242.356
189.201
30.4227
-71.0191
130.441
262.852
373.265
99.4393
382.333
21.8136
-47.7965
41.7829
54.3124
340.661
192.207
469.74
65.5689
134.183
79.0133
27.6021
74.925
113.793
-31.0584
329.599
526.087
57.1161
497.258
194.123
58.1085
1.97394
1098.22
468.405
139.606
54.8925
223.893
166.997
71.294
241.558
726.448
27.6088
378.433
-19.4159
39.8135
335.009
136.966
246.526
441.75
345.471
162.265
673.877
5.0329
170.456
120.077
229.894
90.9537
172.658
536.454
-5.16107
463.962
41.06
65.4914
252.609
-25.7256
151.006
59.8514
272.341
-49.5299
365.003
1150.4
1107.36
60.6028
87.7922
193.565
210.731
43.254
35.4856
273.608
361.097
281.071
259.058
-8.63769
448.856
20.3214
113.164
266.596
-86.6196
232.07
143.17
68.1237
-46.0544
122.107
53.3483
219.421
221.347
178.627
1149.31
538.536
83.193
28.5012
10.8465
322.881
656.815
65.9172
77.5021
143.518
-41.1157
96.309
278.283
-24.9796
61.0706
-33.6382
-19.8527
88.4142
-78.8318
-91.3189
244.778
182.676
111.639
273.541
670.948
510.685
56.391
67.7325
568.231
-47.7044
42.6553
205.655
112.682
290.921
237.677
-22.4132
64.7806
-95.3415
141.418
-92.8916
1101.5
50.8145
65.2674
-45.8338
210.971
566.406
96.1444
377.893
401.898
149.787
113.131
106.072
194.077
102.835
-33.8063
514.612
566.334
170.956
518.493
-46.3195
145.257
631.87
61.9256
312.942
21.7003
692.197
357.275
236.901
424.702
23.9411
124.123
318.446
140.857
106.556
-92.4724
40.1779
10.6157
287.955
142.958
57.2889
114.609
166.185
159.728
661.133
141.414
477.138
352.569
59.4906
503.277
464.618
107.706
318.623
312.16
350.154
231.721
53.7711
153.632
74.1858
339.44
109.058
154.772
-73.2454
471.445
-65.4785
-96.1626
543.358
103.755
472.263
191.734
318.506
85.7308
632.107
30.9154
87.6109
157.079
638.577
183.291
393.585
587.326
538.77
1142.96
1105.64
-69.2943
82.7654
179.224
-84.5975
-22.7544
63.5306
80.9991
44.216
673.388
449.44
462.327
-36.1374
59.5128
75.0323
110.052
297.91
292.592
10.061
224.743
584.764
289.576
200.075
6.60216
171.854
160.746
-20.2124
38.8812
763.595
244.496
50.0745
283.406
124.831
504.722
158.818
1.65159
606.161
246.924
353.806
763.885
258.707
335.989
197.015
256.969
-18.4904
231.348
192.448
366.217
323.975
83.7125
154.631
621.866
235.806
194.156
-1.58916
453.586
344.817
219.879
414.861
57.4796
-61.3799
507.831
191.729
103.945
34.927
704.997
328.144
250.81
-11.5293
224.905
141.421
767.512
-36.3687
740.37
69.0492
64.4664
1072.52
298.197
307.233
-27.7099
395.52
246.598
-15.6395
-12.872
361.907
233.478
145.192
17.165
64.589
143.643
132.385
114.917
1101.6
398.881
104.068
106.293
-2.58343
726.261
48.46
-18.3023
382.084
335.393
27.1506
20.5913
99.4312
47.5141
-109.969
55.7277
8.21886
96.5464
161.585
137.383
150.093
24.4387
16.0693
255.319
1095.65
80.7541
19.6787
681.169
244.591
-39.0973
-10.5105
113.564
81.4425
53.7538
77.1192
129.161
333.172
673.313
245.835
-26.3187
627.274
49.0698
155.726
92.4504
-3.73242
45.3529
-14.2583
194.074
124.09
233.484
8.14565
83.9986
527.615
-59.2273
165.467
279.027
-66.5665
558.17
493.166
115.71
339.145
416.314
293.009
164.93
296.305
1085.39
57.1235
176.673
-3.47849
207.578
23.9602
165.664
1172.93
682.096
101.218
3.23531
60.9914
297.761
380.327
248.576
-103.999
222.509
-59.0445
653.702
283.267
152.216
211.937
-32.486
45.2386
109.494
441.094
131.139
478.318
616.599
281.883
-36.0528
470.868
161.007
409.065
-48.2188
59.2046
15.1613
-30.5869
360.564
67.6593
496.099
54.0941
108.78
178.386
157.127
283.651
113.523
243.407
332.053
104.335
70.3385
-33.999
557.497
-11.0563
135.213
-50.2111
23.7805
89.1466
22.3594
166.758
269.209
31.1231
4.61668
239.678
-54.9734
772.832
44.6751
152.43
168.822
151.225
45.3431
504.447
-18.1798
30.9478
13.1479
21.3567
1078.39
84.4576
105.211
58.5967
719.357
235.358
188.13
0.960305
-1.98779
334.241
49.068
-53.0328
31.7685
-17.6013
52.8656
163.586
265.874
0.124321
-4.79485
-3.46438
124.819
34.3881
469.595
621.509
136.175
383.447
246.37
79.025
331.059
104.947
99.8545
37.4817
43.8337
282.71
399.201
408.38
265.618
1.66109
330.316
220.633
218.062
-46.4186
330.168
595.211
-25.1575
108.101
108.072
595.42
121.211
39.2949
98.6731
47.2872
90.0061
-70.4717
37.4802
-25.5723
152.511
156.201
-75.9919
491.328
53.8619
439.031
200.237
422.736
250.95
83.2234
142.154
174.896
214.187
271.619
77.404
450.933
485.893
-8.64082
496.374
16.9537
-34.3933
89.0113
436.679
1088.03
154.921
257.589
48.3503
460.68
87.6074
70.5081
118.85
704.966
176.504
144.413
36.5046
-40.7575
162.557
398.584
428.525
96.9175
4.90078
177.882
1100.21
698.944
520.972
610.468
175.159
68.6102
103.589
252.956
276.522
50.3786
42.6432
316.75
272.346
124.208
356.701
786.575
349.07
280.371
2.61209
322.975
1132.58
65.1765
39.7059
-9.65494
116.188
365.444
167.725
610.414
413.841
-21.5021
-11.3549
130.012
168.719
19.5573
161.088
16.6267
90.6287
739.56
35.2759
1150.66
160.917
-1.14726
408.293
323.883
80.9534
51.5046
497.189
-111.608
591.232
348.128
18.7712
-39.211
397.652
-78.1155
-29.2657
166.873
771.675
1053.26
272.43
422.405
711.801
589.375
120.582
-2.41913
-40.7808
480.453
39.465
181.793
93.2493
375.443
42.2978
97.683
32.4763
344.887
6.91445
36.8349
75.6413
292.601
83.4955
1124.68
18.5984
316.71
55.4949
333.835
314.325
234.873
84.7347
431.428
156.381
146.194
-30.8339
86.1778
117.198
43.6286
264.263
-86.2518
510.721
328.875
-20.4167
84.2997
112.937
24.3133
513.871
119.09
348.541
-47.707
1136.28
663.682
191.649
358.737
-26.7027
95.0086
256.718
145.419
25.987
479.874
290.24
13.3746
34.4926
368.632
661.726
293.72
-29.2499
2.47689
279.638
93.3744
452.33
179.044
-8.2315
135.226
78.1579
339.367
122.881
449.782
217.703
64.9317
-0.171873
115.845
440.442
-34.4173
-28.5149
431.902
3.89788
483.41
-96.5016
173.618
67.5486
515.979
95.8372
-6.04494
531.516
8.96944
336.51
355.125
17.5323
331.335
279.338
-5.482
406.89
2.65889
419.821
145.578
123.984
-30.6358
100.177
167.96
67.774
632.509
61.365
1124.99
276.351
31.283
88.3138
31.5289
316.357
141.969
186.893
517.25
97.533
-31.6868
16.5913
31.261
556.579
99.5349
225.393
152.664
111.626
65.9369
63.3693
535.595
495.601
508.253
334.337
504.114
556.727
1098.53
227.561
304.262
434.266
473.312
407.308
9.23672
60.2745
628.705
285.35
1.41641
321.381
223.187
343.23
144.076
10.1456
0.0466204
1180.09
140.411
123.036
494.315
234.764
156.793
389.067
1120.65
509.875
447.874
55.8233
645.565
-42.5757
1126.64
56.5978
269.614
281.129
94.7259
34.0344
404.225
19.0855
458.543
169.659
107.618
46.6089
1140.03
194.38
80.6917
132.319
386.301
140.211
233.642
313.151
391.019
96.4585
427.236
114.102
249.605
82.4951
287.335
75.2334
262.823
147.866
185.305
155.852
525.157
217.703
283.617
162.873
42.9786
126.003
370.315
103.091
674.121
122.207
86.686
76.5276
55.7087
154.893
108.399
489.126
16.4222
-7.80707
-10.9073
557.077
1078.33
69.0098
48.0851
141.199
250.825
9.49245
186.529
399.608
188.986
50.5752
195.355
1079.8
272.789
92.6176
26.1039
319.868
645.969
-34.6159
24.7406
49.7559
480.713
64.8384
263.501
176.991
216.199
-5.54146
95.4227
77.6863
34.5475
106.57
-19.4529
166.215
87.6964
262.202
94.871
72.9186
646.35
417.328
23.3104
118.091
50.5096
1081.38
75.5871
104.797
109.982
58.0834
142.523
15.4522
334.544
293.552
13.0832
244.623
22.3372
1093.3
291.854
1126.01
94.4666
31.8731
370.214
318.408
433.961
-49.1592
151.358
-6.20934
249.632
488.327
-75.263
101.206
153.266
13.2201
63.6115
320.2
55.4142
78.0668
64.8765
-15.1854
130.736
185.96
523.524
79.2152
145.316
453.538
-2.3782
51.1985
85.3799
62.1009
485.037
22.7726
144.238
205.541
-3.35088
233.743
69.9994
199.64
338.295
57.702
180.3
167.707
71.1045
58.7964
185.556
-79.8186
118.574
73.8732
17.8321
-36.8981
-6.12399
245.115
-2.60293
292.338
270.476
444.751
73.3361
58.3378
1114.84
-12.003
346.092
203.159
160.485
182.003
275.577
150.165
695.294
18.7154
-3.08195
1107.61
562.208
70.6935
1096.24
513.05
684.247
29.4264
38.0042
137.334
-4.07071
48.4007
120.335
-87.5468
-104
-15.1305
206.07
511.424
143.295
86.8713
378.312
241.391
-72.1938
418.95
129.562
1132.49
31.3743
50.3776
618.833
334.762
313.975
306.044
552.197
31.8208
204.586
95.6819
152.064
61.9143
77.2391
103.714
202.495
183.361
-10.3132
231.11
245.862
112.361
260.084
39.1545
247.036
-39.2138
-55.2172
345.031
65.2356
449.221
138.891
196.587
298.417
394.139
205.844
202.484
126.386
151.202
206.962
39.8172
61.9961
361.601
52.784
243.827
101.297
203.301
20.5588
-37.0088
-42.725
108.433
68.8101
-75.0624
103.443
47.5195
228.146
-26.4575
495.339
1128.17
576.663
58.2012
307.735
161.15
182.528
-52.406
139.801
18.6306
415.228
103.236
366.515
216.303
116.728
225.873
103.853
84.0928
135.068
21.5465
29.8092
28.9601
400.396
91.4316
219.353
201.798
-34.1536
219.725
238.314
72.2679
109.574
53.4296
658.189
397.359
332.266
8.90283
221.325
81.6265
362.202
402.76
-89.7785
272.866
70.2239
435.521
427.37
520.124
510.328
296.122
466.343
491.889
346.509
615.128
184.626
82.8067
51.4223
-58.9149
5.03196
608.308
-55.4039
125.621
-50.9022
44.0542
-85.4934
233.715
151.148
273.798
432.924
169.845
112.845
486.537
169.843
340.581
509.318
-54.0802
59.4366
301.581
293.282
307.897
-17.9226
-67.2674
64.3577
62.7846
190.834
140.039
1110.16
44.9758
386.321
183.388
321.211
9.73871
96.4352
1132.11
45.3894
213.922
196.895
226.452
-10.1407
278.712
664.11
102.753
161.637
24.3548
401.084
241.456
636.175
260.52
335.21
12.9132
33.8031
79.3913
119.335
354.826
372.92
115.107
117.257
88.4575
-64.7188
472.106
217.812
67.171
38.635
427.834
17.3064
22.3756
-6.13741
342.539
656.499
377.587
723.004
89.565
42.6687
58.6002
280.597
4.55831
240.409
10.1037
-5.66732
155.138
20.5281
244.445
221.263
315.902
46.9017
1094.17
178.481
238.789
420.933
18.3872
61.8122
601.379
162.403
179.909
72.3744
56.7616
133.773
429.49
667.453
726.607
1096.03
197.953
321.315
408.127
76.4326
62.9806
236.04
310.484
1080.61
660.648
576.565
168.869
-61.3918
419.561
454.35
62.682
-15.7062
19.2913
45.7274
54.5371
310.868
396.498
56.5921
-58.4927
157.231
697.476
756.465
1092.29
30.0799
-1.98799
125.69
43.413
172.926
116.236
441.179
330.639
395.859
217.37
122.72
-17.9683
403.789
607.919
1117.15
318.98
4.87894
8.66527
47.053
36.3525
-95.8979
317.323
29.6034
-26.8818
36.3797
10.775
541.538
383.237
520.063
-49.0849
-68.3367
70.4728
90.9261
142.635
86.7176
331.745
-6.32274
467.258
205.627
460.605
0.928623
43.8375
186.38
123.65
22.7843
78.9315
109.044
49.8997
-69.1068
232.579
40.8067
568.593
6.64397
107.467
6.24631
47.2665
6.57799
262.412
77.8999
183.855
1144.63
34.4597
66.9221
200.239
122.903
39.3604
158.773
1085.1
418.824
100.085
466.67
132.65
93.8389
-22.9183
1123.43
125.237
-1.39322
-47.5893
14.0639
66.7949
-41.7093
67.9594
17.2249
143.255
765.206
-82.3451
412.921
78.1894
223.787
641.078
35.9187
55.2755
211.946
164.474
78.3706
391.125
490.803
698.872
-16.7319
306.114
320.265
58.6724
454.768
572.184
248.808
537.976
112.456
15.5251
200.011
309.045
385.51
-33.0295
448.278
107.847
118.985
599.562
93.7943
45.6585
16.003
352.874
218.846
167.702
69.0865
29.5688
-20.4763
129.835
-48.5497
40.358
181.719
130.984
138.421
349.477
144.939
189.664
107.529
528.596
131.397
42.0576
407.019
162.153
76.07
271.258
460.725
174.671
24.2623
326.877
200.56
659.585
238.915
-19.8865
86.1956
99.2606
22.8623
425.718
36.2233
261.727
74.5003
248.59
132.213
242.246
98.2733
114.869
120.52
89.5702
768.278
275.748
198.617
132.466
424.631
265.629
165.797
23.3438
214.902
84.9748
163.573
188.639
270.797
33.2291
82.5669
556.282
568.653
1136.74
200.683
28.0143
169.225
176.95
228.405
87.0818
274.377
287.641
1.92918
446.783
738.562
114.247
261.077
199.109
1069.15
211.603
198.793
151.728
47.116
0.137231
545.727
177.37
385.888
187.639
538.021
123.373
26.801
565.362
386.873
126.624
173.736
264.08
132.958
1168.27
-41.3899
450.568
322.322
66.318
-19.7825
184.81
57.9005
142.505
2.78219
191.485
242.684
605.485
339.261
80.6285
236.728
-32.4757
380.845
78.1495
73.0765
1096.1
-8.53732
339.397
655.233
233.378
59.9238
78.9944
-42.1357
374.003
187.669
172.243
211.844
-37.2789
662.4
38.7943
94.4483
88.2363
13.0922
235.917
190.354
-29.4149
489.02
26.1712
444.019
428.484
543.403
148.602
55.9955
429.005
-81.4754
-11.8544
6.69823
424.27
157.003
647.771
762.369
176.451
-87.0336
119.625
417.64
-78.8672
97.7916
37.136
326.186
6.31445
0.225393
189.109
556.209
602.36
60.7841
-30.26
239.651
112.897
153.122
305.906
159.569
681.167
71.747
-33.4509
672.877
50.2472
78.8931
1117.52
-10.3947
773.808
351.907
251.082
237.192
457.636
-72.907
406.257
131.838
337.089
93.5397
-2.23124
214.914
-5.67229
146.916
62.9964
-0.00248596
392.884
210.097
348.005
-21.0189
493.471
296.72
-25.3834
95.5219
446.869
25.2611
142.981
87.3008
336.011
193.032
211.655
588.158
226.998
-67.0135
542.033
721.14
1101.75
94.193
64.2013
-29.0981
102.059
365.509
398.921
-1.51308
439.564
247.949
238.918
138.233
10.1818
-79.8391
488.48
534.549
1095.79
-30.5116
-35.033
214.309
72.8054
317.425
-111.09
22.2221
86.8015
114.645
208.431
437.953
84.6898
92.6903
79.645
46.7231
687.007
210.569
62.1053
52.6104
1079.57
407.472
756.481
477.039
1133.69
647.631
98.8362
182.891
-32.8062
1.69329
-8.45656
125.994
68.6541
40.5653
531.92
454.954
-29.2668
94.6307
81.5086
615.609
-35.4134
1140.79
340.017
74.8966
200.895
-55.6846
439.406
526.776
382.298
1117.88
151.502
187.429
125.304
-95.288
59.3419
93.4293
196.773
132.497
57.2052
40.677
121.364
33.2359
119.527
83.9784
790.807
16.5245
330.79
2.32962
453.443
177.871
57.9781
100.298
341.158
29.5102
231.424
166.142
364.522
130.523
62.7657
65.6969
10.2602
114.627
-56.729
576.196
464.826
451.443
58.5212
93.4863
323.543
268.217
653.507
446.98
146.468
562.615
732.958
187.896
365.026
-89.9109
124.254
1127.95
-2.7485
-9.58551
336.68
343.742
353.939
123.477
161.961
1091.88
249.466
555.181
47.9372
346.756
136.602
117.412
596.594
107.584
328.598
254.087
460.149
49.3883
17.1461
80.6274
74.4646
85.4472
41.6778
195.401
55.763
187.852
319.296
168.125
624.434
1139.86
1125.84
131.06
775.977
500.133
55.0645
240.669
65.7117
282.725
71.905
-2.14279
-165.013
353.056
602.1
237.769
509.977
90.3941
111.279
133.945
-44.605
17.8311
1117.13
-15.1295
97.1237
1118.3
-17.7329
39.5297
92.433
-6.63469
469.075
-11.4129
17.5003
830.991
-32.6868
59.6437
144.043
471.368
192.788
-73.9071
40.0249
291.703
693.413
1070.01
202.05
65.2657
120.843
144.249
328.64
317.426
207.765
572.146
4.67387
322.863
268.807
159.304
316.125
27.4374
64.8217
23.9025
15.5142
57.6073
258.971
184.835
222.894
143.24
300.931
205.526
154.594
201.993
-40.3627
135.487
212.593
184.74
98.9226
227.754
20.7032
265.617
142.537
339.785
1129.48
333.41
-40.2783
-3.60323
194.741
153.846
-66.4956
12.124
307.74
95.6563
103.66
92.3656
184.428
269.72
631.603
505.215
127.203
280.432
147.081
26.55
-56.0011
344.245
22.3787
413.542
38.4564
-90.7651
89.7744
199.749
52.4808
240.596
390.819
473.489
381.263
184.386
148.139
54.4537
352.82
195.036
433.251
701.534
341.499
-11.268
202.473
16.1762
69.5929
431.705
33.2477
240.961
121.993
309.598
104.198
177.541
18.1458
196.049
76.4282
397.087
266.684
460.244
165.803
341.527
103.881
63.1012
11.4049
-20.7354
1039.47
123.162
223.682
285.219
622.538
158.799
281.28
-45.8067
1087.85
719.821
707.069
17.2166
87.0543
-5.03921
-20.0383
672.269
304.957
78.2165
132.499
-71.576
-2.02438
186.599
178.485
177.631
1149.6
-66.2931
86.3882
186.895
-1.3007
514.169
85.2739
327.678
327.514
111.817
1104.48
6.15209
-70.004
520.134
121.145
146.934
570.788
1074.36
107.498
626.622
297.004
-9.96291
81.7864
543.097
593.117
96.6923
221.655
114.652
169.544
202.109
329.262
51.0664
422.468
191.044
99.2329
246.655
194.66
187.729
17.8283
39.8572
335.397
54.5996
234.418
116.399
52.5866
65.6272
469.858
99.7698
97.3284
10.782
125.521
87.8176
-48.951
-55.26
169.385
1116.2
135.52
185.689
436.652
506.852
126.222
1133.3
-44.4127
19.5285
13.7261
1078.12
229.708
227.488
139.911
97.1063
509.105
50.1865
355.823
-16.7937
292.059
309.704
281.266
-96.6684
507.17
6.84747
231.225
-53.417
336.532
259.928
193.412
272.003
-28.694
433.957
211.608
741.429
175.676
363.002
725.306
331.774
64.1517
79.0597
126.253
188.257
16.7642
63.2778
77.5878
148.225
102.05
90.8852
487.818
-46.6808
114.671
291.807
131.672
270.714
571.536
64.9417
-35.9319
68.1853
342.355
-69.1362
277.244
259.08
117.907
167.649
15.1137
360.755
112.971
33.7986
68.19
20.5535
498.024
514.375
1158.26
431.854
236.81
398.286
339.071
300.738
519.537
609.234
656.881
-2.45518
565.394
193.119
521.863
88.502
27.7928
252.157
49.4473
1109.05
133.251
475.975
247.837
-75.0671
126.422
682.348
137.696
57.673
371.003
3.36976
122.237
131.416
18.2895
761.003
340.021
422.948
148.433
11.4286
402.317
76.4038
34.1113
49.6889
396.948
649.795
54.6795
233.505
76.3124
649.436
293.422
12.1279
239.341
461.604
251.994
270.08
231.719
271.784
407.207
165.781
247.523
416.26
69.0522
214.121
66.6651
324.74
1169.52
243.986
1127.86
62.4774
474.864
-6.48121
74.8649
15.6688
-18.6971
440.041
520.599
386.924
233.722
450.209
3.76172
547.354
131.689
-104.4
99.0875
160.014
49.7496
-57.4558
480.229
191.129
-33.867
162.792
11.2039
202.556
432.081
-25.7273
149.098
61.4637
478.762
237.973
367.814
391.353
225.421
526.244
39.9144
120.95
-16.9709
118.323
230.022
146.884
-51.865
87.0492
113.288
107.907
154.449
-56.5288
121.774
61.4438
38.3975
113.591
322.166
45.8465
232.093
112.58
673.074
17.5115
290.089
27.5503
576.38
608.807
581.128
158.237
658.909
110.564
298.674
73.5336
430.564
468.431
751.541
-7.16598
-0.16515
393.35
148.969
178.356
374.155
621.371
383.007
271.012
221.231
-52.1793
1075.12
374.29
360.838
495.817
1114.73
141.582
-5.84479
59.6778
172.496
86.7983
158.192
229.024
385.462
531.866
27.2184
323.395
101.728
284.086
660.39
372.95
345.019
666.985
488.798
-61.7696
180.934
72.2735
51.2422
424.149
-22.7618
27.104
10.0163
96.5667
236.462
179.608
113.327
522.151
248.299
471.346
179.407
61.6507
51.6826
41.8196
28.13
393.172
375.146
484.946
342.465
-11.8133
324.534
17.4434
110.719
29.4021
91.7605
425.302
197.889
250.565
720.964
227.659
130.033
-28.7199
622.6
69.5169
253.877
-81.6238
30.6797
-0.666287
458.733
172.259
435.449
314.405
349.374
121
-34.2556
-60.4685
5.56671
190.86
416.803
134.757
21.1916
120.026
403.78
691.517
677.893
65.4497
78.129
188.562
213.763
-4.40236
153.113
73.2214
38.2484
106.699
201.05
190.768
772.345
262.046
62.0946
195.485
733.083
162.397
102.816
598.046
39.1539
157.837
107.883
1094.51
426.087
358.775
802.415
106.33
161.647
65.0442
196.48
97.5855
643.695
208.997
387.274
203.122
322.25
210.596
242.968
239.582
598.861
179.767
569.109
269.037
724.097
652.849
11.085
41.6881
332.018
404.842
198.596
-25.5481
2.74029
89.9934
337.714
282.456
109.302
103.733
436.428
288.302
481.154
268.249
423.689
126.388
233.168
187.614
187.527
443.479
248.783
253.925
336.634
-25.3474
387.065
190.544
625.811
79.4933
515.263
534.289
622.317
294.351
41.1604
85.0434
96.5917
453.109
138.799
52.2246
454.857
215.114
1125.89
235.915
392.575
274.702
51.8619
-90.463
-4.86775
95.4707
591.953
90.346
291.308
-9.16716
117.97
398.54
160.066
57.9102
191.934
21.4129
22.294
204.075
696.988
410.774
168.109
247.995
499.587
155.524
101.065
257.433
245.193
-23.2878
98.4322
378.174
187.47
74.6645
11.196
154.801
-49.2671
1.38665
129.788
94.6101
226.505
-21.6459
1136.89
16.8116
228.374
1.65632
10.8132
51.2223
267.873
150.534
472.539
52.9065
319.778
57.8689
123.375
710.008
654.103
53.5182
1116.92
617.518
59.2717
-113.069
287.738
66.2481
99.8938
400.083
82.959
343.433
572.609
720.119
59.9045
-5.9872
476.464
504.588
578.471
157.276
578.803
319.416
71.6533
560.907
70.7713
53.8059
479.016
1058.71
276.933
334.643
399.222
307.322
1103.47
14.0234
85.9213
673.034
2.68903
144.493
68.9877
21.5752
660.749
100.905
446.323
432.594
313.386
75.7116
63.699
144.961
309.23
34.9954
319.059
174.524
387.277
247.622
562.811
120.337
306.926
88.1601
-16.2615
86.4513
408.129
80.2404
114.2
467.561
17.2231
215.078
199.219
127.648
64.6375
578.682
66.7171
619.513
469.557
-13.2997
152.579
-94.3107
32.1823
-43.2036
63.4627
436.732
320.021
94.5523
143.606
-28.1946
-76.1648
94.9975
69.0188
385.109
8.03053
574.819
73.4686
135.691
136.352
169.812
183.488
345.849
455.093
536.18
495.658
256.784
145.92
414.255
-29.8365
-94.9121
42.554
-15.034
466.423
405.304
73.8567
332.358
140.006
379.368
355.926
483.965
111.232
483.534
302.558
206.471
-40.1781
102.234
20.2226
421.958
164.986
60.5141
136.436
291.991
557.209
153.764
29.3659
-56.8793
457.521
-104.444
184.603
36.8966
195.212
-11.7804
92.1691
-35.5089
112.641
526.755
365.161
13.1611
165.808
145.151
107.418
-46.1693
172.264
209.926
15.3653
-69.0093
215.073
1138.28
18.9933
303.36
-38.862
360.36
96.5818
16.2817
41.3399
27.0515
279.285
111.058
162.3
90.7523
768.347
343.965
1097.85
-18.901
-57.7486
493.048
101.948
348.386
66.1638
-66.608
83.3783
144.162
534.229
-114.113
120.101
73.8272
113.252
69.7792
116.005
-3.08516
77.8638
70.9529
516.681
264.047
188.343
118.792
139.023
493.76
111.079
393.243
195.338
-25.1659
-13.9695
15.893
334.899
-62.1056
161.42
26.8186
636.28
484.996
359.247
475.73
250.509
601.823
246.96
479.932
1151.86
319.085
246.775
128.788
331.706
438.989
1110.28
155.613
250.027
34.9094
257.29
-44.1549
124.351
237.611
136.313
2.98313
218.999
125.611
45.1371
431.102
-51.904
287.41
-51.0397
73.0303
-60.9164
69.2405
12.2667
185.698
172.717
103.479
22.1769
17.7464
6.81938
179.507
192.219
456.255
116.685
176.279
411.196
-21.0989
394.885
15.9275
369.036
722.103
180.701
104.618
7.75934
197.992
31.8412
284.779
609.443
25.9766
513.566
79.8835
679.034
146.875
161.1
249.576
-25.1545
306.319
68.8282
9.46047
170.433
385.672
243.711
110.272
-13.4685
32.4048
-80.7142
673.334
93.1504
499.231
405.855
179.822
426.565
13.4099
82.2569
275.081
79.3442
705.021
448.327
-27.9357
457.881
297.795
-25.4794
66.8064
625.973
131.141
57.0286
296.208
124.417
-9.81664
319.033
75.6146
3.86365
112.652
86.5337
52.4103
0.372689
318.526
482.969
175.304
9.47908
272.391
3.29853
146.73
1085.33
300.327
58.6579
12.9809
186.83
510.583
108.331
45.5992
86.2497
214.815
-12.0373
-31.2485
54.687
53.918
127.506
8.295
44.5614
50.4469
601.33
15.6673
42.5857
43.2442
134.369
406.975
425.058
-14.8403
550.528
221.413
-22.6457
97.0104
75.8643
55.2587
1052.08
358.151
-29.543
31.7983
229.758
265.923
326.887
157.723
239.412
461.781
127.648
67.2755
525.517
328.989
96.3365
97.7473
348.331
1134.72
126.724
114.952
465.633
406.825
1.50141
78.8301
60.7173
340.625
201.684
128.159
316.294
84.9549
1100.23
58.9711
16.5645
138.691
-59.0263
5.78458
345.119
353.028
200.168
292.881
61.6597
524.403
1137.98
309.723
47.4961
368.547
204.906
277.832
246.936
201.851
148.657
389.15
428.957
767.261
435.445
377.212
62.4574
8.36297
74.0681
1160.61
82.9271
488.739
236.854
91.3955
1152.97
436.47
200.181
77.5904
180.111
347.628
119.448
218.428
1118.05
101.601
152.209
-89.4403
384.723
1095.97
20.7315
-83.1364
10.3788
178.885
-20.2664
655.31
136.733
-13.474
269.81
66.406
58.8763
12.7522
65.9989
425.227
160.239
302.808
179.375
111.471
271.811
445.174
215.765
94.8392
639.868
128.136
107.43
426.722
334.823
3.75525
21.3005
71.9974
118.918
-49.7251
1112.47
189.609
10.4099
531.743
114.121
111.772
-15.8552
624.087
54.8785
-66.0318
-105.874
1093.72
87.654
-82.3878
59.7989
28.4436
36.4509
660.122
153.466
345.721
24.178
21.0074
49.8843
486.388
209.257
576.007
89.9481
400.005
271.001
195.239
347.95
27.18
135.859
155.27
460.59
76.9556
543.056
510.659
64.2886
-76.4197
35.0705
-32.9745
533.778
-18.1993
1134.62
56.3009
-82.6448
190.272
128.317
-7.39742
552.215
31.61
171.856
208.269
442.826
-65.4525
582.637
256.458
133.325
3.31624
500.378
35.8745
136.665
-53.3782
67.7963
-18.3642
222.839
420.064
16.5932
523.114
120.971
196.068
-0.646102
371.062
280.864
12.9039
177.597
-51.9916
679.805
20.3592
-11.512
88.972
259.484
428.325
1094.18
138.669
389.682
1.86868
441.581
159.715
-18.6118
331.207
70.9889
515.539
106.56
-27.1959
28.1276
16.7986
197.295
4.12678
168.731
1084.63
287.785
241.01
302.637
83.3797
656.048
199.865
771.166
72.5328
55.6962
340.201
-65.4293
161.579
34.5867
294.328
-2.4457
108.339
226.38
235.451
13.995
25.6632
192.088
423.155
105.969
350.677
101.468
78.256
630.378
-2.79429
9.07609
-58.0192
46.4677
1111.6
380.838
28.0575
386.808
276.083
16.3469
353.998
58.7928
91.2112
2.21025
589.492
39.6748
167.6
693.86
142.429
171.135
142.761
172.983
38.9153
540.456
101.911
543.53
598.491
765.868
34.0982
133.62
52.698
694.652
361.271
465.264
305.744
72.5688
1157.32
218.88
249.606
215.815
167.116
280.712
426.717
-14.4212
40.4507
-0.411874
683.535
-5.21673
22.3639
151.496
321.473
208.168
144.546
36.0963
238.899
526.856
515.179
263.152
-20.5505
290.995
-29.6308
210.128
212.088
333.593
252.907
-37.8055
37.6644
385.078
354.556
296.091
77.254
551.484
190.931
290.152
112.933
208.308
484.874
277.965
17.3788
458.097
777.408
60.9444
77.8134
159.6
343.787
-18.2566
50.5483
15.2191
1092.43
782.803
191.704
86.5232
173.78
14.8908
341.492
-99.5694
214.779
454.597
26.7418
203.678
87.2924
211.055
91.1892
1130.32
217.524
144.869
-18.8148
390.351
335.428
35.5414
70.419
-57.0856
24.9432
45.2301
173.924
559.153
32.2988
544.384
639.4
466.775
609.258
735.644
4.06555
1098.19
116.102
415.327
62.5991
248.958
312.645
-2.8609
502.868
1085.58
199.472
440.102
378.915
597.769
349.319
125.497
-14.0252
92.0987
41.0647
125.333
371.154
483.346
147.407
110.427
363.264
188.742
257.225
63.0487
98.6003
86.6094
-9.88864
138.503
113.146
136.095
-2.66492
1086.83
196.47
294.367
444.738
-94.5393
106.924
325.745
22.3227
175.241
122.873
189.966
-29.4945
1093.09
68.3054
149.688
47.2261
314.921
415.042
407.993
1104.29
74.3973
74.2739
1091.6
86.2508
57.5574
166.264
69.8554
-24.3389
88.9558
-10.5176
150.845
193.858
104.048
1086.95
291.298
269.641
106.614
43.3087
197.151
270.249
118.315
636.634
121.657
192.994
540.662
45.5814
-7.11364
222.441
203.354
5.91599
585.136
62.5886
18.8934
1114.99
89.6768
66.8284
219.047
42.9326
0.677086
543.411
389.248
-67.9149
511.041
462.972
102.062
89.4668
104.787
615.07
262.356
123.287
-44.7235
495.721
230.44
436.456
166.332
374.998
419.286
223.224
90.0899
296.901
-95.8351
689.513
215.897
462.984
238.137
236.725
-7.34036
15.0997
-98.6258
253.237
9.83772
368.122
49.0387
-53.0679
82.2511
-44.4616
516.166
389.591
-2.40429
321.214
20.4608
526.007
97.026
504.078
199.099
30.9413
-4.5689
181.409
-23.9678
398.77
117.215
-2.41502
239.367
5.96002
134.065
-24.4188
324.722
186.428
183.043
178.261
5.91138
97.6381
311.474
69.2244
-0.834714
126.427
366.528
684.539
402.172
-29.3283
157.843
88.807
67.3456
111.963
90.0744
37.445
-24.4647
55.1973
65.2154
139.693
-47.4065
-108.198
26.5669
348.981
220.057
275.975
640.875
14.1182
-128.833
151.475
120.214
162.78
134.933
69.131
31.6716
1103.77
5.21361
151.643
-21.793
22.9686
256.97
26.7105
264.277
13.0702
52.9575
97.2713
1103.14
78.241
1091.56
359.597
1122.29
267.409
-13.6501
-40.9035
288.945
152.823
626.178
162.342
583.742
732.034
527.026
504.989
95.0446
177.472
50.5842
-21.1273
94.7692
366.114
28.6292
31.8723
-48.4204
9.55693
-26.3069
168.879
16.0719
3.94797
75.4863
44.1657
1110.93
542.618
1124.25
279.378
172.67
88.7992
265.556
230.555
341.19
249.599
517.276
-64.3278
70.2737
248.66
318.218
190.674
257.549
37.8189
488.695
216.892
615.565
3.35671
168.824
51.9539
1108.75
-14.1638
62.3215
1109.28
206.916
360.448
-33.3546
-8.98916
484.395
688.645
537.888
159.31
220.699
639.372
23.0826
1129.1
149.918
-35.2094
58.3954
57.697
37.1722
288.755
48.4582
197.641
-71.6514
8.3876
139.628
32.3265
112.45
419.133
329.613
256.621
59.5926
380.203
46.6996
135.466
-57.7063
-28.348
368.836
149.417
136.536
654.225
187.809
158.764
447.622
380.157
226.977
371.167
158.256
536.178
158.232
-4.34149
737.823
299.246
-97.9921
619.09
188.438
138.332
497.674
139.02
256.526
64.9867
30.004
218.053
282.88
3.23721
82.7692
213.778
1178.82
48.1848
71.6597
671.529
123.301
-79.3724
220.381
142.272
28.5004
162.939
12.6506
44.1842
29.8114
216.193
-103.875
227.224
45.643
312.189
43.2233
407.493
-12.9191
150.695
420.538
1084.31
560.865
659.828
474.5
424.39
132.496
240.309
237.014
54.1858
180.82
164.137
647.434
321.245
452.24
195.174
76.2288
158.453
141.084
121.141
3.86305
78.7221
193.609
30.919
62.7748
550.018
89.474
145.564
254.828
12.8074
76.3561
260.335
-17.9439
1135.66
1147.74
437.597
242.613
210.934
351.74
132.891
273.07
127.518
1081.19
81.6802
1114.59
15.4392
149.415
45.6075
96.022
163.39
24.807
4.47646
76.7644
572.429
504.119
-4.02491
272.668
109.468
531.604
490.415
1097.43
-12.0375
105.028
374.573
13.9201
225.262
656.138
180.941
15.6857
512.36
407.065
119.789
25.4508
250.468
556.889
-2.58117
253.281
361.409
72.1337
-25.3003
1101.52
515.853
310.783
66.2107
26.0637
83.2832
730.761
522.595
729.461
1116.9
207.958
-35.5744
169.61
478.905
85.6186
485.105
256.644
172.135
-56.6439
154.395
477.661
191.353
18.4956
464.11
184.357
-23.8174
83.6322
342.239
379.858
128.511
80.7539
-105.561
89.2841
257.256
1125.9
277.561
54.0012
83.9704
259.179
401.259
120.328
416.193
113.199
303.656
81.5293
110.751
85.4091
122.689
115.468
272.701
-66.3002
81.2487
-11.6744
295.435
606.735
555.024
1081.58
427.92
88.8424
1102.99
29.5703
114.564
25.9524
222.275
114.23
117.35
114.474
215.916
530.786
493.907
1050.59
-2.88386
104.956
772.171
264.829
789.364
72.7786
39.8222
615.368
-18.6152
400.499
27.2432
126.095
266.279
-21.7214
71.7659
189.812
-89.5388
12.1629
117.104
365.702
268.082
46.0542
51.5399
432.867
393.653
18.9971
80.7016
340.682
-2.10131
46.1607
123.11
74.2371
247.945
668.373
42.3846
87.7758
126.916
605.8
-27.9708
-58.0701
136.157
115.926
359.93
201.522
362.26
1152.42
47.259
187.783
183.456
103.779
103.465
203.085
173.837
242.547
26.058
311.362
484.411
115.559
208.782
227.538
457.2
644.738
120.5
185.722
22.3251
-37.0305
616.891
495.484
200.695
1080.2
365.017
357.148
688.296
-20.1635
276.766
316.257
-34.9208
133.348
81.5134
64.5977
70.8144
13.5742
52.3518
205.28
284.738
611.428
-26.1986
133.254
-97.3136
135.19
728.182
214.802
636.547
298.109
595.887
96.7248
92.3784
121.287
10.7644
564.329
14.5772
213.18
420.926
515.977
65.8531
1114.15
230.798
145.61
497.23
427.278
35.6594
30.9073
194.892
250.287
103.142
90.4764
127.882
503.856
88.3196
1108.11
136.22
131.488
531.284
96.0497
235.306
346.439
525.892
205.976
456.016
393.046
105.511
157.479
804.068
106.416
5.39538
410.818
54.6525
121.966
82.5885
174.392
204.75
217.499
97.4464
-24.7299
150.129
19.7372
-19.6599
194.579
196.721
290.149
486.763
672.584
74.8063
11.1749
332.805
99.7767
593.14
184.761
47.4698
148.109
468.902
177.002
742.501
172.085
783.431
-73.5694
546.127
579.239
466.953
-54.6327
26.2713
-33.5725
108.083
40.8838
273.089
723.121
1076.35
504.318
21.4788
730.9
290.304
155.909
320.833
98.0962
223.518
-66.8036
463.752
193.07
-15.1964
194.447
301.421
25.7839
91.8576
293.189
309.751
-10.3682
107.957
131.791
693.44
29.0135
49.4768
343.557
-4.51523
167.754
570.548
-54.3971
125.602
696.577
302.657
49.0231
549.156
211.816
6.74273
130.443
-31.8613
425.215
125.281
164.072
236.678
148.571
1100.08
135.825
57.5833
570.191
381.904
-119.812
82.5102
27.2002
395.805
113.011
185.75
498.963
-92.4335
747.456
82.224
234.362
76.8181
27.3961
564.297
508.373
271.986
1171.81
504.303
371.188
419.445
411.701
291.024
191.611
1107.42
274.841
59.4864
786.079
618.862
109.14
211.658
-113.069
265.666
141.051
132.338
33.7685
360.02
299.02
-49.8898
80.5729
453.604
55.1246
607.827
523.614
1102.44
153.53
1096.68
297.048
192.018
48.5737
65.8975
165.631
538.376
110.996
183.861
330.084
56.9481
5.58102
54.6989
791.301
48.631
64.2194
139.818
667.339
72.1134
1089.83
-3.1817
272.636
161.461
15.0067
118.2
165.416
-40.0369
498.969
64.7039
10.4226
-49.3063
424.061
604.31
81.5459
11.4662
492.844
241.869
38.6912
248.106
46.6789
410.369
289.237
213.248
361.674
-32.6229
1122.79
526.884
1115.41
431.967
-25.7635
243.816
275.848
381.099
-15.611
102.563
294.521
694.294
393.915
270.449
1100.84
40.9303
1132.13
248.008
55.4734
1108.9
109.066
72.7652
37.0338
159.288
37.7287
726.184
-12.0182
26.5584
98.5753
306.373
92.1519
1101.51
-74.4112
68.4347
195.783
1131.76
85.2013
28.5105
348.925
167.548
623.92
-85.8388
118.55
287.794
-24.5315
6.69182
305.529
394.829
356.85
764.77
669.47
374.57
247.088
29.205
406.561
77.0302
321.316
85.2655
436.457
627.522
119.478
586.752
1119.93
183.388
-27.8888
263.687
173.855
48.2284
451.456
1080.62
120.856
112.183
211.666
270.169
46.9201
1112.65
119.442
3.88808
12.9944
153.409
-6.91827
-67.1763
-20.4163
32.8073
98.9176
-70.0429
74.9523
400.221
586.465
185.26
532.533
-110.284
100.779
255.639
1082.79
240.159
270.915
337.931
528.453
471.052
143.595
5.93047
9.67793
36.6015
555.819
379.197
217.02
122.38
104.595
16.8496
1083.65
364.537
352.46
687.833
25.7849
95.1867
691.273
89.2601
17.9673
178.372
502.199
79.4349
257.013
107.309
43.943
128.476
1126.1
503.656
15.4968
313.648
293.181
427.988
183.616
130.787
503.807
303.809
189.988
36.0368
172.78
-54.5415
360.281
175.549
8.9094
68.5556
221.296
28.7173
299.056
147.699
558.259
403.016
11.0149
168.921
11.7418
244.797
55.2005
339.095
279.792
276.284
457.182
1108.11
-11.3528
-57.4065
693.314
128.464
245.701
274.306
1098.63
2.15241
-39.7558
-76.779
-4.60826
130.721
251.266
236.441
315.45
210.003
337.34
701.717
62.6005
75.1132
648.256
-20.7665
135.243
213.043
-18.7772
4.86734
-59.6613
1091.67
169.964
90.7583
-51.2708
112.149
217.194
289.647
7.64143
100.303
37.1961
15.356
447.425
-88.0568
339.967
28.7529
203.658
490.553
74.926
-15.5632
106.866
821.305
-34.2803
-32.5884
-17.2421
324.225
227.929
489.717
-57.7
404.654
88.5734
75.7092
86.4986
292.691
262.944
527.274
83.7144
55.7391
1080.08
4.06324
68.0584
132.149
664.353
268.474
221.182
334.596
85.9089
108.311
48.8576
791.972
62.1893
576.095
31.0315
189.604
107.019
232.834
249.935
221.765
382.244
292.418
483.926
534.323
111.117
386.989
232.444
527.03
34.6129
184.209
25.7606
-18.0466
416.062
569.337
284.001
-63.1312
139.198
187.007
-9.13808
48.2859
2.34129
68.3136
20.3988
-31.6907
499.059
184.866
86.8964
18.0406
165.125
61.5067
192.25
-21.4066
196.097
96.8806
1065.34
391.442
198.83
209.205
240.958
11.4225
206.838
1169.42
271.539
413.565
514.551
1100.81
1118.23
505.652
26.2318
1107.82
899.082
-100.85
622.507
85.0763
394.543
19.8766
359.796
210.045
568.432
524.786
683.549
345.887
-60.1525
42.977
309.435
490.771
227.217
68.2867
268.125
712.918
702.314
31.3118
52.3972
105.514
23.0929
172.303
-46.5099
442.666
508.181
210.878
317.858
417.998
659.78
28.3389
-47.3292
428.048
318.843
58.9306
249.828
105.549
793.178
377.966
138.545
352.657
21.1578
250.464
225.392
-6.59064
167.16
197.485
146.19
-26.0707
271.733
40.2444
222.472
750.788
1097.93
111.686
-93.8504
63.3244
45.9138
-6.38423
17.3581
1154.66
501.417
370.334
315.278
692.868
0.627098
6.72921
187.904
407.168
8.8459
242.057
324.496
96.0089
58.4889
229.492
160.054
149.008
-20.8623
253.701
1.7119
5.20394
53.5121
318.631
1180.91
7.89026
182.722
478.571
151.153
-20.9252
132.135
-55.6731
713.983
240.49
64.7756
110.208
222.672
36.0025
97.9993
1136.88
24.439
205.865
1090.69
134.714
784.778
35.5334
522.163
225.493
96.378
257.815
424.543
393.889
688.239
35.3544
13.7355
-61.8607
1109.96
7.85937
180.643
244.069
480.921
454.094
24.7364
8.58425
1101.17
61.5553
-28.6529
297.705
653.254
28.1958
245.94
28.2456
734.335
238.972
173.368
458.12
483.076
215.057
22.5188
31.4015
120.629
-80.8821
29.5221
170.474
419.789
378.562
101.29
159.526
27.488
178.897
159.848
26.5645
121.27
152.195
-16.3664
40.04
112.011
339.397
33.4193
133.051
385.999
1105.83
270.472
0.459758
404.555
-12.1042
38.9297
149.017
206.088
414.037
1077.12
211.941
287.507
275.079
30.2526
389.687
7.74544
465.401
-22.2927
1100.45
601.436
29.1211
226.13
48.6145
12.331
177.351
45.9819
140.051
184.837
1147.26
276.695
259.499
96.5141
68.6535
326.904
476.967
47.8397
97.513
50.8486
100.86
1091.94
4.16232
81.2545
418.568
9.71869
151.401
291.631
729.134
266.777
333.255
32.4334
4.25177
423.622
57.2636
-22.9886
-7.50898
3.38693
302.455
200.198
152.549
1082.83
459.981
-29.3377
224.154
238.77
190.656
204.793
272.097
150.892
56.2189
300.551
541.979
299.862
249.696
68.1681
189.69
469.56
89.742
287.16
258.237
1134.84
18.3067
669.251
47.8383
184.023
17.0326
401.35
0.730213
388.498
21.08
59.6224
383.707
143.33
83.0716
140.327
327.197
476.191
73.3645
92.2599
263.452
-39.6956
258.192
70.164
-11.0801
112.596
369.573
285.941
-2.28859
42.1407
73.1415
-29.0807
499.811
-34.6265
466.118
214.87
196.863
53.9452
171.314
68.4846
39.8165
-95.701
139.359
405.573
29.995
96.538
539.47
776.313
288.454
-0.122264
109.927
94.723
-88.5812
468.742
-77.9615
742.996
1120.06
120.461
140.378
88.342
4.16332
464.945
44.9243
64.066
464.95
227.45
232.452
303.156
108.218
378.498
1114.55
83.0213
50.3059
158.654
625.516
302.35
1097.47
575.138
106.298
173.575
694.394
115.481
418.644
128.311
112.222
-11.8797
730.943
15.0467
149.859
52.8717
1082.6
1114.45
320.932
118.694
92.3195
110.147
-56.6047
236.712
-38.6555
4.51502
-24.6305
353.625
89.1134
554.583
241.917
26.9276
1086.62
166.592
-17.0709
287.23
-1.47351
109.507
181.827
1113.32
270.231
100.834
76.2651
76.4788
33.1452
57.097
339.625
76.3751
210.272
113.834
-0.0124428
463.527
338.324
-2.97877
42.0802
459.829
165.24
101.322
27.3068
17.713
1134.75
-67.9023
1.38931
712.049
47.7453
41.9885
391.972
241.535
353.265
31.6075
513.622
65.7605
623.222
348.745
368.089
-13.2693
386.991
1103.29
178.473
518.261
193.159
586.215
208.294
112.867
212.11
734.747
16.0808
19.4582
11.3738
1101.08
614.271
-10.6653
227.941
-42.4777
1079.66
-42.1782
69.0519
338.911
58.7644
316.064
80.8544
295.248
327.179
102.218
78.9948
53.434
452.104
45.6493
265.509
33.0577
817.089
135.509
494.263
281.369
278.556
1.84488
-64.4412
6.11317
15.1668
1085.28
177.94
540.612
229.007
620.007
147.407
-17.8776
203.699
1110.24
137.306
21.233
-10.3908
288.396
99.0724
38.2801
118.26
143.286
426.288
214.788
441.54
344.82
491.683
622.45
763.301
-10.9958
437.056
215.909
759.802
27.073
246.831
195.685
295.034
173.755
-31.8664
93.2886
173.6
1142.93
1.32597
438.576
466.016
-68.7843
-38.5397
488.762
16.7422
123.022
-15.6919
161.366
177.097
103.428
459.506
438.638
-6.67156
79.6347
85.5156
87.3385
223.669
129.593
179.549
1081.62
33.2751
-38.4454
280.041
562.153
277.578
37.4894
318.722
147.168
58.4253
80.2607
59.9536
129.365
238.085
34.7854
25.2744
54.7377
158.726
59.0098
143.848
-0.407814
7.6863
472.061
-25.8254
180.682
74.8175
13.0006
42.7243
-76.985
113.103
287.331
23.9953
280.039
74.2568
203.586
-86.2619
252.062
172.348
402
417.08
318.018
36.6268
119.922
65.2372
128.444
234.135
29.8113
504.807
-11.1032
461.287
48.5643
417.83
577.321
184.626
267.884
20.49
312.65
-20.5758
70.2791
138.519
44.4922
158.705
41.1583
620.524
30.7543
169.082
696.038
435.366
244.674
34.7149
1055.57
79.0662
26.6372
567.799
88.437
315.05
97.5129
254.556
111.766
200.023
85.8757
574.753
305.823
4.0395
250.631
150.136
275.294
1107.21
62.7175
145.775
424.39
1088.41
756.443
197.157
-21.6409
-24.6883
251.242
78.7125
195.4
183.82
69.0041
124.725
117.34
224.317
27.1902
101.018
368.969
547.941
1068.18
75.4011
395.678
1086.85
226.787
1075.93
310.626
227.13
370.952
107.396
94.3283
404.337
-7.41385
141.363
-0.748027
56.1884
207.768
528.273
-88.9964
297.64
189.697
188.689
70.6866
182.934
9.98436
53.4729
515.457
623.442
140.07
304.379
34.9469
1106.35
426.102
1138.8
509.602
1129.93
34.8038
162.598
1.31493
22.7377
285.946
212.829
95.4113
290.543
679.807
1105.16
58.4697
153.968
147.319
185.201
117.2
-14.2973
497.598
23.4626
411.527
4.66902
227.947
54.2771
158.976
78.7111
609.394
278.96
150.189
126.724
497.432
95.054
55.2369
547.711
1131.68
135.898
98.5016
5.37069
1143.93
126.602
-83.8184
79.5332
12.0164
502.479
97.0803
45.3824
89.0254
59.3961
-53.2282
219.313
206.535
234.084
593.626
13.9185
7.75652
615.901
572.684
15.2385
764.792
516.236
457.329
120.233
1130.17
43.6682
33.144
382.318
-18.1637
1132.45
2.50062
357.007
-71.5709
41.445
647.476
813.104
170.067
339.183
53.7209
-1.34994
33.4485
279.602
554.488
1094.82
6.6971
143.609
54.4612
175.129
120.831
117.47
707.036
-3.74418
143.255
-57.0259
388.268
606.542
168.136
1111.68
-15.538
128.571
224.163
583.072
300.093
223.689
517.043
557.758
1112.51
1128.29
103.973
5.10865
1045.61
203.78
193.112
414.078
296.633
67.1516
31.2296
46.9672
42.1441
832.329
276.2
26.1468
704.803
242.439
51.0496
245.003
458.47
223.054
336.753
689.845
213.986
7.341
-41.9787
127.919
178.283
247.609
61.1678
747.677
170.552
643.934
393.266
712.634
427.266
175.188
100.045
43.3445
-45.3764
242.073
154.919
-2.08278
56.6466
194.252
1074.45
193.706
350.829
443.095
-11.9585
395.579
343.91
91.8854
36.4877
340.699
-18.8968
139.005
36.5217
36.7055
216.749
275.499
141.311
195.069
87.1532
602.566
229.577
20.7797
121.047
192.079
36.907
262.234
530.253
811.819
256.089
358.102
30.1274
32.3783
72.321
94.2457
1095.03
728.528
450.586
318.691
368.261
482.828
357.712
562.956
778.207
-17.7181
815.862
212.976
33.1587
57.6309
222.173
1089.69
211.85
35.7726
92.8675
452.046
261.865
-84.5253
569.081
-36.7697
31.5279
-14.2276
337.73
86.4092
1123.12
77.1093
-13.0855
1117.66
83.848
-62.6825
149.271
253.85
54.6266
93.9006
82.9428
1111.82
471.096
45.6359
225.814
169.91
250.643
1119.67
713.121
13.4694
60.2902
188.936
316.966
-52.5821
273.233
122.341
-14.2652
53.343
247.667
112.688
653.967
247.447
449.562
-89.5782
114.115
244.617
51.1431
9.62668
533.117
0.227857
31.283
-32.6351
137.196
65.0626
672.736
310.933
288.164
74.6702
-65.5194
97.8293
24.526
95.9489
367.275
1105.19
421.999
1096.31
1138.16
302.981
46.3162
29.3057
281.065
581.497
496.533
203.497
223.374
116.53
-15.8017
298.576
500.666
277.598
524.488
183.921
128.069
120.453
1092.7
352.438
143.2
499.107
9.36989
25.3989
147.718
67.3904
21.0916
1104.7
-12.2398
178.701
37.9327
465.449
151.356
1086.88
497.924
49.8696
337.835
463.065
665.543
49.8187
729.024
87.9219
294.242
6.50263
333.583
244.233
-43.9271
32.3984
480.739
114.187
189.983
764.831
204.166
-51.9727
97.6844
231.716
314.434
212.85
64.4644
376.026
-11.2238
95.6016
405.309
148.761
383.421
396.97
92.4107
1033.87
300.764
139.547
1072.95
-52.0644
386.176
135.508
-51.4378
582.531
592.496
100.784
392.599
224.702
-56.8274
356.384
61.2652
344.26
465.38
397.902
246.365
-11.9077
50.688
216.219
18.8674
495.328
31.4462
91.2973
-30.5903
323.46
70.3429
-40.6813
507.22
443.599
1089.34
79.1882
219.866
30.0356
568.108
228.671
87.458
336.884
430.788
200.678
142.242
364.551
506.788
118.513
122.894
146.915
64.1099
165.99
218.355
104.984
80.2818
591.033
528.157
434.122
319.997
298.813
-38.0261
12.4584
321.419
-12.2405
404.523
86.1538
683.241
35.3922
133.383
376.482
491.958
59.2774
420.069
91.8415
351.016
254.014
311.418
-3.91418
195.776
144.229
657.586
-11.3496
287.538
556.577
-7.10448
28.8346
1087.46
263.39
438.775
89.3682
409.072
130.837
-21.1687
168.501
46.144
346.484
255.878
729.369
311.79
160.127
162.936
125.746
-7.20591
-85.0949
215.039
286.826
381.674
454.266
235.776
55.6497
0.859948
88.464
-3.7053
360.453
52.9517
291.479
399.878
431.456
388.184
256.05
467.333
106.925
-23.3062
754.794
1093.13
341.821
530.346
214.836
-3.47773
36.518
106.711
387.315
-55.9584
197.045
-36.3916
71.63
432.988
141.32
6.2258
424.848
535.12
338.487
-39.3324
138.948
-117.169
356.492
379.173
121.993
225.145
598.946
595.256
534.803
214.137
-35.6479
578.185
323.051
418.245
222.957
14.9736
1111.74
197.706
19.3214
48.172
220.004
128.309
47.0154
106.681
72.9266
26.2661
103.065
283.818
1113.82
247.893
319.554
517.469
96.59
132.589
544.019
97.4335
1162.31
122.423
386.872
576.263
-51.8946
1.64409
303.086
286.538
284.712
166.937
-32.3834
243.295
-42.6747
16.5207
130.513
791.801
63.107
283.555
303.287
471.43
176.163
386.736
73.4099
507.651
-32.1932
72.9422
98.0742
70.4988
201.322
161.759
-32.677
197.211
180.612
793.974
65.3528
147.512
334.313
361.676
-29.0738
50.7464
603.326
726.023
-21.6873
-18.6608
-21.5484
133.988
639.379
30.4779
-79.0517
170.72
216.937
-12.8119
-52.0558
124.393
480.554
155.75
264.731
23.8482
85.7631
312.228
154.637
364.676
-51.2001
34.0089
140.415
-25.3855
73.1319
1136.2
-67.352
76.6858
154.709
150.788
-5.31285
325.526
373.614
6.87529
338.533
382.374
216.368
50.8313
42.9873
-5.62466
12.6415
112.667
546.886
360.569
1099.56
328.325
758.688
84.8428
401.734
146.975
101.691
73.3331
194.661
192.288
385.001
86.9899
-76.2353
120.272
24.4148
-4.49448
333.005
556.409
290.179
1109.01
199.77
39.9891
138.42
184.337
598.986
212.014
197.65
67.3388
12.2083
200.169
105.621
181.356
1084.95
387.242
98.8006
291.208
361.668
642.5
1122.17
78.8972
110.197
40.7603
338.891
1099.6
-28.1726
60.3504
1.23975
118.833
1088.93
1110.52
-16.5506
1084.49
614.04
122.812
-70.162
152.928
100.397
76.248
76.1346
105.341
126.775
40.6618
104.571
736.85
592.284
324.705
384.23
162.564
1129.78
-51.2745
74.3979
459.51
447.509
242.659
40.75
1073.36
-20.4566
277.465
255.451
128.137
73.4011
228.9
-7.25377
26.2282
424.702
597.602
368.367
448.039
130.978
262.098
98.6556
92.4318
-55.0853
167.036
40.7259
98.7908
33.3701
368.747
-40.1764
126.757
440.504
123.529
48.0877
290.493
34.8672
-113.35
370.178
68.1404
67.8779
1115.36
592
196.842
329.288
-58.3058
525.217
189.067
322.082
334.842
89.2988
27.9671
119.518
174.731
25.0613
51.5099
14.0345
343.185
23.6303
160.954
75.0694
66.1159
1117.93
231.191
428.941
91.926
83.5543
364.004
127.709
233.871
117.338
108.161
359.424
1117.01
74.7595
333.662
32.2815
203.874
128.002
1111.66
1092.49
199.03
257.387
373.417
324.823
1096.04
415.875
172.939
371.598
162.363
268.981
107.105
404.022
427.633
298.593
139.804
-44.8938
204.712
105.573
118.858
-0.075213
429.465
254.641
334.625
456.384
8.7737
-37.7776
11.8861
309.08
80.6247
254.169
286.394
21.9485
661.084
1087.87
152.626
1128.53
43.583
471.554
601.371
309.789
-1.53285
207.017
1064.96
1092.77
194.762
79.9406
398.369
110.172
144.275
-12.3296
115.115
1123.49
79.8956
408.47
563.399
29.1303
477.38
-7.69303
115.086
329.608
19.4135
220.292
209.99
-5.73279
42.159
396.246
122.86
173.752
229.598
490.234
519.083
-16.9625
-16.2
562.617
-38.1604
583.64
-34.5681
5.01628
594.822
149.964
-2.02717
320.786
125.729
1096.61
79.2358
43.3779
12.0235
666.827
107.184
-28.4827
58.3876
500.344
193.071
76.0742
104.246
210.612
-55.4098
17.6274
-18.9702
431.18
188.42
121.39
451.225
191.491
230.83
141.17
477.987
170.438
434.347
224.581
390.333
95.6573
94.655
-30.7832
306.324
37.6242
325.474
344.681
45.0442
4.67071
203.367
1095.93
287.225
595.35
190.286
413.954
382.29
361.803
125.561
7.13429
461.611
215.239
-32.5267
147.648
178.816
-54.0522
183.255
307.755
199.559
0.910929
570.39
66.0429
290.947
138.803
188.382
14.5411
614.434
-70.2179
257.903
151.209
214.893
140.92
1075.63
79.5694
323.331
186.202
287.192
332.527
135.953
296.005
44.7754
199.291
106.057
191.839
46.5102
331.154
685.867
61.5502
384.638
60.953
-24.2213
112.735
248.968
44.4311
379.159
84.8179
667.135
2.45438
313.916
465.27
-9.10017
590.675
149.524
-3.48716
393.773
1101.02
-31.6158
378.379
585.146
375.298
276.438
269.851
522.438
1121.77
173.102
761.669
563.115
169.227
174.639
45.6375
323.209
205.71
156.265
513.71
1076.85
134.684
445.791
75.1902
98.6642
69.41
427.837
353.027
483.997
340.435
79.3027
20.4795
404.097
6.56805
-23.6392
176.187
220.923
191.478
-80.7989
123.011
155.05
99.5901
61.7481
478.418
45.5432
71.1868
14.1713
-14.8016
126.853
57.9657
187.236
715.215
58.6374
1116
447.02
35.8078
317.346
80.9347
-71.546
74.9377
-89.0174
278.553
272.897
108.614
6.42523
228.141
38.8215
169.624
508.296
46.7621
143.774
122.795
-56.616
-0.156847
164.371
-72.53
621.729
370.527
102.35
1097.38
1144.34
136.404
195.334
10.3752
1113.81
56.3398
16.5116
140.224
0.102803
293.438
-2.71301
69.405
540.231
272.72
328.258
-59.9507
132.25
112.454
272.23
70.0338
111.238
26.9112
572.78
455.138
164.744
168.908
585.681
1082.11
34.5787
68.1941
506.716
419.312
84.0864
42.0568
553.41
220.618
208.055
58.0774
48.9908
1145.11
379.333
141.841
-42.8974
349.6
251.882
-13.1299
1084.89
227.218
92.2363
267.009
676.76
-7.09589
575.538
44.9794
412.578
53.1029
39.8989
421.633
76.1088
777.86
479.107
494.769
105.442
435.532
489.898
369.285
263.689
171.568
450.26
86.0704
-25.2066
97.8402
-40.5046
367.714
1073.05
154.325
294.118
50.8278
42.6477
167.889
360.388
429.52
195.043
160.717
59.8253
359.795
91.741
358.913
59.9755
134.228
34.2462
38.4913
-0.0674308
109.71
639.209
433.894
513.54
62.0084
446.207
1074.41
138.881
14.7306
187.198
786.361
131.244
336.16
202.128
-86.7112
85.233
782.725
324.346
226.344
390.037
44.9912
28.0974
1085.99
48.8304
99.4559
477.405
41.027
47.8195
1102.88
320.827
581.666
-7.08587
695.061
103.184
421.341
175.197
161.157
178.597
185.895
