1456.91,1453.96,1451.72,1456.35,1448.96,1437.78,1454.18,1456.52,1456.53
1461.87,1457.54,1463.66,1449.61,1462.93,1455.13,1456.67,1391.5,1445.41
294.263,292.827,381.471,1396.61,394.714,394.714,394.714,394.714,394.714
1190.66,-999.954,-999.954,-999.954,-999.954,-999.954,-999.954,-999.954,-999.954
-1000,-1000,-1000,-1000,-1000,-1000,-1000,1111.65,-1000
-994.006,1246.3,-993.531,-993.531,-993.531,-993.531,-921.123,-993.531,-993.531
723.904,1401.58,757.355,711.041,704.587,749.877,752.526,720.897,749.306
1474.37,1465.66,1469.81,1475.58,1463.95,1477.67,1461.38,1477.14,1472.1
1678.24,1674.06,1677.97,1675.08,1689.84,1653.76,1668.51,1683.6,1661.96
1565.49,1562.35,1556.52,1563.05,1558.33,1559.12,1566.87,1545.25,1567.97
1444.25,1453.8,1452.6,1437.97,1444.59,1454.68,1457.59,1454.98,1451.76
1378.6,1377.73,1384.63,1362.23,1376.89,1372.22,1370.76,1373.39,1374.24
1385.71,1383.34,1388.32,1375.53,1374.46,1391.98,1390.21,1387.01,1389.11
1432.45,1425.71,1422.57,1428.96,1431.31,1429.73,1416.76,1431.84,1426.5
1463.13,1463.62,1465.86,1457,1353.62,1463.13,1466.24,1458.21,1457.61
1278.18,1243.18,1441.68,1206.26,1276.81,1279.2,1326.25,1279.92,1280.19
-947.568,-951.237,1443.43,-947.585,-947.738,-950.79,-947.597,-947.683,-950.77
-999.249,-999.272,-999.235,-999.22,-999.244,-999.218,1312.7,-999.213,-999.213
1178.82,-999.845,-1000,-1000,-1000,-1000,-1000,-1000,-1000
-997.769,665.794,-997.76,-997.762,-997.764,-997.762,-997.766,-997.761,-997.761
1212.94,1213.32,1209.49,1204.19,1212.84,1470.91,1213.93,1215.22,1215.54
1555.73,1545.63,1557.59,1554.45,1548.38,1559.18,1555.88,1552.91,1558.17
1578.01,1562.85,1574.02,1567,1585.01,1583.09,1586.92,1570.21,1578.1
1503.81,1519.76,1519.78,1504.5,1520.97,1502.25,1509.72,1521.94,1519.78
1439.57,1444.64,1446.59,1430.51,1439.82,1485.28,1439.52,1444.24,1439.67
1391.81,1364.29,1383.77,1388.86,1367.27,1388.5,1392.69,1391.91,1394.55
1394.85,1395.08,1392.56,1392.07,1394.06,1407.26,1385.23,1395.51,1395.49
1444.12,1446.98,1439.89,1433.33,1438.79,1447.95,1440.09,1441.2,1448.58
1452.2,1451.42,1451.71,1463.29,1461.01,1451.04,1460.87,1455.28,1461.88
396.008,395.468,383.304,398.531,381.208,395.969,1435.13,397.674,397.489
-946.793,-950.771,-947.655,1402.3,-946.789,-946.789,-946.789,-946.789,-946.789
-991.133,-991.135,-991.672,1322.1,-991.126,-991.126,-991.126,-991.126,-991.126
-367.727,-335.596,-335.247,1239.82,-335.917,-335.135,-359.163,-372.88,-336.248
1392.91,843.039,890.862,856.215,853.955,846.222,851.087,839.695,854.465
1456.17,1220.57,1219.3,1220.02,1218.42,1220.37,1214.82,1219.73,1217.99
1602.83,1612.37,1596.55,1612.41,1615.73,1576.23,1595.43,1607.4,1618.11
1598.52,1615.64,1608,1604.86,1606.8,1602.39,1605.59,1614.17,1606.74
1541.73,1544.54,1536.6,1542.58,1538.45,1537.48,1542.49,1540.15,1529.58
1463.48,1445.89,1448.8,1456.36,1460.28,1454.96,1455.85,1444.67,1505.77
1401.92,1416.77,1418,1413.58,1403.41,1412.5,1418.66,1412.3,1416.19
1358.97,1343.89,1360.94,1359.79,1225.45,1340.44,1359.84,1404.8,1358.98
1440.25,1451.8,1451.95,1451.83,1447.79,1456.92,1448.79,1450.52,1451.05
1455.89,1454.16,1457.25,1460.53,1443.5,1455.23,1456.65,1454.8,1449.39
129.567,46.0242,78.3614,100.88,1391.13,129.718,129.718,129.718,129.718
-600.503,-601.984,-601.817,-595.382,-603.177,-607.253,1414.6,-599.055,-601.622
-955.686,-936.786,-955.568,1278.99,-952.11,-952.11,-952.11,-952.11,-952.11
-999.944,-999.945,1110.41,-999.944,-999.944,-999.944,-999.944,-999.944,-999.944
1312.58,-414.777,-418.935,-413.851,-421.185,-417.968,-413.472,-415.74,-414.674
1644.03,1626.88,1634.87,1623.13,1619.19,1603.19,1647.31,1644.48,1641.16
1801.36,1799.55,1802.93,1770.31,1803.75,1811.47,1807.83,1776.19,1786.34
1774.48,1776.27,1770.9,1773.23,1755.82,1757.51,1784.92,1775.29,1752.09
1606.15,1619.31,1620.8,1611.19,1615,1602.19,1600.72,1619.84,1615.97
1478.99,1482.29,1481.11,1481.66,1486.77,1487.5,1478.66,1477.28,1483.26
1409.6,1419.4,1417.66,1418.71,1383.88,1388.05,1419.73,1533.61,1412.43
1430.27,1426.39,1385.75,1424.55,1391.03,1426.89,1437.3,1429.76,1423.82
1450.62,1443.77,1457.16,1445.16,1450.4,1439.87,1447.66,1447.65,1443.24
1439.68,1442.04,1451.49,1454.69,1449.63,1431.6,1451.72,1439.37,1445.93
1429.43,1423.61,1433.08,1406.48,1428.15,1424.07,1406.44,1431.3,1430.22
1342.28,157.972,192.118,128.035,173.855,182.15,181.13,191.842,181.621
-406.272,-365.371,-366.286,1228.78,-391.074,-364.995,-380.909,-365.868,-390.417
-999.989,-999.989,983.029,-999.988,-999.988,-999.988,-999.988,-999.988,-999.988
1338.98,894.324,895.01,866.745,889.75,889.534,811.063,886.541,894.072
1685.4,1684.14,1662.88,1701.31,1681.92,1686.18,1700.68,1671.98,1700.63
1848.93,1864.18,1839.36,1798.7,1834.92,1828.6,1845.49,1840.31,1849.12
1900.26,1906.84,1926.45,1935.29,1911.94,1931.23,1920.84,1943.42,1916.05
1739.3,1720.98,1725.02,1720.97,1724.71,1733.7,1699.41,1705.3,1736.37
1535.72,1547.41,1541.29,1518.44,1543.32,1542.33,1547.39,1542.37,1526.42
1418.67,1343.66,1412.05,1413.46,1382.38,1428.69,1414.36,1425.13,1423.29
1303.72,1295.55,1287.67,1303.92,1305.51,1304.68,1299.54,1306.22,1304.71
1442.87,1369.41,1444.88,1442.55,1438.27,1445.41,1458.91,1439.24,1432.42
1447.52,1432.29,1444.54,1411.11,1435.35,1428.51,1429.78,1447.02,1444.97
1426.77,1414.2,1418.84,1415.51,1426.74,1374.93,1407.41,1403.64,1418.2
1170.14,1142.61,1155.12,1157.24,1160.34,1163.36,1142.73,1140.62,1135.18
862.754,928.876,759.804,849.98,862.394,811.275,862.744,865.444,1194.01
-1000,-1000,-1000,-1000,-1000,-1000,1005.09,-1000,-1000
107.218,1322.11,129.718,129.718,129.718,129.718,129.718,129.718,129.718
1571.98,1597.88,1581.63,1556.17,1597.02,1591.49,1598.42,1596.19,1559.1
1812.38,1830.7,1789.61,1847.21,1830.67,1819.83,1808.85,1828.9,1823.48
1861.56,1863.91,1866.4,1857.46,1829.77,1829.13,1875.56,1877.4,1874.48
1672.41,1689.52,1704.27,1695.58,1697.46,1678.49,1689.22,1695.52,1702.77
1506.95,1509.85,1513.62,1502.92,1516.28,1514.84,1528.48,1523.51,1506.05
1403.73,1391.78,1373.29,1403.05,1418.77,1425.33,1424.2,1421.89,1412.37
1429.2,1392.32,1404.22,1423.55,1406.7,1428.14,1412.67,1434.71,1423.08
1433.89,1433.18,1430.51,1429.45,1433.51,1437.87,1433.61,1427.72,1422.95
1462.06,1451.05,1466.61,1455.04,1453.63,1465.4,1465.79,1464.1,1463.86
1441.91,1459.57,1466.51,1446.59,1453.93,1455.81,1461.8,1454.35,1324.79
1181.98,1120.27,1174.67,1182.54,1175.48,1179.44,1171.77,1176.01,1237.39
-504.741,-499.178,1106.55,-494.693,-517.155,-507.012,-501.752,-501.501,-495.837
-843.126,-843.149,-839.492,793.386,-838.924,-830.435,-830.435,-830.435,-830.435
1456.08,1452.6,1456.64,1437.39,1447.91,1450.95,1450.04,1434.04,1453.95
1509.51,1535.8,1529.06,1512.9,1513.75,1527.95,1507.22,1536.75,1531.14
1765.97,1777.98,1788.7,1779.58,1761.3,1792.22,1762.06,1787.16,1765.25
1785.46,1777.51,1787.87,1782.75,1739.55,1755.03,1756.31,1789.89,1780.53
1622.57,1644.47,1630.29,1615.72,1640.57,1628.61,1641.18,1642.36,1625.24
1493.48,1496.03,1486.42,1481.88,1492.9,1478.25,1496.84,1491.95,1485.32
1429.35,1421.36,1406.55,1425.22,1349.59,1424.95,1408.49,1419.23,1422.73
1406.05,1435.91,1437.1,1434.71,1433.49,1438.83,1433.43,1438.69,1429.64
1434.78,1427.19,1424.4,1452.56,1458.57,1462.11,1467.54,1459.01,1458.88
1462.19,1462.55,1463.77,1455.37,1345.27,1454.87,1436.64,1458.49,1462.89
1474.76,1464.05,1482.96,1484.48,1485.45,1471.82,1482.66,1478.98,1471.33
1254.1,1278.77,1307.48,1186.56,1218.2,1266.55,1284.29,1250.3,1266.99
-716.974,-713.943,-713.667,-713.061,-715.365,-715.934,-716.135,-715.548,1139.86
-918.995,-924.49,1027.02,-918.898,-918.898,-918.898,-918.898,-918.898,-918.898
1427.57,1429.12,1432.22,1440.41,1449.95,1440.35,1424.44,1442.65,1411.05
1528.18,1526.92,1517,1513.61,1523.15,1525.63,1527.45,1524.99,1526.43
1658.43,1656.25,1662.61,1671.09,1671.96,1661.26,1672.46,1652.72,1643.49
1716.98,1753.77,1743.82,1726.91,1726.81,1735.22,1757.24,1720.53,1721.51
1638.09,1644.79,1645.92,1671.03,1651.34,1658.56,1666.58,1663.68,1658.95
1466.88,1466.86,1451.51,1452.51,1464.56,1461.54,1454.82,1462.7,1464.44
1419.91,1356.01,1416.94,1379.62,1302.48,1419.72,1416,1415.28,1400.24
1434.95,1436.06,1434.32,1436.03,1424.5,1433.27,1417.11,1426.95,1431.26
1379.12,1380.21,1378.42,1374.76,1377.48,1422.67,1370.47,1379.4,1361.12
1469.81,1474.8,1476.94,1456.15,1451.82,1480.04,1480.01,1478.46,1477.36
1420.39,1419.05,1434.02,1461.43,1432.03,1448.01,1431.46,1439.48,1421.27
966.589,1004.78,1408.72,973.676,962.786,928.432,998.176,1010.44,1010.17
-999.821,-999.834,-999.833,-999.826,442.363,-999.82,-999.82,-999.82,-999.82
-1000,-1000,1006.57,-1000,-1000,-1000,-1000,-1000,-1000
-993.659,-993.669,-993.64,-994.095,1311.63,-994.102,-993.65,-993.642,-993.643
1296.22,1205.1,1255.25,1237.6,1252.9,1235.64,1253.19,1219.59,1254.16
1776.02,1774.29,1802.72,1757.45,1751.04,1766.73,1778.74,1733.26,1750.22
2094.35,2150.96,2124.79,2086.11,2142.09,2063.96,2085.07,2121.7,2129.57
1979.54,1989.77,2033.39,2012.56,1980.72,1979.12,1988.07,2022.06,2042.24
1511.39,1493.71,1512.62,1514.93,1499.05,1512.19,1486.68,1504.36,1512.05
1380.87,1392.19,1404.6,1404.57,1378.85,1396.75,1392.79,1407.52,1389.99
1348.61,1409,1409.99,1409.64,1366.4,1414.33,1431.3,1399.88,1414.55
1445.73,1432.17,1434.23,1446.54,1430.99,1439.92,1448.77,1447.02,1443.41
1404.94,1291.04,1292.08,1291.13,1291.1,1271.9,1291.3,1274.96,1290.45
1092.87,1065.03,1095.09,1095.54,1410.21,1090.61,1095.35,1035.84,1094.1
313.567,244.566,322.749,319.505,268.307,326.043,301.908,289.879,1201.81
-999.898,-999.901,-999.902,-999.898,923.597,-999.877,-999.895,-999.895,-999.895
788.317,-999.999,-999.999,-999.999,-999.999,-999.999,-999.999,-999.999,-999.999
-940.897,-941.157,-941.086,-941.014,-940.937,-940.906,-940.909,996.168,-940.891
1428.26,1481.53,1484.68,1484.15,1383.88,1487.93,1437.93,1481.65,1469.25
2000.26,1988.18,1986.54,1963.55,2032.52,2020.68,2033.82,1988.96,2019.64
2265.65,2224.11,2256.81,2194.81,2197.71,2270.41,2273.72,2192.14,2220.15
2113.73,2066.55,2080.24,2071.41,2089.77,2107.27,2041.43,2040.7,2085.85
1591.22,1565.74,1570.55,1595.36,1570.44,1580.35,1578.85,1573.45,1570.81
1345.43,1320.53,1347.61,1326.56,1320,1321.33,1346.82,1341.84,1347.75
1389.5,1342.48,1399.72,1407.36,1405.29,1397.32,1402.43,1397.5,1386.85
1444.91,1427.75,1445.58,1445.66,1433.11,1443.7,1449.38,1434.82,1438.6
1656.42,1703.88,1662.38,1707.4,1708.23,1707.8,1668.39,1690.02,1687.64
1140.83,1091.05,1172.79,1138.17,1074.41,1054.79,1122.65,1133.8,1137.24
677.535,681.575,592.717,638.585,559.582,682.389,1057.33,670.887,655.979
-999.905,-999.905,-999.907,-999.906,-999.905,1153.87,-999.904,-999.904,-999.904
-838.98,-843.679,-840.378,1149.65,-834.823,-834.823,-834.823,-834.823,-834.823
1405.7,917.879,909.244,836.987,927.172,925.314,929.206,921.915,929.176
1962.19,1949.78,1903.36,1945.5,1934.12,1968.08,1952.73,1982.31,1987.73
2670.58,2626,2647.48,2581.6,2617.39,2606.7,2686.8,2628.49,2634.23
2477.7,2487.62,2424.33,2470.08,2496.49,2432.61,2487.95,2474.35,2410.94
2190.77,2249.01,2135.64,2229.96,2176.1,2233.63,2126.16,2244.33,2182.63
1647.38,1631.59,1628.56,1626.7,1637.77,1639.89,1640.6,1632.49,1642.11
1326.13,1349.19,1338.74,1333.37,1313.99,1335.85,1320.3,1335.37,1342.66
1426.47,1427.17,1417.67,1412.39,1413.07,1411.13,1427.91,1421.67,1400.27
1534.14,1499.18,1525.36,1528.32,1524.51,1518.36,1515.61,1530.05,1508.61
1448.89,1447.55,1448.47,1435.49,1446.14,1448.74,1442.17,1433.49,1447.44
1274.34,1275.38,1274.17,1389.35,1270.74,1275.94,1274.38,1275.63,1268.35
1064.93,1101.94,1101.72,1092.68,1341.24,1112.07,1113.78,1110.16,1085.12
-755.084,-961.336,-960.313,-955.067,-964.035,1273.07,-961.209,-961.209,-961.209
-1000,-1000,1058.71,-1000,-1000,-1000,-1000,-1000,-1000
-648.777,1090.47,-648.34,-671.438,-649.088,-648.744,-648.542,-672.069,-648.664
1209.19,1206.6,1208.81,1106.83,1064.09,1367.14,1205.93,1204.83,1194.41
1869.96,1856.53,1838.89,1846.97,1827.23,1876.85,1840.7,1856.23,1867.26
1822.38,1816.82,1828.95,1822.54,1856.37,1812.6,1847.27,1828.12,1836.49
1663.27,1694.16,1679.96,1686.64,1694.77,1699.37,1703.82,1687.9,1690.76
1460.24,1455.48,1456.01,1460.17,1437.14,1433.14,1442.64,1460.28,1457.4
1383.11,1378.37,1387.52,1377.35,1370.95,1382.92,1384.34,1367.29,1382.44
1390.02,1390.9,1388.74,1332.2,1387.26,1380.82,1374.54,1388.26,1382.49
1395.99,1429.07,1428.67,1427.59,1421.44,1422.75,1426.07,1415.27,1424.29
1094.11,1095.02,1093.71,1095.59,1085.56,1427.12,1090.53,1093.13,1093.99
207.131,203.798,136.397,206.832,1417.41,205.586,206.104,206.582,206.206
252.831,253.319,251.386,253.251,161.399,249.48,1367.48,254.074,252.59
-961.288,-961.229,-961.336,-964.09,-961.23,-961.25,-961.219,-961.354,1032.97
-963.235,1285.66,-964.107,-963.279,-964.224,-937.972,-963.233,-963.211,-963.237
1269.81,1373.82,1168.58,1266.93,1265.25,1266.4,1267.97,1267.82,1157.09
1602.59,1602.84,1611.76,1610.06,1596.05,1595.24,1609.39,1585.85,1478.61
1751.76,1725.88,1662.8,1754.06,1744.59,1745.66,1757.96,1727.97,1755.48
1759.36,1735.45,1748.09,1762.48,1743.24,1732.69,1767.75,1751.38,1751.97
1596.83,1617.39,1610.66,1604.41,1618.64,1621.45,1611.43,1599.87,1620.55
1430.64,1456.35,1439.66,1443.12,1450.82,1448.72,1454.01,1448.37,1428.62
1396.15,1390.96,1386.82,1388.6,1383.69,1391.62,1384.23,1393.83,1394.82
1394.89,1399.43,1398.27,1385.97,1398.64,1398.18,1397.71,1385.77,1393.16
1445.9,1438.62,1449.5,1446.66,1444.11,1449.49,1448.73,1439.11,1435.32
1440.66,1435.7,1454.93,1384.79,1472.93,1454.09,1457.31,1458.16,1443.12
1321.64,1283.68,1335.58,1417.13,1221.58,1231.39,1337.63,1334.72,1243.14
-899.984,-900.453,-900.042,-899.937,-907.368,-905.647,-901.036,838.673,-896.082
-401.277,-401.06,-403.211,-431.878,-399.841,1341.34,-399.621,-399.621,-399.621
1240.24,1237.86,1228.53,1224.88,1116.13,1386.53,1238.86,1235.22,1236.97
1385.09,1382.51,1384.56,1402.06,1323.05,1381.87,1363.47,1385.51,1378.62
1560.68,1566.02,1546.23,1553.8,1553.99,1552.41,1556.99,1558.2,1557.54
1834.96,1811.24,1819.9,1825.79,1826.41,1797.43,1799.12,1816.74,1810.97
1829.19,1858.31,1821.75,1821.48,1840.31,1856.81,1836.12,1856.28,1827.36
1678.09,1671.47,1657.12,1645.71,1674.05,1675,1663.2,1659.97,1673.65
1484.62,1482.87,1479.11,1485.59,1487.23,1486.01,1472.14,1473,1487.31
1385.72,1383.92,1508.3,1388.97,1388.09,1391.95,1391.19,1390.04,1391.75
1398.82,1397.67,1396.45,1393.29,1398.96,1540.5,1389.04,1399.21,1396.79
1442.57,1432.16,1446.3,1442.81,1447.49,1514.76,1443.67,1444.08,1448.07
1303.44,1302.45,1386.63,1303.12,1163.66,1301.79,1303.62,1302.63,1252.98
1545.89,1548.75,1555.43,1551.92,1541.74,1528.63,1544.1,1543.64,1553.19
611.637,680.789,1309.05,635.68,592.911,592.745,593.01,592.792,594.173
247.351,161.099,161.106,255.23,250.545,243.239,181.07,1325.12,255.242
-645.81,-652.807,-652.796,-672.067,-647.685,-646.04,-647.177,1390.57,-506.537
45.5302,-7.02421,-1.36158,1410.43,68.9291,-1.04736,-0.601878,-1.07341,-2.69768
1588.05,1585.06,1574.3,1591.31,1573.33,1595.18,1583.82,1588.47,1562.82
1721.19,1715.12,1697.28,1724.16,1713.79,1707.15,1713.85,1712.87,1711.05
1789.82,1797.44,1796.22,1782.26,1804.91,1806.85,1815.99,1772.01,1789.75
1670.75,1664.7,1686.42,1671.6,1674.51,1685.67,1656.56,1673.89,1675
1476.24,1478,1474.69,1476.11,1476.02,1490.98,1481.18,1481.56,1478.22
1406.21,1410.25,1402.03,1403.18,1408.59,1407.71,1410.14,1603.44,1406.42
1417.58,1417.74,1343.21,1417.99,1406.89,1411.94,1392.42,1609.11,1411.74
1460.02,1456.72,1447.76,1453.23,1449.36,1456.44,1448.46,1457.52,1457.09
1454.88,1457.11,1442.05,1442.7,1456.34,1464.11,1462.42,1464.39,1457.76
1411.83,1430.33,1420.64,1442.98,1443.01,1413.47,1447.17,1445.49,1423.02
556.843,1297.7,568.812,542.209,562.51,521.994,508.179,566.605,512.847
-404.521,-405.206,-406.84,-407.912,-417.494,-422.674,-423.072,-442.974,1324.06
1227.19,-999.986,-999.986,-999.987,-999.987,-999.987,-999.987,-999.987,-999.987
-517.795,-516.327,-520.474,1381.29,-513.693,-513.693,-513.693,-513.693,-513.693
1660.92,1694.05,1683.19,1667.88,1651.17,1678.4,1662.62,1688.67,1669.9
1885.62,1912.66,1898.31,1916.54,1892.91,1849.77,1895.33,1903,1901.08
1867.31,1848.64,1879.4,1889.88,1881.46,1881.64,1879.09,1880.98,1904.87
1775.59,1757.42,1794.55,1768.16,1794.46,1796.48,1788.61,1795.24,1789.64
1533.24,1525.55,1543.91,1525.6,1546.89,1553.18,1541.92,1546.6,1548.3
1426.1,1422.53,1424.15,1416.32,1416.37,1421.59,1415.84,1424.61,1423.89
1403.16,1412.01,1414.69,1412.76,1405.04,1413.23,1405.55,1422.79,1401.17
1433.86,1429.69,1426.94,1438.63,1439,1430.92,1427.94,1435.03,1438.26
1443.87,1447.57,1450.5,1435.65,1450.24,1445.56,1448.31,1448.85,1435.44
1412.13,1406.17,1414.14,1417.52,1404.26,1413.77,1411.98,1430.11,1411.67
1408.18,1375.01,1396.87,1413.54,1415.98,1377.89,1400.37,1410.76,1409.63
696.36,697.01,665.917,696.94,539.867,1213.88,685.652,692.079,577.196
244.942,1265.34,161.106,172.192,241.859,177.174,164.608,180.095,369.311
1428.29,1445.38,1430.94,1433.42,1441.03,1450.69,1449.14,1453.08,1438.73
1559.64,1583.15,1587.92,1568.37,1576.94,1582.08,1583.14,1582.87,1587.48
1799.2,1791.4,1798.92,1796.11,1787.07,1772.16,1801.87,1802.45,1803.62
1849.47,1828.64,1836.03,1827.09,1839.76,1832.33,1808.38,1823.39,1800.85
1691.33,1737.62,1733.78,1733.74,1742.7,1712.3,1712.94,1731.36,1736.99
1520.81,1506.7,1521.88,1516.89,1522.97,1518.14,1522.28,1501.27,1520.84
1418.04,1377.17,1411.01,1405.84,1411.48,1419.36,1412.02,1410.24,1409.83
1416.95,1432.39,1433.04,1421.56,1419.31,1433.91,1432.59,1430.52,1429.96
1439.8,1417.36,1428.28,1429.66,1443.29,1425.95,1430.52,1439.35,1440.1
1450.99,1461.02,1451.69,1458.08,1460.85,1460.32,1454.72,1430.16,1460.64
1316.1,1453.79,1447.35,1459.72,1436,1423.5,1459.54,1441.52,1453.68
1378.2,1286.65,1377.65,1381.34,1365.31,1378.86,1375.29,1384.69,1348.42
-480.333,1106.31,-466.789,-468.354,-494.762,-468.556,-302.378,-468.424,-473.045
-849.055,-858.837,-848.886,-858.056,-852.575,-851.685,1055.93,-805.547,-847.392
1376.32,1361.58,1374.69,1368.15,1366.25,1367.71,1374.39,1377.39,1374.1
1505.61,1479.32,1505.19,1497.91,1490.03,1499.22,1501.52,1492.4,1497.67
1557.83,1545.03,1557.84,1560.08,1549.48,1548.86,1526.24,1560.57,1558.88
1562.92,1560.67,1560.03,1555.31,1563.48,1557.19,1556.75,1554.85,1557.06
1516.16,1539.24,1542.19,1536.14,1535.46,1528.33,1539.23,1519.12,1538.61
1497.25,1504.03,1495.51,1477.92,1472.26,1481.79,1490.78,1497.92,1493.56
1403.54,1408.83,1399.37,1402.94,1380.1,1387.97,1402.46,1399.76,1389.51
1403.48,1429.09,1423.38,1428.47,1421.68,1422.72,1422.23,1424.21,1403.97
1445.38,1430.51,1451.48,1453.12,1439.43,1451.12,1440.95,1449.51,1454.05
1456.77,1472.24,1469.49,1465.34,1402.77,1459.45,1468.51,1469.77,1468.6
1243.21,1143.49,1207.15,1248.93,1245.67,1409.86,1244.92,1240.73,1222.18
1180.9,1182.54,1244.07,1176.2,1081.78,1182.76,1182.24,1088.29,1161.92
-608.921,-606.798,-607.386,1258.4,-607.677,-610.571,-606.381,-608.71,-608.56
-1000,-1000,-1000,-1000,-1000,1204.01,-1000,-1000,-940.148
-813.603,-812.252,-811.612,-813.367,1385.24,-811.595,-811.595,-811.595,-811.595
1480.88,1502.85,1487.7,1497.28,1493.78,1503.69,1498.11,1493.6,1491.73
1512.05,1519.84,1524.48,1517.69,1511.6,1519.11,1517.6,1526.64,1518.03
1532.22,1543.39,1543.15,1534.97,1549.96,1542.91,1545.07,1548.27,1543.95
1490.43,1503.49,1495.65,1499.64,1495.42,1482.14,1502.91,1503.63,1496.07
1471.31,1440.74,1471.21,1456.93,1469.91,1470.93,1471.47,1438.91,1445.28
1415.8,1410.03,1403.48,1397.28,1353.09,1402.93,1400.11,1404.25,1385.84
1430.37,1414.31,1429.88,1431.57,1431.49,1427.91,1437.63,1422.71,1422.37
1444.93,1448.05,1460.53,1455.84,1459.91,1459.57,1461.23,1459.73,1455.14
1466.57,1471.25,1471.38,1466.06,1449.01,1463.51,1467.39,1470.23,1469.26
1258.34,1246.88,1374.57,1133.6,1150.01,1214.98,1237.87,1197.46,1250.38
-464.434,-501.046,-465.433,-461.043,-466.88,-460.925,1106.56,-460.88,-462.688
-878.151,-876.694,-876.813,-877.39,-878.04,1297.03,-876.387,-876.387,-876.387
-999.994,-903.835,-999.993,-999.993,-999.993,-999.993,-999.993,774.228,-999.985
237.321,211.554,241.48,240.484,367.058,157.28,1389.4,245.806,212.033
1770.81,1721.05,1734.04,1731.75,1728.64,1752.14,1754.13,1749.36,1731.1
2067.05,2089.37,2060.71,2043.72,2100.73,2099.69,2049.16,2063.85,2093.84
1847.98,1860.7,1892.43,1903.4,1854.66,1889.5,1895.38,1889.07,1890.89
1790.9,1792.26,1763.96,1775.62,1751.05,1749.95,1749.22,1792.36,1796.93
1429.12,1428.88,1437,1445.49,1434.72,1441.79,1435.53,1447.76,1436
1371.87,1353.31,1354.83,1366.41,1363.15,1354.71,1368.12,1369.67,1365.61
1418.75,1402.05,1413.56,1422.71,1420.45,1421.55,1484.88,1421.53,1423.11
1453.23,1453.36,1453.13,1454.2,1452.88,1451.19,1443.52,1440.03,1441.17
1532.77,1517.77,1530.21,1533.4,1535.12,1538.26,1535.93,1520.61,1534.49
1167.2,1403.28,1207.89,1200.17,1130.37,1213.88,1208.07,1208.75,1207.97
-463.267,-460.038,-461.174,-460.151,-460.599,1202.61,-459.659,-459.659,-459.659
-941.462,-941.258,-941.232,-941.234,-941.299,-941.295,-941.246,1058.52,-941.247
-1000,-1000,-1000,-1000,888.621,-1000,-1000,-1000,-1000
-961.292,-961.323,-961.275,-961.341,-961.271,-961.225,-961.242,-961.969,822.718
1626.97,1608.4,1637.22,1619.56,1617.29,1640.64,1646.21,1632.92,1644.37
1917.06,1930.19,1921.55,1924.44,1917.96,1912.53,1915.29,1894.33,1843.75
1895.01,1959.81,1969.88,1940.57,1980.14,1966.41,1956.99,1963.91,1949.13
2009.28,2070.23,2057.78,2044.4,2098.75,2036.49,2090.72,2077.23,2038.59
1534.03,1494.6,1547.97,1532.45,1525.85,1550.4,1538.87,1527.67,1505.51
1301,1323.62,1339.02,1338.02,1267.77,1337.73,1331.68,1337.8,1328.64
1384.02,1402.73,1380.64,1339.5,1391.08,1392.96,1401.99,1402.37,1398.35
1482.74,1463.11,1482.22,1483.06,1482.97,1474.72,1479.47,1479.5,1440.29
1428.48,1350.76,1350.73,1343.14,1341.08,1334.23,1352.58,1326.18,1339.08
972.658,1018.33,972.908,968.079,967.483,933.4,966.008,876.924,970.054
-876.658,-876.507,-876.467,-876.39,-876.966,-885.563,-876.393,921.709,-876.387
-997.221,1023.16,-997.219,-997.22,-997.218,-997.302,-997.243,-997.217,-997.221
-969.569,-969.565,-969.673,784.724,-971.307,-971.066,-969.878,-969.484,-969.474
-832.974,-833.428,-833.214,-838.028,-832.544,-832.659,1051.67,-832.517,-844.306
1193.08,1121.32,1119.24,1107.98,1010.6,1008.87,1073.33,1144.93,1132.21
2718.59,2648.25,2585.99,2695.86,2665.84,2733.06,2599.65,2651.56,2618.29
2406.85,2415.16,2439.45,2450.76,2384.39,2328.87,2430.87,2370.9,2353.82
2365.54,2360.79,2384.78,2410.32,2400.31,2425.74,2409.57,2368.22,2376.03
1606.91,1611.62,1611.51,1578.82,1575.47,1564.37,1611.12,1581.9,1568.44
1287.66,1298.12,1290.85,1279.47,1299.39,1298.36,1299.89,1280.27,1289.04
1408.89,1404.8,1404.61,1409.86,1392.43,1394.94,1406.17,1404.53,1392.02
1481.05,1477.51,1479.61,1470.83,1485.87,1462.38,1491.12,1495,1486.76
1445.44,1436.51,1448.43,1443.04,1444.68,1380.79,1442.69,1441.19,1447.67
-29.6031,13.8083,14.9905,1440.43,-19.1475,14.0605,15.1684,14.0503,5.23723
-900.804,-901.032,-907.344,1076.41,-903.563,-900.808,-900.741,-900.773,-905.919
16.6123,16.31,16.2954,16.4654,-58.5472,1396.6,155.721,16.7463,16.7463
1371.86,1359.39,1364.75,1371.98,1448.14,1371.58,1352.3,1361.37,1362.3
1125.76,1385.81,1125.76,1125.76,1125.76,1125.76,1125.76,1125.76,1125.76
1875.27,1889.26,1876.69,1877.02,1856.82,1868.9,1856.24,1869.45,1852.59
2118.29,2126.17,2056.02,2072.63,2073.34,2068.8,2072.93,2090.39,2081.94
2097.16,2151.11,2039.93,2096.02,2165.81,2099.08,2092.21,2150.89,2119.53
1886.11,1898.58,1891.91,1912.18,1896.88,1872.12,1860.28,1868.53,1870.52
1477.27,1465.59,1475.29,1478.81,1481.3,1507.58,1473.64,1482.57,1481.77
1352.42,1350,1350.21,1355.67,1354.23,1353.31,1441.68,1349.61,1341.54
1384.61,1387.77,1387.38,1380.8,1387.06,1385.15,1442.69,1382.97,1367.35
1434.94,1434.55,1439.66,1420.58,1438.43,1435.6,1438.7,1438.09,1434.27
1246.98,1246.67,1232.69,1246.41,1469.76,1243.5,1245.88,1246.76,1244.52
1479.55,1469.3,1478.64,1466.33,1473.73,1479.46,1478.4,1486.73,1478.68
-290.077,-276.496,-267.129,-265.658,-295.989,-265.941,-303.554,1259.41,-265.251
-979.45,-979.391,-979.472,-979.567,-980.931,-980.316,-980.81,1366.36,-979.385
-830.51,-830.487,-830.563,-830.576,-842.764,1454.24,-830.435,-830.435,-830.435
253.591,252.978,249.301,188.31,160.339,289.302,1309.39,252.116,246.101
1946.59,1960.89,1955.22,1973.55,1934.69,1979.63,1936.79,1988.79,1987.34
2319.81,2274.95,2327.54,2322.57,2281.64,2302.63,2313.7,2334.75,2340.45
2499.35,2386.94,2436.85,2389.44,2470.55,2440.02,2450.07,2463.57,2417.95
2102.45,2103.23,2062.63,2060.46,2074.79,2052.41,2104.96,2049.62,2094.25
1500.59,1528.67,1530.11,1531.77,1526.94,1538.53,1534.9,1527.95,1542.06
1353.04,1361,1468.4,1361.73,1345.7,1360.4,1360.6,1354.06,1343.81
1389.56,1397.11,1395.74,1396.07,1390.91,1693.62,1389.03,1389.91,1396.52
1429.05,1432.27,1497.06,1430.69,1436.73,1435.12,1436.05,1435.37,1432.33
1508.36,1507.19,1504.76,1505.09,1503.72,1501.63,1506.67,1497.23,1541.84
1509.21,1507.23,1502.2,1507.52,1456.12,1510.83,1506.27,1504.74,1540.01
-176.49,-176.572,-179.174,-176.654,-178.009,-179.848,-176.577,-238.203,1582.55
-999.999,-999.999,-999.999,-999.999,-999.999,-999.999,1515.41,-999.999,-999.999
-1000,-1000,-1000,-1000,1530.8,-1000,-999.805,-1000,-1000
-999.791,-999.792,-999.791,-999.791,1304.41,-999.791,-999.797,-999.806,-999.792
912.502,918.42,913.065,915.191,914.27,916.225,915.03,918.471,1487.78
1761.69,1760.41,1785.73,1773.49,1770.95,1787.07,1774.48,1775.84,1757.26
1908.43,1906.93,1923.76,1932.11,1933.93,1962.17,1946.6,1928.91,1949.04
1764.56,1783.53,1770.55,1766.29,1768.29,1780.65,1776.54,1765.21,1778.7
1511.84,1518.79,1512.99,1510.37,1503.35,1515.91,1512.02,1506.67,1510.94
1372.16,1376.66,1376.98,1377.09,1343.56,1926.36,1375.3,1371.66,1362.8
1405.9,1402.08,1404.41,1406.78,1378.15,1836.2,1406.65,1400.56,1407.79
1438.55,1442.1,1430.38,1415.24,1437.76,1430.64,1437.93,1549.4,1442.91
1481.03,1480.58,1453.92,1540.25,1482.2,1462.62,1475.41,1477.07,1499.96
1528.87,1405.12,1400.82,1412.93,1325.18,1412.47,1409.5,1398.24,1376.82
900.743,903.152,1358.65,770.261,885.749,831.662,780.918,890.265,829.732
393.771,384.125,393.903,392.904,389.542,290.541,387.913,331.566,1490.73
-999.99,-999.99,-999.99,-999.99,-999.99,-999.99,1707.34,-999.99,-999.99
-606.682,1397.58,-608.689,-606.555,-607.477,-609.142,-606.665,-606.963,-607.592
1728.36,1724.16,1701.3,1698.45,1722.95,1683.13,1706.08,1705.78,1711.14
1750.62,1748.3,1749.09,1754.93,1751.94,1777.82,1775.6,1769.78,1778.42
1729.67,1759.57,1720.22,1737.23,1732.12,1758.65,1736.27,1754.37,1751.12
1766.4,1743.49,1732.02,1756.27,1759.36,1737.97,1767.99,1748.08,1726.85
1500.48,1495.42,1500.72,1489.03,1499.39,1499.18,1487.81,1504.85,1491.08
1399.69,1398.37,1393.45,1399.71,1387.52,1395.52,1395.73,1396.09,1935.96
1411.13,1412.63,1407.04,1849.96,1412.43,1408.5,1411.46,1411.38,1410.96
1443.28,1438.75,1437.26,1470.81,1441.49,1430.6,1439.25,1442.68,1442.61
1486.68,1488.73,1490.58,1483.51,1478.51,1484.35,1486.19,1491.96,1482.39
1484.07,1469.16,1487.02,1478.38,1485.78,1482.61,1481.89,1482.02,1468.11
1114.1,1299.26,1125.34,1110.53,1118.14,1221.02,1217.18,1102.49,1206.23
816.455,883.996,1327.19,913.188,913.188,913.188,913.188,913.188,913.188
1119.5,1104.59,1279.34,1125.76,1159.11,1125.76,1125.76,1125.76,1125.76
1397.87,1399.23,1406.24,1440.23,1385.97,1406.7,1396.87,1398.16,1390.26
1669.77,1681.77,1678.3,1688.05,1672.89,1685.34,1673.44,1686,1660.17
1879.04,1872.71,1855.22,1845.6,1862.55,1853.84,1837.77,1874.27,1857.8
1872.93,1860.88,1896.81,1873.74,1891.58,1855.18,1891.91,1851.75,1856.88
1761.92,1739.54,1738.22,1754.87,1755.56,1785.55,1764.99,1783.01,1778.69
1550.82,1561.21,1559.41,1569.8,1553.27,1569.43,1565.46,1565.78,1570.99
1378.18,1387.97,1392.23,1389.89,1382.18,1391.24,1391.24,1390,1392.7
1407.23,1399.66,1412.35,1403.91,1384.49,1394.86,1406.65,1398.29,1395.35
1446.64,1446.36,1443.39,1440.29,1401.55,1443.29,1444.94,1443.13,1440.78
1449.39,1437.77,1448.43,1451.96,1433,1439.24,1449.32,1448.61,1445.84
1440.51,1421.54,1423.17,1444.88,1449.9,1442.07,1443,1446.1,1446.19
1405.17,1380.5,1393.6,1401.29,1415.38,1360.95,1380.13,1401.44,1399.3
114.909,89.7515,116.07,118.155,29.3477,63.7045,73.2879,1356.16,109.518
-997.649,-997.595,-997.581,-962.827,-997.509,1114.58,-997.494,-997.494,-997.494
-335.341,-333.374,-343.07,-349.406,-334.974,-338.718,1450.71,-339.805,-335.048
1607.82,1606.04,1594.07,1607.57,1607.77,1597.47,1596.5,1596.91,1582.34
1954.11,1915.81,1965.46,1969.2,1952.03,1983.61,1966.05,1974.19,1938.33
2021.48,2019.91,1970.19,2008.95,2022.66,2026.28,1968.17,1994.02,2011.21
1797.12,1818.58,1826.88,1816.63,1819.07,1800.7,1841.41,1841.31,1842.1
1541.91,1540.36,1560.66,1544.86,1539.12,1528.06,1552.15,1557.2,1543.57
1412.51,1389.07,1407.47,1409.76,1409.25,1415.79,1422.6,1416.09,1422.12
1428.04,1409.94,1400.07,1427.15,1408.23,1425.85,1426.05,1420.47,1422.52
1425.14,1428.56,1429.16,1437.18,1416.74,1435.5,1443.65,1431.19,1425.96
1421.99,1468.94,1467.65,1426.74,1447.61,1465.86,1469.07,1469.7,1464.85
1449.75,1457.52,1457.53,1454.87,1446.59,1469.37,1455.42,1449.73,1456.32
1359.71,1350.88,1316.72,1367,1302.03,1364.2,1340.54,1358.56,1331.59
1289.8,1285.03,1293.26,1287.14,1183.81,1297.96,1291.28,1302.22,1295.21
-997.233,-997.242,-997.424,-997.233,-997.219,-997.424,-997.22,-997.358,1203.93
-889.136,-787.497,-893.314,-889.415,-896.537,1352.1,-888.749,-888.749,-888.749
1545.29,1547.54,1542.17,1544.36,1546.63,1538.86,1540.38,1531.8,1527.47
1572.52,1588.22,1580.92,1585.5,1589.64,1590.81,1580.8,1588.67,1599.52
1610.66,1614.95,1615.51,1570.12,1603.48,1603.01,1596.42,1608.13,1578.27
1614.57,1605.04,1614.69,1606.71,1614.45,1605.63,1610.03,1602.55,1613.65
1530.3,1534.26,1516.31,1538.03,1535.58,1537.38,1503.68,1526.7,1539.41
1177.23,1249.56,1196.34,1189.27,1141.68,1183.29,1122.37,1196.32,1191.96
1432.38,1433.27,1434.04,1434.41,1409.73,1435.96,1422.82,1437.8,1435.21
1452.62,1429.81,1459.94,1452.85,1448.56,1456.37,1456.57,1448.83,1459.68
1313.18,1312.3,1317.27,1317.27,1189.32,1314.42,1297.04,1464.48,1317.03
1302.99,1297.96,1173.5,1302.96,1205.35,1302.3,1305.18,1299.02,1437.86
-454.949,-450.456,1399.51,-449.921,-472.295,-447.843,-463.809,-450.551,-452.545
-977.368,-999.978,-999.976,-999.976,-999.978,1368.27,-999.976,-999.976,-999.976
-1000,105.059,-1000,-1000,-1000,-1000,-1000,-1000,-1000
-389.331,1372.05,-387.432,-388.942,-388.616,-387.847,-389.393,-388.828,-388.69
1507.66,1507.22,1493.44,1509.97,1502.4,1497.59,1505.08,1507.26,1510.36
1899.13,1859.63,1897.72,1908.45,1897.48,1911.16,1879.17,1871.05,1849.95
1811.46,1839.04,1865.77,1850.65,1800.6,1843.88,1845.94,1864.12,1815.55
1741.37,1744.5,1738.39,1730.6,1734.96,1755.64,1739.39,1744.14,1707.53
1489.59,1488.83,1471.89,1483.44,1480.99,1473.48,1481.09,1482.01,1461.46
1413.81,1390.11,1410.14,1291.66,1379.78,1407.59,1399.46,1402.18,1397.67
1432.21,1431.95,1432.29,1434.08,1434.35,1423.87,1432.05,1526.82,1421.4
1437.63,1385.98,1364.79,1382.54,1379.16,1389.26,1389.64,1392.6,1391.41
1516.77,1506.93,1522.98,1520.22,1492.93,1522.22,1517.92,1523.08,1532.32
1281.45,1426.84,1315.25,1259.35,1189.1,1318.85,1232.08,1320.67,1309.22
1079.92,1098.13,1096.79,1049.81,995.661,1085.16,975.662,1540.12,1097.59
-999.969,-999.969,-999.968,1312.93,-999.97,-935.871,-999.968,-999.969,-999.969
-1000,-1000,-1000,-1000,-1000,-1000,141.835,-1000,-1000
-999.754,-999.753,-999.753,-999.755,-999.753,-999.753,-999.754,1427.28,-999.753
1655.13,1668.31,1654.98,1652.55,1665.68,1651.9,1644.78,1634.81,1641.44
1908.85,1911.22,1966.08,1940.58,1923.85,1905.96,1902.18,1961.66,1943.58
2209.98,2148.12,2172.91,2176.87,2215.47,2141.15,2150,2136.81,2189.22
2029.46,2052.11,2010.36,2021.68,2023.63,2067.1,2054.29,2042.24,2062.95
1564.92,1531.03,1561.68,1559.28,1540.25,1582.84,1566.27,1577.18,1569.6
1372.46,1356.22,1311.4,1368.61,1291.11,1366.26,1342.33,1360.21,1369.27
1413.26,1418.93,1416.22,1420.03,1419.31,1414.52,1420.28,1420.65,1416.92
1477.54,1462.59,1473.67,1470.82,1477.73,1463.31,1477.72,1457.96,1476.13
1431.26,1427.41,1427.11,1438.65,1435.21,1425.93,1378.32,1533.03,1424.32
1125.29,1125.4,1125.42,1118.62,967.093,1460.09,1125.76,1125.76,1125.76
-343.169,-333.028,-333.03,-333.15,-334.299,-336.745,-333.083,-328.726,1437.28
-995.864,-995.937,825.543,-995.922,-995.865,-996.074,-995.866,-995.865,-995.922
-719.711,-726.831,-718.032,-717.737,-722.285,-717.583,-721.466,1124.22,-730.316
-460.836,-500.123,-460.414,-483.176,-460.684,1101.42,-459.659,-461.366,-459.659
986.57,986.614,868.464,971.841,882.85,985.826,1158.08,908.317,954.289
2576.34,2547.54,2556.78,2523.73,2560.31,2494.79,2589.69,2520.13,2491.2
2295.95,2307.98,2363.9,2275.44,2303.07,2268.79,2271.93,2293.19,2362.47
1944.41,1957.03,2024.21,1948.23,1967.79,1997.65,1972.33,1971.4,1958.03
1471.15,1500.28,1483.63,1500.15,1457.94,1512.27,1499.28,1480.55,1509.13
1299.92,1295.85,1295.39,1294.69,1289.92,1306.72,1621.75,1297.41,1301.89
1394.09,1393.7,1409.33,1404.73,1399.84,1406.56,1770.52,1399.16,1409.19
1470.17,1431.56,1406.86,1435.12,1420.72,1429.53,1440.25,1428.48,1432.33
1473.89,1497.29,1500.2,1488.67,1480.15,1498.9,1499.77,1500.33,1491.15
378.566,355.185,373.091,379.29,377.622,377.415,1254.28,377.235,380.407
1034.9,-880.707,-880.363,-880.428,-881.123,-889.307,-889.18,-880.496,-880.631
-985.824,-985.206,-986.089,-985.146,-986.092,-986.098,-985.167,1170.97,-985.514
-999.029,-999.029,-999.03,-999.029,-999.029,696.035,-999.029,-999.029,-999.029
-950.896,-947.863,634.569,-949.987,-951.595,-948.45,-947.845,-947.894,-950.469
1329.86,1181.53,1342.87,1505.57,1261.96,1333.86,1336.04,1292.31,1329.45
1987.39,1995.58,2045.04,2004.55,1995.67,2030.39,2015.3,2038.11,2043.27
2071.38,2027.08,2054.45,2064.21,2060.01,2046.35,2077.19,2092.88,2096.78
1972.94,1971.93,1931.89,1944.83,1961.66,1975.77,1956.09,1978.98,1980.87
1457.43,1449.33,1447.04,1470.69,1468.56,1429.83,1474.81,1481.42,1464.11
1261.51,1281.88,1273.6,1283.17,1257.57,1286.05,1281.94,1283.51,1316.7
1314.85,1317.55,1309.13,1286.73,1317.59,1304.19,1316.34,1319.39,1491.24
1433.63,1435.49,1419.58,1431.75,1424.03,1439.36,1483.04,1411.24,1430.06
1446.84,1445.74,1455.77,1447.18,1443.93,1435.63,1446.35,1446.12,1436.11
-413.579,-433.223,-445.994,-438.15,-413.557,-413.159,-414.329,-455.02,1295.22
-996.908,-996.917,-996.911,1229.27,-996.909,-996.908,-996.911,-996.912,-996.915
-562.416,-562.454,1464.24,-589.315,-595.023,-562.544,-563.909,-568.858,-581.737
-957.838,-957.837,-957.868,1150.57,-957.837,-957.837,-957.837,-957.837,-957.837
-848.33,-848.568,-859.185,-858.772,1274.34,-849.012,-848.706,-848.467,-848.646
1177.48,1163.14,1144.03,1290.81,1131.61,1159.1,1179.96,1133.33,1146.68
2129.33,2182.64,2154.67,2160.27,2127.14,2174.62,2128.76,2164.82,2106.75
2016.79,2030.04,2052.45,2021.44,2024.05,2050.92,2056.07,2039.27,2044.41
1689.1,1697.5,1722,1709.79,1738.64,1729.87,1710.9,1729.23,1712.21
1449.22,1464.72,1450.07,1454.87,1457.42,1459.41,1456.67,1463.6,1450.59
1346.57,1339.66,1334.26,1344.55,1465.74,1342.16,1345.91,1341.79,1337.12
1377.27,1455.79,1354.11,1371.5,1373.42,1380.24,1372.77,1379.63,1369.04
1423.68,1424.34,1422.48,1415.82,1442.67,1413.07,1426.73,1412.41,1422.99
1433.59,1436.55,1417.69,1434.04,1436.65,1433.29,1413.71,1436.56,1619.68
431.006,514.116,411.778,1421.74,403.094,514.493,514.665,512.678,511.614
-968.61,-968.614,-968.633,-968.607,-968.602,-968.618,-968.614,1593.18,-968.63
-1000,-1000,-1000,-1000,-1000,1485.25,-1000,-1000,-1000
-1000,-1000,-1000,-1000,-1000,-1000,-1000,1506.92,-1000
-999.213,-999.186,-999.186,-999.215,-999.185,-999.184,-999.23,1282.98,-999.214
948.236,917.204,935.336,1012.25,1011.42,918.997,948.9,1022.05,1410.76
1988.76,2014.4,2008.65,1980.74,2001.1,2034.55,1988.46,2020.65,2006.68
1957.69,2002.19,1947.65,1997.03,1989.51,1962.3,1995.91,1956.99,1990.57
1857.41,1840.24,1850.92,1789.55,1853.31,1860.33,1818.86,1787.54,1835.6
1493.68,1482.17,1490.08,1490.68,1496.39,1539.51,1488.12,1497.77,1498.52
1426.51,1357.2,1351.27,1352.36,1341.81,1359.9,1350.93,1360.77,1347.84
1378.41,1377.4,1355.03,1374.41,1341.38,1377.97,1370.05,1363.14,1564.92
1418.29,1413.23,1871.15,1412.86,1414.5,1415.14,1416.21,1415.49,1417.03
1272.88,1256.23,1275.54,1273.09,1272.06,1252.39,1439.66,1273.43,1272.33
499.043,500.669,1518.3,496.781,433.465,497.263,486.829,495.657,498.218
1620.59,-176.435,-176.435,-176.435,-176.435,-176.435,-176.435,-176.435,-176.435
-1000,-1000,-1000,1401.91,-1000,-1000,-1000,-1000,-1000
-1000,-1000,-1000,1731.84,-1000,-1000,-1000,-1000,-1000
-866.089,-865.997,-866.084,-866.39,-866.043,-866.037,1395.42,-866.038,-866.426
1844.35,1810.01,1824.17,1811.95,1846.95,1813.77,1829.32,1847.92,1822.64
2188.11,2164.2,2236.56,2164.72,2246.84,2241.98,2202.07,2229.08,2246.68
2202.33,2240.63,2215.77,2266.4,2244.1,2218.72,2253.39,2262.87,2267.85
1984.64,1988.19,1959.95,1992.41,1955.74,1934.74,1938.99,1967.22,1995.98
1480.13,1503.45,1509.3,1509.02,1511.34,1508.9,1461.44,1493.46,1515.92
1365.39,1355.84,1794.82,1365.75,1329.43,1366.71,1367.67,1361.38,1359.88
1394.74,1401.71,1757.63,1399.81,1395.02,1398.72,1399.81,1391.55,1397.85
1454.31,1452.65,1451.22,1446.96,1450.07,1446.23,1453.61,1453.16,1553.98
1520.56,1523.44,1517.06,1511.8,1518.62,1505.68,1592.91,1521.24,1521.26
1520.32,1523.74,1517.91,1523.5,1520.54,1520.24,1588.78,1523.02,1518.28
14.1211,13.739,11.5578,13.8199,15.8551,-23.1479,1502.95,16.7463,16.7463
1403.63,-713.958,-717.975,-721.954,-734.367,-714.011,-724.609,-719.249,-723.962
1465.52,1403.77,1402.35,1405.29,1406.2,1399.41,1405.52,1403.95,1399.12
1447.4,1033.62,1030.18,1035.67,1032.31,1034.94,1039.26,1035.33,1035.39
1592.81,1596.45,1601.28,1580.3,1591.23,1600,1586.07,1591,1599.82
1759.61,1770.69,1768.54,1746.41,1761.46,1761.47,1783.02,1764.69,1780.53
1748.85,1752.07,1740.86,1739.26,1736.1,1745.78,1739.38,1753.64,1749
1679.34,1667.07,1673.13,1705.95,1687.67,1702.28,1680.49,1675.36,1682.57
1486.48,1467.05,1490.62,1501.46,1488.68,1490.78,1494.05,1483.85,1477.25
1366.04,1406.87,1362.19,1372.85,1367.5,1367.97,1365.07,1372.34,1367.08
1401.04,1403.12,1391.59,1396.24,1402.89,1402.79,1400.31,1392.29,1400.68
1503.33,1449.51,1439.34,1448.06,1428.87,1444.59,1447.1,1449.5,1437.32
1512.72,1480.21,1461.59,1481.85,1480.92,1482.03,1481.83,1475.62,1473.87
1414.61,1410.91,1409.01,1410.26,1408.23,1411.25,1394.55,1485.41,1400.31
1457.25,1322.6,1329.22,1305.89,1266.86,1320.51,1251.98,1317.23,1316.15
-848.947,-850.032,-847.587,-847.424,-858.777,-848.228,-849.584,1586.19,-847.392
1643.07,-999.635,-999.635,-999.66,-999.64,-999.634,-999.66,-999.633,-999.623
616.704,614.701,610.689,1489.06,609.205,610.545,618.515,614.791,619.853
1644.22,1651.41,1641.69,1637.88,1601.38,1649.6,1650.76,1640.4,1643.22
1839.85,1868.63,1856.13,1849.71,1877.65,1849.21,1876.89,1832.68,1861.93
1866.53,1880.11,1880.13,1859.26,1904,1894.8,1906.75,1886.78,1903.34
1854.52,1839.22,1813.19,1867.31,1828.09,1836.94,1826.02,1847.42,1840.27
1489.2,1496.62,1497.33,1493.75,1501.3,1495.91,1490.19,1498.33,1526.79
1403.66,1405.69,1398.92,1376.64,1377.33,1958.06,1399.69,1406.17,1404.53
1409.15,1405.74,1407.49,1402.72,1779.56,1404.21,1405.58,1406.42,1406.87
1449.56,1448.82,1440.2,1451.8,1445.86,1446.89,1448.73,1590.34,1439.48
1458.67,1453.23,1451.46,1457.94,1431.48,1462.82,1442.76,1456.21,1559.01
1436.33,1445.32,1424.92,1427.76,1429.33,1437.9,1439.3,1439.08,1431.46
1252.07,1248.89,1239.85,1223.97,1143.82,1373.21,1244.85,1256.28,1222.23
-180.332,-180.417,-180.596,1383.97,-178.851,-238.195,-238.19,-189.886,-226.811
-999.987,-999.987,-999.987,-999.987,-999.987,-999.987,-999.987,1099.22,-999.987
1422.3,623.644,689.837,671.475,686.35,656.865,641.651,654.416,695.799
1647.46,1629.54,1625.71,1646.99,1616.8,1619.12,1648.84,1642.11,1625.14
1935.46,1957.48,1943.14,1967.16,1992.67,1988.37,1978.47,1976.66,1981.22
1921.4,1897.43,1873.31,1903.22,1920.05,1904.7,1924.44,1907.73,1867.11
1806.53,1763.46,1758.57,1780.25,1796.29,1792.28,1783.49,1775.05,1807.33
1503.38,1508.54,1497.84,1506.31,1469.21,1496.32,1503.93,1515.5,1508.52
1369.16,1370.23,1371.06,1362.89,1353.41,1369.57,1370.52,2000.95,1357.52
1420.7,1421.21,1408.9,1421.06,1411.52,1405.68,1673.08,1412.76,1419.9
1438.87,1436.51,1430.06,1443.38,1422.51,1452.72,1421.36,1432.36,1440.3
1473.83,1480.06,1473.84,1472.71,1474.25,1472.68,1470.95,1464.12,1470.56
1436.93,1445.78,1432.26,1447.7,1432.83,1452.12,1451.93,1448.48,1474.13
1385.51,1367.68,1345.06,1358.36,1307.5,1364.05,1368.38,1328.91,1359.84
1140.37,1140.23,1133.8,1045.31,1030.28,1138.01,1065.98,1257.3,1123.92
705.876,712.286,710.037,714.545,667.6,634.598,679.154,1308.18,721.869
1465.04,1461.32,1461.5,1459.01,1458.05,1457.87,1465.24,1459.31,1455.25
1661.64,1639.3,1660.13,1652.64,1650.24,1629.1,1647.37,1644.94,1658.82
1911.09,1905.78,1928.21,1926.72,1942.26,1922.39,1938.81,1934.66,1938.2
1824.7,1801.33,1825.56,1830.65,1813.19,1830.37,1825.43,1825.37,1837.1
1864.15,1869.83,1890.78,1866.95,1891.75,1853,1899.66,1871.44,1881.6
1552.11,1524.8,1542.56,1544.14,1519.4,1567.35,1533.68,1546.84,1547.08
1398.28,1396.3,1393.77,1401.1,1389.18,1381.97,1396.25,1365.23,1377.01
1437.12,1399.19,1421.44,1424.07,1411.93,1430.02,1424.63,1427.48,1381.32
1462.55,1466.69,1464.25,1466.87,1456.84,1466.75,1449.43,1462.14,1486.84
1352.22,1343.32,1332.61,1358.31,1359.31,1610.68,1354.48,1357.8,1357.59
1479.11,1398.51,1473.52,1469.23,1476.09,1489.5,1483.21,1483.31,1481.96
711.934,706.666,661.939,696.959,633.108,1506.93,706.577,666.252,700.023
-995.829,-995.823,-995.805,-995.833,-996.079,2117.27,-995.798,-995.798,-995.798
-1000,-1000,264.568,-998.149,-1000,-1000,-1000,-1000,-1000
1177.13,-996.264,-996.263,-996.262,-996.27,-996.526,-996.267,-996.279,-996.264
1849.61,1886.15,1846.57,1886.69,1890.23,1858.37,1859.88,1879.91,1881.96
2317.26,2317.14,2282.82,2387.47,2380.25,2381.74,2310.98,2350.52,2364.83
2046.79,2023.37,2109.14,2066.23,2084.78,2051.26,2102.14,2098.68,2112.51
1991.3,1973.29,2017.63,1965.97,1948.6,1998.97,2016.41,2018.9,1979.6
1554.44,1557.55,1566.19,1549.8,1548.65,1557.26,1548.67,1588.22,1565.19
1408.3,1403.49,1405.69,1410.09,1405.16,1407.36,1409.45,1538.93,1400.73
1431.5,1427.15,1434.2,1428.01,1427.48,1415.59,1427.85,1431.06,1429.63
1454.24,1453.83,1463.05,1477.58,1457.76,1461.63,1462.46,1442.77,1459.54
1321.32,1335.07,1640.12,1212.11,1332.22,1336.16,1336.61,1336.12,1333.88
1195.62,1297.3,1297.24,1507.05,1301.27,1301.04,1300.66,1294.33,1301.46
972.772,894.28,897.229,889.539,856.984,2301.95,899.391,978.087,975.754
-743.092,-946.844,-946.83,-946.855,-950.768,1472.77,-946.789,-946.789,-946.789
676.273,-999.984,-999.984,-999.984,-999.984,-999.984,-999.984,-999.984,-999.984
-981.638,1388.92,-981.631,-981.669,-981.705,-981.63,-981.633,-981.643,-981.638
1289.85,1284.6,1448.38,1292.77,1289.24,1300.72,1300.07,1301.1,1297.97
1921.56,1878.8,1905.33,1915.39,1869.09,1903.55,1930.8,1932.32,1888.12
2057.46,2079.58,2069,2067.23,2087.24,2112.63,2108.66,2106.18,2095.28
2040.16,1982.75,1985.93,2016.38,1976.32,1967.5,2017.68,1981.09,2028.59
1557.18,1518.91,1553.23,1563.21,1561.79,1535.41,1544.15,1561.39,1548
1368.39,1374.71,1356.77,1353.09,1343.59,1348.53,1374.23,2020.36,1373.96
1424.92,1428.32,1644.43,1425.17,1382.53,1413.62,1430.79,1431.6,1428.96
1433.58,1448.87,1431.23,1438.46,1453.64,1438.33,2431.72,1454.88,1453.26
1341.05,1342.4,1344.55,2318.14,1348.29,1338.67,1353.92,1351.2,1346.67
691.83,704.883,705.119,659.823,707.797,704.349,707.549,674.258,1875.05
-244.063,1590.96,-188.694,-204.302,-227.212,-238.932,-225.607,-208.542,-187.293
-1000,-1000,-1000,-1000,613.573,-1000,-1000,-1000,-1000
-1000,-1000,-1000,-1000,-1000,-1000,-1000,-1000,130.797
-381.973,-369.377,1188.98,-377.594,-380.251,-367.497,-392.314,-378.138,-368.71
1716.93,1681.04,1711.77,1720.52,1697.47,1727.96,1720.65,1718.5,1686.06
2381.47,2480.8,2420.91,2421.51,2386.1,2417.44,2473.92,2367.56,2457.56
2505.3,2447.21,2492.95,2465.49,2474.48,2393.2,2503.53,2495.12,2430.69
2254.88,2311.24,2217.43,2210.63,2259.19,2217.75,2264.09,2256.49,2237.25
1642.74,1674.6,1664.04,1661.93,1647.11,1648.77,1664.61,1598.87,1635.12
1277.98,1310.56,1315.3,1566.66,1304.99,1301.96,1295.45,1300.29,1312.95
1389.5,1375.32,1390.51,1394.55,1390.52,1395.47,2027.41,1390.87,1375.08
1451.91,1463.19,1455.76,1463.23,1874.58,1462.67,1460.09,1457.15,1457.29
1446.06,1448.18,1465.61,1462.85,1446.17,1452.1,1467.73,1468.05,1480.11
-77.3369,-62.4073,-63.521,-59.3358,-48.9952,-67.814,-110.174,1438.04,-67.1688
-983.677,-983.73,-983.689,-983.676,-984.25,620.758,-983.675,-983.675,-983.675
-995.844,-995.842,1012.44,-996.136,-995.846,-995.896,-995.86,-995.846,-995.842
-767.631,-767.436,-767.442,-767.762,-784.274,-771.896,1053.32,-767.401,-767.401
161.262,255.239,255.07,253.309,195.912,1069.29,255.242,255.242,255.242
1765.25,1760.78,1732.28,1752.26,1759.5,1616.17,1763.7,1775.19,1611.35
2430.63,2455.63,2521.32,2392.41,2458.1,2452.25,2426.96,2423.15,2510.05
2450.47,2505.3,2516.98,2470.11,2585.67,2543.86,2568.09,2536.98,2571.97
2231.89,2266.39,2287.6,2276.38,2217.59,2210.03,2156.75,2215.38,2216.46
1517.22,1545.94,1555.22,1556.94,1534.49,1526.74,1552.38,1510.25,1542.74
1274.52,1299.03,1281.08,1292.8,1298.31,1276.07,1280.07,1290.4,1548.84
1371.01,1370.5,1375.05,1356.28,1372.18,1362.86,1535.9,1371.73,1368.89
1451.73,1454.25,1459.35,1457.48,1465.98,1462.66,1526.45,1463.09,1457.16
1483.2,1484.79,1495.48,1475.06,1478.6,1481,1477.13,1432.55,1483.94
915.983,889.784,1346.17,979.621,909.592,912.483,980.154,906.142,914.771
-889.536,1155.29,-883.082,-885.656,-883.114,-890.338,-885.082,-883.494,-861.371
-680.949,-681.249,1364.7,-680.934,-680.934,-680.934,-680.934,-680.934,-680.934
1418.97,1419.1,1417.87,1303.3,1419.58,1388.02,1409.53,1419.57,1424.53
1683,1683.9,1679.67,1655.4,1666.15,1660.55,1667.49,1658.91,1652.72
1174.52,1148.23,1127.95,1141.85,1152.72,1141.93,1133.95,1139.77,1140.23
2541.27,2597.81,2458.09,2567.76,2497.74,2497.46,2542.69,2518.53,2560.63
2498.4,2489.59,2489.31,2547.08,2560.19,2511.42,2573.97,2499.45,2572.96
2226.18,2223.36,2184.6,2233.78,2234.32,2268.28,2204.36,2232.63,2168.96
1554.35,1553.44,1550.69,1550.75,1554.82,1556.24,1549.84,1555.95,1551.31
1310.54,1313.04,1311.39,1313.41,1368.13,1313.78,1287.08,1311.77,1298.81
1414.29,1372,1359.44,1371.47,1343.41,1370.43,1339.88,1365.62,1321.18
1447.61,1451.98,1442.86,1433.9,1428.89,1414.33,1445.87,1445.06,1450.09
1377.76,1369.19,1326.07,1371.92,1364.9,1555.42,1368.66,1366.23,1375.98
-825.853,-813.832,-812.905,-812.929,1451.17,-812.958,-813.084,-813.221,-814.578
-859.65,-859.685,-859.897,1390.89,-859.155,-859.225,-864.355,-860.559,-863.426
-996.576,-996.808,-996.572,-996.574,-996.574,-996.819,1510.93,-996.577,-996.585
-1000,-1000,997.784,-1000,-1000,-1000,-1000,-1000,-1000
-999.959,958.98,-999.958,-999.958,-999.958,-999.958,-999.958,-999.958,-999.958
-21.2855,11.2571,7.79674,9.91495,891.21,10.8786,8.67663,-56.6791,7.25174
1659.35,1663.3,1677.81,1666.26,1655.49,1665.26,1663.67,1654.24,1669.39
1648.02,1650.57,1650.02,1636.31,1640.32,1671.35,1635.72,1648.5,1648.79
1612.67,1616.12,1608.2,1597.47,1590.56,1605.11,1610.61,1601.25,1621.25
1458.86,1451.64,1463.06,1461.18,1468.68,1480.79,1457.24,1460.75,1464.71
1318.82,1335.59,1707.19,1332.98,1337.01,1319.91,1330.57,1336.27,1300.48
1374.35,1375.75,1370.45,1378.99,1378.82,1552.51,1373.08,1370.74,1377.47
1402.56,1388.16,1400.03,1400.4,1389.44,1658.04,1391.92,1399.29,1402.41
1497.29,1391.13,1489.45,1486.55,1494.61,1506.4,1491.12,1486.36,1540.84
982.872,975.541,991.709,1451.71,956.144,986.607,991.497,990.207,984.363
-258.836,1392.87,-205.074,-203.899,-239.192,-258.179,-251.239,-243.609,-203.715
-814.99,-805.849,-806.772,1428.31,-805.481,-805.481,-805.481,-805.481,-805.481
-986.718,-986.728,-986.734,-986.791,1429.95,-986.706,-986.706,-986.706,-986.706
645.396,645.692,644.491,638.649,551.783,1425.29,642.524,644.157,637.808
1715.06,1742.55,1745.46,1723.07,1719.19,1745.2,1720.49,1743.83,1720.16
2010.92,2046.42,2070.97,2033.96,2068.86,2074.57,2064.95,2076.71,2061.71
2083.61,2062.51,2032.27,2071.27,2063.98,2099.53,2088.8,2096.86,2042.88
1805.48,1803.68,1800.53,1815.66,1782.49,1797.68,1828.6,1808.54,1823.63
1474.76,1460.53,1471.08,1462.87,1474.78,1468.18,1472.96,1460.54,1488.89
1330.34,1350.4,1353.93,1512.85,1353.07,1337.93,1344.69,1343.78,1351.86
1370.83,1770.31,1370.86,1370.65,1370.24,1368.03,1369.1,1364.61,1363.17
1464.54,1443.6,1452.46,1456.96,1457.89,1465.03,1460.09,1452.5,1722.74
1490.52,1404.6,1399.51,1399.99,1403.47,1401.02,1400.74,1392.82,1400.28
1532.03,1532.18,1525.32,1533.82,1540.05,1540.3,1531.56,1534.42,1533.25
1170.5,1241.02,1337.52,1284.8,1165.88,1249.37,1218.91,1257.12,1161.8
-238.804,-193.467,-238.203,1403.27,-237.701,-191.356,-239.428,-189.538,-237.918
-999.973,-999.974,-999.974,-999.973,-999.973,-999.974,1716.21,-999.973,-999.973
1051.43,958.911,1055.54,1445.51,1048.46,932.894,987.721,1053.5,1049.57
1797.16,1830.06,1849.29,1828.88,1854,1836.08,1855.66,1824.02,1814.8
2164.69,2175.73,2139.29,2208.86,2209.79,2171.32,2174.92,2182.46,2125.04
2130.05,2122.32,2169.83,2117.43,2163.59,2161.17,2192.01,2148.12,2164.74
1900.97,1908.39,1895.41,1870.9,1872.96,1907.86,1903.66,1895.11,1889.8
1448.46,1509.74,1483.34,1492.57,1494.81,1487.01,1489.94,1491.13,1452.77
1380.93,1371.31,1382.16,1379.85,1365.24,1381.02,1351.59,1378.1,1600.37
1211.2,1200.66,1205.88,1213,1208.11,1204.63,1209.31,1214.12,1532.38
1414.63,1436.19,1418.22,1514.29,1440.3,1444.04,1442.99,1432.68,1444.14
1476.63,1485.73,1483.1,1486.23,1477.62,1486.89,1470.43,1543.7,1480.99
1443.96,1460.01,1470.16,1459.07,1465.15,1465.44,1469.11,1467.04,1643.63
1481.94,1391.8,1388.36,1393.09,1263.38,1391.12,1390.6,1391.07,1389.6
-462.17,-466.818,-460.692,-469.54,-478.93,-477.652,1591.59,-459.659,-459.659
-941.004,-941.306,-941.521,1637.09,-941.187,-941.147,-940.975,-944.32,-944.227
-333.668,1518.79,-332.913,-332.913,-332.913,-332.913,-332.913,-332.913,-332.913
1023.67,1025.52,1024.4,1022.85,1015.67,1019.88,1019.39,1426.33,1014.12
2229.32,2256.49,2243.98,2169.36,2197.68,2257.6,2166.6,2188.68,2178.92
1987.02,1997.08,2002.67,1950.71,1954.62,1982.3,1971.49,1965.86,1959.48
1919.66,1945.14,1930.93,1917.93,1927.44,1922.7,1885.98,1894.36,1891.26
1524.69,1535.57,1521.17,1530.41,1529.5,1510.43,1518.41,1525.68,1531.39
1379.07,1388.32,1388.48,1599.04,1377.66,1378.95,1384.2,1381.38,1372.87
1386.89,1391.61,1390.53,1391.92,1303.33,1391.3,1395.27,1868.01,1393.33
1447.93,1443.28,1448.18,1453.02,1449.81,1452.76,1441.57,1452.64,2396.53
1432.62,1449.14,1430.14,1444.02,1439.31,1446.3,1421.61,1453.62,1447.92
1385.23,1385.2,1373.39,1388.19,1409.44,1389.04,1324.71,1387.33,1382.21
1392.42,1359.18,1382.06,1377.45,1382.52,1376.3,1364.82,1380.5,1381.28
1565.42,64.0904,34.8156,6.8402,24.9976,62.392,57.8996,44.9893,66.8718
1624.95,-935.156,-935.161,-935.161,-935.156,-774.394,-935.186,-935.16,-935.16
-410.281,-404.979,-406.251,1446.98,-410.127,-404.571,-403.646,-403.164,-404.423
1751.54,1732.99,1747.97,1746.4,1744.77,1725.12,1752.9,1729.49,1765.88
1945.53,1969.81,1977.74,1938.98,1982.22,1978.57,1934.47,1972.3,1936.79
1966.15,1995.8,2018.85,2007.11,1986.47,1962.18,1976.46,1990.59,2010.14
1777.3,1757.28,1761.82,1778.74,1754.96,1793.5,1769.42,1770.71,1772.32
1506.88,1494.53,1499.48,1511.67,1494.4,1499.84,1482.93,1498.23,1500.32
1404.63,1403.2,1396.54,1412.9,1396.37,1374.76,1406.12,2132.77,1385.08
1677.89,1392.43,1391.54,1410.34,1399.6,1411.53,1410.1,1412.05,1409.59
1435.18,1435.3,1435.22,1440.55,1443.01,1441.96,1465.2,1415.81,1443.69
1469.44,1458.75,1459.73,1468.99,1473.71,1563.36,1467.76,1465.39,1472.85
1397.64,1439.41,1402.65,1425.88,1434.58,1432.29,1438.45,1439.48,1507.76
1310,1308.51,1276.59,1315.82,1534.91,1194.36,1296.67,1310.88,1235.41
-462.343,-492.806,-465.212,-460.339,-462.168,1829.89,-459.659,-459.659,-459.659
1220.01,-999.807,-999.806,-999.809,-999.809,-999.807,-999.811,-999.807,-999.81
1448.84,1439.16,1435.53,1448.66,1426.74,1442.75,1451.65,1449.34,1445.83
1671.47,1687.38,1651.16,1672.98,1676.33,1675.22,1657.89,1671.74,1682.66
1894.94,1879.49,1857.35,1880.84,1857.61,1900.23,1879.65,1877.71,1900.15
1839.67,1826.1,1794.59,1821.91,1814.14,1804.73,1836.2,1805.59,1832.64
1655.09,1634.33,1652.97,1650.2,1634.18,1638.43,1640.24,1662.25,1649.05
1473.35,1475.2,1454.91,1467.32,1530.76,1469.39,1455.85,1472.18,1469.05
1356.55,1323.02,1356.68,1352.22,1338.58,1328.71,1361.65,1357.65,1404.99
1426.6,1401.19,1427.81,1425.27,1413.51,1426.44,1427.78,1429.16,1412.19
1437.91,1449.77,1446.81,1431.75,1374.15,1446.61,1446.05,1563.02,1448.96
1486.9,1554.93,1486.68,1475.21,1471.73,1482.54,1481.93,1487.44,1481.51
1465.83,1462.97,2510.97,1445.68,1439.44,1466.43,1451.58,1372.24,1458.69
117.053,189.291,159.999,190.711,186.536,191.944,190.001,185.256,1616.91
-917.688,1979.74,-917.588,-917.631,-917.636,-917.715,-917.642,-917.946,-917.605
-999.905,-999.905,-999.905,-999.904,-999.911,1593.04,-999.904,-999.904,-999.904
1459.16,1444.6,1456.22,1458.46,1461.94,1460.97,1452.93,1460.06,1453.14
1901.76,1869.11,1917.51,1891.12,1886.06,1870.45,1891.81,1916.35,1878.78
2076.43,2120.89,2050.31,2089.02,2114.06,2105.99,2112.21,2127.44,2134.73
1937.28,1928.56,2002.98,1961.88,1999.2,1972.42,1985.82,2007.82,1989.75
1798.99,1846.2,1809.84,1856.09,1862.32,1830.81,1859,1842.81,1840.4
1490.7,1467.41,1463.25,1463.89,1462.3,1458.72,1462.22,1466.53,1455.05
1385.03,1360.79,1385.14,1395.53,1372.82,1390.54,1392.53,1924.26,1371.28
1437.79,1433.91,1435.62,1437.23,1414.93,1432.47,1440.72,1439.08,2259.78
1447.19,1451.09,1448.02,1443.86,1435.52,1448.52,2548.33,1440.45,1449.18
1304.36,1285.53,1305.03,1302.85,1506.23,1302.62,1306.09,1303.69,1301.5
817.079,835.768,828.873,769.711,1405.05,836.608,756.553,712.515,834.755
912.85,912.041,912.397,897.939,858.758,902.269,909.826,904.183,1247.46
1113.13,1122.03,1083.49,1121.52,965.024,1928.68,1118.32,1021.3,1116.72
-1000,-1000,-1000,-1000,-1000,-1000,1524.94,-1000,-1000
-289.763,-289.123,-290.294,-289.371,-289.349,-329.288,-289.191,-152.655,1365.09
1870.97,1856.12,1864.91,1855.47,1866.07,1871.71,1862.03,1892.07,1894.88
2134.02,2136.49,2076.9,2142.61,2138.51,2084.79,2119.97,2110.35,2084.33
2199.57,2114.52,2115.45,2134.15,2177.37,2157.95,2170.28,2152.88,2194.7
1869.3,1881.12,1809.69,1894.38,1907.92,1904.59,1913.59,1926.04,1911.38
1411.17,1441.06,1421.58,1445.42,1547.3,1401.81,1458.49,1435.98,1456.95
1360.44,1355.02,1359.55,1361.13,1325.41,1351.95,1360.81,1364.07,2453.64
1386.79,1400.18,1395.92,1402.48,1405.64,1406.78,1405.39,1622.74,1395.84
1462.28,1461.83,1441.19,1463.41,1463.41,1462.89,1560.78,1457.81,1458.13
1315.24,1296.13,1534.63,1279.72,1180.11,1315.28,1315.77,1305.95,1309.09
1500.41,1503.37,1507.29,1498.2,1427.65,1515.25,1493.93,1500.1,1508.5
1521.89,1514.72,1506.73,1564.85,1490.88,1519.28,1523.28,1522.71,1516.3
127.521,127.504,126.793,125.91,125.543,96.4966,120.578,81.7257,2356.91
-767.619,-767.912,-768.024,-784.468,-767.95,-767.413,-775.321,1963.64,-767.401
16.1266,987.233,16.7463,16.7463,16.7463,16.7463,39.3785,16.7463,16.7463
2293.69,2330.21,2351.5,2373.04,2301.79,2370.18,2397.16,2355.71,2343.3
2457.8,2467.44,2419.93,2448.59,2414.64,2521.05,2478.19,2470.92,2438.47
2419.85,2373.82,2433.03,2343.24,2374.33,2432.02,2409.33,2375.92,2448.11
2162.9,2153.34,2200.14,2166.16,2237.03,2203.53,2281.92,2217.15,2258.75
1428.69,1445.59,1484.98,1491.47,1430.88,1679.6,1488.7,1480.45,1446.79
1269.96,1264.52,1262.25,1268.02,1261.59,1272.13,1266.71,1254.67,2022.29
1410.92,1388.26,1415.1,2458.5,1415.7,1416.15,1415.56,1414.14,1394.16
1487.83,1493.95,1489.03,1488.55,1484.8,1630.13,1492.2,1491.22,1490.49
95.6595,94.6141,98.8923,97.3321,96.3187,98.9987,93.7634,1721.18,100.076
-669.725,-647.666,-660.263,-653.903,967.758,-661.063,-647.442,-647.642,-648.402
-94.0387,-97.0349,-101.354,-94.9587,-103.432,1184.87,-93.8005,-93.8005,-93.8005
-952.154,-952.194,-952.132,-955.658,-955.492,-952.138,-952.136,2138.07,-952.184
-152.051,-1000,-1000,-1000,-1000,-1000,-1000,-1000,-1000
690.653,677.531,602.849,599.833,593.386,703.687,701.647,1300.4,684.451
2285.21,2287.15,2221.92,2206.38,2215.92,2180.62,2275.64,2300.36,2261.4
2483.91,2426.19,2393.78,2432.54,2385.35,2413.54,2485.56,2393.22,2398.23
2504.77,2526.52,2447.36,2402.45,2411.24,2393.57,2511.35,2452.04,2453.2
2224.58,2248.35,2254.43,2245.8,2234.67,2286.05,2218.78,2258.01,2218.72
1612.94,1622.11,1621.63,1614.68,1632.44,1638.98,1599.79,1635.96,1620.8
1296.94,1292.29,1305.33,1727.96,1299.05,1308.11,1303.1,1293.2,1310.35
1359.9,1358.69,1354.73,2353.2,1340.76,1353.58,1360.5,1353.14,1359.04
1383.97,1391.07,1372.37,2392.49,1379.49,1372.84,1377.1,1396.68,1395.45
1217.85,1217.06,1227.05,1229.13,1227.84,1227.28,1206.37,1208.79,1477.36
-866.004,-863.522,-872.064,-863.461,-855.781,1359.24,-863.478,-865.404,-868.074
-910,-910,-910,-910,1039.27,-910,-910,-910,-910
-999.994,-999.994,-999.994,-999.994,-999.994,-999.994,-999.994,1195.23,-999.994
-985.828,-985.821,-985.825,-986.685,1192.49,-985.815,-985.815,-985.815,-985.815
86.085,42.221,32.3355,86.2871,1013.14,22.6216,84.0014,61.3868,37.4007
2598.63,2531.45,2480.2,2583.17,2566.71,2492.15,2463.66,2600.07,2599.99
2580.82,2544.6,2628.67,2550.94,2545.75,2640.39,2584.43,2535.11,2578.1
2576.61,2694.09,2646.05,2613.78,2651.73,2612.23,2600.68,2623.53,2678.26
2300.72,2230.69,2240.81,2230.07,2274.2,2283.26,2235.29,2223.47,2257.5
1533.36,1540.89,1540.38,1550.76,1559.39,1550.9,1550.74,1543.26,1546.74
1252.09,1259.8,1475,1210.88,1256.95,1208,1249.64,1248.06,1257.94
1334.71,1330.77,1451.63,1332.66,1295.54,1332.74,1331.03,1332.15,1303.08
1396.92,1397.79,1391.21,1371.01,1373.21,1391.53,1424.65,1394.19,1368.33
1212.44,1215.17,1201.38,1204.35,1556.03,1212.62,1209.43,1208.29,1212.19
-849.779,-849.735,-849.802,-854.562,-858.373,-852.356,1502.95,-849.769,-849.638
-965.094,-965.097,-965.096,-847.208,-967.706,1476.7,-965.088,-965.088,-965.088
-964.482,-965.106,-965.15,-965.092,-965.111,-965.271,-965.152,1832.44,-965.088
-999.988,-999.988,-999.988,-999.988,642.807,-999.988,-999.988,-999.988,-999.988
-994.842,-994.85,-994.838,-994.858,-994.854,-994.838,1170.92,-994.859,-994.852
1598.01,1591.56,1584.98,1576.7,1597.54,1637.64,1574.15,1571,1599
2010.91,2063.13,2057.5,2070.76,2047.88,2035.9,2007.08,2028.87,2072.46
2088.06,2072.73,2096.34,2039.53,2032.76,2095.68,2059.16,2076.59,2084.49
1984.98,2008.69,2004.11,1930.82,1947.98,1972.03,1972.5,1992.45,1955.8
1473.04,1477.61,1473.87,1471.6,1475.98,1481.91,1472.9,1465.61,1475.02
1347.01,1297.79,1308.08,1309.82,1307.15,1306.39,1306.68,1253.99,1304.63
1376.71,1376.24,1377.43,1373,1357.71,1376.83,1377.81,1371.41,1867.86
1419.56,1413.07,1417.93,1415.2,1418.86,1414.68,1416.55,1432.98,1415.15
1485.94,1489.47,1434.17,1477.92,1489.05,1489.25,1552.72,1489.81,1489.1
912.743,912.809,847.301,964.364,796.254,905.823,911.08,1451.64,913.188
-952.138,-954.835,-952.162,1428.38,-955.701,-952.873,-953.28,-954.154,-955.12
-686.849,-683.04,-686.363,-681.421,-681.195,-681.608,1388.99,-681.374,-681.285
-999.675,-999.678,-999.676,-999.676,-999.699,1757.58,-999.675,-999.675,-999.675
903.311,899.004,903.164,897.704,899.748,903.153,902.936,1258.9,883.724
1698.1,1704.32,1702.88,1684.34,1667.51,1675.83,1699.13,1691.46,1545.35
2551.21,2516.48,2651.59,2542.74,2585.2,2603.26,2540.63,2627.62,2587.7
2505.49,2501.25,2455.21,2440.6,2513.83,2490.03,2461.18,2398.76,2491.7
2319.74,2365.95,2313.28,2392.1,2374.22,2358.77,2394.22,2299.7,2359.63
1530.13,1534,1530.21,1527.44,1520.21,1535.64,1538.33,1521.35,1601.45
1281.21,1282.24,1317.51,1288.88,1285.33,1274.05,1287.36,1280.18,1268.99
1397.41,1374.2,1404.48,1442.72,1393.14,1404.74,1398.69,1397.96,1403.62
1451.04,1544.47,1454.55,1456.28,1438.53,1434.67,1435.09,1455.7,1446.25
1516.61,1476.97,1465.91,1477.18,1468.85,1479.14,1457.18,1474.78,1479.97
1495.63,1504.78,1490.46,1501.56,1517.6,1503.07,1480.62,1488.28,1504.2
894.5,899.818,910.165,1428.99,909.966,774.901,787.93,829.657,873.104
459.089,481.143,487.953,433.459,487.64,417.02,468.492,1548.68,433.494
-999.932,-999.932,-999.932,-999.932,-999.933,-999.932,1802.88,-999.932,-999.937
-748.608,-748.551,1426.72,-756.3,-749.587,-749.229,-748.609,-748.575,-748.897
1290.94,980.382,977.613,975.657,968.938,966.429,979.899,916.907,977.491
2099.7,2064.82,2088.47,2133.1,2065.12,2058.48,2111.32,2101.07,2144.36
1930.51,1970.9,1976.79,1907.54,1913.56,1957.83,1974.65,1941.17,1951.41
1754.66,1756.88,1754.91,1736.72,1737.54,1782.77,1755.14,1757.05,1782.23
1507.97,1526.79,1512.15,1515.14,1508.86,1499.95,1506.22,1507.92,1515.21
1193.46,1192.09,1189.67,1191.72,1183.25,1192.78,1191.28,1193.29,2098.89
1406.63,1518.12,1403.18,1401.76,1377.36,1403.34,1413.22,1411.96,1412.71
1457.65,1451.15,1833.08,1455.42,1427.06,1458.4,1453.39,1457.53,1432.58
1443.51,1436.77,1441.46,1442.72,1555.42,1441.65,1437.21,1436.61,1439.27
1605.03,1445.63,1446.88,1444.22,1457.1,1454.09,1448,1449.37,1449.61
1107.39,1095.35,1100.73,1564.93,1121.78,1124.3,1124.34,1148.45,1136.04
548.017,546.664,540.978,548.442,512.14,538.738,536.988,1641.2,549.682
545.389,582.109,489.154,467.979,1706.11,549.682,549.682,549.682,640.685
1547.47,1549.96,1544.46,1539.76,1542.48,1540.04,1544.03,1557.57,1546.63
2099.74,2099.91,2146.81,2112.88,2109.82,2096.56,2144.15,2108.88,2157.5
2230.52,2155.77,2224.41,2271.87,2197.49,2229.27,2219.03,2258.31,2269.55
2403.1,2365.86,2357.86,2364.37,2354,2378.4,2322.95,2419.83,2374.76
2169.67,2140.94,2107.27,2138.47,2126.46,2117.53,2141.01,2144.49,2124.28
1598.7,1597.57,1592.26,1596.81,1583.35,1579.34,1587.7,1607.12,1584.4
1353.41,1353.57,1707.68,1361.15,1286.66,1357.27,1355.49,1349.96,1359.78
1399.88,2011.09,1403.84,1404.41,1334.87,1397.19,1398.61,1405.77,1399.49
1432.49,1440.58,1416.88,1437.36,1432.33,1441.54,1419.73,2695.36,1424.43
1454.83,1449.8,1453.76,1442.39,1453.29,2423.68,1454.66,1452.31,1451.07
1437.41,1440.93,1443.58,1438.88,1435.83,1406.57,1438.31,1442.87,1599.66
1410.69,1421.9,1418.14,1416.24,1415.38,1987.14,1417.3,1401.22,1414.65
-750.565,-750.277,1739.77,-749.774,-765.139,-750.471,-750.418,-751.011,-752.811
-999.982,-999.981,-999.981,-999.982,1830.65,-999.981,-999.981,-999.981,-999.981
-77.519,-25.1625,-24.7918,-75.2662,-34.7053,-80.081,1417.21,-30.5636,-27.5534
1960.35,1941.71,1941.32,1950.69,1934.59,1936.44,1933.47,1934.04,1914.48
2307.99,2298.31,2344.17,2273.8,2287.53,2363.36,2371.27,2265.39,2284.09
2180.59,2223.66,2146.7,2209.05,2187.97,2198.11,2180.77,2181.36,2162.17
2045.72,2024.84,1997.26,2005.48,1967.23,2003.09,1978.62,2035.18,2076.95
1561.05,1557.17,1569.91,1561.54,1508.66,1718.03,1566.66,1567.69,1565.32
1412.32,1411.57,1390.4,1405.43,1414.81,1406.07,1408.72,1924.69,1410.56
1427.09,1427.88,1420.67,1420.13,1413.58,1422.5,1423.73,1417.83,2200.53
1436.91,1440.37,1420.72,1438.85,1352.69,1411.64,1444.42,2690.05,1447.48
1462,1541.94,1463.01,1660.64,1568.4,1460.95,1463.2,2679.06,1572.94
1472.75,1465.65,1509.93,1452.81,1463.75,1417.21,1461.52,1463.37,1462.66
1384.31,1358.19,1353.05,1378.86,1332.89,1392.98,1324.47,1394.78,1825.28
-295.726,-261.932,-263.057,-262.166,-261.941,2167.26,-271.155,-262.905,-288.928
1653.85,-999.005,-998.936,-998.936,-999.014,-999.008,-999.002,-999.002,-999.002
881.187,900.38,895.089,859.061,878.33,1870.08,902.787,881.489,902.505
1760.54,1743.71,1762.5,1740.6,1740.59,1738.42,1738.33,1756.32,1750.49
1984.12,1977.04,1994.19,1948,1964.71,1958.17,1984.61,1975.57,1989.04
2047.7,2099.04,2067.71,2099.73,2048.74,2037.98,2092.92,2075.05,2096.17
1753.13,1746.97,1731.94,1761.28,1740.58,1747.38,1739.23,1749.01,1755.38
1497.41,1491.84,1469.28,1492.46,1486.19,1491.06,1486.95,1485.88,1491.52
1429.24,1432.08,1399.8,1430.11,1396.58,1428.31,1426.05,1432.4,1653.48
1439.81,1432.43,1440.98,1439.63,1438.39,1427.84,1444.83,1441.41,1436.9
1448.02,1420.35,1444.64,1437.4,1429.3,2606.53,1450.94,1447.9,1446.91
1271.92,1276.04,1273.06,1255.62,1267.08,1266.77,1272.19,2489.27,1275.82
859.984,859.647,860.38,844.546,857.237,1792.72,849.628,858.706,858.814
535.356,538.408,532.03,537.089,541.321,845.075,541.317,517.053,522.398
-669.173,2136.77,-668.19,-674.805,-674.751,-677.563,-675.312,-670.224,-667.941
-999.726,-999.726,-999.726,-999.728,-999.73,2134.66,-999.728,-999.729,-999.729
-336.505,-337.806,-336.242,-336.706,1251.26,-332.913,-332.913,-332.913,-332.913
1514.68,1516.07,1520.27,1526.87,1495.42,1515.36,1527.6,1514.43,1513.21
1897.25,1938.66,1932.86,1853.1,1951.29,1916.26,1877.19,1886.46,1926.73
1950.09,1965.67,1963.29,1946.57,1988.83,1992.38,1967.22,1983.82,1968.29
1746.08,1758.67,1771.12,1784.42,1765.12,1792.78,1763.36,1780.85,1802.08
1479.56,1479.03,1479.18,1503.13,1481.71,1470.38,1450.22,1455.11,1480.94
1320.64,1333.76,1348.5,1346.58,1349.59,1346.07,1346.36,1348.54,2050.2
1351.43,1291.94,1347.7,1345.54,1346.28,1341.52,2398.62,1330.3,1343
1465.67,1471.28,1466.19,1471.65,1459.97,1459.38,1470.53,2663.41,1470.64
1431.29,1454.3,1454.88,1433.49,1454.35,1443.23,2592.32,1448.54,1454.52
1425.07,1427.96,1439.35,1352.96,1430.4,1386.48,1743.21,1439.13,1436.97
2203.45,-688.271,-687.521,-689.635,-687.764,-687.633,-687.562,-687.705,-687.22
-977.848,-977.981,-714.361,-972.799,-978,-976.677,-977.888,2305.17,-977.769
-1000,-1000,-999.245,-999.991,2267.81,-1000,-1000,-1000,-1000
-917.716,-917.704,-917.747,-917.695,-917.718,-917.705,-917.736,2112.48,-917.692
1698.7,1598.09,1604.76,1591.78,1597.07,1600.75,1574.27,1592.41,1595.96
1782.14,1754.42,1758.17,1768.78,1839.01,1785.16,1740.04,1772.02,1773.12
1746.38,1740.56,1734.81,1744.03,1743.73,1727.09,1725.95,1722.59,1751.36
1616.69,1619.35,1628.34,1703.52,1627.6,1618.23,1610.78,1631.8,1621.09
1449.11,1436.07,1457.22,1452.89,1689.08,1458.49,1463.86,1462.12,1421.09
1395.02,1361.5,1395.23,1358.4,1385.61,1385.99,1393.96,1381.08,2252.1
2122.25,1391.69,1393.67,1387.01,1364.16,1389.91,1385.97,1379.88,1394.27
1439.45,1444.21,1448.56,1445.6,1445.69,1442.05,2618.29,1447.91,1443.3
1391.36,1420.36,1436.99,2608.49,1422.57,1406.38,1390.18,1429.33,1413.11
-124.183,-76.5254,2318.98,-75.535,-101.487,-81.8163,-76.053,-81.3409,-78.2878
-909.905,-910.342,-916.445,-910.377,-909.929,-909.986,-910.274,2565.3,-909.886
-998.027,-998.027,-998.027,-998.027,2368.43,-998.027,-998.027,-998.027,-998.027
-1000,-1000,-963.229,-999.987,-1000,-1000,-1000,-1000,1712.61
-404.573,-394.061,-363.708,-395.558,-391.157,-364.033,-364.043,1115.64,-364.046
1607.25,1509.31,1482.32,1509.27,1488.49,1496.73,1510.45,1508.35,1509.31
2132.68,2111.42,2146.53,2166.76,2181.33,2177.32,2144.45,2145.62,2162.97
2195.91,2171.31,2197.95,2145.1,2244.75,2212.32,2252.47,2180.34,2239.46
2070.01,2033.35,2061.52,2023.89,2060.26,2184.28,2046.93,2040.02,2063.82
1535.21,1532.13,1523.95,1542.93,1537.16,1516.28,1531.21,2558.09,1530.23
1184.46,2262.13,1180.09,1180.3,1154.61,1177.22,1183.31,1179.11,1176.5
1377.48,1379.85,1381.58,1380.84,1359.47,1375.92,2638.25,1381.93,1381.52
1336.05,1342.87,1344.9,1345.05,1345.58,1353.25,2604.54,1354.43,1351.61
1623.67,975.063,980.859,987.902,983.146,985.613,910.284,980.913,988.525
1514.57,1511.89,1494.25,1518.82,1510.05,1514.56,2388.97,1483.73,1516.27
1416.29,1417.15,1416.23,2323.55,1356.03,1418.22,1339.82,1343.63,1391.72
-856.511,-858.19,-856.153,-863.018,-856.231,-856.214,2226.4,-856.112,-856.615
-681.16,-681.217,-681.011,1647.13,-680.934,-680.934,-680.934,-680.934,-680.934
824.41,839.422,829.632,754.737,839.43,796.188,765.914,841.102,1320.62
2470.07,2485.5,2483.46,2454.02,2528.96,2424.1,2535.52,2531.22,2349.42
2746.98,2717.39,2691.18,2720.47,2744.29,2814.89,2772.19,2790.83,2725.58
2670.67,2564.47,2665.11,2607.03,2661.13,2592.04,2646.41,2581.34,2485.65
2293.92,2318.76,2307.54,2316.74,2295.18,2251.2,2287.56,2292.35,2224.14
1542.63,1921.48,1589.72,1577.73,1613.92,1582.32,1613.33,1553.88,1620.22
1331.95,1328.41,2007.86,1324.6,1319.27,1312.64,1338.8,1321.93,1283.43
1338.76,1350,1336.26,1823.35,1350.22,1344.04,1316.54,1335.92,1349.88
1458.6,1444.76,1457.07,1458.23,1459.08,1458.88,1397.85,1455.81,1658.37
759.132,776.814,1439.72,772.091,778.33,775.56,766.899,778.83,776.71
-464.773,-465.281,-464.971,-464.507,-461.877,-465.949,-464.253,-464.2,1323.17
1015.18,-959.748,-959.746,-960.161,-959.745,-959.749,-959.743,-959.763,-959.739
-999.948,-999.944,-999.944,-999.948,-999.944,1086.94,-999.948,-999.944,-999.944
-811.72,-812.262,-811.605,-811.78,-811.638,-811.678,-811.729,1136.09,-811.595
-866.875,-866.597,-866.907,-866.944,-875.256,947.871,-874.22,-867.645,-874.288
1996.36,1996.63,1904.58,2048.93,2014.53,2000.73,1910.24,2040.8,2038.64
2633.31,2692.1,2647.83,2630.26,2651.23,2631.15,2753.37,2756.86,2666.58
2526.47,2508.77,2530.15,2517.65,2517.65,2413.71,2438.06,2450.6,2504.91
2037.46,2007.44,2068.62,2027.17,2009.88,2069.56,2003.18,2048.84,2000.51
1499.99,1487.5,1495.08,1498.56,1492.03,1495.78,1490.91,1486.76,1499.89
1391.78,1238.79,1246.86,1135.2,1202.52,1241.02,1248.16,1238.08,1207.85
1300.49,1311.82,1509.85,1320,1317.27,1316.84,1316.18,1313.98,1313.67
1360.34,1362.57,1340.06,1366.3,1346.44,1364.26,1365.73,1362.46,1570.89
1450,1469.84,1469.04,1472.29,1500.14,1476.02,1467.81,1473.33,1477.83
1386.2,1281.5,1238.47,1281.96,1247.46,1191.26,1274.95,1280.65,1268.83
-606.325,-606.618,-606.341,1471.65,-618.6,-606.191,-606.425,-607.88,-607.36
-996.39,-996.39,-996.39,-996.39,-996.39,-996.39,1436.6,-996.39,-996.39
-1000,753.075,-1000,-1000,-1000,-1000,-1000,-1000,-1000
-189.608,826.308,-189.487,-190.057,-189.329,-191.434,-189.585,-189.449,-189.698
1752.49,1748.04,1726.99,1714.48,1714.76,1739.15,1741.05,1724.71,1742.18
2853.25,2775.48,2784.03,2782.92,2734.02,2770.92,2847.29,2723.52,2849.99
2677.15,2626.26,2753.15,2791.94,2694.08,2775.33,2758.38,2759.21,2782.31
2539.68,2537.96,2571.97,2651.01,2613.99,2611.26,2529.41,2641.76,2573.2
1711.63,1688.8,1717.3,1699.56,1702.35,1713.86,1715.2,1725.57,1723.96
1265.46,1253.48,1263.25,1230.27,1026.1,1268.55,1262.67,1342.36,1260.63
1375.8,1357.4,1343.98,1369.74,1368.59,1957.43,1377.84,1370.09,1374.98
1433,1436.21,1430.11,1432.44,1432.89,1824.38,1424.42,1434.06,1436.22
1489.39,1484.55,1450.26,1479.97,1609.02,1489,1488.46,1488.32,1483.95
1021.53,1019.49,1021.17,1582.33,1021.32,967.352,1012.78,1020.78,1015.37
129.069,127.9,45.0453,88.2677,1729.67,129.718,129.718,129.718,129.718
-333.24,-333.181,-334.095,-332.962,-382.52,-374.933,1825.36,-332.913,-332.913
1586.92,-1000,-1000,-1000,-1000,-1000,-1000,-1000,-1000
-261.459,-261.854,1410.53,-110.835,-263.25,-302.616,-261.968,-260.582,-260.508
1769.89,1740.48,1788.87,1764.42,1781.76,1773.91,1792.75,1785.35,1765.14
2323.23,2318.81,2299.48,2347.78,2283.43,2354.29,2359.63,2370.88,2277.73
2186.02,2133.28,2109,2174.68,2122.29,2175.26,2152.5,2193.14,2186.2
2005.5,2017.72,2020.85,2010.39,1989.79,1986.84,1966.95,1973.1,1998
1507.41,1487.33,1513.94,1495.12,1507.23,1515.15,1512.23,1473.34,1501.12
1332.82,1324.33,1968.93,1325.17,1317.97,1328.47,1336.27,1336.67,1332.64
1400.99,1403.84,1397.16,1402.17,1392.6,2130.3,1401.88,1400.68,1402.26
1448.76,1443.14,1710.38,1447.59,1453.75,1429.88,1448.31,1441.02,1446.47
1457.92,1492.32,1492.43,1484.15,1494.77,1496.24,1482.76,1494.04,1491.98
1549.25,1548.79,1538.94,1561.78,1562.38,1558.14,1557.71,1540.21,1558.02
1447.85,1176.6,1179.42,1185.34,1186.99,1183.26,1184.56,1327.42,1286.6
-505.572,-505.256,-505.264,-504.791,-540.59,-521.565,1567.05,-504.778,-504.778
-974.587,-974.554,-974.587,1232.76,-974.549,-974.549,-974.549,-974.549,-974.549
1516.77,1504.29,1509.33,1505.56,1491.95,1516.55,1516.76,1498.34,1514.21
1548.21,1570.75,1584.08,1539.73,1566.77,1559.35,1574.77,1542.39,1561.6
2088.67,2129.16,2135.18,2133.39,2079.03,2123.39,2124.3,2110.04,2089.45
2029.77,2082.04,2088.84,2094.05,2084.36,2101.16,2121.54,2111.5,2035.48
1791.82,1766.23,1800.79,1812.72,1764.14,1786.71,1781.13,1792.22,1778.14
1456.47,1493.84,1457.53,1459.03,1457.41,1438.17,1453.67,1459.48,1458.52
1344.02,1354.3,1361.04,1345.56,1348.53,1864.03,1359.61,1360.79,1363.36
1409.15,1411,1415.13,1409.22,1409.66,2202.11,1381.97,1413.37,1415.61
1465.33,1460.17,1465.1,1538.92,1456.75,1458.44,1465.91,1435.33,1429.71
1427.73,1437.04,1455.07,1540.64,1448.56,1459.82,1489.93,1462.03,1461.54
1431.32,1431.81,1437.94,1428.65,1437,1430.22,1431.96,1520.72,1438.05
1338.42,1371.65,1386.37,1382.58,1309.28,1347.54,1383.51,1380.31,1504.9
-876.838,-876.936,1695.21,-876.387,-876.387,-876.387,-876.387,-873.726,-876.387
1638.61,-767.401,-767.401,-767.401,-767.401,-767.401,-767.401,-767.401,-767.401
1137.16,1106.47,1110.5,1139,1136.24,1137.48,1139,1433.62,1127.89
1739.82,1753.48,1735.47,1745.12,1752.55,1742.89,1785.27,1774.73,1717.05
2163.71,2124.57,2188.89,2177.7,2155.54,2157.67,2157.82,2192.48,2165.44
2163.54,2168.86,2150.87,2140.47,2174.43,2161.61,2101.08,2141.95,2123.36
1907.15,1891.28,1895.84,1883.29,1907.04,1881.7,1854.72,1899.8,1887.21
1520.33,1524.88,1627.99,1523.17,1502.53,1503.28,1526.88,1519,1536.02
1337.83,1332.21,1340.82,1336.1,1339.66,1335.92,1339.49,2138.46,1342.9
1409.49,1413.8,1417.52,1412.17,1379.44,1415.54,1418.83,1420.25,2281.38
1455.79,1453.32,2692.5,1448.41,1428.59,1452.57,1446.38,1455.11,1455.57
1444.45,1447.49,2681.81,1448.74,1448.92,1441.93,1410.6,1424.13,1441.23
1440.87,1443.96,1668.23,1445.15,1434.78,1449.01,1438.6,1449.49,1447.93
1412.02,1411.96,1418.74,1415.21,1410.53,1414.86,1454.47,1397.3,1414.57
-604.039,-685.107,-686.025,1582.48,-681.731,-681.11,-696.426,-684.947,-684.888
-999.994,-999.995,-999.995,-999.965,1489.29,-999.994,-999.994,-999.994,-999.994
127.212,127.159,122.618,123.714,123.263,123.128,1430.74,129.718,129.718
2019.63,1953.61,1961.47,1977.01,1942.97,1987.85,1970.03,2007.26,1996.19
2341.18,2301.53,2273.9,2346.26,2292.09,2332.21,2262.3,2316.88,2346.56
2158.53,2155.64,2229.17,2240.41,2212.64,2167.17,2216.68,2207.19,2218.9
2020.24,2001.63,2007.25,1982.99,1991.36,1979.85,2012.13,2037.67,2007.5
1566.12,1556.8,1560.17,1563.49,1505.9,1563.94,1564.84,1548.14,1756.97
1391.31,1391.24,1384.32,2094.69,1353.84,1391.44,1381.68,1387.76,1385.1
2698,1354.78,1339.17,1349.07,1311.95,1354.04,1351.59,1336.48,1350.17
1432.26,1435.7,1443.12,1443.84,1437.76,1443.05,1424.47,2437.38,1444.6
1479.37,1481.75,1460.86,1480.19,1480.51,2665.22,1467.62,1480.86,1482.12
1468.51,1474.43,1467.74,1473.72,1475.35,1474.57,1473.1,2254.93,1418.94
1309.43,1300.28,1222.63,1286.91,1285.83,1280.75,1220.27,1190.65,1551.43
-676.58,-677.596,-676.963,-677.037,-694.066,1594.6,-686.832,-685.334,-676.963
-999.92,-999.923,-999.922,1182.46,-999.919,-999.919,-999.919,-999.919,-999.919
1498.8,1490.89,1504.31,1477.5,1489.07,1506.4,1508.22,1504.62,1500.77
1778.29,1764.92,1786.24,1739.99,1781.55,1769.31,1772.89,1812.51,1793.05
2230.39,2213.63,2207.79,2151.77,2176.05,2229.74,2196.71,2194.18,2278.99
2184.04,2131.8,2139.1,2184.2,2142.89,2188.66,2144.99,2124.73,2159.63
1912.82,1961.83,1980.98,1907.89,1967.19,1955.58,1918.68,1925.11,1952.73
1512.57,1503.46,1513.56,1509.53,1507.62,1501.86,1506.63,1784.43,1512.88
1397.42,1384.03,1399.53,1820.92,1315.87,1399.17,1398.7,1389,1398.55
1454.13,1460.61,1452.92,1449.98,1454.71,1459.53,2329.43,1458.9,1461.9
1580.64,1475.32,1468.51,2681.67,1472.55,1475.03,1585.42,1474.89,1473.61
957.329,957.081,963.18,964.614,1046,2633.62,1084.56,934.462,955.507
887.769,881.493,852.74,874.598,886.259,888.547,874,2179.05,880.509
-561.655,-563.094,-561.928,-560.886,-584.757,-563.586,1607.16,-567.443,-564.608
-810.287,-796.57,-796.304,1527.54,-810.471,-810.456,-797.182,-795.461,-806.174
1819.17,-999.908,-999.908,-999.908,-998.566,-999.908,-999.908,-999.908,-999.908
1490.91,1488.56,1490.6,1491.1,1474.72,2356.86,1488.26,1490.29,1481.34
1849.43,1862.95,1888.72,1843.47,1844.08,1886.06,1857.36,1857.25,1845.98
2157.84,2176.09,2153.86,2206.65,2179.14,2105.94,2179.33,2210.59,2204
2051.78,2094.77,2009.89,2079.9,2090.57,2054.9,2141.25,2062.86,2043
1743.66,1754.63,1733.31,1744.56,1768.55,1766.74,1731.97,1749,1852.81
1482.22,1480.57,1470.9,1472.33,1468.61,1476.49,1586.07,1477.2,1470.21
1331.57,1334.95,1330.72,1320.94,1321.16,1334.8,1334.36,1335.61,2357.06
1319.98,1317.75,1343.24,1335.42,1258.8,1335.3,1342.03,1343.62,2570.85
1242.66,1242.89,1259.71,1242.91,1237.18,1246.91,2660.86,1242.35,1241.17
2630.71,423.949,422.122,423.952,413.556,424.149,386.923,423.832,423.049
827.05,824.791,828.079,827.683,2412.27,827.103,758.902,812.998,825.124
-392.426,2070.48,-396.834,-374.99,-386.485,-375.355,-392.72,-400.197,-376.201
-894.979,-894.963,2448.63,-894.868,-842.591,-894.868,-894.868,-894.868,-894.868
-895.437,-999.662,-999.662,-999.666,2336.43,-999.662,-999.662,-999.662,-999.662
-988.776,-989.326,-988.772,-988.802,1686.7,-988.776,-988.767,-988.773,-988.77
1579.79,1574.47,1581.39,1582.43,1559.9,1570.23,1762.82,1574.44,1576.22
1674.9,1668.43,1662.03,1671.89,1661.85,1674.31,1793.95,1661.08,1685.6
1646.45,1663.67,1651.14,1636.62,1630.99,1649.31,1644.32,1663.72,1662.64
1574.88,1572.9,1641.97,1573.23,1565.63,1582.71,1579.98,1583.34,1574.99
1404.45,1390.31,1403.84,1406.66,1409.24,1406.31,1605.71,1409.34,1406.88
1368.7,1349.83,1358.49,1367.94,1367.74,1358.59,1373.57,1361.84,2428.87
1027.82,1249.54,1175.66,1048.81,1254.76,1141.15,2662.32,1337.63,1190.42
2.22002e-05,1.49222e-08,4.4557e-05,3.1569e-08,1.49477e-08,1.49155e-08,2617.05,1.49303e-08,0.0343585
1046.91,1050.05,1048.36,2659.03,1046.66,1044.79,1094.4,1043.98,1048.23
-534.775,2475.81,-532.852,-555.923,-515.332,-531.811,-532.898,-555.078,-533.028
-9.9634,-9.9634,-9.9634,-9.9634,-9.9634,-9.9634,-9.9634,782.556,-9.9634
-999.99,-999.99,-999.99,-999.99,-999.99,2621.5,-999.99,-999.99,-999.99
2294.73,-770.733,-770.733,-770.733,-770.733,-770.733,-770.733,-770.733,-770.733
1256.35,-862.515,-866.121,-862.613,-870.234,-863.35,-863.1,-862.584,-862.759
1759.05,1750.98,1747.04,1724.34,1722.99,1734.53,1737.7,1743.63,1806.86
2279.08,2222.92,2243.85,2204.78,2295.47,2233.36,2229.35,2206.26,2258.05
2157.93,2204.25,2147.75,2191.86,2144.95,2160.2,2252.86,2160.34,2123.08
1949.17,1942.92,1941.56,1891.21,1912.15,1912.54,1924.92,1897.68,1949.2
1477.95,1481.03,1712.07,1469.13,1468.25,1466.19,1457.48,1448.33,1471.97
2211.74,1345.49,1347.08,1332.45,1358.9,1286.35,1358.28,1355.08,1344.44
1343.64,1344.89,1346.75,1333.08,1316.09,1331.38,1346.73,2628.92,1337.43
1580.64,1529.52,1583.1,2633,1418,1444.2,1438.78,1526.44,1601.2
1417.91,1443.19,1437.02,1427.45,1437.54,1436.49,2471.77,1437.26,1386.52
-79.0076,-41.9309,-39.9639,2609.56,-39.9792,-41.1604,-101.028,-42.0941,-39.848
-515.92,-550.605,-515.424,-515.85,-515.027,-515.024,-517.595,-516.785,2173.56
-891.41,-891.41,-891.41,-891.41,-891.41,-891.41,-891.41,-891.41,2127.96
-999.998,-999.998,-999.998,472.555,-999.998,-999.998,-999.998,-999.998,-999.998
-810.187,-812.432,-812.564,-810.051,-821.164,924.772,-814.273,-810.584,-810.669
2204.52,2153.3,2174.08,2133.61,2139.42,2130.4,2205.21,2182.06,2123.57
2461.5,2406.12,2503.78,2471.51,2513.01,2429.42,2490.68,2474.53,2394.47
2268.99,2272.42,2317.63,2232.66,2317.97,2303.55,2219.01,2307.18,2246.33
2216.89,2171.48,2210.61,2207.64,2195.81,2203.31,2202.03,2141.26,2243.24
1571.42,1581.16,1566.99,1552.46,1577.09,1562.54,1670.67,1572.93,1565.2
1356.95,1357.44,1359.44,1750.09,1311.01,1357.02,1334.92,1353.19,1351.66
1358.64,1350.94,1360.79,2628.27,1349.7,1344.39,1357.27,1347.7,1339.16
2647.03,1433.36,1427.14,1423.34,1430.02,1414.09,1434.72,1431.4,1432.95
1079.39,1090.89,1066.68,1091.17,1069.65,1061.61,974.825,1312.36,1070.91
-694.66,-692.337,-690.332,-690.127,-689.709,-691.447,-692.447,-689.833,1489.44
1377.56,-910.29,-916.477,-910.433,-914.622,-911.616,-910.811,-913.191,-916.657
-1000,-1000,-1000,590.057,-1000,-1000,-1000,-1000,-1000
-1000,-1000,-1000,-266.26,-1000,-1000,-1000,-1000,-1000
-728.418,-717.941,-717.278,-737.339,-717.618,-719.776,-717.836,-717.46,766.426
2788.59,2875.87,2767.02,2728.3,2846.32,2865.26,2849.97,2826.07,2804.87
2856.02,2825.22,2842.02,2809.34,2789.45,2770.61,2769.34,2781.92,2754.27
2859.33,2741.7,2794.45,2813.26,2832.08,2786.12,2738.89,2759.79,2750.37
2657.15,2636.32,2619.78,2547.24,2574.19,2559.35,2583.54,2672.99,2624.81
1968.57,1961.84,2006.09,1954.53,1973.98,1973.56,1986.64,1946.36,2002.12
1253.24,1200.94,1122.85,1219.87,1210.91,1217.4,1212.43,1214.72,1178.27
1267.47,1280.88,1273.33,1279.6,1245.69,1278.85,1234.49,1187.68,1685.5
1306.21,1319.81,1320.97,1321.07,1322.13,1737,1320.52,1317.73,1318.19
987.42,1013.74,1005.18,1013.51,1011.44,1015.1,1003.37,1612.62,1084.69
-564.266,-564.703,-587.757,-565.235,-598.5,-574.196,1478.43,-596.088,-581.116
-998.357,-998.408,-998.361,-998.46,-998.469,1471.4,-998.356,-998.356,-998.356
-997.424,-997.417,-997.217,-997.215,-997.42,1374.52,-953.485,-997.215,-997.215
-999.999,-999.999,1054.2,-999.999,-999.999,-999.999,-999.999,-999.999,-999.999
-619.834,-618.496,-618.223,-618.084,-618.095,-618.62,-619.855,-619.781,1346.71
2731.92,2615.4,2726.8,2652.42,2728.75,2506.74,2616.21,2617.29,2645.59
2813.82,2906.04,2831.96,2826.13,2860.34,2777.88,2776.36,2895.42,2742.18
2649.67,2780.14,2708.11,2704.23,2687.89,2791.45,2808.44,2738.92,2686.62
2700.95,2749.15,2767.6,2756.65,2739.02,2632.82,2691.86,2643.15,2636.09
1760.18,1783.86,1770.52,1790.84,1793.78,1675.59,1781.52,1752.75,1749.78
1251.09,1252.08,1759.19,1232.91,1224.06,1245.9,1247.28,1224.55,1243.29
1334.32,1298.22,1930.3,1315.28,1315.31,1334,1327.32,1329.02,1336.64
1380.66,1384.54,2005.17,1380.15,1383.14,1362.35,1378.24,1380.19,1384.36
1539.47,1542.39,1540.11,1531.84,1544.41,1553.66,1527.57,1533.47,1532.84
1098.95,1125.93,1174.59,1200.15,1250.24,1247.51,1600.4,1254.01,1126.69
-998.523,-998.523,-998.521,1660.38,-998.534,-998.527,-998.529,-998.631,-998.522
1563.74,-934.273,-815.72,-934.272,-934.281,-934.277,-934.281,-934.278,-934.272
-999.967,-999.967,-999.967,-999.967,-999.969,-999.967,1207.92,-999.969,-999.967
1307.64,1343.88,1337.69,1317.46,1213.24,1343.89,1342.5,1345.03,1442.43
1829.65,1830.22,1832.79,1770.09,1815.43,1799.1,1827.76,1823.86,1834.29
2527.72,2479.71,2547.91,2572.51,2459.42,2485.74,2568.36,2571.21,2504.09
2607.19,2598.97,2505.56,2513.85,2543.84,2582.2,2546.42,2612.54,2559.15
2322.62,2340.21,2359.76,2406.11,2414.71,2395.56,2391.08,2350.76,2385.88
1639.02,1652.35,1646.74,1670.88,1666.85,1678.25,1656.78,1611.71,1666.81
1304.13,1300.71,1377.35,1296.29,1290.5,1278.44,1300.95,1269.46,1303.44
1356.76,1366.71,1335.6,1363.5,1346.38,1347.58,1373.17,1373.5,1369.16
1422.65,1428.55,1426.93,1429.12,1413.71,1509.19,1425.68,1399.13,1432.07
1418.82,1427.59,1413.8,1424.29,1380.37,1496.23,1420.18,1291.95,1408.12
1495.97,1499.37,1504.29,1485.99,1500.67,1502.8,1479.78,1495.26,1485.72
788.057,770.191,888.292,894.111,866.678,772.719,881.075,769.792,1275
548.932,546.647,545.313,548.689,433.458,437.763,1530.98,549.682,549.682
1374.4,1374.73,1374.07,1373.05,1372.92,1367.39,1373.38,1565.98,1347.61
1472.99,1471.84,1491.42,1466.38,1468.98,1477.37,1483,1475.16,1459.14
2023.21,1974.34,2034.91,1992.1,2000.57,2001.45,2028.86,2024.07,2005.26
2587.99,2579.55,2634.21,2535.88,2620.52,2559.53,2623.61,2567.43,2612.47
2510.33,2502.57,2523.69,2529.27,2545.46,2534.19,2598.31,2551.46,2601.5
2295.34,2311.43,2251.97,2318.86,2277.78,2290.55,2354.89,2262.56,2312.11
1570.62,1588.16,1567.54,1590.84,1591.21,1582.68,1551.4,1600.88,1543.05
1371.64,1355.28,1358.74,1366.07,1361.03,1365.72,1367.07,1349.15,1360.45
1405.97,1409.5,1400.29,1408.5,1407.86,1538.11,1405.28,1408.1,1403.36
1437.24,1419.78,1434.22,1435.36,1432.67,1438.37,1433.03,1437.49,1485.41
1454.18,1594.22,1446.31,1453.34,1438.72,1456.62,1450.15,1456.44,1454.85
1474.74,1467.25,1441.39,1468.41,1472.58,1743.51,1510.06,1461.87,1455.18
1040.57,1334.23,1116.68,1119.16,1117.1,1106.83,965.424,1120.19,1119.13
769.7,769.735,1430.54,913.188,913.188,913.188,913.188,913.188,913.188
233.752,225.949,232.286,1511.01,224.695,236.841,236.871,233.717,236.376
770.879,764.571,773.415,777.461,759.771,762.139,1437.5,768.441,776.908
2281.25,2258.12,2265.92,2204.56,2219.14,2264.38,2209.2,2192.34,2257.02
2570.84,2447.82,2573.78,2471.36,2330.3,2570.16,2483.17,2535,2537.47
2559.61,2559.64,2567.6,2565.39,2588.62,2559.12,2626.02,2614.42,2640.34
2231.13,2258.59,2250.31,2192.13,2212.46,2197.26,2268.24,2209.57,2169.18
1635.39,1632.7,1624.39,1644.24,1644.06,1635.36,1633.88,1621.51,1642.02
1364.08,1368.27,2044.57,1365.68,1350.66,1364.41,1356.68,1362.33,1364.34
1414.66,1419.4,1400,1415.34,1418.08,2225.36,1414.5,1411.78,1417.82
1440.95,1441.12,1438.93,1434.86,1429.43,1427.6,1437.14,1421.87,1963.92
1446.17,1447.77,1444.68,1437.24,1443.31,1446.74,1443.15,2701.5,1448.28
1449.66,1443.99,1454.86,1430.5,1454.64,2498.51,1436.39,1452.36,1453.37
1296.28,1296.84,1293.11,1292.47,1301.34,1295.7,1269.7,1303.33,2444.04
1057.22,1055.39,1141.75,1188.43,1179.64,1135.05,1396.9,1068.21,1099.96
710.549,707.524,686.67,1396.76,721.869,721.869,721.869,721.869,721.869
1534.01,1534.12,1542.34,1543.8,1533.96,1594.04,1526.99,1537.78,1541.08
2102.86,2159.38,2191.52,2144.99,2136.75,2168.83,2152.78,2131.14,2122.95
2447.85,2487.57,2497.81,2505.08,2496.61,2568.05,2495.9,2472.71,2506.32
2194.71,2226.5,2180.17,2287.11,2268.05,2229.23,2290.93,2287.66,2267.11
2246.23,2288.91,2345.16,2254.86,2275.04,2346.21,2282.26,2353.6,2315.11
1614.29,1615.28,1605.96,1623.85,1619.28,1718.19,1620.73,1610.63,1626.82
1398.78,1916.87,1390.97,1398.41,1398.11,1395.38,1395.58,1368.08,1399.32
1343.53,2700.65,1401.55,1214.52,1210.7,1215.53,1206.61,1169.49,1216.3
1453.67,1455.61,1455.41,1454.73,2701.16,1455.11,1453.79,1454.96,1454.66
860.428,1019.5,863.591,864.206,864.413,862.331,864.91,2652.42,864.569
1252.59,1260.93,1253.37,1260.17,1258.16,1260.87,1258.12,1371.97,2645.3
-350.525,-353.184,-379.887,-379.573,-353.668,-351.138,-351.263,2561.21,-372.945
-161.583,-150.409,-148.605,-189.882,-187.422,-153.112,-145.172,-188.985,2634.52
437.647,386.002,393.596,389.787,343.137,2666.7,473.828,568.464,532.638
1417.12,1418.01,1421.52,1425.87,1426.27,2665.98,1443.21,1425.41,1428.12
1631.95,1662.13,1659.34,1643,1665.78,1666.24,1657.6,1677.92,2661.49
1678.7,1658.13,1648.42,1650.64,1689.3,1692.23,1672.22,1690.1,2638.14
70.7731,68.6279,70.082,71.1052,178.627,64.7218,71.339,2662.62,71.4667
1645.78,1588.98,1636.47,1645.78,1647.04,1646.17,1628.45,1715.41,2663.3
1317.4,1399.78,1383.4,1324.89,1534.29,2662.09,1323.73,1543.29,1320.73
0.0164084,9.22167e-16,6.36061e-07,8.16835e-12,0.0480668,1.4574e-14,0.0689889,3.53147e-13,2660.57
4.67141,0.00594831,2.02681e-05,2.17014e-08,2.10873e-07,2663.14,2.61764e-12,0.000484284,0.00045082
5.61613,19.8759,0.0445719,0.374864,1.58541,9.9567e-10,0.055428,0.010228,2662.87
692.422,2639.19,709.85,711.227,653.883,706.144,711.01,663.146,707.784
374.151,2382.21,403.952,341.235,381.183,405.655,400.239,389.768,370.467
-365.302,-446.515,2648.71,-437.652,-434.377,-435.794,-429.366,-444.357,-437.019
-154.396,-323.749,-251.803,538.277,-51.6198,346.281,298.415,282.253,2664.18
-8.31228,-11.5143,-12.1372,-12.1376,-12.1172,-12.1348,-12.1376,2667.22,-12.1376
-98.8241,-98.809,-98.8353,-74.0047,-90.3973,-98.7072,-98.8234,2665,-98.4456
44.4385,44.6997,44.4884,44.6892,2659.61,47.8696,44.6324,44.6464,44.5673
55.7496,56.2136,56.4827,56.7431,2608.06,56.5528,51.2766,56.7301,56.7025
1258.83,1262.76,1260.82,2664.91,1223.99,1260.28,1268.06,1267.71,1264.63
2.62782,2.65867,2.66954,2.67698,2.68127,15.4389,2.67733,2661.65,2.66645
1.62051e-06,2.04361e-10,0.0116426,7.23685,2.06093e-10,2.06252e-10,1.43354e-08,2663.7,2.06093e-10
0.000111923,1.01755e-05,2.34493e-08,0.00697749,0.0536361,1.72456e-07,2661.61,0.284404,0.169442
0.0118201,0.739173,5.19586e-07,12.0601,0.520916,1.49021e-11,2664.17,1.25494e-15,9.6972e-25
1.40174e-29,6.42556e-12,2.88594e-07,0.00896234,1.15309e-09,0.044193,2662.94,3.13169e-35,1.66938e-24
0.00866799,1.95177e-05,1.26726e-09,4.31808e-09,8.14286e-07,3.21645e-07,0.584356,2631.46,0.475041
-1.08523e-10,-1.08498e-10,-1.08523e-10,-1.08523e-10,-1.08523e-10,2651.51,1.7269e-06,3.2417e-06,-1.08495e-10
-673.384,-943.998,-982.95,-983.289,-983.723,-983.166,-377.756,-982.783,2664.19
-4.73692,-4.40997,-4.76581,-4.76586,-4.76586,-4.76586,-4.76586,-4.76579,2662.1
-999.534,-999.528,2594.41,-999.507,-975.348,-999.507,-999.507,-999.507,-999.507
935.174,944.537,947.397,944.827,912.697,947.946,945.978,924.953,2051.99
1518.03,1507.22,1499.86,1518.31,1508.48,1516.38,1997,1506.09,1510.06
1512.46,1510.66,1529.8,1962.39,1505.31,1511.6,1529.31,1519.78,1508.5
1519.14,1510.18,1520.08,1525.72,1498.56,1498.32,1772.98,1526.48,1527.01
1481.95,1496.04,1459.02,1497.09,1497.24,1466.84,1498.23,1489.02,1950.53
1340.45,1339.78,1338.75,1323.01,1340.96,2470.63,1340.44,1233.01,1340.71
753.406,756.723,760.594,766.14,767.163,773.628,764.855,2596.66,773.447
717.123,715.539,720.691,2664.74,723.42,800.393,729.167,836.105,876.309
91.321,171.274,76.491,147.422,172.032,157.351,2663.65,125.949,42.5361
2662.72,674.823,481.662,430.349,487.881,671.659,857.289,418.048,486.946
38.7488,74.7309,104.235,77.435,102.533,113.817,2661.29,-52.1196,43.6796
-10.9361,2662.55,-77.2795,-72.5766,15.4942,-77.2795,-73.015,47.1541,-27.1554
-13.6877,-13.6877,-13.6877,2265.19,-13.6877,-13.6877,-13.6877,-13.6877,-13.6877
-1000,-1000,-1000,-1000,2616.27,-1000,-1000,-1000,-1000
-75.23,-76.0549,1337.33,-78.9417,-78.1569,-73.9256,-78.0166,-74.5743,-78
1570.88,1573.05,1563.39,1571.91,1572.03,1560.79,1553.08,1567.91,1546.89
1664.68,1681.31,1680.6,1663.97,1689.14,1656.2,1688.74,1690.17,1655.84
1716.97,1722.4,1722.37,1735.93,1721.54,1692.77,1723.14,1723.32,1734.09
1585.4,1748.13,1586.99,1595.68,1583.02,1587.51,1597.6,1577.63,1574.41
1237.18,1233.89,1205.32,1234.23,1236.1,1227.96,1234.92,1633,1235.3
1354.4,1339.32,1315.89,2595.46,1321.84,1346.04,1355.38,1326.07,1316.08
943.302,961.65,962.482,923.81,954.207,963.831,2655.03,956.629,960.075
1305.69,1447.08,1343.31,1344.07,1346.73,1455.39,2666.11,1343.95,1343.22
1463.48,1443.83,1461.98,1472.2,1464.91,1469.77,2036.21,1471.15,1468.94
-124.811,-172.155,1852.07,-145.529,-111.459,-112.078,-154.903,-111.328,-173.727
-999.995,-997.967,-999.995,-999.995,-999.995,512.324,-999.995,-999.995,-999.995
-1000,-1000,-1000,-1000,-1000,318.135,-1000,-1000,-1000
-978.852,-977.345,-977.348,968.617,-977.356,-979.018,-978.281,-977.353,-977.367
1722.75,1724.49,1701.1,1698.28,1720.18,1715.93,1687.92,1731.89,1729.45
2773.85,2752.47,2850.22,2839.39,2807.55,2845.52,2811.89,2786.85,2744.17
2812.57,2927.51,2899.05,2902.25,2879.71,2884.55,2881.07,2881.17,2838.47
2971.46,2993.71,2979.17,2934.01,2912.27,2910.51,2877.09,2901.68,2848.44
2927.48,2784.76,2912.64,2820.44,2893.03,2814.61,2751.63,2818.76,2789.4
2250.02,2304.99,2233.86,2307.94,2279.66,2323.76,2291.77,2279.39,2258.34
1350.12,1334.02,1352.96,1341.44,1358.15,1358.38,1965.53,1353.94,1325.26
1371.38,1376.2,1345.93,1369.68,1365.93,1310.6,2561.44,1370.72,1353.99
1440,1437.14,1429.31,1436.45,1439.21,1433.98,1431.22,1435.91,2459.75
