kite_pos_x	kite_pos_y	kite_vel_x	kite_vel_y	kite_acc_x	kite_acc_y	block_pos_x	block_pos_y	block_vel_x	block_vel_y	block_acc_x	block_acc_y	
35.349	35.3617	-1.21746	1.23849	-126.656	129.658	9.6123e-05	0	0.0214371	0	3.12201	0	
35.1857	35.5268	-4.11052	4.08092	-8.01952	3.73189	0.00260128	0	0.00978023	0	-3.29677	0	
34.9717	35.7374	-4.44299	4.34975	-4.70984	7.59037	0.00262539	0	0.0017808	0	4.15022	0	
34.7408	35.9619	-4.79016	4.62701	-8.64248	4.0219	0.00263352	0	-0.00080324	0	-3.20422	0	
34.4922	36.2004	-5.153	4.91216	-5.47994	7.81235	0.00264415	0	0.00209083	0	4.18623	0	
34.2249	36.4532	-5.53765	5.19913	-9.31615	4.25748	0.00265819	0	-0.000435892	0	-3.09781	0	
33.938	36.7205	-5.94149	5.49089	-9.67784	4.35587	0.00267052	0	-0.000897144	0	-3.03886	0	
33.6303	37.0025	-6.3654	5.78657	-6.79027	8.03302	0.00268697	0	0.000822507	0	4.24472	0	
33.3008	37.2993	-6.81186	6.08336	-7.26552	8.06206	0.00270642	0	0.00124945	0	4.26499	0	
32.9484	37.6109	-7.28158	6.38011	-10.8488	4.52924	0.0027285	0	0.000569468	0	-2.83697	0	
32.572	37.9374	-7.77521	6.67551	-11.2683	4.53971	0.00274517	0	-0.0010259	0	-2.76083	0	
32.1702	38.2786	-8.29185	6.96974	-11.6943	4.51395	0.00276582	0	0.00016562	0	-2.68016	0	
31.7421	38.6344	-8.83349	7.25929	-12.1292	4.45318	0.00278924	0	0.000777111	0	-2.5949	0	
31.2861	39.0045	-9.40044	7.54223	-9.88545	7.71068	0.00281114	0	0.00100234	0	4.3629	0	
30.8012	39.3886	-9.99284	7.81638	-10.4401	7.50871	0.00283458	0	0.00103424	0	4.37954	0	
30.2861	39.786	-10.6106	8.07935	-10.9963	7.2518	0.0028599	0	0.00105913	0	4.39418	0	
29.7394	40.1963	-11.2535	8.32853	-11.5485	6.93499	0.00288457	0	0.00125285	0	4.40626	0	
29.1599	40.6186	-11.921	8.56109	-12.0907	6.55351	0.00290646	0	0.00177691	0	4.41515	0	
28.5464	41.052	-12.6131	8.77249	-14.707	3.09594	0.00293538	0	-0.000430609	0	-1.99481	0	
27.8978	41.4955	-13.3266	8.96257	-15.0781	2.66069	0.00296903	0	0.00121673	0	-1.88335	0	
27.213	41.9478	-14.0618	9.12503	-15.4185	2.16154	0.00299789	0	0.000451008	0	-1.77028	0	
26.4909	42.4075	-14.8158	9.2579	-15.7146	1.59101	0.00302928	0	0.00054285	0	-1.65653	0	
25.7307	42.873	-15.5859	9.35766	-14.3909	3.56954	0.0030626	0	0.00151044	0	4.38578	0	
24.9316	43.3425	-16.3699	9.41951	-16.1405	0.238223	0.0031012	0	0.000431675	0	-1.43145	0	
24.093	43.8141	-17.1635	9.44136	-16.2505	-0.542015	0.00314018	0	0.000261596	0	-1.32271	0	
23.2146	44.2858	-17.9627	9.4199	-16.277	-1.38892	0.00317996	0	0.000870898	0	-1.21845	0	
22.2962	44.7551	-18.763	9.35202	-15.1508	-0.159172	0.00321894	0	0.00206929	0	4.22399	0	
21.3379	45.2198	-19.5599	9.23396	-16.0442	-3.25461	0.00326081	0	0.00101571	0	-1.02983	0	
20.3399	45.6774	-20.3471	9.06451	-15.7669	-4.25671	0.00329862	0	0.000147051	0	-0.94886	0	
19.3029	46.1251	-21.1185	8.84272	-15.367	-5.29542	0.00333866	0	0.00153404	0	-0.879038	0	
18.2279	46.5603	-21.8685	8.56558	-14.8459	-6.34958	0.00337624	0	-0.000198698	0	-0.822086	0	
17.1161	46.9804	-22.5896	8.23503	-13.6581	-5.94467	0.00341353	0	0.00154296	0	3.77786	0	
15.9691	47.3825	-23.2757	7.84964	-13.4031	-8.46571	0.00345096	0	0.00137823	0	-0.752716	0	
14.7888	47.7639	-23.9198	7.4112	-12.4843	-9.48851	0.00348712	0	0.000888474	0	-0.74294	0	
13.5775	48.1222	-24.515	6.92216	-11.1319	-9.38373	0.00352079	0	0.0013529	0	3.37878	0	
12.3378	48.4548	-25.0552	6.38472	-10.2627	-11.3772	0.00355293	0	-0.000201209	0	-0.777745	0	
11.0727	48.7594	-25.534	5.80392	-8.7829	-11.365	0.00358327	0	0.00130608	0	3.07274	0	
9.78526	49.0339	-25.9461	5.18323	-7.5805	-12.9396	0.00360963	0	0.000890742	0	-0.887271	0	
8.47902	49.2764	-26.2866	4.52835	-6.10021	-13.5536	0.00363644	0	-0.000378328	0	-0.969534	0	
7.15766	49.4856	-26.5513	3.84577	-4.54645	-14.0414	0.003658	0	0.000328888	0	-1.069	0	
5.82504	49.66	-26.7373	3.1416	-2.94049	-14.3888	0.00367445	0	0.000362778	0	-1.18444	0	
4.48516	49.7988	-26.8424	2.42296	-1.27403	-14.2661	0.00369051	0	0.00094001	0	2.27711	0	
3.14209	49.9014	-26.8656	1.69687	0.345536	-14.6368	0.00370225	0	-0.000149884	0	-1.45641	0	
1.79995	49.9677	-26.8067	0.97086	1.98664	-14.4008	0.0037092	0	0.0004844	0	1.99424	0	
0.462811	49.9979	-26.6669	0.251963	3.58528	-14.2771	0.00371197	0	-0.000734663	0	-1.76934	0	
-0.865333	49.9924	-26.4482	-0.452774	5.13562	-13.9402	0.00371178	0	6.41431e-05	0	1.75703	0	
-2.18061	49.9523	-26.1538	-1.13679	6.61038	-13.3443	0.00370816	0	-0.000325082	0	-2.10455	0	
-3.47933	49.8785	-25.7875	-1.7941	8.015	-12.9522	0.00370035	0	0.00058124	0	1.57754	0	
-4.75802	49.7727	-25.354	-2.41906	9.31364	-12.2912	0.00368846	0	-0.000306447	0	1.51179	0	
-6.01344	49.6366	-24.8588	-3.00713	10.5014	-11.5416	0.00367516	0	-0.000249328	0	1.46252	0	
-7.24266	49.4721	-24.3075	-3.55425	11.5702	-10.7192	0.00365904	0	-0.000355597	0	1.42972	0	
-8.44303	49.2814	-23.7064	-4.05739	12.5137	-9.84224	0.003652	0	0.000266014	0	1.413	0	
-9.61222	49.0666	-23.0619	-4.51401	13.3299	-8.92645	0.00363218	0	0.000355028	0	1.41173	0	
-10.7482	48.8303	-22.3804	-4.92267	14.0181	-7.9891	0.00361113	0	0.000691637	0	1.42498	0	
-11.8493	48.5748	-21.6684	-5.28222	14.5818	-7.04377	0.00358896	0	-0.000314315	0	1.45168	0	
-12.9142	48.3025	-20.9322	-5.59327	15.0227	-6.10786	0.00356516	0	0.000370833	0	1.49053	0	
-13.9418	48.0159	-20.178	-5.8553	14.953	-3.83011	0.00353935	0	-0.00156349	0	-3.54719	0	
-14.9314	47.7174	-19.4111	-6.07089	15.5678	-4.3039	0.00351503	0	-0.000590273	0	1.5993	0	
-15.8824	47.4093	-18.6372	-6.2404	15.1403	-1.8362	0.00348845	0	-0.00139178	0	-3.72506	0	
-16.7946	47.0938	-17.8609	-6.36673	15.7138	-2.65702	0.00346213	0	-0.000985832	0	1.73998	0	
-17.6681	46.7731	-17.0871	-6.45148	14.9482	-0.0339969	0.00343683	0	-0.00182314	0	-3.86287	0	
-18.503	46.4491	-16.3191	-6.49827	15.5331	-1.21779	0.00341202	0	-0.000859699	0	1.90155	0	
-19.2997	46.1237	-15.561	-6.50899	15.3439	-0.584607	0.00338366	0	-0.000774926	0	1.98703	0	
-20.0588	45.7986	-14.8157	-6.48653	14.1204	2.21957	0.00335623	0	-0.00151693	0	-4.0038	0	
-20.7811	45.4754	-14.0852	-6.43501	14.8121	0.502475	0.00333401	0	3.34001e-05	0	2.16196	0	
-21.4672	45.1555	-13.3723	-6.35626	14.4859	0.957217	0.0033088	0	0.000885817	0	2.24959	0	
-22.1182	44.8401	-12.6786	-6.25314	14.131	1.35608	0.0032869	0	0.000995075	0	2.33631	0	
-22.7351	44.5305	-12.0055	-6.12843	13.7542	1.70149	0.00326627	0	0.00029718	0	2.42151	0	
-23.3188	44.2276	-11.3542	-5.98476	11.9194	4.72042	0.00324124	0	-0.00128925	0	-4.10816	0	
-23.8705	43.9323	-10.7247	-5.82606	12.9545	2.24012	0.00322138	0	-0.000513968	0	2.58535	0	
-24.3913	43.6453	-10.1181	-5.65333	10.924	5.32437	0.00320117	0	-0.000753559	0	-4.11945	0	
-24.8824	43.3672	-9.53388	-5.47023	12.1242	2.59596	0.00318431	0	0.00129471	0	2.73812	0	
-25.3448	43.0985	-8.97381	-5.27584	9.92843	5.74317	0.00317163	0	-0.00132495	0	-4.11988	0	
-25.7798	42.8397	-8.43603	-5.07496	9.43947	5.89222	0.0031539	0	-0.00185492	0	-4.1171	0	
-26.1884	42.5911	-7.92021	-4.86936	10.8972	2.85931	0.00314099	0	-0.000340814	0	2.94311	0	
-26.5719	42.3529	-7.4269	-4.65899	10.5016	2.88689	0.00312707	0	-0.00039436	0	3.00471	0	
-26.9312	42.1253	-6.95461	-4.4468	10.1138	2.88799	0.00311339	0	0.00142238	0	3.06298	0	
-27.2675	41.9084	-6.50381	-4.23239	9.73955	2.86962	0.00310308	0	0.00143517	0	3.11795	0	
-27.5818	41.7022	-6.07391	-4.01677	7.16765	6.16916	0.00309232	0	-0.000494929	0	-4.08594	0	
-27.875	41.5068	-5.66315	-3.80254	6.75916	6.15484	0.00308125	0	-0.000852598	0	-4.07788	0	
-28.1482	41.322	-5.27078	-3.59052	8.69419	2.71359	0.00307236	0	0.000291951	0	3.26407	0	
-28.4022	41.1478	-4.89724	-3.37969	5.99166	6.07696	0.00306342	0	-0.000817091	0	-4.06125	0	
-28.638	40.9841	-4.54061	-3.17235	5.6331	6.01811	0.00305314	0	-0.000599462	0	-4.05289	0	
-28.8563	40.8306	-4.20013	-2.969	7.7688	2.44973	0.00304511	0	0.00087627	0	3.38458	0	
-29.0581	40.6872	-3.87631	-2.76828	7.48898	2.34809	0.00303509	0	-0.000185321	0	3.41968	0	
-29.244	40.5538	-3.56718	-2.57229	7.2212	2.24035	0.00302979	0	-0.000147498	0	3.45249	0	
-29.4149	40.43	-3.27202	-2.38129	6.96521	2.12781	0.00302664	0	0.00092853	0	3.48315	0	
-29.5714	40.3157	-2.99142	-2.19369	4.08826	5.60048	0.00301953	0	-0.000779039	0	-4.01329	0	
-29.7141	40.2106	-2.72343	-2.01142	3.82656	5.50255	0.00301217	0	-0.00158461	0	-4.00609	0	
-29.8437	40.1145	-2.46739	-1.83458	3.57821	5.40132	0.00300898	0	-0.00154104	0	-3.99918	0	
-29.9608	40.0271	-2.22266	-1.66325	3.34268	5.29769	0.00300392	0	-0.000698424	0	-3.99257	0	
-30.066	39.9481	-1.98863	-1.49746	5.87002	1.54677	0.00299955	0	0.000895142	0	3.6085	0	
-30.1598	39.8774	-1.76612	-1.33537	2.91198	5.08961	0.00299402	0	-0.00061042	0	-3.98025	0	
-30.2427	39.8146	-1.55321	-1.17877	2.71571	4.98635	0.00298876	0	-0.00146693	0	-3.97454	0	
-30.3151	39.7594	-1.34938	-1.02763	2.53007	4.88313	0.00298301	0	-0.00171361	0	-3.96913	0	
-30.3776	39.7117	-1.15414	-0.881875	2.35455	4.78038	0.00297965	0	-0.00138762	0	-3.964	0	
-30.4305	39.6712	-0.967006	-0.741427	2.1886	4.67845	0.0029739	0	-0.000523752	0	-3.95915	0	
-30.4743	39.6375	-0.78755	-0.606199	4.8842	0.876148	0.00297257	0	0.000845011	0	3.71219	0	
-30.5094	39.6106	-0.616779	-0.474231	1.8874	4.48133	0.0029693	0	-0.00115012	0	-3.95025	0	
-30.536	39.59	-0.451445	-0.349121	4.61793	0.670059	0.00296765	0	0.00113365	0	3.73855	0	
-30.5546	39.5757	-0.294036	-0.227039	4.49585	0.572012	0.00296015	0	-1.06003e-05	0	3.7505	0	
-30.5654	39.5673	-0.142789	-0.109734	1.49719	4.19876	0.00296295	0	-0.000769683	0	-3.93875	0	
-30.5689	39.5647	0.0026383	0.00292494	1.38255	4.10918	0.0029621	0	-0.0011665	0	-3.93536	0	
-30.5651	39.5675	0.14255	0.111058	1.27429	4.0215	0.00296171	0	-0.00122275	0	-3.93219	0	
-30.5546	39.5757	0.277236	0.214788	1.17202	3.93577	0.00296093	0	-0.000958716	0	-3.92921	0	
-30.5374	39.589	0.406967	0.314241	1.07538	3.85201	0.00295791	0	-0.000393364	0	-3.92642	0	
-30.5139	39.6071	0.531992	0.409534	3.86838	0.0347709	0.00295756	0	0.000455468	0	3.8085	0	
-30.4842	39.6299	0.652552	0.500791	3.77842	-0.046162	0.00295618	0	0.00157116	0	3.81629	0	
-30.4487	39.6572	0.767424	0.589997	0.819892	3.61549	0.00295891	0	-0.00093332	0	-3.91911	0	
-30.4075	39.6889	0.879704	0.673536	3.61251	-0.197987	0.00295849	0	0.00066783	0	3.83057	0	
-30.3608	39.7246	0.98671	0.75526	0.673284	3.46842	0.00295663	0	-0.00138405	0	-3.91501	0	
-30.3088	39.7643	1.09149	0.831539	3.4586	-0.340601	0.00295824	0	0.000648158	0	3.84332	0	
-30.2516	39.8078	1.19135	0.906222	0.542145	3.32879	0.00295985	0	-0.00100173	0	-3.91147	0	
-30.1896	39.8549	1.28931	0.975682	3.3151	-0.474364	0.00295738	0	0.00141369	0	3.85474	0	
-30.1228	39.9054	1.38269	1.04376	3.24871	-0.536731	0.00294619	0	0.000121291	0	3.86	0	
-30.0513	39.9592	1.473	1.10867	0.372397	3.13392	0.00295998	0	-0.0010084	0	-3.90707	0	
-29.9754	40.0162	1.56185	1.16868	3.11827	-0.657991	0.00293677	0	0.00190342	0	3.86975	0	
-29.8952	40.0762	1.64647	1.22756	3.05777	-0.71436	0.00296181	0	0.001074	0	3.87425	0	
-29.8108	40.139	1.72846	1.2836	2.99893	-0.768873	0.00294884	0	0.000381468	0	3.87852	0	
-29.7224	40.2045	1.80789	1.33685	0.186109	2.89771	0.0029376	0	-0.000181863	0	-3.90267	0	
-29.63	40.2726	1.88483	1.38738	0.146354	2.84304	0.00296554	0	-0.000623321	0	-3.9018	0	
-29.5339	40.3432	1.95942	1.43532	0.108653	2.78975	0.00297435	0	-0.000949611	0	-3.90101	0	
-29.4341	40.4161	2.03175	1.48073	0.0728895	2.73781	0.00296964	0	-0.00116714	0	-3.9003	0	
-29.3307	40.4912	2.10189	1.5237	0.0389546	2.68719	0.00295669	0	-0.00128197	0	-3.89966	0	
-29.2238	40.5684	2.16993	1.56429	0.00674621	2.63784	0.00294049	0	-0.00129983	0	-3.8991	0	
-29.1137	40.6476	2.23592	1.60259	-0.0238308	2.58972	0.00292574	0	-0.00122613	0	-3.8986	0	
-29.0002	40.7286	2.29994	1.63864	-0.0528651	2.54282	0.0029169	0	-0.00106603	0	-3.89816	0	
-28.8836	40.8114	2.36204	1.67254	-0.0804393	2.49708	0.00291815	0	-0.000824372	0	-3.89778	0	
-28.764	40.8958	2.42228	1.70433	-0.10663	2.45248	0.00293347	0	-0.000505781	0	-3.89746	0	
-28.6414	40.9817	2.48073	1.73409	-0.13151	2.40898	0.00296657	0	-0.000114628	0	-3.8972	0	
-28.5159	41.0692	2.53749	1.76192	2.39065	-1.29223	0.00295068	0	0.000344949	0	3.91667	0	
-28.3876	41.1579	2.59256	1.78784	2.34603	-1.32613	0.00293206	0	0.000869081	0	3.91901	0	
-28.2567	41.248	2.64599	1.81192	2.30214	-1.35867	0.00294118	0	0.00145402	0	3.92125	0	
-28.1231	41.3392	2.69658	1.83603	-0.215803	2.24717	0.00295949	0	-0.00181382	0	-3.89664	0	
-27.9869	41.4315	2.74692	1.85661	-0.235128	2.20864	0.00293502	0	-0.00111878	0	-3.89661	0	
-27.8483	41.5248	2.79573	1.87551	-0.253475	2.17104	0.0029466	0	-0.000372998	0	-3.89662	0	
-27.7074	41.619	2.8431	1.89281	2.13651	-1.47419	0.00294583	0	0.000420424	0	3.92931	0	
-27.564	41.714	2.88905	1.90854	2.09572	-1.50048	0.00293892	0	0.00125862	0	3.93113	0	
-27.4185	41.8099	2.93242	1.92456	-0.299746	2.06523	0.0029554	0	-0.00177605	0	-3.89689	0	
-27.2708	41.9064	2.97567	1.93733	-0.314674	2.03103	0.00293858	0	-0.000857389	0	-3.89704	0	
-27.1209	42.0035	3.01758	1.94868	1.98003	-1.57066	0.00295885	0	9.81822e-05	0	3.93614	0	
-26.969	42.1012	3.05824	1.95869	1.94136	-1.59238	0.00293965	0	0.00108823	0	3.93769	0	
-26.8151	42.1994	3.09649	1.96914	-0.351576	1.93474	0.00295706	0	-0.00180791	0	-3.89769	0	
-26.6593	42.2981	3.1347	1.97656	-0.363595	1.9036	0.00294208	0	-0.000756434	0	-3.89796	0	
-26.5016	42.397	3.1717	1.98274	1.83167	-1.64955	0.00295296	0	0.000323056	0	3.94196	0	
-26.3421	42.4963	3.20755	1.98775	1.79496	-1.66704	0.00294791	0	0.00142856	0	3.94328	0	
-26.1809	42.5959	3.2412	1.99337	-0.392502	1.81582	0.00294777	0	-0.00136355	0	-3.89892	0	
-26.018	42.6956	3.27482	1.99614	-0.401998	1.78742	0.0029576	0	-0.000212373	0	-3.89929	0	
-25.8534	42.7954	3.30739	1.99785	1.69086	-1.71219	0.00294706	0	0.000959403	0	3.94693	0	
-25.6872	42.8954	3.33785	2.00028	-0.416121	1.7338	0.00296028	0	-0.00177389	0	-3.90008	0	
-25.5196	42.9954	3.36835	1.99999	-0.423944	1.70725	0.00295106	0	-0.000566475	0	-3.9005	0	
-25.3504	43.0953	3.39785	1.99877	1.59078	-1.74895	0.0029516	0	0.000656862	0	3.95017	0	
-25.1798	43.1952	3.42637	1.99663	1.55729	-1.75982	0.00296656	0	0.00189471	0	3.95118	0	
-25.0078	43.2951	3.45297	1.99534	-0.441222	1.63221	0.00295147	0	-0.000781378	0	-3.90188	0	
-24.8345	43.3947	3.47962	1.99149	1.49466	-1.77784	0.00295797	0	0.00048067	0	3.95305	0	
-24.6599	43.4942	3.50537	1.98685	1.4625	-1.78616	0.00296499	0	0.00175329	0	3.95395	0	
-24.484	43.5935	3.52931	1.98313	-0.454217	1.56187	0.00295337	0	-0.000893832	0	-3.90338	0	
-24.3069	43.6925	3.55333	1.97698	1.40245	-1.79935	0.00296086	0	0.000395716	0	3.95563	0	
-24.1287	43.7912	3.57652	1.97013	1.37163	-1.80528	0.00296423	0	0.00169241	0	3.95643	0	
-23.9493	43.8895	3.59799	1.96426	-0.463263	1.49579	0.00295397	0	-0.000935888	0	-3.90498	0	
-23.7688	43.9875	3.61958	1.95608	1.31415	-1.81396	0.00296179	0	0.000371383	0	3.95791	0	
-23.5873	44.0851	3.6404	1.94729	1.28465	-1.81766	0.00296431	0	0.00168282	0	3.95863	0	
-23.4048	44.1823	3.65961	1.93954	-0.468657	1.43357	0.00295578	0	-0.000935498	0	-3.90668	0	
-23.2214	44.279	3.67895	1.92959	1.22973	-1.82215	0.00296387	0	0.000380967	0	3.95995	0	
-23.0369	44.3752	3.69758	1.91911	1.20156	-1.82378	0.00296702	0	0.001699	0	3.96059	0	
-22.8516	44.471	3.7147	1.90972	-0.470673	1.37481	0.0029574	0	-0.000917036	0	-3.90844	0	
-22.6655	44.5662	3.73198	1.89824	1.14918	-1.82438	0.00296451	0	0.000401191	0	3.96176	0	
-22.4784	44.6608	3.7486	1.8863	1.12231	-1.8241	0.00296864	0	0.00171872	0	3.96233	0	
-22.2906	44.7548	3.76382	1.87549	-0.469568	1.31914	0.00295792	0	-0.000901724	0	-3.91026	0	
-22.102	44.8483	3.7792	1.86269	1.07246	-1.82111	0.00296569	0	0.000411801	0	3.96336	0	
-21.9127	44.9411	3.79399	1.8495	1.04689	-1.81907	0.00297017	0	0.00172266	0	3.96387	0	
-21.7227	45.0333	3.80746	1.83747	-0.465591	1.2662	0.00295938	0	-0.000908009	0	-3.91212	0	
-21.5319	45.1248	3.82111	1.82355	0.999524	-1.81279	0.0029666	0	0.000395196	0	3.96479	0	
-21.3406	45.2156	3.83423	1.80929	0.975237	-1.80913	0.00296994	0	0.00169402	0	3.96523	0	
-21.1486	45.3058	3.84611	1.79623	-0.458981	1.21565	0.00296126	0	-0.000951894	0	-3.91401	0	
-20.9559	45.3952	3.8582	1.78135	0.930321	-1.79984	0.00296985	0	0.000336127	0	3.96604	0	
-20.7627	45.4839	3.86979	1.7662	0.907291	-1.7947	0.0029698	0	0.00161829	0	3.96644	0	
-20.569	45.5719	3.88024	1.75227	-0.449973	1.16716	0.00296275	0	-0.00104722	0	-3.91591	0	
-20.3747	45.6591	3.8909	1.7366	0.864774	-1.78267	0.00297596	0	0.000221417	0	3.96715	0	
-20.1799	45.7455	3.90113	1.7207	0.842971	-1.77619	0.00296963	0	0.00148291	0	3.96749	0	
-19.9846	45.8312	3.91029	1.70604	-0.438801	1.12042	0.00296508	0	-0.00120593	0	-3.91782	0	
-19.7888	45.916	3.91967	1.68972	0.802794	-1.76168	0.00298359	0	3.97221e-05	0	3.96812	0	
-19.5926	46.0001	3.92866	1.67321	0.782186	-1.75398	0.00296756	0	0.00127712	0	3.96842	0	
-19.396	46.0834	3.93667	1.65794	-0.425689	1.07515	0.00296979	0	-0.00143824	0	-3.91973	0	
-19.199	46.1659	3.9449	1.64109	-0.421626	1.06028	0.00297802	0	-0.000218688	0	-3.92037	0	
-19.0015	46.2475	3.95279	1.6241	0.724831	-1.72844	0.0029681	0	0.000991692	0	3.96923	0	
-18.8037	46.3283	3.95976	1.60834	-0.410862	1.0311	0.00298098	0	-0.0017529	0	-3.92164	0	
-18.6055	46.4082	3.96699	1.59107	-0.406249	1.01659	0.00297276	0	-0.000562087	0	-3.92227	0	
-18.407	46.4874	3.97389	1.57368	0.670792	-1.6999	0.00297254	0	0.000618787	0	3.96993	0	
-18.2081	46.5656	3.98048	1.55619	0.652847	-1.68981	0.00298375	0	0.00178949	0	3.97015	0	
-18.009	46.643	3.98627	1.53993	-0.389445	0.973793	0.00297034	0	-0.000997489	0	-3.92416	0	
-17.8095	46.7195	3.9923	1.52224	0.619951	-1.66869	0.00298703	0	0.000151781	0	3.97053	0	
-17.6097	46.7952	3.99807	1.50448	0.603067	-1.65776	0.00297406	0	0.00129022	0	3.97072	0	
-17.4097	46.87	4.00309	1.48794	-0.37142	0.931674	0.00297825	0	-0.00153079	0	-3.92602	0	
-17.2094	46.9439	4.00836	1.47003	-0.365779	0.917754	0.00297929	0	-0.000414907	0	-3.92664	0	
-17.0088	47.017	4.01339	1.45207	0.556316	-1.62341	0.00297463	0	0.000689634	0	3.9712	0	
-16.8081	47.0892	4.0182	1.43406	0.540801	-1.61148	0.0029874	0	0.00178269	0	3.97135	0	
-16.607	47.1604	4.02236	1.41725	-0.346411	0.876261	0.00297354	0	-0.00108588	0	-3.92847	0	
-16.4058	47.2308	4.02676	1.39915	-0.340339	0.862527	0.00299567	0	-1.65962e-05	0	-3.92908	0	
-16.2044	47.3003	4.03097	1.38102	0.497915	-1.57447	0.00297419	0	0.00104077	0	3.97173	0	
-16.0027	47.3689	4.03458	1.36407	-0.326271	0.835034	0.00299341	0	-0.00186493	0	-3.93028	0	
-15.8009	47.4367	4.03844	1.34589	-0.319959	0.821364	0.00297568	0	-0.000832055	0	-3.93087	0	
-15.5989	47.5035	4.04212	1.32769	0.457766	-1.53575	0.00299151	0	0.000188605	0	3.97204	0	
-15.3967	47.5694	4.04566	1.30949	0.444445	-1.52245	0.00297706	0	0.00119693	0	3.97214	0	
-15.1943	47.6345	4.04867	1.29243	-0.299039	0.780279	0.00299096	0	-0.00175958	0	-3.93264	0	
-14.9918	47.6986	4.05192	1.2742	-0.29248	0.766641	0.00297726	0	-0.000776489	0	-3.93322	0	
-14.7891	47.7618	4.05503	1.25598	0.407777	-1.48176	0.00299264	0	0.000194043	0	3.97236	0	
-14.5863	47.8242	4.05802	1.23777	0.395615	-1.46783	0.00297717	0	0.00115193	0	3.97243	0	
-14.3833	47.8856	4.06056	1.22065	-0.271067	0.72548	0.0029974	0	-0.0018566	0	-3.93494	0	
-14.1802	47.9462	4.06333	1.20244	-0.264354	0.711803	0.00297759	0	-0.00092449	0	-3.93551	0	
-13.977	48.0058	4.06599	1.18425	-0.257606	0.698118	0.00300406	0	-5.18165e-06	0	-3.93607	0	
-13.7736	48.0646	4.06856	1.16607	0.351152	-1.41105	0.00297928	0	0.000901248	0	3.97263	0	
-13.5701	48.1225	4.07103	1.14792	0.340358	-1.39649	0.00299753	0	0.00179478	0	3.97266	0	
-13.3665	48.1794	4.07315	1.1308	-0.235923	0.656616	0.00298101	0	-0.00127986	0	-3.93773	0	
-13.1628	48.2355	4.07547	1.11268	-0.229125	0.642822	0.00298842	0	-0.000412554	0	-3.93828	0	
-12.959	48.2907	4.07772	1.09458	0.310801	-1.35249	0.00298941	0	0.000441731	0	3.97273	0	
-12.755	48.3449	4.07991	1.0765	0.301019	-1.33753	0.00298335	0	0.00128297	0	3.97275	0	
-12.551	48.3983	4.08178	1.05942	-0.207493	0.600888	0.00300318	0	-0.0018452	0	-3.93989	0	
-12.3468	48.4508	4.08386	1.04139	-0.200716	0.58694	0.00298101	0	-0.00103041	0	-3.94043	0	
-12.1426	48.5024	4.08589	1.02338	-0.193946	0.572956	0.00299924	0	-0.000228736	0	-3.94095	0	
-11.9382	48.5531	4.08788	1.00541	0.265507	-1.27717	0.00298799	0	0.000559796	0	3.97275	0	
-11.7338	48.603	4.08982	0.98747	0.256923	-1.2618	0.00298614	0	0.00133518	0	3.97275	0	
-11.5293	48.6519	4.09152	0.97045	-0.172642	0.530329	0.0030069	0	-0.00186024	0	-3.94251	0	
-11.3246	48.6999	4.09341	0.952557	-0.165971	0.516149	0.00298232	0	-0.00111146	0	-3.94302	0	
-11.1199	48.7471	4.09527	0.934697	-0.159327	0.501923	0.00299485	0	-0.000375873	0	-3.94353	0	
-10.9151	48.7934	4.09712	0.91687	0.225934	-1.20008	0.00299634	0	0.000346514	0	3.97266	0	
-10.7102	48.8388	4.09895	0.899074	0.218474	-1.1844	0.00298214	0	0.00105569	0	3.97263	0	
-10.5052	48.8833	4.10076	0.881312	0.211238	-1.16867	0.00300307	0	0.00175165	0	3.9726	0	
-10.3001	48.9269	4.1024	0.864379	-0.132131	0.44402	0.00299314	0	-0.00152465	0	-3.94552	0	
-10.095	48.9697	4.10421	0.846665	-0.125692	0.429511	0.00298335	0	-0.000855364	0	-3.94601	0	
-9.88971	49.0116	4.10601	0.828983	-0.119298	0.414948	0.00300669	0	-0.000199307	0	-3.94649	0	
-9.68436	49.0526	4.10782	0.81133	0.185342	-1.10576	0.0029952	0	0.000443518	0	3.97242	0	
-9.47893	49.0927	4.10964	0.793708	0.179153	-1.08981	0.00298383	0	0.00107311	0	3.97237	0	
-9.2734	49.1319	4.11147	0.776117	0.173176	-1.07384	0.0030036	0	0.00168945	0	3.97231	0	
-9.06778	49.1703	4.11318	0.75926	-0.0933968	0.355572	0.00300237	0	-0.00166777	0	-3.94839	0	
-8.86207	49.2078	4.11505	0.741708	-0.0872859	0.340691	0.00298343	0	-0.00107811	0	-3.94886	0	
-8.65627	49.2445	4.11693	0.724185	-0.0812336	0.325749	0.00299364	0	-0.000501708	0	-3.94932	0	
-8.45037	49.2802	4.11884	0.706689	0.152067	-1.01014	0.00302244	0	6.14449e-05	0	3.97204	0	
-8.24438	49.3151	4.12078	0.689214	0.14708	-0.994031	0.00298994	0	0.000611351	0	3.97197	0	
-8.0383	49.3491	4.12274	0.671765	0.142292	-0.977897	0.0029846	0	0.00114799	0	3.97189	0	
-7.83211	49.3823	4.12474	0.65434	0.137702	-0.961745	0.00300575	0	0.00167137	0	3.97181	0	
-7.62582	49.4146	4.12667	0.637533	-0.0512441	0.249499	0.00301312	0	-0.00178018	0	-3.95159	0	
-7.41944	49.446	4.12875	0.620131	-0.0456051	0.23415	0.00298623	0	-0.00128352	0	-3.95203	0	
-7.21294	49.4766	4.13087	0.602749	-0.0400371	0.218735	0.00298384	0	-0.000800142	0	-3.95247	0	
-7.00634	49.5063	4.13303	0.585386	-0.0345416	0.203254	0.00300528	0	-0.000330059	0	-3.95291	0	
-6.79964	49.5351	4.13523	0.568038	0.118258	-0.881348	0.00302216	0	0.000126727	0	3.97135	0	
-6.59282	49.563	4.13749	0.550701	0.114802	-0.865128	0.00299022	0	0.000570213	0	3.97124	0	
-6.38589	49.5901	4.13979	0.533378	0.111537	-0.848903	0.00298011	0	0.00100037	0	3.97114	0	
-6.17884	49.6164	4.14215	0.516068	0.108461	-0.832677	0.00299118	0	0.0014172	0	3.97103	0	
-5.97167	49.6417	4.14456	0.498768	0.105574	-0.816449	0.00302274	0	0.00182067	0	3.97092	0	
-5.76438	49.6663	4.14699	0.481928	-0.00266395	0.108277	0.0030147	0	-0.00175235	0	-3.95546	0	
-5.55697	49.6899	4.14953	0.464621	0.00226954	0.0922911	0.00298619	0	-0.00137577	0	-3.95588	0	
-5.34942	49.7127	4.15213	0.447319	0.00712126	0.076234	0.00297617	0	-0.00101259	0	-3.95629	0	
-5.14175	49.7346	4.1548	0.43002	0.0118903	0.0601056	0.00298397	0	-0.00066283	0	-3.95671	0	
-4.93394	49.7557	4.15754	0.412723	0.0165758	0.0439053	0.00300892	0	-0.000326523	0	-3.95712	0	
-4.72599	49.7759	4.16034	0.395424	0.021177	0.0276327	0.00305035	0	-3.6882e-06	0	-3.95752	0	
-4.5179	49.7952	4.16323	0.378115	0.090957	-0.703571	0.00301047	0	0.000305671	0	3.97003	0	
-4.30966	49.8137	4.16618	0.360801	0.0895352	-0.687391	0.00298372	0	0.000601497	0	3.96989	0	
-4.10128	49.8313	4.16922	0.34348	0.0882982	-0.671226	0.00297143	0	0.00088376	0	3.96975	0	
-3.89274	49.848	4.17233	0.326149	0.0872461	-0.655076	0.00297291	0	0.00115243	0	3.9696	0	
-3.68404	49.8639	4.17553	0.308806	0.0863788	-0.638944	0.00298747	0	0.00140746	0	3.96945	0	
-3.47518	49.8789	4.1788	0.291449	0.0856962	-0.622831	0.00301444	0	0.00164882	0	3.96929	0	
-3.26616	49.893	4.18217	0.274075	0.0851985	-0.606738	0.00305312	0	0.00187648	0	3.96914	0	
-3.05696	49.9063	4.18561	0.256921	0.0551444	-0.105945	0.0030513	0	-0.00187444	0	-3.96069	0	
-2.84759	49.9187	4.18916	0.239482	0.0589445	-0.122914	0.00301225	0	-0.00167443	0	-3.96108	0	
-2.63804	49.9302	4.1928	0.222019	0.0626552	-0.139961	0.00298285	0	-0.00148827	0	-3.96146	0	
-2.42831	49.9409	4.19654	0.204529	0.0662763	-0.157087	0.00296241	0	-0.00131601	0	-3.96185	0	
-2.21839	49.9506	4.20038	0.18701	0.0698074	-0.174292	0.00295023	0	-0.00115771	0	-3.96223	0	
-2.00827	49.9595	4.20431	0.169459	0.0732485	-0.191577	0.00294561	0	-0.00101342	0	-3.96261	0	
-1.79795	49.9676	4.20835	0.151872	0.0765991	-0.208943	0.00294785	0	-0.000883204	0	-3.96299	0	
-1.58743	49.9747	4.21249	0.134248	0.0798594	-0.22639	0.00295625	0	-0.000767128	0	-3.96337	0	
-1.3767	49.981	4.21674	0.116583	0.083029	-0.24392	0.0029701	0	-0.000665257	0	-3.96375	0	
-1.16575	49.9863	4.2211	0.0988744	0.0861079	-0.261534	0.00298868	0	-0.00057766	0	-3.96412	0	
-0.954583	49.9908	4.22558	0.0811191	0.089096	-0.279231	0.00301128	0	-0.00050441	0	-3.9645	0	
-0.743189	49.9944	4.23016	0.063314	0.0919933	-0.297014	0.00303718	0	-0.000445585	0	-3.96487	0	
-0.531562	49.9971	4.23487	0.045456	0.0947997	-0.314882	0.00306565	0	-0.000401266	0	-3.96524	0	
-0.319697	49.999	4.23969	0.0275418	0.0975153	-0.332838	0.00309597	0	-0.000371534	0	-3.96561	0	
-0.107588	49.9999	4.24464	0.00956808	0.10014	-0.350881	0.00312741	0	-0.000356479	0	-3.96598	0	
0.104771	49.9999	4.24971	-0.00846845	0.102674	-0.369014	0.00315924	0	-0.000356192	0	-3.96635	0	
0.317388	49.999	4.25491	-0.0265713	0.105117	-0.387237	0.0031907	0	-0.000370767	0	-3.96672	0	
0.530267	49.9972	4.26024	-0.0447439	0.10747	-0.405552	0.00322106	0	-0.000400304	0	-3.96709	0	
0.743417	49.9945	4.2657	-0.06299	0.109732	-0.42396	0.00324956	0	-0.000444906	0	-3.96746	0	
0.956843	49.9909	4.2713	-0.0813132	0.111903	-0.442461	0.00327545	0	-0.00050468	0	-3.96783	0	
1.17055	49.9864	4.27704	-0.0997173	0.113984	-0.461058	0.00329796	0	-0.000579737	0	-3.96819	0	
1.38455	49.9809	4.28291	-0.118206	0.115974	-0.479752	0.00331634	0	-0.000670193	0	-3.96856	0	
1.59885	49.9745	4.28894	-0.136784	0.117875	-0.498544	0.0033298	0	-0.000776168	0	-3.96893	0	
1.81345	49.9672	4.2951	-0.155454	0.119685	-0.517436	0.00333757	0	-0.000897786	0	-3.96929	0	
2.02836	49.959	4.30142	-0.174221	0.121405	-0.536429	0.00333886	0	-0.00103517	0	-3.96966	0	
2.2436	49.9498	4.30789	-0.193089	0.123035	-0.555525	0.00333288	0	-0.00118847	0	-3.97003	0	
2.45916	49.9397	4.31452	-0.212063	0.124575	-0.574726	0.00331884	0	-0.00135781	0	-3.97039	0	
2.67506	49.9286	4.3213	-0.231147	0.126026	-0.594034	0.00329592	0	-0.00154333	0	-3.97076	0	
2.89129	49.9165	4.32825	-0.250345	0.127386	-0.61345	0.00326331	0	-0.00174518	0	-3.97113	0	
3.10789	49.9035	4.33536	-0.269662	0.128657	-0.632976	0.00322019	0	-0.00196352	0	-3.9715	0	
3.32484	49.8895	4.34266	-0.288833	0.164807	-0.127046	0.00325698	0	0.00176846	0	3.96214	0	
3.54216	49.8746	4.35011	-0.308377	0.170627	-0.112552	0.00328953	0	0.00151666	0	3.96183	0	
3.75985	49.8587	4.35775	-0.328056	0.176666	-0.0981456	0.00330906	0	0.0012479	0	3.96152	0	
3.97794	49.8418	4.36556	-0.347873	0.182926	-0.0838288	0.00331472	0	0.000961999	0	3.9612	0	
4.19642	49.8239	4.37355	-0.367835	0.18941	-0.0696049	0.00330564	0	0.000658774	0	3.96088	0	
4.4153	49.805	4.38172	-0.387947	0.196119	-0.0554771	0.00328097	0	0.000338047	0	3.96054	0	
4.63459	49.785	4.39009	-0.408213	0.203054	-0.0414486	0.00323981	0	-3.72598e-07	0	3.96021	0	
4.85431	49.7641	4.39865	-0.428633	0.136003	-0.792688	0.00328046	0	-0.000356728	0	-3.97448	0	
5.07447	49.7422	4.40741	-0.44922	0.136485	-0.813294	0.00330283	0	-0.000731165	0	-3.97485	0	
5.29506	49.7192	4.41637	-0.46998	0.136877	-0.834035	0.00330602	0	-0.00112389	0	-3.97523	0	
5.51611	49.6952	4.42553	-0.490919	0.137177	-0.854912	0.00328911	0	-0.00153511	0	-3.97561	0	
5.73762	49.6701	4.43489	-0.512043	0.137386	-0.875929	0.00325117	0	-0.00196505	0	-3.97599	0	
5.95961	49.644	4.44453	-0.532883	0.250018	0.0410397	0.00328647	0	0.00155322	0	3.95804	0	
6.18208	49.6168	4.45434	-0.554373	0.258608	0.0542562	0.0033028	0	0.00108513	0	3.95765	0	
6.40505	49.5885	4.46436	-0.576069	0.267439	0.0673443	0.00329524	0	0.000597626	0	3.95726	0	
6.62852	49.5591	4.4746	-0.597977	0.276513	0.0802998	0.0032628	0	9.04826e-05	0	3.95685	0	
6.85252	49.5287	4.48508	-0.620099	0.137622	-0.982545	0.00328584	0	-0.000436601	0	-3.97792	0	
7.07704	49.4971	4.49579	-0.642448	0.13729	-1.00446	0.00329987	0	-0.000983836	0	-3.97831	0	
7.30211	49.4644	4.50673	-0.665031	0.136859	-1.02653	0.00328602	0	-0.00155147	0	-3.97871	0	
7.52773	49.4306	4.518	-0.687265	0.315909	0.131304	0.00326905	0	0.00182735	0	3.95516	0	
7.75391	49.3956	4.52944	-0.710318	0.326241	0.14351	0.00329553	0	0.00121802	0	3.95471	0	
7.98068	49.3595	4.54112	-0.73363	0.336824	0.155556	0.00329101	0	0.00058748	0	3.95426	0	
8.20803	49.3222	4.55305	-0.757209	0.134839	-1.1159	0.00326236	0	-6.45671e-05	0	-3.98031	0	
8.43599	49.2838	4.56525	-0.781058	0.133921	-1.13884	0.00329179	0	-0.000738471	0	-3.98072	0	
8.66457	49.2441	4.57771	-0.805193	0.132893	-1.16196	0.00328698	0	-0.00143446	0	-3.98112	0	
8.89377	49.2032	4.59055	-0.828927	0.382465	0.202621	0.0032706	0	0.00181409	0	3.95235	0	
9.12363	49.1612	4.60355	-0.853637	0.394343	0.213772	0.00329309	0	0.00107289	0	3.95185	0	
9.35413	49.1178	4.61682	-0.87866	0.406477	0.224733	0.00327795	0	0.000308676	0	3.95133	0	
9.58532	49.0733	4.63037	-0.904003	0.128474	-1.25579	0.00328352	0	-0.000478922	0	-3.98278	0	
9.81718	49.0274	4.6442	-0.929678	0.12688	-1.2799	0.00328877	0	-0.00129022	0	-3.9832	0	
10.0498	48.9803	4.65847	-0.954916	0.445298	0.256967	0.00326872	0	0.00184116	0	3.94973	0	
10.283	48.9319	4.67289	-0.981267	0.458477	0.267086	0.00328958	0	0.00098138	0	3.94918	0	
10.517	48.8821	4.68759	-1.00798	0.47191	0.276987	0.00326684	0	9.69185e-05	0	3.94861	0	
10.7518	48.831	4.7026	-1.03507	0.120108	-1.37792	0.00328651	0	-0.000812658	0	-3.98491	0	
10.9873	48.7786	4.7179	-1.06255	0.117836	-1.40312	0.00327195	0	-0.00174763	0	-3.98534	0	
11.2236	48.7248	4.73371	-1.08956	0.514712	0.305829	0.00328536	0	0.00125788	0	3.94683	0	
11.4607	48.6696	4.74962	-1.11782	0.529162	0.314773	0.00327386	0	0.000270854	0	3.94622	0	
11.6986	48.613	4.76585	-1.14651	0.111091	-1.4796	0.00328374	0	-0.000742732	0	-3.98666	0	
11.9373	48.5549	4.78239	-1.17564	0.108162	-1.50575	0.00327002	0	-0.00178321	0	-3.9871	0	
12.1768	48.4954	4.79948	-1.20427	0.575041	0.340575	0.00328489	0	0.0011149	0	3.94429	0	
12.4172	48.4344	4.81665	-1.23428	0.590452	0.348469	0.00326351	0	1.9344e-05	0	3.94362	0	
12.6585	48.3719	4.83415	-1.26477	0.099333	-1.58518	0.00328381	0	-0.00110434	0	-3.98845	0	
12.9007	48.3079	4.85222	-1.29476	0.623109	0.363905	0.00327299	0	0.00170911	0	3.94224	0	
13.1437	48.2424	4.87035	-1.32621	0.639185	0.370948	0.00327917	0	0.00052798	0	3.94153	0	
13.3877	48.1753	4.88881	-1.35818	0.0886172	-1.66695	0.00328108	0	-0.000682413	0	-3.98981	0	
13.6326	48.1066	4.90758	-1.39068	0.0841396	-1.69488	0.00326534	0	-0.00192245	0	-3.99025	0	
13.8785	48.0362	4.92697	-1.42267	0.689842	0.390763	0.003282	0	0.000772421	0	3.9393	0	
14.1253	47.9642	4.94638	-1.45625	0.0756374	-1.7511	0.00327799	0	-0.000528317	0	-3.99117	0	
14.3732	47.8906	4.9661	-1.4904	0.0702759	-1.77982	0.00326764	0	-0.00185992	0	-3.99162	0	
14.622	47.8152	4.98647	-1.52403	0.742134	0.407798	0.00327912	0	0.000741691	0	3.93694	0	
14.8718	47.7381	5.00681	-1.55935	0.0599202	-1.83765	0.00327716	0	-0.000653048	0	-3.99254	0	
15.1227	47.6592	5.02781	-1.59415	0.7782	0.417698	0.00326411	0	0.00188429	0	3.93528	0	
15.3746	47.5786	5.04876	-1.63069	0.795673	0.421978	0.00327206	0	0.000424792	0	3.93443	0	
15.6276	47.4961	5.06999	-1.66788	0.0408803	-1.92653	0.00327557	0	-0.00106757	0	-3.99391	0	
15.8816	47.4118	5.0919	-1.70454	0.832332	0.429945	0.00327299	0	0.00137033	0	3.93267	0	
16.1367	47.3256	5.11368	-1.74304	0.0265203	-1.98692	0.00326462	0	-0.000189148	0	-3.99482	0	
16.393	47.2375	5.13572	-1.78223	0.0178026	-2.01761	0.00326461	0	-0.00178266	0	-3.99526	0	
16.6504	47.1474	5.15845	-1.82088	0.886799	0.439354	0.00327124	0	0.000552217	0	3.92989	0	
16.9088	47.0553	5.18098	-1.86146	0.00032265	-2.07936	0.00327285	0	-0.00111072	0	-3.99615	0	
17.1685	46.9612	5.20419	-1.90149	0.923516	0.444193	0.00327167	0	0.0011535	0	3.92795	0	
17.4293	46.8651	5.22714	-1.94352	-0.0195745	-2.14189	0.00326788	0	-0.000580304	0	-3.99702	0	
17.6912	46.7668	5.25076	-1.98498	0.959849	0.447873	0.00326367	0	0.00161177	0	3.92594	0	
17.9543	46.6665	5.27406	-2.0285	-0.0422093	-2.20507	0.00325919	0	-0.000194307	0	-3.99787	0	
18.2186	46.5639	5.29801	-2.07144	0.995515	0.450489	0.00325658	0	0.00192421	0	3.92385	0	
18.4841	46.4592	5.32157	-2.11649	1.01204	0.451364	0.00325597	0	4.45518e-05	0	3.92277	0	
18.7508	46.3522	5.34521	-2.16232	-0.0830545	-2.30073	0.0032555	0	-0.00187218	0	-3.99909	0	
19.0187	46.243	5.36947	-2.20755	1.04605	0.452661	0.00325527	0	0.000133748	0	3.92057	0	
19.2877	46.1314	5.39319	-2.25495	-0.114188	-2.36466	0.00325339	0	-0.00185833	0	-3.99987	0	
19.558	46.0175	5.41751	-2.30173	1.07853	0.453293	0.00325192	0	7.09623e-05	0	3.91828	0	
19.8295	45.9012	5.44118	-2.35072	-0.14943	-2.42844	0.00324892	0	-0.00199752	0	-4.00061	0	
20.1022	45.7825	5.4654	-2.39905	-0.167641	-2.46018	0.0032504	0	-0.000145928	0	-4.00098	0	
20.376	45.6613	5.48952	-2.44815	1.12464	0.453489	0.00325241	0	0.00166624	0	3.91471	0	
20.6511	45.5375	5.51282	-2.4995	-0.209844	-2.52311	0.00325301	0	-0.000518818	0	-4.00165	0	
20.9273	45.4113	5.53659	-2.55013	1.15157	0.45354	0.00325417	0	0.00121426	0	3.91223	0	
21.2047	45.2824	5.55941	-2.60303	-0.257302	-2.58494	0.00325394	0	-0.00104936	0	-4.00228	0	
21.4833	45.1509	5.58263	-2.65517	1.17552	0.453944	0.00325228	0	0.000603855	0	3.90967	0	
21.763	45.0168	5.60474	-2.70958	-0.310485	-2.64518	0.00324722	0	-0.00173898	0	-4.00286	0	
22.0438	44.88	5.62718	-2.76316	-0.338111	-2.67467	0.00324465	0	-0.00016631	0	-4.00314	0	
22.3257	44.7405	5.64916	-2.81743	1.20616	0.455957	0.00325046	0	0.00136559	0	3.90569	0	
22.6087	44.5981	5.66979	-2.87396	-0.400677	-2.73156	0.00325079	0	-0.0010974	0	-4.00364	0	
22.8927	44.453	5.69062	-2.92954	1.22079	0.459061	0.00324556	0	0.000353136	0	3.90294	0	
23.1777	44.3051	5.71077	-2.98573	1.22782	0.461109	0.00324265	0	0.0017625	0	3.90154	0	
23.4637	44.1543	5.72933	-3.04413	-0.506033	-2.81125	0.00324593	0	-0.000821613	0	-4.00428	0	
23.7507	44.0007	5.74793	-3.10144	1.23571	0.467304	0.00324347	0	0.000505714	0	3.89868	0	
24.0385	43.8441	5.76564	-3.15925	1.23926	0.471139	0.00323719	0	0.00179158	0	3.89722	0	
24.3272	43.6846	5.78146	-3.21918	-0.627697	-2.88202	0.00324084	0	-0.000914416	0	-4.00479	0	
24.6166	43.5222	5.79716	-3.27785	1.23972	0.481679	0.00323653	0	0.000288892	0	3.89426	0	
24.9068	43.3568	5.81175	-3.33686	1.23952	0.487934	0.00323606	0	0.00145048	0	3.89275	0	
25.1977	43.1884	5.82415	-3.39788	-0.766427	-2.94148	0.00323535	0	-0.00137793	0	-4.00517	0	
25.4893	43.017	5.83625	-3.45743	-0.815469	-2.95863	0.00323236	0	-0.000299278	0	-4.00528	0	
25.7813	42.8426	5.84701	-3.51713	1.22804	0.513441	0.00323487	0	0.000737462	0	3.88813	0	
26.0739	42.6652	5.85633	-3.57693	1.22266	0.523906	0.00322896	0	0.00173225	0	3.88656	0	
26.3669	42.4848	5.86306	-3.63852	-0.977166	-2.99928	0.00323032	0	-0.0012602	0	-4.00548	0	
26.6602	42.3014	5.86928	-3.6983	-1.03369	-3.00953	0.00322502	0	-0.000348667	0	-4.00553	0	
26.9538	42.1149	5.87384	-3.75794	1.19559	0.563906	0.00322675	0	0.000520812	0	3.88176	0	
27.2476	41.9255	5.87666	-3.81737	1.18524	0.579637	0.00322556	0	0.00134824	0	3.88013	0	
27.5414	41.7331	5.87649	-3.8783	-1.21729	-3.02727	0.00321935	0	-0.00180838	0	-4.00556	0	
27.8352	41.5377	5.87562	-3.93704	-1.28067	-3.02936	0.0032218	0	-0.00106417	0	-4.00555	0	
28.1289	41.3394	5.87281	-3.99529	-1.34559	-3.02925	0.00321704	0	-0.000361887	0	-4.00552	0	
28.4225	41.1381	5.86801	-4.05295	1.12916	0.658925	0.00321481	0	0.00029853	0	3.87349	0	
28.7157	40.934	5.86115	-4.10995	1.11357	0.682392	0.00321697	0	0.000917199	0	3.8718	0	
29.0085	40.7271	5.85218	-4.16616	1.09713	0.707503	0.00321358	0	0.00149427	0	3.8701	0	
29.3008	40.5173	5.83969	-4.22336	-1.62286	-3.00412	0.00320652	0	-0.00190687	0	-4.00523	0	
29.5925	40.3048	5.82634	-4.27773	-1.69419	-2.99222	0.00320947	0	-0.00141146	0	-4.00512	0	
29.8834	40.0896	5.81073	-4.33102	-1.76648	-2.97788	0.00320859	0	-0.000956924	0	-4.00499	0	
30.1735	39.8717	5.79284	-4.38312	-1.83961	-2.96106	0.00320579	0	-0.000542909	0	-4.00485	0	
30.4626	39.6513	5.77265	-4.43393	-1.91346	-2.94177	0.00320104	0	-0.000169011	0	-4.00468	0	
30.7507	39.4283	5.75012	-4.48335	0.981381	0.895563	0.00320021	0	0.000165248	0	3.85979	0	
31.0376	39.2029	5.72525	-4.53128	0.96143	0.932538	0.00320134	0	0.000460417	0	3.85806	0	
31.3231	38.9751	5.69801	-4.5776	0.94137	0.971164	0.00320054	0	0.000717124	0	3.85633	0	
31.6073	38.7451	5.6684	-4.62223	0.921302	1.01141	0.00319984	0	0.000936085	0	3.85461	0	
31.8899	38.5129	5.63642	-4.66506	0.901325	1.05325	0.00319737	0	0.0011181	0	3.85289	0	
32.1708	38.2785	5.60208	-4.706	0.881541	1.09665	0.00319525	0	0.00126408	0	3.85118	0	
32.45	38.0422	5.56538	-4.74494	0.862046	1.14155	0.00319367	0	0.00137501	0	3.84948	0	
32.7272	37.804	5.52634	-4.78179	0.842937	1.1879	0.00319286	0	0.001452	0	3.84779	0	
33.0025	37.5639	5.48499	-4.81646	0.824308	1.23567	0.00319116	0	0.00149627	0	3.84611	0	
33.2756	37.3222	5.44135	-4.84886	0.80625	1.28478	0.00318894	0	0.00150914	0	3.84445	0	
33.5464	37.079	5.39545	-4.87892	0.788849	1.33517	0.00318662	0	0.00149204	0	3.84281	0	
33.815	36.8343	5.34734	-4.90653	0.772188	1.38678	0.0031847	0	0.00144655	0	3.8412	0	
34.081	36.5883	5.29706	-4.93163	0.756345	1.43954	0.00318181	0	0.00137433	0	3.8396	0	
34.3445	36.341	5.24464	-4.95414	0.741394	1.49338	0.00317861	0	0.00127719	0	3.83803	0	
34.6054	36.0928	5.19016	-4.974	0.727401	1.54821	0.00317781	0	0.00115706	0	3.8365	0	
34.8634	35.8436	5.13365	-4.99112	0.714429	1.60397	0.00317637	0	0.00101598	0	3.83499	0	
35.1186	35.5936	5.07518	-5.00545	0.702536	1.66058	0.00317328	0	0.000856133	0	3.83352	0	
35.3708	35.343	5.01482	-5.01693	0.691771	1.71795	0.00317157	0	0.000679819	0	3.83209	0	
35.62	35.0919	4.95263	-5.02551	0.682178	1.77602	0.00316852	0	0.000489456	0	3.83069	0	
35.866	34.8405	4.88867	-5.03113	0.673794	1.83469	0.00316545	0	0.000287597	0	3.82935	0	
36.1087	34.5888	4.82302	-5.03375	0.666653	1.89388	0.00316183	0	7.69115e-05	0	3.82804	0	
36.3482	34.3371	4.75576	-5.03332	-3.46508	-1.95364	0.00315924	0	-0.000139807	0	-3.99192	0	
36.5842	34.0856	4.68696	-5.02981	-3.52222	-1.8891	0.00315941	0	-0.000359641	0	-3.99073	0	
36.8168	33.8342	4.61669	-5.02319	-3.57758	-1.82356	0.00316029	0	-0.000579572	0	-3.98948	0	
37.0459	33.5833	4.54503	-5.01342	-3.63111	-1.7571	0.00315805	0	-0.000796466	0	-3.98816	0	
37.2713	33.333	4.47206	-5.00048	-3.6828	-1.68982	0.0031568	0	-0.00100706	0	-3.98677	0	
37.493	33.0834	4.39786	-4.98435	-3.73261	-1.62181	0.00315501	0	-0.001208	0	-3.9853	0	
37.7111	32.8346	4.3225	-4.965	-3.78054	-1.55315	0.00315322	0	-0.00139582	0	-3.98375	0	
37.9253	32.587	4.24606	-4.94242	-3.82657	-1.48394	0.00315023	0	-0.00156694	0	-3.98213	0	
38.1357	32.3405	4.16863	-4.91661	-3.87071	-1.41425	0.00314697	0	-0.00171769	0	-3.98043	0	
38.3422	32.0954	4.09027	-4.88755	-3.91296	-1.34418	0.00314258	0	-0.00184432	0	-3.97865	0	
38.5448	31.8519	4.01107	-4.85524	-3.95333	-1.27379	0.00314032	0	-0.00194293	0	-3.97679	0	
38.7433	31.6101	3.93343	-4.81777	0.685308	2.61364	0.00313974	0	0.00188634	0	3.81701	0	
38.9379	31.3701	3.85277	-4.77896	0.694243	2.67328	0.00313864	0	0.00185444	0	3.81655	0	
39.1284	31.1321	3.77148	-4.73689	0.704202	2.7326	0.00313696	0	0.00186269	0	3.81617	0	
39.3149	30.8964	3.68721	-4.69347	-4.09646	-0.990486	0.00313294	0	-0.00197689	0	-3.9685	0	
39.4972	30.663	3.60483	-4.64491	-4.12782	-0.919533	0.00313084	0	-0.00187434	0	-3.96622	0	
39.6754	30.432	3.522	-4.59312	-4.1575	-0.848636	0.00313128	0	-0.0017187	0	-3.96384	0	
39.8495	30.2038	3.4388	-4.5381	-4.18554	-0.777838	0.00313117	0	-0.0015055	0	-3.96137	0	
40.0193	29.9784	3.35526	-4.47986	-4.212	-0.707176	0.00313159	0	-0.00123015	0	-3.95881	0	
40.185	29.7559	3.27144	-4.4184	-4.23694	-0.636683	0.00312993	0	-0.000887992	0	-3.95616	0	
40.3465	29.5367	3.18739	-4.35375	-4.26043	-0.566382	0.00312578	0	-0.000474276	0	-3.95341	0	
40.5037	29.3207	3.10315	-4.28589	0.808171	3.19919	0.00312092	0	1.58543e-05	0	3.8164	0	
40.6567	29.1081	3.01877	-4.21487	0.824338	3.25504	0.00312511	0	0.000587366	0	3.81686	0	
40.8055	28.8992	2.93427	-4.14067	0.840791	3.31055	0.00312317	0	0.00124529	0	3.81743	0	
40.95	28.6941	2.84708	-4.06511	-4.34618	-0.281143	0.00311569	0	-0.00188497	0	-3.9414	0	
41.0903	28.4929	2.76243	-3.98457	-4.36349	-0.211904	0.00312099	0	-0.00103736	0	-3.93815	0	
41.2263	28.2958	2.67773	-3.90084	-4.37982	-0.142868	0.00311302	0	-8.74995e-05	0	-3.93478	0	
41.358	28.1029	2.59302	-3.81398	0.902664	3.53635	0.00311842	0	0.000970178	0	3.82078	0	
41.4855	27.9144	2.50562	-3.72572	-4.41474	0.001219	0.00311173	0	-0.00173346	0	-3.9277	0	
41.6086	27.7305	2.42087	-3.6325	-4.42866	0.069849	0.00311237	0	-0.000441722	0	-3.92399	0	
41.7275	27.5513	2.33612	-3.53609	0.946036	3.7064	0.00311488	0	0.000975371	0	3.82451	0	
41.8421	27.3769	2.24863	-3.43826	-4.45962	0.213691	0.00311218	0	-0.00134706	0	-3.91618	0	
41.9524	27.2076	2.16382	-3.33543	0.970815	3.82272	0.00310911	0	0.000340816	0	3.82763	0	
42.0584	27.0435	2.07622	-3.23112	-4.48901	0.357951	0.00310507	0	-0.00169528	0	-3.90783	0	
42.1601	26.8847	1.99128	-3.12178	0.992439	3.94054	0.00310557	0	0.00029	0	3.83127	0	
42.2575	26.7314	1.90348	-3.01089	-4.51777	0.503209	0.00310683	0	-0.00143212	0	-3.89891	0	
42.3505	26.5838	1.81829	-2.8949	1.00983	4.06076	0.00310931	0	0.000879308	0	3.83548	0	
42.4392	26.442	1.73012	-2.77724	-4.54694	0.650212	0.00310419	0	-0.00049882	0	-3.88935	0	
42.5235	26.3062	1.64168	-2.65612	-4.56436	0.728218	0.00309662	0	-0.0016922	0	-3.88429	0	
42.6034	26.1766	1.55573	-2.52979	1.02302	4.25156	0.00310951	0	0.00116879	0	3.84296	0	
42.6789	26.0533	1.46657	-2.40155	1.02241	4.32006	0.00309866	0	0.000369969	0	3.8458	0	
42.75	25.9365	1.37694	-2.26964	-4.61574	0.960517	0.00309179	0	-0.000216723	0	-3.86796	0	
42.8166	25.8265	1.28679	-2.13402	-4.63623	1.04266	0.00311902	0	-0.0005813	0	-3.86207	0	
42.8787	25.7233	1.19595	-1.99452	-4.65794	1.12628	0.00313384	0	-0.000712888	0	-3.85593	0	
42.9362	25.6272	1.10434	-1.85104	-4.68107	1.21154	0.00314819	0	-0.000600008	0	-3.84953	0	
42.9891	25.5384	1.01185	-1.70347	-4.70582	1.29863	0.00317459	0	-0.000230466	0	-3.84285	0	
43.0374	25.457	0.918292	-1.55161	0.968925	4.77076	0.00317036	0	0.000408921	0	3.86696	0	
43.0808	25.3833	0.823552	-1.39535	0.949522	4.85459	0.00316478	0	0.00133225	0	3.87128	0	
43.1195	25.3176	0.724621	-1.23623	-4.79683	1.58083	0.00316667	0	-0.00129389	0	-3.82082	0	
43.1533	25.2599	0.627033	-1.0707	0.894738	5.03951	0.00317412	0	0.00024504	0	3.88077	0	
43.1821	25.2106	0.524858	-0.901901	-4.87182	1.78513	0.00317452	0	-0.00172843	0	-3.80421	0	
43.2059	25.17	0.423617	-0.72627	0.822411	5.23949	0.0031716	0	0.000496468	0	3.89148	0	
43.2244	25.1382	0.317352	-0.546939	-4.96005	2.003	0.00317011	0	-0.000748135	0	-3.78576	0	
43.2376	25.1155	0.208682	-0.361995	-5.01225	2.12158	0.00317587	0	-0.00159477	0	-3.77571	0	
43.2453	25.1022	0.100192	-0.169485	0.671812	5.57706	0.00318053	0	0.00181861	0	3.91025	0	
43.2473	25.0987	-0.0141595	0.0275449	0.607622	5.70254	0.0031809	0	0.00184108	0	3.91736	0	
43.2436	25.1051	-0.134694	0.229401	-5.19757	2.50482	0.00317904	0	-0.00149214	0	-3.74169	0	
43.2339	25.1219	-0.256029	0.439739	-5.27059	2.64288	0.00318048	0	-0.000480548	0	-3.72885	0	
43.2179	25.1493	-0.381425	0.657246	0.36517	6.12301	0.00318285	0	0.00107474	0	3.94173	0	
43.1955	25.1878	-0.514159	0.88063	-5.44135	2.94436	0.00318567	0	-0.000614289	0	-3.70039	0	
43.1664	25.2377	-0.65183	1.11195	-5.54041	3.10852	0.00319047	0	-0.00167491	0	-3.68457	0	
43.1303	25.2993	-0.792104	1.3533	0.0353423	6.61348	0.00319341	0	0.0017583	0	3.97162	0	
43.0869	25.3732	-0.944046	1.60011	-5.76539	3.4577	0.00319693	0	-0.0017232	0	-3.64927	0	
43.0358	25.4597	-1.09974	1.85785	-5.89302	3.64333	0.00320046	0	-0.000605515	0	-3.62953	0	
42.9767	25.5593	-1.26266	2.12532	-0.409741	7.19079	0.00320838	0	0.00135224	0	4.00868	0	
42.9092	25.6725	-1.43634	2.40135	-0.589672	7.40545	0.00321499	0	0.000412392	0	4.02298	0	
42.8328	25.7997	-1.61872	2.68813	-0.786024	7.62884	0.00322211	0	0.000461384	0	4.03838	0	
42.747	25.9416	-1.81064	2.98619	-1.0002	7.86093	0.00322799	0	0.00158034	0	4.05498	0	
42.6514	26.0986	-2.01576	3.29436	-6.74563	4.72882	0.00323536	0	7.03809e-05	0	-3.50284	0	
42.5452	26.2714	-2.2323	3.61487	-6.96762	4.97753	0.00323865	0	-0.000170308	0	-3.47041	0	
42.4278	26.4605	-2.46133	3.94824	-1.77842	8.63069	0.00324721	0	0.000966941	0	4.11323	0	
42.2986	26.6665	-2.70671	4.29326	-7.47444	5.50424	0.00325756	0	-0.000165448	0	-3.39634	0	
42.1568	26.8902	-2.96696	4.65214	-7.76252	5.78076	0.00326917	0	0.000345587	0	-3.35403	0	
42.0015	27.1321	-3.2461	5.0236	-8.07901	6.06993	0.00327952	0	-0.00110375	0	-3.30766	0	
41.8318	27.393	-3.5429	5.40976	-8.42123	6.36226	0.00328868	0	-0.000588644	0	-3.2569	0	
41.6467	27.6736	-3.85894	5.81093	-3.62925	10.0965	0.00330204	0	0.00206297	0	4.2459	0	
41.4452	27.9745	-4.20102	6.22388	-9.19929	6.96423	0.00331822	0	-0.000383095	0	-3.14022	0	
41.226	28.2964	-4.56573	6.6522	-9.6389	7.26856	0.003332	0	-0.000247629	0	-3.07329	0	
40.988	28.6402	-4.95747	7.09412	-10.1162	7.57334	0.00334856	0	-0.000984878	0	-2.99988	0	
40.7297	29.0063	-5.37573	7.55116	-5.78037	11.3299	0.00336987	0	0.00135574	0	4.39392	0	
40.4496	29.3957	-5.82746	8.01947	-11.1861	8.15834	0.00338887	0	-0.000241754	0	-2.83134	0	
40.1461	29.8087	-6.30998	8.50186	-7.13221	11.8911	0.00341109	0	0.00185497	0	4.48431	0	
39.8176	30.2462	-6.83018	8.99393	-12.4247	8.68378	0.0034381	0	0.000771698	0	-2.62952	0	
39.4622	30.7085	-7.38798	9.49617	-13.1118	8.91068	0.0034658	0	0.000539213	0	-2.51448	0	
39.0778	31.1961	-7.98568	10.0069	-9.55367	12.5352	0.00349367	0	0.00157716	0	4.64047	0	
38.6624	31.7094	-8.6277	10.5225	-14.6209	9.24836	0.00352153	0	0.000849421	0	-2.253	0	
38.2139	32.2486	-9.3141	11.042	-11.4372	12.7281	0.00355362	0	0.00237257	0	4.75606	0	
37.7297	32.8137	-10.051	11.559	-16.3072	9.37242	0.00358891	0	-0.000141481	0	-1.94589	0	
37.2075	33.4047	-10.8362	12.0734	-17.2073	9.32164	0.00362911	0	0.000760908	0	-1.77419	0	
36.6447	34.0211	-11.6734	12.5791	-14.6389	12.4421	0.00367148	0	0.00230681	0	4.93666	0	
36.0386	34.6624	-12.5655	13.0698	-15.7871	12.1388	0.00371243	0	0.00196807	0	4.99519	0	
35.3866	35.3278	-13.5131	13.5399	-20.0816	8.58283	0.00375725	0	0.000636746	0	-1.18523	0	
34.6858	36.0161	-14.5148	13.985	-18.1477	11.1269	0.0038062	0	0.00225649	0	5.10157	0	
33.9335	36.7257	-15.5731	14.395	-22.0386	7.45225	0.00386073	0	0.00158056	0	-0.735221	0	
33.1269	37.4549	-16.6862	14.7627	-22.9916	6.66056	0.00391584	0	-0.00023079	0	-0.496131	0	
32.2633	38.2012	-17.8502	15.0815	-23.8935	5.69019	0.00397842	0	0.000711508	0	-0.250101	0	
31.3403	38.962	-19.063	15.3417	-24.7246	4.53612	0.0040363	0	0.00254398	0	0.000398193	0	
30.3555	39.7342	-20.3182	15.5352	-25.4505	3.1819	0.00427211	0	0.00892298	0	0.252151	0	
29.3071	40.5141	-21.6059	15.6554	-26.0232	1.60444	0.00514399	0	0.0278383	0	0.501124	0	
28.1937	41.298	-22.9176	15.6912	-26.4093	-0.191259	0.00727325	0	0.0590315	0	0.742492	0	
27.0142	42.0814	-24.2433	15.6319	-26.5758	-2.19224	0.0112619	0	0.101989	0	0.970892	0	
25.7684	42.8591	-25.571	15.4678	-26.4916	-4.37684	0.0176794	0	0.155918	0	1.18057	0	
24.4564	43.6258	-26.8877	15.1905	-26.1291	-6.71442	0.0270481	0	0.219734	0	1.36558	0	
23.0792	44.3755	-28.1787	14.7933	-25.4663	-9.16561	0.0398287	0	0.292052	0	1.52003	0	
21.6384	45.1023	-29.4286	14.2716	-24.4878	-11.6832	0.0564052	0	0.371203	0	1.63835	0	
20.1364	45.7998	-30.6215	13.6235	-23.1868	-14.2134	0.0770715	0	0.455251	0	1.71558	0	
18.5766	46.4617	-31.7412	12.8498	-21.5655	-16.698	0.102019	0	0.542034	0	1.74763	0	
16.963	47.0818	-32.772	11.9543	-19.6358	-19.0768	0.131325	0	0.629215	0	1.73156	0	
15.3004	47.6541	-33.699	10.9437	-17.4191	-21.2899	0.164949	0	0.714339	0	1.66571	0	
13.5945	48.1732	-34.5085	9.82794	-14.9455	-23.2803	0.202724	0	0.794906	0	1.54988	0	
11.8512	48.6342	-35.1886	8.61934	-12.253	-24.9967	0.244361	0	0.868443	0	1.38531	0	
10.0774	49.0326	-35.7295	7.33279	-9.38538	-26.3952	0.289446	0	0.932575	0	1.17469	0	
8.28034	49.3651	-36.1235	5.9851	-6.391	-27.441	0.337454	0	0.985094	0	0.921985	0	
6.46736	49.629	-36.3658	4.59456	-3.32051	-28.1095	0.387752	0	1.02402	0	0.632312	0	
4.64617	49.8227	-36.4536	3.18043	-0.225268	-28.3869	0.439617	0	1.04766	0	0.31167	0	
2.8245	49.9456	-36.3872	1.76241	2.84441	-28.2697	0.492247	0	1.05462	0	-0.0332924	0	
1.01002	49.9978	-36.1689	0.360088	5.84062	-27.7649	0.544782	0	1.04386	0	-0.395544	0	
-0.7898	49.9808	-35.8036	-1.00754	8.71906	-26.8891	0.596316	0	1.01471	0	-0.767933	0	
-2.56777	49.8966	-35.2982	-2.32253	11.44	-25.6672	0.645921	0	0.96683	0	-1.14343	0	
-4.31711	49.7484	-34.6615	-3.56834	13.9687	-24.1314	0.692659	0	0.90024	0	-1.51534	0	
-6.03149	49.54	-33.9038	-4.73023	16.2764	-22.32	0.735601	0	0.815276	0	-1.8775	0	
-7.70518	49.2758	-33.0369	-5.79549	18.3402	-20.2759	0.773844	0	0.712567	0	-2.22443	0	
-9.33301	48.9611	-32.0732	-6.75364	20.1431	-18.0452	0.806521	0	0.592997	0	-2.55143	0	
-10.9105	48.6014	-31.0262	-7.59655	21.6748	-15.6758	0.832817	0	0.457662	0	-2.8547	0	
-12.4338	48.2026	-29.9096	-8.31851	22.9304	-13.2163	0.851974	0	0.307826	0	-3.13136	0	
-13.8998	47.7708	-28.7372	-8.91623	23.9114	-10.714	0.863302	0	0.144873	0	-3.37943	0	
-15.3061	47.3123	-27.5199	-9.39705	24.9415	-9.29216	0.866297	0	-0.00282888	0	-0.210609	0	
-16.6504	46.8314	-26.2642	-9.81136	25.2417	-7.31803	0.865939	0	-0.0103842	0	-0.0890778	0	
-17.9316	46.3322	-24.9997	-10.13	25.3013	-5.46698	0.865366	0	-0.0113351	0	0.0525999	0	
-19.1496	45.8194	-23.7377	-10.3596	25.1468	-3.76039	0.864932	0	-0.00478935	0	0.209892	0	
-20.3048	45.2973	-22.4899	-10.5033	24.8243	-2.1931	0.864853	0	-0.00129252	0	0.378739	0	
-21.3982	44.7701	-21.2643	-10.5672	24.362	-0.770961	0.864805	0	-0.00151301	0	0.555569	0	
-22.431	44.2415	-20.0673	-10.5601	23.7802	0.496297	0.864761	0	-0.00150092	0	0.736963	0	
-23.4048	43.7149	-18.9046	-10.4891	21.8472	3.86321	0.86472	0	-0.00174712	0	-4.40069	0	
-24.3214	43.1933	-17.7801	-10.3627	22.3532	2.57244	0.864676	0	-5.4716e-05	0	1.10204	0	
-25.1829	42.6794	-16.698	-10.1867	21.5527	3.39417	0.864636	0	0.000367322	0	1.28109	0	
-25.9913	42.1753	-15.6608	-9.96757	20.7213	4.08563	0.864596	0	-0.00116938	0	1.45544	0	
-26.7491	41.6832	-14.6687	-9.71431	19.8656	4.64691	0.86456	0	0.000726603	0	1.6237	0	
-27.4585	41.2045	-13.7241	-9.42999	19.009	5.10009	0.864524	0	-0.00042684	0	1.78492	0	
-28.1218	40.7406	-12.8264	-9.12128	16.0053	8.4654	0.864489	0	-0.00215225	0	-4.45461	0	
-28.7413	40.2926	-11.9744	-8.79453	15.0261	8.81325	0.864459	0	-0.00168502	0	-4.43857	0	
-29.3195	39.8614	-11.1672	-8.45415	16.4934	5.87803	0.864433	0	0.000660298	0	2.22041	0	
-29.8584	39.4476	-10.4049	-8.1024	15.6985	5.98078	0.864411	0	0.00117305	0	2.34869	0	
-30.3603	39.0515	-9.68634	-7.74256	14.9368	6.02554	0.864386	0	-0.000635446	0	2.46853	0	
-30.8273	38.6735	-9.00868	-7.37918	11.4187	9.40673	0.864363	0	-0.0017669	0	-4.34836	0	
-31.2614	38.3137	-8.36883	-7.01652	13.5049	5.95488	0.864345	0	0.000963933	0	2.68377	0	
-31.6645	37.972	-7.76786	-6.65328	12.8436	5.86169	0.864325	0	0.000275011	0	2.77976	0	
-32.0385	37.6485	-7.20258	-6.29294	12.2184	5.73766	0.864304	0	-0.000668104	0	2.86849	0	
-32.385	37.3428	-6.6696	-5.93877	11.6245	5.58341	0.864286	0	0.00144795	0	2.95041	0	
-32.7058	37.0547	-6.17028	-5.5884	7.79921	9.01753	0.864271	0	-0.000818793	0	-4.22405	0	
-33.0023	36.7839	-5.69963	-5.24636	10.5492	5.2286	0.864255	0	-0.000500888	0	3.09532	0	
-33.2759	36.5301	-5.25754	-4.91159	6.63583	8.68668	0.864236	0	-0.00143949	0	-4.17913	0	
-33.5282	36.2927	-4.84064	-4.58646	9.60229	4.82268	0.864223	0	-0.000171053	0	3.21792	0	
-33.7602	36.0714	-4.44902	-4.26955	5.61764	8.30741	0.864211	0	-0.000555509	0	-4.13838	0	
-33.9732	35.8658	-4.07939	-3.96295	8.77481	4.39331	0.864202	0	0.000933427	0	3.3214	0	
-34.1684	35.6752	-3.73207	-3.66494	8.40375	4.1777	0.864191	0	0.000425689	0	3.36688	0	
-34.3466	35.4993	-3.40385	-3.37742	8.05617	3.96052	0.864182	0	0.00150217	0	3.40866	0	
-34.509	35.3375	-3.09529	-3.09849	7.73534	3.74873	0.864175	0	0.000287545	0	3.44702	0	
-34.6563	35.1894	-2.80328	-2.82991	7.43522	3.53827	0.864169	0	0.000410588	0	3.48228	0	
-34.7895	35.0545	-2.52857	-2.56963	3.31256	7.10784	0.86416	0	-0.00200587	0	-4.04164	0	
-34.9092	34.9323	-2.26625	-2.32123	6.89643	3.13062	0.864156	0	0.000493784	0	3.54454	0	
-35.0162	34.8224	-2.01915	-2.0807	6.6552	2.9349	0.864149	0	0.000260845	0	3.57201	0	
-35.1112	34.7242	-1.78438	-1.84968	6.42961	2.74357	0.864144	0	0.00099638	0	3.59733	0	
-35.1948	34.6374	-1.56307	-1.62598	2.25746	6.36209	0.864141	0	-0.0011791	0	-3.99563	0	
-35.2675	34.5616	-1.35041	-1.41311	6.02541	2.38052	0.864136	0	0.00127917	0	3.64223	0	
-35.33	34.4962	-1.14964	-1.20698	5.8447	2.20917	0.864132	0	0.000689044	0	3.66215	0	
-35.3826	34.4409	-0.958069	-1.00919	5.67545	2.04302	0.864128	0	0.000804173	0	3.68059	0	
-35.4259	34.3953	-0.775037	-0.819439	5.51675	1.8821	0.864124	0	0.00157425	0	3.69768	0	
-35.4603	34.359	-0.601974	-0.635531	1.3212	5.55408	0.864122	0	-0.000880749	0	-3.95371	0	
-35.4861	34.3316	-0.434276	-0.460991	5.23227	1.5807	0.864119	0	0.00105985	0	3.72823	0	
-35.5038	34.3129	-0.275484	-0.291713	1.03599	5.26993	0.864115	0	-0.000313964	0	-3.9407	0	
-35.5137	34.3024	-0.123105	-0.129341	0.910354	5.13739	0.864116	0	-0.00120402	0	-3.93487	0	
-35.5161	34.2999	0.023311	0.026402	0.793536	5.0094	0.864111	0	-0.00164288	0	-3.92944	0	
-35.5113	34.305	0.164154	0.175758	0.684879	4.88582	0.864111	0	-0.00166073	0	-3.92438	0	
-35.4996	34.3174	0.299799	0.318975	0.583758	4.76649	0.864112	0	-0.00128536	0	-3.91968	0	
-35.4813	34.3368	0.43059	0.456293	0.489596	4.65125	0.86411	0	-0.000542389	0	-3.91529	0	
-35.4565	34.3629	0.556836	0.587928	4.47907	0.69151	0.86411	0	0.000544426	0	3.80682	0	
-35.4256	34.3956	0.676801	0.716033	0.324575	4.43702	0.864101	0	-0.00190821	0	-3.90743	0	
-35.3888	34.4344	0.794801	0.836937	0.248255	4.33302	0.864103	0	-0.000200088	0	-3.90389	0	
-35.3461	34.4793	0.909057	0.952774	4.23662	0.375838	0.8641	0	0.00179099	0	3.83097	0	
-35.298	34.5298	1.01776	1.06565	4.16588	0.280458	0.8641	0	0.000179713	0	3.83807	0	
-35.2444	34.5858	1.12314	1.1738	0.0571223	4.04987	0.864108	0	-0.00118616	0	-3.89475	0	
-35.1856	34.6471	1.22743	1.27549	4.02864	0.0943634	0.864102	0	0.00155023	0	3.85115	0	
-35.1217	34.7134	1.32673	1.3747	3.96609	0.00785871	0.864107	0	0.000633521	0	3.85713	0	
-35.0529	34.7846	1.42328	1.46969	-0.0981736	3.79277	0.864083	0	-7.92654e-05	0	-3.88744	0	
-34.9794	34.8604	1.51712	1.56052	-0.141838	3.71367	0.864114	0	-0.000600225	0	-3.88537	0	
-34.9012	34.9406	1.60846	1.64741	-0.182653	3.63686	0.864123	0	-0.000940582	0	-3.88345	0	
-34.8185	35.025	1.69743	1.73045	-0.220839	3.56224	0.86412	0	-0.00111081	0	-3.88169	0	
-34.7314	35.1135	1.78412	1.80977	-0.2566	3.4897	0.864112	0	-0.00112075	0	-3.88006	0	
-34.64	35.2059	1.86862	1.88547	-0.290123	3.41914	0.864107	0	-0.000979624	0	-3.87857	0	
-34.5445	35.302	1.95102	1.95765	-0.321583	3.35047	0.864113	0	-0.000696138	0	-3.87721	0	
-34.4449	35.4016	2.03139	2.02641	-0.351143	3.2836	0.864137	0	-0.000278477	0	-3.87597	0	
-34.3413	35.5046	2.10986	2.09188	3.47978	-0.664384	0.86414	0	0.000265617	0	3.89901	0	
-34.2339	35.6108	2.18648	2.15415	3.43134	-0.729045	0.864121	0	0.000928969	0	3.90262	0	
-34.1227	35.7201	2.26127	2.21326	3.3836	-0.79194	0.864138	0	0.00170475	0	3.90607	0	
-34.0078	35.8322	2.33245	2.2713	-0.448892	3.03613	0.864127	0	-0.00130434	0	-3.8721	0	
-33.8894	35.9471	2.40383	2.32441	-0.471045	2.97696	0.864134	0	-0.000324086	0	-3.87138	0	
-33.7674	36.0646	2.47357	2.37466	3.248	-0.96704	0.864127	0	0.000750147	0	3.91549	0	
-33.642	36.1846	2.54169	2.42208	3.20217	-1.02356	0.864145	0	0.00191293	0	3.91838	0	
-33.5133	36.3069	2.60644	2.46874	-0.526575	2.81105	0.864128	0	-0.000736485	0	-3.86973	0	
-33.3814	36.4314	2.67149	2.51077	3.11577	-1.12855	0.864132	0	0.000586757	0	3.92375	0	
-33.2462	36.558	2.73321	2.55214	-0.557545	2.70763	0.864146	0	-0.001914	0	-3.86902	0	
-33.1079	36.6865	2.79532	2.58905	-0.574073	2.65581	0.864135	0	-0.000449089	0	-3.86877	0	
-32.9666	36.8168	2.85598	2.6235	2.9855	-1.27739	0.864132	0	0.00108072	0	3.931	0	
-32.8224	36.9489	2.91344	2.65747	-0.600712	2.55885	0.864134	0	-0.00122949	0	-3.86847	0	
-32.6752	37.0825	2.97128	2.68716	2.90071	-1.36879	0.864139	0	0.000417057	0	3.93535	0	
-32.5253	37.2176	3.02599	2.71651	-0.624988	2.46588	0.864144	0	-0.00178604	0	-3.86842	0	
-32.3725	37.354	3.0811	2.74169	-0.6385	2.41923	0.864148	0	-3.75197e-05	0	-3.86847	0	
-32.2171	37.4917	3.13486	2.76471	2.77183	-1.49786	0.864146	0	0.00175737	0	3.94124	0	
-32.0591	37.6305	3.18559	2.78755	-0.659819	2.33195	0.864144	0	-0.000310491	0	-3.86873	0	
-31.8986	37.7704	3.23671	2.8064	2.6875	-1.57654	0.864144	0	0.00156665	0	3.94477	0	
-31.7355	37.9112	3.28485	2.82518	-0.679474	2.24826	0.864143	0	-0.000426874	0	-3.86919	0	
-31.5701	38.0529	3.33338	2.84008	2.60325	-1.65028	0.864146	0	0.00152081	0	3.94803	0	
-31.4022	38.1953	3.37898	2.85502	-0.697642	2.16803	0.864147	0	-0.000409541	0	-3.86982	0	
-31.2321	38.3383	3.42496	2.86619	2.5191	-1.71914	0.864149	0	0.00159797	0	3.95103	0	
-31.0598	38.482	3.46807	2.87749	-0.714454	2.09118	0.864151	0	-0.000279399	0	-3.8706	0	
-30.8853	38.626	3.51154	2.88513	2.4351	-1.78315	0.864154	0	0.00177815	0	3.9538	0	
-30.7087	38.7705	3.5522	2.893	-0.729997	2.01763	0.864156	0	-5.55633e-05	0	-3.87153	0	
-30.5301	38.9153	3.59166	2.89923	-0.735278	1.98336	0.864158	0	-0.00187113	0	-3.87205	0	
-30.3495	39.0603	3.63145	2.90197	2.3116	-1.8689	0.864157	0	0.000244471	0	3.95753	0	
-30.1669	39.2055	3.66853	2.90507	-0.749042	1.91457	0.864154	0	-0.00153995	0	-3.87316	0	
-29.9826	39.3507	3.70592	2.90479	2.22838	-1.92101	0.864153	0	0.000604714	0	3.95979	0	
-29.7964	39.496	3.74065	2.90497	-0.761625	1.8489	0.864151	0	-0.00115601	0	-3.87438	0	
-29.6084	39.6411	3.77568	2.90186	2.14573	-1.96842	0.864152	0	0.00101056	0	3.96187	0	
-29.4188	39.7862	3.8081	2.8993	-0.77302	1.78631	0.864154	0	-0.000733274	0	-3.8757	0	
-29.2276	39.931	3.84083	2.89356	2.06379	-2.01115	0.864156	0	0.00144865	0	3.96378	0	
-29.0348	40.0756	3.871	2.88846	-0.783206	1.72673	0.86416	0	-0.000284515	0	-3.8771	0	
-28.8405	40.2198	3.90146	2.88028	1.98273	-2.04928	0.864166	0	0.00190679	0	3.96555	0	
-28.6447	40.3637	3.92944	2.87282	1.94446	-2.06564	0.864164	0	0.000178602	0	3.96636	0	
-28.4476	40.5071	3.95635	2.86425	-0.794276	1.64379	0.864162	0	-0.00154944	0	-3.87935	0	
-28.249	40.65	3.98354	2.85276	1.86499	-2.09707	0.864161	0	0.000645452	0	3.96791	0	
-28.0492	40.7924	4.00834	2.8421	-0.801323	1.59132	0.864161	0	-0.00108517	0	-3.88092	0	
-27.8482	40.9341	4.03342	2.82862	1.78681	-2.1241	0.864162	0	0.00110638	0	3.96933	0	
-27.6459	41.0752	4.05618	2.81605	-0.807027	1.54158	0.864164	0	-0.000631296	0	-3.88255	0	
-27.4425	41.2157	4.07922	2.80076	1.71007	-2.14685	0.864168	0	0.00155259	0	3.97064	0	
-27.238	41.3554	4.1	2.78645	-0.811347	1.49445	0.864171	0	-0.000196216	0	-3.88422	0	
-27.0325	41.4943	4.12106	2.76952	1.63492	-2.16542	0.864177	0	0.0019761	0	3.97183	0	
-26.826	41.6324	4.13996	2.75364	1.59973	-2.17241	0.864175	0	0.000212462	0	3.97237	0	
-26.6185	41.7696	4.15794	2.73703	-0.81343	1.42919	0.864174	0	-0.00156021	0	-3.8868	0	
-26.4102	41.906	4.1762	2.71793	1.52719	-2.18504	0.864174	0	0.00058785	0	3.97341	0	
-26.2009	42.0414	4.19241	2.69997	-0.81418	1.38808	0.864173	0	-0.00120452	0	-3.88855	0	
-25.9909	42.1759	4.20889	2.67962	1.45656	-2.19385	0.864174	0	0.000923745	0	3.97435	0	
-25.7801	42.3094	4.2234	2.66048	-0.813446	1.34919	0.864175	0	-0.000891171	0	-3.89033	0	
-25.5685	42.4419	4.2382	2.63902	1.38794	-2.19901	0.864178	0	0.00121455	0	3.97521	0	
-25.3563	42.5733	4.25109	2.61883	-0.811221	1.31237	0.86418	0	-0.000625494	0	-3.89212	0	
-25.1434	42.7037	4.26389	2.59705	0.245079	-0.434427	0.86419	0	6.87453e-08	0	0	0	
-24.9299	42.833	4.27576	2.57511	0.230206	-0.443014	0.86419	0	6.87453e-08	0	0	0	
-24.7158	42.9612	4.28691	2.55275	0.215778	-0.450986	0.86419	0	6.87453e-08	0	0	0	
-24.5012	43.0882	4.29734	2.53002	0.201796	-0.45836	0.86419	0	6.87453e-08	0	0	0	
-24.2861	43.2142	4.30709	2.50692	0.188261	-0.465157	0.86419	0	6.87453e-08	0	0	0	
-24.0705	43.3389	4.31617	2.48351	0.175173	-0.471397	0.86419	0	6.87453e-08	0	0	0	
-23.8545	43.4625	4.32461	2.45979	0.162531	-0.4771	0.86419	0	6.87453e-08	0	0	0	
-23.638	43.5849	4.33242	2.4358	0.150333	-0.482285	0.86419	0	6.87453e-08	0	0	0	
-23.4212	43.706	4.33964	2.41157	0.138577	-0.486972	0.86419	0	6.87453e-08	0	0	0	
-23.2041	43.826	4.34628	2.38711	0.127259	-0.491181	0.86419	0	6.87453e-08	0	0	0	
-22.9866	43.9447	4.35237	2.36246	0.116376	-0.494932	0.86419	0	6.87453e-08	0	0	0	
-22.7688	44.0622	4.35792	2.33762	0.105924	-0.498243	0.86419	0	6.87453e-08	0	0	0	
-22.5508	44.1785	4.36296	2.31264	0.0958975	-0.501136	0.86419	0	6.87453e-08	0	0	0	
-22.3326	44.2935	4.36751	2.28752	0.086291	-0.503627	0.86419	0	6.87453e-08	0	0	0	
-22.1141	44.4072	4.37159	2.26228	0.0770985	-0.505737	0.86419	0	6.87453e-08	0	0	0	
-21.8954	44.5197	4.37523	2.23695	0.0683135	-0.507483	0.86419	0	6.87453e-08	0	0	0	
-21.6765	44.6309	4.37843	2.21154	0.0599291	-0.508885	0.86419	0	6.87453e-08	0	0	0	
-21.4576	44.7408	4.38122	2.18606	0.0519379	-0.509959	0.86419	0	6.87453e-08	0	0	0	
-21.2384	44.8495	4.38362	2.16054	0.0443321	-0.510722	0.86419	0	6.87453e-08	0	0	0	
-21.0192	44.9568	4.38566	2.135	0.0371038	-0.511193	0.86419	0	6.87453e-08	0	0	0	
-20.7999	45.0629	4.38734	2.10943	0.0302445	-0.511387	0.86419	0	6.87453e-08	0	0	0	
-20.5805	45.1678	4.38868	2.08386	0.0237458	-0.511321	0.86419	0	6.87453e-08	0	0	0	
-20.361	45.2713	4.38971	2.0583	0.0175987	-0.511011	0.86419	0	6.87453e-08	0	0	0	
-20.1415	45.3736	4.39045	2.03276	0.0117942	-0.510471	0.86419	0	6.87453e-08	0	0	0	
-19.922	45.4746	4.3909	2.00726	0.00632337	-0.509716	0.86419	0	6.87453e-08	0	0	0	
-19.7024	45.5743	4.39108	1.9818	0.00117683	-0.508761	0.86419	0	6.87453e-08	0	0	0	
-19.4828	45.6727	4.39102	1.95639	-0.00365472	-0.507619	0.86419	0	6.87453e-08	0	0	0	
-19.2633	45.7699	4.39072	1.93104	-0.00818063	-0.506304	0.86419	0	6.87453e-08	0	0	0	
-19.0438	45.8658	4.3902	1.90576	-0.0124103	-0.504829	0.86419	0	6.87453e-08	0	0	0	
-18.8243	45.9605	4.38948	1.88056	-0.0163531	-0.503205	0.86419	0	6.87453e-08	0	0	0	
-18.6048	46.0539	4.38857	1.85544	-0.0200184	-0.501445	0.86419	0	6.87453e-08	0	0	0	
-18.3854	46.146	4.38748	1.83042	-0.0234155	-0.49956	0.86419	0	6.87453e-08	0	0	0	
-18.1661	46.2369	4.38623	1.80549	-0.0265536	-0.497561	0.86419	0	6.87453e-08	0	0	0	
-17.9468	46.3265	4.38483	1.78066	-0.0294418	-0.495458	0.86419	0	6.87453e-08	0	0	0	
-17.7276	46.4149	4.38329	1.75595	-0.0320891	-0.493261	0.86419	0	6.87453e-08	0	0	0	
-17.5085	46.5021	4.38162	1.73134	-0.0345045	-0.49098	0.86419	0	6.87453e-08	0	0	0	
-17.2894	46.588	4.37984	1.70685	-0.0366965	-0.488623	0.86419	0	6.87453e-08	0	0	0	
-17.0705	46.6728	4.37796	1.68248	-0.0386739	-0.4862	0.86419	0	6.87453e-08	0	0	0	
-16.8516	46.7563	4.37598	1.65823	-0.040445	-0.483719	0.86419	0	6.87453e-08	0	0	0	
-16.6329	46.8386	4.37391	1.63411	-0.042018	-0.481186	0.86419	0	6.87453e-08	0	0	0	
-16.4143	46.9197	4.37178	1.61012	-0.0434009	-0.47861	0.86419	0	6.87453e-08	0	0	0	
-16.1957	46.9996	4.36958	1.58625	-0.0446015	-0.475998	0.86419	0	6.87453e-08	0	0	0	
-15.9773	47.0783	4.36732	1.56252	-0.0456275	-0.473356	0.86419	0	6.87453e-08	0	0	0	
-15.759	47.1558	4.36502	1.53892	-0.0464863	-0.47069	0.86419	0	6.87453e-08	0	0	0	
-15.5408	47.2322	4.36267	1.51545	-0.047185	-0.468006	0.86419	0	6.87453e-08	0	0	0	
-15.3227	47.3073	4.3603	1.49212	-0.0477306	-0.46531	0.86419	0	6.87453e-08	0	0	0	
-15.1048	47.3814	4.3579	1.46892	-0.0481299	-0.462607	0.86419	0	6.87453e-08	0	0	0	
-14.8869	47.4542	4.35549	1.44586	-0.0483894	-0.459902	0.86419	0	6.87453e-08	0	0	0	
-14.6692	47.5259	4.35306	1.42293	-0.0485153	-0.457199	0.86419	0	6.87453e-08	0	0	0	
-14.4516	47.5965	4.35064	1.40014	-0.0485137	-0.454503	0.86419	0	6.87453e-08	0	0	0	
-14.2341	47.6659	4.34822	1.37748	-0.0483906	-0.451818	0.86419	0	6.87453e-08	0	0	0	
-14.0168	47.7342	4.3458	1.35496	-0.0481514	-0.449147	0.86419	0	6.87453e-08	0	0	0	
-13.7996	47.8014	4.3434	1.33257	-0.0478017	-0.446494	0.86419	0	6.87453e-08	0	0	0	
-13.5825	47.8675	4.34102	1.31031	-0.0473465	-0.443863	0.86419	0	6.87453e-08	0	0	0	
-13.3655	47.9324	4.33867	1.28818	-0.046791	-0.441256	0.86419	0	6.87453e-08	0	0	0	
-13.1486	47.9963	4.33635	1.26619	-0.0461397	-0.438676	0.86419	0	6.87453e-08	0	0	0	
-12.9318	48.059	4.33406	1.24432	-0.0453974	-0.436126	0.86419	0	6.87453e-08	0	0	0	
-12.7152	48.1207	4.33181	1.22257	-0.0445683	-0.433609	0.86419	0	6.87453e-08	0	0	0	
-12.4986	48.1813	4.3296	1.20096	-0.0436566	-0.431126	0.86419	0	6.87453e-08	0	0	0	
-12.2822	48.2408	4.32744	1.17946	-0.0426662	-0.42868	0.86419	0	6.87453e-08	0	0	0	
-12.0659	48.2992	4.32534	1.15809	-0.0416009	-0.426273	0.86419	0	6.87453e-08	0	0	0	
-11.8497	48.3566	4.32329	1.13684	-0.0404643	-0.423906	0.86419	0	6.87453e-08	0	0	0	
-11.6336	48.4129	4.32129	1.1157	-0.0392598	-0.421582	0.86419	0	6.87453e-08	0	0	0	
-11.4176	48.4681	4.31936	1.09468	-0.0379905	-0.419301	0.86419	0	6.87453e-08	0	0	0	
-11.2016	48.5223	4.3175	1.07377	-0.0366596	-0.417066	0.86419	0	6.87453e-08	0	0	0	
-10.9858	48.5755	4.3157	1.05297	-0.0352699	-0.414876	0.86419	0	6.87453e-08	0	0	0	
-10.7701	48.6276	4.31397	1.03228	-0.0338242	-0.412735	0.86419	0	6.87453e-08	0	0	0	
-10.5544	48.6787	4.31232	1.0117	-0.0323249	-0.410643	0.86419	0	6.87453e-08	0	0	0	
-10.3388	48.7288	4.31074	0.991218	-0.0307746	-0.4086	0.86419	0	6.87453e-08	0	0	0	
-10.1233	48.7778	4.30924	0.970839	-0.0291754	-0.406608	0.86419	0	6.87453e-08	0	0	0	
-9.9079	48.8258	4.30782	0.950557	-0.0275295	-0.404667	0.86419	0	6.87453e-08	0	0	0	
-9.69254	48.8728	4.30649	0.930372	-0.0258389	-0.402779	0.86419	0	6.87453e-08	0	0	0	
-9.47725	48.9189	4.30524	0.91028	-0.0241054	-0.400944	0.86419	0	6.87453e-08	0	0	0	
-9.26202	48.9639	4.30408	0.890278	-0.0223307	-0.399162	0.86419	0	6.87453e-08	0	0	0	
-9.04684	49.0079	4.30301	0.870363	-0.0205165	-0.397434	0.86419	0	6.87453e-08	0	0	0	
-8.83172	49.0509	4.30203	0.850534	-0.0186642	-0.395762	0.86419	0	6.87453e-08	0	0	0	
-8.61664	49.0929	4.30114	0.830787	-0.0167751	-0.394144	0.86419	0	6.87453e-08	0	0	0	
-8.4016	49.134	4.30035	0.81112	-0.0148506	-0.392583	0.86419	0	6.87453e-08	0	0	0	
-8.1866	49.174	4.29966	0.791529	-0.0128917	-0.391077	0.86419	0	6.87453e-08	0	0	0	
-7.97163	49.2131	4.29907	0.772012	-0.0108995	-0.389628	0.86419	0	6.87453e-08	0	0	0	
-7.75669	49.2512	4.29857	0.752566	-0.00887501	-0.388236	0.86419	0	6.87453e-08	0	0	0	
-7.54177	49.2883	4.29818	0.733188	-0.00681896	-0.386901	0.86419	0	6.87453e-08	0	0	0	
-7.32687	49.3245	4.29789	0.713875	-0.00473214	-0.385624	0.86419	0	6.87453e-08	0	0	0	
-7.11198	49.3597	4.29771	0.694625	-0.00261521	-0.384404	0.86419	0	6.87453e-08	0	0	0	
-6.8971	49.394	4.29763	0.675434	-0.000468746	-0.383243	0.86419	0	6.87453e-08	0	0	0	
-6.68221	49.4272	4.29766	0.6563	0.00170677	-0.38214	0.86419	0	6.87453e-08	0	0	0	
-6.46733	49.4596	4.2978	0.63722	0.00391093	-0.381096	0.86419	0	6.87453e-08	0	0	0	
-6.25243	49.4909	4.29806	0.61819	0.0061434	-0.380111	0.86419	0	6.87453e-08	0	0	0	
-6.03752	49.5214	4.29842	0.599208	0.00840392	-0.379185	0.86419	0	6.87453e-08	0	0	0	
-5.82259	49.5509	4.2989	0.580271	0.0106923	-0.378319	0.86419	0	6.87453e-08	0	0	0	
-5.60763	49.5794	4.29949	0.561376	0.0130085	-0.377512	0.86419	0	6.87453e-08	0	0	0	
-5.39263	49.607	4.3002	0.542519	0.0153523	-0.376766	0.86419	0	6.87453e-08	0	0	0	
-5.1776	49.6336	4.30103	0.523699	0.0177239	-0.37608	0.86419	0	6.87453e-08	0	0	0	
-4.96253	49.6593	4.30198	0.504911	0.0201234	-0.375455	0.86419	0	6.87453e-08	0	0	0	
-4.7474	49.6841	4.30304	0.486153	0.0225508	-0.374891	0.86419	0	6.87453e-08	0	0	0	
-4.53222	49.7079	4.30423	0.467421	0.0250063	-0.374388	0.86419	0	6.87453e-08	0	0	0	
-4.31698	49.7308	4.30554	0.448713	0.0274904	-0.373947	0.86419	0	6.87453e-08	0	0	0	
-4.10166	49.7528	4.30698	0.430025	0.0300031	-0.373569	0.86419	0	6.87453e-08	0	0	0	
-3.88627	49.7738	4.30855	0.411355	0.0325451	-0.373253	0.86419	0	6.87453e-08	0	0	0	
-3.6708	49.7939	4.31024	0.392699	0.0351166	-0.373	0.86419	0	6.87453e-08	0	0	0	
-3.45525	49.8131	4.31206	0.374054	0.0377181	-0.37281	0.86419	0	6.87453e-08	0	0	0	
-3.23959	49.8313	4.31401	0.355417	0.0403502	-0.372685	0.86419	0	6.87453e-08	0	0	0	
-3.02384	49.8486	4.3161	0.336785	0.0430135	-0.372624	0.86419	0	6.87453e-08	0	0	0	
-2.80798	49.865	4.31832	0.318154	0.0457086	-0.372628	0.86419	0	6.87453e-08	0	0	0	
-2.59201	49.8804	4.32067	0.299521	0.0484362	-0.372698	0.86419	0	6.87453e-08	0	0	0	
-2.37591	49.8949	4.32316	0.280883	0.051197	-0.372835	0.86419	0	6.87453e-08	0	0	0	
-2.15969	49.9085	4.32579	0.262236	0.0539918	-0.373038	0.86419	0	6.87453e-08	0	0	0	
-1.94333	49.9211	4.32856	0.243578	0.0568213	-0.373309	0.86419	0	6.87453e-08	0	0	0	
-1.72683	49.9328	4.33148	0.224904	0.0596865	-0.373649	0.86419	0	6.87453e-08	0	0	0	
-1.51018	49.9436	4.33453	0.206211	0.0625883	-0.374058	0.86419	0	6.87453e-08	0	0	0	
-1.29337	49.9534	4.33774	0.187497	0.0655275	-0.374537	0.86419	0	6.87453e-08	0	0	0	
-1.0764	49.9623	4.34109	0.168756	0.0685052	-0.375087	0.86419	0	6.87453e-08	0	0	0	
-0.859255	49.9703	4.34459	0.149987	0.0715225	-0.375709	0.86419	0	6.87453e-08	0	0	0	
-0.641934	49.9773	4.34824	0.131184	0.0745803	-0.376404	0.86419	0	6.87453e-08	0	0	0	
-0.424426	49.9834	4.35205	0.112344	0.0776798	-0.377174	0.86419	0	6.87453e-08	0	0	0	
-0.206724	49.9885	4.35601	0.0934648	0.0808221	-0.378018	0.86419	0	6.87453e-08	0	0	0	
0.0111796	49.9927	4.36013	0.074541	0.0840084	-0.378938	0.86419	0	6.87453e-08	0	0	0	
0.229294	49.996	4.36442	0.0555692	0.0872399	-0.379936	0.86419	0	6.87453e-08	0	0	0	
0.447626	49.9983	4.36886	0.0365455	0.0905179	-0.381013	0.86419	0	6.87453e-08	0	0	0	
0.666185	49.9996	4.37347	0.017466	0.0938437	-0.38217	0.86419	0	6.87453e-08	0	0	0	
0.884978	50	4.37825	-0.00167346	0.0972185	-0.383409	0.86419	0	6.87453e-08	0	0	0	
1.10401	49.9994	4.38319	-0.0208769	0.100644	-0.38473	0.86419	0	6.87453e-08	0	0	0	
1.3233	49.9979	4.38831	-0.0401486	0.104121	-0.386136	0.86419	0	6.87453e-08	0	0	0	
1.54285	49.9954	4.39361	-0.0594927	0.107651	-0.387629	0.86419	0	6.87453e-08	0	0	0	
1.76267	49.9919	4.39908	-0.0789137	0.111236	-0.389209	0.86419	0	6.87453e-08	0	0	0	
1.98277	49.9875	4.40474	-0.0984159	0.114878	-0.390879	0.86419	0	6.87453e-08	0	0	0	
2.20315	49.9821	4.41057	-0.118004	0.118577	-0.392641	0.86419	0	6.87453e-08	0	0	0	
2.42383	49.9757	4.4166	-0.137682	0.122335	-0.394496	0.86419	0	6.87453e-08	0	0	0	
2.64481	49.9683	4.42281	-0.157456	0.126154	-0.396446	0.86419	0	6.87453e-08	0	0	0	
2.86612	49.9599	4.42921	-0.17733	0.130035	-0.398494	0.86419	0	6.87453e-08	0	0	0	
3.08774	49.9505	4.43582	-0.197308	0.133981	-0.400642	0.86419	0	6.87453e-08	0	0	0	
3.3097	49.9402	4.44262	-0.217397	0.137992	-0.402892	0.86419	0	6.87453e-08	0	0	0	
3.53201	49.9288	4.44962	-0.2376	0.14207	-0.405247	0.86419	0	6.87453e-08	0	0	0	
3.75467	49.9164	4.45683	-0.257924	0.146218	-0.407708	0.86419	0	6.87453e-08	0	0	0	
3.9777	49.903	4.46424	-0.278374	0.150436	-0.410279	0.86419	0	6.87453e-08	0	0	0	
4.2011	49.8885	4.47187	-0.298956	0.154726	-0.412963	0.86419	0	6.87453e-08	0	0	0	
4.42489	49.8731	4.47972	-0.319674	0.15909	-0.415761	0.86419	0	6.87453e-08	0	0	0	
4.64908	49.8565	4.48779	-0.340535	0.163531	-0.418678	0.86419	0	6.87453e-08	0	0	0	
4.87368	49.839	4.49608	-0.361545	0.168048	-0.421715	0.86419	0	6.87453e-08	0	0	0	
5.0987	49.8204	4.50459	-0.38271	0.172645	-0.424876	0.86419	0	6.87453e-08	0	0	0	
5.32415	49.8007	4.51334	-0.404036	0.177322	-0.428165	0.86419	0	6.87453e-08	0	0	0	
5.55004	49.7799	4.52233	-0.42553	0.182082	-0.431584	0.86419	0	6.87453e-08	0	0	0	
5.77639	49.7581	4.53156	-0.447199	0.186925	-0.435138	0.86419	0	6.87453e-08	0	0	0	
6.0032	49.7352	4.54103	-0.469048	0.191855	-0.438829	0.86419	0	6.87453e-08	0	0	0	
6.2305	49.7112	4.55075	-0.491086	0.196872	-0.442662	0.86419	0	6.87453e-08	0	0	0	
6.45829	49.6861	4.56072	-0.513319	0.201977	-0.44664	0.86419	0	6.87453e-08	0	0	0	
6.68658	49.6598	4.57095	-0.535755	0.207173	-0.450768	0.86419	0	6.87453e-08	0	0	0	
6.91539	49.6325	4.58144	-0.5584	0.21246	-0.455049	0.86419	0	6.87453e-08	0	0	0	
7.14473	49.604	4.5922	-0.581264	0.217841	-0.459487	0.86419	0	6.87453e-08	0	0	0	
7.37462	49.5743	4.60323	-0.604354	0.223315	-0.464088	0.86419	0	6.87453e-08	0	0	0	
7.60506	49.5435	4.61453	-0.627678	0.228885	-0.468856	0.86419	0	6.87453e-08	0	0	0	
7.83608	49.5115	4.62612	-0.651245	0.234552	-0.473794	0.86419	0	6.87453e-08	0	0	0	
8.06769	49.4784	4.63799	-0.675063	0.240316	-0.478909	0.86419	0	6.87453e-08	0	0	0	
8.29989	49.444	4.65016	-0.699141	0.246177	-0.484205	0.86419	0	6.87453e-08	0	0	0	
8.53271	49.4084	4.66262	-0.723489	0.252138	-0.489687	0.86419	0	6.87453e-08	0	0	0	
8.76616	49.3716	4.67537	-0.748116	0.258198	-0.49536	0.86419	0	6.87453e-08	0	0	0	
9.00026	49.3336	4.68844	-0.773031	0.264357	-0.501229	0.86419	0	6.87453e-08	0	0	0	
9.23502	49.2943	4.70182	-0.798245	0.270616	-0.5073	0.86419	0	6.87453e-08	0	0	0	
9.47045	49.2538	4.71551	-0.823768	0.276974	-0.513579	0.86419	0	6.87453e-08	0	0	0	
9.70658	49.2119	4.72952	-0.84961	0.283431	-0.520071	0.86419	0	6.87453e-08	0	0	0	
9.94342	49.1688	4.74385	-0.875782	0.289986	-0.526782	0.86419	0	6.87453e-08	0	0	0	
10.181	49.1243	4.75852	-0.902295	0.296638	-0.533718	0.86419	0	6.87453e-08	0	0	0	
10.4193	49.0785	4.77352	-0.929161	0.303385	-0.540884	0.86419	0	6.87453e-08	0	0	0	
10.6583	49.0314	4.78886	-0.956391	0.310225	-0.548287	0.86419	0	6.87453e-08	0	0	0	
10.8982	48.9828	4.80455	-0.983998	0.317157	-0.555933	0.86419	0	6.87453e-08	0	0	0	
11.1388	48.9329	4.82059	-1.01199	0.324177	-0.563828	0.86419	0	6.87453e-08	0	0	0	
11.3802	48.8816	4.83697	-1.04039	0.331282	-0.571978	0.86419	0	6.87453e-08	0	0	0	
11.6225	48.8289	4.85372	-1.0692	0.338468	-0.580389	0.86419	0	6.87453e-08	0	0	0	
11.8656	48.7747	4.87082	-1.09844	0.345731	-0.589067	0.86419	0	6.87453e-08	0	0	0	
12.1096	48.719	4.8883	-1.12811	0.353066	-0.598018	0.86419	0	6.87453e-08	0	0	0	
12.3545	48.6618	4.90614	-1.15825	0.360466	-0.607249	0.86419	0	6.87453e-08	0	0	0	
12.6002	48.6031	4.92435	-1.18885	0.367925	-0.616765	0.86419	0	6.87453e-08	0	0	0	
12.8469	48.5429	4.94293	-1.21993	0.375436	-0.626572	0.86419	0	6.87453e-08	0	0	0	
13.0945	48.4811	4.9619	-1.25152	0.38299	-0.636676	0.86419	0	6.87453e-08	0	0	0	
13.3431	48.4177	4.98124	-1.28361	0.390578	-0.647081	0.86419	0	6.87453e-08	0	0	0	
13.5927	48.3527	5.00096	-1.31623	0.398189	-0.657794	0.86419	0	6.87453e-08	0	0	0	
13.8432	48.2861	5.02106	-1.3494	0.405811	-0.668817	0.86419	0	6.87453e-08	0	0	0	
14.0948	48.2177	5.04154	-1.38313	0.413432	-0.680157	0.86419	0	6.87453e-08	0	0	0	
14.3474	48.1477	5.06241	-1.41743	0.421038	-0.691816	0.86419	0	6.87453e-08	0	0	0	
14.6011	48.076	5.08365	-1.45232	0.428613	-0.703797	0.86419	0	6.87453e-08	0	0	0	
14.8558	48.0025	5.10527	-1.48782	0.436141	-0.716104	0.86419	0	6.87453e-08	0	0	0	
15.1116	47.9271	5.12727	-1.52394	0.443602	-0.728738	0.86419	0	6.87453e-08	0	0	0	
15.3685	47.85	5.14963	-1.56071	0.450976	-0.741701	0.86419	0	6.87453e-08	0	0	0	
15.6266	47.771	5.17237	-1.59812	0.458242	-0.754992	0.86419	0	6.87453e-08	0	0	0	
15.8858	47.6902	5.19546	-1.63622	0.465375	-0.76861	0.86419	0	6.87453e-08	0	0	0	
16.1461	47.6074	5.2189	-1.675	0.472351	-0.782554	0.86419	0	6.87453e-08	0	0	0	
16.4077	47.5226	5.24269	-1.71448	0.47914	-0.79682	0.86419	0	6.87453e-08	0	0	0	
16.6704	47.4359	5.26682	-1.75469	0.485714	-0.811404	0.86419	0	6.87453e-08	0	0	0	
16.9344	47.3471	5.29126	-1.79564	0.49204	-0.826298	0.864191	0	6.87453e-08	0	0	0	
17.1996	47.2563	5.31602	-1.83733	0.498084	-0.841496	0.864191	0	6.87453e-08	0	0	0	
17.466	47.1633	5.34107	-1.8798	0.503809	-0.856987	0.864191	0	6.87453e-08	0	0	0	
17.7337	47.0683	5.3664	-1.92305	0.509176	-0.872759	0.864191	0	6.87453e-08	0	0	0	
18.0026	46.971	5.39198	-1.96709	0.514143	-0.888799	0.864191	0	6.87453e-08	0	0	0	
18.2729	46.8715	5.41781	-2.01194	0.518668	-0.90509	0.864191	0	6.87453e-08	0	0	0	
18.5444	46.7697	5.44384	-2.05761	0.522702	-0.921613	0.864191	0	6.87453e-08	0	0	0	
18.8173	46.6657	5.47007	-2.10411	0.526197	-0.938346	0.864191	0	6.87453e-08	0	0	0	
19.0915	46.5593	5.49646	-2.15145	0.529103	-0.955265	0.864191	0	6.87453e-08	0	0	0	
19.3669	46.4505	5.52297	-2.19965	0.531365	-0.972342	0.864191	0	6.87453e-08	0	0	0	
19.6438	46.3393	5.54958	-2.2487	0.532928	-0.989548	0.864191	0	6.87453e-08	0	0	0	
19.9219	46.2256	5.57625	-2.29861	0.533734	-1.00685	0.864191	0	6.87453e-08	0	0	0	
20.2014	46.1094	5.60294	-2.34939	0.533724	-1.0242	0.864191	0	6.87453e-08	0	0	0	
20.4822	45.9906	5.62961	-2.40104	0.532835	-1.04157	0.864191	0	6.87453e-08	0	0	0	
20.7644	45.8692	5.65621	-2.45356	0.531004	-1.05891	0.864191	0	6.87453e-08	0	0	0	
21.0478	45.7452	5.68269	-2.50694	0.528169	-1.07617	0.864191	0	6.87453e-08	0	0	0	
21.3326	45.6184	5.70901	-2.56118	0.524263	-1.0933	0.864191	0	6.87453e-08	0	0	0	
21.6187	45.489	5.7351	-2.61628	0.519223	-1.11024	0.864191	0	6.87453e-08	0	0	0	
21.9062	45.3568	5.76091	-2.67221	0.512982	-1.12693	0.864191	0	6.87453e-08	0	0	0	
22.1948	45.2217	5.78637	-2.72897	0.505476	-1.14331	0.864191	0	6.87453e-08	0	0	0	
22.4848	45.0838	5.81143	-2.78654	0.496642	-1.15931	0.864191	0	6.87453e-08	0	0	0	
22.776	44.943	5.83601	-2.8449	0.486418	-1.17485	0.864191	0	6.87453e-08	0	0	0	
23.0684	44.7993	5.86004	-2.90403	0.474743	-1.18987	0.864191	0	6.87453e-08	0	0	0	
23.362	44.6525	5.88345	-2.96389	0.461562	-1.20428	0.864191	0	6.87453e-08	0	0	0	
23.6567	44.5028	5.90616	-3.02445	0.44682	-1.21801	0.864191	0	6.87453e-08	0	0	0	
23.9526	44.35	5.9281	-3.08568	0.430469	-1.23096	0.864191	0	6.87453e-08	0	0	0	
24.2495	44.1942	5.94917	-3.14754	0.412464	-1.24305	0.864191	0	6.87453e-08	0	0	0	
24.5475	44.0352	5.96931	-3.20998	0.392766	-1.2542	0.864191	0	6.87453e-08	0	0	0	
24.8464	43.8731	5.98841	-3.27295	0.371342	-1.26431	0.864191	0	6.87453e-08	0	0	0	
25.1463	43.7079	6.0064	-3.3364	0.348167	-1.2733	0.864191	0	6.87453e-08	0	0	0	
25.4471	43.5394	6.02319	-3.40026	0.323222	-1.28106	0.864191	0	6.87453e-08	0	0	0	
25.7486	43.3678	6.03868	-3.46448	0.296495	-1.28752	0.864191	0	6.87453e-08	0	0	0	
26.0509	43.1929	6.05279	-3.52899	0.267984	-1.29258	0.864191	0	6.87453e-08	0	0	0	
26.3539	43.0148	6.06543	-3.59372	0.237695	-1.29616	0.864191	0	6.87453e-08	0	0	0	
26.6574	42.8335	6.07652	-3.65858	0.205643	-1.29815	0.864191	0	6.87453e-08	0	0	0	
26.9615	42.6489	6.08595	-3.72351	0.171852	-1.29849	0.864191	0	6.87453e-08	0	0	0	
27.266	42.4611	6.09366	-3.7884	0.136355	-1.29709	0.864191	0	6.87453e-08	0	0	0	
27.5708	42.27	6.09954	-3.85319	0.0991964	-1.29388	0.864191	0	6.87453e-08	0	0	0	
27.8759	42.0757	6.10353	-3.91776	0.0604273	-1.28877	0.864191	0	6.87453e-08	0	0	0	
28.1811	41.8782	6.10554	-3.98203	0.0201096	-1.28171	0.864191	0	6.87453e-08	0	0	0	
28.4864	41.6775	6.1055	-4.04589	-0.0216862	-1.27262	0.864191	0	6.87453e-08	0	0	0	
28.7916	41.4736	6.10333	-4.10925	-0.0648808	-1.26146	0.864191	0	6.87453e-08	0	0	0	
29.0967	41.2665	6.09896	-4.172	-0.109387	-1.24817	0.864191	0	6.87453e-08	0	0	0	
29.4015	41.0564	6.09234	-4.23402	-0.155109	-1.23272	0.864191	0	6.87453e-08	0	0	0	
29.7059	40.8431	6.08341	-4.29522	-0.201945	-1.21505	0.864191	0	6.87453e-08	0	0	0	
30.0097	40.6268	6.07211	-4.35548	-0.249786	-1.19515	0.864191	0	6.87453e-08	0	0	0	
30.313	40.4075	6.05839	-4.41469	-0.298517	-1.17299	0.864191	0	6.87453e-08	0	0	0	
30.6155	40.1853	6.04222	-4.47273	-0.348018	-1.14856	0.864191	0	6.87453e-08	0	0	0	
30.9172	39.9602	6.02356	-4.52949	-0.398166	-1.12185	0.864191	0	6.87453e-08	0	0	0	
31.2178	39.7323	6.00237	-4.58486	-0.448831	-1.09287	0.864191	0	6.87453e-08	0	0	0	
31.5173	39.5017	5.97864	-4.63873	-0.499884	-1.06163	0.864191	0	6.87453e-08	0	0	0	
31.8156	39.2684	5.95235	-4.69097	-0.551192	-1.02813	0.864191	0	6.87453e-08	0	0	0	
32.1125	39.0326	5.92349	-4.74149	-0.602623	-0.992423	0.864191	0	6.87453e-08	0	0	0	
32.4079	38.7943	5.89206	-4.79016	-0.654042	-0.954524	0.864191	0	6.87453e-08	0	0	0	
32.7016	38.5536	5.85807	-4.83688	-0.705317	-0.91448	0.864191	0	6.87453e-08	0	0	0	
32.9936	38.3106	5.82151	-4.88155	-0.756317	-0.872338	0.864191	0	6.87453e-08	0	0	0	
33.2837	38.0654	5.78242	-4.92406	-0.806911	-0.828152	0.864191	0	6.87453e-08	0	0	0	
33.5718	37.8182	5.7408	-4.96431	-0.856975	-0.781984	0.864191	0	6.87453e-08	0	0	0	
33.8577	37.569	5.6967	-5.00221	-0.906386	-0.7339	0.864191	0	6.87453e-08	0	0	0	
34.1414	37.318	5.65015	-5.03765	-0.955025	-0.683974	0.864191	0	6.87453e-08	0	0	0	
34.4226	37.0652	5.60119	-5.07055	-1.00278	-0.632283	0.864191	0	6.87453e-08	0	0	0	
34.7014	36.8109	5.54987	-5.10082	-1.04954	-0.578908	0.864191	0	6.87453e-08	0	0	0	
34.9775	36.5552	5.49623	-5.12839	-1.09521	-0.523937	0.864191	0	6.87453e-08	0	0	0	
35.2509	36.2981	5.44035	-5.15316	-1.13969	-0.467459	0.864191	0	6.87453e-08	0	0	0	
35.5215	36.0399	5.38226	-5.17508	-1.18289	-0.409567	0.864191	0	6.87453e-08	0	0	0	
35.7891	35.7806	5.32206	-5.19407	-1.22473	-0.350356	0.864191	0	6.87453e-08	0	0	0	
36.0536	35.5205	5.25979	-5.21006	-1.26515	-0.289923	0.864191	0	6.87453e-08	0	0	0	
36.315	35.2596	5.19555	-5.22301	-1.30406	-0.228365	0.864191	0	6.87453e-08	0	0	0	
36.5731	34.9982	5.1294	-5.23285	-1.34141	-0.165783	0.864191	0	6.87453e-08	0	0	0	
36.8278	34.7364	5.06142	-5.23954	-1.37716	-0.102275	0.864191	0	6.87453e-08	0	0	0	
37.0792	34.4743	4.99169	-5.24303	-1.41126	-0.0379396	0.864191	0	6.87453e-08	0	0	0	
37.3269	34.2121	4.9203	-5.24329	-1.44367	0.0271254	0.864191	0	6.87453e-08	0	0	0	
37.5711	33.95	4.84733	-5.24028	-1.47438	0.0928238	0.864191	0	6.87453e-08	0	0	0	
37.8116	33.6881	4.77288	-5.23397	-1.50336	0.159061	0.864191	0	6.87453e-08	0	0	0	
38.0483	33.4266	4.69701	-5.22433	-1.5306	0.225746	0.864191	0	6.87453e-08	0	0	0	
38.2812	33.1657	4.61983	-5.21135	-1.5561	0.292789	0.864191	0	6.87453e-08	0	0	0	
38.5102	32.9056	4.54142	-5.19502	-1.57987	0.360106	0.864191	0	6.87453e-08	0	0	0	
38.7353	32.6463	4.46186	-5.17531	-1.60191	0.427613	0.864191	0	6.87453e-08	0	0	0	
38.9563	32.3881	4.38125	-5.15222	-1.62225	0.495234	0.864191	0	6.87453e-08	0	0	0	
39.1733	32.1311	4.29966	-5.12575	-1.64091	0.562896	0.864191	0	6.87453e-08	0	0	0	
39.3862	31.8756	4.21717	-5.0959	-1.65792	0.63053	0.864191	0	6.87453e-08	0	0	0	
39.595	31.6216	4.13388	-5.06266	-1.67333	0.698073	0.864191	0	6.87453e-08	0	0	0	
39.7996	31.3694	4.04986	-5.02606	-1.68718	0.765468	0.864191	0	6.87453e-08	0	0	0	
39.9999	31.1191	3.96518	-4.98609	-1.69952	0.832663	0.864191	0	6.87453e-08	0	0	0	
40.196	30.8708	3.87993	-4.94276	-1.7104	0.899612	0.864191	0	6.87453e-08	0	0	0	
40.3878	30.6248	3.79416	-4.8961	-1.71989	0.966274	0.864191	0	6.87453e-08	0	0	0	
40.5754	30.3813	3.70796	-4.84611	-1.72805	1.03262	0.864191	0	6.87453e-08	0	0	0	
40.7586	30.1403	3.62137	-4.79281	-1.73496	1.09861	0.864191	0	6.87453e-08	0	0	0	
40.9374	29.9021	3.53448	-4.73622	-1.74069	1.16424	0.864191	0	6.87453e-08	0	0	0	
41.112	29.6668	3.44732	-4.67636	-1.74532	1.22949	0.864191	0	6.87453e-08	0	0	0	
41.2821	29.4345	3.35996	-4.61324	-1.74892	1.29436	0.864191	0	6.87453e-08	0	0	0	
41.4479	29.2055	3.27244	-4.54689	-1.7516	1.35883	0.864191	0	6.87453e-08	0	0	0	
41.6093	28.9799	3.18481	-4.47733	-1.75343	1.42293	0.864191	0	6.87453e-08	0	0	0	
41.7663	28.7579	3.09711	-4.40458	-1.75452	1.48666	0.864191	0	6.87453e-08	0	0	0	
41.919	28.5395	3.00937	-4.32864	-1.75495	1.55005	0.864191	0	6.87453e-08	0	0	0	
42.0672	28.3251	2.92162	-4.24954	-1.75483	1.61313	0.864191	0	6.87453e-08	0	0	0	
42.2111	28.1147	2.8339	-4.1673	-1.75427	1.67593	0.864191	0	6.87453e-08	0	0	0	
42.3506	27.9084	2.7462	-4.08192	-1.75336	1.7385	0.864191	0	6.87453e-08	0	0	0	
42.4857	27.7066	2.65856	-3.99342	-1.75222	1.8009	0.864191	0	6.87453e-08	0	0	0	
42.6164	27.5092	2.57099	-3.90181	-1.75095	1.86317	0.864191	0	6.87453e-08	0	0	0	
42.7427	27.3165	2.48347	-3.80708	-1.74968	1.9254	0.864191	0	6.87453e-08	0	0	0	
42.8647	27.1286	2.39602	-3.70923	-1.74852	1.98765	0.864191	0	6.87453e-08	0	0	0	
42.9823	26.9457	2.30861	-3.60828	-1.7476	2.05002	0.864191	0	6.87453e-08	0	0	0	
43.0955	26.7679	2.22125	-3.5042	-1.74704	2.11259	0.864191	0	6.87453e-08	0	0	0	
43.2043	26.5953	2.1339	-3.39698	-1.74698	2.17548	0.864191	0	6.87453e-08	0	0	0	
43.3088	26.4283	2.04654	-3.28661	-1.74754	2.23878	0.864191	0	6.87453e-08	0	0	0	
43.4089	26.2668	1.95913	-3.17306	-1.74887	2.30262	0.864191	0	6.87453e-08	0	0	0	
43.5047	26.1111	1.87164	-3.05631	-1.75111	2.36714	0.864191	0	6.87453e-08	0	0	0	
43.5961	25.9613	1.784	-2.9363	-1.75442	2.43246	0.864191	0	6.87453e-08	0	0	0	
43.683	25.8176	1.69617	-2.81301	-1.75896	2.49875	0.864191	0	6.87453e-08	0	0	0	
43.7656	25.6801	1.60808	-2.68638	-1.76489	2.56617	0.864191	0	6.87453e-08	0	0	0	
43.8438	25.549	1.51966	-2.55634	-1.7724	2.63488	0.864191	0	6.87453e-08	0	0	0	
43.9175	25.4246	1.43081	-2.42283	-1.78166	2.70507	0.864191	0	6.87453e-08	0	0	0	
43.9868	25.3069	1.34145	-2.28577	-1.79287	2.77695	0.864191	0	6.87453e-08	0	0	0	
44.0516	25.1961	1.25148	-2.14507	-1.80624	2.85071	0.864191	0	6.87453e-08	0	0	0	
44.1119	25.0925	1.16078	-2.00062	-1.82199	2.92658	0.864191	0	6.87453e-08	0	0	0	
44.1677	24.9962	1.06923	-1.85233	-1.84037	3.0048	0.864191	0	6.87453e-08	0	0	0	
44.2188	24.9074	0.976686	-1.70006	-1.86162	3.08563	0.864191	0	6.87453e-08	0	0	0	
44.2653	24.8263	0.883003	-1.54368	-1.88601	3.16931	0.864191	0	6.87453e-08	0	0	0	
44.307	24.7532	0.788014	-1.38303	-1.91385	3.25615	0.864191	0	6.87453e-08	0	0	0	
44.344	24.6882	0.691541	-1.21796	-1.94543	3.34643	0.864191	0	6.87453e-08	0	0	0	
44.3761	24.6316	0.593386	-1.04828	-1.98112	3.44047	0.864191	0	6.87453e-08	0	0	0	
44.4032	24.5835	0.493335	-0.8738	-2.02127	3.53859	0.864191	0	6.87453e-08	0	0	0	
44.4253	24.5444	0.391156	-0.6943	-2.06629	3.64116	0.864191	0	6.87453e-08	0	0	0	
44.4423	24.5143	0.286594	-0.509552	-2.11661	3.74852	0.864191	0	6.87453e-08	0	0	0	
44.4539	24.4936	0.179373	-0.319307	-2.17271	3.86105	0.864191	0	6.87453e-08	0	0	0	
44.4601	24.4826	0.0691893	-0.123296	-2.2351	3.97917	0.864191	0	6.87453e-08	0	0	0	
44.4607	24.4815	-0.0442842	0.0787699	-2.30434	4.10326	0.864191	0	6.87453e-08	0	0	0	
44.4556	24.4906	-0.161406	0.2872	-2.38105	4.23375	0.864191	0	6.87453e-08	0	0	0	
44.4445	24.5104	-0.282566	0.502326	-2.4659	4.37108	0.864191	0	6.87453e-08	0	0	0	
44.4272	24.5411	-0.408189	0.7245	-2.55962	4.51568	0.864191	0	6.87453e-08	0	0	0	
44.4035	24.5831	-0.538738	0.954097	-2.663	4.66799	0.864191	0	6.87453e-08	0	0	0	
44.3732	24.6368	-0.674719	1.19151	-2.77692	4.82845	0.864191	0	6.87453e-08	0	0	0	
44.3359	24.7025	-0.816681	1.43717	-2.90232	4.9975	0.864191	0	6.87453e-08	0	0	0	
44.2913	24.7808	-0.965226	1.6915	-3.04024	5.17554	0.864191	0	6.87453e-08	0	0	0	
44.2391	24.8719	-1.12101	1.95497	-3.19181	5.36295	0.864191	0	6.87453e-08	0	0	0	
44.179	24.9765	-1.28473	2.22805	-3.35824	5.56009	0.864191	0	6.87453e-08	0	0	0	
44.1104	25.0951	-1.45719	2.51125	-3.54088	5.76725	0.864191	0	6.87453e-08	0	0	0	
44.033	25.228	-1.63921	2.80505	-3.74116	5.98464	0.864191	0	6.87453e-08	0	0	0	
43.9463	25.3759	-1.83173	3.10999	-3.96064	6.2124	0.864191	0	6.87453e-08	0	0	0	
43.8496	25.5393	-2.03574	3.42658	-4.20101	6.45053	0.864191	0	6.87453e-08	0	0	0	
43.7424	25.7189	-2.25233	3.75534	-4.46408	6.69891	0.864191	0	6.87453e-08	0	0	0	
43.624	25.9152	-2.48269	4.09677	-4.75178	6.95722	0.864191	0	6.87453e-08	0	0	0	
43.4937	26.129	-2.72811	4.45135	-5.06617	7.22495	0.864191	0	6.87453e-08	0	0	0	
43.3508	26.3608	-2.98996	4.81954	-5.40946	7.5013	0.864191	0	6.87453e-08	0	0	0	
43.1943	26.6114	-3.26975	5.20175	-5.78394	7.78519	0.864191	0	6.87453e-08	0	0	0	
