attack_ang_-8.000000	attack_ang_-6.000000	attack_ang_-4.000000	attack_ang_-2.000000	attack_ang_0.000000	attack_ang_2.000000	attack_ang_4.000000	attack_ang_6.000000	attack_ang_8.000000	attack_ang_10.000000	attack_ang_12.000000	attack_ang_14.000000	attack_ang_16.000000	attack_ang_18.000000	attack_ang_20.000000	
attack_ang_incr,attack_ang_stay,attack_ang_decr
0.333047,0.333056,0.333897	0.331912,0.332745,0.335343	0.330807,0.333576,0.335617	0.33093,0.332908,0.336162	0.329234,0.332583,0.338183	0.326226,0.331992,0.341782	0.323135,0.332943,0.343922	0.323357,0.334112,0.342531	0.32497,0.332971,0.34206	0.325058,0.334048,0.340894	0.327595,0.334132,0.338273	0.328948,0.333127,0.337925	0.329494,0.334113,0.336393	0.331585,0.333765,0.33465	0.332759,0.333621,0.33362	
0.333043,0.333053,0.333904	0.33189,0.332734,0.335375	0.330755,0.333572,0.335672	0.330853,0.332893,0.336254	0.329133,0.332591,0.338276	0.326164,0.33201,0.341826	0.323104,0.332936,0.34396	0.323254,0.334055,0.342691	0.324757,0.332959,0.342284	0.32487,0.334075,0.341055	0.327492,0.334148,0.33836	0.328891,0.333129,0.337979	0.32945,0.334125,0.336424	0.331565,0.333771,0.334664	0.332753,0.333624,0.333624	
0.333038,0.333047,0.333915	0.331859,0.33273,0.33541	0.330702,0.333568,0.33573	0.330794,0.332895,0.336311	0.329086,0.332595,0.338319	0.326133,0.332017,0.34185	0.323088,0.332937,0.343975	0.323226,0.334047,0.342727	0.324698,0.332955,0.342347	0.324793,0.334074,0.341133	0.327389,0.334141,0.33847	0.328778,0.333138,0.338084	0.329379,0.334139,0.336482	0.331534,0.333776,0.33469	0.332743,0.33363,0.333627	
0.332875,0.332884,0.334241	0.331424,0.332807,0.335769	0.330472,0.333593,0.335935	0.33065,0.332918,0.336432	0.329041,0.332638,0.338321	0.326139,0.331985,0.341876	0.323021,0.332929,0.34405	0.32314,0.334036,0.342824	0.324595,0.332957,0.342448	0.32469,0.33407,0.341241	0.3273,0.334154,0.338545	0.328726,0.333143,0.338131	0.329347,0.334148,0.336504	0.331524,0.333778,0.334698	0.33274,0.333632,0.333628	
0.332861,0.33287,0.334269	0.331343,0.332771,0.335886	0.330342,0.333597,0.336061	0.330574,0.332947,0.336479	0.329075,0.332679,0.338246	0.326096,0.331857,0.342047	0.322812,0.332982,0.344206	0.323075,0.334042,0.342884	0.324542,0.332947,0.342511	0.324622,0.334071,0.341307	0.327231,0.334145,0.338623	0.328652,0.33315,0.338197	0.329296,0.334155,0.336549	0.331491,0.333785,0.334723	0.332728,0.333639,0.333633	
0.332861,0.33287,0.334269	0.331343,0.332771,0.335886	0.33034,0.333595,0.336064	0.330569,0.332948,0.336483	0.32903,0.332637,0.338333	0.325965,0.331865,0.34217	0.322682,0.33297,0.344348	0.322939,0.334054,0.343008	0.324448,0.332957,0.342595	0.324542,0.334058,0.341399	0.327135,0.334145,0.33872	0.328561,0.333146,0.338293	0.32922,0.334158,0.336622	0.33144,0.333791,0.334769	0.332703,0.333649,0.333649	
0.332861,0.33287,0.334269	0.331343,0.332771,0.335886	0.33034,0.333595,0.336064	0.330569,0.332948,0.336483	0.328989,0.332597,0.338415	0.325842,0.331871,0.342287	0.322545,0.332934,0.344521	0.322732,0.334056,0.343211	0.324264,0.332968,0.342768	0.324404,0.334079,0.341518	0.327114,0.334206,0.33868	0.328598,0.333097,0.338305	0.329157,0.33416,0.336683	0.331391,0.333803,0.334806	0.332686,0.333659,0.333654	
0.33283,0.33284,0.33433	0.331241,0.332768,0.335991	0.330268,0.333627,0.336105	0.330627,0.333005,0.336368	0.329063,0.332486,0.338452	0.325657,0.331858,0.342485	0.322352,0.332946,0.344702	0.322602,0.334074,0.343324	0.32419,0.332981,0.342829	0.324396,0.334112,0.341492	0.327187,0.334222,0.338591	0.328532,0.332962,0.338506	0.328894,0.334214,0.336893	0.331268,0.333832,0.3349	0.332645,0.333679,0.333676	
0.332815,0.332826,0.334359	0.331197,0.332771,0.336031	0.330237,0.333633,0.33613	0.330598,0.332993,0.336408	0.328978,0.332451,0.338571	0.325467,0.331813,0.342719	0.322122,0.332971,0.344906	0.322456,0.334086,0.343458	0.324109,0.333001,0.342889	0.324392,0.334139,0.341468	0.327307,0.334278,0.338415	0.328539,0.332781,0.33868	0.328599,0.334259,0.337141	0.331127,0.333878,0.334995	0.332615,0.333694,0.333691	
0.332815,0.332825,0.33436	0.331185,0.332762,0.336053	0.330187,0.333618,0.336195	0.330511,0.332992,0.336497	0.328942,0.332492,0.338566	0.325423,0.331699,0.342878	0.321837,0.333019,0.345144	0.322303,0.334108,0.34359	0.324036,0.33303,0.342934	0.324403,0.33416,0.341438	0.327337,0.334261,0.338403	0.328488,0.332742,0.33877	0.328467,0.334256,0.337277	0.331,0.333889,0.335111	0.332549,0.333728,0.333723	
0.332811,0.33282,0.334369	0.331166,0.33276,0.336073	0.330168,0.33362,0.336211	0.33051,0.333001,0.336489	0.328941,0.332477,0.338581	0.325305,0.33162,0.343075	0.321584,0.333022,0.345394	0.322112,0.334129,0.343759	0.32393,0.333049,0.343021	0.324352,0.334167,0.341482	0.327297,0.334253,0.338451	0.328421,0.332728,0.338851	0.328376,0.334253,0.337371	0.330918,0.333901,0.335181	0.332514,0.333746,0.33374	
0.332804,0.332817,0.334379	0.331145,0.332755,0.3361	0.330139,0.333624,0.336237	0.330484,0.332998,0.336518	0.328897,0.33247,0.338633	0.325236,0.331614,0.34315	0.321488,0.333007,0.345505	0.321988,0.334134,0.343878	0.323821,0.333057,0.343122	0.324256,0.334172,0.341571	0.327235,0.334263,0.338502	0.328407,0.332756,0.338838	0.328479,0.334308,0.337213	0.330909,0.333737,0.335354	0.332299,0.333851,0.33385	
0.332795,0.332803,0.334402	0.331107,0.33275,0.336143	0.330094,0.333629,0.336277	0.330437,0.332989,0.336575	0.328839,0.332469,0.338692	0.325173,0.331603,0.343224	0.321406,0.332998,0.345596	0.321902,0.334138,0.34396	0.323762,0.333072,0.343166	0.324301,0.334236,0.341462	0.327275,0.334108,0.338617	0.328172,0.332836,0.338992	0.328436,0.334333,0.337231	0.330924,0.333738,0.335339	0.332305,0.33385,0.333845	
0.332794,0.332803,0.334403	0.331103,0.332748,0.336149	0.330082,0.333624,0.336294	0.330419,0.332991,0.336589	0.328817,0.33246,0.338723	0.325119,0.331595,0.343286	0.321327,0.332991,0.345682	0.321829,0.334146,0.344025	0.32374,0.333098,0.343161	0.324331,0.334235,0.341434	0.327273,0.33408,0.338647	0.328095,0.332818,0.339086	0.328344,0.334346,0.33731	0.330875,0.333753,0.335372	0.332292,0.333856,0.333851	
0.33279,0.332798,0.334412	0.331083,0.332743,0.336173	0.330054,0.333622,0.336324	0.33038,0.332989,0.336631	0.328755,0.332447,0.338798	0.325033,0.331596,0.343371	0.321266,0.333001,0.345733	0.321809,0.33416,0.344031	0.323778,0.33313,0.343092	0.324489,0.334287,0.341224	0.327281,0.333881,0.338838	0.327764,0.332861,0.339375	0.328152,0.334382,0.337466	0.330789,0.33378,0.335431	0.332272,0.333866,0.333862	
0.332782,0.332789,0.334429	0.331054,0.33274,0.336206	0.330009,0.333614,0.336377	0.33031,0.332983,0.336707	0.328675,0.332451,0.338874	0.324968,0.331596,0.343436	0.321221,0.333015,0.345764	0.321805,0.334176,0.344019	0.323838,0.333162,0.343	0.324678,0.334355,0.340966	0.327386,0.333712,0.338902	0.327582,0.332887,0.339532	0.328049,0.334393,0.337559	0.330726,0.333789,0.335485	0.332245,0.33388,0.333875	
0.332777,0.332783,0.33444	0.331033,0.332736,0.33623	0.329984,0.333616,0.336399	0.330293,0.332985,0.336723	0.328657,0.33245,0.338893	0.324948,0.3316,0.343452	0.321215,0.333021,0.345764	0.321833,0.334195,0.343972	0.323919,0.33317,0.342911	0.324748,0.334323,0.340929	0.32733,0.33366,0.33901	0.327403,0.332885,0.339712	0.327877,0.334409,0.337714	0.330604,0.33381,0.335585	0.332197,0.333904,0.333899	
0.332777,0.332783,0.33444	0.331033,0.332736,0.33623	0.33,0.333634,0.336365	0.330261,0.332896,0.336842	0.328474,0.332492,0.339034	0.324887,0.331623,0.34349	0.32121,0.333026,0.345764	0.321845,0.334205,0.34395	0.323949,0.333173,0.342878	0.324773,0.334315,0.340911	0.327309,0.333639,0.339053	0.327328,0.332874,0.339797	0.327773,0.334413,0.337814	0.330523,0.333822,0.335655	0.332164,0.333919,0.333917	
0.33275,0.332756,0.334494	0.330994,0.332783,0.336223	0.330098,0.333662,0.33624	0.330337,0.332807,0.336856	0.328357,0.332512,0.339132	0.324808,0.331628,0.343564	0.321156,0.333039,0.345805	0.321828,0.334211,0.343961	0.323945,0.333167,0.342888	0.32476,0.334311,0.340929	0.327287,0.33363,0.339083	0.327292,0.332867,0.339841	0.327727,0.334409,0.337864	0.33048,0.333832,0.335688	0.332151,0.333923,0.333926	
0.33269,0.332696,0.334614	0.330848,0.332828,0.336324	0.330071,0.333674,0.336255	0.330331,0.332796,0.336874	0.328308,0.332491,0.339201	0.324729,0.331638,0.343634	0.32111,0.333048,0.345842	0.321806,0.334211,0.343983	0.323922,0.333166,0.342912	0.324743,0.334316,0.340941	0.327343,0.333691,0.338966	0.327342,0.332793,0.339865	0.327648,0.334428,0.337924	0.330445,0.333837,0.335719	0.332135,0.333932,0.333933	
0.332675,0.332681,0.334644	0.330792,0.332819,0.336389	0.33,0.333678,0.336322	0.330256,0.332781,0.336964	0.328202,0.332492,0.339306	0.324631,0.331639,0.34373	0.321027,0.333053,0.34592	0.321751,0.334222,0.344027	0.323908,0.333181,0.342911	0.324793,0.334345,0.340863	0.327449,0.333684,0.338868	0.327318,0.332678,0.340004	0.327432,0.334454,0.338114	0.330323,0.333867,0.33581	0.332098,0.333951,0.333951	
0.332661,0.332663,0.334676	0.330729,0.332812,0.336459	0.329935,0.33369,0.336375	0.330217,0.332783,0.337	0.328172,0.332495,0.339333	0.324616,0.331655,0.343729	0.321098,0.333109,0.345793	0.321777,0.334054,0.344168	0.323624,0.33324,0.343135	0.324694,0.334377,0.340929	0.327435,0.333686,0.338879	0.327288,0.332664,0.340047	0.327371,0.334452,0.338177	0.330268,0.333872,0.33586	0.332074,0.333965,0.333961	
0.332642,0.332646,0.334712	0.330673,0.332814,0.336514	0.329872,0.33368,0.336447	0.330137,0.332785,0.337078	0.328115,0.332508,0.339377	0.324604,0.331669,0.343727	0.32112,0.333111,0.34577	0.321845,0.33409,0.344065	0.32358,0.333099,0.343321	0.324443,0.334436,0.341121	0.327319,0.3337,0.338981	0.327212,0.332674,0.340114	0.327322,0.334456,0.338223	0.330239,0.333879,0.335882	0.332065,0.333968,0.333967	
0.332633,0.332637,0.33473	0.330642,0.33281,0.336548	0.329832,0.333679,0.336489	0.330096,0.332789,0.337115	0.328087,0.332514,0.339399	0.324602,0.331681,0.343717	0.32116,0.333132,0.345708	0.321909,0.334078,0.344013	0.323542,0.333032,0.343427	0.324248,0.334414,0.341338	0.327118,0.333727,0.339154	0.32709,0.332694,0.340216	0.327255,0.33447,0.338276	0.330205,0.333886,0.335909	0.332048,0.333979,0.333973	
0.332613,0.332618,0.334769	0.330572,0.332805,0.336623	0.329762,0.33369,0.336547	0.330088,0.332823,0.337089	0.328217,0.332579,0.339204	0.324721,0.331525,0.343755	0.321024,0.333169,0.345807	0.321867,0.334079,0.344054	0.323497,0.333025,0.343477	0.324193,0.334411,0.341396	0.32706,0.33372,0.33922	0.327026,0.332694,0.34028	0.327194,0.33447,0.338336	0.330158,0.333895,0.335948	0.33203,0.333988,0.333982	
0.332608,0.332613,0.334779	0.330554,0.332804,0.336642	0.329749,0.333696,0.336555	0.330099,0.332833,0.337068	0.328248,0.332576,0.339176	0.324712,0.331497,0.343791	0.320959,0.333159,0.345882	0.321794,0.334077,0.344128	0.323432,0.333028,0.343541	0.324149,0.334429,0.341422	0.327109,0.33378,0.339111	0.326986,0.332529,0.340485	0.326931,0.334553,0.338517	0.330091,0.333921,0.335989	0.332022,0.333994,0.333984	
0.332603,0.332608,0.334789	0.33054,0.332805,0.336655	0.329743,0.333702,0.336554	0.330107,0.332835,0.337058	0.328254,0.332569,0.339177	0.324696,0.331491,0.343813	0.320924,0.333154,0.345923	0.32175,0.334078,0.344172	0.323402,0.333038,0.343559	0.32415,0.334434,0.341416	0.327114,0.333773,0.339114	0.32695,0.332503,0.340547	0.326815,0.334527,0.338658	0.329953,0.33394,0.336107	0.331966,0.334019,0.334015	
0.332602,0.332604,0.334794	0.33053,0.3328,0.33667	0.329729,0.333702,0.336569	0.330098,0.332838,0.337064	0.328248,0.33257,0.339181	0.324684,0.331488,0.343828	0.320906,0.333153,0.345941	0.321733,0.334082,0.344186	0.323402,0.333048,0.34355	0.324195,0.33446,0.341345	0.327284,0.333837,0.338879	0.327035,0.332342,0.340623	0.326634,0.334574,0.338792	0.32989,0.333954,0.336156	0.331945,0.334032,0.334023	
0.332568,0.332571,0.33486	0.33045,0.332828,0.336722	0.329711,0.333701,0.336587	0.330082,0.332843,0.337075	0.328233,0.332565,0.339201	0.324665,0.331492,0.343843	0.32088,0.333154,0.345966	0.32171,0.334089,0.344201	0.323411,0.333057,0.343533	0.324235,0.334465,0.3413	0.327327,0.33383,0.338842	0.32704,0.332314,0.340646	0.326564,0.334566,0.33887	0.329814,0.333964,0.336222	0.331913,0.334047,0.33404	
0.332478,0.33248,0.335042	0.330198,0.332869,0.336933	0.329589,0.333731,0.336681	0.330039,0.332857,0.337104	0.328223,0.332568,0.339209	0.324662,0.331491,0.343847	0.320877,0.333154,0.345969	0.321709,0.334092,0.3442	0.323416,0.33306,0.343524	0.324248,0.334468,0.341284	0.327331,0.333818,0.338851	0.326992,0.33229,0.340717	0.326453,0.334545,0.339002	0.329682,0.333977,0.336342	0.331847,0.334079,0.334074	
0.332444,0.332446,0.33511	0.330077,0.332858,0.337065	0.329474,0.333748,0.336778	0.329975,0.332861,0.337164	0.32818,0.332576,0.339244	0.32464,0.331493,0.343868	0.320864,0.333158,0.345979	0.321708,0.334096,0.344196	0.323427,0.333063,0.34351	0.324265,0.33447,0.341265	0.327371,0.333837,0.338792	0.327131,0.332345,0.340524	0.326492,0.334379,0.339129	0.329466,0.33403,0.336504	0.331781,0.334112,0.334107	
0.332439,0.332441,0.33512	0.330096,0.332893,0.337011	0.329494,0.333669,0.336837	0.329902,0.332882,0.337216	0.328161,0.33258,0.339259	0.32463,0.331493,0.343877	0.320853,0.333159,0.345988	0.32171,0.334102,0.344188	0.323446,0.33307,0.343484	0.324307,0.334477,0.341216	0.327423,0.333837,0.33874	0.327162,0.332332,0.340506	0.326464,0.334358,0.339178	0.329382,0.334035,0.336583	0.331736,0.334129,0.334135	
0.332459,0.332462,0.335079	0.330177,0.332908,0.336915	0.329508,0.333567,0.336925	0.329703,0.332899,0.337397	0.328029,0.332592,0.33938	0.324549,0.331503,0.343949	0.320809,0.333169,0.346021	0.321697,0.33411,0.344193	0.323454,0.333078,0.343469	0.324331,0.334483,0.341186	0.327506,0.333894,0.3386	0.327229,0.332252,0.340519	0.326425,0.334369,0.339206	0.329371,0.33404,0.336589	0.331735,0.33413,0.334135	
0.332459,0.332462,0.335079	0.330173,0.332904,0.336923	0.329477,0.333549,0.336973	0.329629,0.332894,0.337476	0.327954,0.3326,0.339446	0.324501,0.331508,0.343992	0.320782,0.333176,0.346041	0.321693,0.334117,0.344191	0.32348,0.333091,0.343429	0.324416,0.334512,0.341071	0.327649,0.333884,0.338467	0.32723,0.332133,0.340637	0.326177,0.334387,0.339436	0.329212,0.334074,0.336715	0.331679,0.334159,0.334162	
0.332461,0.332464,0.335074	0.330174,0.332896,0.33693	0.329442,0.333537,0.337021	0.329571,0.3329,0.33753	0.327894,0.332596,0.33951	0.324447,0.331516,0.344037	0.320757,0.333183,0.34606	0.321702,0.334129,0.344169	0.323523,0.333104,0.343373	0.324479,0.334518,0.341003	0.327701,0.333872,0.338427	0.327264,0.332138,0.340598	0.32628,0.334446,0.339274	0.329229,0.333915,0.336856	0.331495,0.334252,0.334253	
0.332461,0.332464,0.335074	0.330174,0.332896,0.33693	0.329439,0.333533,0.337029	0.329561,0.3329,0.337538	0.327884,0.332594,0.339522	0.324435,0.331517,0.344048	0.320748,0.333191,0.346061	0.321717,0.334138,0.344145	0.323566,0.333113,0.343322	0.324545,0.334521,0.340935	0.327784,0.333883,0.338333	0.327397,0.332159,0.340444	0.326511,0.3345,0.33899	0.329377,0.333774,0.33685	0.33141,0.334296,0.334294	
0.332453,0.332455,0.335092	0.33013,0.33288,0.336989	0.329366,0.333538,0.337096	0.329493,0.332891,0.337616	0.327808,0.332604,0.339588	0.32439,0.331526,0.344084	0.320736,0.333197,0.346068	0.321728,0.334147,0.344125	0.323604,0.333123,0.343273	0.324615,0.334535,0.340851	0.327893,0.333894,0.338213	0.327536,0.332169,0.340295	0.326634,0.334476,0.338891	0.329404,0.333737,0.336859	0.331381,0.334311,0.334308	
0.332483,0.332486,0.335032	0.330268,0.332926,0.336805	0.329425,0.333357,0.337218	0.329191,0.332946,0.337862	0.327636,0.332616,0.339748	0.324274,0.331552,0.344174	0.320695,0.333208,0.346097	0.321731,0.334155,0.344114	0.323628,0.333127,0.343245	0.324647,0.33454,0.340814	0.327929,0.333894,0.338177	0.327564,0.332171,0.340265	0.326666,0.334479,0.338855	0.329425,0.333729,0.336845	0.331383,0.334311,0.334306	
0.332485,0.332483,0.335032	0.330262,0.33292,0.336818	0.329384,0.333339,0.337277	0.329092,0.332934,0.337974	0.32753,0.332634,0.339836	0.32422,0.331556,0.344224	0.320662,0.333218,0.34612	0.321732,0.334165,0.344103	0.323658,0.333139,0.343203	0.324707,0.334549,0.340744	0.328017,0.333908,0.338074	0.327683,0.332179,0.340138	0.32679,0.33448,0.33873	0.32957,0.333755,0.336675	0.331502,0.334252,0.334246	
0.332478,0.332476,0.335046	0.330228,0.332909,0.336862	0.329317,0.333329,0.337354	0.329001,0.33293,0.338068	0.327437,0.332637,0.339926	0.324149,0.331568,0.344284	0.320633,0.333229,0.346138	0.321735,0.334173,0.344092	0.323681,0.333142,0.343177	0.324744,0.334558,0.340698	0.328093,0.333929,0.337979	0.327818,0.332197,0.339986	0.326978,0.334497,0.338525	0.32983,0.333781,0.336389	0.331691,0.334157,0.334152	
0.332478,0.332476,0.335046	0.330228,0.332909,0.336862	0.329317,0.333329,0.337354	0.328996,0.332927,0.338076	0.327423,0.332635,0.339942	0.324127,0.331565,0.344309	0.320612,0.333233,0.346155	0.321736,0.334186,0.344077	0.323749,0.333177,0.343074	0.324935,0.334611,0.340454	0.328446,0.333988,0.337566	0.32806,0.33202,0.339921	0.326939,0.334562,0.3385	0.329924,0.333783,0.336293	0.331751,0.33413,0.334119	
0.332474,0.33247,0.335056	0.330207,0.332909,0.336883	0.329278,0.333317,0.337405	0.328936,0.332927,0.338137	0.327371,0.332649,0.33998	0.324125,0.331588,0.344287	0.320719,0.333284,0.345997	0.321855,0.334116,0.344029	0.323754,0.333203,0.343043	0.324994,0.334617,0.340389	0.328512,0.333994,0.337494	0.328131,0.332027,0.339842	0.327007,0.334552,0.338441	0.329958,0.333775,0.336267	0.331773,0.334119,0.334108	
0.332471,0.332468,0.335061	0.330195,0.332905,0.3369	0.329251,0.333312,0.337437	0.328903,0.332931,0.338166	0.327361,0.332659,0.33998	0.324156,0.331607,0.344236	0.320809,0.333312,0.345879	0.32189,0.334031,0.344079	0.323668,0.333241,0.343091	0.325028,0.334651,0.340321	0.328621,0.334,0.337379	0.32824,0.332019,0.339741	0.32708,0.334541,0.338379	0.329996,0.333765,0.336238	0.331784,0.334114,0.334102	
0.332471,0.332468,0.335061	0.330192,0.332903,0.336905	0.329244,0.333313,0.337444	0.328897,0.332932,0.338172	0.327369,0.332671,0.33996	0.3242,0.331619,0.344181	0.320865,0.333307,0.345828	0.321926,0.334026,0.344048	0.323698,0.333246,0.343056	0.325087,0.334669,0.340244	0.328748,0.334028,0.337224	0.328491,0.332078,0.339431	0.327227,0.334367,0.338406	0.329843,0.333804,0.336353	0.331738,0.334137,0.334125	
0.332467,0.332464,0.335069	0.330178,0.332901,0.336921	0.329225,0.333313,0.337461	0.328892,0.332945,0.338163	0.327457,0.332738,0.339804	0.324302,0.33149,0.344208	0.320726,0.33336,0.345914	0.321924,0.334036,0.344039	0.323724,0.333252,0.343024	0.325129,0.334682,0.340189	0.328824,0.334043,0.337133	0.32858,0.332066,0.339355	0.327266,0.334357,0.338377	0.329841,0.333797,0.336362	0.331733,0.334139,0.334128	
0.332463,0.332461,0.335076	0.330169,0.332902,0.336929	0.329229,0.333323,0.337447	0.328946,0.332973,0.338081	0.327561,0.33273,0.33971	0.324347,0.331453,0.344201	0.320677,0.333352,0.345971	0.321878,0.334059,0.344063	0.323741,0.333263,0.342996	0.325177,0.334685,0.340138	0.328882,0.334043,0.337075	0.328627,0.332058,0.339315	0.327292,0.334354,0.338354	0.329852,0.333801,0.336347	0.331743,0.334135,0.334121	
0.332467,0.332464,0.335069	0.330194,0.332916,0.336889	0.32933,0.333366,0.337304	0.32919,0.333024,0.337786	0.327747,0.332553,0.3397	0.324172,0.331486,0.344342	0.320601,0.333362,0.346038	0.321833,0.334062,0.344106	0.323721,0.333274,0.343005	0.325187,0.33469,0.340122	0.328903,0.334041,0.337056	0.328647,0.332058,0.339295	0.327311,0.33435,0.338339	0.329862,0.333798,0.33634	0.331746,0.334134,0.33412	
0.332475,0.332472,0.335053	0.330226,0.332922,0.336852	0.329372,0.333359,0.33727	0.329214,0.333017,0.337769	0.327756,0.332548,0.339696	0.324156,0.331476,0.344367	0.320551,0.333362,0.346087	0.321786,0.334077,0.344136	0.323703,0.333281,0.343016	0.325193,0.334696,0.340112	0.328929,0.334041,0.337031	0.328681,0.332056,0.339263	0.327337,0.334345,0.338318	0.329882,0.333795,0.336322	0.331758,0.33413,0.334111	
0.332354,0.332351,0.335295	0.329929,0.333018,0.337053	0.329326,0.333399,0.337275	0.329258,0.333017,0.337724	0.327785,0.33253,0.339685	0.32414,0.331471,0.344389	0.320524,0.333364,0.346113	0.321763,0.334078,0.344159	0.323686,0.333282,0.343032	0.325187,0.3347,0.340113	0.328933,0.334042,0.337025	0.328688,0.332058,0.339254	0.32735,0.334347,0.338303	0.329897,0.333795,0.336309	0.331766,0.334125,0.334109	
0.332335,0.332333,0.335332	0.329857,0.333004,0.337138	0.329248,0.333411,0.337341	0.329226,0.333031,0.337743	0.327784,0.332537,0.33968	0.324163,0.33148,0.344358	0.320629,0.333426,0.345946	0.321813,0.333942,0.344245	0.323523,0.333333,0.343143	0.32514,0.33471,0.34015	0.328921,0.334046,0.337033	0.328689,0.332061,0.33925	0.327358,0.334352,0.33829	0.329909,0.333795,0.336296	0.331771,0.334125,0.334104	
0.332334,0.332332,0.335333	0.329856,0.333004,0.33714	0.329242,0.333409,0.337349	0.329217,0.333033,0.337751	0.327806,0.332564,0.33963	0.324301,0.331542,0.344157	0.320725,0.333241,0.346034	0.321512,0.333944,0.344544	0.323265,0.333356,0.343378	0.324967,0.334732,0.340301	0.328824,0.33407,0.337106	0.328656,0.332071,0.339273	0.327353,0.334356,0.338291	0.329912,0.333796,0.336293	0.331774,0.334123,0.334102	
0.332331,0.332329,0.33534	0.32984,0.332999,0.33716	0.329222,0.333411,0.337367	0.329213,0.333041,0.337746	0.327822,0.33257,0.339608	0.324315,0.331538,0.344147	0.320719,0.333232,0.34605	0.321478,0.33393,0.344592	0.323186,0.33333,0.343484	0.324847,0.33474,0.340412	0.328746,0.334083,0.337171	0.32865,0.332107,0.339243	0.327505,0.334429,0.338066	0.330023,0.333645,0.336331	0.331658,0.334179,0.334163	
0.33233,0.332326,0.335344	0.329832,0.332995,0.337173	0.329213,0.333415,0.337373	0.329221,0.333051,0.337729	0.32786,0.332578,0.339562	0.324356,0.331524,0.34412	0.320701,0.333206,0.346094	0.321389,0.333915,0.344696	0.32308,0.333339,0.343581	0.32478,0.334754,0.340465	0.32873,0.334107,0.337163	0.328687,0.332117,0.339195	0.327553,0.334417,0.33803	0.330029,0.333631,0.33634	0.331643,0.334188,0.334169	
0.33233,0.332326,0.335344	0.329831,0.332995,0.337173	0.329213,0.333415,0.337372	0.329222,0.333052,0.337726	0.327866,0.332581,0.339553	0.324368,0.331524,0.344108	0.320727,0.333226,0.346047	0.321503,0.333961,0.344536	0.323071,0.333163,0.343767	0.324495,0.33481,0.340696	0.328604,0.334136,0.33726	0.328648,0.332129,0.339223	0.327547,0.334424,0.338029	0.330032,0.333634,0.336334	0.331649,0.334186,0.334165	
0.332328,0.332324,0.335348	0.329826,0.332994,0.337179	0.329212,0.33342,0.337368	0.329232,0.333055,0.337713	0.327893,0.332581,0.339527	0.324406,0.331529,0.344065	0.320785,0.333241,0.345974	0.321601,0.333986,0.344413	0.323255,0.3332,0.343545	0.32455,0.334641,0.340809	0.328382,0.334186,0.337432	0.328558,0.332157,0.339285	0.327517,0.334431,0.338051	0.33002,0.333639,0.336341	0.331647,0.334186,0.334167	
0.332327,0.332323,0.33535	0.329823,0.332995,0.337181	0.329214,0.333423,0.337363	0.329243,0.333058,0.337699	0.327916,0.332587,0.339497	0.324453,0.33154,0.344008	0.32086,0.33325,0.34589	0.321686,0.333982,0.344332	0.323301,0.33318,0.34352	0.324509,0.334602,0.340889	0.328269,0.334181,0.33755	0.328463,0.332171,0.339367	0.327492,0.334462,0.338047	0.330042,0.333627,0.336331	0.331645,0.334187,0.334168	
0.332328,0.332322,0.335349	0.329822,0.332995,0.337183	0.329214,0.333426,0.337361	0.329246,0.33306,0.337694	0.327927,0.332591,0.339482	0.324473,0.33154,0.343988	0.320877,0.333249,0.345873	0.321684,0.333977,0.344339	0.323278,0.333175,0.343546	0.324471,0.334598,0.340932	0.328233,0.334186,0.337581	0.328474,0.332204,0.339323	0.327606,0.334497,0.337897	0.33006,0.333487,0.336454	0.331485,0.334269,0.334246	
0.332328,0.332323,0.335349	0.329825,0.332995,0.33718	0.329221,0.333428,0.337351	0.329264,0.33306,0.337675	0.327946,0.332588,0.339466	0.324485,0.33154,0.343974	0.320901,0.333263,0.345835	0.321683,0.333889,0.344428	0.323117,0.333234,0.343649	0.324443,0.334612,0.340945	0.328234,0.334185,0.337581	0.328484,0.332209,0.339307	0.32763,0.3345,0.33787	0.330081,0.333475,0.336444	0.331475,0.334278,0.334246	
0.332328,0.332323,0.335349	0.329826,0.332996,0.337179	0.329223,0.333429,0.337347	0.329273,0.333063,0.337664	0.327968,0.332595,0.339437	0.324549,0.331566,0.343884	0.321039,0.333288,0.345673	0.321748,0.333795,0.344457	0.322979,0.333219,0.343802	0.324335,0.334659,0.341006	0.328162,0.334091,0.337747	0.328276,0.332294,0.33943	0.327608,0.334512,0.33788	0.330085,0.333474,0.33644	0.331477,0.334278,0.334246	
0.33233,0.332327,0.335343	0.329839,0.332999,0.337162	0.329246,0.333428,0.337326	0.329301,0.333066,0.337633	0.328006,0.332603,0.339391	0.324592,0.331559,0.343848	0.321057,0.333285,0.345659	0.321756,0.333795,0.344449	0.323006,0.333232,0.343761	0.324406,0.334673,0.340921	0.328204,0.334046,0.33775	0.328189,0.332264,0.339546	0.327491,0.334533,0.337976	0.330027,0.333491,0.336482	0.33146,0.334283,0.334257	
0.332336,0.332332,0.335333	0.329859,0.333009,0.337132	0.329342,0.333485,0.337173	0.329393,0.332933,0.337675	0.327842,0.332651,0.339508	0.324572,0.331585,0.343844	0.321088,0.33329,0.345623	0.321787,0.3338,0.344413	0.323051,0.333234,0.343715	0.324444,0.334666,0.34089	0.328199,0.334024,0.337778	0.328133,0.332256,0.339611	0.327427,0.334536,0.338037	0.329984,0.3335,0.336516	0.331446,0.33429,0.334264	
0.332352,0.332348,0.3353	0.32993,0.333021,0.337048	0.32943,0.333471,0.3371	0.329422,0.332913,0.337666	0.327868,0.332695,0.339437	0.32458,0.331459,0.343961	0.320888,0.33336,0.345752	0.321767,0.333814,0.344419	0.323063,0.333235,0.343702	0.324449,0.334661,0.34089	0.328187,0.334016,0.337797	0.3281,0.332251,0.339649	0.327386,0.334533,0.33808	0.329949,0.333505,0.336546	0.33143,0.334297,0.334273	
0.332358,0.332354,0.335288	0.329952,0.333024,0.337024	0.329466,0.33348,0.337054	0.329476,0.332912,0.337612	0.327912,0.332688,0.3394	0.32458,0.331433,0.343987	0.320818,0.333348,0.345834	0.321689,0.333826,0.344485	0.323023,0.333245,0.343732	0.324431,0.33466,0.340908	0.328165,0.334012,0.337823	0.328069,0.332247,0.339684	0.327346,0.334532,0.338122	0.329918,0.333509,0.336573	0.331417,0.334304,0.334279	
0.332373,0.332369,0.335259	0.33001,0.333038,0.336951	0.329557,0.333483,0.33696	0.329569,0.332907,0.337524	0.327974,0.332672,0.339354	0.324612,0.331438,0.34395	0.320911,0.333399,0.34569	0.321757,0.333678,0.344565	0.322793,0.333293,0.343914	0.324337,0.334685,0.340978	0.328126,0.334024,0.33785	0.328052,0.332242,0.339706	0.327325,0.334538,0.338137	0.329907,0.333512,0.336581	0.331419,0.334303,0.334277	
0.332388,0.332385,0.335227	0.330091,0.333067,0.336841	0.329751,0.333534,0.336715	0.32973,0.332752,0.337518	0.327891,0.332721,0.339388	0.32465,0.331449,0.343901	0.320959,0.333385,0.345656	0.321741,0.333649,0.34461	0.322725,0.333295,0.34398	0.324286,0.334692,0.341022	0.328091,0.334025,0.337884	0.328027,0.332246,0.339727	0.327313,0.33454,0.338148	0.329901,0.333514,0.336586	0.331417,0.334304,0.334278	
0.332391,0.332387,0.335222	0.330113,0.333082,0.336806	0.329812,0.333543,0.336645	0.329789,0.332738,0.337473	0.32791,0.332712,0.339378	0.32465,0.33145,0.3439	0.320952,0.333378,0.34567	0.321736,0.333615,0.344649	0.322634,0.333278,0.344088	0.324167,0.334693,0.341139	0.327998,0.334041,0.337961	0.327979,0.332256,0.339764	0.327292,0.334544,0.338164	0.329891,0.333516,0.336593	0.331414,0.334306,0.33428	
0.332407,0.332404,0.335189	0.33017,0.333085,0.336745	0.329871,0.333539,0.33659	0.329831,0.332733,0.337436	0.327939,0.332712,0.33935	0.324698,0.331462,0.343841	0.321062,0.333413,0.345525	0.321771,0.333497,0.344732	0.322465,0.333298,0.344237	0.324061,0.334705,0.341234	0.327917,0.334039,0.338044	0.327903,0.332261,0.339836	0.327241,0.334554,0.338205	0.32987,0.333522,0.336608	0.331408,0.33431,0.334282	
0.332421,0.332418,0.335161	0.330218,0.333088,0.336693	0.329917,0.333529,0.336554	0.329853,0.332733,0.337415	0.327968,0.332721,0.339311	0.324748,0.331469,0.343783	0.321107,0.333407,0.345486	0.321737,0.33344,0.344823	0.322329,0.333295,0.344375	0.323948,0.334714,0.341338	0.327851,0.334054,0.338095	0.327892,0.332279,0.33983	0.327329,0.334606,0.338064	0.329905,0.333395,0.3367	0.331275,0.334376,0.334349	
0.332423,0.332419,0.335159	0.330224,0.333091,0.336685	0.329931,0.333532,0.336537	0.329876,0.332738,0.337386	0.32801,0.332728,0.339262	0.324852,0.331517,0.343631	0.321164,0.33331,0.345526	0.321631,0.333439,0.34493	0.322239,0.333298,0.344463	0.323872,0.334718,0.341409	0.327802,0.33407,0.338128	0.327909,0.332305,0.339785	0.327407,0.334614,0.337979	0.329954,0.333361,0.336685	0.331262,0.334382,0.334355	
0.332433,0.332428,0.335139	0.330262,0.333098,0.336641	0.329992,0.333539,0.336469	0.329959,0.332742,0.337299	0.328119,0.332743,0.339138	0.32498,0.3315,0.34352	0.321171,0.333225,0.345603	0.321474,0.333464,0.345062	0.32215,0.333307,0.344543	0.323822,0.334731,0.341447	0.327781,0.334079,0.33814	0.327909,0.332309,0.339782	0.327421,0.334614,0.337965	0.329962,0.333357,0.336681	0.331263,0.334384,0.334353	
0.332436,0.332431,0.335132	0.330276,0.333106,0.336618	0.330025,0.333545,0.33643	0.330017,0.332751,0.337231	0.32819,0.332741,0.339069	0.325037,0.331495,0.343468	0.321189,0.333205,0.345606	0.321441,0.333452,0.345107	0.322107,0.333307,0.344586	0.323795,0.334738,0.341468	0.327812,0.334115,0.338073	0.328077,0.332365,0.339558	0.327507,0.334463,0.33803	0.329801,0.333398,0.336801	0.331217,0.334405,0.334378	
0.332436,0.332431,0.335132	0.330279,0.333108,0.336613	0.330031,0.333544,0.336425	0.330027,0.332758,0.337216	0.328218,0.332744,0.339037	0.325067,0.331484,0.343449	0.321188,0.333195,0.345617	0.321416,0.333445,0.345139	0.322111,0.333349,0.34454	0.323813,0.33463,0.341557	0.327656,0.334188,0.338156	0.328083,0.332373,0.339544	0.327513,0.334444,0.338044	0.329759,0.333397,0.336844	0.331189,0.334418,0.334393	
0.332436,0.332431,0.335132	0.330279,0.333108,0.336613	0.330033,0.333546,0.336421	0.330033,0.332758,0.337208	0.328226,0.332743,0.339031	0.325073,0.331483,0.343444	0.321194,0.333202,0.345604	0.321449,0.333465,0.345086	0.322188,0.33336,0.344452	0.323848,0.33458,0.341572	0.327564,0.334169,0.338268	0.327965,0.332379,0.339656	0.327421,0.334451,0.338127	0.3297,0.333402,0.336898	0.331161,0.334434,0.334405	
0.332448,0.332444,0.335108	0.330315,0.333114,0.336571	0.330078,0.333541,0.33638	0.330068,0.332753,0.337179	0.328249,0.332743,0.339008	0.325099,0.331483,0.343417	0.321223,0.33321,0.345567	0.321488,0.333465,0.345047	0.322223,0.333358,0.344419	0.323882,0.334581,0.341537	0.327631,0.334196,0.338173	0.327995,0.332261,0.339744	0.327215,0.334506,0.338279	0.329635,0.333419,0.336946	0.331145,0.334441,0.334414	
0.332451,0.332447,0.335102	0.330329,0.33312,0.336551	0.330111,0.333545,0.336345	0.330107,0.332754,0.33714	0.328277,0.332738,0.338984	0.325117,0.331486,0.343397	0.321259,0.333225,0.345516	0.321514,0.333388,0.345098	0.322113,0.333412,0.344475	0.323917,0.334598,0.341486	0.327701,0.334185,0.338113	0.327975,0.332206,0.339819	0.32708,0.334504,0.338415	0.329528,0.333446,0.337027	0.331112,0.334457,0.334431	
0.332454,0.332451,0.335095	0.330341,0.333123,0.336536	0.330129,0.333546,0.336324	0.330141,0.332769,0.337089	0.328361,0.332759,0.338881	0.325255,0.331505,0.343239	0.321459,0.33326,0.34528	0.321649,0.333292,0.345059	0.32204,0.333402,0.344559	0.323852,0.334616,0.341532	0.327686,0.334195,0.33812	0.327972,0.332202,0.339826	0.327068,0.334503,0.338429	0.329513,0.333446,0.33704	0.331104,0.334462,0.334435	
0.332455,0.332452,0.335092	0.330348,0.333124,0.336527	0.330147,0.333554,0.336299	0.330177,0.332773,0.33705	0.32841,0.332765,0.338825	0.325319,0.331512,0.343169	0.321525,0.333255,0.34522	0.321692,0.333285,0.345022	0.322061,0.333394,0.344546	0.323843,0.334604,0.341553	0.327666,0.334194,0.33814	0.327964,0.332207,0.339829	0.327097,0.334521,0.338382	0.329664,0.333517,0.33682	0.331277,0.334373,0.33435	
0.332518,0.332512,0.33497	0.330437,0.333017,0.336546	0.330029,0.333596,0.336375	0.33017,0.332795,0.337035	0.328447,0.332762,0.338791	0.325357,0.331512,0.343131	0.321563,0.333251,0.345186	0.321723,0.333282,0.344995	0.322077,0.33339,0.344533	0.323853,0.334602,0.341545	0.327677,0.334205,0.338119	0.327993,0.332214,0.339793	0.327154,0.334536,0.33831	0.329739,0.33351,0.33675	0.331315,0.334354,0.334331	
0.33253,0.332523,0.334947	0.330436,0.332976,0.336589	0.329948,0.333608,0.336444	0.330133,0.33281,0.337057	0.328452,0.332772,0.338776	0.325381,0.331513,0.343106	0.321578,0.333246,0.345176	0.321727,0.333286,0.344987	0.322084,0.333392,0.344525	0.323864,0.334605,0.341531	0.327705,0.334215,0.338081	0.328053,0.332224,0.339723	0.327235,0.334546,0.338219	0.329836,0.33351,0.336654	0.331373,0.334325,0.334302	
0.332525,0.33252,0.334955	0.330411,0.332966,0.336623	0.329907,0.333612,0.336481	0.330104,0.332818,0.337078	0.328449,0.332783,0.338768	0.325398,0.331512,0.343091	0.321588,0.333243,0.345169	0.321732,0.333284,0.344983	0.322093,0.333389,0.344518	0.323879,0.334615,0.341506	0.327748,0.33422,0.338032	0.32814,0.332259,0.3396	0.327449,0.334593,0.337958	0.329941,0.333357,0.336702	0.331247,0.334388,0.334365	
0.332437,0.332431,0.335132	0.330231,0.333017,0.336752	0.329856,0.333624,0.33652	0.330088,0.332823,0.337089	0.328449,0.332787,0.338763	0.325413,0.331518,0.343069	0.321612,0.333242,0.345146	0.32175,0.333284,0.344966	0.322111,0.333392,0.344497	0.323907,0.334622,0.341471	0.327802,0.334234,0.337963	0.328219,0.332261,0.33952	0.32752,0.334591,0.337889	0.329995,0.333348,0.336657	0.331269,0.334377,0.334354	
0.332402,0.332395,0.335203	0.330136,0.333037,0.336827	0.329811,0.333626,0.336563	0.330013,0.332851,0.337136	0.328441,0.332796,0.338763	0.325427,0.331523,0.34305	0.321639,0.333245,0.345116	0.321785,0.333285,0.344931	0.322144,0.333391,0.344464	0.323942,0.334624,0.341434	0.327844,0.334234,0.337922	0.328258,0.332257,0.339485	0.327552,0.334588,0.33786	0.330016,0.333345,0.336639	0.331278,0.334373,0.33435	
0.332406,0.3324,0.335194	0.33018,0.333067,0.336752	0.329789,0.333489,0.336722	0.329774,0.332886,0.33734	0.32832,0.332825,0.338855	0.325387,0.331538,0.343075	0.321638,0.333253,0.34511	0.321802,0.33329,0.344907	0.322176,0.333396,0.344428	0.323984,0.334627,0.341389	0.327898,0.334241,0.337862	0.328324,0.332261,0.339415	0.327621,0.334586,0.337793	0.330069,0.333336,0.336595	0.331299,0.334362,0.334339	
0.332402,0.332394,0.335204	0.330148,0.333053,0.336799	0.32971,0.333473,0.336817	0.329666,0.33289,0.337444	0.328232,0.332834,0.338934	0.325331,0.331549,0.34312	0.321619,0.333262,0.345119	0.321811,0.333298,0.344891	0.322223,0.333418,0.344359	0.32414,0.334689,0.341171	0.327988,0.334095,0.337918	0.328188,0.332313,0.3395	0.327609,0.334601,0.33779	0.330088,0.333337,0.336575	0.331312,0.334356,0.334332	
0.332393,0.332383,0.335224	0.330108,0.333045,0.336847	0.329649,0.333466,0.336885	0.32959,0.332889,0.337522	0.328167,0.332847,0.338986	0.325369,0.331616,0.343015	0.321688,0.333179,0.345133	0.321775,0.333348,0.344877	0.322299,0.333428,0.344273	0.324213,0.334674,0.341114	0.32801,0.334081,0.337909	0.328174,0.332306,0.33952	0.327589,0.334606,0.337804	0.330083,0.33334,0.336577	0.331313,0.334355,0.334332	
0.332389,0.33238,0.335231	0.330097,0.333044,0.336859	0.329638,0.333466,0.336896	0.329586,0.332895,0.337518	0.328204,0.332872,0.338924	0.325457,0.331613,0.34293	0.321687,0.333114,0.345199	0.321664,0.333361,0.344975	0.32226,0.333462,0.344277	0.324255,0.334684,0.341061	0.328054,0.334068,0.337877	0.328181,0.332298,0.339521	0.32758,0.334606,0.337813	0.330076,0.333341,0.336583	0.33131,0.334357,0.334333	
0.332389,0.33238,0.335231	0.330094,0.333043,0.336863	0.329632,0.333466,0.336902	0.329587,0.332903,0.33751	0.328229,0.332875,0.338896	0.325478,0.331607,0.342915	0.321694,0.333112,0.345194	0.32167,0.333361,0.344969	0.322268,0.333468,0.344264	0.324297,0.334715,0.340988	0.328203,0.334125,0.337672	0.328262,0.332169,0.339569	0.327454,0.334641,0.337905	0.330041,0.333354,0.336606	0.331306,0.334358,0.334336	
0.332386,0.332377,0.335237	0.330084,0.333043,0.336873	0.329623,0.333468,0.336909	0.329584,0.332906,0.337511	0.328233,0.332879,0.338888	0.325492,0.33161,0.342899	0.321711,0.333113,0.345176	0.321696,0.333368,0.344936	0.322316,0.333479,0.344205	0.324372,0.334723,0.340904	0.328283,0.33412,0.337596	0.328326,0.332159,0.339515	0.32745,0.334611,0.337939	0.329988,0.333363,0.336649	0.331285,0.334368,0.334346	
0.332386,0.332377,0.335237	0.330084,0.333043,0.336873	0.329623,0.333468,0.336909	0.329583,0.332906,0.337511	0.328234,0.33288,0.338887	0.325495,0.33161,0.342894	0.321719,0.333116,0.345165	0.321714,0.333373,0.344913	0.322355,0.33349,0.344155	0.324452,0.334745,0.340804	0.328417,0.334128,0.337454	0.328466,0.332159,0.339375	0.327404,0.334465,0.338131	0.329711,0.333409,0.33688	0.331171,0.334424,0.334404	
0.332383,0.332376,0.335241	0.33008,0.333039,0.336881	0.329614,0.333471,0.336914	0.329582,0.332908,0.33751	0.328235,0.33288,0.338885	0.325498,0.331612,0.342889	0.321737,0.333122,0.345141	0.321757,0.333384,0.344859	0.322423,0.333498,0.34408	0.324521,0.334747,0.340732	0.328489,0.33413,0.337381	0.328535,0.33215,0.339314	0.32748,0.334491,0.338029	0.329917,0.333475,0.336607	0.331371,0.334323,0.334305	
0.332383,0.332375,0.335242	0.330076,0.333037,0.336887	0.329609,0.333473,0.336918	0.32958,0.332909,0.337512	0.328239,0.332883,0.338878	0.325511,0.331612,0.342877	0.321765,0.333129,0.345106	0.321812,0.333393,0.344795	0.322493,0.333499,0.344009	0.324597,0.334755,0.340648	0.328587,0.334141,0.337272	0.328698,0.332184,0.339118	0.327638,0.334439,0.337922	0.329984,0.333486,0.336529	0.331424,0.334297,0.334279	
0.332379,0.332372,0.335249	0.330068,0.333038,0.336894	0.329604,0.333474,0.336922	0.329578,0.332909,0.337513	0.328241,0.332885,0.338874	0.32552,0.331616,0.342865	0.321785,0.333134,0.345082	0.321848,0.333403,0.344749	0.322553,0.333511,0.343936	0.324686,0.334771,0.340543	0.328736,0.334167,0.337097	0.328922,0.332207,0.338871	0.327778,0.334339,0.337883	0.329939,0.3335,0.336561	0.331413,0.334302,0.334284	
0.332378,0.332371,0.33525	0.330065,0.333037,0.336898	0.329601,0.333474,0.336925	0.329576,0.332911,0.337513	0.328245,0.332887,0.338869	0.325528,0.331617,0.342856	0.3218,0.333141,0.345059	0.321912,0.333442,0.344646	0.322761,0.333582,0.343656	0.324844,0.334627,0.34053	0.328658,0.334214,0.337127	0.328958,0.332222,0.33882	0.32783,0.334329,0.337841	0.329958,0.333489,0.336552	0.331412,0.334303,0.334285	
0.332378,0.332371,0.335251	0.330064,0.333037,0.336898	0.329601,0.333474,0.336926	0.329576,0.332911,0.337512	0.328246,0.332888,0.338866	0.325534,0.331622,0.342845	0.321826,0.333154,0.34502	0.322006,0.333498,0.344497	0.322826,0.333471,0.343703	0.324747,0.334677,0.340576	0.328671,0.334225,0.337105	0.328997,0.332224,0.338779	0.327871,0.334329,0.3378	0.329986,0.333484,0.33653	0.331425,0.334296,0.334279	
0.33238,0.332372,0.335248	0.330068,0.333038,0.336894	0.329605,0.333477,0.336918	0.329605,0.332932,0.337463	0.328278,0.332847,0.338875	0.325527,0.331676,0.342798	0.321987,0.333196,0.344817	0.322256,0.333495,0.344249	0.322978,0.333416,0.343605	0.324754,0.33466,0.340586	0.328645,0.334232,0.337123	0.328989,0.33223,0.338781	0.327873,0.334329,0.337798	0.329987,0.333483,0.33653	0.331425,0.334296,0.334279	
0.332381,0.332372,0.335247	0.330071,0.333039,0.336889	0.32963,0.333495,0.336875	0.329703,0.332964,0.337333	0.328357,0.332757,0.338886	0.325431,0.331702,0.342868	0.321985,0.333227,0.344788	0.32234,0.33351,0.34415	0.323084,0.333407,0.34351	0.324819,0.334646,0.340535	0.328668,0.334223,0.337109	0.328991,0.332228,0.338781	0.327872,0.334328,0.337801	0.329987,0.333487,0.336526	0.331426,0.334296,0.334278	
0.332395,0.332387,0.335218	0.330136,0.333058,0.336806	0.329744,0.333506,0.336751	0.32983,0.332955,0.337214	0.328446,0.33274,0.338814	0.325469,0.331694,0.342838	0.322003,0.333228,0.344769	0.322357,0.333511,0.344131	0.323115,0.333422,0.343463	0.324938,0.33471,0.340352	0.328807,0.334139,0.337054	0.328974,0.33224,0.338786	0.327876,0.334326,0.337797	0.329988,0.333487,0.336524	0.331427,0.334295,0.334277	
0.332403,0.332395,0.335202	0.330168,0.333067,0.336765	0.329798,0.333514,0.336688	0.329908,0.332957,0.337135	0.32852,0.332733,0.338747	0.32553,0.331692,0.342778	0.322052,0.333234,0.344714	0.322457,0.333567,0.343976	0.323243,0.333396,0.343361	0.325041,0.3347,0.34026	0.328795,0.334077,0.337128	0.328882,0.332271,0.338846	0.327857,0.334335,0.337807	0.329987,0.333489,0.336524	0.331428,0.334297,0.334276	
0.332408,0.332401,0.335191	0.330188,0.33307,0.336742	0.329823,0.333514,0.336663	0.329937,0.332961,0.337102	0.328564,0.332739,0.338696	0.3256,0.331707,0.342693	0.322189,0.333277,0.344535	0.322682,0.333572,0.343746	0.323357,0.333282,0.343361	0.324926,0.334731,0.340342	0.328748,0.33407,0.337181	0.328818,0.332263,0.338918	0.327796,0.334345,0.337859	0.329961,0.333498,0.33654	0.331425,0.334298,0.334277	
0.332409,0.332401,0.33519	0.330191,0.333072,0.336737	0.329834,0.333518,0.336648	0.329956,0.332965,0.337079	0.328594,0.332747,0.338659	0.325651,0.33172,0.342629	0.322252,0.333276,0.344472	0.322736,0.333573,0.343691	0.323394,0.333273,0.343334	0.324925,0.334718,0.340357	0.328716,0.334068,0.337216	0.328798,0.332275,0.338926	0.32784,0.334385,0.337775	0.330169,0.333574,0.336257	0.331636,0.334196,0.334167	
