46.859
63.48
20.8726
77.8683
60.3154
2.44394
43.0202
55.9075
69.8615
34.4209
29.8274
70.5014
70.119
9.30477
56.4457
45.5433
6.82111
50.9046
40.2168
55.7251
3.2454
55.6385
26.8487
65.5594
53.7523
37.4908
15.5589
56.7866
50.6862
1.9512
67.4006
53.1309
73.9473
59.7487
30.5337
52.5358
69.5828
47.3643
69.3999
51.4795
60.3858
46.0204
51.0123
46.7367
5.7268
23.2664
40.6223
44.8418
59.4159
74.8975
45.0914
48.4017
48.3626
60.6742
45.803
5.78251
16.8921
6.68855
6.43478
47.0258
18.6081
69.5372
42.854
4.10918
57.4435
46.8869
44.6896
13.1138
48.9103
