0.227988 0.219884
0.385078 0.396616
0.423769 0.399259
0.397818 0.428079
0.468634 0.48771
0.503667 0.470654
0.422466 0.506723
0.376598 0.4538
0.441278 0.412917
0.470187 0.440724
0.384986 0.412083
0.338391 0.370276
0.252843 0.284137
0.174934 0.240947
0.391441 0.106495
0.423833 0.576125
0.473045 0.526946
0.474976 0.524994
0.986006 0.000186543
0.176542 0.0770934
1.70845e-07 1.25088e-06
0.0131974 0.00206196
0.00631072 0.0089518
0.0537528 0.0438815
0.0839781 0.0786555
0.239419 0.241771
0.131206 0.202908
0.634877 0.195137
0.669252 0.176528
0.632657 0.197761
0.677912 0.148077
0.679082 0.192764
0.598722 0.194468
0.468287 0.229468
0.374769 0.163077
0.316409 0.182707
0.327497 0.219943
0.273906 0.227842
0.162047 0.229369
0.244637 0.334813
0.27938 0.149552
0.744271 0.253868
0.929407 0.0704774
0.99998 2.00648e-05
0.999921 7.54947e-05
0.146246 0.782755
0.011839 0.211745
0.000305313 0.182198
0.0790707 0.579984
0.177139 0.476915
0.146769 0.400838
0.0814966 0.171399
0.0543443 0.150599
0.369418 0.279343
0.50388 0.266478
0.464052 0.234539
0.30425 0.434245
0.370495 0.481588
0.435429 0.286468
0.179824 0.428065
0.110503 0.313516
0.129246 0.174671
0.205346 0.30004
0.12232 0.334048
0.113998 0.300592
0.139002 0.311358
0.0348987 0.285251
0.095016 0.222159
0.167073 0.03225
0.618825 0.000930268
0.152569 0.056559
0.0775421 0.00911158
0.00444149 0.010854
0.0465932 0.166621
0.412982 0.229603
0.36244 0.228095
0.286944 0.186622
0.0315461 0.146268
0.0294973 0.139327
0.139254 0.187806
0.192863 0.230228
0.34368 0.260442
0.353994 0.459727
0.19678 0.435347
0.15093 0.305836
0.154098 0.301077
0.0969903 0.260337
0.135042 0.315702
0.223413 0.354172
0.159302 0.279894
0.121044 0.309631
0.0499173 0.106944
0.0748716 0.0661095
0.000926045 0.0542973
0.16748 0.0203663
0.00138805 2.96726e-05
3.53007e-06 9.52969e-06
5.7225e-06 0.00693112
0.0277419 0.31599
0.378573 0.28823
0.118908 0.0726276
0.125841 0.119139
0.116529 0.160504
0.0122949 0.0899338
0.0304982 0.132421
0.0523357 0.104183
0.161647 0.225742
0.0980028 0.210653
0.185938 0.2597
0.147325 0.294565
0.109052 0.51034
0.137506 0.417995
0.118091 0.204528
0.12349 0.223207
0.163254 0.266866
0.120793 0.21875
0.164075 0.304486
0.0128964 0.0561535
6.60521e-05 0.00124963
2.55964e-05 0.00128849
1.3059e-06 4.87638e-06
3.32201e-09 4.33366e-08
2.00984e-08 3.28369e-06
0.000490318 0.999484
0.132466 0.0025588
0.121907 0.0707679
0.015306 0.142665
0.0341726 0.14374
0.0370596 0.15767
0.000805108 0.00835701
0.00898948 0.0144304
0.0244898 0.0511434
0.0832201 0.290344
0.14111 0.229834
0.178838 0.177252
0.123401 0.197778
0.115358 0.226801
0.198467 0.308604
0.14636 0.395859
0.143461 0.227387
0.230104 0.276222
0.118788 0.182054
0.107754 0.208023
0.00978139 0.000372411
4.92069e-06 0.00106571
4.53147e-06 0.00301701
0.029762 0.00395836
0.0887012 0.788404
1.02327e-09 0.0342943
0.00438263 1.05673e-05
0.872295 0.127573
0.065834 0.13098
0.0331357 0.238255
0.0300285 0.191508
0.0255367 0.117388
1.21385e-05 0.0238192
0.00161818 0.0031284
0.0137012 0.0430916
0.0633997 0.241757
0.0728159 0.108752
0.0867861 0.299042
0.240528 0.164976
0.0965785 0.216156
0.116581 0.241449
0.0976059 0.245285
0.119818 0.254629
0.123865 0.221627
0.0419874 0.109
0.0631678 0.149925
0.00035737 0.0133138
3.07448e-05 0.000330093
0.019212 0.000420215
0.181912 0.188019
0.000204625 0.0177624
0.00115877 0.998748
0.0690973 0.45855
0.00518524 0.0409411
0.339227 0.211728
0.0220601 0.0556759
0.0116614 0.0445297
0.00253941 0.0225576
2.07853e-09 0.000373547
2.0526e-08 1.67949e-05
0.000981108 0.00267402
0.00620693 0.0164686
0.0131822 0.0325626
0.0178029 0.0489585
0.0203948 0.0860529
0.030015 0.0766464
0.030898 0.0938353
0.0286563 0.0604978
0.0284959 0.0484548
0.0324859 0.0516883
0.0120136 0.0452982
0.0172892 0.0859041
0.0311419 0.00878349
0.00119073 0.0612255
0.299897 0.0101524
0.333333 0.333333
0.344306 0.310342
0.333333 0.333333
0.0104137 0.41723
0.000531413 0.0102346
0.00162123 0.00615503
1.33767e-05 0.999962
5.84808e-06 0.999977
1.72974e-05 0.999914
9.23916e-08 0.237387
0.00320185 0.4966
3.41866e-08 0.169981
3.27274e-05 0.413193
0.000294931 0.209919
0.000172324 0.406078
0.000192661 0.898048
0.000501438 0.651034
0.000872437 0.864759
0.000691337 0.688933
0.000340865 0.755256
0.00035143 0.102123
0.000400953 0.412679
0.000722965 0.44895
0.133851 0.800723
0.270047 0.359493
0.339732 0.339732
0.341375 0.329313
0.342075 0.301062
0.342833 0.314334
0.324694 0.341108
0.180829 0.817048
0.00228348 0.494411
0.999927 3.84316e-05
0.984425 0.00723345
0.999995 2.06902e-06
0.626987 0.185899
