238.925
239.672
242.196
244.409
246.012
247.168
246.501
248.75
251.426
255.522
264.473
276.622
283.76
278.74
278.842
277.615
278.647
281.342
282.441
282.278
276.345
272.596
263.924
253.14
245.011
239.239
239.466
239.846
242.294
244.591
245.807
247.663
248.281
249.465
253.05
257.011
263.861
275.73
284.643
280.346
284.51
281.658
281.067
285.086
286.527
284.733
288.585
281.413
261.324
247.763
241.459
240.284
240.48
239.813
242.334
246.193
250.066
250.608
252.298
252.699
255.353
260.68
264.598
276.374
286.354
284.754
295.197
298.337
294.636
288.444
296.05
300.764
313.466
273.932
254.169
244.475
240.42
241.929
242.343
241
243.474
247.441
251.289
253.345
253.601
256.78
258.537
260.099
265.349
277.423
287.033
288.5
290.674
295.791
299.02
313.112
333.352
342.583
304.981
266.934
252.854
244.652
242.43
245.754
245.498
243.598
245.708
251.515
253.904
255.618
257.688
258.113
261.767
264.088
267.392
279.307
287.964
286.928
293.812
310.438
323.691
369.796
370.106
313.649
301.554
269.148
264.374
251.488
246.646
250.865
249.566
247.785
250.117
252.859
255.778
259.121
260.248
260.92
263.673
265.977
269.268
281.892
289.442
289.943
310.308
367.163
408.661
397.449
369.481
418.019
321.489
274.927
270.581
257.311
250.519
259.319
260.61
254.295
254.106
257.083
259.124
260.088
261.872
263.694
265.949
268.745
272.78
285.576
291.766
296.481
363.953
442.891
457.879
451.415
452.001
477.824
448.522
275.635
274.289
263.485
260.168
275.722
280.817
265.372
261.99
263.635
264.48
265.169
265.8
267.414
268.982
271.516
275.413
288.325
294.094
313.803
449.801
482.497
500
498.083
500
489.661
469.193
283.015
298.966
296.932
293.764
287.064
287.159
285.123
282.854
282.506
282.303
281.433
281.144
280.804
281.637
283.501
287.48
296.254
297.375
418.023
495.021
499.231
500.118
499.926
499.324
499.529
471.682
290.984
292.913
270.101
291.553
286.976
