4000,4000,4000,4000,4000,4000,4000,4000,4000
4000,4000,4000,4000,4000,4000,4000,4000,4000
4000,4000,4000,4000,4000,4000,4000,4000,4000
3066.13,3061.34,3091.62,3070.42,3075.79,3089.52,3063.14,3091.23,3068.91
-96.7939,-95.7935,-96.9384,2578.89,-96.0822,-99.1212,-96.3853,-94.9052,-98.4579
782.342,796.623,2858.7,793.741,793.741,793.741,793.741,793.741,793.741
3151.29,3150.24,3156.23,3151.19,3140.07,3151.44,3151.39,3137.42,3131.76
3265.33,3266.74,3266.4,3265.92,3266.43,3265.9,3267.1,3266.4,3266.2
3248.77,3241.82,3246.7,3248.59,3247.84,3248.9,3248.37,3248.52,3248.66
3340.05,3340.19,3337.4,3339.16,3338.88,3339.66,3340.06,3340.55,3338.72
3978.77,3980.12,3973.44,3977.16,3983.29,3975.28,3978.66,3983.32,3979.47
4000,4000,4000,4000,4000,4000,4000,4000,4000
4000,4000,4000,4000,4000,4000,4000,4000,4000
4000,4000,4000,4000,4000,4000,4000,4000,4000
4000,4000,4000,4000,4000,4000,4000,4000,4000
4000,4000,4000,4000,4000,4000,4000,4000,4000
4000,4000,4000,4000,4000,4000,4000,4000,4000
2906.29,2910.99,2895.69,2903.1,2942.26,2898.15,2886.75,2902.32,2904.1
170.648,166.883,183.801,173.009,2885.29,176.083,176.083,195.224,176.083
-598.843,-598.761,-598.761,-598.098,-598.761,-601.59,-599.31,-601.624,2696.89
882.544,2978.68,886.255,895.337,886.183,886.183,886.183,886.183,886.183
3223.18,3222.74,3225.11,3224.08,3222.94,3225.12,3224.95,3221.65,3224.75
3242.44,3242.09,3242,3242.46,3241.77,3239.75,3242.09,3242.11,3241.93
3347.14,3350.2,3349.4,3349.31,3349.4,3349.9,3349.43,3350.75,3349.89
3978.48,3978.52,3980.55,3979.62,3981,3975.85,3977.26,3972.5,3981.13
4000,4000,4000,4000,4000,4000,4000,4000,4000
4000,4000,4000,4000,4000,4000,4000,4000,4000
4000,4000,4000,4000,4000,4000,4000,4000,4000
4000,4000,4000,4000,4000,4000,4000,4000,4000
4000,4000,4000,4000,4000,4000,4000,4000,4000
4000,4000,4000,4000,4000,4000,4000,4000,4000
2294.84,2299.33,2297.89,2292.82,2299.18,2283.24,2464.47,2299.18,2296.51
-287.024,-286.814,-286.061,-284.155,-284.344,-285.508,-281.591,-282.892,2752.41
622.219,623.204,610.892,2956.72,622.228,622.228,622.228,622.228,622.228
3133.01,3130.99,3127.38,3113.89,3110.92,3128.45,3141.72,3116.84,3132.36
3312.02,3312.46,3313.61,3313.15,3312.03,3312.39,3313.63,3314.63,3313.31
3306.27,3304.49,3306.41,3305.39,3306.86,3304.4,3307.17,3306.28,3312.25
3421.59,3421.54,3421.54,3420.74,3418.78,3421.73,3416.88,3419.26,3419.45
3985.23,3991.06,3993.46,3990.92,3984.83,3990.55,3985.83,3993.62,3989.28
4000,4000,4000,4000,4000,4000,4000,4000,4000
4000,4000,4000,4000,4000,4000,4000,4000,4000
4000,4000,4000,4000,4000,4000,4000,4000,4000
4000,4000,4000,4000,4000,4000,4000,4000,4000
4000,4000,4000,4000,4000,4000,4000,4000,4000
4000,4000,4000,4000,4000,4000,4000,4000,4000
3443.65,3442.2,3439.2,3443.63,3446.07,3427.21,3439.62,3417.32,3445.13
2912.19,2285.81,2286,2290.07,2286.21,2292.24,2296.51,2293.61,2291.63
3053.3,2117.63,2117.63,2117.63,2117.63,2117.63,2117.63,2117.63,2117.63
2045.89,2034.23,2054.3,2031.17,2042.09,2054.17,3151.09,2054.35,2059.48
3332.38,3329.57,3331.97,3331.03,3332.44,3332.69,3331.49,3331.98,3332.51
3382.16,3383.01,3381.63,3382.49,3380.56,3380.62,3380.83,3382.22,3383.18
3596.75,3599.22,3598.35,3599.59,3600.98,3600.42,3600.41,3601.05,3599.9
3991.98,3991.05,3989.51,3996.06,3994.31,3993.02,3991.8,3993.54,3994.02
4000,4000,4000,4000,4000,4000,4000,4000,4000
4000,4000,4000,4000,4000,4000,4000,4000,4000
4000,4000,4000,4000,4000,4000,4000,4000,4000
4000,4000,4000,4000,4000,4000,4000,4000,4000
4000,4000,4000,4000,4000,4000,4000,4000,4000
4000,4000,4000,4000,4000,4000,4000,4000,4000
3485.46,3480.74,3480.28,3469.74,3485.74,3484.25,3464.98,3482.27,3480.27
2824.26,2830.75,2831.52,2834.13,2820.83,2825.29,2830.72,2826.89,2836.5
2968,2937.54,2938.25,3089.19,2968.07,2968.07,2968.07,2968.07,2968.07
3266.28,3264.84,3264.72,3266.55,3260.37,3265.75,3265.12,3266.17,3266.29
3415.07,3415.4,3415.4,3416.47,3415.24,3417.13,3416.47,3415.31,3417.45
3493.65,3493.62,3494.74,3491.9,3493.44,3495.6,3493.28,3495.51,3495.74
3784.48,3782.84,3783.4,3782.8,3774.35,3786.89,3786.73,3786.89,3787.65
3995.74,3993.49,3991.9,4000,4000,4000,4000,4000,4000
4000,4000,4000,4000,4000,4000,4000,4000,4000
4000,4000,4000,4000,4000,4000,4000,4000,4000
4000,4000,4000,4000,4000,4000,4000,4000,4000
4000,4000,4000,4000,4000,4000,4000,4000,4000
4000,4000,4000,4000,4000,4000,4000,4000,4000
4000,4000,4000,4000,4000,4000,4000,4000,4000
3021.75,3034.18,3024.79,3039.61,3031.52,3032.31,3042.22,3015.1,3043.61
1994.53,1975.94,1972.09,1976.81,2592.21,1994.78,1994.78,1994.78,1994.78
2698.42,2698.33,2698.25,2671.58,2674.53,2688.04,2673.73,2971.64,2698.5
3280.67,3276.49,3281.1,3281.68,3281.17,3281.92,3281.14,3281.32,3282.13
3445.85,3444.43,3446.65,3445.8,3447.24,3445.63,3446.76,3446.46,3445.25
3563.15,3565.52,3563.98,3562.5,3548.53,3563.41,3564.43,3564.25,3562.74
3867.61,3857.51,3870.86,3867.29,3857.5,3868.43,3869.19,3866.76,3866.62
4000,4000,4000,4000,4000,4000,4000,4000,4000
4000,4000,4000,4000,4000,4000,4000,4000,4000
4000,4000,4000,4000,4000,4000,4000,4000,4000
4000,4000,4000,4000,4000,4000,4000,4000,4000
4000,4000,4000,4000,4000,4000,4000,4000,4000
4000,4000,4000,4000,4000,4000,4000,4000,4000
4000,4000,4000,4000,4000,4000,4000,4000,4000
3531.95,3528.79,3534.12,3516.24,3516.13,3529.56,3507.12,3520.88,3533.83
2858.1,2845.24,2855.44,2832.02,2856.53,2848.63,2874.21,2858.34,2858.07
3037.79,3063.87,3058.01,3066.24,3060.66,3068.1,3054.1,3058.84,3062.59
3260.12,3258.39,3257.78,3259.69,3228.21,3260.59,3260.04,3255.82,3259.64
3385.18,3381.61,3384.95,3383.89,3380.9,3385.17,3382.66,3382.01,3384.89
3456.35,3457.04,3455.31,3457,3449.29,3456.9,3456.21,3454.19,3457.8
3784.97,3788.75,3786.05,3786.7,3789.72,3784.88,3789.02,3786.32,3786.02
3998.41,3991.38,3991.69,4000,4000,4000,4000,4000,4000
4000,4000,4000,4000,4000,4000,4000,4000,4000
4000,4000,4000,4000,4000,4000,4000,4000,4000
4000,4000,4000,4000,4000,4000,4000,4000,4000
4000,4000,4000,4000,4000,4000,4000,4000,4000
4000,4000,4000,4000,4000,4000,4000,4000,4000
4000,4000,4000,4000,4000,4000,4000,4000,4000
3557.62,3582.68,3580.76,3555.8,3556.48,3578.6,3583.08,3561.37,3573.04
1529.2,1564.89,1529.43,1530.17,1530.83,2945.14,1549.29,1549.39,1531.06
1344.09,1343.37,1338.2,1343.97,1349.91,1336.11,1351.27,2953.34,1352.93
3244.43,3248.01,3248.12,3246.98,3245.81,3242.03,3239.06,3248.92,3228.45
3323.63,3322.87,3324.4,3325.18,3323.9,3325.02,3324.57,3324.53,3323.39
3372.89,3371.43,3372.75,3370.67,3369.17,3372.53,3373.45,3373.79,3373.54
3612.77,3604.9,3616.05,3614.12,3607.52,3612.25,3615.13,3614.05,3613.2
3991.97,3995.07,3993.35,3992.53,3993.52,3993.61,3994.89,3991.48,4000
4000,4000,4000,4000,4000,4000,4000,4000,4000
4000,4000,4000,4000,4000,4000,4000,4000,4000
4000,4000,4000,4000,4000,4000,4000,4000,4000
4000,4000,4000,4000,4000,4000,4000,4000,4000
4000,4000,4000,4000,4000,4000,4000,4000,4000
4000,4000,4000,4000,4000,4000,4000,4000,4000
2777.11,2777.93,2786.52,2771.56,2781.66,2875.43,2771.94,2773.56,2778.99
-784.849,-784.83,2724.12,-786.335,-786.465,-785.273,-786.518,-785.571,-784.84
-989.606,-989.566,-989.607,-989.578,2346.55,-989.553,-978.133,-989.553,-989.553
1431.16,1432.95,1429.34,1419.39,1425.58,1429.83,3096.41,1416.15,1431.78
3296.69,3297.13,3297.98,3297.38,3297.86,3274.46,3298.33,3298.65,3298.7
3321.58,3317.65,3319.45,3318.64,3321.43,3320.5,3320.71,3315.97,3320.29
3485.13,3485.8,3486.5,3487.87,3484.73,3488.09,3483.91,3486.35,3488.76
3986.81,3985.04,3983.55,3982.04,3986.14,3985.09,3981.46,3978.62,3980.35
4000,4000,4000,4000,4000,4000,4000,4000,4000
4000,4000,4000,4000,4000,4000,4000,4000,4000
4000,4000,4000,4000,4000,4000,4000,4000,4000
4000,4000,4000,4000,4000,4000,4000,4000,4000
4000,4000,4000,4000,4000,4000,4000,4000,4000
4000,4000,4000,4000,4000,4000,4000,4000,4000
3330.22,3319.24,3329.57,3325.16,3326.78,3307.83,3304.06,3306.39,3299.79
-405.011,-400.28,-402.59,-404.963,-400.654,-400.392,-401.932,-404.351,2692.58
-295.678,-295.666,-301.192,-295.689,-297.451,-296.773,-301.196,2984.57,-301.009
1091.06,3091.85,1090,1076.78,1081.56,1088.32,1092.6,1092.26,1080.25
3256.58,3255.43,3256.17,3255.53,3256.41,3255.8,3254.22,3255.76,3241.28
3275.96,3275.75,3276.03,3276.63,3277.31,3275.38,3276.6,3277.82,3277.49
3414.58,3410.4,3412.42,3413.51,3415,3413.52,3413.59,3408.73,3414.53
3972.1,3968.82,3973.78,3975.38,3969.54,3976.48,3977.73,3975.79,3974.06
4000,4000,4000,4000,4000,4000,4000,4000,4000
4000,4000,4000,4000,4000,4000,4000,4000,4000
4000,4000,4000,4000,4000,4000,4000,4000,4000
4000,4000,4000,4000,4000,4000,4000,4000,4000
4000,4000,4000,4000,4000,4000,4000,4000,4000
4000,4000,4000,4000,4000,4000,4000,4000,4000
3689.19,3686.28,3688.43,3689.26,3685.93,3688.33,3678.79,3661.2,3686.43
3166.09,3151.21,3145.89,3166.02,3157.92,3159.75,3143.15,3166.26,3167.92
2490.39,3052.96,2517.24,2517.24,2517.24,2517.24,2517.24,2517.24,2517.24
3099.92,3126.85,3070.27,3100.22,3076.87,3099.96,3099.58,3094.65,3100
3292.61,3297.48,3299.29,3299.16,3298.19,3298.41,3297.11,3297.48,3266.64
3292.5,3289.95,3292.03,3292.72,3287.38,3293.45,3291.45,3292.03,3291.3
3393.66,3394.94,3394.61,3395.23,3392.83,3395.11,3394.16,3392.88,3394.51
3966.07,3966.89,3969.45,3969.55,3971.96,3972.44,3971.79,3967.45,3969.95
4000,4000,4000,4000,4000,4000,4000,4000,4000
4000,4000,4000,4000,4000,4000,4000,4000,4000
4000,4000,4000,4000,4000,4000,4000,4000,4000
4000,4000,4000,4000,4000,4000,4000,4000,4000
4000,4000,4000,4000,4000,4000,4000,4000,4000
4000,4000,4000,4000,4000,4000,4000,4000,4000
3320.98,3328.76,3326.92,3301.22,3297.39,3327.8,3327.46,3327.23,3328.08
2482,2481.94,2482.03,2458.53,2455.19,2482.05,3031.76,2482.07,2482.07
848.286,847.96,840.691,848.32,2943.45,834.45,859.21,834.004,834.24
1608.44,1591.43,1609.26,1621.17,1606.92,3052.36,1608.89,1619.33,1600.34
3189.82,3193.39,3192.84,3193.72,3191.29,3193.04,3194.73,3194.02,3192.81
3198.66,3198.82,3199.81,3194.52,3199.71,3201.23,3199.19,3199.72,3198.22
3260.99,3260.03,3262.16,3262.14,3262.18,3259.25,3261.81,3260.76,3262.1
3970.72,3975.06,3974.1,3971.22,3976.44,3970.93,3976.24,3978.11,3972.85
4000,4000,4000,4000,4000,4000,4000,4000,4000
4000,4000,4000,4000,4000,4000,4000,4000,4000
4000,4000,4000,4000,4000,4000,4000,4000,4000
4000,4000,4000,4000,4000,4000,4000,4000,4000
4000,4000,4000,4000,4000,4000,4000,4000,4000
4000,4000,4000,4000,4000,4000,4000,4000,4000
2527.06,2527.29,2510.92,2524.92,2767.87,2526.33,2513.76,2519.55,2515.69
2992.84,1607.28,1599.32,1596.55,1599.15,1599.97,1605.39,1607.57,1606.48
-791.221,-791.222,-792.889,-791.22,-792.888,2942.85,-791.219,-764.027,-791.219
1289.6,1305.68,1306.25,3067.42,1305.88,1306.24,1298.44,1306.22,1289.98
3191.82,3192.41,3193.82,3192.7,3192.66,3191.99,3192.26,3193.15,3192.99
3240.52,3237.94,3239.8,3240.64,3239.55,3253.71,3240.72,3240.6,3240.38
3340.77,3337.1,3340.84,3339.99,3341.39,3340.94,3340.86,3340.89,3340.23
3981.68,3982.28,3978.59,3984.58,3978.17,3981.2,3976.85,3983.02,3981.34
4000,4000,4000,4000,4000,4000,4000,4000,4000
4000,4000,4000,4000,4000,4000,4000,4000,4000
4000,4000,4000,4000,4000,4000,4000,4000,4000
4000,4000,4000,4000,4000,4000,4000,4000,4000
4000,4000,4000,4000,4000,4000,4000,4000,4000
4000,4000,4000,4000,4000,4000,4000,4000,4000
2976.73,2961.01,2976.62,2993.99,2961.53,2983.42,2981.44,2976.86,2972.67
376.197,2752.21,381.078,370.557,372.083,381.053,377.053,372.369,374.053
-856.059,-857.165,-856.066,2886.62,-856.069,-844.132,-856.056,-856.056,-856.056
1791.2,1772,3108.82,1791.33,1791.33,1791.33,1791.33,1791.33,1791.33
3276.8,3271.87,3274.23,3275.92,3275.95,3276.17,3275.31,3274.24,3275.9
3296.2,3298.26,3298.01,3298.5,3296.31,3314.08,3297.13,3298.18,3298.27
3437.64,3440.68,3438.86,3436.89,3450,3438.56,3438.25,3437.15,3438.48
3980.94,3987.67,3990.85,3987.31,3987.46,3992.6,3989.19,3985.58,3989.93
4000,4000,4000,4000,4000,4000,4000,4000,4000
4000,4000,4000,4000,4000,4000,4000,4000,4000
4000,4000,4000,4000,4000,4000,4000,4000,4000
4000,4000,4000,4000,4000,4000,4000,4000,4000
4000,4000,4000,4000,4000,4000,4000,4000,4000
4000,4000,4000,4000,4000,4000,4000,4000,4000
2787.49,2799.92,2791.16,2791.35,2805.2,2780.05,2796.06,2797.03,2798.29
-105.275,-103.814,-101.392,-100.633,-101.314,-100.951,-101.536,-105.947,2709.19
971.234,967.523,967.523,967.523,967.523,967.563,2932.16,983.389,983.389
3331.85,3332.17,3331.39,3332.02,3330.94,3332.38,3332.12,3350.24,3321.24
3368.47,3367.79,3368.85,3368.94,3369.38,3368.29,3368.9,3369.61,3369.83
3367.76,3368.67,3368.76,3368.66,3365.61,3368.18,3368.26,3372.78,3369.52
3596.03,3598.08,3595.63,3596.23,3584.59,3593.99,3595.19,3592.61,3597.25
3996.06,3995.26,3996.3,3990.03,4000,4000,4000,4000,4000
4000,4000,4000,4000,4000,4000,4000,4000,4000
4000,4000,4000,4000,4000,4000,4000,4000,4000
4000,4000,4000,4000,4000,4000,4000,4000,4000
4000,4000,4000,4000,4000,4000,4000,4000,4000
4000,4000,4000,4000,4000,4000,4000,4000,4000
4000,4000,4000,4000,4000,4000,4000,4000,4000
3199.32,3230.36,3229.18,3228.03,3226.94,3221.41,3218.73,3224.13,3207.03
2706.32,2705.99,2705.99,2725.94,2684.29,2692.81,2691.79,2682.85,2689.43
3252.03,3252.21,3252.88,3251.14,3251.56,3251.07,3251.38,3252.85,3252.65
3373.36,3375.57,3375.44,3376.08,3375.62,3376.08,3374.95,3373.75,3376.43
3409.17,3409.06,3410.28,3406.78,3405.91,3409.68,3410.41,3409.88,3410.41
3479.35,3479.13,3478.08,3478.28,3473.16,3478.71,3479.58,3476.9,3478.88
3778.1,3781.38,3776.86,3776.58,3762.91,3780.53,3777.91,3775.82,3781.14
3999.09,3996.21,3992.58,3991.23,4000,4000,4000,4000,4000
4000,4000,4000,4000,4000,4000,4000,4000,4000
4000,4000,4000,4000,4000,4000,4000,4000,4000
4000,4000,4000,4000,4000,4000,4000,4000,4000
4000,4000,4000,4000,4000,4000,4000,4000,4000
4000,4000,4000,4000,4000,4000,4000,4000,4000
4000,4000,4000,4000,4000,4000,4000,4000,4000
3395.64,3419.43,3398.75,3410.79,3419.97,3420.15,3389.12,3386.91,3417.52
2747.63,2733.69,2746.83,2750.52,2748.94,2738.64,2735.32,2776.8,2749.71
2559.31,2540.42,2546.77,2556.61,2544.06,2557.64,3098.92,2559.9,2559.31
3314.8,3315.02,3316.36,3316.34,3315.3,3314.51,3308.06,3313.14,3316.09
3416.32,3415.4,3415.68,3413.09,3415.96,3415.04,3416.09,3416.02,3414.52
3533.63,3532.76,3532.66,3532.05,3527.08,3532.27,3531.55,3533.3,3532.78
3871.44,3866.11,3864.93,3869.61,3862.55,3868.18,3868.56,3866.52,3866.8
4000,4000,4000,4000,4000,4000,4000,4000,4000
4000,4000,4000,4000,4000,4000,4000,4000,4000
4000,4000,4000,4000,4000,4000,4000,4000,4000
4000,4000,4000,4000,4000,4000,4000,4000,4000
4000,4000,4000,4000,4000,4000,4000,4000,4000
4000,4000,4000,4000,4000,4000,4000,4000,4000
4000,4000,4000,4000,4000,4000,4000,4000,4000
3681.34,3689.16,3675.25,3689.11,3663.45,3678.17,3657.68,3690.78,3690.94
2621.65,2671.58,2620.78,2613.27,2609.95,2605.43,2607.99,2616,2613.25
2034.42,2055.66,2991.54,2055.57,2055.59,2055.59,2055.59,2055.59,2055.59
2726.64,2745.32,2733.98,2752.94,2752.62,3135.12,2753.21,2754.97,2747.92
3336.2,3335.33,3336.11,3334.27,3323.22,3336.08,3334.93,3335.95,3334.77
3417.97,3420.84,3419.67,3420.03,3415.83,3420.35,3418.55,3420.89,3419.68
3763.92,3763.33,3761.76,3762.86,3766.72,3760.54,3763.26,3760.2,3766.77
3996.4,3993.47,3992.93,4000,4000,4000,4000,4000,4000
4000,4000,4000,4000,4000,4000,4000,4000,4000
4000,4000,4000,4000,4000,4000,4000,4000,4000
4000,4000,4000,4000,4000,4000,4000,4000,4000
4000,4000,4000,4000,4000,4000,4000,4000,4000
4000,4000,4000,4000,4000,4000,4000,4000,4000
4000,4000,4000,4000,4000,4000,4000,4000,4000
3230.78,3223.68,3246.53,3226.2,3226.31,3241.82,3216.7,3225.92,3220.09
1089.82,1106.55,2897.99,1106.67,1106.67,1106.67,1106.67,1106.67,1106.67
948.456,963.347,963.226,949.392,962.476,959.508,962.755,2935.07,963.555
1616.33,1612.69,1613.33,3102.11,1622.8,1629.42,1622.79,1624.27,1616.87
3264.27,3259.99,3264.96,3267.29,3265.61,3264.74,3264.96,3265.95,3265.58
3326.42,3329.25,3328.18,3329.36,3328.54,3329.8,3329.98,3328.43,3328.09
3571.52,3572.67,3571.91,3573.7,3570.42,3570.63,3573.66,3571.84,3571.98
3988.7,3995.05,3995.31,3988.08,3994.94,3995.12,3994.15,3992.89,3994.94
4000,4000,4000,4000,4000,4000,4000,4000,4000
4000,4000,4000,4000,4000,4000,4000,4000,4000
4000,4000,4000,4000,4000,4000,4000,4000,4000
4000,4000,4000,4000,4000,4000,4000,4000,4000
4000,4000,4000,4000,4000,4000,4000,4000,4000
4000,4000,4000,4000,4000,4000,4000,4000,4000
3402.51,3403.09,3404.27,3389.87,3372.12,3399.57,3401.61,3404.2,3403.46
202.387,2488.71,205.145,206.271,202.479,204.518,206.016,202.627,222.308
-774.598,2733.78,-775.459,-774.368,-774.106,-765.433,-775.147,-774.865,-775.491
2454.43,2468.68,2477.78,2477.68,2476.82,3171.04,2459.91,2459.45,2476.44
3315.3,3316.17,3315.44,3314.59,3315.87,3315.06,3312.76,3315.04,3315.86
3301.55,3302.46,3302.2,3299.13,3301.97,3299.25,3302.1,3302.25,3301.69
3428.4,3426.82,3430.27,3426.14,3427.43,3428.78,3429.54,3429.58,3429.45
3987.41,3986.45,3980.91,3985.28,3983.53,3977.26,3983.82,3982.5,3978.33
4000,4000,4000,4000,4000,4000,4000,4000,4000
4000,4000,4000,4000,4000,4000,4000,4000,4000
4000,4000,4000,4000,4000,4000,4000,4000,4000
4000,4000,4000,4000,4000,4000,4000,4000,4000
4000,4000,4000,4000,4000,4000,4000,4000,4000
4000,4000,4000,4000,4000,4000,4000,4000,4000
2986.33,2990.16,2989.04,2987.47,2984.36,2986.02,3004.22,3001.46,3009.94
1952.95,1957.89,1969.53,2897.82,1970.33,1965.9,1970.29,1969.88,1970.27
-744.829,-744.768,-744.759,-744.8,2777.14,-744.854,-745.71,-746.789,-744.764
1622.29,3110.56,1622.72,1622.94,1623.19,1623.12,1607.1,1605.85,1622.92
3248.03,3248.19,3242.82,3241.96,3246.17,3248.16,3247.46,3247.56,3247.71
3271.09,3271.97,3272.24,3271.45,3272.07,3271.31,3271.11,3272.01,3270.37
3376.37,3376.83,3378.57,3377.93,3375.39,3378.13,3375.48,3374.75,3378.6
3970.4,3979.07,3973.38,3975.09,3977.85,3977.61,3971.77,3974.54,3976.84
4000,4000,4000,4000,4000,4000,4000,4000,4000
4000,4000,4000,4000,4000,4000,4000,4000,4000
4000,4000,4000,4000,4000,4000,4000,4000,4000
4000,4000,4000,4000,4000,4000,4000,4000,4000
4000,4000,4000,4000,4000,4000,4000,4000,4000
4000,4000,4000,4000,4000,4000,4000,4000,4000
3250.47,3249.95,3252.21,3227.3,3251.89,3250.35,3252.22,3251.74,3251.62
310.375,310.376,310.406,309.618,300.077,314.439,310.145,308.575,2844.45
-778.253,-778.257,-778.264,-778.28,-779.316,2903.93,-778.241,-778.241,-778.241
1853.54,1873.58,1859.51,1873.9,1872.56,1863,1872.85,3087.85,1859.07
3214.46,3214.47,3213.17,3212.9,3212.61,3214.24,3213.98,3211.13,3214.81
3264.42,3267.83,3268.13,3268.62,3268.08,3268.84,3268.62,3268.47,3268.71
3364.71,3362.91,3364.36,3365.19,3362.97,3364.67,3365.03,3365,3364.53
3973.66,3977.54,3970.17,3979.57,3977.98,3975.5,3968.92,3975.92,3975.3
4000,4000,4000,4000,4000,4000,4000,4000,4000
4000,4000,4000,4000,4000,4000,4000,4000,4000
4000,4000,4000,4000,4000,4000,4000,4000,4000
4000,4000,4000,4000,4000,4000,4000,4000,4000
4000,4000,4000,4000,4000,4000,4000,4000,4000
4000,4000,4000,4000,4000,4000,4000,4000,4000
2971.91,2921.78,2919.17,2918.4,2925.37,2933.38,2926.21,2917.5,2925.95
-94.434,-101.531,-94.446,-94.3889,2714.23,-94.4028,-101.609,-94.5103,-94.4297
-164.593,-189.164,-175.516,-186.71,-194.556,2924.86,-189.151,-189.151,-189.151
2165.86,3087.76,2178.84,2158.26,2178.68,2178.81,2159.71,2178.73,2178.88
3222.19,3221.59,3222.95,3222.18,3222.74,3223.06,3222.71,3234.8,3221.86
3225.97,3225.3,3225.66,3225.67,3225.52,3225.48,3225.82,3225.28,3223.7
3321.85,3321.15,3318.71,3321.86,3321.22,3320.8,3319.66,3322.32,3322.06
3986.74,3986.41,3983.54,3988.17,3986.6,3984.85,3981.76,3978.54,3987.3
4000,4000,4000,4000,4000,4000,4000,4000,4000
4000,4000,4000,4000,4000,4000,4000,4000,4000
4000,4000,4000,4000,4000,4000,4000,4000,4000
4000,4000,4000,4000,4000,4000,4000,4000,4000
4000,4000,4000,4000,4000,4000,4000,4000,4000
4000,4000,4000,4000,4000,4000,4000,4000,4000
3064.77,3062.36,3086.46,3081.68,3087.49,3069.26,3084.08,3088.65,3066.66
1431.78,1449.93,1449.82,1431.4,1449.96,1449.96,1449.1,2954.39,1449.96
-920.445,-920.445,-920.449,-921.078,2777.21,-902.438,-920.445,-920.445,-920.445
1798.99,1816.9,1816.38,1799.68,1796.81,1803.84,1811.79,3150.42,1796.09
3250.52,3251.76,3252.24,3252.02,3252.07,3250.78,3250.41,3252.05,3249.88
3257.42,3257.21,3260.05,3259.3,3259.34,3260.11,3259.56,3260.01,3259.73
3378.22,3379.15,3377.69,3378.49,3379.31,3379.26,3377.11,3379.77,3378.96
3993.58,3991.04,3988.66,3987.67,3986.67,3987.65,3985.17,3989.99,3993.07
4000,4000,4000,4000,4000,4000,4000,4000,4000
4000,4000,4000,4000,4000,4000,4000,4000,4000
4000,4000,4000,4000,4000,4000,4000,4000,4000
4000,4000,4000,4000,4000,4000,4000,4000,4000
4000,4000,4000,4000,4000,4000,4000,4000,4000
4000,4000,4000,4000,4000,4000,4000,4000,4000
3296.42,3292.89,3296.1,3294.6,3286.12,3286.02,3289.99,3296.46,3296.4
2481.9,2964.31,2481.82,2481.91,2468.7,2459.15,2478.07,2465.36,2474.54
2963.85,1376.7,1376.7,1376.7,1376.7,1376.7,1376.7,1376.7,1376.7
3060.56,2741.2,2723.52,2740.78,2739.68,2733.58,2740.88,2740.91,2719.85
3290.13,3283.06,3284.6,3284.93,3283.83,3283.24,3283.42,3284.83,3285.47
3294.65,3293.63,3295.29,3295.26,3295.28,3295.21,3294.94,3294.59,3296.57
3436.24,3435.43,3435.53,3434.87,3431.95,3436.57,3434.23,3435.56,3436.99
3994.54,3993.2,3990.32,3990.47,3989.33,3991.56,3987.96,3986.57,3985.6
4000,4000,4000,4000,4000,4000,4000,4000,4000
4000,4000,4000,4000,4000,4000,4000,4000,4000
4000,4000,4000,4000,4000,4000,4000,4000,4000
4000,4000,4000,4000,4000,4000,4000,4000,4000
4000,4000,4000,4000,4000,4000,4000,4000,4000
4000,4000,4000,4000,4000,4000,4000,4000,4000
2896.53,2879.03,2903.62,2903.49,2898.12,2894.22,2890.79,2881,2885.57
161.523,163.723,159.089,166.63,155.745,175.686,157.406,2908.74,164.322
687.114,691.056,683.465,685.738,690.681,689.96,2991,687.948,686.446
2298.56,2307.72,2309.05,2308.69,3152.96,2308.44,2308.43,2308.7,2306.79
3273.21,3273.29,3273.44,3273,3271.54,3273.41,3270.87,3273.53,3272.56
3360.26,3360.29,3360.35,3359.31,3356.59,3361.59,3361.03,3359.55,3359.99
3587.08,3588.1,3584.19,3585.62,3583.62,3586.76,3587,3584.8,3585.99
3996.05,3995.72,3997.54,3993.95,3991.7,3990.88,4000,4000,4000
4000,4000,4000,4000,4000,4000,4000,4000,4000
4000,4000,4000,4000,4000,4000,4000,4000,4000
4000,4000,4000,4000,4000,4000,4000,4000,4000
4000,4000,4000,4000,4000,4000,4000,4000,4000
4000,4000,4000,4000,4000,4000,4000,4000,4000
4000,4000,4000,4000,4000,4000,4000,4000,4000
2787.36,2786.94,2787.06,2781.56,2794.25,2787.55,2786.04,2794.32,2800.13
-154.108,-154.032,-153.509,2639.86,-157.386,-154.087,-153.349,-153.555,-153.102
1657.9,1636.09,1650.72,3029.73,1634.51,1649.78,1647.02,1637.69,1638.03
3257.59,3258.84,3258.57,3258.55,3258.3,3257.07,3257.88,3258.43,3257.51
3368.37,3368.56,3366.84,3368.43,3364.04,3369.75,3369.47,3367.99,3369.11
3459.56,3457.12,3460.67,3460.57,3451.28,3460.85,3460.76,3460.77,3459.16
3781.45,3783.79,3785.96,3780.58,3781.79,3785.34,3782.78,3782.51,3782.79
3999.07,3994.34,4000,4000,4000,4000,4000,4000,4000
4000,4000,4000,4000,4000,4000,4000,4000,4000
4000,4000,4000,4000,4000,4000,4000,4000,4000
4000,4000,4000,4000,4000,4000,4000,4000,4000
4000,4000,4000,4000,4000,4000,4000,4000,4000
4000,4000,4000,4000,4000,4000,4000,4000,4000
4000,4000,4000,4000,4000,4000,4000,4000,4000
3108.46,3095.53,3111.76,3081.32,3107.67,3107.94,3110,3102.64,3096.69
2622.98,2614.04,2632.26,2622.87,2614.45,2619.35,2618.56,2731.01,2632.62
3207.2,3198.61,3201.75,3203.03,3206.31,3208.81,3206.29,3207.87,3193.16
3328.71,3330.03,3329.25,3324.69,3328.75,3330,3330.05,3329.45,3329.8
3388.89,3389.89,3390.22,3387.62,3391.47,3391.46,3389.83,3390.6,3390.52
3499.94,3501.97,3499.23,3501.51,3500.57,3498.51,3502.5,3502.23,3502.2
3875.31,3875.98,3876.12,3876.79,3876.95,3879.11,3876.91,3877.81,3880.39
3993.34,3992.47,4000,4000,4000,4000,4000,4000,4000
4000,4000,4000,4000,4000,4000,4000,4000,4000
4000,4000,4000,4000,4000,4000,4000,4000,4000
4000,4000,4000,4000,4000,4000,4000,4000,4000
4000,4000,4000,4000,4000,4000,4000,4000,4000
4000,4000,4000,4000,4000,4000,4000,4000,4000
4000,4000,4000,4000,4000,4000,4000,4000,4000
3413.85,3393.45,3400.39,3391.23,3387.55,3412.13,3410.75,3398.63,3388.09
2412.53,2412.69,2758.19,2412.77,2412.77,2412.77,2412.77,2412.77,2412.77
2966.71,2986.9,2976.1,2978.9,2982.81,2965.99,2987.14,2977.07,3130.41
3093.2,3091.02,3093.09,3092.91,3092.79,3092.71,3091.48,3090.25,3171.97
3322.79,3322.56,3322.49,3322.15,3320.18,3321.01,3323.04,3321.44,3322.61
3380.64,3380.3,3380.25,3379.3,3373.09,3381.14,3380.33,3380.26,3378.47
3753.21,3751,3752.5,3751.64,3746,3753.78,3751.24,3751.36,3751.85
3997.34,3993.8,4000,4000,4000,4000,4000,4000,4000
4000,4000,4000,4000,4000,4000,4000,4000,4000
4000,4000,4000,4000,4000,4000,4000,4000,4000
4000,4000,4000,4000,4000,4000,4000,4000,4000
4000,4000,4000,4000,4000,4000,4000,4000,4000
4000,4000,4000,4000,4000,4000,4000,4000,4000
4000,4000,4000,4000,4000,4000,4000,4000,4000
3491.7,3501.13,3508.03,3502.74,3507.44,3505.03,3508.22,3504.75,3506.02
2117.53,2097.25,2109.35,2105.48,2095.87,2095.71,2997.32,2117.63,2117.63
1060.83,1047.16,1060.55,1060.84,1060.24,2994.79,1047.42,1060.05,1060.92
2890.54,2892.42,2891.14,2890.42,2873.08,3136.22,2893.18,2891.89,2882.95
3270.85,3270.21,3271.28,3271.37,3242.53,3270.55,3257.93,3271.06,3270.69
3309.27,3307.44,3309.36,3311.39,3306.76,3308.66,3307.3,3309.49,3309.43
3521.39,3519.89,3519.23,3518.88,3519.01,3519.69,3521.9,3521.79,3522.32
3994.3,3987.7,3989.3,3991.29,3992.59,3985.98,3988.5,3986.58,3994.48
4000,4000,4000,4000,4000,4000,4000,4000,4000
4000,4000,4000,4000,4000,4000,4000,4000,4000
4000,4000,4000,4000,4000,4000,4000,4000,4000
4000,4000,4000,4000,4000,4000,4000,4000,4000
4000,4000,4000,4000,4000,4000,4000,4000,4000
4000,4000,4000,4000,4000,4000,4000,4000,4000
2989.44,2984.56,2971.76,2985.8,2988.62,2970.27,2969.26,2988.72,2989.67
-178.407,-211.33,-209.577,-211.644,-211.63,-210.208,-211.743,-211.644,2962.87
-138.873,-143.931,-138.771,-138.855,-141.466,3007.76,-138.75,-138.75,-138.75
2629.13,2628.63,2624.59,3112.84,2640.65,2625.87,2643.25,2628.49,2628.54
3263.31,3263.37,3263.57,3263.09,3262.64,3262.85,3263.12,3262.84,3261.37
3276.39,3275.73,3274.28,3276.56,3276.39,3275.32,3276.44,3275.01,3275.3
3371.98,3372.26,3375.74,3375.41,3373.36,3373.88,3375.58,3375.9,3374.35
3992.13,3988.63,3987.9,3987.29,3991.47,3993.17,3984.76,3988.67,3986.24
4000,4000,4000,4000,4000,4000,4000,4000,4000
4000,4000,4000,4000,4000,4000,4000,4000,4000
4000,4000,4000,4000,4000,4000,4000,4000,4000
4000,4000,4000,4000,4000,4000,4000,4000,4000
4000,4000,4000,4000,4000,4000,4000,4000,4000
4000,4000,4000,4000,4000,4000,4000,4000,4000
3067.11,3091.6,3097.58,3090.59,3095.24,3088.8,3070.67,3088.6,3072.79
905.057,892.971,892.473,920.882,905.047,899.809,3004.64,905.236,905.236
2833.68,-952.246,-952.228,-946.034,-952.09,-952.115,-952.126,-952.151,-929.777
52.9389,52.9701,52.9629,52.6237,52.7101,52.927,2994.88,52.9922,52.9922
3221.34,3222.91,3220.49,3223.16,3222.27,3223.6,3223.64,3222.94,3223.15
3245.18,3245.28,3244.66,3245.02,3243.4,3244.98,3245.24,3245.08,3244.02
3378.01,3379.12,3379.23,3379.38,3379.39,3378.31,3378.01,3379.32,3378.28
3979.14,3978.85,3977.76,3984.69,3981.38,3984.09,3981.97,3979.24,3983.76
4000,4000,4000,4000,4000,4000,4000,4000,4000
4000,4000,4000,4000,4000,4000,4000,4000,4000
4000,4000,4000,4000,4000,4000,4000,4000,4000
4000,4000,4000,4000,4000,4000,4000,4000,4000
4000,4000,4000,4000,4000,4000,4000,4000,4000
4000,4000,4000,4000,4000,4000,4000,4000,4000
3300.35,3280.63,3300.47,3299.13,3299.46,3300.86,3300.32,3300.33,3287.73
967.955,967.644,968.265,967.563,967.93,967.33,969.875,3042.41,961.599
698.773,3052.5,728.145,704.651,704.621,704.721,696.505,692.003,697.464
1625.22,1610.92,1624.51,3098.31,1624.05,1624.8,1606.14,1607.81,1625.09
3264.43,3264.54,3264.18,3263.41,3254.04,3262.96,3258.45,3262.64,3263.17
3259.56,3259.19,3260.31,3260.02,3258.85,3258.89,3259.91,3259.2,3258.86
3319.25,3320.07,3318.45,3318.98,3315.45,3319.19,3318.75,3318.96,3318.78
3966.91,3957.18,3960.88,3967.48,3959.87,3963.95,3964.67,3959.37,3960.51
4000,4000,4000,4000,4000,4000,4000,4000,4000
4000,4000,4000,4000,4000,4000,4000,4000,4000
4000,4000,4000,4000,4000,4000,4000,4000,4000
4000,4000,4000,4000,4000,4000,4000,4000,4000
4000,4000,4000,4000,4000,4000,4000,4000,4000
4000,4000,4000,4000,4000,4000,4000,4000,4000
3540.4,3538.57,3538.93,3537.59,3539.51,3539.72,3536.82,3539.99,3536.87
3157.43,3151.34,3157.08,3142.72,3150.84,3141.43,3157.3,3147.54,3201.86
3167.28,3167.74,3160.99,3168.2,3154.07,3138.13,3177.26,3160.1,3164.27
3252.13,3250.89,3250.25,3253.06,3252.91,3250.71,3253.05,3252.21,3252.45
3271.66,3271.79,3271.23,3272.16,3268.77,3272,3287.77,3271.91,3270.88
3288.97,3287.2,3288.38,3315.3,3289.07,3288.15,3288.97,3289.39,3289.38
3391.45,3393.45,3391.97,3393.47,3393.68,3393.49,3392.41,3394.54,3393.57
3989.32,3991.2,3983.6,3985.89,3988.78,3988.12,3985.69,3987.76,3986.61
4000,4000,4000,4000,4000,4000,4000,4000,4000
4000,4000,4000,4000,4000,4000,4000,4000,4000
4000,4000,4000,4000,4000,4000,4000,4000,4000
4000,4000,4000,4000,4000,4000,4000,4000,4000
4000,4000,4000,4000,4000,4000,4000,4000,4000
4000,4000,4000,4000,4000,4000,4000,4000,4000
3260.08,3235.63,3261.13,3244.81,3260.68,3259.73,3253.75,3255.02,3247.68
-323.431,-323.489,-323.454,-323.43,-323.468,-323.4,-323.583,-325.812,2706.63
2991.95,705.83,705.83,705.83,705.83,705.83,705.83,705.83,705.83
3142.17,1795.59,1792.28,1790.16,1793.26,1793.27,1792.54,1792.01,1792.64
3250.59,3252.84,3251.96,3253.98,3254.04,3252.28,3252.75,3253.86,3253.18
3257.6,3258.22,3258.15,3257.45,3258.08,3257.99,3258.06,3291.69,3256.1
3376.17,3374.92,3375.86,3375.21,3375.58,3375.76,3372.13,3375.9,3376.03
3986.52,3982.69,3986.84,3987.37,3984.72,3982.68,3991.68,3991.97,3984.72
4000,4000,4000,4000,4000,4000,4000,4000,4000
4000,4000,4000,4000,4000,4000,4000,4000,4000
4000,4000,4000,4000,4000,4000,4000,4000,4000
4000,4000,4000,4000,4000,4000,4000,4000,4000
4000,4000,4000,4000,4000,4000,4000,4000,4000
4000,4000,4000,4000,4000,4000,4000,4000,4000
2937.5,2943.58,2948.2,2950.36,2933.74,2954.92,2950.63,2947.39,3006.24
1198.64,1197.87,1193.89,2999.42,1197.48,1185.93,1198.26,1198.08,1195.34
3038.91,1106.67,1126.99,1106.67,1106.67,1106.67,1106.67,1106.67,1106.67
1963.67,3037.39,1963.76,1963.7,1962.26,1965.56,1964.5,1962.9,1963.98
3251.51,3252.95,3253.86,3254.31,3246.34,3250.99,3254.15,3337.66,3254.12
3287.36,3286.47,3287.09,3330.05,3287.34,3286.96,3287.3,3285.28,3287.39
3436.7,3436.28,3434.36,3434.54,3435.62,3437.07,3437.12,3438.22,3437.42
3977.25,3980.95,3981.29,3986.32,3987.4,3979.66,3986.19,3985.55,3986.57
4000,4000,4000,4000,4000,4000,4000,4000,4000
4000,4000,4000,4000,4000,4000,4000,4000,4000
4000,4000,4000,4000,4000,4000,4000,4000,4000
4000,4000,4000,4000,4000,4000,4000,4000,4000
4000,4000,4000,4000,4000,4000,4000,4000,4000
4000,4000,4000,4000,4000,4000,4000,4000,4000
3191.07,3190.56,3215.65,3215.53,3214.43,3213.03,3203.74,3195.36,3213.92
437.681,426.415,437.828,437.838,427.394,426.659,3004.42,437.918,456.814
1170.62,1171.06,1171.11,1171.03,1155.67,1155.38,3041.64,1171.16,1171.16
2825.07,2833.09,2826.27,3136.78,2830.68,2833,2833.69,2810.43,2829.28
3312.27,3310.65,3312.13,3311.02,3311.67,3312.39,3311.08,3312.21,3311.29
3334.12,3332.97,3334.82,3334.8,3333.1,3333.7,3334.22,3334.85,3334.12
3539.91,3540.56,3543.51,3541.06,3538.54,3541.39,3541.26,3543.33,3542.04
3990.48,3987.85,3988.66,3994.19,3993.61,3993.95,3994.21,3993.22,3993.21
4000,4000,4000,4000,4000,4000,4000,4000,4000
4000,4000,4000,4000,4000,4000,4000,4000,4000
4000,4000,4000,4000,4000,4000,4000,4000,4000
4000,4000,4000,4000,4000,4000,4000,4000,4000
4000,4000,4000,4000,4000,4000,4000,4000,4000
4000,4000,4000,4000,4000,4000,4000,4000,4000
1989.61,2442.94,1974.61,1980.37,1975.29,1974.67,1976.08,1985.78,1987.75
300.096,300.361,300.321,300.411,291.24,290.365,2910.98,300.427,300.427
3039.2,2709.96,2733.44,2726.28,2732.93,2732.65,2722.81,2714.53,2706.72
3214.31,3242.03,3241.71,3241.73,3242.62,3240.85,3241.57,3242.58,3242.27
3302.54,3331.81,3331.78,3332.47,3330.56,3332,3332.03,3330.92,3331.03
3423.78,3425.19,3423.86,3427.12,3426.88,3425.23,3426.04,3426.74,3427.09
3732.07,3725.45,3731.89,3732.27,3730.86,3728.61,3728.7,3729.51,3732.51
3995.05,3995.76,3993.63,4000,4000,4000,4000,4000,4000
4000,4000,4000,4000,4000,4000,4000,4000,4000
4000,4000,4000,4000,4000,4000,4000,4000,4000
4000,4000,4000,4000,4000,4000,4000,4000,4000
4000,4000,4000,4000,4000,4000,4000,4000,4000
4000,4000,4000,4000,4000,4000,4000,4000,4000
4000,4000,4000,4000,4000,4000,4000,4000,4000
3350.08,3326.78,3329.68,3328.78,3340.44,3354.56,3353.01,3353.31,3330.78
2513.61,2494.42,2505.13,2657.71,2510.18,2509.94,2506.6,2502.19,2508.47
3264.26,3264.64,3260.38,3263.19,3258.11,3262.46,3263.97,3259.76,3264.42
3318.8,3319.97,3320.8,3320.06,3319.56,3301.27,3321.04,3290.41,3320.65
3366.97,3368.26,3366.8,3367.8,3367.58,3367.12,3366.62,3364.82,3367.94
3451.73,3450.31,3451.37,3451.57,3450.61,3450.92,3451.88,3451.57,3451.1
3855.65,3859.06,3857.16,3853,3855.62,3858.74,3856.66,3854.22,3858.75
4000,4000,4000,4000,4000,4000,4000,4000,4000
4000,4000,4000,4000,4000,4000,4000,4000,4000
4000,4000,4000,4000,4000,4000,4000,4000,4000
4000,4000,4000,4000,4000,4000,4000,4000,4000
4000,4000,4000,4000,4000,4000,4000,4000,4000
4000,4000,4000,4000,4000,4000,4000,4000,4000
4000,4000,4000,4000,4000,4000,4000,4000,4000
3219.85,3247.5,3235.77,3220.69,3245.77,3247.43,3247.49,3224.76,3244.38
822.444,817.64,818.126,817.399,815.709,2846.72,816.801,816.429,814.792
2926.91,2926.97,2926.86,2926.9,2924.93,2925.79,3098.66,2926.98,2925.96
3235.52,3237.19,3235.64,3236.59,3232.24,3237.32,3235.5,3237.09,3242.41
3333.44,3337.62,3336.7,3337.64,3332.19,3337.42,3335.36,3334.04,3337.09
3366.73,3367.62,3367.58,3365.9,3367.31,3367.25,3368.51,3368.01,3367.13
3739.96,3740.68,3736.5,3736.06,3736.34,3739.36,3739.01,3739.71,3740.77
3994.85,4000,4000,4000,4000,4000,4000,4000,4000
4000,4000,4000,4000,4000,4000,4000,4000,4000
4000,4000,4000,4000,4000,4000,4000,4000,4000
4000,4000,4000,4000,4000,4000,4000,4000,4000
4000,4000,4000,4000,4000,4000,4000,4000,4000
4000,4000,4000,4000,4000,4000,4000,4000,4000
4000,4000,4000,4000,4000,4000,4000,4000,4000
2837.34,2824.16,2805.29,2821.96,2801.2,2820.17,2801.29,2824.74,2814.21
1051.66,1057.73,1053.09,1059.65,1048.54,2988.43,1064.75,1066.86,1064.75
1549.37,1549.77,3113.12,1549.93,1554.82,1549.93,1549.93,1549.93,1560.03
3149.24,2735.95,2744.33,2745.91,2739.03,2746.6,2730.78,2733.75,2731.7
3288.62,3289.83,3288.51,3289.24,3290.1,3289.6,3289.9,3289.87,3289.66
3308.96,3309.12,3308.93,3308.31,3306.2,3308.35,3307.45,3306.97,3307.7
3496.08,3494.64,3495.72,3496.67,3497.08,3496.03,3495.37,3497.3,3495.84
3992.6,3988.85,3989.29,3989.45,3988.2,3987.38,3992.96,3992.47,3985.3
4000,4000,4000,4000,4000,4000,4000,4000,4000
4000,4000,4000,4000,4000,4000,4000,4000,4000
4000,4000,4000,4000,4000,4000,4000,4000,4000
4000,4000,4000,4000,4000,4000,4000,4000,4000
4000,4000,4000,4000,4000,4000,4000,4000,4000
4000,4000,4000,4000,4000,4000,4000,4000,4000
2314.81,2326.91,2305.75,2312.94,2321.59,2314.17,2323.23,2813.52,2326.75
-503.672,2885.24,-503.168,-462.21,-503.612,-505.664,-503.052,-503.027,-503.335
-637.227,-646.963,2967.23,-644.347,-644.347,-642.13,-644.347,-644.347,-611.552
790.323,791.697,3143.65,791.798,791.564,792.092,791.966,781.814,791.891
3259.5,3259.06,3260.02,3259.04,3259.76,3258.9,3259.58,3259.69,3260.03
3270.76,3268.47,3268.39,3266.93,3268.69,3268.6,3268.71,3266.2,3268.46
3373.66,3373.05,3373.86,3373.21,3371.24,3375.08,3373.75,3374.47,3372.33
3982.11,3985.11,3988.37,3989.2,3980.91,3989.12,3987.27,3978.85,3977.24
4000,4000,4000,4000,4000,4000,4000,4000,4000
4000,4000,4000,4000,4000,4000,4000,4000,4000
4000,4000,4000,4000,4000,4000,4000,4000,4000
4000,4000,4000,4000,4000,4000,4000,4000,4000
4000,4000,4000,4000,4000,4000,4000,4000,4000
4000,4000,4000,4000,4000,4000,4000,4000,4000
3273.25,3294.61,3277,3297.96,3297.3,3293.05,3270.9,3291.6,3278.78
692.496,692.184,694.535,704.842,696.913,692.184,692.883,2835.7,694.425
1282.88,1282.61,2987.66,1283.05,1283.05,1283.05,1283.05,1283.05,1283.05
3190.94,3191.04,3192.06,3187.97,3166.47,3176.6,3190.8,3166.98,3191.44
3293.65,3293.73,3293.31,3294.33,3293.75,3293.41,3294.75,3271.15,3292.71
3269.05,3270.33,3268.54,3266.98,3268.17,3271.05,3270.78,3270.59,3271.03
3337.92,3338.45,3337.54,3338.59,3334.61,3335.76,3335.86,3337.11,3336.57
3975.39,3980.68,3971.77,3976.75,3982.68,3978.3,3982.41,3980.63,3972.33
4000,4000,4000,4000,4000,4000,4000,4000,4000
4000,4000,4000,4000,4000,4000,4000,4000,4000
4000,4000,4000,4000,4000,4000,4000,4000,4000
4000,4000,4000,4000,4000,4000,4000,4000,4000
4000,4000,4000,4000,4000,4000,4000,4000,4000
4000,4000,4000,4000,4000,4000,4000,4000,4000
3042.74,3060.7,3051.31,3073.49,3073.36,3073.6,3073.6,3180.86,3073.6
-205.343,-205.489,-210.615,-194.296,2743.54,-205.286,-205.286,-205.286,-205.286
2826.06,-197.473,-197.399,-197.498,-197.438,-197.544,-201.65,-203.588,-199.894
2773,2773.4,2773.41,2773.05,2773.02,2772.6,2772.75,3192.85,2772.89
3254.44,3236.37,3254.64,3254.71,3253.33,3254.43,3254.19,3254.53,3252.29
3257.11,3257.32,3257.79,3258.63,3254.68,3258.35,3258.38,3257.72,3256.33
3338.84,3340.77,3340.56,3338.57,3339.83,3338.18,3339.47,3337.68,3339.7
3959.59,3959.38,3965.05,3959.4,3962.17,3966.7,3964.68,3960.39,3963.33
4000,4000,4000,4000,4000,4000,4000,4000,4000
4000,4000,4000,4000,4000,4000,4000,4000,4000
4000,4000,4000,4000,4000,4000,4000,4000,4000
4000,4000,4000,4000,4000,4000,4000,4000,4000
4000,4000,4000,4000,4000,4000,4000,4000,4000
4000,4000,4000,4000,4000,4000,4000,4000,4000
3362.14,3302.69,3329.4,3332.23,3330.74,3331.91,3331.22,3327.39,3331.91
2447.16,2447.16,2446.92,2447.24,2424.42,2433.26,3488.92,2447.25,2447.25
1474.14,1473.17,1474.15,1459.08,3294.81,1474.19,1474.19,1474.19,1474.19
2955.85,2944.94,2971.09,2961.94,2945.79,2945.05,2958.7,3321.82,2949.61
3264.94,3265.23,3264.85,3269.48,3265.53,3265.3,3513.32,3263.31,3265.41
3251.12,3251.26,3251.55,3251.88,3256.4,3252.1,3251.76,3845.04,3250.85
3380.74,3380.87,3382.54,3382.13,3382.2,3381.9,3380.96,3382.54,3829.72
3992.73,3988.5,3987.32,3987.49,3992.99,3995.26,3994.58,3993.89,3994.18
4000,4000,4000,4000,4000,4000,4000,4000,4000
4000,4000,4000,4000,4000,4000,4000,4000,4000
4000,4000,4000,4000,4000,4000,4000,4000,4000
4000,4000,4000,4000,4000,4000,4000,4000,4000
4000,4000,4000,4000,4000,4000,4000,4000,4000
4000,4000,4000,4000,4000,4000,4000,4000,4000
2875.63,2873.44,2875.07,2885.21,2873.13,2899.73,2879.9,2900.03,2933.16
654.991,655.086,2800.27,642.024,655.103,655.095,648.254,651.752,653.099
2025.03,2024.97,2000.83,2024.78,2024.88,2003.33,2024.95,3499.91,2025.03
3172.03,3176.55,3178.34,3463.96,3176.86,3170.78,3177.99,3166.68,3178.64
3302.08,3301.31,3302.33,3302.78,3302.68,3302.64,3385.16,3276.24,3301.77
3272.27,3271.56,3271.78,3272.12,3271.53,3270.38,3269.76,3270,3271.47
3396.24,3393.79,3392.59,3396.88,3394.26,3395.85,3395.67,3393.73,3397.6
3993.97,3989.06,3995.77,3990.75,3994.74,3994.61,3994.45,3994.05,3993.78
4000,4000,4000,4000,4000,4000,4000,4000,4000
4000,4000,4000,4000,4000,4000,4000,4000,4000
4000,4000,4000,4000,4000,4000,4000,4000,4000
4000,4000,4000,4000,4000,4000,4000,4000,4000
4000,4000,4000,4000,4000,4000,4000,4000,4000
4000,4000,4000,4000,4000,4000,4000,4000,4000
2896.27,2875.12,2905.11,2894.69,2873.74,2892.78,2876.55,2882.59,2892.31
-354.77,-357.982,-357.606,-356.215,-357.601,-356.516,-355.513,-357.343,3117.61
82.1889,80.8595,76.7157,82.2981,77.0664,3059.27,99.7022,85.2245,85.2245
1387.34,1389.75,1383.42,1395.82,1377.51,1388.37,1384.71,1388.89,3950.71
3218.23,3222.2,3221.8,3222.22,3222.13,3211.39,3222.36,3220.56,4229.92
3261.07,3263.7,3263.78,3262.08,3263.93,3262.57,3263.29,3262.79,10718.7
3431.67,3429.39,3431.97,3430.28,3429.92,3432.34,3430.09,3432.16,3434.17
3982.81,3990.14,3989.65,3988.09,3985.9,3992.25,3985.75,3992.03,3992.37
4000,4000,4000,4000,4000,4000,4000,4000,4000
4000,4000,4000,4000,4000,4000,4000,4000,4000
4000,4000,4000,4000,4000,4000,4000,4000,4000
4000,4000,4000,4000,4000,4000,4000,4000,4000
4000,4000,4000,4000,4000,4000,4000,4000,4000
4000,4000,4000,4000,4000,4000,4000,4000,4000
2966.48,2973.36,2974.06,2985,2966.33,2975.83,3030.24,2981.97,2974.53
107.215,107.24,107.227,107.231,102.28,2952.02,107.259,107.259,107.259
-878.667,-878.664,-879.39,-877.325,-879.486,-879.524,3294.96,-878.663,-878.663
3221.91,1514.6,1504.49,1508.46,1524.09,1523.14,1523.98,1523.37,1523.7
3255.3,3255.83,3255.61,3255.77,3250.73,3253.59,3255.21,3261.18,3255.46
3314.98,3315.32,3315.11,3315.3,3314.79,3314.93,3313.68,3316.22,3315.46
3499.94,3500.98,3500.49,3500.12,3500.41,3499.8,3501.35,3500.74,3497.54
3990.74,3991.66,3995.1,3987.62,3996.58,3996.05,3994.82,3995.2,3993.44
4000,4000,4000,4000,4000,4000,4000,4000,4000
4000,4000,4000,4000,4000,4000,4000,4000,4000
4000,4000,4000,4000,4000,4000,4000,4000,4000
4000,4000,4000,4000,4000,4000,4000,4000,4000
4000,4000,4000,4000,4000,4000,4000,4000,4000
4000,4000,4000,4000,4000,4000,4000,4000,4000
2345.58,2765.47,2343.86,2346.21,2335.89,2348.32,2346.56,2345.11,2348.69
-507.423,-505.261,-505.487,-506.886,-504.736,-505.639,3134.78,-507.997,-504.704
3048.46,1449.45,1449.45,1449.45,1449.45,1449.45,1449.45,1449.45,1449.45
3156.19,3129.32,3156.42,3162.17,3153.43,3134.62,3126.23,3156.35,3134.65
3327.95,3328.42,3329.31,3329.21,3329,3329.13,3328.67,3328.87,3328.56
3390.94,3390.29,3391.48,3389.32,3388.06,3390.66,3390.99,3390.29,3391.73
3716.52,3718.15,3717.4,3717.74,3711.14,3714.92,3716.84,3715.71,3717.66
3992.55,3992.52,3994.7,3989.94,4000,4000,4000,4000,4000
4000,4000,4000,4000,4000,4000,4000,4000,4000
4000,4000,4000,4000,4000,4000,4000,4000,4000
4000,4000,4000,4000,4000,4000,4000,4000,4000
4000,4000,4000,4000,4000,4000,4000,4000,4000
4000,4000,4000,4000,4000,4000,4000,4000,4000
4000,4000,4000,4000,4000,4000,4000,4000,4000
3104.53,3087.51,3087.62,3082.77,3103.43,3102.15,3081.68,3076.12,3103.29
2968.89,1524.43,1524.43,1524.43,1532.36,1524.43,1524.43,1524.43,1524.43
1180.24,1182.79,1186.88,1186.23,1196,1195.83,3000.25,1193.87,1195.56
3027.25,3027.42,3163.2,3028.27,3022.87,3026.98,3026.91,3028.23,2997.66
3311.4,3311.54,3308.34,3310.72,3309.6,3311.2,3311.56,3310.02,3311.19
3416.13,3416,3414.44,3415.72,3414.03,3416.17,3415.54,3413.96,3415.88
3826.67,3829,3826.75,3824.59,3827.79,3822.29,3823.34,3828.02,3826.28
4000,4000,4000,4000,4000,4000,4000,4000,4000
4000,4000,4000,4000,4000,4000,4000,4000,4000
4000,4000,4000,4000,4000,4000,4000,4000,4000
4000,4000,4000,4000,4000,4000,4000,4000,4000
4000,4000,4000,4000,4000,4000,4000,4000,4000
4000,4000,4000,4000,4000,4000,4000,4000,4000
4000,4000,4000,4000,4000,4000,4000,4000,4000
2680.73,2680.07,2688.75,2686.03,2718.43,2682.08,2690.09,2675.65,2685.73
736.738,739.215,737.906,739.929,729.662,740.389,739.835,2598.96,740.466
2443.8,2443,3118.34,2417.73,2441.43,2443.81,2443.85,2434.09,2428.48
3264.94,3268.63,3268.45,3268.69,3248.39,3268.52,3268.28,3267.81,3264.95
3322.2,3320.72,3320.83,3319.8,3321.99,3321,3321.67,3322.14,3322.13
3342.7,3341.58,3342.49,3342.5,3334.37,3341.71,3342.66,3341.89,3341.79
3730.49,3728.21,3729.75,3727.59,3727.21,3727.31,3729.4,3731.15,3729.78
3995.15,4000,4000,4000,4000,4000,4000,4000,4000
4000,4000,4000,4000,4000,4000,4000,4000,4000
4000,4000,4000,4000,4000,4000,4000,4000,4000
4000,4000,4000,4000,4000,4000,4000,4000,4000
4000,4000,4000,4000,4000,4000,4000,4000,4000
4000,4000,4000,4000,4000,4000,4000,4000,4000
4000,4000,4000,4000,4000,4000,4000,4000,4000
3657.43,3651.77,3659.26,3634.57,3625.17,3659.97,3659.47,3631.18,3658.39
2937.86,2942.85,3049.76,2939.58,2943.37,2943.35,2924.68,2937.45,2940.56
3223.83,3226.93,3226.91,3227.2,3197.88,3202,3226.93,3226.98,3203.01
3289.41,3289.97,3289.77,3287.99,3285.58,3289.85,3289.21,3273.93,3289.91
3300.3,3301.09,3301.39,3297.78,3299.65,3299.97,3301.04,3301.2,3301.07
3306.58,3306.18,3306.14,3306.57,3369.22,3304.55,3305.71,3305.97,3306.22
3535.1,3535.88,3531.56,3535.35,3532.5,3533.95,3570.93,3534.32,3533.32
3994.21,3994.47,3992.99,3992.79,3990.48,4000,4000,4000,4000
4000,4000,4000,4000,4000,4000,4000,4000,4000
4000,4000,4000,4000,4000,4000,4000,4000,4000
4000,4000,4000,4000,4000,4000,4000,4000,4000
4000,4000,4000,4000,4000,4000,4000,4000,4000
4000,4000,4000,4000,4000,4000,4000,4000,4000
4000,4000,4000,4000,4000,4000,4000,4000,4000
2712.13,2704.92,2747.81,2703.87,2710.46,2688.13,2707.26,2707.11,2709.69
-486.129,-486.204,-487.078,-484.835,2811.46,-488.226,-487.236,-488.284,-486.871
459.397,3055.52,467.114,467.114,476.794,467.114,467.114,467.114,475.559
3084.89,3087.12,3071.63,3079.69,3083.54,3183.16,3083.86,3078.21,3084.53
3292.75,3292.53,3292.86,3320.63,3291.17,3292.88,3292.64,3290.23,3292.86
3289.45,3289.34,3288.53,3288.76,3287.05,3288.63,3288.71,3289.39,3288.84
3429.04,3431.07,3431.02,3427.46,3430.94,3431.77,3431.91,3431.13,3429.27
3992.23,3992.02,3991.16,3997.6,3996.42,3996.6,3990.86,3994.46,3994.8
4000,4000,4000,4000,4000,4000,4000,4000,4000
4000,4000,4000,4000,4000,4000,4000,4000,4000
4000,4000,4000,4000,4000,4000,4000,4000,4000
4000,4000,4000,4000,4000,4000,4000,4000,4000
4000,4000,4000,4000,4000,4000,4000,4000,4000
4000,4000,4000,4000,4000,4000,4000,4000,4000
3007.3,3008.11,3007.66,3008.01,3007.96,3008.14,3006.93,2976.33,3144.19
-57.5071,-57.5055,-61.6443,2968.69,-64.9236,-60.6401,-57.4318,-57.4498,-57.471
923.845,922.87,3062.78,924.48,924.48,924.48,924.48,924.48,924.48
2179.11,2180.86,2189.08,2180.57,2180.63,2172.97,2161.83,3163.36,2180.93
3247.42,3253.37,3253.93,3279.86,3252.41,3254.39,3254.56,3254.38,3254.39
3252.79,3251.9,3253.36,3252.25,3251.75,3253.58,3253.52,3253,3252.08
3364.57,3364.63,3364.68,3362.01,3360.96,3362.76,3360.21,3362.14,3362.73
3987.57,3982.45,3985.77,3988.09,3992.98,3992.1,3990.76,3989.92,3989.71
4000,4000,4000,4000,4000,4000,4000,4000,4000
4000,4000,4000,4000,4000,4000,4000,4000,4000
4000,4000,4000,4000,4000,4000,4000,4000,4000
4000,4000,4000,4000,4000,4000,4000,4000,4000
4000,4000,4000,4000,4000,4000,4000,4000,4000
4000,4000,4000,4000,4000,4000,4000,4000,4000
3408.75,3408.26,3407.92,3409.3,3408.31,3409.37,3406.92,3409.48,3407.58
2552.27,2551.82,3090.28,2552.13,2552.13,2552.01,2527.42,2525,2524.82
1023.46,1023.42,1022.86,1023.61,1027.12,1025.77,1023.24,3180.46,1023.66
2493.26,2500.73,2497.75,3121.95,2501.69,2490.69,2495.18,2491.46,2489.8
3244.48,3243.02,3242.77,3243.69,3241.59,3241.09,3244.49,3243.81,3244.58
3251.08,3251.47,3251.58,3250.04,3251.53,3250.44,3250.76,3251.23,3251.27
3309.81,3313.13,3313.32,3313.06,3313.02,3312.68,3313.75,3313.57,3312.45
3972.05,3970.88,3971.02,3973.51,3972.19,3974.03,3968.74,3970.46,3972.48
4000,4000,4000,4000,4000,4000,4000,4000,4000
4000,4000,4000,4000,4000,4000,4000,4000,4000
4000,4000,4000,4000,4000,4000,4000,4000,4000
4000,4000,4000,4000,4000,4000,4000,4000,4000
4000,4000,4000,4000,4000,4000,4000,4000,4000
4000,4000,4000,4000,4000,4000,4000,4000,4000
3010.45,2938.53,2966.31,2938.04,2935.64,2942.09,2965.48,2964.94,2936
-81.4221,-82.7589,3485.01,-75.9772,-75.9772,-75.9772,-75.9772,-75.9772,-75.9772
1175.89,1178.4,1183.21,1190.28,1176.97,3712.95,1193.09,1193.09,1193.09
3082.12,3089.38,3092.34,3094.3,3091.23,3092.41,3086.15,3092.57,4630.75
4049.1,3214.44,3226.02,3226.96,3227.11,3226.6,3226.98,3223.25,3227.01
3750.05,3224.54,3224.52,3223.28,3224.54,3223.84,3224.61,3224.45,3224.12
3340.37,3340.76,3339.74,3340.61,3340.32,3341.26,3446.39,3341.46,3340.36
3991.56,3997.99,3997.86,3995.42,3996.79,3993.49,3993.09,3993.08,3992.62
4000,4000,4000,4000,4000,4000,4000,4000,4000
4000,4000,4000,4000,4000,4000,4000,4000,4000
4000,4000,4000,4000,4000,4000,4000,4000,4000
4000,4000,4000,4000,4000,4000,4000,4000,4000
4000,4000,4000,4000,4000,4000,4000,4000,4000
4000,4000,4000,4000,4000,4000,4000,4000,4000
3038.75,3054.07,3054.27,3060.32,3361.35,3060.42,3061.34,3044.93,3053.7
-201.208,-201.599,-201.394,4833.38,-199.193,-201.86,-196.293,-201.002,-200.549
-957.904,-957.903,-920.481,-931.451,-957.914,-958.092,4606.45,-957.901,-957.901
855.174,867.138,858.323,910.663,857.792,10721.9,875.86,867.321,867.321
3136.09,3136.09,3133.94,3136.16,3135.73,3135.48,3135.84,10709.8,3135.65
3219.35,3218.24,3218.46,3219.35,3219.36,3219.37,3218.87,3218.74,7766.97
3355.24,3354.99,3353.01,3354.71,3354.88,4122.22,3355.12,3355.27,3355.01
3950.5,3950.88,3947.15,3947.59,3951.84,3946.46,3944.86,3952.79,3951.69
4000,4000,4000,4000,4000,4000,4000,4000,4000
4000,4000,4000,4000,4000,4000,4000,4000,4000
4000,4000,4000,4000,4000,4000,4000,4000,4000
4000,4000,4000,4000,4000,4000,4000,4000,4000
4000,4000,4000,4000,4000,4000,4000,4000,4000
4000,4000,4000,4000,4000,4000,4000,4000,4000
2985.34,2999.6,3000.07,2987.21,2982.39,2975.68,3028.61,2993.1,2995.67
-197.307,-203.673,-202.989,-200.614,-201.811,-199.474,-202.681,3116.45,-197.259
-579.213,-582.309,-582.364,-582.302,-582.314,-582.848,-555.65,3985.21,-582.301
509.378,10720.6,509.613,509.212,508.451,509.114,507.589,499.134,509.059
3231.01,3228.66,3232.33,3232.44,3230.85,3231.84,3229.96,7453.65,3214.66
3235.88,3236.92,3236.83,3237.33,3235.48,3235.58,3236.6,3237.07,5619.59
3466.22,3380.58,3377.71,3380.62,3379.63,3380.61,3380.33,3380.08,3377.13
3994.41,3995.23,4000,4000,4000,4000,4000,4000,4000
4000,4000,4000,4000,4000,4000,4000,4000,4000
4000,4000,4000,4000,4000,4000,4000,4000,4000
4000,4000,4000,4000,4000,4000,4000,4000,4000
4000,4000,4000,4000,4000,4000,4000,4000,4000
4000,4000,4000,4000,4000,4000,4000,4000,4000
4000,4000,4000,4000,4000,4000,4000,4000,4000
2318.09,2333.88,2320,2320.77,2325.39,2455.74,2342.69,2318.45,2337.32
-697.187,-697.193,-697.214,3327.87,-699.598,-697.199,-698.25,-697.271,-698.278
140,3203.12,141.152,141.152,141.152,141.152,141.152,141.152,141.152
2508.01,2511.55,2509.65,2510.18,2496.46,2511.11,3686.4,2500.47,2510.7
3257.23,3256.45,3257.7,3257.73,3257.64,3257.12,3257.18,3256.29,4221.64
3291.01,3289.86,3290.35,3290.91,3290.61,10716.8,3291.63,3290.9,3291.5
3506.46,3507.62,3506.04,3504.23,3916.89,3508.45,3507.89,3506.29,3504.14
3993.61,3993.42,3993.31,3991.16,4000,4000,4000,4000,4000
4000,4000,4000,4000,4000,4000,4000,4000,4000
4000,4000,4000,4000,4000,4000,4000,4000,4000
4000,4000,4000,4000,4000,4000,4000,4000,4000
4000,4000,4000,4000,4000,4000,4000,4000,4000
4000,4000,4000,4000,4000,4000,4000,4000,4000
4000,4000,4000,4000,4000,4000,4000,4000,4000
2158.84,2160.44,2152.56,2623.92,2153.26,2155.77,2160.05,2156.77,2160.66
1422.51,3210.67,1410.29,1417.14,1405.64,1415.38,1407.2,1422.09,1424.03
3226.68,1876.56,1876.68,1876.68,1855.93,1860.3,1859.35,1862.34,1876.02
3229.49,3222.1,3241.23,3241.85,3238.96,3212.14,3241.85,3241.57,3292.4
3293.67,3292.15,3293.66,3292.89,3547.43,3293.65,3292.89,3293.26,3293.1
3350.77,3350.29,3348.08,3351.2,3351.4,3372.9,3351.18,10714.8,3351.04
3721.81,3719.47,3720.45,3720.69,3717.15,3719.39,3717.52,3715.73,3719.72
4000,4000,4000,4000,4000,4000,4000,4000,4000
4000,4000,4000,4000,4000,4000,4000,4000,4000
4000,4000,4000,4000,4000,4000,4000,4000,4000
4000,4000,4000,4000,4000,4000,4000,4000,4000
4000,4000,4000,4000,4000,4000,4000,4000,4000
4000,4000,4000,4000,4000,4000,4000,4000,4000
4000,4000,4000,4000,4000,4000,4000,4000,4000
2660.08,2738.81,2656.35,2660.89,2662.48,2647.45,2657.42,2652.33,2646.38
1860.18,1872.05,1876,2994.28,1853.94,1876.44,1864.57,1857.12,1876.54
2937.62,3046.59,2926.5,2932.29,2947.42,2952.41,2925.91,2952.48,2930.99
3310.56,3311.82,3311.85,3310.69,3311.9,3311.27,3312.43,3308.85,3312
3301.21,3300.99,3298.18,3300.66,3300.46,3301.69,3326.97,3301.28,3301.14
3370.46,3369.03,3369.03,3369.42,3369.26,3369.87,3369.13,3370.4,3368.55
3845.8,3845.92,3845.09,3845.58,3846.22,3845.53,3847.25,3839.36,3844.42
4000,4000,4000,4000,4000,4000,4000,4000,4000
4000,4000,4000,4000,4000,4000,4000,4000,4000
4000,4000,4000,4000,4000,4000,4000,4000,4000
4000,4000,4000,4000,4000,4000,4000,4000,4000
4000,4000,4000,4000,4000,4000,4000,4000,4000
4000,4000,4000,4000,4000,4000,4000,4000,4000
4000,4000,4000,4000,4000,4000,4000,4000,4000
2297.14,2295.08,2290.44,2558.49,2302.34,2305,2304.94,2303.52,2302.71
-573.156,-572.741,-572.959,-573.194,2773.5,-573.048,-573.19,-575.098,-572.751
2914.8,585.158,572.207,576.169,575.151,571.674,574.631,573.478,569.017
3214.02,3214.27,3214.71,3214.66,3212.41,3214.7,3216.19,3214.65,3231.61
3294.81,3295.95,3294.13,3293.39,3295.1,3295.02,3295.21,3295,3295.28
3318.42,3318.41,3319.92,3320.5,3319.08,3319.94,3319.55,3319.5,3327.28
3721.36,3724.88,3723.19,3724.98,3718.91,3723.05,3723.08,3763.04,3724.87
4000,4000,4000,4000,4000,4000,4000,4000,4000
4000,4000,4000,4000,4000,4000,4000,4000,4000
4000,4000,4000,4000,4000,4000,4000,4000,4000
4000,4000,4000,4000,4000,4000,4000,4000,4000
4000,4000,4000,4000,4000,4000,4000,4000,4000
4000,4000,4000,4000,4000,4000,4000,4000,4000
4000,4000,4000,4000,4000,4000,4000,4000,4000
3209.5,3228.09,3218.08,3217.69,3235.15,3216.32,3217.36,3223.33,3237.94
2822.91,625.304,628.96,638.509,625.506,632.989,625.471,636.804,626.564
1713.79,1713.37,1723.82,1713.88,1726.8,3200.44,1692.35,1699.54,1692.24
3248.77,3248.14,3248.54,3249.23,3249.66,3249.93,3246.7,3241.37,3249.84
3296.53,3298.61,3298.69,3298.63,3298.31,3298.22,3299.2,3296.56,3297.6
3289.06,3289.68,3290.58,3297.44,3289.64,3291.97,3291.03,3290.82,3290.79
3548.59,3548.1,3547.88,3548.52,3550.06,3590.11,3550.48,3550.31,3549.19
3995.93,3992.91,3992.98,3989.6,3991.5,4000,4000,4000,4000
4000,4000,4000,4000,4000,4000,4000,4000,4000
4000,4000,4000,4000,4000,4000,4000,4000,4000
4000,4000,4000,4000,4000,4000,4000,4000,4000
4000,4000,4000,4000,4000,4000,4000,4000,4000
4000,4000,4000,4000,4000,4000,4000,4000,4000
4000,4000,4000,4000,4000,4000,4000,4000,4000
3203.41,3188.74,3182.16,3184.71,3188.38,3201.16,3201.96,3205.02,3202.26
1002.75,998.704,3108.57,1007.26,1007.24,1007.47,1025.2,1007.47,1007.44
-559.458,-585.118,-568.671,-582.317,-572.021,-577.615,-582.306,-577.642,3010.63
2385.33,2388.55,2409.58,2393.92,2415.46,2409.94,3227.51,2410.27,2415.38
3244.16,3239.72,3244.5,3243.88,3220.79,3244.14,3244.3,3244.31,3284.58
3270.11,3269.87,3270.08,3268.57,3269.28,3320.22,3269,3270.14,3269.44
3412.9,3412.37,3411.62,3412.25,3411.38,3412.17,3413.46,3411.72,3413.1
3995.89,3996.05,3995.38,3995.01,3991.25,3992.26,3990.29,3986.9,4000
4000,4000,4000,4000,4000,4000,4000,4000,4000
4000,4000,4000,4000,4000,4000,4000,4000,4000
4000,4000,4000,4000,4000,4000,4000,4000,4000
4000,4000,4000,4000,4000,4000,4000,4000,4000
4000,4000,4000,4000,4000,4000,4000,4000,4000
4000,4000,4000,4000,4000,4000,4000,4000,4000
3071.59,3078.46,3068.7,3088.67,3075.31,3078.64,3069.07,3082.14,3073.6
437.675,437.843,436.127,435.096,437.513,436.562,3045.36,437.918,437.918
1790.94,1791.32,1789.54,1790.84,1775.64,3241.22,1791.33,1791.33,1791.33
2766.1,3167.22,2788.6,2782.03,2783.05,2777.93,2788.56,2770.92,2781.84
3262.06,3263.73,3264,3260.74,3263.33,3264.05,3264.14,3263.92,3241.46
3257.17,3256.89,3257.91,3256.68,3257.89,3257.5,3257.73,3257.73,3257.73
3368.39,3369.47,3368.08,3368.53,3368.64,3368.75,3369.58,3368.55,3368.53
3998.91,3995.19,3996.03,3994.03,3992.01,3992.99,4000,4000,4000
4000,4000,4000,4000,4000,4000,4000,4000,4000
4000,4000,4000,4000,4000,4000,4000,4000,4000
4000,4000,4000,4000,4000,4000,4000,4000,4000
4000,4000,4000,4000,4000,4000,4000,4000,4000
4000,4000,4000,4000,4000,4000,4000,4000,4000
4000,4000,4000,4000,4000,4000,4000,4000,4000
3093.54,3094.12,3094.22,3065.86,3228.65,3066.71,3063.93,3065.57,3093.38
2481.71,2481.92,2462.66,3148.6,2481.92,2455.11,2459.86,2471.69,2461.63
527.167,539.041,3157.92,527.295,527.295,537.161,527.295,527.295,527.295
2972.61,2983.01,2998.22,2988.24,2998.08,2998.43,3275.57,2971.32,2998.75
3257.77,3258.24,3257.92,3258.95,3258.91,3257.64,3258.39,3258.96,3258.69
3253.92,3252.56,3255,3255.06,3253.06,3255.16,3254.94,3255.36,3254.73
3330.49,3330.76,3329.53,3329.39,3330.3,3331.54,3331.37,3331.45,3331.14
3994.34,3997.78,3997.37,3991.15,3990.91,3995.27,3997.13,3997.3,3995.14
4000,4000,4000,4000,4000,4000,4000,4000,4000
4000,4000,4000,4000,4000,4000,4000,4000,4000
4000,4000,4000,4000,4000,4000,4000,4000,4000
4000,4000,4000,4000,4000,4000,4000,4000,4000
4000,4000,4000,4000,4000,4000,4000,4000,4000
4000,4000,4000,4000,4000,4000,4000,4000,4000
3177.96,3156.28,3184.69,3166.04,3232.07,3169.42,3185.5,3156.31,3183.74
1337.74,1310.77,1329.38,1328.91,1329.15,3759.79,1329.4,1329.4,1341.75
-952.353,-952.351,-952.35,-952.35,-952.35,-952.353,-952.658,2844.55,-952.438
1095.57,1095.6,1095.2,1083.45,1083.87,1088.1,10708.6,1095.6,1095.6
3163.01,3163.11,7200.55,3162.44,3162.58,3163.3,3162.91,3162.58,3161.53
3191.83,3190.78,3191.36,3191.55,3191.32,6695.77,3191.71,3191.98,3189.46
3282.61,3280.91,3282.26,3282.66,3281.7,4125.68,3282.56,3281.47,3281.71
3990.48,3990.69,3994.17,3994.84,3995.62,3993.67,3992.85,3993.76,3990.19
4000,4000,4000,4000,4000,4000,4000,4000,4000
4000,4000,4000,4000,4000,4000,4000,4000,4000
4000,4000,4000,4000,4000,4000,4000,4000,4000
4000,4000,4000,4000,4000,4000,4000,4000,4000
4000,4000,4000,4000,4000,4000,4000,4000,4000
4000,4000,4000,4000,4000,4000,4000,4000,4000
2778.4,2781.09,2765.85,2776.03,3271.43,2781.22,2761.4,2780.68,2756.68
252.837,5227.87,261.803,261.803,261.803,261.803,261.803,261.803,261.803
1003.38,10723.8,1003.35,1077.43,1023.44,1003.42,999.327,990.461,1000.01
932.245,932.364,920.917,10709.6,917.332,932.214,928.746,931.395,928.372
3027.38,3022.82,3021.94,3074.47,3022.86,10690.3,3033.19,3022.91,3077.48
2995.12,3023.34,3019,3023.16,3001.61,2981.26,3054.63,3033.88,10704.9
3242.95,3242.27,3243.44,3242.52,3284.08,10703.5,3243.5,3243.46,3243.74
3992.35,3988.04,3986.41,4004.42,3996.24,3988.34,3990.01,3993.76,3994.02
4000,4000,4000,4000,4000,4000,4000,4000,4000
4000,4000,4000,4000,4000,4000,4000,4000,4000
4000,4000,4000,4000,4000,4000,4000,4000,4000
4000,4000,4000,4000,4000,4000,4000,4000,4000
4000,4000,4000,4000,4000,4000,4000,4000,4000
4000,4000,4000,4000,4000,4000,4000,4000,4000
2219.37,2219.36,2208.7,2212,2208.64,2218.26,2216.76,2195.9,4012.99
-914.567,-944.484,-944.433,-944.46,-944.48,-944.397,-944.48,6402.24,-944.037
10711.7,-873.464,-873.434,-873.472,-872.493,-872.51,-789.191,-872.493,-872.484
915.968,904.594,862.133,867.244,10682.6,931.784,858.578,866.87,903.323
3128.8,3169.12,3157.09,3130,3126.24,3129.81,3124.3,3129.5,10686.7
3172.64,3213.64,3172.87,3181.07,3172.34,3173.03,3172.82,3172.49,10690
3346.78,3346.78,3346.28,3346.47,7780.11,3346.58,3346.3,3346.72,3346.58
3994.61,3994.91,3990.84,3991.06,3990.71,4000,4000,4000,4000
4000,4000,4000,4000,4000,4000,4000,4000,4000
4000,4000,4000,4000,4000,4000,4000,4000,4000
4000,4000,4000,4000,4000,4000,4000,4000,4000
4000,4000,4000,4000,4000,4000,4000,4000,4000
4000,4000,4000,4000,4000,4000,4000,4000,4000
4000,4000,4000,4000,4000,4000,4000,4000,4000
3575.6,3572.46,3556.51,3573.91,3575.01,4003.47,3574.71,3574.56,3571.57
2746.01,2754.67,2755.17,2770.23,2752.89,2753.07,2764,10683.1,2773.6
2939.37,2910.75,2907.64,2937.14,3042.29,3001.92,2937.38,10708.3,2940.01
3231.63,3201,3232.68,3230.97,3201.6,3216.31,3231.84,7701,3231.87
3202.7,3239.46,3202.51,3202.66,3258.03,3194.2,3203.06,3202.9,10680.5
3271.64,3271.81,3272.03,3271.87,3271.5,7885.62,3272.25,3272.24,3270.4
3476.88,3477.38,3477.14,3477.2,3474.99,3477.42,3476.1,6856.74,3475.57
3996.61,3989.7,3989.83,4000,4000,4000,4000,4000,4000
4000,4000,4000,4000,4000,4000,4000,4000,4000
4000,4000,4000,4000,4000,4000,4000,4000,4000
4000,4000,4000,4000,4000,4000,4000,4000,4000
4000,4000,4000,4000,4000,4000,4000,4000,4000
4000,4000,4000,4000,4000,4000,4000,4000,4000
4000,4000,4000,4000,4000,4000,4000,4000,4000
3487.49,3375.29,3376.06,3380.32,3374.94,3374.31,3379.86,3350.1,3360.76
2454.59,2460.68,2459.39,2454.43,2453.99,2453.83,3773.13,2457.95,2455.14
2983.81,2978.28,2973.42,2976.75,2976.17,2973.82,3455.2,2977.06,2983.61
3255.97,3256.17,3256.21,4956.55,3250.39,3253.55,3256.07,3254.97,3255.18
3225.32,3225.57,3225.44,10712.8,3219.48,3225.25,3225.65,3224.89,3225.56
3311.25,3310.06,3310.58,3312.47,3310.92,3311.22,3311.05,3310.35,7242.07
3666.37,3666.41,3667.55,4023.79,3667.11,3668.62,3664.24,3668.32,3668.74
3995.35,4000,4000,4000,4000,4000,4000,4000,4000
4000,4000,4000,4000,4000,4000,4000,4000,4000
4000,4000,4000,4000,4000,4000,4000,4000,4000
4000,4000,4000,4000,4000,4000,4000,4000,4000
4000,4000,4000,4000,4000,4000,4000,4000,4000
4000,4000,4000,4000,4000,4000,4000,4000,4000
4000,4000,4000,4000,4000,4000,4000,4000,4000
2994.31,2993.67,2997,2988.19,2992.02,2974.45,2985.03,3021.98,2981.43
2213.01,2928.99,2202.89,2207.57,2207.18,2219.46,2218.51,2216.87,2215.17
2967.56,3052.52,2936.72,2967.53,2967.08,2967.72,2938.59,2966.96,2967.47
3243.82,3243.1,3243.42,3460.88,3242.28,3242.37,3243.31,3242.58,3243.07
3297.06,3294.06,3297.44,3297.62,3294.57,3297.26,3954.31,3297.84,3296.7
3269.97,3270.37,3271.07,3271.4,3271.49,3270.74,3271.41,4102.6,3271.06
3813.98,3809.19,3807.99,3812.64,3812.71,3813.16,3811.02,3812.08,3810.37
3993.33,4000,4000,4000,4000,4000,4000,4000,4000
4000,4000,4000,4000,4000,4000,4000,4000,4000
4000,4000,4000,4000,4000,4000,4000,4000,4000
4000,4000,4000,4000,4000,4000,4000,4000,4000
4000,4000,4000,4000,4000,4000,4000,4000,4000
4000,4000,4000,4000,4000,4000,4000,4000,4000
4000,4000,4000,4000,4000,4000,4000,4000,4000
2675,2677.47,2679.43,2806.53,2663.36,2673.43,2678.12,2665.27,2674.35
141.093,139.478,3104.29,141.152,141.152,141.152,141.152,141.152,149.581
1388.66,1388.83,1377.45,1374.29,1391.4,1381.79,1388.95,3103.35,1393.1
3153.4,3154.46,3157.81,3155.75,3155.03,3131.49,3157.34,3140.66,3238.39
3290.01,3292.35,3292.14,3291.02,3291.75,3292.61,3648.57,3292.59,3292.73
3315.06,3316.39,3315.39,3316.2,3312.4,3315.62,3775,3315.24,3316.43
3702.36,3702.89,3699.61,3699.88,3698.99,3700.93,3703.28,3703.45,3700.39
3990.27,4000,4000,4000,4000,4000,4000,4000,4000
4000,4000,4000,4000,4000,4000,4000,4000,4000
4000,4000,4000,4000,4000,4000,4000,4000,4000
4000,4000,4000,4000,4000,4000,4000,4000,4000
4000,4000,4000,4000,4000,4000,4000,4000,4000
4000,4000,4000,4000,4000,4000,4000,4000,4000
4000,4000,4000,4000,4000,4000,4000,4000,4000
3316.27,3318.51,3318.01,3316.21,3312.22,3318.29,3318.85,3318.48,3291.49
2277.78,2278.29,2259.25,2278.07,2256.08,2256.52,2270.8,3243.13,2278.3
671.754,659.264,661.981,658.578,3270.58,671.884,671.884,671.884,671.884
2468.01,2467.76,2462.11,2467.71,2467.89,3255.26,2467.37,2467.51,2454.21
3269.73,3269.77,3270.16,3314.31,3269.89,3269.34,3269.6,3270.04,3269.93
3277.44,3334.22,3279.44,3279.47,3279.35,3279.2,3279.53,3278.58,3279.26
3470.6,3466.78,3468.82,3469.06,3468.33,3469.93,3470.22,3467.26,3470.01
3996.09,3995.88,3994.21,3988.46,4000,4000,4000,4000,4000
4000,4000,4000,4000,4000,4000,4000,4000,4000
4000,4000,4000,4000,4000,4000,4000,4000,4000
4000,4000,4000,4000,4000,4000,4000,4000,4000
4000,4000,4000,4000,4000,4000,4000,4000,4000
4000,4000,4000,4000,4000,4000,4000,4000,4000
4000,4000,4000,4000,4000,4000,4000,4000,4000
2619.86,2619.92,2620.14,2599.86,2617.53,3174.31,2608.6,2624.8,2602.18
-9.03507,-16.2684,-6.46451,0.232651,-7.73016,-8.72873,-15.9916,3220.27,-8.86114
481.624,3199.23,485.977,487.562,484.651,513.093,486.333,485.94,484.673
2269.35,2254.69,2264.46,2261.38,2278.22,2277.54,3238.09,2278.24,2276.16
3226.5,3225.56,3225.92,3226.33,3226.59,3226.63,3278.75,3226.13,3226.69
3262.66,3263.48,3263.81,3263.73,3262.21,3262.58,3264.01,3376.23,3262.39
3393.1,3392.58,3392.61,3392.25,3392.57,3392.51,3475.53,3392.66,3391.8
3999.02,3997.36,3995.75,3995.91,3995.4,3995.42,3994.23,4000,4000
4000,4000,4000,4000,4000,4000,4000,4000,4000
4000,4000,4000,4000,4000,4000,4000,4000,4000
4000,4000,4000,4000,4000,4000,4000,4000,4000
4000,4000,4000,4000,4000,4000,4000,4000,4000
4000,4000,4000,4000,4000,4000,4000,4000,4000
4000,4000,4000,4000,4000,4000,4000,4000,4000
2854.86,2855.04,2855.57,2861.77,2856.85,2845.94,3170.24,2859.77,2839.41
2135.94,3166.06,2123.88,2125.48,2132.68,2133.44,2123.28,2123.11,2123.93
3078.29,118.443,118.443,118.443,118.443,118.443,118.443,143.144,118.443
1600.14,1600.4,1599.47,1600.34,1600.03,1600.01,1600.4,3168.89,1645.07
3255.82,3255.53,3256.43,3256.43,3256.27,3255.65,3325.84,3256.22,3255.97
3253.76,3253.57,3253.85,3359.45,3253.44,3252.27,3253.38,3253.89,3253.57
3323.95,3323.53,3324.18,3324.43,3338.91,3324.62,3324.13,3324.45,3324.18
3991.7,3994.29,3986.16,3994.61,3988.32,3986.98,3994.39,3994.58,3994.64
4000,4000,4000,4000,4000,4000,4000,4000,4000
4000,4000,4000,4000,4000,4000,4000,4000,4000
4000,4000,4000,4000,4000,4000,4000,4000,4000
4000,4000,4000,4000,4000,4000,4000,4000,4000
4000,4000,4000,4000,4000,4000,4000,4000,4000
4000,4000,4000,4000,4000,4000,4000,4000,4000
3048.03,3055.54,3042.21,3045.45,3048.7,3118.66,3051.84,3055.94,3040.92
-350.003,-355.148,-350.086,-350,-350.039,-354.831,-352.115,-350.087,3070.86
-780.465,-780.463,-775.597,-780.461,-781.973,-782.042,3045.35,-780.459,-780.459
1219.42,1234.3,1218.65,1222.22,1217.51,3152.23,1234.28,1236.62,1217.63
3243.43,3230.04,3243.86,3244.29,3241.73,3244.26,3244.27,3243.46,3243.72
3251.09,3251.05,3251.06,3250.36,3250.75,3250.79,3251.06,3250.84,3250.81
3296.69,3295.85,3296.5,3296.95,3297.3,3296.66,3297.24,3296.36,3296.53
3987.69,3984.21,3983.04,3986.73,3987.97,3983.74,3988.71,3982.24,3987.87
4000,4000,4000,4000,4000,4000,4000,4000,4000
4000,4000,4000,4000,4000,4000,4000,4000,4000
4000,4000,4000,4000,4000,4000,4000,4000,4000
4000,4000,4000,4000,4000,4000,4000,4000,4000
4000,4000,4000,4000,4000,4000,4000,4000,4000
4000,4000,4000,4000,4000,4000,4000,4000,4000
3234.74,3256.23,3257.79,3256.76,3259.4,3259.58,3259.2,3306.6,3254.19
-250.182,-250.215,-244.246,-231.283,-249.842,-246.222,3479.85,-244.235,-244.235
3121.95,-816.79,-816.79,-816.79,-816.79,-816.79,-814.045,-816.79,-816.79
831.29,831.405,4251.28,810.025,812.728,811.097,821.336,818.345,821.567
3160.77,3162.38,3162.24,3160.33,3159.33,10708.9,3162.58,3162.57,3162.12
4983.18,3199.72,3200.02,3201.11,3198.61,3200.99,3201.06,3200.5,3199.28
3325.07,3324.29,3591.91,3323.58,3324.65,3324.98,3324.77,3325.06,3324.85
3995.73,3994.59,4000,4000,4000,4000,4000,4000,4000
4000,4000,4000,4000,4000,4000,4000,4000,4000
4000,4000,4000,4000,4000,4000,4000,4000,4000
4000,4000,4000,4000,4000,4000,4000,4000,4000
4000,4000,4000,4000,4000,4000,4000,4000,4000
4000,4000,4000,4000,4000,4000,4000,4000,4000
4000,4000,4000,4000,4000,4000,4000,4000,4000
2959.07,2960.19,2959.29,2959.69,2960.21,2957.43,2944.75,3062.63,2947.57
1069.45,1085.56,1069.03,1069.05,3225.82,1085.6,1085.6,1085.6,1085.6
2220.32,2223.76,2224.67,4106.47,2245.51,2245.51,2245.51,2245.51,2245.51
3220.91,3220.84,3219.95,3221.1,4219.21,3219.76,3209.17,3210,3220.14
3207.87,3206.76,3178.15,3206.84,3207.78,3903.29,3205.41,3207.86,3207.79
3220.05,3221.22,3220.34,3220.97,3221.11,3221.28,3220.7,3220.85,10707.6
3364.91,3367.77,3368.23,3366.4,3369.01,3367.49,3367.06,3368.27,3844.47
3992.77,3992.82,4012.63,4000,4000,4000,4000,4000,4000
4000,4000,4000,4000,4000,4000,4000,4000,4000
4000,4000,4000,4000,4000,4000,4000,4000,4000
4000,4000,4000,4000,4000,4000,4000,4000,4000
4000,4000,4000,4000,4000,4000,4000,4000,4000
4000,4000,4000,4000,4000,4000,4000,4000,4000
4000,4000,4000,4000,4000,4000,4000,4000,4000
1993.65,2002.39,2002.72,4134.15,2000.83,1998.79,1994.6,2000.9,2000.83
-929.912,10697.4,-795.094,-929.94,-929.94,-843.587,-890.739,-852.907,-930.316
-627.616,-491.708,-778.953,-824.633,10701.5,-370.932,-600.773,-658.97,-725.465
10702.2,1749.39,1660.88,1752.44,1717.45,1726.14,1734.17,1920.27,1728.45
3255.18,3255.02,3255.26,3253.69,3255.41,3255.31,3255.33,3252.2,10678.2
3090.6,3138.18,3190.77,3190.13,3134.25,3218.14,3157.25,3222.01,10704
3377.05,3377.15,3377.05,3400.18,3377.07,10682.2,3376.79,3376.35,3382.73
4000,4000,4000,4000,4000,4000,4000,4000,4000
4000,4000,4000,4000,4000,4000,4000,4000,4000
4000,4000,4000,4000,4000,4000,4000,4000,4000
4000,4000,4000,4000,4000,4000,4000,4000,4000
4000,4000,4000,4000,4000,4000,4000,4000,4000
4000,4000,4000,4000,4000,4000,4000,4000,4000
4000,4000,4000,4000,4000,4000,4000,4000,4000
2220.62,2232.55,2224.5,10701.6,2218.34,2229.51,2232.31,2218.68,2221.13
627.087,438.301,415.621,674.563,595.18,349.797,10702.1,640.445,373.589
76.2033,42.5428,186.657,405.906,63.6988,89.4897,71.6183,10703.9,103.135
2470.08,2593.19,2669.5,2513.94,2722.64,2564.91,2530.31,10695.6,2595.07
2869.16,2583.61,2779.5,2873.59,2813.53,2797,2665.16,10681.5,2790.41
2689.35,2467.1,2444.99,2679.48,2591.49,10673.6,2830.61,2476.22,2245.21
3478.78,3479.22,3478.95,3478.48,3477.42,10690.2,3478.42,3479.08,3477.05
4000,4000,4000,4000,4000,4000,4000,4000,4000
4000,4000,4000,4000,4000,4000,4000,4000,4000
4000,4000,4000,4000,4000,4000,4000,4000,4000
4000,4000,4000,4000,4000,4000,4000,4000,4000
4000,4000,4000,4000,4000,4000,4000,4000,4000
4000,4000,4000,4000,4000,4000,4000,4000,4000
4000,4000,4000,4000,4000,4000,4000,4000,4000
3295.31,3219.79,3219.6,3220.63,3211.01,3197.79,3189.31,3219.91,3220.73
2858.04,2862.06,3119.76,2871.33,2856.1,2870.54,2859.57,2860.69,2858.13
6142.46,3194.07,3194.97,3195.06,3196.23,3195.48,3164.68,3188.26,3196.41
10700.6,3144.5,3136.39,3135.89,3138.43,3136.08,3227.99,3240.77,3186.5
2433.69,2536.12,2519.55,10681.3,2261.5,2501.13,2374.64,2449.14,2499.71
2144.56,2244.05,2056.96,2306.6,1981.27,2223.19,2304.41,2026.03,10608.4
7938.21,3646.88,3643.64,3643.3,3638.7,3646.34,3646.05,3642.66,3646.24
4000,4000,4000,4000,4000,4000,4000,4000,4000
4000,4000,4000,4000,4000,4000,4000,4000,4000
4000,4000,4000,4000,4000,4000,4000,4000,4000
4000,4000,4000,4000,4000,4000,4000,4000,4000
4000,4000,4000,4000,4000,4000,4000,4000,4000
4000,4000,4000,4000,4000,4000,4000,4000,4000
4000,4000,4000,4000,4000,4000,4000,4000,4000
3033.06,3028.03,3013.65,3022.87,3017.6,3010.8,3033.41,3011.59,3032.1
1951.1,1955.15,1945.84,1941.19,2666.47,1942.56,1941.83,1942.19,1957.21
3233.6,3253.64,3240.6,3253.33,3251.67,3222.02,3461.79,3253.27,3252.31
3306.65,3257.44,3259.87,10701.5,3259.61,3260.01,3259.49,3255.35,3259.95
2.91051e-10,0.908946,1.42308e-37,1.97249e-12,4.68974e-13,2.13807e-34,10611.3,7.10474e-34,6.01952e-38
2057.87,2034.7,1890.75,2031.97,10678.2,1821.69,1723.34,2039.57,1560.94
3857.43,3856.16,3856.41,4776.25,3857.02,3855.95,3857.29,3857.5,3855.6
4000,4000,4000,4000,4000,4000,4000,4000,4000
4000,4000,4000,4000,4000,4000,4000,4000,4000
4000,4000,4000,4000,4000,4000,4000,4000,4000
4000,4000,4000,4000,4000,4000,4000,4000,4000
4000,4000,4000,4000,4000,4000,4000,4000,4000
4000,4000,4000,4000,4000,4000,4000,4000,4000
4000,4000,4000,4000,4000,4000,4000,4000,4000
3033.1,3030.08,3029.15,3004.63,3033.13,3029.67,3032.1,3031.66,3023.68
1182.32,3082,1185.14,1175.55,1175.61,1178.48,1176.55,1179.93,1193.76
541.687,3086.48,530.084,547.417,541.477,541.777,541.724,542.949,536.932
3255.85,3255.87,3256.72,3539.97,3254.24,3234.34,3255.61,3254.88,3257.02
3283.09,3284.04,3455.73,3282.25,3283.49,3283.35,3284.11,3283.92,3282.28
3320.82,3318.83,3320.18,4218.88,3321.11,3320.41,3320.68,3321.11,3319.77
3757.97,3757.5,3757.22,3760.72,3760.31,3756.35,3760.07,3753.23,3756
4000,4000,4000,4000,4000,4000,4000,4000,4000
4000,4000,4000,4000,4000,4000,4000,4000,4000
4000,4000,4000,4000,4000,4000,4000,4000,4000
4000,4000,4000,4000,4000,4000,4000,4000,4000
4000,4000,4000,4000,4000,4000,4000,4000,4000
4000,4000,4000,4000,4000,4000,4000,4000,4000
4000,4000,4000,4000,4000,4000,4000,4000,4000
2980.54,2978.22,3033.17,2977.67,2998.32,2988.86,2979.31,2978.24,2990.49
740.074,740.24,3242.18,740.235,726.692,728.409,726.854,726.729,727.869
2116.97,2092.69,2095,3128.21,2092.94,2093.73,2093.49,2093.44,2094.38
2568.69,2559.41,2577.33,2566.67,2572.26,3212.99,2564.98,2574.14,2576.12
3269.25,3269.47,3269.36,3267.84,3268.92,3346.89,3269.86,3269.69,3269.36
3286.73,3286.58,3286.86,3283.36,3283.69,3286.37,3665.79,3286.43,3286.83
3553.84,3554.5,3554.7,3553.8,3548.81,3551.6,3554.9,3551.37,3551.58
4000,4000,4000,4000,4000,4000,4000,4000,4000
4000,4000,4000,4000,4000,4000,4000,4000,4000
4000,4000,4000,4000,4000,4000,4000,4000,4000
4000,4000,4000,4000,4000,4000,4000,4000,4000
4000,4000,4000,4000,4000,4000,4000,4000,4000
4000,4000,4000,4000,4000,4000,4000,4000,4000
4000,4000,4000,4000,4000,4000,4000,4000,4000
2629.4,2622.21,2614.88,2615.1,2627.99,2617.72,2912.37,2612.02,2628.32
-66.064,-60.7105,-65.9789,-48.6392,-72.4765,-72.4528,-56.4525,-71.2102,3144.13
-381.922,-381.935,-386.781,-381.978,-386.798,-386.778,-382.968,3285.07,-381.855
2327.63,2327.6,3277.03,2312.42,2327.51,2326.43,2313.16,2327.74,2326.12
3263.09,3331.2,3263.55,3263.15,3262.73,3263.88,3263.75,3263.46,3262.99
3265.53,3265.18,3264.27,3264.37,3265.77,3265.51,3502.1,3263.14,3265.69
3410.23,3411.52,3409.2,3410.17,3410.43,3410.29,3410.91,3409.89,3411.39
3992.12,3991.92,4000,4000,4000,4000,4000,4000,4000
4000,4000,4000,4000,4000,4000,4000,4000,4000
4000,4000,4000,4000,4000,4000,4000,4000,4000
4000,4000,4000,4000,4000,4000,4000,4000,4000
4000,4000,4000,4000,4000,4000,4000,4000,4000
4000,4000,4000,4000,4000,4000,4000,4000,4000
4000,4000,4000,4000,4000,4000,4000,4000,4000
2559.61,2572.94,2573.99,2574.51,3012.07,2572.73,2562.15,2547.03,2566.9
-736.949,-736.931,3024.12,-736.954,-739.028,-738.024,-738.886,-736.973,-729.951
-832.65,-832.638,2983.72,-832.637,-832.917,-833.281,-833.902,-831.16,-832.51
3298.24,2014.87,1993.9,1994.14,1971.8,2004.02,1982.21,1981.87,1993.59
3261.98,3261.81,3261.98,3259.11,3260.59,3261.12,3262.38,3261.98,3262.22
3252.42,3256.44,3256.31,3256.41,3256.16,3256.33,3255.26,3255.69,3255.32
3358.88,3358.8,3357.01,3357.35,3359.29,3358.77,3357.78,3354.71,3356.45
3998.44,3994.55,3994.28,3992.9,3991.65,4000,4000,4000,4000
4000,4000,4000,4000,4000,4000,4000,4000,4000
4000,4000,4000,4000,4000,4000,4000,4000,4000
4000,4000,4000,4000,4000,4000,4000,4000,4000
4000,4000,4000,4000,4000,4000,4000,4000,4000
4000,4000,4000,4000,4000,4000,4000,4000,4000
4000,4000,4000,4000,4000,4000,4000,4000,4000
3054.41,3051.45,3121.8,3054.06,3040.87,3046.38,3054.47,3042.78,3053.43
-5.75765,-5.0819,-1.05818,3094.43,1.38513,1.38513,1.38513,1.38513,1.38513
-53.3387,-54.9459,-48.7092,-48.7836,3006.17,-47.6927,-39.7622,-47.6927,-47.6927
2470.47,2481.71,2482.97,2461.69,3176.6,2464.8,2467.76,2472.29,2459.07
3254.37,3253.13,3254.95,3254.23,3254.79,3254.59,3252.61,3254.85,3254.88
3252.65,3252.14,3252.53,3252.88,3251.71,3252.59,3252.93,3251.34,3251.96
3325.6,3324.89,3325.12,3323.63,3324.62,3324.37,3325.28,3325.57,3325.75
3996.62,3997.11,3996.76,3994.9,3995.25,3992.25,4000,4000,4000
4000,4000,4000,4000,4000,4000,4000,4000,4000
4000,4000,4000,4000,4000,4000,4000,4000,4000
4000,4000,4000,4000,4000,4000,4000,4000,4000
