0.111111 0.111111 0.111111 0.111111 0.111111 0.111111 0.111111 0.111111
0.111111 0.111111 0.111111 0.111111 0.111111 0.111111 0.111111 0.111111
0.111111 0.111111 0.111111 0.111111 0.111111 0.111111 0.111111 0.111111
0.121385 0.121385 0.13908 0.121385 0.0692885 0.0626365 0.121385 0.122068
0.111111 0.111111 0.111111 0.111111 0.111111 0.111111 0.111111 0.111111
0.111111 0.111111 0.111111 0.111111 0.111111 0.111111 0.111111 0.111111
0.111111 0.111111 0.111111 0.111111 0.111111 0.111111 0.111111 0.111111
0.111111 0.111111 0.111111 0.111111 0.111111 0.111111 0.111111 0.111111
0.111111 0.111111 0.111111 0.111111 0.111111 0.111111 0.111111 0.111111
0.111111 0.111111 0.111111 0.111111 0.111111 0.111111 0.111111 0.111111
0.045111 0.0559573 0.165252 0.117298 0.0338879 0.414146 0.00204974 0.159442
0.111111 0.111111 0.111111 0.111111 0.111111 0.111111 0.111111 0.111111
0.111111 0.111111 0.111111 0.111111 0.111111 0.111111 0.111111 0.111111
0.111111 0.111111 0.111111 0.111111 0.111111 0.111111 0.111111 0.111111
0.111111 0.111111 0.111111 0.111111 0.111111 0.111111 0.111111 0.111111
0.111111 0.111111 0.111111 0.111111 0.111111 0.111111 0.111111 0.111111
0.0127412 0.986981 0.000277604 4.00505e-10 1.56838e-08 1.09639e-09 1.89257e-10 3.88491e-09
0.0264768 0.531773 0.440124 0.000451434 8.80794e-05 0.00018653 0.000769668 1.09556e-05
0.00594431 0.951055 0.0411481 1.2422e-05 5.28244e-07 0.0018125 1.50601e-07 2.22634e-05
0.111111 0.111111 0.111111 0.111111 0.111111 0.111111 0.111111 0.111111
0.111111 0.111111 0.111111 0.111111 0.111111 0.111111 0.111111 0.111111
0.111111 0.111111 0.111111 0.111111 0.111111 0.111111 0.111111 0.111111
0.111111 0.111111 0.111111 0.111111 0.111111 0.111111 0.111111 0.111111
1.20576e-22 6.07781e-17 2.57674e-23 1.18087e-24 1 3.87763e-23 5.73545e-23 1.23977e-14
0.986371 2.30843e-11 0.0136205 5.45452e-06 1.11238e-14 2.93685e-06 6.5306e-15 4.48943e-11
3.17525e-25 4.93517e-18 1.00071e-23 2.71684e-24 1 1.69034e-24 3.47986e-10 4.62233e-11
0.111111 0.111111 0.111111 0.111111 0.111111 0.111111 0.111111 0.111111
0.111111 0.111111 0.111111 0.111111 0.111111 0.111111 0.111111 0.111111
0.111111 0.111111 0.111111 0.111111 0.111111 0.111111 0.111111 0.111111
0.111111 0.111111 0.111111 0.111111 0.111111 0.111111 0.111111 0.111111
1.24387e-16 1 1.39029e-17 5.7961e-16 5.76459e-16 5.23589e-10 3.18957e-19 6.91307e-17
3.01262e-09 2.78684e-35 4.66868e-09 2.74642e-26 1 4.64485e-25 4.625e-26 6.09644e-21
5.31944e-16 0.999394 2.25556e-17 0.000606137 6.60097e-15 3.90647e-16 1.223e-07 9.89729e-13
0.111111 0.111111 0.111111 0.111111 0.111111 0.111111 0.111111 0.111111
0.111111 0.111111 0.111111 0.111111 0.111111 0.111111 0.111111 0.111111
0.111111 0.111111 0.111111 0.111111 0.111111 0.111111 0.111111 0.111111
0.111111 0.111111 0.111111 0.111111 0.111111 0.111111 0.111111 0.111111
6.53896e-12 0.159011 0.812378 5.72551e-11 1.65207e-05 0.000322056 2.00849e-09 0.0264118
4.51012e-35 7.23755e-50 1.59864e-33 2.43876e-33 0.534046 7.18426e-34 2.61019e-33 0.465954
0.0836414 0.766464 4.1549e-11 0.127436 0.00823901 4.0664e-07 0.00558893 0.0086301
0.111111 0.111111 0.111111 0.111111 0.111111 0.111111 0.111111 0.111111
0.111111 0.111111 0.111111 0.111111 0.111111 0.111111 0.111111 0.111111
