0.30272 0.303454
0.391833 0.407486
0.428995 0.406688
0.404555 0.433447
0.484715 0.470904
0.503403 0.470549
0.424658 0.505233
0.379211 0.448352
0.437687 0.414816
0.47004 0.440731
0.385997 0.405885
0.345239 0.369514
0.254841 0.283897
0.174934 0.240947
0.392543 0.106615
0.423883 0.576075
0.473861 0.52613
0.475931 0.524039
0.986007 0.000186539
0.176542 0.0770934
1.70845e-07 1.25088e-06
0.0131974 0.00206196
0.00631231 0.00895433
0.0535621 0.043737
0.0880707 0.08314
0.297862 0.300032
0.276361 0.315904
0.634703 0.194982
0.663111 0.183099
0.63663 0.193552
0.667633 0.151974
0.678942 0.192855
0.597761 0.194922
0.465613 0.231229
0.374737 0.163274
0.306533 0.183524
0.325797 0.219912
0.269686 0.225955
0.163235 0.234873
0.244799 0.334161
0.279467 0.149584
0.745777 0.252366
0.929444 0.0704408
0.99998 2.00648e-05
0.999921 7.54946e-05
0.145865 0.783274
0.0119323 0.215831
0.000301849 0.176948
0.08219 0.589786
0.172697 0.495103
0.151334 0.404331
0.257686 0.330582
0.249976 0.309991
0.391656 0.273279
0.500868 0.269602
0.458459 0.231831
0.306471 0.427532
0.357016 0.493848
0.442739 0.288572
0.186434 0.413227
0.108109 0.313322
0.135105 0.180708
0.204355 0.298788
0.121408 0.344591
0.113496 0.293253
0.139374 0.311901
0.0348987 0.285251
0.0946665 0.220934
0.17406 0.0326848
0.618825 0.000930268
0.152304 0.0562545
0.0782314 0.00915564
0.00444057 0.010851
0.0466741 0.1671
0.408305 0.237089
0.36552 0.230128
0.31182 0.203702
0.257886 0.315178
0.224615 0.315749
0.173961 0.236365
0.207437 0.25651
0.33969 0.275158
0.356773 0.446869
0.205169 0.437905
0.155108 0.314007
0.158338 0.314853
0.0985035 0.263779
0.137066 0.321348
0.228756 0.372109
0.159671 0.29545
0.126998 0.335402
0.050196 0.107111
0.0761549 0.0664867
0.000925321 0.0542097
0.16748 0.0203663
0.00138805 2.96726e-05
3.53007e-06 9.52968e-06
5.72125e-06 0.00692807
0.027879 0.315819
0.385184 0.285682
0.121928 0.0755012
0.133396 0.123964
0.148095 0.196099
0.240265 0.312642
0.221855 0.31469
0.0914864 0.180002
0.16415 0.22465
0.118469 0.260508
0.19543 0.275174
0.154974 0.301255
0.110025 0.513106
0.13357 0.41337
0.122641 0.201596
0.128428 0.227011
0.165626 0.278815
0.137074 0.280625
0.184809 0.325508
0.0128972 0.0561588
6.60511e-05 0.00124959
2.55964e-05 0.00128849
1.3059e-06 4.87638e-06
3.32201e-09 4.33366e-08
2.00984e-08 3.28369e-06
0.00049028 0.999484
0.133647 0.00256878
0.111025 0.0679766
0.0169259 0.156644
0.037957 0.168806
0.0726379 0.283204
0.225571 0.324504
0.226057 0.308779
0.0556364 0.113913
0.0964557 0.198604
0.149535 0.260049
0.199572 0.212891
0.139964 0.24524
0.120623 0.256882
0.215293 0.298246
0.159245 0.388537
0.172767 0.244246
0.265198 0.314761
0.171509 0.24566
0.158332 0.250528
0.00978125 0.000372408
4.92051e-06 0.00106563
4.53147e-06 0.00301701
0.029762 0.00395836
0.0887012 0.788404
1.02327e-09 0.0342943
0.00438263 1.05673e-05
0.872592 0.127276
0.0925394 0.150954
0.0452774 0.276386
0.0474994 0.273859
0.13699 0.543589
0.236516 0.33579
0.260666 0.339675
0.070226 0.187634
0.0940931 0.275927
0.122805 0.226658
0.138752 0.38204
0.308451 0.21909
0.14514 0.307032
0.171092 0.27032
0.122355 0.349229
0.170038 0.265375
0.146459 0.289103
0.113098 0.237316
0.117554 0.242256
0.00035733 0.0133109
3.07448e-05 0.000330093
0.019212 0.000420215
0.181912 0.188019
0.000204625 0.0177624
0.00115877 0.998748
0.0690973 0.45855
0.00518524 0.0409411
0.441559 0.245653
0.0974095 0.24599
0.075803 0.237654
0.0894861 0.234959
0.260574 0.326043
0.274191 0.323438
0.0917251 0.272927
0.145157 0.374603
0.169282 0.190174
0.152047 0.386672
0.10552 0.379716
0.179807 0.309009
0.180434 0.263984
0.188745 0.256564
0.171714 0.281985
0.193453 0.283957
0.105056 0.282865
0.133123 0.34306
0.0311419 0.00878349
0.00119073 0.0612255
0.299897 0.0101524
0.333333 0.333333
0.344306 0.310342
0.333333 0.333333
0.0104137 0.41723
0.000531413 0.0102346
0.133292 0.345133
0.189467 0.55421
0.180527 0.505868
0.22514 0.679622
0.274847 0.347212
0.310361 0.344085
0.174388 0.414157
0.236031 0.320496
0.131248 0.295186
0.225413 0.401866
0.190257 0.477201
0.237589 0.404459
0.191223 0.437533
0.21737 0.403458
0.231008 0.380002
0.240484 0.351639
0.231639 0.411738
0.242592 0.385075
0.133851 0.800723
0.270047 0.359493
0.339732 0.339732
0.341375 0.329313
0.342075 0.301062
0.342833 0.314334
0.324694 0.341108
0.180829 0.817048
0.2193 0.386348
0.454361 0.268493
0.35222 0.302335
0.659592 0.171072
0.31741 0.341108
