238.688
239.531
242.117
244.38
245.964
247.171
246.451
248.746
251.413
255.519
264.474
276.623
283.761
278.74
278.838
277.611
278.649
281.345
282.442
282.278
276.345
272.596
263.919
253.161
244.962
238.709
239.03
239.824
242.251
244.512
245.766
247.662
248.284
249.462
253.045
256.99
263.859
275.743
284.623
280.342
284.51
281.659
281.07
285.086
286.531
284.74
288.551
281.404
261.418
247.823
241.29
239.081
239.351
239.67
242.319
246.227
250.078
250.569
252.274
252.611
255.343
260.678
264.613
276.322
286.346
284.746
295.197
298.347
294.667
288.444
296.048
300.729
313.472
273.922
254.177
244.481
240.179
239.593
240.05
240.403
243.313
247.323
251.193
253.253
253.564
256.722
258.527
260.067
265.328
277.336
287.071
288.504
290.684
295.802
299.02
313.112
333.39
342.602
304.985
266.952
252.841
244.576
241.992
239.782
240.175
241.934
245.27
251.193
253.843
255.515
257.668
258.004
261.646
264.02
267.186
278.91
287.738
286.929
293.819
310.438
323.704
369.796
370.106
313.694
301.532
269.098
264.247
251.145
245.077
240.238
240.405
243.511
248.687
251.544
255.128
258.846
259.969
260.612
263.506
265.566
268.709
280.727
288.799
289.943
310.328
367.163
408.661
397.449
369.481
418.019
321.495
274.937
270.101
256.56
247.201
240.526
240.629
243.987
250.199
253.821
257.44
258.843
260.654
262.653
265.073
267.998
271.61
283.197
290.308
296.486
363.953
442.891
457.879
451.415
452.001
477.824
448.522
275.297
272.517
259.709
250.894
240.749
240.755
247.912
251.161
253.935
257.858
260.49
262.038
263.956
266.145
268.783
272.63
284.317
291.409
313.803
449.801
482.497
500
498.083
500
489.661
469.193
277.238
273.042
260.211
251.648
240.73
240.925
247.445
250.703
254.52
258.2
260.647
262.953
264.673
266.884
269.35
273.337
284.353
291.887
418.023
495.021
499.231
500.118
499.926
499.324
499.529
471.682
277.634
273.969
261.885
253.757
240.56
