1796.58,1722.21,1796.25,1803.15,1802.07,1802.4,1801.6,1800.3,1802.65
926.478,932.226,939.126,928.072,939.132,1761.12,933.664,929.193,908.608
-284.279,-285.911,-202.545,-250.78,1770.86,-161.139,-161.139,-161.139,-161.139
1703.17,-999.782,-999.649,-999.782,-999.782,-999.782,-999.782,-999.782,-999.782
-999.998,-999.998,1412.49,-923.983,-999.998,-999.998,-999.998,-999.998,-999.998
-961.137,-954.348,-955.118,-954.337,1627.33,-955.686,-954.348,-954.379,-954.563
927.061,935.407,891.834,936.377,1318,780.884,934.26,697.627,938.355
2057.61,2113.74,2077.36,2107.75,2122.42,2104.44,2064.15,2050.03,2099.69
2057.83,2047.45,2128.51,2073.7,2065.83,2103.77,2073.43,2123.17,2033.67
1892.39,1881.1,1876.29,1894.14,1901.3,1876.26,1905.84,1884.13,1882.33
1769.46,1712.32,1767.42,1773.1,1772.33,1755.71,1770.98,1764.44,1769.36
1671.6,1661.56,1624.99,1637.29,1642.8,1608.51,1654.31,1685.38,1618.02
1681.16,1640.65,1587.42,1667.57,1654.92,1725.3,1669.92,1681.11,1681.25
1735.69,1760.07,1737.4,1751.47,1759.43,1736.27,1757.99,1652.28,1708.06
1761.88,1749.45,1751.24,1759.99,1766.93,1761.58,1768.08,1747.95,1764.6
46.2232,93.0656,-5.27183,27.7467,1724.14,-36.099,115.805,101.162,34.6461
-161.455,-164.362,-166.527,-161.857,-161.208,-161.366,1679.7,-161.139,-161.139
-999.995,-999.995,1486.87,-999.995,-999.995,-999.995,-999.995,-999.995,-999.995
1678.26,-1000,-1000,-1000,-1000,-997.264,-1000,-1000,-1000
-887.715,-904.297,1746.49,-887.41,-887.41,-887.41,-887.41,-887.41,-887.41
1229.75,940.805,1045.69,1217.76,1762.31,1213,1233.51,1235.46,1234.39
2234.23,2192.24,2178.56,2221,2230.71,2204.19,2200.71,2234.36,2160.9
2056.65,2112.47,2092.63,2135.59,2058.72,2126.57,2125.24,2090.56,2111.58
2003.55,2035.89,1918.97,2017.38,1994.71,2054.18,2040.88,2022.22,2039.02
1769.59,1756.83,1744.45,1776.29,1647.81,1768.75,1776.19,1748.3,1737.63
1664.93,1703.98,1705.07,1678.42,1659.2,1700.59,1703.08,1573.02,1674.39
1709,1664.54,1653.41,1651.06,1667.28,1703.76,1711.42,1604.54,1722.8
1745.16,1734.04,1739.52,1745.05,1746.64,1744.67,1729.59,1729.84,1746.25
1769.87,1814.47,1781.54,1811.97,1788.37,1801.28,1811.57,1812.03,1795.05
1552.96,1524.64,1542.98,1757.2,1554.58,1518.93,1557.71,1558.51,1552.59
-468.148,-543.066,-470.011,1727.87,-474.289,-543.508,-467.237,-472.828,-467.202
-999.814,-999.815,-999.791,1651.55,-999.782,-999.782,-994.283,-999.782,-999.782
-999.988,-999.989,-999.988,1696.26,-999.988,-999.988,-999.988,-999.988,-999.988
-464.746,-543.659,-464.802,1745.58,-463.129,-463.129,-463.129,-463.129,-463.129
1903.62,1860.32,1872.53,1908.82,1892.62,1880.01,1885.82,1909.38,1888.5
2060.73,2066.73,2073.58,2071.46,2063.18,2010.23,1997.46,2025.78,2069.19
2238.74,2263.9,2228.3,2284.9,2229.33,2211.09,2249.11,2200.1,2294.74
2081.1,2049.22,2019.03,2020.81,2052.42,2035.63,2025.69,2080.44,2052.83
1820.22,1845.85,1784.13,1816.41,1848.53,1833.62,1804.82,1818.02,1769.29
1697.89,1716.28,1675.83,1673.72,1598.93,1634.69,1694.12,1699.24,1693.48
1696.78,1699.98,1705.94,1697.02,1679.94,1727.89,1695.74,1691.56,1698.57
1725.76,1739.41,1754.47,1746.2,1732.43,1745.01,1740.28,1747.2,1735.01
1759.1,1660.31,1779.14,1755.67,1400.87,1776.3,1772.18,1786.89,1774.96
1258.97,976.288,1237.15,1266.49,1622.77,1260.16,1191.35,1247.12,1159
1693.12,1724.43,1730.07,1749.88,1756.5,1537.99,1625.51,1773.63,1559.1
-780.161,-780.675,-750.138,1699.23,-780.098,-780.098,-780.098,-780.098,-780.098
-999.999,-999.999,1735.26,-999.999,-999.999,-999.999,-999.999,-999.999,-999.999
-355.051,-910.886,-910.675,-911.043,-911.633,-913.794,1829.99,-910.447,-913.257
1838.41,1830.04,1865.13,1843.33,1861.5,1847.15,1844.51,1858.07,1752.43
2122.65,2109.86,2121.58,2113.54,2057.9,2133.86,2111.5,2073.89,2049.67
2129.66,2114.74,2260.44,2192.25,2188.57,2256.54,2172.35,2246.22,2194.27
2017.85,2041.13,1985.96,2048.39,2059.34,1995.8,2022.84,2055.09,2056.25
1745.59,1767.13,1716.81,1758.94,1763.59,1708.16,1712.36,1725.12,1743.16
1742.95,1705.25,1708.55,1696.26,1599.78,1698.27,1468.35,1737.23,1738.49
1735.75,1708.5,1717.49,1713.94,1578,1700.7,1695.26,1710.56,1660.75
1759,1773.27,1695.23,1743.07,1757.35,1756.42,1762.36,1758.47,1757.52
1757.26,1747.08,1741.13,1771.1,1753.92,1739.84,1743.55,1739.98,1754.63
1706.19,1469.85,1747.33,1740.08,1581.08,1770.26,1678.35,1750.48,1732.46
1134.93,1169.17,1130.49,1142.95,1124.8,1588.85,1112.08,1085.56,1137.37
114.156,112.799,184.441,1739.75,114.166,179.795,102.035,90.1335,97.5783
-999.997,-999.997,-999.996,1729.34,-999.996,-999.996,-999.996,-999.996,-999.996
1801.32,-111.778,-96.1269,-72.4056,-103.434,-87.8356,-78.3275,-74.1723,-76.2555
1875.99,1900.98,1902.12,1877.7,1906.84,1888.4,1895.86,1910.64,1874.1
2098.59,2023.54,1992.59,2032.39,2101.69,2103.49,2046.62,2091.59,1969.11
2153.95,2128.03,2122.72,2175.01,2172.47,2155.6,2181.73,2053.54,2179.05
2078.68,2082.95,2092.91,2055.2,2110.47,2122.99,2115.45,2092.07,2137.85
1815.21,1771.04,1727.91,1730.81,1808.7,1814.72,1794.08,1814.25,1798.42
1722.12,1696.19,1665.42,1726.9,1720.66,1726.22,1734.16,1702.29,1694.62
1734.08,1726.86,1704.81,1729.63,1701.83,1736.13,1725.57,1711.65,1655.97
1750.12,1667.41,1737.38,1744.89,1701.75,1708.79,1749.36,1759.09,1743.71
1768.58,1740.05,1718.4,1740.91,1694.14,1738.07,1733.26,1740.88,1733.81
1747.09,1728.99,1732.3,1749.16,1744.27,1686.7,1753.03,1755.85,1722.7
1750.76,1603.49,1683.78,1677.34,1680.52,1622.54,1693.82,1688.57,1678.72
1049.65,934.798,1504.55,1106.66,1028.7,1026.33,1003.08,1094.85,1126.83
-657.051,-665.985,-698.252,-691.559,741.397,-656.403,-656.403,-656.403,-656.403
1754.47,1705.13,1709.94,1755.01,1690.85,1757.35,1754.9,1687.41,1756.74
2134.05,2130.21,2132.37,2135.66,2077.49,2135.37,2025.86,2130.11,2138.34
2425.46,2399.88,2448.99,2407.73,2386.76,2525.08,2392.32,2445.43,2485.63
2384.86,2469.09,2403.84,2418.24,2411.79,2394.22,2409.36,2405.32,2461.4
2310.23,2291.78,2309.3,2214.75,2283.13,2261.72,2185.49,2267.48,2210.54
1898.51,1905.46,1881.21,1886.02,1885.29,1856.71,1783.06,1865.98,1888.39
1713.83,1738.76,1642.51,1736.07,1737.75,1736.99,1555.95,1649.74,1730.01
1568.62,1571.22,1576.44,1522.13,1555.57,1577.7,1545.48,1715.01,1578.25
1702.2,1741.9,1706.98,1704.16,1731.74,1721.82,1733.42,1685.68,1732.34
1777.86,1788.18,1770.33,1794.85,1793.31,1801.4,1800.3,1785.67,1801.45
1758.3,1745.16,1791.97,1782.66,1788.56,1726.52,1742.93,1783.59,1788.26
1338.94,890.977,1370.91,1479.32,1483.8,1473.94,1455.83,1461.25,1668.51
-466.795,-499.083,-464.384,-463.715,-542.861,1294.34,-463.129,-463.129,-463.129
-967.602,-966.539,698.075,-963.107,-963.107,-963.107,-963.107,-963.107,-963.107
1566.83,1609.08,1695.26,1620.87,1660.32,1694.51,1695.38,1696.53,1684.89
2231.46,2332.86,2224.75,2179.44,2265.26,2283.69,2295.8,2236.04,2267.76
2467.97,2301.35,2505.61,2546.84,2451.57,2514.36,2556,2492.53,2450.92
2472.01,2453.29,2474.29,2504.35,2602.61,2635.07,2664.46,2489.36,2635.73
2232.48,2330.99,2263.64,2341.68,2287.43,2342.88,2300.25,2309.92,2175.42
1928.44,1919.75,1945.72,1927.32,1906.07,1935.67,1942.37,1934.98,1908.62
1719.92,1517.7,1718.8,1723.29,1711.03,1659.31,1711.96,1634.22,1604.68
1695.92,1671.04,1735.73,1734.66,1738.35,1707.54,1729.15,1740.9,1698.4
1767.59,1738.72,1746.03,1747.68,1621.48,1751.12,1765.3,1766.04,1736.97
1738.24,1793.64,1795.94,1785.26,1274.64,1766.68,1700.46,1792.98,1780.36
1685.36,1408.44,1702.91,1647.36,1307.32,1658.82,1548.42,1786.4,1650.81
634.946,500.86,532.841,481.743,476.186,1579.57,638.4,638.4,638.4
-45.9302,-73.6875,-85.0003,-45.3429,-31.1131,-65.9907,-44.9366,615.854,-70.863
-999.861,-999.88,1252.87,-999.861,-999.861,-999.861,-999.861,-999.861,-999.861
1277.58,1270.87,1277.99,1549.88,1266.14,1254.66,1255.89,1240.96,1263.58
2300.62,2212.2,2314.78,2296.3,2333.19,2325.2,2298.13,2299.85,2238.81
2455.71,2498.5,2430.43,2578.24,2552.42,2628.66,2597.15,2512.31,2517.97
2472.46,2363.51,2501.65,2466.05,2208.17,2392.28,2500.66,2557.78,2426.03
2243.41,2181.07,2147.76,2206.04,2215.05,2143.07,2126.38,2214.48,2164.61
1846.74,1855.7,1898.31,1899.41,1867.28,1861.02,1774.17,1890.03,1834.32
1625.48,1619.7,1672.19,1641.8,1584.94,1665.18,1650.93,1655.82,1664.17
1718.47,1701.61,1734.03,1699.35,1680.91,1723.04,1731.13,1723.62,1728.24
1751.89,1702.56,1760.28,1754.01,1734.45,1738.25,1754.52,1732.74,1760.43
1809.39,1829.87,1834.58,1816.85,1800.31,1828.28,1824.18,1833.81,1823.09
1340.62,681.375,1244.1,1235.51,1056.67,1311.66,1292.24,1317.66,1618.61
-904.28,-893.885,-888.187,-890.268,420.051,-890.127,-888.46,-888.022,-888.134
-987.777,236.048,-999.971,-999.971,-999.971,-999.971,-999.971,-999.971,-999.971
-1000,-1000,-1000,-1000,-1000,1568.36,-1000,-1000,-1000
-890.562,-904.256,1650.6,-887.41,-887.41,-887.41,-887.41,-887.41,-887.41
2364.87,2359.89,2293.04,2325.99,2369.51,2302.46,2280.67,2331.3,2279.78
2285.34,2257.69,2314.7,2282.84,2307.52,2335.54,2314.75,2293.66,2223.4
2368.15,2325.04,2360.31,2153.46,2247.97,2254.6,2315.92,2222.77,2340.36
2157.95,2214.08,2128.64,2157.17,2219.52,2215.15,2144.93,2228.24,2212.47
1792.33,1837.95,1825.03,1779.97,1835.04,1843.54,1861.62,1820.1,1857.24
1668.99,1668.51,1658.49,1709.63,1646.6,1663.31,1647.92,1636.59,1631.31
1687.24,1676.09,1707.15,1681.39,1673.83,1758.57,1694.03,1699.44,1678.9
1757.69,1736.75,1759.84,1767.22,1738.38,1758.56,1760.2,1743.87,1759.55
1803.59,1782.44,1790.43,1781.25,1797.65,1811.64,1811.2,1812.3,1779.52
1768.96,1751.98,1763.36,1645.77,1433.12,1788.19,1779.68,1642.63,1768.08
-440.832,-439.001,-455.058,-436.854,1413.97,-439.627,-441.417,-434.993,-454.878
-358.201,-430.539,-431.275,-349.342,-338.279,-339.216,-339.946,-340.469,1559.66
-999.911,-999.924,-999.915,-999.911,-999.911,-999.911,-999.911,1719.43,-999.911
-999.996,1694.62,-999.996,-999.996,-999.996,-999.996,-999.996,-999.996,-999.996
1826.63,1862.21,1850.23,1859.66,1855.38,1856.09,1849.17,1852.06,1798
1998.47,1972.23,1937.16,1965.92,1984.23,1965.99,2001.32,1994.24,1988.5
2072.2,2059.43,2050.25,2061.76,2131.55,2124.15,2061.04,2112.36,2096.51
2004.17,2047.75,2057.91,2040.45,1973.71,2051.5,1988.64,1989.98,2036.47
1763.39,1769.08,1766.04,1775.57,1739.64,1694.56,1741.71,1709.06,1755.79
1602.78,1611.98,1765.96,1605.69,1587.65,1595.64,1612.27,1598.09,1606.78
1766.82,1599.29,1648.46,1663.96,1675.93,1661.21,1668.39,1674.43,1685.31
1771.8,1762.63,1777.14,1731.56,1708.42,1764.74,1761.61,1770.52,1768.98
1730.38,1721.38,1716.11,1750.08,1730.7,1724.62,1724.54,1420.68,1749.94
-241.234,-236.022,-343.415,-236.718,-257.245,-238.02,-243.476,1514.3,-309.145
-661.437,-664.688,1634.07,-662.951,-710.609,-663.209,-660.961,-661.629,-662.161
-894.299,-904.178,1664.09,-887.41,-887.41,-887.41,-887.41,-887.41,-887.41
1653.03,886.486,1019.65,1002.98,1031.78,740.012,958.45,810.335,981.48
1558.79,1546.59,1451.68,1549.51,1709.09,1176.02,1558.2,1526.26,1555.96
2529.24,2491.48,2400.23,2566.96,2503.9,2461.11,2441.09,2419.85,2511.66
2884.75,2871.49,2673.99,2623.97,2841.63,2664.84,2831.27,2403.2,2713.21
2601.15,2688.1,2628,2539.98,2678.7,2488.24,2453.37,2540.28,2614.01
2328.61,2419.16,2338.43,2395.19,2371.26,2464.36,2388.65,2405.76,2368.43
1750.86,1683.05,1800.26,1794.81,1773.75,1800.65,1804.54,1783.48,1734.76
1658.55,1585.69,1482.41,1569.36,1581.65,1562.31,1566.18,1494.93,1554.45
1657.86,1759.38,1614.48,1657.55,1641.25,1627.44,1655.71,1640.3,1656.33
1651.85,1697.66,1681.84,1713.65,1708.99,1711.09,1652.83,1701.07,1735.68
1760.7,1737.24,1671.11,1754.91,1751.6,1755.6,1767.02,1742.57,1751.9
1131.44,1120.99,1130.79,836.888,1135.86,1102.03,1122.16,1131.95,1708.79
310.673,307.946,296.862,114.737,184.246,1755.41,310.72,310.72,310.72
234.323,184.314,231.905,174.553,105.364,1607.43,202.27,74.4003,229.931
44.7228,44.3197,48.019,48.3964,1715.39,48.576,48.576,48.576,48.576
1375.76,1373.03,1720.7,1321.03,1051.45,1376.28,1376.95,1374.88,1376.08
1435.99,1719.3,1560,1560,1560,1560,1560,1560,1560
2324.03,2262.87,2382.3,2317.08,2238.48,2374.19,2264.52,2379.79,2281.41
2219.35,2218.43,2220.54,2243.44,2228.73,2197.12,2173.72,2258.21,2265.89
1975.65,1996.71,1994.88,1969.64,1882.23,2010.65,1994.87,2024.18,2022.99
1757.01,1757.85,1752.81,1680.6,1755.09,1747.35,1737.72,1760.98,1736.09
1624.51,1654.77,1656.62,1659.31,1654.92,1691.48,1653.77,1571.08,1521.89
1630.88,1667.81,1632.53,1612.89,1665.71,1674.98,1660.67,1672.8,1658.77
1658.46,1661.83,1700.76,1637.43,1695.71,1701.81,1662.96,1683.42,1722.99
1754.43,1779.73,1719.25,1769.16,1729.25,1740.34,1782.36,1769.95,1780.69
1375.25,1491.37,1416.37,1677.69,1328.6,1472.18,1487.26,1453.78,1426.1
-999.981,-999.978,-999.979,-999.978,1440.57,-999.978,-999.978,-999.978,-999.978
-1000,-1000,-1000,-1000,1645.67,-1000,-1000,-1000,-1000
-999.985,-999.985,-999.986,-999.985,-999.987,-999.985,1672.92,-999.985,-999.985
1649.2,-942.065,-935.641,-935.533,-942.646,-937.605,-935.336,-935.459,-935.551
1851.32,1912.56,1876.89,1886.57,1906.09,1837.55,1880.96,1909.4,1892.41
2175.4,2228.34,2186.93,2189.51,2228.94,2270.35,2248.25,1995.85,2188.04
2141.69,2189.17,2182.1,2105.78,2136.05,2189.39,2159.19,2120.09,2119.07
2009.9,2040.72,2035.36,2030.81,2032.66,1998.77,1984.74,2048.87,2007.24
1774.58,1749.04,1730.12,1763.78,1755.58,1772.99,1674.75,1769.55,1667.38
1631.91,1671.35,1629.69,1641.33,1649.85,1570.84,1700.23,1655.52,1610.67
1680.85,1498.87,1738.25,1690.42,1695.5,1682.21,1669.85,1690.7,1689.67
1758.04,1751.89,1732.69,1767.93,1760.54,1768.15,1770.48,1754.03,1749.45
1312.77,1318.39,1318.54,1296.53,1017.75,1318.54,1295.9,1302.35,1750.68
1837.84,1829.9,1833.9,1831.91,1810.35,1833.51,1829,1803.95,1833.47
638.169,631.565,634.846,634.908,629.151,634.667,638.077,1718.82,638.4
-987.935,-988.004,-921.864,-988.008,-989.722,-989.089,-988.214,-989.44,869.172
-859.771,-860.626,-862.629,1670.13,-860.159,-859.873,-859.964,-859.842,-862.125
1397.32,1403.7,1368.13,1402.22,1376.1,1398.07,1820.83,1385.18,1382.27
1889.78,1819.36,1920.4,1917.58,1792.13,1912.34,1918.84,1799.48,1932.51
2140.58,2096.54,2139.76,2182.07,2138.21,2123.01,2148.96,2187.83,1987.35
2394.85,2275.57,2361.01,2373.83,2349.98,2195.75,2293.75,2273.28,2229.01
2128.33,2068.14,2121.87,2129.81,2200.11,2164.7,2158.17,2059.01,2086.96
1768.29,1815.65,1812.06,1815.58,1747.72,1810.3,1820.28,1819.44,1819.23
1725.68,1733.85,1612.8,1683.93,1625.76,1564.51,1706.72,1721.59,1694.97
1704.87,1706.63,1741.69,1717.36,1706.72,1716.61,1685.98,1714.21,1617.25
1761.89,1773.97,1773.34,1761.1,1764.4,1767.43,1764.04,1771.53,1730.79
1254.74,1257.66,1768.82,1239.57,1233.93,1218.59,997.504,1227.73,966.584
1866.95,1862.43,1831.82,1890.34,1869.56,1882.56,1889.09,1888.23,1845.38
622.722,633.506,393.177,1683.87,638.4,638.4,638.4,638.4,638.4
1042.55,740.816,1026.18,1031.11,921.373,1047.35,798.449,1638.43,1048
1525.41,1479.72,1757.29,1176.05,1495.24,1545.63,1450.05,1539.38,1461.97
1704.59,1729.13,1742.96,1677.88,1765.66,1687.59,1740.76,1741.38,1714.36
1944.28,1973.41,1981.52,2000.59,2000.88,2020.4,2018.35,1864.07,2001.19
2130.19,2156.99,2109.39,2183.42,2102.97,2021.06,2182.51,2185.49,2078.73
2353.93,2343.3,2387.13,2386.17,2308.68,2300.17,2300.34,2343.94,2403.12
2040.17,2017.88,2057.31,2005.16,2076.02,2020.4,2033.09,2056.21,2034.76
1675.99,1789.3,1797.19,1794.86,1742.83,1783.78,1807.95,1795.34,1808.61
1721.62,1692.06,1717.55,1509.42,1666.13,1730.37,1708.15,1701.96,1718.12
1733.37,1683.92,1707.8,1695.93,1707.57,1711.64,1703.3,1711.87,1710.33
1765.84,1762.4,1766.75,1764.37,1761.63,1755.62,1757,1757.93,1758.51
1766.8,1779.13,1776.54,1780.66,1768.23,1769.92,1759.55,1775.35,1748.15
1743.64,1750.93,1769.79,1738.57,1766.05,1767.42,1596.19,1772.41,1737.15
1322.42,1330.6,1342.18,1742.68,1289.78,1329.66,1235.74,1314.22,1332.68
213.983,295.408,247.285,256.406,130.562,1630.4,284.54,276.035,198.859
-187.769,-175.27,-197.757,-170.042,-286.935,1559.49,-161.139,-161.139,-161.139
1266.34,1702.79,1225.06,1266.44,1216.18,1243.55,1248.34,1217.58,1199.38
1810.21,1799.51,1779.07,1789.14,1791.92,1810.71,1805.24,1747.95,1775.73
2339.31,2348.67,2380.2,2337.15,2302.73,2277.58,2389.67,2302.66,2360.91
2419.76,2578.15,2613.88,2539.61,2498.16,2523.72,2565.26,2326.17,2348.2
2335,2300.1,2348.56,2217.01,2277.11,2338.64,2273.5,2266.31,2226.36
1871.69,1892.82,1869.9,1861.03,1862.34,1897.27,1880.93,1873.68,1829.08
1750.86,1747.8,1463.05,1743.08,1655.66,1742.99,1693.25,1735.4,1740.78
1747.56,1743.62,1745.6,1739.74,1664.82,1669.2,1715.91,1741.59,1719.71
1753.38,1761.38,1764.44,1750.81,1763.7,1765.36,1685.56,1743.02,1722.13
1770.7,1771.64,1703.91,1765.52,1771.37,1769.41,1762.9,1769.43,1742.24
1701.7,1755.96,1763.47,1752.48,1732.68,1745.4,1763.19,1731.29,1723.57
1484.97,1476.16,1325.52,1468.45,1484.14,1482.85,1413.42,1652.3,1499.08
1137.57,1074.96,1070.19,1057.07,1056.09,1073.73,1593.13,1185.95,1188.97
-672.118,-688.633,-678.906,-683.693,-665.667,-707.936,1541.26,-707.613,-677.583
1733.02,1775.63,1760.53,1759.7,1744.85,1757.45,1775.69,1771.15,1676.62
2226.29,2303.17,2264.4,2123.8,2266.26,2261.25,2210.07,2176.25,2230.03
2525.57,2526.87,2495.12,2570.85,2614.35,2579.09,2486.41,2562.58,2468.06
2521.92,2358.36,2515.19,2481.43,2391.95,2384.72,2465.02,2501.76,2353.44
2165.41,2114.43,2165.05,2159.49,2224.92,2178.73,2181.15,2206.67,2210.2
2043.31,2053.17,2029.33,2027.3,2037.41,2046.84,1993.4,2038.1,2022.49
1725.03,1625.94,1737.46,1738.62,1738.9,1717.28,1724.31,1721.66,1729.12
1268.1,1727.26,1297.44,1292.56,1294.96,1267.3,1299.46,1295.76,1259.92
1752.93,1723.32,1700.19,1680.79,1677.37,1645.53,1693.08,1722.93,1681.11
1791.75,1789.41,1774.07,1797.1,1780.65,1799.89,1662.32,1804.94,1800.5
1788.24,1759.34,1793.02,1785.33,1786.51,1789.58,1748.03,1747.89,1790.44
1290.95,1255.93,1245.49,1290.05,1074.79,1214.26,1202.71,1207.32,1694.55
920.339,1168.42,896.716,982.026,866.289,989.632,904.361,994.604,818.26
-612.403,-577.772,-586.234,-629.559,-584.213,1657.77,-570.503,-570.503,-570.503
1761.65,1758.29,1695.81,1713.08,1758.08,1759.16,1768.24,1726.8,1747.87
2161.86,1975.97,2148.4,2189.43,2101.48,2239.21,2165,2244.58,2187.32
2645.11,2399.9,2617.6,2635.86,2449,2626.13,2665.62,2478.88,2517.11
2530.18,2658.84,2579.25,2541.49,2553.93,2514.3,2595.67,2610.01,2482.91
2515.14,2399.29,2414.45,2414.77,2490.94,2492.22,2417.18,2406.25,2333.59
1830.52,1903.06,1766.21,1904.99,1862.26,1911.56,1862.3,1751.56,1931.44
1736.36,1728.51,1690.14,1728.58,1713.1,1719.8,1713.76,1676.76,1728.37
1733.85,1731.9,1734.53,1725.94,1696.67,1724.11,1653.3,1728.03,1728.76
1780.52,1754.17,1750.66,1770.25,1763.03,1769.1,1756.04,1735.51,1748.81
1822.02,1819.52,1816.74,1819.43,1776.55,1770.56,1811.83,1826.75,1821.18
1715.22,1668.76,1729.52,1781.41,1354.71,1768.59,1721.76,1732.93,1696.48
-286.007,-186.199,1382.03,-161.139,-161.139,-161.139,-161.139,-161.139,-161.139
1085.21,978.251,960.961,1094.86,938.729,1369.34,1113.98,1089.67,940.824
-988.23,-987.97,-988.343,-989.299,-988.298,1226.48,-987.911,-987.911,-987.911
1022.06,1032.26,1040.96,979.253,1020.52,766.4,1511.52,1048,1048
2238.72,2296.65,2294.53,2321.9,2328.2,2203.3,2276.54,2291.15,2275.22
2500.56,2633.58,2478.03,2533.95,2667.97,2665.73,2546.52,2465.24,2464.57
2383.15,2416.58,2544.34,2549.78,2530.8,2530.27,2553.55,2532.11,2399.24
2321.79,2297.59,2429.14,2434.61,2314.76,2386.72,2396.22,2420.24,2279.36
1912.11,1856.76,1887.43,1895.44,1881.9,1877.94,1804.23,1896.84,1893.32
1670.04,1673.71,1699.4,1720.86,1703.1,1701.77,1710.09,1675.34,1705.42
1703.66,1750.63,1719.51,1674.6,1679.58,1730.74,1712.32,1700.46,1731.57
1745.9,1744.34,1764.33,1750.12,1761.98,1763.77,1696.7,1766,1752.39
1836.55,1811.7,1843.97,1842.3,1775.67,1743.11,1844.41,1844.66,1841.51
1802.73,1818.16,1801.93,1797.48,1710.35,1815.31,1813.38,1763.03,1788.42
311.051,379.929,301.42,392.698,393.191,319.978,370.624,1438.87,385.768
-999.995,-999.995,-999.995,-999.995,833.653,-999.995,-999.995,-999.995,-999.995
-1000,-1000,-1000,-1000,-1000,-1000,-1000,-1000,697.298
-911.434,-909.956,1715.97,-909.928,-909.928,-909.928,-909.928,-909.928,-909.928
2294.77,2258.02,2202.16,2191.2,2206.61,2298.88,2195.1,2293.1,2198.62
2383.49,2364.44,2387.42,2265.42,2437.6,2272.93,2342.25,2282.43,2426.91
2201.52,2229.9,2261.29,2260.96,2220.94,2213.24,2254.87,2270.14,2262.62
2144.42,2204.79,2213.19,2197.83,2207.56,2202.43,2174.7,2214.53,2118.57
1794.84,1810.25,1817.41,1774.11,1779.69,1791.58,1831.94,1784.95,1830.89
1663.68,1623.12,1694.79,1657.88,1636.49,1641.61,1643.92,1659.94,1659.16
1684,1676.26,1725.53,1646.01,1531.98,1680.79,1662.88,1656.18,1670.38
1771.16,1712.12,1765.05,1762.51,1728.1,1762.6,1755.35,1761.63,1740.27
1299.3,1290.21,1294.37,1320.62,1309.53,1307.29,1761.36,1298.39,1294.45
1760.37,1518.89,1208.09,1526.12,1467.82,1527.33,1524.8,1497.64,1514.86
290.06,1653.65,291.073,114.118,246.53,291.303,237.993,107.967,115.348
-998.412,-998.397,-998.391,-998.387,-998.619,-998.386,-998.387,-998.621,1655.77
-999.66,-999.66,-999.661,-999.66,-999.66,-999.66,-999.661,-999.662,1658.99
-911.661,-911.598,-911.665,-911.974,1673.43,-911.674,-917.536,-911.673,-911.811
1003.58,961.173,1008.11,942.668,987.856,980.592,995.222,1741.27,983.93
2533.36,2454.21,2542.52,2338.87,2414.77,2434.99,2439.42,2485.59,2545.32
2467.02,2485.74,2478.42,2429.63,2496.56,2583.02,2607.53,2464.13,2579.86
2296.4,2235.95,2268.01,2165.89,2252.16,2278.46,2279.32,2272.76,2191.78
1782.58,1750.3,1764.48,1703.67,1763.91,1777.27,1761.26,1758.59,1687.47
1577.06,1602.14,1590.3,1535.62,1644.63,1600.99,1608.02,1597.6,1603.6
1748,1651.99,1650.96,1641.77,1637.69,1654.6,1579.92,1652.29,1591.57
1770.9,1757.21,1772.67,1770.9,1752.91,1740.23,1776.48,1776.93,1750.33
1713.3,1201.45,1175.73,1190.57,1191.28,1186.55,1211.97,1215.95,1192.13
-6.52486,-28.313,1594.95,-108.696,-5.45806,-88.8875,-8.23872,-71.8774,-5.50688
-999.495,-999.564,-999.497,-999.498,1450.51,-999.494,-999.505,-999.567,-999.495
-1000,-1000,-1000,-1000,-1000,396.979,-1000,-1000,-1000
-999.999,-999.998,-999.999,-999.998,-999.999,-999.998,-999.998,-999.998,927.342
-928.213,-928.005,-928.039,-928.307,696.82,-927.942,-927.942,-927.942,-927.942
47.314,46.8201,40.5303,43.4769,10.0268,1509.26,48.576,48.576,48.576
2340.99,2326.46,2389.65,2424.99,2373.69,2407.83,2345.72,2466.18,2425.5
2370.62,2388.3,2329.82,2391.48,2366.85,2203.33,2369.28,2368.95,2248.59
2212.74,2247.19,2230.58,2185.18,2277.4,2212.87,2110.01,2275.01,2238.99
1750.54,1749.53,1727.71,1729.34,1763.34,1776.41,1774.64,1781.42,1749.04
1581.76,1552.49,1521.99,1556.52,1522.53,1545.45,1527.84,1549.03,1526.7
1625.6,1626.27,1608.9,1613.71,1592.29,1642.26,1681.72,1631.84,1615.54
1703.5,1660.59,1690,1743.85,1666.12,1702.79,1694.64,1695.4,1704.11
1731.72,1760.47,1777.61,1767.18,1748.05,1782.86,1781.83,1775.53,1774.91
939.572,939.289,925.504,729.019,918.575,1727.59,890.904,941.238,867.062
1771.75,1659.88,1780.78,1751.73,1487.46,1723.17,1768.95,1781.48,1715.78
-928.048,-928.066,-928.177,-938.336,-928.044,1272.47,-927.942,-927.942,-927.942
-997.994,-997.973,-997.973,-997.974,-998.265,-997.993,1401.34,-997.97,-997.972
-543.412,-471.877,-518.134,-476.951,-464.457,-518.281,1634.51,-463.129,-463.129
1976.07,2015.03,2031.95,1946.31,1976.78,2034.35,1960.7,2027.29,2023.81
2241.5,2166.08,2176.82,2205.27,2200.56,2145.01,2157.45,2226.29,2251.66
2108.07,2111.83,2117.89,2165.17,2116.31,2163.19,2137.31,2083.67,2161.39
2001.48,2014.13,1966.48,2002.08,1986.84,1995.68,1989.31,1992.17,1972.44
1774.46,1744.9,1718.18,1749.64,1766.81,1635.75,1667.24,1754.13,1735.72
1649.96,1638.64,1620.8,1602.49,1509,1693.38,1643.63,1652.33,1653.8
1686.81,1692.97,1747.56,1684.29,1692.7,1708.7,1694.71,1708.06,1709.77
1731.24,1704.8,1738.64,1744.05,1752.13,1721.58,1746.78,1752.8,1753.85
905.693,900.333,900.577,890.628,1720.86,900.736,902.254,906.269,906
206.887,199.229,97.8726,207.734,200.466,63.2315,196.045,187.011,1769.37
67.2463,1624.02,169.116,215.248,85.6218,112.383,218.784,216.347,219.619
-859.564,-860.763,1301.71,-861.054,-880.468,-860.176,-859.645,-862.033,-860.117
-999.991,1674.66,-999.991,-999.991,-999.991,-999.991,-999.991,-999.991,-999.991
-573.053,-573.513,-576.088,-575.103,-590.68,-575.803,-576.025,1721.18,-572.75
1892.61,1905.84,1905.37,1896,1896.11,1892.27,1875.93,1906.41,1911.49
2172.25,2144.56,2149.21,2127.25,2226.12,2206.2,2208.63,2187.78,2154.84
2150.61,2145.89,2173.22,2220.54,2191.19,2163.67,2212.18,2141.88,2151.1
2172.43,2159.87,2094.2,2096.77,2100.42,2079.93,2095.97,2169.78,2084.92
1736.08,1796.59,1793.81,1709.35,1725.18,1793.8,1704.4,1789.43,1778.56
1649.08,1678.34,1665.78,1667.78,1611.28,1621.79,1540.8,1622.86,1690.34
1692.71,1700.62,1600.1,1697.83,1616.68,1700.74,1716.93,1693.13,1683.59
1727.97,1746.69,1738.66,1760.05,1723.17,1716.37,1738.88,1708.44,1745.91
1332.22,1344.03,1802.58,1328.12,1334.67,1335.68,1322.73,1314.4,1333.76
1046.34,1040.53,1023.45,1047.26,743.823,1034.6,973.64,1724.03,1048
-571.337,-634.564,-571.244,1640.59,-573.271,-577.823,-616.983,-577.549,-619.022
-725.163,-727.269,-726.871,-734.832,-762.898,1210.81,-725.122,-725.122,-725.122
-999.955,-999.955,-999.955,1592.72,-999.955,-999.955,-999.955,-999.955,-999.955
1702.6,-572.378,-572.99,-574.85,-571.949,-574.213,-572.939,-572.478,-345.589
2229.96,2231.95,2225.13,2186.99,2130.74,2161.11,2163.84,2233.28,2142.01
2204.31,2218.58,2118.68,2201.61,2211.14,2197.88,2238.06,2241.27,2196.99
2362.1,2387.45,2421.57,2381.11,2282.22,2360.92,2447.57,2322.94,2336.87
2407.64,2275.22,2354.48,2349.57,2351.42,2378.79,2314.49,2264.64,2347.71
1745.7,1753.97,1820.33,1834.11,1812.86,1790.68,1828.25,1739.66,1804.18
1653.98,1699.24,1633.96,1690.68,1648.87,1668.4,1631.96,1670.63,1693.46
1728.82,1726.48,1737.47,1723.63,1728.83,1727.14,1716.46,1731.93,1712.7
1728.85,1749.66,1765.21,1760.29,1767.27,1768.16,1762.21,1751,1744.96
1791.63,1805.23,1759.22,1777.36,1759.26,1768.88,1801.18,1799.76,1805.36
375.653,369.958,374.542,362.67,292.762,344.923,1735.47,375.808,372.089
615.832,600.669,626.224,627.871,393.838,621.312,618.416,1575.36,623.576
-999.981,-999.982,-999.982,-999.981,-999.984,-999.982,-999.72,-999.981,750.329
-1000,-1000,-1000,1576.44,-1000,-1000,-1000,-1000,-1000
1500.26,946.338,892.095,910.232,671.908,949.021,677.087,953.429,956.105
2049.01,2081.66,2087.16,2126.87,1899.88,2126.24,2088.88,2100.27,2042
2388.04,2417.8,2390.27,2320.46,2307.22,2300.18,2381.69,2324.12,2377.59
2457.97,2414.11,2369.02,2293.76,2352.92,2370.35,2400.17,2436.98,2303.67
2213.29,2270.42,2310.68,2203.23,2213.35,2264.15,2308.29,2291.83,2267.58
1895.16,1902.02,1914.49,1947.9,1898.38,1919.32,1868.09,1944.66,1924.3
1721.33,1755.18,1760,1668.79,1690.48,1645.52,1674.43,1727.79,1733.64
1717.88,1742.57,1675.18,1723.01,1710.13,1731.78,1729.5,1734.62,1709.32
1755.91,1760.96,1767.36,1737.01,1762.46,1766.42,1769.87,1769.33,1739.99
1239.08,1260.38,1261.2,1242.96,1206.42,1259.12,1762.34,1257.76,1263.17
1684.03,1776.6,1769.61,1765.49,1592.49,1580.2,1776.09,1778.65,1742.78
459.991,489.44,1638.73,503.79,330.894,522.606,487.897,446.089,529.665
-57.8072,13.2747,13.7405,1287.47,-30.8477,27.5601,-92.043,-90.1072,2.83372
-1000,-1000,-1000,1294.59,-1000,-1000,-1000,-1000,-1000
178.228,198.62,199.351,184.29,194.644,193.512,1731.52,191.39,190.758
2221.66,2090.04,2162.79,2213.79,2217.44,2188.5,2132.86,2126.67,2154.04
2541.45,2445.96,2643.71,2659.37,2576,2638.28,2426.5,2668.58,2653.05
2583.17,2511.35,2551.13,2545.84,2519.29,2492.35,2619.55,2382.64,2595.68
2495.94,2428.49,2380.21,2529.44,2424.81,2520.51,2464.22,2446.53,2569.79
1942.27,1968.57,1988.05,1996.58,2019.85,1976.3,1914.77,1991,1849.54
1703.61,1778.79,1774.41,1688.3,1708.2,1770.99,1751.46,1770.79,1762.07
1729.64,1733.54,1720.79,1766.4,1668.95,1700.19,1753.29,1748.9,1745.12
1783.76,1754.75,1769.34,1774.55,1754.6,1766.52,1765.38,1776.71,1739.33
1776.93,1749.86,1706.19,1778.91,1723.02,1764.34,1626.68,1783.38,1776.6
1793.81,1785.36,1796.88,1786.16,1777.47,1749.4,1754.41,1712.8,1744.82
1196.95,1176,1693.63,1186.87,1208.69,1145.61,1063.27,1199,1195.1
659.38,581.955,1556.47,671.581,659.181,668.52,656.552,663.605,625.074
-1000,-1000,-1000,-1000,1226.22,-1000,-1000,-1000,-1000
1527.33,888.533,936.869,950.028,801.666,793.803,855.594,951.763,946.455
2404.33,2411.33,2475.92,2432.82,2410.53,2378.84,2276.47,2289.08,2393.16
2604.98,2528.36,2553.57,2564.1,2623.84,2626.69,2544.42,2480.75,2619.56
2578.06,2682.9,2649.37,2777.29,2792.61,2790.89,2702.94,2589.44,2450.08
2636.86,2607.44,2731.88,2668.28,2671.66,2523.02,2562.3,2613.26,2503.42
2148.57,2186.99,2188.51,2015.45,2138.55,2169.15,2152.66,2116.11,2105.09
1776.95,1783.23,1778.13,1742.21,1777.29,1777.12,1785.25,1737.04,1683.84
1769.25,1761.64,1757.12,1771.98,1658.77,1712.54,1756.47,1758.23,1623.78
1665.86,1775.28,1766.34,1747.24,1769.35,1737.37,1774.49,1758.73,1630.98
1843.14,1717.9,1842.18,1841.78,1842.63,1841.75,1832.9,1746.83,1842.76
1750.82,1778.76,1788.06,1777.27,1749.94,1736.21,1753.54,1734.15,1794.34
928.131,1648.5,918.752,891.023,878.334,740.8,654.171,902.237,875.37
1462.28,1174.11,1106.66,1170.19,1108.02,1049.41,1064.73,1188.63,1136.39
396.169,605.846,472.603,606.332,444.622,528.27,1211.31,638.4,638.4
1727.67,1657.44,1701.32,1714.91,1461.8,1723.65,1645.13,1717.34,1764.12
2460.23,2468.56,2575.7,2429.3,2531.26,2431.75,2554.78,2522.71,2594.15
2591.96,2766.17,2719.92,2538.87,2546.09,2686.42,2752.81,2761.13,2617.66
2583.9,2607.89,2679.09,2527.8,2720.83,2697.95,2691.52,2452.05,2625.49
2219.89,2287.21,2223.49,2250.93,2005.72,2159.67,2221.32,2152.12,2200.93
2119.85,2215.5,2101.49,2161.02,2209.23,2113.13,2215.82,2137.57,2130.52
1692.68,1727.34,1725.51,1756.39,1712.97,1749.47,1692.12,1696.95,1665.98
1691.25,1749.47,1731.63,1697.81,1694.32,1752.19,1702.74,1553.85,1722.95
1768.65,1771.94,1759.71,1804.08,1755.22,1755.02,1767.09,1767.5,1720.05
1894.07,1894.29,1898.57,1864.43,1886.25,1864.33,1892.57,1881.38,1798.25
1555.68,1756.34,1560,1560,1560,1560,1560,1560,1560
1355.51,1341.8,1609.21,1179.6,1127.67,1322.19,1328.4,1292.07,1359.85
48.5546,-2.7313,-95.5987,1267.5,48.576,48.576,48.576,48.576,48.576
534.574,580.352,1688.52,638.4,638.4,638.4,638.4,638.4,638.4
1351.06,1387.25,1393.24,1364.71,1385.44,1393.25,1387.97,1677.44,1379.85
2333.85,2333.16,2269.41,2284.82,2256.42,2343.43,2364.46,2254.98,2242.34
2330.98,2416.65,2419.85,2421.6,2269.46,2341.48,2420.44,2343.49,2436.05
2596.85,2672.61,2594.07,2642.57,2590.76,2597.63,2699.6,2500.08,2605.32
2452.79,2322.48,2478.3,2407.82,2472.14,2360.19,2320.91,2476.9,2449.55
2085.46,1980.12,2040.38,1960.73,2072.87,2116.59,2053.51,2019.06,2014.04
1671.14,1642.66,1655.13,1659.69,1661.6,1722.05,1653.02,1576.42,1663.41
1730.21,1729.39,1724.65,1756.45,1606.93,1698.65,1716.64,1589.82,1694.7
1801.78,1772.18,1770.15,1766.22,1767.15,1747.69,1767.04,1764.23,1776.83
1758.68,1798.26,1801.73,1796.3,1788.67,1783.03,1722.68,1784.75,1800.18
1667.97,1787.51,1775.43,1745.51,1791.8,1741.78,1778.99,1788.22,1786.99
939.685,914.7,707.483,877.125,951.759,1474.71,741.066,941.629,689.68
-987.954,-988.388,1414.2,-987.911,-987.911,-987.911,-987.911,-987.911,-987.911
-1000,-1000,-1000,-1000,-1000,-1000,-1000,-1000,922.031
939.966,1669.82,938.669,928.925,937.48,919.083,938.818,905.184,888.871
2400.07,2409.97,2366.87,2310.98,2274.83,2336.91,2390.5,2317.47,2293.35
2557.94,2418.38,2426.58,2473.4,2527.59,2504.98,2380.11,2484.51,2380.78
2430.2,2441.98,2425.14,2422.84,2498.8,2390.63,2374.03,2518.48,2372.93
2384.71,2356.18,2406.23,2372.2,2306.25,2357.68,2347.05,2275.11,2337.16
1843.57,1823.16,1868.27,1870.33,1868.91,1870.14,1859.64,1876.94,1842.19
1671.29,1664.75,1680.5,1561.03,1630.8,1653.3,1654.46,1652.68,1656.12
1727.36,1656.66,1686.66,1677.36,1684.85,1683.39,1665.23,1574.8,1680.95
1712.65,1758.43,1759.37,1775.86,1762.78,1758.71,1754.13,1755.23,1708.58
1770.27,1784.6,1769.37,1782.74,1756.83,1780.42,1773.56,1787.83,1765.53
300.019,303.556,302.87,303.843,1724.78,303.134,299.601,283.719,298.672
883.813,924.46,1240.76,920.918,1013.96,877.292,1005.6,959.629,878.336
-928.624,-928.442,-928.358,1552.55,-928.432,-928.342,-932.201,-928.65,-928.669
1650.63,-1000,-1000,-1000,-1000,-1000,-1000,-1000,-1000
-997.986,-997.972,-997.972,-998.276,1596.32,-997.972,-997.972,-997.972,-997.972
1393.68,1408.93,1430.68,1180.6,1412.09,1133.3,1424.4,1344.79,1716.33
2146.85,2149.41,2158.77,2186.99,2137.49,2182.97,2102.29,2141.22,2130.88
2171.4,2178.41,2202.4,2208.31,2246.96,2146.87,2259.83,2210.57,2279.19
2276.37,2191.12,2197.92,2258.37,2221.65,2177.28,2163.41,2198.96,2125.15
1785.76,1809.92,1801.07,1814.38,1807.46,1756.84,1770.65,1790.61,1795.83
1599.61,1529.07,1600.97,1591.75,1587.01,1600.12,1599.39,1613.48,1606.78
1635.62,1636.13,1654.35,1741.74,1654.16,1641.82,1662.85,1624.58,1629.97
1675.78,1706.57,1705.07,1709.43,1710.31,1701.36,1735.96,1705.66,1678.82
1805.62,1813.42,1804.7,1784.52,1761.96,1812.91,1812.53,1803.55,1661.52
975.076,972.491,972.955,966.575,970.467,724.373,958.791,1681.96,975.743
528.257,605.369,596.143,383.71,596.666,489.91,1661.86,607.34,582.522
-999.994,1476.86,-999.994,-999.994,-999.994,-999.994,-999.994,-999.994,-999.994
-999.989,-1000,-1000,-1000,-1000,-1000,1147.86,-1000,-1000
-970.508,-970.886,968.289,-970.485,-970.485,-970.485,-970.485,-970.485,-970.485
2030.49,2036.83,1992.51,1964.44,2016.68,2003,2013.27,1985.33,2005.84
2283.12,2233.05,2285.87,2292.27,2226.65,2265.24,2204.17,2287.06,2316.2
2347.8,2321.13,2226.55,2329.13,2367.73,2268.62,2275.06,2380.5,2341.89
2239.13,2189.51,2191.56,2208.88,2239.76,2319.21,2295.19,2202.7,2330.92
1785.59,1744.26,1787.55,1768.85,1792.15,1774.49,1777.44,1804.82,1790.08
1585.55,1621.63,1603.97,1546.39,1590.55,1495.99,1503.79,1552.26,1594.04
1718.38,1636.54,1625.08,1605.12,1604.27,1635.61,1611.11,1642.97,1608.92
1728.57,1720.32,1666.01,1736.78,1729.32,1718.44,1730.59,1738.39,1735.35
1782.61,1766.81,1784.72,1756.87,1784.11,1784.4,1783.03,1776.08,1776.49
954.709,1734.51,944.57,947.713,711.75,952.575,945.417,955.78,953.307
-571.095,-571.709,-575.192,-633.519,1119.48,-570.503,-570.503,-570.503,-570.503
-879.01,-861.684,920.078,-880.373,-859.263,-859.263,-859.263,-859.263,-859.263
-987.95,-989.693,1378.77,-989.615,-988.019,-987.943,-987.974,-987.948,-987.942
-416.733,-417.472,-424.977,1740.83,-416.852,-429.558,-416.498,-429.743,-419.131
2111.98,2127,2143.16,2112.72,2090.8,2034.34,2154.55,2072.6,2127.26
2428.46,2451.98,2403.71,2336.05,2463.09,2478.16,2375.77,2379.24,2467.2
2325.88,2313.33,2283.55,2286.56,2347.32,2354.06,2331.05,2289.8,2275.53
2281.49,2379.49,2308.66,2297.44,2417.96,2431.27,2398.19,2367.53,2394.55
1840.92,1840.53,1835.94,1790.19,1771.76,1855.18,1850.79,1831.08,1822.06
1592.34,1694.34,1697.18,1688.55,1692.42,1655.3,1642.75,1705.4,1678.62
1707.08,1695.03,1699.49,1690.74,1522.92,1710.19,1677.52,1724.5,1710.62
1722.91,1751.72,1751.74,1723.69,1718.31,1709.64,1752.79,1756.02,1756.41
1803.22,1822.92,1824.26,1822.09,1826.38,1825.7,1815.31,1826.98,1821.01
59.293,69.5781,174.838,153.357,102.653,114.122,207.794,1733.84,211.827
-998.387,-998.409,-998.385,-998.621,-998.448,-998.401,-998.44,-998.443,284.44
1636.01,-928.409,-930.7,-928.147,-928.677,-928.681,-928.273,-929.37,-928.409
1732.09,1607.16,1598.3,1733.04,1732.93,1737.21,1735.22,1736.63,1739.69
-572.799,-577.001,-538.394,-570.982,1705.43,-570.503,-570.503,-570.503,-570.503
1425.35,1360.14,1473.59,1467.35,1469.97,1453.21,1463.06,1705.15,1441.23
1964.53,2012.27,1951.55,1979.74,1890.14,1963.62,1989.14,1984.22,2010.8
2077.78,2112.76,1995.19,2125.88,2105.67,2098.98,2097.24,2016.08,2114.66
1862.09,1897.82,1865.28,1789.13,1898.62,1894.98,1899.41,1870.25,1879.78
1665.39,1744.49,1760.32,1716.31,1659.92,1755.05,1753.58,1738.32,1746.13
1670.37,1611.29,1689.22,1687.9,1670.88,1683.84,1704,1666.74,1702.08
1696.23,1726.33,1676.14,1680.06,1687.61,1712.23,1699.39,1710.15,1705.8
1754.78,1749.92,1759.01,1756.97,1742.77,1750.57,1756.13,1751.47,1751.86
1741.61,1723.2,1747.4,1758.17,1274.37,1751.58,1754.61,1764.07,1694.44
-646.358,-620.385,-623.516,-614.699,-616.679,1314.28,-617.11,-626.053,-618.663
-860.506,-859.394,-859.817,-861.236,-859.486,-860.324,-859.362,-880.37,902.667
1047.26,1038.69,1041.98,984.295,1045.47,965.001,1614.86,1048,1048
630.841,636.225,627.198,397.589,1725.48,638.4,638.4,638.4,839.747
1439.56,1377.25,1723.79,1414.5,1411.09,1435.42,1442.26,1426.55,1380.92
2144.81,2035.62,2192.39,2164,2106.8,2173.37,2160.44,2168.24,2103.84
2383.52,2377.82,2415.21,2365.27,2413.4,2443.46,2458.42,2447.32,2468.85
2638.06,2599.81,2480.98,2511.27,2548.11,2641.83,2647.95,2494.47,2563
2363.37,2336.69,2219.67,2257.78,2365.72,2363.21,2243.91,2317.66,2259.63
1808.86,1790.15,1716.84,1815.9,1707.09,1816.7,1799.16,1804.09,1822.34
1672.91,1670.46,1713.43,1700.85,1680.61,1681.47,1733.88,1679.05,1710.59
1705.35,1696.8,1680.09,1696.17,1689.61,1679.98,1689.31,1632.42,1672.94
1707.8,1723.83,1736.93,1727.96,1737.6,1737.93,1734,1719.21,1709.06
1766.36,1251.43,1237.93,1135.61,973.162,1206.08,1231.08,964.178,1228.38
204.282,108.945,111.405,211.35,154.328,194.357,1487.64,201.239,187.031
-967.198,-968.363,-967.207,800.559,-964.268,-964.045,-964.141,-967.057,-968.64
-108.688,42.1641,-10.8493,48.0206,-23.6726,1221.65,48.576,48.576,48.576
1047.8,1045.15,1025.83,742.755,740.802,1027.09,1709.99,1048,1048
1733.45,1710.06,1612.69,1725.99,1735.26,1666.96,1700.39,1707.9,1685.34
2030.75,2082.14,1941.69,2066.45,2060.68,2107.13,2073.74,2093.13,2092.14
2258.09,2398.23,2302.19,2317.52,2396.73,2284.12,2401.29,2410.63,2353.51
2393.03,2261.18,2400.84,2391.08,2385.64,2472.2,2445.73,2485.22,2492.69
2269,2290.77,2214.73,2278.3,2294.75,2216.94,2261.54,2056.47,2302.05
1900.2,1913.2,1952,1909.29,1940.4,1864.06,1933.12,1906.8,1862.44
1703.46,1707.85,1704.61,1747.94,1738.51,1749.19,1740.1,1751.66,1723.73
1725.79,1723.52,1720.05,1720.83,1633.66,1724.85,1727.59,1717.84,1698.47
1756.99,1758.32,1764,1750.39,1717.52,1765.76,1703.54,1716.27,1756.41
1786.19,1804.46,1799.22,1795.71,1691.64,1792.99,1797.45,1801.09,1778.79
1760.48,1755.44,1754,1506.35,1732.06,1708.11,1790.85,1746.55,1758.92
1231.14,1230.35,1182.79,1228.67,1195.7,1196.05,1791.12,1259.89,1204.13
-999.471,-999.482,-999.505,-999.477,-999.548,-999.472,-999.474,-999.523,586.168
-1000,521.766,-1000,-1000,-1000,-1000,-1000,-1000,-1000
1575.91,1598.64,1566.73,1755.09,1423.4,1615.79,1632.61,1489.57,1548.02
1976.7,1999.05,1919.95,1951.76,1990.41,1929.95,1956.6,1888.7,1861.65
2620.89,2613.53,2817.87,2770.04,2673.18,2671.5,2813.08,2730.5,2486.69
2687.69,2700.66,2744.91,2530.08,2677.59,2510.87,2728.58,2695.85,2743.36
2624.72,2655.9,2571.41,2732.61,2585.11,2604.06,2731.84,2637.67,2512.47
1925.05,2069.18,2042.52,2061.23,1811.38,1966.13,2035.39,2037.83,1992.75
1802.33,1794.35,1755.49,1733.87,1681.1,1806.05,1782.23,1768.74,1798.47
1770.36,1750.35,1766.69,1756.87,1663.72,1772.77,1732.16,1707.97,1781.69
1779.55,1776.02,1789.95,1787.25,1748.1,1727.29,1745,1781.26,1736.05
1839.36,1843.88,1845.87,1837.65,1815.4,1738.78,1779.59,1855.57,1774.38
1767.12,1774.73,1718.84,1719.96,1772.61,1779.7,1669.8,1785.52,1735.11
1736.79,1768.65,1665.08,1744.3,1675.68,1766.55,1691.68,1684.91,1731.07
289.645,223.538,224.788,247.626,236.438,256.749,229.141,226.058,920.388
-998.039,-998.034,-998.047,712.433,-998.058,-998.276,-998.271,-998.269,-998.269
1816.67,1808.31,1796.29,1834.41,1813.99,1832.27,1719.77,1742.04,1588.12
2447.78,2543.94,2445.72,2460.43,2449.24,2496.81,2494.14,2387.29,2602.29
2691.52,2659.33,2694.03,2569.83,2483.33,2535.84,2672.28,2687.6,2677.45
2846.14,2640.64,2716.84,2773.87,2564.02,2619.65,2538.63,2786.85,2667
2670.27,2789.5,2716.38,2664.79,2681.04,2735.61,2738.27,2543.03,2683.09
2382.35,2205.64,2315.68,2263.41,2383.83,2376.82,2311.71,2285.02,2425.33
1832.97,1813.82,1649.52,1838.45,1797.63,1828.86,1818.18,1797.81,1838.15
1813.83,1822.36,1814.87,1734.71,1771.86,1822.25,1818.21,1827.39,1719.47
1776.16,1767.26,1780.95,1670.75,1714.38,1777.12,1736.82,1776.46,1768.68
1821.72,1746.67,1846.35,1800.78,1807.6,1816.11,1728.45,1847.16,1840.23
1859.51,1860.67,1794.58,1821.73,1839.35,1860.5,1822.77,1860.76,1861.68
1571.84,1260.86,1300.58,1290.57,1202.68,1296.96,1261.48,1270.58,1202.69
732.408,758.524,759.723,704.383,770.062,730.69,777.406,684.696,1086.32
862.478,-1000,-1000,-1000,-1000,-1000,-1000,-1000,-1000
1796.42,1736.7,1808.76,1653.96,1693.26,1805.41,1803.92,1810.32,1701.29
2298.88,2392.71,2233.72,2365.46,2267.47,2330.73,2267.06,2391.36,2317.69
2538.28,2693.33,2703.84,2544.66,2663.99,2650.33,2763.11,2589.75,2801.78
2400.53,2457.37,2614.7,2432.34,2544.18,2621.91,2649.53,2708.7,2635.33
2385.5,2701.55,2508.56,2590.19,2546.95,2700.08,2459.41,2641.15,2438.44
2263.61,2213.04,2120.13,2287.09,2244.56,2202.3,2316.52,2329.92,2314.32
1765.24,1799.92,1785.05,1815.85,1784.62,1813.01,1763.96,1798.61,1705.34
1791.42,1748.06,1776.49,1797.45,1761.81,1756.26,1795.17,1419.27,1737.35
1696.91,1801.72,1754.4,1690.11,1675.35,1757.99,1745.31,1722.5,1733.7
1865.85,1880.49,1900.1,1888.39,1758.86,1899.41,1917.08,1902.82,1893.9
1326.59,1009.8,1320.75,1295.5,1329.52,1314.44,1644.01,1309.1,1312.87
1714.29,1683.62,1759.92,1609.49,1720.44,1732.14,1792.97,1732.66,1693.06
278.451,300.673,304.101,1170.63,301.419,114.144,270.425,306.345,114.124
-999.738,-999.732,668.724,-999.769,-999.769,-999.754,-999.758,-999.765,-999.761
1669.52,1666.71,1729.74,1614.21,1710.39,1733.99,1714.04,1529.41,1736.03
2179.85,2189.84,2267.04,2241.54,2141.86,2210.56,2213.08,2213.51,2201.87
2371.71,2474.99,2345.21,2307.6,2413.22,2357.9,2395.98,2347.99,2429.39
2323.08,2460.73,2520.69,2435.16,2346.59,2506.01,2479.93,2534.73,2477.9
2529.92,2531,2443.17,2473.57,2536.99,2478.21,2562.99,2505.82,2414.81
2021.31,2026.21,2040.79,2006.77,2016.96,1993.62,2007.89,2032.97,1978.84
1647.22,1679.55,1687.69,1714.08,1715.69,1686.87,1614.66,1708.63,1706.21
1721.8,1680.33,1685.26,1718.54,1726.06,1715.58,1727.05,1719.32,1634.78
1690.6,1772.42,1785.01,1751.66,1718.83,1784.9,1798.81,1785.48,1741.67
1907.5,1844.16,1904.5,1907.46,1907.67,1880.33,1898.53,1910.14,1863.91
1574.1,1825.73,1575.25,1563.8,1535.92,1567.89,1499.42,1578.95,1554.58
1797.27,1809.93,1670.31,1666.52,1689.01,1804.45,1810.3,1807.47,1788.9
-194.673,-196.01,1594.46,-161.139,-161.139,-161.139,-161.139,-161.139,-161.139
-999.999,31.9079,-999.999,-999.999,-999.999,-999.999,-999.999,-999.999,-999.999
569.46,584.545,588.537,586.529,584.58,586.934,543.6,578.593,1718.15
2235.86,2182.82,2170.27,2158.81,2254.04,2198.71,2188.18,2230.26,2231.5
2481.07,2556.87,2520.77,2299.42,2497.56,2513.15,2433.11,2467.85,2457.32
2280.8,2250.83,2275.88,2324.14,2381.49,2335.41,2318.82,2166.43,2363.79
2351.4,2286.39,2244.7,2336.23,2339.31,2293.54,2347.46,2330.95,2388.16
1958.13,1911.36,1942.05,1978.45,1918.2,1971.55,1896.69,1963.47,1959.99
1680.85,1637.78,1672.65,1663.95,1595.53,1659.54,1652.92,1671.34,1615.88
1680.1,1645.35,1658.4,1663.96,1664.15,1648.31,1639.53,1604.68,1665.25
1796.27,1799.21,1770.14,1732.34,1746.42,1784.43,1798.76,1793.31,1785.76
1813.04,1819.49,1820.09,1804.52,1854.68,1830.56,1840.59,1732.44,1817.44
1806.84,1799.51,1811.4,1752.58,1814.82,1826.24,1824.72,1803.49,1832.05
1103.47,1349.7,1102.52,1093.27,1349.45,1130.3,1346.4,1095.28,1636.92
-498.124,1693.6,-477.845,-478.086,-489.017,-548.15,-415.154,-478.631,-484.367
-1000,-1000,1343.73,-1000,-1000,-1000,-1000,-1000,-1000
-981.388,-981.309,-981.398,-981.864,-984.091,-981.378,-981.667,-983.966,1194.42
1891.61,1693.3,1624.31,1851.93,1890.32,1865.16,1706.38,1845.5,1878.29
2232.98,2161.63,2144.06,2295.01,2274.07,2246.34,2228.23,2302.48,2191.1
2212.1,2238.2,2325.88,2203.05,2292,2215.59,2302.68,2303.35,2314.9
1889.61,1966.24,1961.4,1984.51,1976.01,1997.75,1910.01,2014.01,2018.47
1797.45,1778.48,1765.02,1764.32,1773.04,1777.94,1770.11,1785.02,1770.03
1622.56,1521.43,1605.63,1622.72,1579.74,1618.26,1593.79,1614.15,1654.02
1687.47,1670.32,1665.14,1598.6,1625.75,1647.77,1612.12,1670.44,1667.75
1747.79,1744.79,1745.43,1745.23,1750.65,1751.63,1730.4,1755.57,1765.99
1086.36,1679.23,1076.09,1054.64,1081.71,1067.16,1028.15,1086.78,1087.11
712.862,703.11,687.842,667.53,713.074,1715.13,714.443,711.545,721.383
-467.473,1594.09,-469.809,-466.23,-474.401,-545.772,-471.747,-468.891,-467.558
-161.425,-162.231,-170.013,-162.042,-162.963,-286.709,-161.625,1615.39,-162.463
1035.26,1045.17,1046.8,1040.6,1037.43,741.055,1044.34,1657.93,1048
1788.89,1787.9,1824.24,1815.91,1822.32,1799.86,1803.6,1796.82,1817.4
2256.32,2188.2,2193.12,2195.69,2221.05,2233.18,2255.45,2224.48,2281.68
2600.82,2542.1,2506.63,2611.79,2518.34,2592.15,2566.79,2524.36,2634.71
2191.97,2316.76,2196.14,2263.62,2337.67,2296.02,2318.09,2312.74,2268.09
2033.89,2006.59,2064.8,2058.48,2036.96,2048.96,2092.55,2023.34,2029.87
1731.68,1721.74,1703.57,1738.19,1755.41,1754.92,1665.91,1753.61,1739.35
1616.62,1584.79,1632.44,1570.69,1570.28,1620.95,1619.15,1620.29,1588.63
1639.52,1646.84,1678.44,1612.19,1630.99,1635.21,1642.17,1653.54,1620.67
1709.52,1717.95,1734.85,1721.69,1708.83,1717.54,1600.79,1698.91,1730.06
1521.16,1515.96,1511.57,1524.07,1216.18,1514.86,1523.52,1667.08,1512.07
1477.71,1502.71,1499.1,1496.12,1506.83,1461.38,1501.36,1509.08,1707.41
633.63,628.023,625.158,627.616,628.935,636.956,1683.36,638.4,638.4
-641.994,-999.469,-999.47,-999.543,1713.1,-999.468,-999.468,-999.468,-999.468
-997.47,-997.474,-997.48,-997.465,1709.12,-997.461,-997.465,-997.465,-997.465
-163.348,-170.827,-164.281,-165.712,1729.39,-163.626,-163.658,-163.46,-168.781
1556.63,1549.22,1536.03,1542.42,1751.82,1560,1560,1560,1560
2009.12,1915.26,2014.76,1998.54,2008.12,1990.89,1994.2,1973.9,1836.88
2043.48,1835.3,1955.34,2027.08,2039.27,1979.13,2027.47,1987.51,1992.94
1842.72,1725.87,1838.7,1840.42,1858.05,1834.37,1854.78,1848.52,1841.72
1674.5,1633.39,1720.93,1720.3,1721.11,1702.12,1690.57,1714.56,1721.28
1571.05,1622.18,1664.55,1634.46,1598.05,1652.24,1668.82,1637.61,1674.51
1680.5,1680.2,1675.03,1666.51,1659.49,1660.89,1709.62,1670.67,1680.91
1705.77,1707.61,1710.15,1574.4,1683.6,1709.55,1697.88,1710.68,1697.81
1745.93,1745.28,1745.92,1747.52,1747.45,1727.84,1733.6,1749.51,1749.6
1028.71,1022.93,957.276,1035.01,735.415,1018.11,1033.79,1724.57,936.252
303.178,114.47,309.229,121.796,122.544,1233.66,310.72,310.72,310.72
1678.87,-964.777,-969.148,-964.04,-969.191,-964.072,-968.463,-968.763,-964.39
-861.38,-862.62,-869.585,-861.664,-861.863,-861.878,-871.34,-862.304,1688.52
854.268,858.085,850.272,1741.08,841.56,833.862,857.932,676.892,862.551
2126.32,2144.72,2161.88,2160.03,2087.53,2116.52,2147.07,2116.67,2151.81
2327.49,2444.37,2352.91,2418.13,2354.62,2313.08,2340.69,2443.01,2402.25
2313.79,2342.69,2331.04,2338.08,2350.73,2346.49,2288.83,2264.4,2267.27
2137.72,2109.57,1964.55,2074.24,2147.27,2141.01,2100.46,2143.35,2079.35
1774.71,1756.07,1783.23,1780.13,1783.54,1784.49,1785.1,1779.3,1623.69
1674.3,1661.83,1671.62,1694.97,1641.03,1681.04,1703.71,1684.32,1664.95
1689.8,1699.64,1682.81,1703.82,1729.7,1700.46,1696.93,1704.61,1705.06
1736.05,1736.65,1701.65,1733.23,1723.14,1730.47,1733.68,1721.21,1737.35
528.726,552.218,1772.77,546.867,541.991,539.618,541.188,542.514,529.124
-28.702,1359.12,-41.6019,-67.4678,-155.656,-115.392,-29.9046,-62.6513,-54.1932
1016.87,-999.732,-999.754,-999.729,-999.768,-999.748,-999.765,-999.731,-999.751
-976.484,-976.547,-978.716,1532.54,-976.388,-976.388,-976.388,-976.388,-976.388
1638.95,1675.5,1664.24,1669.96,1666.72,1596.92,1686.81,1709.04,1518.89
1745.85,1798.31,1745.4,1745.73,1725.02,1706.7,1742.48,1682.52,1715
1999.92,2045.24,2040.43,1983.23,2047.86,2048.08,2005.34,2032,2005.04
2471.17,2444.19,2415.45,2450.74,2436.24,2354.14,2348.9,2422.37,2490.85
2343.23,2294.48,2379.66,2378.5,2313.8,2296.8,2358.79,2304.32,2371.87
2134.16,2163.54,2192.13,2204.33,2210.64,2136.31,2131.77,2141.49,2155.99
1835.08,1827.61,1735.45,1838.05,1817.48,1740.93,1816.58,1738.92,1819.91
1705.7,1660.72,1706.14,1682.32,1650.08,1702.04,1724.04,1675.68,1695.43
1705.23,1651.07,1710.36,1653.56,1699.06,1724.69,1710.67,1705.6,1683.18
1746.37,1754.52,1739.08,1729.74,1708.09,1747.61,1754.81,1747.08,1664.54
1801.15,1809.08,1812.84,1797.72,1503.3,1777.56,1802.67,1715.48,1699.36
475.477,547.44,1734.64,551.012,344.828,487.82,545.81,546.409,539.441
-543.9,-470.913,-478.443,1723.77,-543.656,-506.747,-492.102,-495.42,-546.557
-658.103,-658.29,-656.895,-657.026,-661.663,-662.676,1681.94,-656.403,-656.403
407.445,615.801,629.088,601.041,614.712,627.882,605.607,1770.71,622.674
1787.25,1635.31,1733.12,1751.53,1652.6,1643.51,1752.73,1749.13,1748.41
2202.33,2275.04,2245.55,2281.41,2194.43,2270.83,2292.25,2219.48,2272.68
2745.93,2716.87,2447.76,2553.6,2714.7,2686.84,2673.11,2634.37,2648.28
2426.93,2433.34,2456.17,2589.18,2414.5,2354.24,2533.63,2468.24,2552.97
2260.44,2310.39,2346.25,2257.07,2303.63,2182.31,2255.4,2315.12,2366.31
1809.76,1848.04,1852.21,1875.75,1801.65,1862.7,1865.8,1867.81,1837.52
1715.5,1769.56,1753.52,1753,1416.71,1766.92,1773.21,1755.6,1767.13
1725.63,1729.12,1691.01,1685.84,1704.89,1588.38,1725.38,1701.6,1698.08
1764.41,1765.6,1771.28,1767.59,1631.87,1696.05,1767.65,1775.16,1768.9
1805.17,1860.08,1817.02,1855.11,1856.65,1811.34,1827.54,1795.76,1855.34
1704.73,1391.4,1681.59,1483.31,1586.77,1697.59,1723.13,1652.22,1622.05
796.937,1366.98,848.791,739.763,845.679,847.607,820.97,741.785,829.967
-976.571,-976.877,-977.51,-978.725,-977.22,-976.424,-978.304,-977.799,717.057
-333.388,-334.428,-349.512,-358.521,-406.554,1219.58,-328.911,-328.911,-328.911
1839.28,1840.71,1835.68,1762.02,1604,1815.8,1837.84,1787.09,1734.26
2431.38,2201.91,2316.66,2301.68,2143.13,2342.1,2346.55,2441.47,2395.25
2516.96,2451.87,2492.35,2380.16,2558.76,2504.37,2621.67,2493.21,2514.92
2563.53,2627.32,2617.23,2490.91,2588.16,2658.75,2599.81,2546.24,2754.69
2612.71,2618.25,2815.81,2780.63,2574.79,2786.44,2697.19,2658.95,2547.3
2315.94,2319.83,2225.11,2219.87,2132.83,2327.23,2331.57,2288.29,2265.88
1762.45,1811.65,1770.87,1816.25,1633.54,1819.22,1828,1708.46,1794.63
1731.36,1761.74,1772.58,1713.88,1668.87,1748,1692.09,1721.12,1763.9
1783.08,1783.28,1731.88,1770.64,1623.58,1785.4,1726.39,1714.6,1734.67
1796.02,1795.59,1739.49,1757.28,1789.57,1726.59,1796.27,1776.07,1755
1807.34,1835.95,1498.94,1803,1784.41,1803.99,1725.62,1798.33,1782.29
1400.59,1516.92,1543.75,1454.62,1511.89,1544.53,1537.93,1536.31,1410.83
-770.214,921.207,-763.912,-766.515,-787.843,-768.236,-766.973,-777.852,-762.417
-999.998,-999.998,667.265,-999.998,-999.998,-999.998,-999.998,-999.998,-999.998
1208,1559.71,1549.82,1507.49,1430.26,1530.78,1515.92,1477.06,1560
2314.96,2557.39,2680.08,2642.35,2532.83,2699.42,2620.84,2576.5,2588.18
2753.91,2612.14,2722.73,2596.15,2806.78,2730.95,2627.66,2829.39,2822.58
2814.19,2758.8,2811.34,2772.75,2873.21,2851.6,2630.93,2633.43,2796.16
2813.11,2960.93,2944.21,2881.44,2790.23,2824,2870.76,2735.1,2808.17
2333.51,2418.18,2380.15,2388.27,2322.14,2398.92,2494.68,2329.79,2346.93
1854.5,1814.83,1827.49,1843.96,1710.06,1777.48,1802.86,1874.93,1766.48
1855.72,1838.33,1832.44,1832.59,1769.07,1779.89,1793.09,1802.85,1836.87
1768.3,1780.85,1767.64,1742.51,1699.09,1756.94,1765.77,1765.27,1680.59
1844.68,1851.1,1851.41,1772.58,1849.97,1798.45,1844.19,1846.63,1851.3
1739.13,1792.34,1723.8,1708.94,1733.46,1737.85,1672.05,1597.81,1728.95
1024.22,1065.77,892.84,926.897,815.804,898.489,870.081,846.882,1525.04
933.163,872.292,762.656,924.497,588.016,890.048,909.318,921.347,901.752
-957.945,-957.67,746.048,-953.883,-953.883,-953.883,-953.883,-953.883,-953.883
1787.04,1795.14,1752.91,1647.13,1779.52,1796.18,1801.24,1803.83,1789.73
1978.68,1848.5,1944.66,1899.35,1864.88,1924.89,1950.54,1843.23,1910.93
2788.77,2695.61,2779.48,2758.59,2657.43,2835.07,2654.46,2674.24,2812.66
2736.97,2688.23,2698.27,2814.1,2692.45,2831.78,2820.17,2712.19,2842.22
2393.1,2587.24,2522.8,2587.18,2592.77,2423.27,2448.3,2585.22,2484.68
2206.56,2165.92,2158.21,2255.68,2275.99,2309.05,2185.38,2302.33,2263.65
1848.52,1847.54,1757.07,1733.32,1802.93,1808.05,1805.76,1435.12,1815.34
1799.16,1576.57,1776.39,1758.64,1730.7,1775.7,1752.32,1717.74,1784.79
1735.74,1799.97,1769.39,1770.12,1703.15,1589.03,1763.86,1726.09,1765.86
1816.45,1854.61,1848.57,1748.29,1844.55,1850.31,1821.83,1855.5,1855.36
1879.7,1971.49,1980.74,1957.25,1866.68,1894.06,1984.56,1916.31,1971.09
624.494,717.544,1706.89,626.567,631.776,715.624,582.8,621.862,631.659
-941.038,-934.417,-934.128,-933.698,-942.978,-938.932,474.865,-933.73,-940.343
-1000,-1000,-1000,-1000,-1000,684.354,-1000,-1000,-1000
176.805,173.481,70.5388,183.514,144.056,1474.79,181.249,39.3391,172.312
2501.25,2510.8,2572.94,2374.34,2442.27,2537.51,2450.17,2444.63,2337.06
2553.78,2634.19,2536.41,2545.22,2705.58,2688.9,2553.64,2542.29,2673.25
2745.97,2765.62,2710.27,2667.18,2631.61,2630.44,2644.8,2615.73,2821.05
2352.89,2392.68,2528.04,2505.18,2490.45,2435.63,2397.1,2429.71,2427.58
2043.03,2039.88,2018.8,2048.85,1946.45,1956.35,1834.84,1974.04,1925.69
1786.22,1749.43,1788.76,1747.96,1757.23,1793.62,1634.79,1794.14,1699.22
1745.87,1762.32,1773.17,1672.41,1609.45,1722.74,1710.55,1709.55,1748.32
1772.29,1766.23,1738.79,1684.08,1759.42,1751.26,1775.66,1783.54,1764.59
1774.27,1764.54,1783.02,1784.3,1755.27,1762.91,1774.81,1758.32,1787.02
1999.02,1938.59,1981.71,1854.41,2022.2,1967.14,1843.87,1973.21,1957.91
1024.79,740.81,1036.88,1036.67,741.956,1017.5,1674.23,740.886,741.418
-329.164,1637.78,-328.911,-328.911,-328.911,-328.911,-328.911,-328.911,-328.911
-1000,659.575,-1000,-1000,-1000,-1000,-1000,-1000,-1000
280.971,295.983,307.552,304.922,307.352,310.395,303.014,309.893,1716.95
2260.25,2207.8,2194.89,2243.68,2182.47,2261.69,2211.45,2195.55,2145.25
2693.14,2719.84,2656.4,2569.3,2608.62,2586.27,2570.38,2525.28,2730.05
2687.59,2564.85,2678.19,2531.9,2534.68,2542.91,2672.97,2596.35,2487.99
2332.08,2397.89,2396.65,2293.13,2421.57,2412.23,2330.83,2257.08,2313.66
1985.7,1938.87,1991.59,1920.08,1948.71,2009.21,2000.96,2034.38,2052.3
1703.55,1649.96,1683.86,1579.65,1568.12,1711.66,1617.62,1670.9,1707.37
1666.04,1600.28,1649.28,1632.91,1584.98,1672.12,1666.23,1676.62,1678.29
1800.53,1795.82,1762.82,1774.98,1760.08,1758.4,1813.14,1814.63,1778.22
1869.51,1898.83,1863.01,1908.73,1845.93,1905.61,1905.29,1901.29,1905.89
1839.32,1834.61,1853.46,1802.8,1843.07,1691.95,1856.99,1814.76,1829.58
47.0905,48.0571,42.9262,46.4191,43.926,1682.22,48.576,48.576,48.576
-660.88,-659.301,-657.708,-666.888,-682.395,-680.226,1429.44,-708.313,-659.35
1012.73,1411.72,1048,1048,1048,1048,1048,1048,1048
1786.14,1799.29,1811.35,1779.78,1809.39,1765.57,1804.76,1798.78,1777.19
2299.34,2240.77,2225.87,2298.58,2288.97,2308.28,2297.88,2193.28,2237.81
2434.64,2408.63,2252.42,2364.58,2394.82,2423.76,2303.99,2283.35,2360.13
2433.7,2357.92,2486.99,2498.38,2446.44,2455.9,2408.94,2453.34,2457.48
2321.95,2339.31,2262.38,2328.91,2281.48,2289.04,2319.71,2271.24,2247.53
1962.83,1903.53,1871.87,1866.59,1873.25,1933.3,1917.68,1954.79,1953.59
1627.72,1672.37,1612.5,1638.12,1586.31,1674.79,1639.43,1673.38,1673.37
1656.88,1656.77,1672.93,1612.67,1567.84,1643.98,1626.85,1633.03,1632.36
1755.16,1776.65,1781.45,1788.04,1782.1,1777.42,1782.86,1757.63,1780.51
1474.04,1482.1,1457.82,1336.57,1675.2,1479.26,1479.14,1471.89,1464.52
1807.73,1764.42,1781.51,1742.07,1802.08,1786.75,1822.97,1775.89,1822.66
276.919,286.653,1661.05,285.051,275.246,287.066,292.519,285.463,290.214
262.543,48.4453,46.7436,1633.45,-108.207,48.576,48.576,48.576,48.576
1660.29,622.854,625.768,621.544,624.746,624.586,621.439,621.241,623.463
1650.15,-375.987,-461.528,-377.839,-379.309,-376.213,-393.797,-378.015,-456.868
1903.31,1860.8,1637.63,1862.47,1627.33,1880.77,1868.93,1831.12,1905.43
2316.46,2379.06,2278.96,2383.06,2346.59,2203.95,2241.11,2244.31,2303.18
2198.26,2291.63,2206.47,2195.18,2261.16,2218.82,2303.31,2307.05,2251.22
1988.66,1993.3,2076.9,2050.26,1938.81,2071.19,2024.08,2005.55,2039.65
1790.09,1793.58,1786.38,1760.56,1763.47,1783.49,1777.4,1754.88,1784.22
1572.9,1676.82,1620.06,1637.9,1645.26,1647.59,1644.25,1638.44,1613.39
1655.41,1641.46,1648.62,1617.79,1638.53,1691.31,1593.42,1652.09,1652.24
1695.76,1717.85,1683.23,1696.5,1709.22,1709.57,1661.24,1710.02,1715.9
255.592,254.785,254.389,88.2354,1702.73,255.13,248.073,251.363,242.844
-853.414,-831.288,-842.822,1691.16,-831.138,-831.763,-831.138,-831.095,-831.208
-574.93,-590.272,-580.605,-635.483,1712.77,-576.305,-633.69,-579.458,-577.378
46.9563,23.4459,47.7533,46.9194,47.603,-22.839,1703.57,48.576,48.576
1039.32,1698.22,1038.38,1013.27,1088.71,1028.9,1044.98,1042.53,1042.62
1784.66,1782.35,1791.15,1768.56,1792.52,1783.44,1782.56,1789.88,1792.34
2009.44,2028.79,2029.06,2053.68,2040.31,2077.32,2041.46,2024.16,2031.11
2346.9,2343.59,2368.55,2304.67,2318.42,2394.32,2302.73,2312.08,2284.33
2259.3,2288.5,2244.49,2327.41,2293.68,2231.43,2284.81,2226.1,2224.49
1929.21,1815.24,1963.83,1972.87,1945.3,1948.65,1966.13,1949.07,1951.47
1768.8,1759.86,1745.16,1769.52,1771.75,1674.77,1771.97,1754.95,1778.44
1609.03,1671.33,1661.05,1701.22,1665.64,1645.42,1668.19,1657.64,1672.56
1630.97,1663.19,1667.34,1621.91,1712.36,1671.34,1641.02,1622.26,1633.97
1556.75,1672,1713.9,1681.25,1623.55,1695.85,1689.32,1669.52,1685.6
1732.92,1705.45,1710.73,1730.5,1730.92,1735.75,1719.69,1728.9,1723.11
1744.02,1747.83,1713.58,1744.02,1708.45,1713.47,1743.89,1725.35,1738.7
628.825,1724.01,618.318,631.338,622.122,629.015,630.267,631.557,617.652
-999.783,-999.698,-999.784,-999.782,1718.98,-999.782,-999.782,-999.782,-999.782
-993.836,-993.829,-993.813,-993.825,-993.824,-993.817,1563.36,-950.839,-993.81
1479.88,1481.47,1476.2,1476.72,1478.07,1444.39,1479.2,1673.79,1472.72
2265.88,2124.08,2233.31,2206.35,2262.89,2137.31,2225.74,2184.16,2201.78
2361.43,2300.41,2306.45,2371.17,2326.12,2346.68,2380.16,2407.26,2386.94
2316.48,2358.4,2440.9,2357.57,2340.91,2403.54,2410.09,2407.18,2379.58
2137.03,2140.03,2212.65,2187.27,2181.05,2067.66,2195.98,2052.25,2135.6
1742.32,1743.26,1714.86,1738.72,1743.21,1736.72,1731.18,1715.58,1717.73
1719.24,1654.59,1694.42,1682.93,1692.97,1688.55,1670.77,1684.02,1622.8
1685.01,1681.91,1677.99,1712.56,1638.81,1675.5,1683.39,1686.75,1651.86
1721.15,1716.65,1720.21,1718.19,1704.28,1719.27,1720.26,1702.18,1604.37
1790.19,1783.01,1791.52,1781.11,1792.72,1714.87,1782.6,1771.72,1737.23
1717.5,1476.51,1471.11,1515.92,1155.51,1479.7,1515.06,1346.97,1516.58
48.1479,40.5125,43.3096,46.7924,-108.132,1493.61,48.576,48.576,48.576
-999.783,-999.786,-999.783,-999.784,1691.56,-999.783,-999.782,-999.783,-999.783
1713.7,-998.971,-998.998,-998.971,-998.972,-998.985,-998.969,-998.97,-999.117
42.5476,43.9271,1750.46,43.0512,40.5448,-52.2021,40.4222,39.4366,35.5132
2298.02,2312.78,2222.37,2224.64,2361.55,2240.92,2308.08,2245.56,2319.18
2740.68,2767.57,2660.05,2718.26,2586.23,2750,2756.22,2774.58,2495.01
2567.48,2693.74,2684.43,2693.14,2572.93,2651.55,2614.3,2753.15,2732.32
2398.67,2327.74,2493.09,2465.6,2529.58,2523.51,2430.24,2364.63,2397.21
2006.34,1992.99,1936.47,2001.68,1979.62,2015.78,1987.89,2005.71,1866.68
1778.36,1744.05,1621.82,1777.84,1581.25,1644.27,1768.6,1708.42,1742.5
1696.96,1702.07,1716.42,1716.29,1672.24,1683.42,1700.69,1714.62,1688.04
1731,1720.72,1731.55,1729.76,1694.45,1727.34,1683.3,1709.84,1736.02
1650.79,1817.75,1842.66,1837.58,1832.45,1812.43,1800.81,1839.62,1726.59
1824.05,1831.57,1797.36,1831.12,1833.21,1815.8,1832.48,1837.11,1739.79
699.706,687.492,739.409,1615.73,740.851,739.067,731.026,579.201,704.557
-656.543,-703.45,680.652,-656.403,-656.403,-656.403,-656.403,-656.403,-656.403
1709.34,930.819,893.372,869.221,947.292,917.434,948.794,915.513,895.987
1140.17,1167.67,1141.48,1156.41,1947.45,1146.04,1159.18,1159.27,1135.01
1942.62,1942.98,1852.15,1943.72,1893,1902.21,1979.64,1943.2,1932.92
2537.19,2502.89,2444.96,2414.04,2496.54,2494.49,2495.7,2302.07,2589.05
2429.23,2477.44,2355.96,2461.04,2410.82,2530.21,2521.89,2438.44,2336.68
2460.13,2433.74,2377.06,2426.29,2391.56,2496.57,2396.46,2247.4,2373.66
2115.38,2077.79,2124.69,2140.05,2098.61,1892.34,2103.68,1944.44,2133.24
1778.44,1715.74,1744.34,1683.07,1413.49,1752.66,1792.34,1793.42,1791.81
1748.82,1725.68,1692.82,1747.68,1641.97,1684.53,1724.35,1731.9,1741.63
1766.74,1767.2,1763.72,1761.39,1763.83,1758.41,1760.16,1659.46,1755.38
1808.65,1789.82,1776.31,1743.49,1807.5,1756.37,1789.89,1798.21,1735.96
1792.56,1735.92,1693.53,1792.46,1451.51,1647.99,1664.31,1680.57,1716.68
1396.83,1606.5,1560.29,1445.84,1345.88,1523.59,1503.02,1594.12,1531.18
-782.783,-783.445,-782.776,-785.096,-788.373,-813.079,1343.21,-780.876,-779.769
-999.865,-999.868,-999.865,-999.865,-999.866,-999.866,1193.52,-999.865,-999.866
1750.96,1639.61,1593.52,1642.78,1329.1,1631.87,1656.87,1655.88,1646.73
2537.87,2557.16,2567.29,2707.07,2655.59,2578.05,2515.27,2491.3,2614.11
2666.27,2650.99,2880.54,2859.68,2633.51,2793.1,2655.99,2770.95,2796.93
2891.19,2659.29,2765.1,2913.08,2913.63,2886.86,2635.41,2797.82,2864.07
2577.4,2710.79,2625.28,2715.34,2745.19,2709.44,2679.4,2609.42,2624.39
2387.68,2316.63,2366.58,2386.96,2465.47,2315,2335.4,2337.73,2455.7
1747.09,1789.9,1792.67,1786.8,1788.45,1827.58,1785.38,1828.31,1762.82
1735.09,1748.79,1812.17,1731.74,1731.89,1729.29,1754.66,1756.1,1735.22
1749.58,1728.37,1766.66,1613.26,1738.92,1709.14,1734.25,1749.51,1735.35
1805.43,1755.5,1760.11,1744.73,1789.16,1772.34,1684.11,1782.49,1799.84
1735.62,1747.22,1773.91,1800.95,1797.29,1767.73,1774.14,1612.68,1613.5
1668.75,1656.27,1656.49,1605.08,1704.06,1668.5,1644.06,1715.59,1644.97
-932.132,-932.32,-930.982,-932.55,-928.389,-928.853,-932.763,720.82,-927.942
-957.008,-956.031,-957.887,1402.52,-957.859,-955.433,-955.85,-960.303,-957.454
1455.43,1451.36,1453.27,1486.25,1324.32,1496.42,1646.75,1357.29,1489.69
2650.9,2858.29,2851.69,2749.84,2838.82,2652.58,2807.72,2718.53,2833.09
2992.58,2842.71,2809.01,2888.1,2886.61,2780.31,3000,3000,3000
2860.74,2870.5,2847.15,2792.88,3000,3000,3000,3000,3000
2622.72,2806.04,2623.62,2720.66,2719.78,2727.3,2700.57,2691.57,2696.83
2520.31,2654.02,2540.16,2483.89,2027.23,2569.73,2336.3,2576.16,2462.85
1894.2,1907.67,1925.92,1870.01,1854.96,1915.52,1909.94,1875.33,1893.39
1803.84,1806.27,1799.56,1754.65,1690.68,1783.5,1720.48,1749.22,1752.88
1772.15,1758.24,1759.55,1745.99,1661.9,1733.61,1672.58,1699.05,1670.09
1750.66,1842.25,1830.69,1830.99,1843.76,1842.31,1777.65,1734.83,1728.89
1890.48,1874.4,1867.52,1887.23,1890.45,1878.03,1854.96,1870.5,1896.16
1794.96,1621.69,1806.28,1721.97,1487.3,1775.65,1700.34,1762.99,1774.8
-943.311,-945.906,631.778,-944.402,-951.344,-943.08,-943.933,-943.685,-950.997
-1000,-1000,-1000,-1000,-1000,-1000,-1000,-132.22,-1000
1996.24,2002.85,1994.85,1958.72,1791.74,2011.03,1934.26,2047.26,2019.22
2138.91,2190.23,2131.43,2138,2088.8,2192.26,2191.34,2020.95,2122.99
2718.43,2618.99,2891.66,2775.94,2884.32,2823.32,2697.55,2747.91,2743.1
2915.12,2901.69,2763.95,2778.05,2699.01,2725.99,3000,3000,3000
2626.18,2866.95,2827.48,2774.2,2843.35,2777.86,2823.57,2812.85,2766.83
2420.43,2495.71,2475.96,2442.67,2248.78,2513.65,2476.2,2474.97,2478.45
1812.5,1743.67,1805.34,1760.07,1696.43,1882.74,1800.9,1881.21,1838.4
1781.52,1757.73,1776.56,1782.42,1765.07,1781.14,1707.83,1741.17,1776.67
1725.47,1774.93,1688.05,1695.97,1520.22,1653.39,1708.79,1716.48,1722.48
1830.07,1779.92,1798.14,1807.86,1817.59,1773.85,1834.2,1826.77,1828.69
1759.66,1502.44,1802.52,1661.35,1777.28,1761.96,1801.5,1803.18,1744.54
840.876,747.278,751.142,859.798,818.467,742.047,740.614,743.172,1393.38
-942.661,-942.428,-942.365,-942.683,-944.508,-949.379,-944.529,666.825,-942.354
-789.726,-814.88,1001.07,-793.801,-795.483,-813.014,-813.083,-811.953,-814.982
1344.01,1357.36,1357.52,1348.04,1328.08,1625.74,1339.69,1337.84,1335.68
2609.7,2539.9,2515.27,2534.77,2614.94,2626.63,2481.66,2446.92,2526.41
2591.67,2865.95,2873.07,2815.45,2830.54,2818.42,2742,2772.63,2796.92
2566.81,2799.01,2760.67,2789.63,2715.61,2635.4,2811.07,2848.07,2831.22
2711.46,2661.63,2770.39,2425.28,2750.56,2630.7,2540.35,2650.14,2516.53
2335.74,2294.66,2187.4,2164.97,2322.09,2178.51,2214.93,2219.38,2216.09
1797.77,1743.57,1743.73,1722.4,1781.93,1810.53,1787.58,1809.11,1740.35
1750.51,1700.15,1772.66,1714.44,1764.43,1759.5,1541.31,1770.39,1776.22
1784.46,1751.69,1715.68,1743.39,1741.6,1729.45,1732.63,1733.57,1730.17
1862.37,1909.64,1907.24,1917.16,1901.82,1918.26,1915.32,1919.48,1900.74
847.323,837.955,836.135,1794.53,741.045,846.327,824.52,826.615,846.225
-859.563,-860.122,-880.369,-859.947,-859.424,-859.297,-859.692,-873.957,1681.36
-963.112,-968.64,-963.263,1191.66,-963.107,-963.107,-963.107,-963.107,-963.107
1179.5,-328.911,-328.911,-328.911,-328.911,-328.911,-328.911,-328.911,-328.911
1481.39,1697.77,1634.43,1731.78,1758.02,1772.58,1666.86,1765.29,1755.08
2287.96,2321.75,2362.88,2353.99,2295.81,2360.04,2276.58,2387.34,2396.57
2705.01,2668.67,2878.74,2852.3,2838.28,2834.39,2782.48,2813.4,2781.46
2748.03,2767.92,2906.91,2828.36,2725.18,2712.77,2822.71,2801.95,2819
2342.39,2461.68,2414.05,2479.24,2249.1,2399.93,2443.8,2423.74,2464.27
2105.12,2161.58,2196.22,2274.18,2049.76,2150.05,2084.64,2264.35,2087.28
1668.1,1669.54,1659.12,1535.51,1670.82,1675.9,1546.42,1599.75,1671.54
1690.68,1718.18,1640.4,1689.59,1428.22,1718.3,1522.18,1696.38,1720.58
1708.42,1742.18,1749.4,1740.58,1748.68,1746.04,1670.94,1746.37,1741.49
1884.16,1871.08,1908.82,1760.67,1840.3,1850.44,1868.83,1892.58,1897.23
1173.94,1170.83,1166.86,1176.07,880.232,1169.35,1086.1,1170.4,1648.43
-712.709,-710.155,-698.857,896.816,-707.917,-686.961,-709.344,-673.785,-702.746
-859.323,-859.41,-860.147,-859.672,-859.268,-859.502,1362.01,-859.263,-859.263
1455.95,1702.81,1452.1,1369.91,1452.38,1446.29,1419.57,1457.23,1453.12
1811,1813.86,1838.3,1802.28,1812.44,1806.69,1782.54,1790.23,1841.54
2161.81,2187.66,2167.53,2080.58,2177.8,2087.53,2138.6,2143.24,2190.25
2584.35,2323.4,2544.43,2421.81,2573.62,2542.11,2528.45,2451.91,2481.43
2378.54,2509.74,2437.56,2526.8,2407.59,2514.29,2427.21,2442.2,2490.33
2406.01,2277.88,2249.57,2409.01,2359.56,2408.56,2205.64,2308.27,2281.65
2139.01,2068.74,2106.14,2105.96,2138.5,2066.7,2090.69,2082.94,2121.16
1643.32,1636.32,1602.63,1650.42,1627.77,1632.17,1646.43,1636.89,1657.56
1648.48,1650.83,1689.34,1630.31,1684.15,1691.14,1669.33,1688.63,1665.91
1738.64,1745.76,1736.34,1756.93,1731.04,1761.53,1761.75,1738.48,1764.71
1429,1435,1667.25,1434.99,1382.06,1415,1449.14,1447.86,1445.61
-466.218,-463.637,-468.412,-465.664,1705.34,-463.129,-463.129,-463.129,-463.129
1578.8,-169.447,-168.64,-180.304,-249.09,-290.228,-200.978,-167.415,-167.544
284.017,284.105,282.335,285.127,285.078,273.424,278.733,1641.05,281.929
634.216,634.877,630.774,632.608,593.633,1634.33,638.4,638.4,638.4
1336.71,1341.23,1176.12,1337.58,1041.48,1344.09,1341.47,1244.19,1694.66
2295.36,2213.8,2257.44,2257.67,2188.36,2200.61,2246.84,2300.47,2298.27
2576.81,2537.01,2551.29,2433.95,2439.69,2571.94,2418.13,2438.8,2574.35
2501.95,2544.7,2520.07,2582.22,2543.2,2540.2,2614.49,2464.69,2539.2
1995.42,2128.93,2130.29,2158.61,2091.46,2167.75,2168.3,2058.13,2073.81
1820.86,1786.75,1853.58,1858.05,1873.89,1867.7,1804.06,1816.23,1834.81
1608.77,1542.37,1646.18,1548.52,1483.35,1589.55,1566.91,1553.08,1577.94
1645.9,1647.81,1660.34,1662.45,1657.15,1662.42,1658.08,1660.36,1657.63
1679.76,1700.7,1704.03,1716.65,1704.37,1700.29,1698.81,1714.88,1718.53
1737.95,1730.72,1735.42,1736.91,1737.62,1724.2,1719.6,1736.92,1739.06
303.711,1714.49,310.72,310.72,310.72,310.72,310.72,310.72,310.72
-780.107,-589.457,-780.378,-811.148,-780.135,-780.323,-784.882,-786.275,1592.19
-999.973,-1000,-1000,1710.7,-1000,-1000,-1000,-1000,-1000
-999.547,-999.47,-999.471,-999.47,-999.467,-999.546,-999.47,-999.476,1604.3
524.819,1749.44,525.46,517.519,522.194,525.596,521.628,524.487,525.331
2170.12,2083.38,2098.1,2127.68,2144.83,2136.59,2181.01,2134.64,2078.56
2379.63,2389.7,2442.42,2353.31,2277.49,2419.19,2351.88,2411.06,2448.97
2138.42,2231.34,2158.13,2207.92,2194.29,2225.2,2140.82,2210.66,2154.9
2008.5,2006.67,2001.03,1978.59,1989.27,1992.99,1837.62,1954.06,2030.7
1648.12,1754.81,1691.54,1758.08,1742.66,1746.79,1748.17,1725.62,1754.24
1646.56,1658.83,1678.92,1649.39,1673.84,1713.77,1678.53,1634.34,1665.65
1706.34,1659.62,1652.68,1642.53,1654.5,1656.18,1659.63,1661.47,1596.02
1693.47,1724.91,1724.23,1723.05,1722.09,1706.33,1720.75,1722.73,1721.02
1707.39,1736.39,1750.02,1732.56,1736.83,1735.76,1736.22,1734.75,1737.97
-831.475,-831.39,-831.27,-833.383,-830.988,-831.742,1508.79,-831.186,-831.086
-204.341,-204.939,-226.277,1396.16,-290.905,-319.129,-205.376,-203.556,-205.067
-988.03,-988.022,-988.012,-989.77,-988.846,1490.88,-989.727,-988.085,-988.016
-859.466,1528.63,-859.263,-859.263,-859.263,-859.263,-859.263,-859.263,-859.263
1803.72,1804.67,1783.42,1807.93,1792.92,1778.82,1598.1,1806.06,1706.2
2308.34,2250.63,2242.14,2375.43,2347.6,2287.94,2271.84,2362.71,2372.71
2410.52,2463.48,2415.28,2451.47,2497.9,2442.78,2395.2,2446.91,2488.93
2549.97,2481.42,2373.67,2404.66,2474.69,2400.08,2554.32,2506.64,2505.89
2271.1,2315.74,2280.59,2257.87,2230.9,2220.96,2199.96,2336.97,2302.39
1697.49,1759.26,1738.09,1750.21,1719.24,1716.87,1720.29,1751.42,1708.31
1712.82,1715.71,1677.19,1689.34,1677.98,1662.93,1629.09,1680.23,1641.07
1675.48,1720.34,1636.36,1685.93,1693.01,1680.39,1684.66,1644.85,1667.67
1729.84,1722.5,1713.48,1728.49,1699.37,1762.92,1695.82,1689.13,1718.71
1827.14,1824.22,1812.56,1813.49,1827.09,1784.72,1684.01,1829.99,1829.87
387.199,593.65,600.208,596.882,597.03,596.458,1734.87,601.443,600.903
1047.47,1032.24,1027.1,1044.15,742.749,944.221,1528.66,1048,1048
-976.479,-976.679,-976.529,1378.65,-976.66,-976.613,-976.475,-979.876,-976.526
-572.106,1470.44,-543.346,-547.767,-546.244,-526.445,-561.786,-586.295,-527.255
624.659,619.583,626.177,625.184,626.097,626.436,622.478,622.5,1636.41
2689.12,2706.54,2556.76,2666.24,2698.97,2514.26,2663.9,2520.61,2704.24
2868.5,2848.72,2866.36,2805.72,2870.01,2732.37,2877.45,2787.76,2711.26
2987.29,2954.68,2973.98,2937.78,2814.03,2712.5,2778.39,2729.58,2740.52
2668.9,2550.8,2596.57,2798.42,2707.4,2628.27,2743.39,2701.67,2704.77
2113.28,2151.26,2171.91,2078.8,2115.3,2171.73,2180.33,2114,2117.53
1722.94,1640.66,1669.03,1714.43,1673.71,1690.14,1723.74,1692.41,1709.58
1660.81,1638.8,1691.78,1697.01,1696.18,1672.36,1636.36,1695.57,1697.04
1692.5,1732.12,1748.27,1723.66,1713.44,1748.59,1752.61,1751.84,1750.9
1865.26,1859.09,1826.77,1857.76,1844.95,1869.7,1869.09,1841.7,1770.95
1961.96,1995.35,1909.56,1952.95,1667.34,1980.5,1985.46,1747.93,1988.72
1682.44,638.4,638.4,638.4,638.4,638.4,638.4,638.4,638.4
-929.594,-930.256,-929.994,-939.322,-929.727,-929.024,-930.504,-929.217,1072.25
-993.823,-993.847,1284.96,-993.81,-993.81,-993.81,-993.81,-993.81,-993.81
1670.99,1728.23,1749.16,1748.66,1670.85,1740.59,1748.55,1747.62,1586.41
2738.19,2748.24,2720.17,2636.6,2645.86,2605.31,2741.49,2762.21,2457.77
2593.8,2893,2798.46,2806.56,2703.1,2771.44,2764.03,2748.43,2661.6
2964.39,2735.07,2867.55,2686.4,2755.76,2796.18,2768.91,2704.63,2720.44
2649.99,2776.96,2756.25,2959.99,2678.21,2668.51,2839.53,2686.1,2708.62
2350.43,2341.38,2308.33,2357.59,2283.79,2284.36,2402.01,2145.23,2319.55
1782.77,1764.25,1784.46,1830.4,1799.8,1848.34,1846.74,1799.84,1759.75
1763.05,1769.77,1738.05,1729.42,1686.06,1776.24,1776.5,1773.41,1779.24
1716.35,1748.88,1742.68,1763.64,1766,1690.46,1741.89,1763.83,1709.44
1786.9,1789.93,1723.31,1814,1689.54,1809.94,1838.63,1816.96,1808.98
1715.05,1695.83,1612.69,1624.4,1710.25,1600.7,1705.1,1714.21,1729.2
1664.93,1699.15,1779.6,1668.37,1718.65,1731.8,1776.43,1640.54,1690.38
-785.063,-793.576,765.003,-784.842,-812.213,-811.717,-814.134,-770.596,-785.57
-996.099,-996.086,-996.124,-996.161,-996.238,-996.093,-996.059,1219.14,-996.626
1736.8,1653.68,1682.36,1645.16,1662.34,1537.73,1644.51,1635.35,1656.27
2594.14,2602.19,2540.4,2540.44,2642.25,2626.99,2648.37,2630.28,2412.5
2733.28,2653.34,2600.34,2674.99,2813.14,2810.65,2772.93,2712.78,2810.53
2900.44,2713.84,2741.28,3000,3000,3000,3000,3000,3000
2728.49,2971.27,2956.37,2757.1,2945.64,2758.18,2818.9,2869.85,2703.56
2346.16,2397.41,2437.82,2234.25,2154.2,2381.36,2479.68,2346.35,2412.21
1928.34,1869.42,1937.37,1971.26,1943.49,1842.99,1866.94,1963.52,1864.3
1774.23,1748.21,1695.96,1741.55,1690.84,1763.46,1769.11,1777,1746.19
1611.23,1733.26,1734.3,1742.17,1573.65,1727.46,1691.16,1670.24,1743.35
1712.36,1768.96,1710.1,1762.57,1688.99,1573.59,1758.38,1725.71,1641.89
1669.95,1704.26,1724.51,1642.83,1573.16,1661.81,1720.56,1682.27,1624.43
1603.48,1591.51,1480.41,1621.08,1426.34,1598.86,1608.53,1621.75,1507.2
-27.7275,-201.528,642.249,-20.9647,-128.794,-38.9117,-43.0593,-21.8139,-46.7786
-1000,-1000,-1000,-1000,-1000,-1000,-1000,1121.99,-1000
1732.6,1512.42,1636.55,1668.87,1320.68,1715.84,1590.39,1666.26,1696.32
2897.29,2797.69,2829.9,2799.86,2736.79,2746.13,3000,3000,3000
2879.31,2896.98,2814.71,2941.13,2790.8,2741.76,2884.76,2641.14,3000
2796.39,2705.33,2850.67,2645.51,3000,3000,3000,3000,3000
2999.99,2994.36,2755.75,2806.88,2838.54,2825.12,2670.7,3000,3000
2501.61,2601.8,2767.58,2738.62,2797.6,2593.2,2780.32,2805.31,2772.99
1976.86,1956.8,1957.86,1933.93,1962.08,2027.52,1980.54,1910.26,1950.61
1793.96,1680.58,1684.72,1630.69,1567.98,1619.49,1647.26,1580.61,1681.73
1651.92,1712.44,1646.6,1694.31,1721.98,1710.65,1680.91,1642.34,1672.49
1645.39,1741.78,1769.31,1781.54,1708.3,1796.97,1617.34,1780.82,1750.46
1707.22,1796.51,1720.58,1678.24,1635.23,1779.78,1617.91,1760.08,1754.24
1684.94,1759.18,1813.25,1793.59,1163.66,1845.79,1701.08,1838.97,1857.04
-783.62,-781.472,-781.008,-785.869,-812.953,1514.94,-780.098,-780.098,-780.098
-1000,-1000,-1000,643.075,-1000,-1000,-1000,-1000,-1000
439.365,317.591,477.358,458.002,273.287,1550.12,357.443,473.739,404.18
2662.81,2625.24,2696.19,2752.68,2753.13,2580.7,2755.62,2493.04,2629.33
2964.24,2949.88,2838.79,2838.04,2751.36,3000,3000,3000,3000
2703.66,2835.11,2805.54,2729.76,3000,3000,3000,3000,3000
2932.14,2758.59,2897.27,2918.21,2711.36,2736.26,3000,3000,3000
2135.18,2284.06,2268.84,2350.38,2263.73,2304.44,2356.15,2321.15,2351.66
1865.26,1928.14,1862.89,1879.11,1867.02,1890.37,1927.1,1916.15,1771.19
1792.75,1753.14,1692.07,1801.32,1794.74,1800.74,1766.95,1625.5,1795.16
1720.5,1739.37,1723.2,1723.14,1719.59,1739.01,1687.99,1623.75,1735.22
1885.38,1900.19,1906.11,1877.35,1846.18,1890.79,1843.27,1885.31,1874.46
1572.08,1791.57,1800.8,1704.69,1597.5,1805.09,1819.82,1812.74,1809.34
629.565,616.49,627.788,612.782,625.857,629.86,596.02,588.271,1718.88
-946.51,-949.62,-951.001,-952.133,-951.803,1480.61,-951.402,-950.374,-952.053
-999.985,-999.985,-999.985,1154.33,-999.985,-999.985,-999.985,-999.985,-999.985
913.194,960.378,875.822,963.235,934.352,954.954,953.01,821.597,1589.25
2653.21,2743.27,2807.81,2669.59,2587.2,2798.14,2803.72,2653.21,2578.18
2761.34,2890.55,2833.21,2726.91,2597.2,2728.68,3000,3000,3000
2993.55,2900.17,2823.07,2833.06,2674.57,2740.36,3000,3000,3000
2658.07,2847.03,2838.03,2719,2841.13,2781.87,2740.99,2678.98,2741.88
2396,2354.75,2364.05,2355.18,2420.4,2340.94,2297.43,2429.07,2313.33
1724.47,1794.39,1735.3,1792.64,1531.42,1764.75,1736.49,1758.43,1772.44
1680.54,1677.53,1605.91,1718.11,1730.88,1693.69,1697.17,1708.02,1723.34
1701.03,1784.82,1758.99,1760.97,1619.11,1766.54,1775.91,1753.57,1767.37
1829.8,1832.58,1828.66,1827.96,1798.73,1861.64,1863.43,1840.97,1831.36
1870.15,1767.52,1882.07,1826.49,1839.83,1848.3,1831.6,1834.71,1887.24
36.3569,30.1497,33.2681,27.3268,34.9175,40.0611,16.5328,1692.32,39.1909
-1000,-1000,-1000,-1000,-1000,-1000,-1000,1268.04,-1000
-999.997,-999.997,-999.997,-999.997,-999.997,-999.997,-999.997,-999.997,1009.41
1864.03,1896.21,1873.96,1865.37,1898.84,1800.71,1864.42,1855.87,1891.93
2754.48,2614.84,2751.14,2826.64,2751.14,2615.28,2803.97,2808.99,2830.73
2987.3,2966.15,2915.83,2769.71,2775.4,2777.17,2602.93,2795.73,2776.74
2968.61,2862.75,2874.36,2829.59,2746.95,2772.62,2660.06,2737.34,3000
2814.96,2676.23,2731.55,2640.94,2615.89,2678.05,2618.64,2788.59,2818.83
2056.67,2122.88,2148.51,2082.82,2093.63,2133.26,1952.11,2056.59,2126.44
1688.88,1555.42,1692.22,1668.64,1692.86,1693.4,1803.47,1667.94,1682.3
1642.96,1652.22,1633.6,1662.07,1558.02,1610.47,1531.62,1658.11,1640.96
1761.2,1752.04,1758.8,1763.97,1743.59,1766.81,1755.24,1600.45,1749.29
1738.82,1734.56,1641.9,1748.78,1710.52,1742.71,1714.63,1712.54,1720.83
783.295,824.249,1026.38,1025.29,753.89,1028.73,1030.58,1020.96,1679.52
-990.601,1567.51,-990.634,-990.78,-991.898,-990.608,-991.781,-991.86,-990.667
1613.39,-920.346,-921.53,-923.137,-926.709,-925.019,-926.725,-928.603,-927.612
-657.023,-656.832,-707.938,-659.179,1626.39,-658.982,-656.979,-658.74,-658.451
578.992,557.07,570.875,579.399,570.663,579.239,552.296,1622.18,564.709
2448.44,2539.35,2533.71,2468.29,2521.43,2486.95,2364.72,2421.68,2514.79
2687.2,2678.38,2615.66,2598.89,2481.93,2750.56,2622.63,2746.3,2581.63
2627.03,2713.51,2729.96,2544.96,2632.86,2781.66,2671.78,2730.01,2643.56
2436.09,2721.73,2488.61,2665.09,2680.99,2590.8,2717.51,2657.36,2592.05
1944.07,1970.21,1966.91,1854.69,1883.19,1935.45,1793.54,2010.64,2034.5
1608.88,1613.62,1568.09,1622.41,1527.05,1644.82,1612.61,1588.89,1579.67
1636.78,1640.86,1649.41,1636.13,1573.76,1641.45,1567.68,1541.78,1608.23
1695.31,1698.23,1697.52,1623.71,1709.4,1706.2,1711.27,1616.59,1690.8
1687.14,1706.96,1715.88,1722.57,1709.17,1716.15,1724.15,1720.88,1720.75
1443.47,1717.82,1714.38,1695.72,1716.41,1716.71,1723.5,1718.16,1681.41
-644.154,-583.198,-598.604,-588.562,-583.905,-583.485,-587.744,1623,-583.263
-984.897,-984.918,-984.909,-984.914,-984.9,-984.891,1610.22,-984.888,-984.888
-681.413,-669.025,-665.923,1688.01,-708.6,-666.205,-668.83,-668.902,-666.968
-163.157,-161.466,-164.675,-161.188,-193.12,1666.88,-161.139,-161.139,-161.139
2631.66,2531.85,2540.57,2480.6,2501.1,2585.96,2624.43,2474.88,2530.24
2775.94,2744.86,2722.64,2701.63,2633.75,2671.91,2806.59,2826.34,2614.87
2565.49,2600.2,2538.37,2615.5,2597.64,2637.45,2580.39,2498.38,2552.13
2197.34,2307.08,2262.39,2341.48,2342.8,2288.79,2245.61,2324.09,2356.54
1790.39,1779.55,1800.1,1790.59,1747.11,1686.16,1815.8,1843.83,1848.98
1526.82,1586.6,1591.69,1582.45,1576.78,1570.22,1556.5,1579.08,1713.26
1604.66,1613.85,1625.95,1566.59,1617.56,1629.22,1645.62,1616.2,1625.35
1683.84,1654.81,1666.48,1677.23,1674.68,1662.1,1672.87,1656.68,1628.76
1399.75,1417.27,1421.35,1413.13,1399.26,1399.6,1406.97,1691.9,1372.02
-895.497,-908.311,1252.33,-895.416,-905.82,-895.83,-895.336,-910.536,-904.362
-1000,-1000,-1000,-1000,-1000,-1000,658.569,-1000,-1000
-999.981,-999.982,-999.982,1276.74,-999.981,-999.984,-999.981,-999.984,-999.981
611.83,494.502,605.973,608.709,610.856,612.03,1683.29,610.158,610.201
2135.63,2076.85,2139.35,2055.13,2088.73,2082.39,2085.1,2075.54,2124.4
2835.87,2966.78,2774.56,2966.97,2933.73,2901.36,2902.22,2890.61,2864.53
2977.66,2973,2894.19,2837.68,2802.93,3000,3000,3000,3000
2992.9,2973.56,2904.89,2835.82,3000,3000,3000,3000,3000
2617.48,2822.83,2806.01,2776.81,2724.53,2697.32,2831.06,2677.31,2695.46
2270.19,2323.14,2339.8,2299.47,2385.09,2401.45,2232.11,2343.67,2359.3
1708.2,1626.8,1601.02,1702.56,1719.83,1720.62,1717.53,1695.32,1728.88
1582.16,1649.03,1652.82,1665.17,1629.05,1656.88,1599.49,1592.35,1703.79
1708.31,1705.7,1702.2,1629.07,1712.36,1726.97,1640.49,1706.82,1723.06
1739.3,1734.3,1711.44,1718.28,1721.25,1730.23,1733.2,1736.97,1672.22
44.6236,1753.2,27.1488,45.6032,45.4688,45.9283,36.7087,46.0453,40.6824
-912.713,-919.14,-912.381,1491.37,-913.412,-924.938,-912.78,-925.348,-912.933
1710.03,-963.21,-963.264,-963.188,-963.202,-963.346,-963.191,-968.692,-963.246
-888.073,1159.85,-887.41,-887.41,-887.41,-887.41,-887.41,-887.41,-887.41
1452.99,1457.53,1432.73,1439.6,1210.27,1459.51,1445.43,1759.16,1422.8
2690.44,2694.04,2612.28,2533.4,2582.68,2755.79,2592.95,2782.67,2602.3
2886.78,2885.18,2885.95,2900.54,2870.15,2683.8,2794.38,2741.27,2699.18
2675.73,2520.82,2523.33,2519.51,2627.27,2680.86,2658.13,2568.43,2490.94
2653.7,2627.67,2526.58,2497.51,2537.66,2535.3,2524.49,2440.25,2502.87
1881.71,1888.3,1851.61,1817.68,1887.85,1907.15,1830.82,1874.83,1866.17
1706.57,1686.03,1651.3,1546.05,1682.41,1624.18,1666.05,1632.87,1677.5
1678.93,1717.1,1611.27,1578.45,1609.95,1618.86,1649.11,1677.39,1672.16
1717.01,1717.98,1715.53,1703.49,1720.47,1728.39,1704.05,1691.53,1689.1
1815.36,1812.02,1824.31,1824.79,1843.67,1777.43,1820.66,1756.2,1831.23
1889.65,1876.31,1907.31,1839.52,1882.47,1873.62,1893.68,1683.54,1832.99
631.838,634.716,624.64,632.027,530.418,600.995,1734.13,629.423,627.453
-953.944,-953.915,-954.095,-953.922,-954.007,-954.187,-954.062,-960.619,1594.7
1709.86,-813.916,-784.641,-784.542,-788.141,-784.988,-785.142,-786.978,-784.923
1551.66,1540.44,1541.23,1543.32,1538.19,1549.34,1738.88,1525.68,1552.07
2755.01,2835.8,2968.19,2976.05,2920.84,2942.82,2942.45,2794.91,2709.34
2975.78,2999.73,2991.19,2951.59,2913.55,2750.07,3000,3000,3000
2890.3,2795.82,2658.88,2753.36,3000,3000,3000,3000,3000
2775.31,2687.72,2634.58,2693.08,2825.59,2644.68,2821.38,2804.96,2713.85
2190.18,2141.36,2084.32,2243.34,2239.04,2273.39,2244.9,2174.68,2099.91
1712.16,1710,1730.65,1750.66,1704.93,1645.36,1751.47,1714.89,1707.04
1726.08,1698.06,1636.31,1662.89,1705.01,1673.14,1722.51,1706.29,1693.78
1738.24,1739.96,1733.46,1738.24,1740.38,1725.56,1727.13,1690.54,1712.19
1872.44,1869.01,1873.23,1877.06,1871.95,1862.93,1860.64,1872.6,1875.96
1787.52,1868.4,1859.27,1855.22,1762.9,1806.67,1871.73,1865.76,1866.7
1181.44,931.755,941.631,898.686,936.16,934.214,936.729,954.673,895.999
-988.003,-987.954,-988.001,1645.09,-987.976,-988.018,-987.945,-987.948,-989.715
-984.102,-982.492,1525.17,-982.347,-984.36,-984.597,-984.218,-984.538,-983.123
1398.7,1358.64,1584.17,1356.39,1305.96,1377.83,1393.43,1344.06,1351.73
2819.67,2527.85,2847.97,2806.81,2800.73,2723.65,2808.58,2711.24,2742.88
2996.88,2977.79,2929.86,2779.7,3000,3000,3000,3000,3000
2996.64,2971,2771.82,2719.14,2637.54,3000,3000,3000,3000
2718.45,2555.34,2751.07,2683.93,2717.21,2789.11,2816.37,2696.76,2785.35
2334.97,2371.93,2490.74,2500.94,2283.08,2508.36,2449.09,2266.06,2411.58
1836.9,1845.58,1849.01,1858.22,1810.11,1771.86,1853.4,1633.3,1771
1712.23,1750.32,1736.35,1723.41,1691.71,1732.21,1684.99,1609.9,1708.56
1746.2,1721.97,1753.04,1711.8,1689.41,1759.92,1755.39,1680.27,1754.41
1676.24,1646.18,1593.07,1594.77,1596.54,1623.95,1644.7,1639.25,1680.38
1790.78,1820.41,1835.6,1841.08,1830.34,1757.2,1851.01,1550.03,1833.72
1724.17,1740.08,1606.48,1755.34,1506.02,1763.3,1450.15,1400.13,1767.02
-924.7,883.733,-924.796,-927.103,-934.209,-924.61,-925.185,-925.971,-930.278
-995.065,-995.101,-995.089,-995.062,-995.068,-995.112,1610.63,-995.048,-995.048
576.547,540.524,669.074,574.479,492.441,509.264,568.917,577.066,571.609
2968.28,2935.12,2927.6,2831.45,2817.66,2745.07,2608.59,3000,3000
2860.51,2855.49,2733.84,2701.24,2764.33,2728.36,3000,3000,3000
3000,3000,3000,3000,3000,3000,3000,3000,3000
2725.36,2705.75,2713.05,3000,3000,3000,3000,3000,3000
2458.42,2538.26,2586.23,2706.94,2634.93,2737.17,2618.36,2726.63,2725.03
1988.31,1920.88,1966.39,1965.38,1300.36,2015.61,2016.69,1963.97,1980.76
1711.27,1797.26,1703.86,1793.26,1783.76,1692.78,1788.03,1590.84,1729.86
1751.88,1648.03,1649.44,1613.87,1491.81,1716.88,1692.26,1722.26,1672.77
1578.87,1790.13,1570,1580.3,1555.09,1580.46,1493.62,1291.36,1393.05
1577.33,1653.09,1676.53,1652.5,1418.24,1636.75,1658.74,1684.79,1724.73
1629.47,1541.08,1555.5,1633.96,1619.83,1488.88,1598.49,1510.65,1593.48
1046.03,1070.93,1111.83,1119,225.348,1092.99,1068.07,1051.99,1118.86
-1000,-1000,1204.88,-1000,-1000,-1000,-1000,-1000,-1000
1473.26,1468.95,1436.57,1223.46,1323.51,1226.42,1304.28,1471.24,1486.55
2829.65,2871.48,2713.21,2862.96,2694.98,2669.49,2749.94,3000,3000
2788.51,3000,3000,3000,3000,3000,3000,3000,3000
2792.44,2789.57,3000,3000,3000,3000,3000,3000,3000
2927.22,2789.74,3000,3000,3000,3000,3000,3000,3000
2844.27,2852.25,2802.52,2822.9,2756.28,2812.57,3000,3000,3000
2038.61,2069.46,2090.87,2093.08,2048.33,2108.49,2078.34,1957.99,1925.31
1665.37,1592.46,1737.98,1739.24,1716.48,1724.18,1656.27,1737.74,1734.05
1646.75,1804.78,1593.94,1602.65,1641.28,1640.47,1653.24,1629.96,1616.04
1619.58,1621.62,1624.32,1600.01,1645.56,1667.88,1666.51,1560.75,1673.84
1801.48,1744.68,1782.07,1799.18,1772.31,1783.49,1798.04,1731.19,1701.87
1789.08,1633.03,1769.4,1789.99,1315.52,1776.11,1770.89,1611.95,1801.73
-179.783,878.898,-171.406,-282.855,-286.312,-175.079,-203.457,-208.825,-232.339
-826.112,-840.42,1350.31,-824.078,-824.078,-824.078,-824.078,-824.078,-824.078
1064.91,993.59,1047.82,999.167,1004.95,1348.01,1046.89,1035.44,1029.74
2968.47,2857.4,2704.91,2753.31,2742.8,2742.73,3000,3000,3000
2836.2,2851.95,2712.72,2735.9,3000,3000,3000,3000,3000
2769.3,2756.77,2724.38,3000,3000,3000,3000,3000,3000
2903.61,2775.16,2719.83,2831.76,2662.82,3000,3000,3000,3000
2510.15,2627.77,2555.38,2420.99,2545.96,2498.94,2562.76,2590.77,2533.48
1965.56,1948.94,1881.21,1940.31,1908.83,1976.18,1950.58,1677.54,1975.92
1822.34,1524.16,1796.74,1811.86,1751.14,1742.84,1820.28,1646.02,1653.24
1716.81,1723.76,1741.88,1730.08,1536.58,1743.18,1694.66,1574.6,1756.4
1611.21,1638.25,1815.17,1809.24,1811.84,1795.35,1806,1814.11,1782.01
1050.78,821.739,1078.25,1087.08,957.92,1085.65,1088.73,819.361,1693.31
309.59,308.529,308.852,114.399,260.45,308.351,302.142,260.62,1237.61
604.163,616.45,625.159,638.365,392.889,637.561,607.643,586.548,1625.84
1139.8,850.666,920.854,935.825,967.902,922.943,927.257,939.284,964.708
1871.97,1804.97,1863,1889.33,1796.06,1904.91,1909.38,1857.42,1876.65
2805.13,2596.24,2733.11,2815.93,2807.39,2820.47,2796.42,2800.02,2708.2
2914.81,2835.14,2875.02,3000,3000,3000,3000,3000,3000
2752.65,2805.55,2800.59,2835.02,3000,3000,3000,3000,3000
2928.99,2878.99,2811.18,2770.76,2758.56,2775.68,2680.81,2687.67,3000
2410.45,2174.15,2336.11,2487.15,2450.87,2457.45,2437.13,2429.2,2437.89
1784.65,1771.27,1816.18,1906.91,1738.64,1806.15,1789.17,1758.14,1829.47
1634.76,1728.04,1756.87,1718.43,1370.92,1757.32,1668.89,1255.45,1748.42
1692.45,1735.59,1723.7,1729.61,1681.5,1706.08,1733.51,1709,1702.62
1751.27,1705.82,1703.89,1733.06,1731.06,1744.86,1768.38,1747.47,1751.62
1750.56,1746.42,1653.25,1424.66,1743.17,1747.42,1737.36,1743.09,1746.17
-911.767,-910.626,1635.58,-910.707,-912.74,-917.366,-923.438,-923.619,-910.949
-1000,919.678,-1000,-1000,-1000,-1000,-1000,-1000,-1000
-1000,-1000,-1000,-1000,838.344,-1000,-1000,-1000,-1000
939.66,1017.92,1710.81,1005.28,993.534,1019.28,893.251,1013.68,1011.36
2531.85,2590.25,2554.62,2512.55,2560.76,2520.88,2547.06,2648.98,2661.33
2855.56,2939.71,2819.61,3000,3000,3000,3000,3000,3000
2929.33,2949.15,2899.86,2811.37,3000,3000,3000,3000,3000
2998.38,2991.71,2936.84,2838.94,2803.74,2837.52,2734.67,2780.91,3000
2621.74,2590.75,2529.83,2346.71,2527.97,2570.75,2425.48,2572.33,2572.51
1666.05,1522.75,1694.96,1705.37,1665.18,1706.89,1645.92,1683.9,1702.18
1703.81,1743.01,1646.68,1672.86,1654.54,1685.3,1678,1617.07,1600.68
1709.08,1670.92,1710.04,1705.62,1746.89,1699.24,1693.39,1701.01,1709.94
1746.03,1738.88,1820.89,1676.42,1751.09,1746.08,1592.6,1716.95,1691.69
1030.21,929.355,1581.78,1025.82,746.43,812.641,1042.89,1034.74,1006.39
296.763,303.434,291.09,267.81,291.727,298.72,1596.22,109.534,294.416
-992.294,-992.284,-992.276,-992.287,-992.382,-992.28,-993.421,-992.271,1636.75
-999.93,-999.93,-999.929,-999.929,-999.929,-999.929,-999.937,-999.929,1572.5
-189.594,-218.772,1588.86,-190.63,-197.795,-192.8,-201.432,-181.301,-183.982
2722.43,2695.49,2644.09,2732.6,2764.27,2616.2,2736.66,2706.69,2702.15
2893.34,2703.49,2955.62,2874.99,2845.43,2823.61,2809.27,2764.44,2772.89
2977.66,2721.59,2949.87,2885.78,2899.91,2858.5,2862.46,2789.87,2748.53
2663.62,2625.25,2573.1,2666.54,2700.44,2672.59,2694.15,2618.87,2557.92
1879.56,2002.41,1970.62,2019.19,1975.18,2023.1,1947.93,1990.08,2010.03
1651.27,1631.53,1665.44,1626.88,1657.85,1672.13,1529.76,1588.25,1490.24
1514.07,1634.41,1545.27,1516.59,1578.11,1594.24,1551.86,1562.45,1580.66
1650.16,1669.5,1676.45,1653.94,1674.78,1664.52,1652.69,1673.78,1671.69
339.474,342.291,342.866,332.617,326.57,328.264,278.494,1664.68,157.438
-90.5995,-91.7031,-90.2231,1601.33,-214.386,-88.7152,-90.5142,-90.7947,-108.925
-999.577,-999.575,-999.575,-999.575,-999.58,-999.575,-999.576,-999.638,1658.61
-999.471,1671.83,-999.547,-999.469,-999.547,-999.547,-999.473,-999.527,-999.523
-999.826,-999.826,-999.826,-999.833,1417.74,-999.826,-999.826,-999.826,-999.826
1818.24,1834.29,1845.36,1846.32,1835.62,1838.32,1742.5,1841.75,1814.54
2319.55,2375.47,2386.79,2422.29,2450.79,2372.07,2477.9,2365.06,2311.58
2526.3,2369.08,2427.84,2495.34,2472.04,2471.95,2573.22,2567.56,2570.98
2636.3,2610.76,2564.39,2432.14,2519.7,2477.63,2513.21,2619.28,2630.21
2332.44,2336.89,2421.2,2363.69,2384.86,2417.26,2485.63,2383.74,2480.38
1810.96,1810.7,1807.91,1805.8,1814.93,1818.03,1791.91,1810.3,1812.45
1417.6,1634.73,1555.16,1592.91,1592.91,1596.26,1593.35,1590.68,1575.63
1573.72,1563.94,1681.13,1488.92,1514.61,1587.39,1565.11,1575.72,1578.05
1564.63,1683.51,1610.47,1587.9,1625.55,1628.1,1604.99,1612.91,1521.29
