Return	Episode_length
-635.807	150
-642.284	157
-656.816	152
-690.175	139
-690.108	141
-755.259	112
-732.15	111
-734.732	108
-769.182	91
-661.771	127
-760.424	85
-654.118	121
-897.359	36
-797.276	107
-662.133	126
-595.842	164
-575.221	177
-689.463	122
-671.752	147
-739.234	104
-800.004	74
-770.72	85
-680.997	151
-746.961	115
-763.091	89
-672.541	130
-635.257	161
-648.568	145
-676.251	137
-730.428	103
-670.274	149
-681.105	141
-717.005	119
-792.24	87
-625.733	154
-789.865	103
-832.834	81
-735.915	102
-819.159	87
-797.183	81
-615.343	167
-661.233	121
-661.532	140
-645.584	150
-687.022	123
352.456	804
-916.429	30
-641.935	157
-709.82	134
-727.61	130
-723.569	110
-580.526	175
-816.116	70
-602.895	180
-877.064	44
-891.826	42
-658.203	142
-640.024	149
-627.857	153
-638.465	151
-624.352	161
-660.096	125
-622.502	166
-643.972	144
-748.608	119
-915.904	33
-807.956	99
-642.076	139
-507.169	188
-602.587	155
-611.821	181
-658.99	143
-911.863	31
-593.545	165
-629.332	155
-622.577	153
-617.067	174
-611.742	161
-624.994	174
-649.661	156
-596.572	179
-615.978	169
-608.177	177
-604.447	177
-733.328	111
-636.796	149
-678.334	142
-596.437	170
-575.145	184
-590.892	175
-597.666	166
-612.558	157
-679.216	117
-581.744	183
-588.355	187
-593.754	175
-588.747	183
-594.957	181
-615.34	172
-601.321	171
-606.366	173
-598.021	185
-627.953	156
-654.528	133
-591.99	176
-615.519	168
-618.718	153
-563.647	183
-596.437	162
-727.414	118
-653.676	134
-697.259	122
-748.602	108
-818.005	63
-754.613	90
-591.189	165
-561.353	190
-572.126	176
-614.502	152
-550.111	200
-914.374	31
-720.758	110
-550.278	190
-572.464	175
-924.046	37
-566.796	187
-890.658	55
-863.882	74
-654.607	130
-628.37	183
-779.248	117
-931.921	28
-573.05	201
-598.637	182
-588.649	186
-594.655	189
-820.547	64
-766.438	84
-836.953	58
-609.929	178
-686.367	140
-920.63	29
-882.576	43
-575.577	197
-916.02	32
-604.007	179
-930.766	30
-932.186	28
-628.9	138
-758.917	156
-905.718	55
-838.614	70
-670.548	163
-872.034	48
-756.632	86
-761.472	90
-735.795	96
-734.197	119
-658.772	167
-650.348	151
-672.027	142
-790.115	97
-750.562	95
-929.648	26
-854.655	52
-757.826	93
-928.7	27
-696.283	120
-621.141	175
-488.531	225
-699.18	142
-479.296	252
-694.126	115
-645.973	166
-478.921	242
-692.887	132
-545.801	196
-626.598	154
-727.973	128
-722.997	130
-685.811	173
-689.932	142
-895.322	42
-761.514	91
-676.496	145
-843.009	63
-832.323	89
-770.831	97
-821.935	103
-856.264	92
-737.36	119
-632.713	143
-910.803	45
-901.278	42
-893.991	48
-614.11	145
-659.358	177
-771.216	100
-870.149	70
-809.917	94
-793.361	102
-828.051	84
-765.402	117
-698.967	152
-835.18	86
-695.425	171
-902.729	40
-827.451	75
-736.508	116
-854.873	87
-776.127	92
-876.31	46
-891.805	41
-747.578	134
-884.67	93
-598.073	193
-655.531	142
-924.913	29
-678.449	148
-925.49	28
-789.645	80
-926.932	29
-922.197	35
-849.682	92
-833.442	110
-705.819	134
-645.52	183
-877.735	48
-661.656	147
-721.567	128
-694.741	168
-715.881	156
-828.013	86
-771	87
-745.157	107
-734.753	128
-852.56	83
-730.541	110
-877.427	70
-724.418	108
-858.421	81
-750.746	100
-890.574	77
-935.695	46
-726.293	117
-935.821	46
-729.12	127
-914.562	62
-893.433	78
-712.683	126
-805.886	86
-817.039	90
-928.008	30
-684.21	142
-622.731	162
-767.931	143
-712.902	140
-618.809	144
-840.087	76
-769.645	92
-651.771	132
-696.023	141
-647.418	154
-754.088	129
-653.453	156
-631.158	169
-677.507	144
-615.566	167
-734.607	110
-738.851	103
-903.26	38
-575.284	182
-811.632	88
-694.629	168
-682.29	135
-867.805	51
-641.795	156
-918.549	30
-669.549	128
-837.839	71
-579.494	189
-697.251	115
-902.887	43
-899.714	41
-760.83	96
-866.209	54
-722.639	125
-903.585	79
-792.815	88
-650.911	166
-930.331	40
-929.637	36
-716.787	126
-659.936	141
-626.829	177
-826.187	85
-804.697	73
-696.756	121
-924.722	29
-903.772	69
-842.577	103
-928.519	34
-827.274	68
-682.528	143
-860.855	82
-713.794	132
-700.976	152
-778.002	116
-830.085	130
-654.783	159
-884.957	78
-924.303	85
-926.623	68
-923.192	81
-904.985	43
-810.17	118
-862.065	102
-807.946	84
-859.58	56
-784.736	120
-921.054	32
-924.407	31
-634.791	158
-774.353	89
-772.015	93
-921.918	34
-880.487	62
-744.848	132
-859.633	62
-894.927	61
-840.704	77
-846.992	74
-784.827	110
-906.525	58
-891.176	87
-831.803	62
-792.053	77
-914.186	54
-924.381	38
-931.268	60
-862.765	56
-869.681	83
-926.562	50
-736.967	107
-699.492	148
-824.812	85
-919.912	31
-582.354	170
-686.908	149
-862.664	66
-768.882	117
-876.768	54
-853.458	74
-662.299	142
-907.275	37
-807.32	77
-623.034	172
-779.119	123
-898.428	45
-562.604	198
-931.839	27
-919.956	30
-681.584	120
-695.013	141
-697.923	177
-857.877	62
-891.428	45
-887.289	49
-663.795	139
-570.468	189
-771.328	86
-887.173	41
-821.714	66
-878.122	67
-896.789	42
-719.112	126
-578.279	172
-709.609	123
-844.012	58
-736.718	103
-752.617	107
-847.489	56
-714.422	114
-589.85	176
-808.62	105
-926.092	29
-821.183	64
-730.958	103
-776.853	81
-679.419	137
-783.568	100
-592.314	182
-900.108	42
-899.674	41
-741.418	124
-653.203	160
-782.255	110
-715.184	118
-805.278	91
-697.702	138
-828.424	70
-831.949	66
-754.721	96
-652.717	160
-659.812	153
-828.495	88
-593.707	185
-748.498	122
-875.147	50
-921.505	32
-798.058	104
-666.372	150
-627.811	167
-908.877	37
-876.314	58
-927.464	30
-887.083	58
-741.028	120
-748.756	122
-820.769	79
-845.429	79
-805.387	101
-901.032	39
-637.437	162
-893.484	44
-892.387	45
-838.118	81
-889.615	41
-729.128	128
-878.248	59
-893.229	65
-824.343	88
-897.657	44
-744.242	103
-783.887	117
-870.768	55
-724.537	137
-671.762	138
-875.856	46
-654.427	169
-892.088	78
-894.524	40
-904.862	43
-824.196	67
-874.31	53
-892.395	59
-691.081	125
-846.423	103
-913.945	36
-829.602	97
-740.25	107
-844.007	56
-687.087	128
-710.174	112
-785.766	77
-904.304	50
-812.667	80
-850.668	72
-803.773	103
-932.604	53
-713.864	116
-751.924	130
-756.869	137
-861.716	103
-913.675	47
-919.114	65
-549.415	187
-898.396	68
-906.517	75
-806.747	70
-670.602	135
-856.819	111
-672.543	154
-889.337	93
-668.223	158
-858.605	102
-885.65	88
-688.422	143
-906.862	67
-888.362	84
-931.441	74
-736.457	96
-932.613	55
-932.583	55
-902.605	64
-876.296	88
-881.078	46
-830.464	70
-868.372	48
-876.033	51
-714.183	132
-685.892	126
-702.335	116
-680.541	126
-682.901	139
-821.034	74
-569.629	182
-726.39	131
-843.22	68
-696.678	129
-718.724	142
-889.383	44
-634.253	161
-824.458	89
-762.568	120
-869.868	56
-650.805	160
-657.646	140
-626.513	171
-917.009	32
-703.598	124
-672.877	153
-864.438	57
-817.918	65
-910.636	35
-875.101	61
-590.782	186
-633.863	152
-910.433	38
-746.024	99
-912.756	75
-823.06	99
-872.105	82
-773.327	120
-697.61	142
-719.75	131
-873.646	53
-799.161	112
-829.352	98
-902.269	38
-808.193	98
-757.623	129
-882.153	53
-787.531	112
-814.725	117
-832.356	79
-684.32	138
-797.313	97
-913.595	64
-849.696	71
-811.002	94
-647.402	142
-776.984	111
-768.048	120
-697.907	140
-804.867	105
-816.559	127
-707.516	148
-732.413	133
-764.796	114
-761.849	122
-716.277	137
-740.315	140
-770.353	102
-797.013	107
-777.276	119
-738.489	126
-784.059	116
-790.326	110
-772.243	111
-819.933	90
-770.013	113
-755.546	122
-754.587	123
-759.628	126
-820.725	95
-771.122	108
-719.301	138
-827.233	77
-766.243	108
-747.23	127
-765.861	109
-736.889	133
-750.454	125
-744.909	123
-781.796	124
-765.903	122
-735.147	130
-696.913	145
-847.786	74
-640.321	165
-835.135	89
-717.216	115
-693.773	143
-790.635	87
-665.263	152
-761.728	116
-878.952	49
-684.972	142
-908.259	37
-713.303	118
-874.361	61
-594.997	161
-739.662	110
-616.837	167
-766.34	89
-673.325	132
-617.783	183
-662.511	167
-686.136	136
-636.81	165
-635.731	161
-887.304	42
-685.888	134
-799.767	80
-535.774	201
-832.687	68
-668.627	152
-878.06	45
-889.818	41
-678.338	144
-665.426	134
-759.371	133
-666.6	155
-866.728	66
-825.754	94
-866.662	86
-930.138	29
-647.803	172
-716.906	126
-721.249	109
-881.869	60
-627.738	144
-749.226	117
-669.108	149
-703.986	142
-730.878	115
-722.123	127
-724.189	144
-631.226	170
-759.995	93
-642.988	149
-711.133	142
-920.842	32
-895.803	40
-810.158	93
-880.423	76
-619.589	164
-861.551	74
-925.848	30
-672.232	147
-930.79	40
-712.306	113
-841.045	65
-812.925	76
-733.419	140
-882.572	66
-905.965	43
-911.777	42
-886.589	55
-586.828	181
-897.023	42
-707.524	129
-643.741	169
-629.231	167
-663.69	149
-636.283	147
-662.689	144
-590.515	202
-789.285	101
-912.747	35
-744.788	108
-919.988	33
-565.177	180
-868.458	55
-837.593	87
-918.818	39
-844.33	58
-659.907	132
-913.128	33
-619.437	169
-771.436	114
-865.052	60
-580.13	183
-759.76	114
-552.698	199
-920.44	39
-793.872	98
-785.339	90
-645.622	155
-651.79	158
-917.032	33
-872.223	58
-686.755	129
-645.3	154
-708.126	138
-736.157	127
-661.007	153
-719.993	120
-841.202	101
-816.915	82
-704.537	127
-746.061	137
-792.356	92
-919.323	30
-743.021	115
-873.619	52
-636.795	149
-888.542	56
-721.306	125
-572.246	184
-670.06	128
-929.784	46
-512.671	215
-572.542	202
-785.295	105
-793.076	111
-863.623	89
-717.715	131
-643.306	146
-826.472	75
-734.606	107
-794.271	84
-822.932	84
-714.943	142
-574.658	196
-813.41	77
-760.195	124
-878.764	66
-921.349	32
-902.114	43
-922.206	59
-863.9	66
-930.978	46
-704.764	151
-791.294	130
-850.307	75
-763.091	135
-858.888	64
-645.384	161
-928.794	46
-726.473	120
-766.841	135
-810.265	95
-850.9	59
-795.151	97
-643.435	157
-632.229	168
-618.815	151
-928.185	43
-921.04	53
-632.031	152
-554.607	202
-659.468	155
-701.652	133
-857.374	66
-819.889	80
-889.556	89
-741.435	133
-929.354	61
-712.506	140
-611.489	187
-757.193	118
-825.416	80
-737.304	121
-688.582	121
-743.253	99
-738.666	112
-734.284	113
-828.33	85
-830.773	109
-756.708	133
-674.465	163
-654.472	137
-612.564	186
-799.633	99
-772.455	95
-844.272	64
-905.809	35
-723.165	123
-902.707	37
-726.087	125
-665.084	144
-533.239	204
-683.575	136
-593.427	173
-795.76	98
-875.965	51
-652.43	163
-713.63	142
-930.088	32
-874.109	51
-531.994	206
-672.813	160
-772.348	123
-721.873	143
-665.944	153
-753.781	119
-679.892	125
-687.727	146
-797.627	95
-788.116	78
-763.63	111
-670.567	140
-725.166	117
-894.995	63
-862.092	58
-755.727	96
-622.513	155
-909.085	106
-625.578	158
-845.951	103
-802.467	90
-809.501	107
-824.851	97
-891.937	40
-894.696	78
-797.853	75
-661.008	149
-737.433	121
-804.268	105
-875.175	92
-904.956	43
-789.05	98
-785.027	108
-715.568	120
-552.971	179
-683.276	146
-839.041	67
-871.721	74
-583.797	199
-641.86	173
-678.505	135
-617.456	163
-680.796	128
-918.119	31
-704.196	125
-671.471	145
-642.682	139
-678.269	146
-568.148	151
-917.418	33
-654.648	137
-914.323	32
-787.383	110
-706.399	158
-647.966	151
-853.165	83
-760.628	127
-837.386	79
-713.509	120
-680.762	132
-527.39	208
-600.966	181
-795.587	116
-646.617	189
-607.494	157
-507.656	227
-748.058	120
-685.947	148
-658.507	155
-580.762	191
-613.171	170
-443.01	246
-426.965	237
-649.937	172
-757.607	113
-576.277	191
-544.782	175
-638.978	172
-803.425	78
-583.533	171
-772.323	92
-789.629	91
-414.104	261
-475.101	225
-585.333	182
-732.076	134
-688.35	125
-640.999	154
-759.913	92
-638.039	146
-589.998	192
-703.061	167
-668.699	151
-594.131	186
-639.297	153
-636.416	162
-709.365	148
-656.294	179
-418.589	272
-731.169	168
-625.569	159
-642.459	164
-759.213	118
-748.75	130
-555.824	222
-700.308	153
-758.033	161
-703.307	147
-728.592	177
-715.147	163
-580.927	198
-598.158	183
-617.48	173
-766.119	109
-693.709	154
-716.307	177
-554.429	188
-853.649	61
-669.588	212
-623.701	168
-868.021	62
-621.294	177
-739.742	126
-801.937	130
-774.273	118
-737.328	136
-558.482	188
-593.813	252
-754.782	113
-871.484	70
-762.981	143
-707.805	135
-659.084	171
-836.785	84
-726.028	110
-681.074	158
-662.741	150
-644.902	173
-798.731	104
-814.324	120
-609.529	167
-702.428	133
-601.363	196
-845.545	71
-668.902	185
-681.783	142
-716.504	165
-707.459	149
-672.607	164
-850.93	96
-713.709	143
-911.156	77
-797.871	101
-694.418	148
-829.223	98
-918.736	45
-838.606	82
-900.105	111
-759.657	141
-907.136	66
-782.312	95
-836.472	74
-742.175	131
-771.703	105
-915.14	70
-636.074	164
-614.389	168
-790.43	106
-677.688	150
-834.471	84
-595.916	180
-814.217	99
-834.773	80
-850.562	85
-765.853	107
-815.422	85
-780.503	94
-678.672	125
-853.274	63
-614.271	176
-561.913	199
-807.763	88
-691.616	128
-734.3	119
-698.472	143
-738.938	158
-663.582	160
-876.934	53
-765.753	109
-564.453	190
-754.262	127
-631.053	187
-673.017	134
-797.579	94
-818.128	75
-778.099	91
-693.889	144
-558.006	187
-658.858	143
-719.22	124
-653.054	156
-653.024	158
-663.137	163
-715.192	165
-709.553	135
-544.855	219
-657.729	157
-732.723	108
-624.358	179
-652.866	166
-707.83	137
-874.016	49
-862.184	100
-664.057	156
-724.892	109
-731.775	158
-657.618	216
-913.682	60
-784.968	102
-829.111	125
-837.674	106
-871.853	75
-743.531	152
-794.478	95
-745.43	139
-894.402	86
-798.725	157
-793.835	126
-867.009	82
-829.759	101
-757.134	134
-920.417	58
-805.681	122
-801.538	78
-634.972	164
-749.534	125
-668.111	175
-729.214	155
-714.716	160
-690.301	151
-749.72	107
-693.41	155
-814.912	100
-797.195	95
-908.833	108
-927.906	62
-840.752	98
-739	130
-758.412	115
-653.505	169
-813.325	115
-747.416	141
-624.57	187
-576.279	250
-824.015	77
-851.096	64
-863.223	113
-650.381	175
-878.005	105
-898.55	90
-797.782	103
-806.661	112
-574.715	179
-836.648	100
-918.595	61
-616.202	160
-785.262	99
-870.55	57
-867.649	64
-894.45	38
-714.417	132
-755.963	126
-521.041	218
-832.168	70
-777.637	90
-671.618	158
-511.309	208
-728.667	104
-688.078	139
-599.788	167
-640.832	183
-596.712	193
-624.551	175
-525.321	208
-601.581	201
-577.102	181
-621.333	181
-667.968	172
-506.512	217
-501.276	238
-600.004	171
-608.933	173
-697.028	126
-514.76	230
-540.937	226
-526.908	216
-577.341	177
-643.877	149
-603.489	174
-581.601	197
-573.988	183
-686.538	141
-523.396	215
-507.125	228
-776.444	117
-599.982	194
-542.625	213
-543.356	206
-558.635	206
-592.613	176
-520.716	209
-555.321	202
-628.203	160
-564.583	196
-842.407	83
-768.532	126
-729.43	130
-818.003	120
-843.256	86
-826.42	90
-645.606	173
-714.647	159
-618.049	153
-814.351	87
-539.966	198
-650.749	145
-903.448	63
-819.997	97
-929.257	42
-627.145	149
-666.295	131
-647.668	133
-467.154	253
-613.81	171
-480.497	238
-890.345	85
-903.504	40
-733.724	136
-625.939	148
-625.814	153
-579.251	206
-762.692	105
-612.379	173
-742.129	128
-740.37	100
-641.868	189
-826.335	147
-640.306	160
-665.592	136
-856.321	51
-728.615	119
-656.218	157
-536.071	232
-851.496	71
-827.969	88
-811.4	88
-909.501	35
-868.174	69
-842.496	90
-835.938	96
-625.83	154
-617.635	170
-655.958	129
-592.193	172
-890.956	79
-923.002	65
-558.986	208
-800.473	111
-792.871	111
-809.26	102
-820.288	96
-783.869	108
-928.858	49
-807.384	104
-702.49	152
-639.383	158
-793.687	116
-579.935	197
-827.818	103
-589.003	184
-816.683	103
-796.766	140
-659.798	147
-883.847	81
-636.315	149
-818.279	121
-795.514	89
-894.921	66
-716.298	116
-616.758	167
-765.215	135
-798.666	113
-674.878	149
-728.974	145
-923.711	74
-929.566	42
-757.51	118
-859.359	60
-658.755	153
-792.025	102
-710.182	114
-847.39	73
-826.35	103
-632.819	193
-683.467	124
-843.625	65
-765.593	90
-882.767	80
-806.318	97
-651.656	144
-912.557	41
-895.427	45
-812.37	71
-793.589	87
-701.371	123
-841.481	64
-920.809	30
-742.635	112
-681.527	143
-843.699	73
-701.295	138
-822.862	69
-773.631	121
-780.501	113
-736.719	129
-916.356	35
-774.43	108
-801.826	100
-757.236	131
-869.238	91
-855.407	67
-924.735	33
-833.313	77
-824.852	93
-913.118	39
-781.86	100
-733.1	159
-737.522	113
-888.691	68
-755.047	117
-920.365	52
-812.626	103
-756.666	113
-696.251	126
-532.47	192
-798.719	74
-875.66	53
-820.277	65
-597.433	170
-615.677	188
-772.501	121
-644.456	157
-618.709	171
-821.619	89
-798.144	111
-668.952	140
-669.494	162
-929.608	56
-650.581	160
-616.37	165
-639.453	150
-843.741	71
-633.195	143
-625.603	165
-592.367	180
-652.003	150
-587.223	190
-607.592	155
-732.686	105
-722.761	136
-640.333	185
-503.758	241
-692.479	159
-905.019	39
-695.634	136
-668.466	162
-800.794	80
-807.647	105
-766.792	128
-845.611	70
-709.587	138
-532.659	183
-804.22	91
-701.105	117
-596.029	181
-582.716	180
-775.508	109
-922.734	33
-521.547	202
-611.743	184
-795.551	90
-569.198	196
-567.09	189
-591.217	195
-601.27	187
-793.648	97
-789.33	132
-808.533	106
-844.269	76
-715.212	150
-859.128	62
-890.98	49
-830.212	77
-667.753	141
-795.365	97
-765.145	135
-839.995	74
-626.586	164
-656.554	162
-818.781	81
-911.297	39
-816.214	91
-667.562	178
-898.77	52
-774.348	131
-692.65	138
-830.765	66
-923.726	32
-706.439	135
-791.995	107
-816.189	87
-827.261	64
-833.85	71
-633.818	175
-789.012	104
-670.245	154
-780.88	115
-928.569	26
-895.828	48
-756.284	126
-589.184	178
-918.746	38
-813.447	87
-820.001	85
-835.591	79
-744.981	160
-881.299	51
-726.309	127
-665.087	135
-741.445	133
-886.284	46
-811.982	97
-631.881	161
-789.657	100
-734.516	107
-560.106	198
-759.116	114
-719.722	128
-594.781	192
-706.744	116
-646	179
-687.98	192
-634.874	174
-631.98	193
-678.146	129
-588.157	163
-780.534	111
-879.831	87
-538.14	215
-779.86	109
-746.572	138
-471.437	229
-808.03	81
-765.01	124
-718.26	138
-811.885	96
-819.949	75
-481.236	227
-849.876	82
-919.189	36
-755.079	103
-710.183	176
-417.794	215
-836.156	70
-823.792	78
-762.587	123
-872.335	84
-655.422	161
-793.151	116
-865.706	54
-825.566	84
-633.84	221
-830.46	67
-762.511	95
-620.752	160
-796.636	111
-742.873	134
-654.612	152
-776.639	130
-817.086	90
-807.852	121
-802.625	103
-916.214	52
-929.087	47
-833.533	106
-804.804	95
-443.898	253
-822.305	107
-650.665	150
-535.954	194
-881.342	57
-916.597	34
-523.523	193
-824.854	83
-619.761	163
-679.705	145
-179.964	379
-823.832	77
-751.431	136
-864.955	53
-864.304	58
-836.604	61
-707.308	118
-800.435	86
-834.127	75
-891.438	46
-742.792	146
-906.83	53
-870.471	66
-803.427	86
-871.04	67
-769.168	129
-785.123	100
-801.737	131
-780.791	103
-890.57	67
-862.445	84
-860.168	66
-793.7	98
-875.596	62
-795.766	105
-816.514	90
-750.115	126
-856.603	63
-812.47	91
-830.696	88
-577.271	202
-780.31	113
-916.664	55
-840.161	80
-912.552	60
-926.795	59
-922.18	35
-903.408	48
-914.471	48
-862.152	93
-866.46	87
-906.038	65
-867.348	66
-931.166	50
-861.499	83
-871.559	87
-902.342	69
-930.731	48
-891.555	60
-917.724	65
-928.909	55
-928.155	41
-922.17	63
-920.762	35
-862.807	95
-863.098	64
-918.652	47
-684.908	124
-842.061	99
-740.134	121
-661.177	181
-851.236	84
-570.114	198
-734.206	145
-829.894	72
-782.12	126
-805.256	97
-844.261	83
-822.298	80
-904.013	48
-862.555	64
-844.923	93
-927.138	51
-809.318	118
-860.698	82
-769.312	108
-886.66	79
-673.362	142
-854.973	97
-739.688	137
-865.032	96
-855.541	61
-897.602	52
-714.472	124
-927.996	54
-789.612	114
-854.975	63
-791.68	105
-870.857	70
-840.026	105
-793.445	104
-788.852	85
-751.514	126
-818.188	80
-865.581	102
-839.992	102
-777.592	94
-858.906	80
-827.273	77
-798.496	100
-761.391	128
-607.287	169
-836.168	82
-736.029	113
-886.059	45
-863.909	117
-873.404	52
-924.148	68
-924.42	66
-886.026	87
-930.57	50
-785.966	115
-696.512	140
-893.012	40
-725.049	123
-843.459	89
-873.596	69
-925.427	34
-923.093	33
-859.33	78
-748.259	133
-906.793	43
-678.395	145
-746.989	127
-766.949	116
-883.42	47
-813.896	83
-801.641	81
-812.497	94
-821.212	111
-619.807	162
-868.883	49
-683.491	127
-693.481	134
-632.102	163
-859.346	50
-858.113	122
-783.055	85
-779.128	89
-629.768	169
-643.409	142
-561.635	181
-784.605	90
-690.377	142
-817.714	102
-724.224	117
-802.828	77
-701.944	122
-642.809	138
-648.116	147
-594.793	175
-792.119	91
-559.19	202
-848.718	56
-751.266	101
-867.72	74
-706.795	136
-827.273	91
-726.621	112
-690.322	148
-773.819	109
-685.64	147
-811.102	75
-707.264	114
-729.451	126
-720.815	111
-704.441	165
-652.832	144
-772.513	100
-717.881	124
-775.884	103
-715.006	128
-845.005	98
-901.874	42
-849.143	67
-743.673	91
-652.037	170
-806.903	88
-735.317	144
-714.386	111
-879.154	55
-808.278	103
-861.733	78
-850.575	79
-657.804	172
-869.386	84
-867.909	65
-660.964	145
-890.582	65
-881.516	59
-649.747	167
-572.793	183
-742.552	118
-603.642	177
-606.983	184
-783.022	118
-676.307	154
-689.902	147
-637.174	163
-748.525	119
-635.453	154
-658.138	146
-652.578	138
-595.404	162
-614.567	162
-734.723	120
-689.189	124
-733.182	119
-566.491	162
-564.614	167
-644.256	160
-755.185	130
-658.165	159
-663.327	124
-653.923	126
-731.802	117
-724.178	121
-657.018	129
-668.371	159
-779.928	117
-524.164	201
-799.219	82
-406.435	248
-664.231	145
-603.012	161
-700.435	153
-646.348	162
-687.198	130
-576.194	189
-582.432	160
-636.039	154
-462.537	242
-834.249	80
-713.691	151
-853.394	57
-669.514	138
-569.025	204
-781.322	131
-869.739	90
-901.16	38
-603.044	200
-637.098	173
-743.908	140
-668.961	203
-805.702	89
-817.595	72
-554.058	194
-662.871	132
-835.333	63
-627.395	140
-609.003	184
-618.584	174
-546.342	207
-542.204	183
-888.751	43
-725.915	111
-569.574	204
-781.622	79
-667.519	164
-614.729	156
-878.194	50
-637.159	168
-822.615	68
-680.066	139
-602.983	187
-747.447	113
-706.669	124
-735.392	116
-859.377	56
-777.538	104
-706.596	126
-724.838	124
-859.318	66
-634.929	143
-894.402	50
-824.329	80
-766.69	132
-889.299	44
-866.428	68
-807.558	97
-708.751	142
-706.947	135
-685.194	146
-902.206	43
-740.359	111
-828.961	80
-686.838	156
-856.405	68
-912.307	39
-698.208	132
-848.742	76
-830.203	62
-723.275	123
-878.447	45
-620.084	164
-673.267	151
-639.78	154
-807.183	95
-784.415	88
-744.205	119
-679.967	135
-914.204	34
-664.446	132
-713.575	120
-880.424	50
-577.7	161
-910.415	35
-683.993	140
-633.853	169
-791.796	88
-743.413	106
-734.82	121
-750.431	113
-663.1	161
-861.96	54
-726.5	106
-699.122	183
-738.839	114
-632.291	179
-757.873	125
-733.317	129
-733.834	126
-760.239	120
-688.047	151
-821.789	79
-749.241	108
-714.634	126
-645.031	153
-562.447	189
-762.832	119
-806.322	97
-865.763	51
-638.816	166
-752.211	87
-699.181	112
-592.628	176
-691.12	147
-759.059	113
-770.954	128
-886.142	51
-876.349	52
-837.958	106
-739.536	96
-830.781	71
-700.36	151
-844.793	72
-588.418	189
-830.593	73
-621.678	176
-832.01	104
-717.384	122
-696.706	138
-852.651	65
-882.122	52
-815.37	81
-655.332	159
-868.368	56
-790.778	100
-777.837	120
-723.427	114
-687.142	155
-654.687	155
-610.982	181
-825.056	66
-771.279	144
-767.197	100
-753.532	128
-672.557	136
-753.749	121
-768.182	124
-852.747	97
-761.622	105
-728.705	139
-732.03	118
-715.675	163
-710.133	134
-780.341	100
-785.594	100
-786.322	107
-859.024	58
-751.746	122
-744.303	124
-733.245	118
-777.701	99
-772.12	107
-742.425	122
-761.15	118
-760.263	133
-784.599	112
-761.964	108
-735.391	129
-704.436	140
-777.337	108
-772.518	120
-717.322	148
-801.191	90
-856.464	56
-759.585	122
-833.627	90
-869.611	56
-881.703	50
-825.755	90
-742.84	142
-672.14	195
-730.375	130
-745.147	105
-733.744	138
-756.824	94
-768.692	114
-785.581	103
-794.027	112
-815.285	90
-767.275	124
-745.631	137
-738.545	127
-792.734	105
-728.269	135
-745.676	127
-743	127
-789.711	95
-753.969	123
-760.079	108
-759.316	115
-750.784	136
-631.601	153
-700.446	154
-746.744	131
-794.636	119
-754.13	135
-798.334	111
-779.066	120
-834.986	102
-821.556	105
-759.062	113
-693.451	124
-764.316	99
-678.901	177
-560.488	205
-616.02	200
-713.851	125
-571.739	219
-645.148	177
-580.218	197
-542.697	212
-701.245	156
-722.328	111
-645.268	154
-729.854	125
-693.152	135
-636.105	158
-618.394	165
-670.026	160
-726.579	122
-574.186	202
-301.499	301
-605.95	154
-747.795	108
-818.704	95
-700.261	119
-718.333	110
-663.499	148
-596.13	160
-749.484	109
-633.581	162
-654.741	163
-924.509	32
-733.577	131
-732.198	118
-628.772	183
-817.752	81
-889.651	51
-623.859	149
-852.146	65
-872.338	46
-591.625	191
-760.605	103
-850.896	73
-737.877	119
-868.007	58
-800.472	69
-580.561	190
-806.792	88
-798.168	76
-880.474	46
-808.743	92
-907.143	37
-706.921	137
-899.399	49
-770.926	100
-811.354	87
-783.346	103
-772.187	103
-796.267	115
-800.891	87
-800.542	86
-793.371	105
-902.79	40
-744.528	117
-615.181	184
-840.852	68
-899.917	42
-802.323	96
-778.671	119
-774.842	112
-827.569	93
-837.375	75
-919.423	42
-843.562	73
-813.929	99
-880.059	57
-753.575	128
-810.033	125
-818.863	106
-806.811	89
-812.381	91
-749.357	124
-811.958	109
-800.318	100
-733.444	130
-752.273	119
-824.146	105
-794.564	115
-894.675	53
-748.924	149
-824.566	84
-878.783	57
-906.266	49
-806.479	110
-781.852	106
-772.407	116
-782.709	112
-799.922	94
-796.926	93
-767.891	105
-924.256	33
-784.277	111
-824.648	83
-826.112	82
-849.806	63
-817.298	84
-803.003	91
-828.149	101
-792.094	99
-819.795	96
-737.861	148
-806.202	122
-788.063	117
-826.491	75
-799.505	106
-804.687	98
-803.424	121
-812.403	108
-804.753	98
-844.737	65
-806.724	109
-875.64	56
-808.285	91
-815.95	91
-872.816	58
-635.741	173
-913.363	41
-870.468	55
-807.04	104
-838.662	84
-926.39	30
-603.433	174
-832.684	89
-669.102	146
-655.694	145
-631.224	163
-680.241	132
-861.551	76
-896.66	46
-779.764	115
-782.765	111
-753.399	137
-805.101	98
-875.284	53
-804.39	97
-446.928	239
-876.64	52
-779.126	109
-797.892	104
-888.44	45
-865.071	59
-832.399	78
-807.244	102
-750.158	135
-813.758	82
-836.513	98
-814.261	94
-740.852	138
-824.596	79
-854.064	94
-759.977	123
-748.35	127
-793.544	111
-840.911	75
-840.478	68
-780.632	108
-708.192	123
-753.259	127
-738.788	134
-775.677	115
-828.099	96
-879.332	60
-848.206	70
-826.382	89
-782.89	122
-754.736	115
-870.695	54
-889.962	79
-800.544	105
-836.49	71
-792.399	101
-852.923	91
-749.296	120
-774.831	112
-765.88	128
-818.984	106
-895.769	43
-775.383	126
-795.639	107
-834.202	120
-727.138	135
-778.246	118
-769.96	104
-929.5	47
-586.01	175
-893.834	48
-746.83	144
-692.421	172
-865.751	67
-858.277	66
-857.993	56
-705.497	147
-798.134	125
-773.032	123
-843.176	68
-904.018	40
-753.831	127
-777.705	122
-812.787	129
-801.789	93
-859.483	66
-715.133	146
-864.457	97
-833.036	91
-778.544	107
-787.33	115
-919.393	36
-790.095	93
-790.123	110
-801.27	96
-805.519	88
-806.414	96
-770.045	113
-625.944	171
-634.332	144
-711.086	164
-661.636	173
-744.983	123
-793.318	117
-901.529	43
-810.835	106
-776.249	121
-920.656	43
-759.154	133
-796.502	120
-745.918	132
-910.441	46
-737.504	124
-763.847	123
-779.304	136
-689.163	138
-769.534	119
-883.643	49
-775.064	119
-769.144	126
-781.013	112
-555.4	200
-774.928	116
-867.711	57
-827.461	80
-913.867	40
-766.338	120
-777.026	112
-788.591	102
-836.578	96
-767.022	116
-755.634	108
-924.24	31
-887.253	50
-816.062	68
-857.344	76
-826.853	83
-857.344	68
-754.965	133
-865.586	63
-855.323	58
-780.344	113
-781.712	124
-837.857	92
-763.533	121
-774.737	121
-755.133	123
-836.461	104
-913.537	36
-864.635	63
-803.982	111
-912.798	41
-780.432	112
-648.966	146
-822.084	82
-844.912	75
-796.037	99
-619.916	173
-748.957	139
-719.643	148
-799.173	95
-372.313	263
-781.636	114
-765.864	129
-899.044	43
-925.503	35
-764.738	126
-780.722	119
-831.908	88
-928.989	38
-628.106	170
-839.549	98
-873.298	63
-921.609	33
-798.746	85
-832.918	77
-904.65	46
-849.152	82
-772.597	112
-678.107	144
-811.945	102
-884.725	49
-835.358	118
-849.723	63
-765.249	113
-726.149	142
-634.771	149
-825.303	97
-621.236	161
-731.595	144
-792.74	87
-564.143	194
-738.54	115
-693.525	155
-891.431	41
-673.502	138
-725.045	153
-657.151	171
-697.227	141
-890.519	50
-816.59	76
-631.831	186
-694.963	169
-586.969	203
-639.937	186
-749.75	114
-886.46	55
-729.246	148
-573.264	184
-795.052	103
-846.289	69
-886.886	56
-756.346	100
-872.014	56
-878.255	49
-641.906	166
-811.046	92
-731.45	193
-786.041	105
-589.761	175
-815.587	84
-773.124	117
-719.195	138
-798.959	113
-822.367	96
-653.955	153
-719.18	129
-703.265	137
-921.763	47
-624.153	167
-759.492	137
-887.887	45
-692.145	162
-681.243	145
-723.715	137
-830.889	94
-784.575	113
-774.727	110
-765.26	110
-778.729	110
-3.77312	413
-664.152	161
-524.049	213
-781.968	105
-790.042	97
-638.446	156
-802.119	91
-772.062	108
-634.326	162
-750.755	116
-764.812	122
-802.901	99
-755.877	119
-775.752	111
-622.305	190
-594.762	204
-698.362	144
-907.675	39
-737.793	137
-859.899	60
-872.542	45
-660.887	169
-688.258	159
-837.707	95
-564.703	226
-653.488	148
-649.176	145
-676.907	150
-897.56	55
-870.092	52
-845.459	69
-734.432	105
-920.998	33
-856.975	91
-886.764	60
-781.505	93
-616.125	182
-637.133	162
-630.547	133
-757.228	105
-898.618	90
-878.351	68
-623.159	168
-836.163	92
-807.334	99
-697.887	126
-581.305	208
-876.023	66
-617.905	206
-378.137	261
-813.728	84
-904.949	46
-813.515	88
-704.278	124
-565.889	184
-667.929	143
-763.032	101
-510	200
-553.943	203
-853.851	95
-662.739	149
-820.686	89
-779.425	98
-666.637	172
-884.713	78
-814.424	89
-682.499	154
-605.848	188
-757.627	108
-847.401	94
-720.872	122
-778.663	122
-738.735	137
-815.223	84
-709.182	114
-704.711	145
-627.69	151
-892.041	87
-772.152	110
-749.375	133
-752.242	119
-715.632	137
-758.66	102
-672.189	146
-591.611	225
-821.748	98
-621.477	171
-566.073	202
-825.052	74
-837.434	64
-860.692	60
-489.794	244
-815.285	78
-747.348	106
-747.718	110
-736.703	109
-827.043	74
-711.479	156
-783.987	101
-740.242	140
-583.527	190
-724.458	135
-705.617	151
-748.074	128
-649.101	176
-628.822	153
-738.485	125
-589.452	176
-635.513	132
-886.145	44
-795.416	87
-837.548	71
-896.392	70
-768.855	113
-892.37	70
-817.399	107
-696.235	109
-854.849	93
-902.593	43
-790.908	103
-556.119	209
-756.675	136
-807.2	83
-757.197	130
-740.224	123
-762.564	124
-764.47	132
-792.405	103
-822.259	81
-881.469	55
-799.591	104
-880.831	77
-746.041	105
-771.256	108
-764.905	119
-859.656	96
-695.289	177
-761.861	127
-733.93	135
-850.897	107
-778.21	113
-760.825	122
-790.401	102
-768.03	115
-635.508	150
-851.722	96
-778.683	109
-911.098	41
-840.365	113
-823.056	109
-908.1	103
-773.53	119
-929.368	72
-913.119	57
-901.818	48
-886.122	74
-841.516	94
-792.505	96
-831.255	90
-675.961	144
-752.914	152
-792.538	109
-699.067	152
-836.476	99
-875.564	84
-899.528	103
-851.484	103
-891.121	107
-911.577	87
-895.311	69
-877.67	64
-904.999	49
-894.767	77
-797.367	109
-896.248	50
-905.577	85
-821.721	83
-807.758	100
-909.606	81
-783.802	114
-718.237	152
-815.01	86
-780.598	105
-727.923	179
-748.176	149
-760.05	105
-899.7	42
-872.92	51
-820.868	97
-897.423	42
-820.37	119
-746.078	132
-801.439	98
-745.595	138
-671.987	160
-795.412	103
-594.68	173
-889.366	60
-741.192	114
-913.591	45
-770.973	142
-813.172	132
-869.522	81
-900.171	77
-823.073	84
-925.031	37
-879.365	61
-838.992	83
-754.879	108
-861.608	72
-761.648	146
-900.161	50
-844.595	87
-901.195	50
-860.37	76
-899.705	45
-832.55	76
-811.422	99
-566.195	193
-778.833	126
-756.104	133
-721.048	152
-911.115	38
-809.347	92
-748.095	126
-830.382	76
-696.033	138
-841.203	70
-823.128	108
-883.838	52
-594.966	160
-767.619	119
-797.314	108
-675.746	163
-832.403	73
-564.451	185
-910.925	69
-788.763	112
-921.21	36
-706.287	148
-719.569	102
-865.686	65
-889.139	42
-650.226	140
-759.91	109
-842.823	79
-814.757	82
-824.12	93
-801.181	122
-687.2	147
-898.737	49
-911.872	37
-761.56	144
-711.398	144
-855.821	74
-771.986	106
-793.8	99
-808.067	84
-866.132	73
-674.872	167
-777.421	105
-850.822	71
-692.511	168
-741.99	127
-674.385	168
-599.838	214
-765.051	126
-919.537	60
-708.169	136
-392.579	294
-627.921	206
-656.454	155
-891.39	74
-685.5	144
-758.308	127
-746.855	118
-833.958	106
-667.304	161
-891.472	41
-815.254	82
-865.637	73
-727.108	144
-825.06	107
-720.741	147
-700.154	127
-763.436	101
-732.232	147
-667.383	153
-810.152	132
-864.859	91
-743.172	124
-825.45	84
-675.218	196
-736.068	150
-898.305	43
-813.384	115
-736.035	120
-735.063	114
-673.358	170
-900.621	77
-778.124	85
-867.913	58
-687.251	129
-844.307	60
-794.685	86
-812.339	113
-777.373	105
-874.933	47
-682.063	147
-895.021	46
-804.326	97
-813.561	109
-893.933	49
-687.536	153
-557.282	200
-625.036	164
-589.74	175
-672.002	138
-792.307	82
-775.469	115
-794.592	90
-717.864	161
-612.893	168
-884.55	45
-868.571	54
-761.486	118
-730.766	113
-786.089	102
-846.993	78
-760.014	126
-566.68	191
-918.192	38
-774.229	116
-725.741	147
-813.09	77
-688.798	147
-715.564	144
-905.998	73
-593.935	207
-872.228	92
-547.177	233
-817.637	119
-787.328	99
-886.115	56
-798.13	88
-881.197	50
-918.504	46
-841.261	70
-849.241	110
-845.627	87
-918.736	41
-889.16	74
-697.154	159
-881.817	74
-901.783	60
-689.636	162
-720.384	138
-806.224	103
-862.251	80
-789.032	100
-817.38	81
-815.349	121
-799.052	95
-849.202	106
-865.79	79
-808.759	134
-902.475	69
-880.401	103
-931.345	53
-915.903	90
-768.603	126
-777.54	131
-820.437	111
-888.549	115
-706.956	148
-929.229	72
-905.994	70
-827.697	74
-716.368	140
-857.361	69
-848.769	98
-852.531	89
-773.814	105
-858.518	118
-735.987	140
-688.406	154
-815.593	108
-821.26	95
-899.615	58
-804.582	89
-814.833	85
-765.887	132
-832.25	73
-772.963	119
-799.786	113
-741.699	122
-806.341	90
-796.125	97
-821.297	84
-752.471	131
-756.77	126
-753.448	130
-766.872	120
-886.163	96
-778.297	118
-921.146	34
-838.876	102
-810.536	123
-859.949	110
-762.979	102
-760.442	124
-870.481	57
-790.531	79
-856.316	66
-833.36	82
-928.355	37
-664.912	141
-803.535	96
-643.477	160
-772.105	124
-822.026	80
-692.407	118
-828.432	80
-792.074	84
-904.411	46
-610.621	177
-611.334	160
-620.81	156
-859.076	58
-811.542	106
-588.52	188
-624.093	144
-862.887	55
-684.969	139
-758.408	106
-769.914	139
-806.169	111
-903.343	51
-810.446	91
-765.522	94
-725.237	151
-609.835	182
-877.103	60
-768.178	123
-795.902	99
-751.222	134
-658.022	134
-891.703	69
-882.349	83
-774.277	85
-865.893	92
-914.783	91
-824.86	80
-570	186
-793.629	100
-882.648	46
-930.791	43
-927.664	67
-926.019	79
-736.578	141
-927.583	65
-835.193	87
-926.25	73
-871.518	62
-739.531	117
-871.958	79
-824.563	78
-779.843	134
-867.909	56
-698.44	155
-760.391	151
-922.637	40
-809.59	95
-791.268	101
-898.746	77
-754.991	128
-832.061	116
-922.332	50
-924.003	54
-877.775	49
-879.332	56
-502.472	247
-930.144	47
-896.463	61
-796.562	117
-894.044	51
-796.523	95
-863.68	68
-741.543	128
-719.576	108
-738.487	127
-864.09	107
-744.311	110
-660.749	157
-726.6	140
-816.912	82
-646.094	176
-837.116	90
-804.885	84
-751.814	136
-663.907	142
-867.62	84
-781.836	117
-723.422	129
-818.888	107
-864.936	77
-486.111	239
-848.481	88
-916.6	55
-841.757	85
-826.894	87
-872.815	85
-782.022	105
-783.422	92
-806.316	94
-782.148	111
-901.891	99
-816.883	73
-838.421	73
-821.265	77
-798.792	94
-848.222	96
-907.335	50
-810.877	102
-804.852	128
-839.515	107
-838.586	73
-861.778	78
-604.994	174
-774.769	106
-428.475	268
-807.263	92
-768.801	149
-803.658	95
-752.949	114
-859.227	89
-803.498	108
-901.929	79
-931.126	44
-801.826	85
-828.727	94
-762.701	113
-914.817	79
-783.017	110
-863.139	65
-646.75	180
-680.41	127
-642.717	171
-705.827	142
-746.859	132
-765.396	124
-698.706	163
-777.268	122
-828.49	84
-629.53	157
-635.097	156
-893.46	54
-921.318	38
-809.673	91
-813.208	148
-839.829	102
-662.53	143
-775.791	89
-581.672	208
-734.663	111
-655.546	177
-743.869	122
-746.972	127
-823.468	84
-846.506	75
-678.894	149
-850.36	71
-756.358	106
-814.462	88
-677.983	146
-331.299	316
-806.326	97
-841.246	103
-767.133	117
-812.888	101
-815.277	84
-819.858	95
-826.066	113
-801.65	101
-800.832	119
-822.723	90
-745.402	168
-724.48	135
-879.773	47
-743.533	125
-868.849	58
-788.756	102
-748.901	138
-797.277	103
-833.334	83
-813.922	107
-897.999	55
-776.814	120
-793.266	118
-897.893	56
-871.05	72
-820.285	79
-880.906	52
-799.371	101
-778.968	114
-767.762	146
-815.895	142
-855.281	67
-811.968	100
-805.828	90
-904.559	75
-757.933	117
-923.785	63
-929.229	54
-874.411	78
-770.686	130
-760.154	111
-927.796	49
-908.946	68
-921.502	36
-768.344	118
-876.479	57
-881.933	55
-924.52	35
-754.956	123
-556.355	182
-841.326	79
-812.165	94
-853.138	61
-798.994	89
-668.263	121
-793.239	116
-705.846	139
-694.934	155
-597.411	199
-809.04	108
-572.99	194
-631.487	172
-730.952	118
-754.31	107
-549.717	204
-897.954	43
-524.915	191
-869.253	63
-587.704	169
-846.359	64
-809.884	127
-796.742	142
-597.656	164
-548.626	200
-605.919	178
-560.78	194
-645.183	144
-622.307	169
-758.769	104
-658.215	144
-664.587	146
-672.699	145
-671.366	148
-777.854	92
-660.468	158
-676.703	149
-672.357	137
-746.275	119
-669.506	129
-855.485	91
-722.283	104
-768.018	102
-825	87
-879.445	55
-831.589	77
-669.575	150
-807.604	81
-925.632	37
-698.396	140
-730.801	120
-907.014	39
-707.799	131
-827.122	78
-713.757	123
-880.601	51
-749.129	104
-731.001	112
-682.392	145
-708.237	127
-723.917	114
-692.248	127
-703.637	143
-743.902	146
-708.786	124
-580.811	182
-870.068	55
-824.174	69
-713.68	125
-765.124	111
-581.483	185
-724.639	122
-583.921	197
-721.098	127
-666.399	146
-799.296	91
-583.31	176
-776.888	103
-651.477	141
-678.512	130
-641.089	155
-654.505	144
-633.106	191
-786.498	73
-614.75	154
-764.552	102
-794.608	104
-693.53	142
-811.757	104
-599.092	190
-610.957	172
-681.837	149
-851.126	93
-662.554	140
-820.759	86
-600.647	177
-641.393	168
-691.384	127
-730.629	104
-841.355	60
-497.82	213
-627.121	154
-689.89	143
-646.114	172
-642.735	154
-669.384	143
-645.381	153
-717.142	133
-606.365	177
-870.749	56
-562.339	210
-744.84	116
-693.954	128
-848.761	55
-620.778	166
-633.487	154
-782.213	105
-624.219	148
-594.903	170
-603.88	183
-619.17	166
-509.088	212
-617.162	174
-796.281	74
-858.635	58
-783.861	92
-780.703	80
-659.785	144
-609.756	176
-678.412	147
-616.425	162
-780.413	103
-755.425	105
-716.061	112
-633.597	158
-804.492	80
-663.367	147
-644.105	156
-601.653	165
-662.947	147
-656.376	154
-580.892	182
-638.158	174
-680.7	126
-610.514	184
-650.803	175
-602.989	166
-640.534	154
-907.257	36
-750.174	123
-631.147	164
-855.504	57
-588.847	202
-666.177	140
-669.392	135
-681.887	130
-720.381	139
-689.437	159
-585.395	195
-509.771	226
-561.372	200
-792.871	106
-783.095	96
-760.365	108
-425.69	251
-777.039	130
-832.829	77
-823.351	91
-786.756	88
-786.972	122
-708.381	131
-638.419	148
-564.476	215
-510.355	212
-639.81	178
-793.224	122
-764.826	107
-455.049	233
-637.548	155
-861.479	65
-883.269	56
-619.114	151
-649.314	135
-626.462	155
-728.161	110
-859.576	89
-763.47	95
-606.987	185
-836.824	62
-695.455	124
-657.5	157
-671.098	129
-696.297	111
-807.209	108
-682.42	138
-633.993	161
-629.873	160
-556.411	162
-583.126	220
-703.558	156
-817.15	97
-659.91	158
-775.294	122
-474.218	245
-515.67	212
-657.844	165
-689.687	160
-612.033	177
-581.522	214
-828.297	60
-643.901	136
-501.099	231
-566.683	191
-653.557	153
-901.681	43
-564.096	191
-803.935	106
-629.102	171
-849.491	53
-599.882	176
-665.804	127
-644.572	146
-746.65	119
-606.042	174
-792.023	78
-654.124	142
-686.775	144
-718.751	157
-683.969	152
-357.616	276
-417.354	247
-539.599	226
-575.751	189
-495.844	225
-803.99	111
-685.249	176
-650.239	137
-779.089	80
-749.239	116
-618.022	176
-539.524	186
-611.453	202
-564.047	183
-526.191	184
-748.952	94
-487.198	229
-688.994	147
-559.905	182
-647.57	134
-815.4	76
-710.024	108
-692.828	147
-765.659	122
-672.728	141
-686.121	114
-500.434	215
-672.003	137
-554.075	185
-589.466	185
-574.782	167
-594.16	172
-486.731	222
-597.054	163
-835.273	68
-704.706	122
-559.941	175
-222.638	312
-584.415	183
-435.93	229
-644.815	142
-517.293	214
-426.158	260
-495.803	187
-614.931	152
-630.001	149
-804.199	72
-591.734	188
-601.834	185
-642.553	171
-542.305	216
-696.692	121
-611.702	154
-592.899	177
-590.271	206
-608.47	168
-486.969	227
-537.47	192
-505.889	207
-587.243	188
-636.998	156
-624.94	160
-270.107	343
-673.474	187
-627.262	152
-585.527	182
-536.995	213
-668.266	134
-533.279	210
-425.994	253
-571.802	201
-591.408	175
-680.656	145
-670.329	149
-704.045	130
-624.107	158
-605.756	177
-826.124	66
-543.72	201
-616.306	161
-496.282	224
-860.485	54
-630.002	165
-651.251	131
-608.386	160
-587.05	178
-574.698	191
-561.668	192
-577.741	182
-604.54	155
-614.824	157
-634.035	162
-701.228	137
-755.481	105
-681.767	132
-580.795	181
-656.448	135
-573.376	188
-567.57	188
-537.925	202
-570.411	200
-488.523	213
-572.789	169
-666.525	160
-685.381	128
-564.868	219
-590.811	178
-581.241	172
-675.823	118
-605.42	165
-807.796	117
-421.285	272
-601.908	180
-490.636	228
-886.994	54
-595.801	184
-614.3	157
-533.684	205
-625.515	159
-676.498	146
-539.655	208
-539.614	205
-602.394	192
-821.229	79
-669.281	141
-542.809	168
-664.784	139
-564.323	208
-770.267	121
-827.674	80
-689.926	163
-601.605	158
-535.447	213
-707.629	112
-492.779	225
-581.642	191
-609.471	180
-768.4	95
-467.426	220
-500.746	202
-723.349	98
-729.048	97
-452.436	248
-588.483	173
-589.656	162
-663.043	136
-855.41	74
-537.881	207
-570.276	197
-650.936	136
-570.52	195
-511.544	182
-873.878	52
-548.942	196
-284.937	296
-743.467	126
-647.816	162
-630.53	154
-675.799	161
-652.158	144
-234.767	286
-432.546	211
-626.279	142
-836.296	76
-468.392	214
-642.542	135
-817.092	98
-786.48	84
-731.702	115
-647.661	143
-660.248	157
-685.445	117
-910.033	35
-880.439	50
-657.975	139
-552.883	182
-670.679	154
-620.992	169
-771.165	98
-910.002	42
-885.238	46
-583.033	199
-531.733	183
-879.564	50
-470.842	212
-634.962	174
-560.759	176
-621.806	151
-842.666	79
-721.792	124
-766.643	89
-717.396	144
-695.728	140
-637.822	142
-702.946	123
-512.247	205
-786.512	96
-757.86	99
-657.486	174
-634.426	154
-505.194	208
-650.969	141
-800.981	113
-906.309	42
-434.029	233
-593.694	189
-821.796	73
-697.811	138
-785.881	114
-679.482	151
-860.339	59
-559.735	210
-761.495	101
-752.11	113
-602.831	180
-797.517	105
-653.073	174
-836.653	85
-628.889	162
-732.376	110
-620.528	156
-857.559	75
-653.931	156
-622.177	152
-620.289	170
-594.116	171
-628.685	146
-737.917	97
-652.801	158
-382.698	249
-581.776	161
-643.614	148
-655.369	127
-573.935	198
-595.728	174
-640.391	148
-555.059	181
-628.797	157
-685.921	155
-710.966	137
-636.083	175
-768.553	113
-573.578	184
-599.649	186
-584.303	179
-646.222	148
-690.003	123
-702.957	114
-706.667	122
-697.602	123
-617.663	165
-647.419	149
-728.609	103
-655.845	156
-749.835	127
-603.452	155
-840.666	62
-911.166	53
-721.649	105
-799.798	78
-894.467	44
-733.433	130
-673.982	132
-797.975	109
-527.19	209
-607.309	155
-724.809	106
-687.905	123
-635.737	150
-640.632	147
-573.907	188
-640.202	175
-840.418	70
-771.468	119
-671.077	147
-657.52	156
-593.745	173
-598.811	158
-533.973	217
-651.165	129
-525.137	203
-665.556	146
-641.47	156
-639.957	136
-582.997	182
-646.057	162
-758.426	129
-535.478	170
-788.757	128
-714.023	109
-904.981	42
-666.582	124
-681.396	143
-615.905	155
-641.13	166
-728.358	104
-779.098	108
-605.653	168
-808.149	108
-583.127	178
-602.91	153
-594.719	172
-539.996	163
-634.788	172
-592.504	165
-898.529	38
-695.244	143
-646.013	150
-470.944	220
-620.457	161
-854.817	57
-587.876	203
-761.484	127
-689.34	137
-627.91	143
-639.562	141
-685.891	165
-783.022	132
-787.372	102
-844.944	69
-674.091	162
-703.084	163
-662.791	187
-866.066	90
-593.048	182
-560.81	194
-663.12	132
-569.491	194
-499.265	209
-737.913	96
-563.601	192
-747.276	96
-595.165	182
-714.888	124
-595.255	167
-600.145	176
-598.075	190
-547.759	188
-696.25	115
-557.997	195
-664.871	132
-532.483	178
-555.365	198
-622.437	153
-610.564	162
-523.163	205
-456.056	252
-643.72	137
-630.642	161
-538.808	186
-487.166	223
-586.337	188
-475.448	236
-613.169	172
-680.795	124
-639.065	151
-650.7	136
-561.536	207
-613.813	189
-592.702	171
-615.845	171
-606.701	180
-637.177	178
-656.648	137
-585.387	173
-641.621	146
-680.314	124
-565.665	174
-595.821	168
-668.792	131
-602.916	188
-537.887	221
-633.306	162
-685.453	136
-697.6	115
-687.303	119
-889.154	46
-451.657	274
-548.24	194
-488.318	234
-624.805	190
-711.794	133
-501.072	240
-497.718	217
-498.515	226
-815.298	108
-745.928	116
-568.754	216
-628.919	163
-589.728	182
-848.473	54
-614.314	180
-608.122	167
-887.375	49
-647.089	132
-584.127	166
-640.455	159
-756.763	144
-531.057	266
-607.102	180
-751.231	123
-751.514	148
-689.614	151
-534.52	229
-628.011	166
-585.483	196
-747.893	121
-788.398	110
-710.025	131
-472.543	252
-617.892	196
-814.443	129
-513.331	207
-881.216	94
-800.268	114
-837.698	121
-775.263	153
-695.409	137
-618.852	184
-545.681	211
-611.498	165
-631.714	182
-629.038	185
-672.573	156
-564.192	201
-672.871	165
-497.188	243
-708.519	179
-620.74	188
-769.556	103
-511.05	210
-551.303	191
-622.094	143
-549.03	188
-787.561	124
-579.782	191
-582.363	188
-816.687	79
-697.425	155
-626.329	167
-667.483	181
-658.551	156
-792.483	135
-361.917	278
-774.773	147
-834.475	114
-828.214	136
-783.723	141
-868.062	94
-698.516	174
-823.43	150
-693.74	147
-858.167	133
-817.026	112
-861.796	118
-631.446	159
-824.21	153
-610.777	178
-747.87	167
-653.913	158
-790.413	110
-790.762	160
-770.637	165
-840.521	138
-789.273	159
-609.12	256
-522.152	210
-691.033	119
-550.74	173
-547.503	193
-654.441	179
-838.07	121
-901.054	82
-757.329	146
-652.412	152
-891.35	90
-765.145	94
-697.899	149
-586.873	205
-558.662	222
-610.988	212
-832.983	100
-538.524	239
-619.602	181
-520.075	211
-771.801	140
-599.417	191
-582.737	216
-608.074	172
-541.261	228
-547.965	214
-769.935	111
-555.514	176
-661.741	127
-917.504	55
-802.884	95
-568.515	182
-513.031	209
-620.972	194
-671.284	143
-628.103	173
-709.658	142
-760.906	124
-794.534	136
-658.638	145
-661.114	175
-627.263	158
-742.22	153
-515.265	196
-616.448	154
-608.012	173
-790.896	89
-627.638	144
-537.047	205
-599.88	166
-688.721	136
-527.656	190
-629.762	149
-647.383	159
-590.229	188
-631.174	149
-633.177	147
-544.198	200
-616.132	175
-537.037	215
-559.005	203
-688.128	134
-611.429	175
-576.363	201
-593.452	169
-615.011	173
-587.339	190
-589.503	203
-564.845	202
-613.916	176
-675.739	120
-565.798	189
-675.145	150
-552.687	196
-769.762	92
-589.853	187
-628.702	156
-637.01	167
-673.486	147
-615.774	189
-681.891	146
-578.628	196
-607.23	168
-555.684	187
-728.087	101
-538.882	200
-530.681	185
-529.868	206
-534.138	219
-542.624	196
-596.507	192
-566.82	191
-538.96	198
-537.991	220
-511.969	245
-564.071	190
-571.554	199
-545.738	217
-594.942	186
-560.538	205
-867.234	51
-674.112	162
-557.029	211
-606.911	160
-644.046	134
-492.618	235
-592.725	180
-762.668	111
-583.423	186
-586.634	190
-550.381	203
-777.847	118
-715.925	109
-757.262	97
-689.086	156
-846.984	103
-889.39	46
-680.961	142
-714.19	145
-793.079	89
-686.039	145
-725.421	131
-709.581	136
-794.778	97
-746.653	109
-731.43	119
-723.401	139
-779.106	109
-760.75	111
-649.002	168
-807.304	86
-844.64	74
-756.6	138
-769.728	92
-627.061	159
-740.418	106
-589.448	202
-774.45	114
-718.408	141
-707.116	145
-656.65	148
-648.745	159
-699.047	141
-692.053	139
-705.341	153
-687.237	143
-682.865	126
-686.005	131
-654.902	138
-702.376	132
-660.629	145
-829.65	68
-721.348	121
-692.615	145
-699.879	136
-696.187	140
-700.129	133
-708.714	116
-737.895	100
-700.316	166
-666.667	168
-639.465	152
-768.842	121
-825.377	99
-760.65	116
-731.493	136
-865.153	54
-807.032	87
-670.442	157
-881.128	52
-724.105	136
-748.164	149
-789.95	103
-779.485	99
-806.682	104
-664.654	161
-726.099	133
-788.55	102
-791.122	113
-742.958	133
-687.995	163
-721.486	142
-754.733	122
-795.465	89
-633.618	190
-645.208	161
-695.858	137
-797.204	94
-793.247	88
-874.632	48
-623.163	178
-588.818	194
-662.75	157
-768.909	107
-741.643	141
-753.937	112
-652.775	165
-735.637	129
-761.27	118
-876.883	47
-648.444	188
-695.727	142
-783.978	103
-792.157	91
-805.463	78
-744.875	128
-755.582	111
-745.384	120
-756.547	131
-751.928	137
-723.057	129
-703.692	139
-746.616	138
-768.244	111
-745.43	136
-749.13	115
-682.903	155
-673.609	139
-702.648	138
-728.125	130
-800.546	84
-622.957	188
-779.702	107
-572.563	195
-633.109	185
-694.549	152
-669.294	146
-883.522	47
-722.827	122
-768.315	105
-654.875	140
-872.508	58
-789.183	89
-766.921	95
-802.26	80
-643.289	175
-702.073	167
-702.411	137
-606.345	186
-788.308	83
-661.286	158
-824.086	99
-743.157	88
-663.288	164
-699.805	131
-895.704	39
-840.089	69
-901.229	37
-890.093	42
-747.508	132
-859.344	67
-779.917	115
-632.174	153
-912.61	33
-792.41	100
-651.768	154
-716.08	125
-908.499	41
-930.938	40
-914.399	59
-835.285	68
-924.697	49
-828.812	72
-898.554	38
-808.399	93
-841.994	73
-565.43	176
-578.329	164
-648.923	159
-741.391	95
-643.862	188
-690.066	154
-523.536	206
-695.417	136
-839.414	57
-667.387	144
-630.602	154
-803.384	94
-792.314	92
-846.988	55
-891.148	41
-859.622	54
-796.064	82
-738.005	149
-892.507	41
-626.764	137
-699.216	167
-726.273	140
-689.548	136
-644.918	151
-725.973	131
-699.72	141
-880.029	57
-888.291	45
-738.616	136
-562.963	195
-704.242	112
-524.186	196
-802.822	93
-908.809	36
-654.825	133
-888.434	42
-876.847	46
-774.781	130
-757.897	114
-870.671	83
-636.64	157
-882.091	86
-887.205	43
-916.557	32
-631.457	159
-487.954	205
-700.798	114
-775.288	83
-637.421	143
-565.19	179
-741.937	92
-822.318	101
-674.993	128
-682.973	155
-706.161	128
-750.972	122
-758.14	91
-670.29	146
-781.551	77
-704.161	147
-927.356	29
-916.88	32
-487.709	240
-473.058	246
-920.654	29
-529.348	206
-714.674	129
-534.26	219
-601.73	172
-512.519	259
-537.527	199
-640.061	160
-555.748	214
-684.361	157
-807.401	112
-527.198	208
-658.193	159
-472.625	224
-605.556	178
-909.157	34
-888.062	49
-758.99	114
-837.353	100
-868.563	82
-924.495	31
-809.853	81
-641.642	159
-686.718	132
-629.153	182
-614.102	154
-602.432	171
-738.303	92
-591.786	181
-649.758	158
-787.95	107
-709.24	117
-620.183	179
-701.057	130
-727.985	113
-778.26	106
-658.32	147
-911.413	34
-826.942	131
-596.793	158
-554.115	209
-622.274	167
-290.787	271
-866.079	53
-849.33	106
-881.252	82
-716.513	162
-900.195	57
-846.211	86
-799.164	113
-695.243	166
-716.701	152
-745.218	142
-855.135	67
-717.028	111
-682.087	131
-729.574	140
-634.42	169
-644.691	142
-717.46	140
-670.458	164
-690.423	145
-748.504	122
-623.366	171
-783.685	84
-656.854	136
-676.795	139
-861.82	91
-597.797	178
-851.666	89
-740.213	140
-893.369	67
-833.642	96
-912.559	81
-788.687	104
-756.838	140
-855.201	123
-736.333	151
-651.455	168
-712.51	127
-848.214	63
-923.757	67
-716.024	164
-796.26	118
-791.33	113
-691.962	128
-622.968	199
-645.887	162
-841.531	98
-723.234	107
-851.846	82
-741.158	146
-529.766	222
-672.582	144
-767.938	123
-704.467	120
-744.486	126
-665.251	180
-791.52	135
-544.714	218
-771.556	102
-856.554	79
-705.79	163
-866.421	56
-772.56	145
-812.923	86
-812.769	91
-751.571	158
-765.874	117
-718.047	152
-701.884	170
-895.098	90
-704.199	164
-639.902	174
-673.344	174
-840.201	85
-812.743	114
-619.186	154
-702.357	145
-821.443	88
-788.874	130
-840.958	74
-794.59	103
-787.827	111
-676.027	169
-797.385	103
-801.201	114
-838.861	99
-842.071	92
-866.232	54
-755.296	146
-713.009	140
-891.514	44
-791.943	131
-813.857	127
-748.933	109
-739.82	121
-774.282	85
-828.039	102
-672.629	144
-845.335	64
-716.91	146
-769.712	123
-716.008	158
-881.723	61
-845.996	96
-700.71	170
-903.934	77
-768.916	165
-864.599	110
-883.708	90
-833.304	120
-842.514	103
-848.75	88
-887.337	93
-866.688	99
-918.231	95
-896.725	69
-898.137	84
-839.886	80
-786.618	127
-786.674	101
-743.429	124
-763.326	103
-722.038	148
-780.21	141
-789.509	109
-835.203	95
-631.53	187
-894.377	81
-911.041	64
-874.9	100
-848.334	82
-865.914	78
-775.959	116
-724.154	162
-773.007	94
-661.246	179
-572.177	239
-685.055	133
-884.029	77
-897.873	96
-808.712	97
-701.148	159
-751.141	129
-740.681	134
-796.51	136
-888.032	90
-839.38	91
-881.585	75
-883.176	96
-905.474	92
-900.52	98
-899.604	82
-914.285	91
-910.928	86
-916.413	77
-697.83	157
-829.177	109
-820.207	95
-882.715	95
-904.281	89
-812.561	94
-839.597	123
-809.153	91
-524.05	241
-573.155	183
-673.511	137
-560.427	185
-759.581	94
-564.899	182
-700.63	122
-561.415	208
-646.728	138
-663.616	146
-598.806	193
-623.317	156
-665.381	144
-574.464	215
-665.449	166
-660.364	161
-754.334	108
-710.458	143
-760.865	107
-746.725	102
-764.834	111
-731.427	129
-680.697	146
-652.375	162
-750.49	140
-633.113	163
-633.593	155
-755.629	110
-563.968	194
-701.525	142
-721.576	139
-803.505	85
-786.765	105
-751.734	124
-645.894	162
-756.641	128
-638.562	189
-650.708	131
-758.584	98
-660.503	153
-842.458	89
-594.2	201
-803.01	113
-724.796	104
-613.855	186
-616.763	190
-684.647	161
-788.186	113
-656.819	147
-662.992	161
-644.515	143
-700.008	143
-867.72	89
-835.397	82
-655.791	160
-657.47	162
-676.245	161
-648.251	142
-718.275	106
-567.992	233
-624.586	182
-649.863	180
-771.592	99
-364.921	342
-746.503	127
-650.003	172
-908.339	73
-742.221	144
-485.025	236
-869.695	92
-668.685	158
-393.294	258
-585.981	174
-541.149	201
-612.198	166
-736.217	152
-579.386	189
-555.756	209
-630.855	175
-768.911	92
-696.197	149
-629.575	159
-758.965	121
-706.289	133
-658.156	144
-724.831	138
-659.588	141
-864.668	54
-705.374	152
-743.663	105
-595.847	186
-892.08	40
-757.413	86
-623.987	174
-686.815	134
-659.559	156
-745.847	94
-582.207	177
-705.302	153
-579.479	187
-628.953	168
-865.073	88
-379.943	268
-718.302	157
-640.962	173
-774.851	115
-623.604	162
-428.859	248
-546.421	204
-669.079	137
-709.736	151
-630.989	186
-646.599	169
-580.233	173
-725.917	110
-535.06	198
-795.685	102
-696.805	178
-656.818	189
-744.794	148
-547.074	205
-617.149	184
-723.463	106
-684.672	179
-557.45	225
-662.998	169
-765.46	166
-716.542	139
-698.371	123
-685.411	174
-719.882	186
-696.36	129
-738.374	119
-525.007	197
-598.382	170
-667.002	153
-689.736	139
-687.656	140
-631.353	158
-790.943	84
-718.598	177
-697.182	143
-821.573	106
-662.153	178
-574.024	209
-881.196	115
-753.842	162
-770.223	150
-863.624	120
-790.64	140
-740.236	142
-656.452	153
-740.342	119
-875.731	54
-791.254	150
-712.434	139
-697.275	140
-640.185	190
-644.594	175
-710.826	142
-802.705	107
-682.709	145
-818.715	120
-737.373	111
-714.946	140
-771.67	132
-783.382	140
-748.682	132
-773.509	119
-628.341	218
-757.18	132
-787.33	119
-825.664	88
-730.834	133
-608.327	160
-838.189	109
-843.827	64
-623.194	182
-606.355	205
-795.702	113
-865.633	59
-699.589	156
-668.255	148
-676.745	115
-660.731	139
-660.685	141
-803.95	120
-860.043	70
-800.457	96
-731.471	144
-844.442	70
-756.684	95
-556.791	215
-631.962	156
-632.597	184
-675.084	162
-591.072	168
-824.195	68
-665.871	148
-725.766	158
-699.819	153
-684.183	142
-478.352	244
-613.296	207
-762.289	98
-653.85	151
-615.462	159
-456.757	237
-592.825	172
-665.156	153
-779.661	84
-623.159	182
-770.239	99
-774.672	117
-566.951	247
-573.273	254
-740.528	145
-552.316	265
-780.324	131
-596.277	186
-837.614	72
-765.12	158
-740.685	125
-696.849	154
-759.234	96
-659.12	196
-720.518	148
-430.714	318
-563.608	261
-639.467	163
-741.4	106
-697.79	127
-446.238	275
-623.5	168
-557.287	179
-660.684	142
-647.355	143
-448.372	238
-747.207	114
-842.326	82
-632.345	163
-614.619	161
-576.77	160
-694.957	169
-730.705	108
-219.117	455
-738.203	104
-582.922	231
-611.322	189
-723.75	124
-725.31	131
-660.758	146
-685.029	156
-719.96	117
-673.121	144
-513.515	227
-624.683	183
-590.89	226
-419.375	311
-525.31	240
-737.435	119
-400.376	267
-603.848	169
-591.677	214
-636.239	168
-687.167	140
-633.6	197
-649.964	190
-666.251	145
-682.999	169
-645.073	163
-636.489	163
-712.804	156
-709.314	132
-741.563	109
-683.687	143
-691.696	149
-671.021	158
-654.863	157
-678.514	153
-570.477	185
-712.509	123
-735.249	110
-658.717	157
-659.296	154
-688.352	116
-654.537	187
-706.18	128
-696.726	138
-681.68	161
-773.083	89
-741.632	130
-660.687	173
-660.038	157
-705.805	139
-655.167	173
-720.683	158
-654.442	148
-611.377	182
-595.224	187
-718.646	106
-386.668	278
-630.451	169
-645.607	164
-557.314	216
-637.155	187
-729.431	102
-622.962	164
-797.608	98
-820.288	91
-664.565	132
-579.488	210
-775.421	89
-678.33	152
-726.807	108
-555.421	200
-856.169	62
-715.966	143
-541.51	203
-780.401	124
-514.087	217
-654.469	154
-763.002	121
-717.053	118
-648.291	174
-638.253	149
-682.144	174
-700.598	146
-474.926	260
-796.33	118
-767.826	107
-680.454	139
-773.918	86
-737.042	142
-659.567	172
-689.153	128
-620.63	153
-646.652	163
-678.537	175
-721.74	127
-541.961	168
-690.664	143
-568.845	202
-812.332	102
-621.044	174
-621.87	160
-494.219	246
-569.167	189
-850.953	105
-735.322	126
-640.098	183
-560.36	219
-618.728	160
-639.403	150
-515.228	256
-632.5	148
-629.926	199
-696.377	149
-769.167	106
-681.549	176
-732.447	122
-646.738	166
-770.469	125
-631.539	175
-607.039	195
-778.21	144
-484.807	231
-546.29	197
-599.677	179
-767.807	89
-654.837	146
-777.975	118
-755.714	127
-676.612	185
-645.605	170
-701.377	144
-632.319	162
-681.122	145
-795.478	119
-571.551	186
-737.635	141
-681.279	152
-607.473	182
-627.344	164
-782.759	109
-749.343	98
-711.983	174
-800.727	102
-708.769	138
-894.599	89
-709.321	124
-860.105	98
-919.552	77
-890.091	80
-723.636	144
-624.894	163
-823.904	97
-554.372	226
-701.072	146
-632.634	170
-823.304	147
-800.718	110
-697.111	152
-604.646	196
-780.893	90
-760.125	123
-737.394	124
-759.568	128
-721.88	142
-781.464	108
-718.334	173
-714.756	173
-783.674	123
-864.179	53
-757.439	106
-873.8	50
-878.618	53
-609.445	196
-792.508	118
-722.392	133
-475.137	262
-750.397	136
-744.001	148
-576.105	210
-773.172	131
-588.266	204
-728.162	122
-659.504	180
-853.813	63
-703.659	148
-710.326	142
-700.847	175
-716.249	132
-757.593	129
-739.163	141
-885.308	51
-783.561	95
-840.088	114
-780.137	144
-766.708	120
-742.058	154
-679.913	145
-736.67	119
-675.326	168
-756.356	98
-870.541	81
-825.237	90
-627.153	153
-656.734	145
-868.265	52
-610.512	171
-715.289	113
-669.893	142
-787.895	124
-780.668	114
-677.056	117
-739.18	116
-719.227	142
-749.16	134
-653.923	154
-647.081	137
-758.979	144
-664.742	148
-644.88	136
-577.897	201
-618.205	170
-800.59	97
-749.127	147
-856.694	92
-646.488	183
-594.75	162
-743.079	93
-644.781	130
-570.477	170
-796.403	87
-670.702	124
-732.825	106
-633.895	153
-469.136	222
-373.994	270
-691.646	155
-631.137	162
-775.322	101
-645.587	138
-595.664	173
-625.231	158
-783.15	98
-812.114	70
-611.493	172
-669.803	172
-642.844	150
-484.842	220
-779.591	92
-568.273	200
-627.791	180
-696.379	162
-752.96	125
-618.518	161
-556.169	186
-668.891	119
-639.605	139
-916.683	33
-598.066	162
-518.264	210
-525.802	212
-663.536	117
-890.259	44
-905.264	37
-563.685	198
-601.242	169
-559.473	207
-499.88	226
-701.752	146
-651.265	149
-596.32	166
-608.169	161
-600.114	155
-621.391	157
-769.168	109
-656.603	141
-535.624	217
-794.084	107
-588.296	180
-644.26	163
-682.524	132
-707.578	119
-836.681	72
-855.818	70
-585.572	207
-574.33	189
-563.299	202
-638.593	162
-807.498	81
-610.55	169
-548.883	192
-764.937	115
-662.34	162
-869.851	53
-616.859	181
-793.213	110
-883.516	61
-582.213	212
-862.232	58
-546.474	232
-702.596	164
-527.848	221
-708.612	134
-747.053	132
-589.238	182
-531.236	191
-749.945	122
-646.041	173
-524.057	222
-848.067	100
-696.704	164
-704.858	174
-721.905	159
-637.768	170
-673.226	157
-673.436	145
-894.468	74
-706.469	153
-436.49	245
-542.974	176
-538.646	196
-649.151	142
-761.948	107
-659.339	173
-632.952	155
-792.655	126
-685.537	153
-565.942	164
-804.7	93
-618.084	154
-872.434	58
-566.459	220
-845.986	70
-595.103	189
-780.12	82
-598.559	192
-760.951	98
-708.904	130
-856.145	84
-521.28	181
-892.198	55
-730.593	115
-693.921	165
-827.498	66
-414.456	237
-803.717	86
-804.992	90
-882.307	92
-916.368	58
-902.057	53
-840.937	98
-692.472	116
-830.918	104
-864.642	111
-855.921	95
-721.571	124
-639.584	158
-606.482	155
-629.526	163
-524.302	228
-790.307	90
-637.468	158
-634.218	178
-673.652	145
-634.482	166
-836.789	69
-640.38	180
-786.04	128
-770.759	105
-636.266	166
-722.655	104
-819.997	67
-790.727	137
-605.229	172
-631.967	168
-710.661	163
-585.47	164
-635.811	157
-574.04	192
-494.152	241
-578.375	203
-705.683	139
-707.087	144
-680.751	127
-719.931	110
-813.684	70
-612.145	145
-700.796	146
-778.082	104
-657.102	141
-547.644	198
-852.679	60
-723.456	130
-728.657	103
-610.985	163
-615.077	142
-535.352	213
-609.267	167
-789.326	89
-659.284	154
-643.42	171
-631.256	157
-630.406	148
-771.788	120
-567.632	193
-586.492	188
-849.233	64
-725.887	124
-604.533	183
-686.635	125
-659.867	145
-772.459	104
-776.319	126
-646.476	164
-627.513	160
-623.391	175
-675.75	140
-744.664	130
-675.493	140
-832	107
-737.161	119
-523.602	214
-629.558	160
-655.139	146
-623.796	171
-694.684	138
-839.68	77
-801.442	99
-619.944	176
-738.22	135
-658.054	160
-694.418	118
-700.747	135
-622.494	179
-638.773	174
-800.757	125
-809.88	84
-728.848	128
-668.085	141
-771.848	101
-872.666	62
-755.449	106
-807.136	109
-702.196	129
-903.467	52
-736.163	115
-674.974	148
-640.367	146
-531.557	202
-605.805	175
-719.575	131
-720.791	132
-559.614	196
-803.003	91
-558.042	200
-634.856	146
-589.508	166
-564.273	184
-557	183
-661.213	130
-793.081	82
-743.917	91
-681.072	112
-555.651	209
-598.243	170
-731.643	128
-676.07	140
-661.085	137
-721.314	131
-866.492	58
-783.012	123
-750.454	124
-634.172	164
-821.393	82
-620.416	184
-564.356	195
-492.695	241
-686.005	138
-911.96	67
-552.438	258
-638.647	178
-629.87	174
-557.738	218
-600.27	189
-661.451	150
-907.747	36
-747.872	135
-725.348	136
-818.226	118
-667.35	142
-661.811	136
-857.346	54
-720.295	162
-777.29	145
-362.781	286
-737.929	108
-666.01	168
-809	78
-859.016	75
-641.067	162
-493.761	236
-662.269	154
-853.68	76
-899.056	43
-879.848	47
-827.362	78
-528.889	220
-775.573	99
-543.952	205
-895.147	49
-679.609	133
-675.599	151
-702.332	141
-588.625	202
-588.464	219
-907.752	34
-535.151	200
-671.439	137
-732.478	174
-669.347	206
-590.857	182
-837.18	101
-635.258	193
-822.019	130
-438.888	247
-834.765	79
-558.638	189
-812.325	151
-780.622	107
-657.211	129
-604.229	179
-566.165	222
-658.478	148
-602.976	165
-804.627	86
-661.695	143
-722.588	116
-596.693	177
-885.122	44
-621.3	160
-678.225	130
-807.001	87
-880.593	52
-864.653	54
-734.934	124
-656.661	154
-622.691	188
-724.299	121
-678.757	132
-691.795	140
-741.084	105
-745.867	109
-711.514	150
-814.239	85
-654.028	157
-635.111	170
-853.523	68
-724.465	116
-904.758	38
-803.641	72
-541.593	174
-820.056	74
-583.799	192
-610.656	165
-823.837	80
-721.776	138
-695.734	123
-842.091	65
-644.331	166
-743.808	141
-840.885	95
-533.828	216
-570.695	189
-659.582	129
-604.787	159
-811.1	82
-618.24	161
-826.018	113
-724.826	123
-649.118	146
-507.627	231
-662.557	138
-464.062	261
-838.782	76
-634.291	159
-706.439	150
-582.61	168
-597.991	193
-759.66	129
-595.368	179
-705.233	155
-642.509	148
-767.485	116
-710.526	140
-745.824	144
-630.548	169
-789.603	97
-763.126	128
-865.119	55
-804.639	107
-834.722	80
-777.896	112
-768.386	131
-879.693	59
-621.281	181
-606.806	166
-612.083	163
-802.033	125
-830.24	77
-632.529	193
-904.811	37
-582.293	192
-616.68	174
-574.175	198
-667.29	148
-923.132	31
-624.555	177
-665.565	125
-906.056	39
-696.081	203
-899.086	66
-827.054	75
-760.703	110
-690.034	175
-697.698	144
-701.722	146
-664.534	148
-621.935	174
-774.054	111
-577.282	182
-876.224	47
-798.673	91
-695.057	120
-643.999	218
-716.648	138
-664.103	173
-846.153	74
-723.174	141
-656.845	150
-729.903	159
-710.967	146
-790.637	110
-523.236	216
-737.597	142
-784.649	117
-719.27	145
-886.883	52
-664.483	157
-904.501	66
-588.707	196
-794.583	134
-925.103	31
-724.501	162
-720.662	157
-614.987	158
-578.533	197
-565.123	207
-924.54	31
-737.226	112
-811.336	86
-755.783	104
-705.221	133
-603.057	171
-842.872	63
-661.65	172
-644.061	164
-756.885	98
-706.959	132
-440.355	269
-307.642	306
-719.996	137
-597.273	166
-569.577	195
-589.799	170
-590.236	175
-586.53	174
-671.472	147
-714.234	150
-579.925	197
-536.657	210
-568.602	191
-603.19	177
-650.723	155
-569.306	201
-590.465	170
-757.318	87
-667.63	168
-631.39	167
-633.857	164
-618.114	168
-785.075	105
-865.367	64
-810.014	69
-803.557	126
-762.325	93
-750.651	104
-764.992	91
-870.217	61
-801.964	75
-689.985	128
-734.092	140
-699.874	113
-480.904	253
-504.347	246
-621.419	183
-771.837	161
-755.733	166
-783.284	96
-818.244	108
-368.983	299
-591.145	188
-606.87	194
-731.068	118
-544.548	189
-562.28	208
-392.701	283
-640.612	152
-785.891	149
-699.842	159
-708.052	150
-603.331	174
-855.667	111
-750.301	160
-767.765	137
-690.854	179
-724.666	199
-799.757	137
-819.7	124
-698.256	162
-822.908	130
-635.777	162
-611.02	167
-412.73	267
-803.673	79
-670.094	125
-748.283	96
-547.843	218
-791.708	135
-795.644	109
-583.088	178
-520.279	197
-548.283	189
-428.091	233
-646.032	166
-759.057	116
-355.87	243
-698.873	147
-709.996	151
-750.969	108
-845.13	66
-587.001	182
-827.591	75
-867.06	58
-876.088	58
-490.12	219
-541.185	227
-800.448	89
-759.034	121
-820.61	69
-489.769	204
-743.369	119
-816.337	123
-766.729	121
-820.804	121
-840.321	101
-868.649	97
-602.979	197
-738.944	155
-865.668	85
-766.43	153
-808.652	91
-676.165	134
-661.27	150
-773.69	90
-625.523	214
-531.238	187
-663.632	158
-823.302	74
-719.135	134
-795.04	91
-671.066	123
-776.019	83
-743.844	119
-794.034	102
-689.982	120
-608.243	182
-706.798	127
-691.137	125
-709.3	136
-676.402	142
-800.966	79
-616.192	154
-766.785	89
-679.682	132
-790.117	114
-848.875	99
-887.023	59
-883.374	66
-851.255	88
-820.394	117
-803.032	120
-789.585	114
-785.705	128
-754.358	118
-900.458	95
-901.078	88
-870.229	105
-869.717	120
-897.238	101
-863.757	102
-874.369	96
-819.689	115
-909.95	94
-905.448	92
-898.125	104
-912.46	95
-905.592	112
-908.266	92
-807.078	107
-837.539	109
-907.379	70
-884.102	74
-898.897	77
-761.467	145
-880.325	73
-626.171	181
-818.761	110
-735.662	139
-913.296	84
-886.348	128
-905.193	88
-907.604	85
-728.628	163
-753.729	118
-585.303	222
-898.676	56
-757.759	146
-904.083	84
-642.377	164
-755.816	117
-846.608	77
-896.026	45
-814.558	80
-822.874	76
-790.764	110
-539.143	207
-877.93	61
-871.226	114
-898.83	50
-788.683	97
-710.93	130
-800.845	101
-784.675	113
-885.157	96
-684.723	173
-661.474	161
-819.793	94
-856.204	70
-844.698	65
-822.53	85
-553.155	203
-680.189	137
-892.564	49
-848.064	58
-783.374	92
-877.481	54
-851.325	62
-759.02	106
-602.892	149
-770.267	104
-638.131	149
-700.664	112
-730.826	113
-883.946	49
-628.144	167
-696.933	121
-657.065	136
-800.87	115
-758.683	125
-679.671	157
-787.276	81
-792.23	113
-813.709	93
-654.587	158
-616.022	173
-648.386	155
-516.789	186
-873.606	80
-707.833	103
-761.782	89
-643.452	156
-497.588	210
-712.778	127
-623.632	189
-874.732	49
-563.973	193
-711.486	113
-807.376	139
-729.559	108
-827.376	88
-665.859	161
-677.13	158
-782.081	125
-793.082	103
-674.921	154
-732.014	116
-581.872	182
-693.18	138
-876.828	49
-634.053	187
-714.869	125
-796.117	101
-612.892	159
-699.555	145
-623.967	145
-905.318	70
-906.505	97
-829.805	101
-438.252	243
-836.041	79
-671.806	118
-778.337	129
-786.693	96
-729.57	141
-809.479	82
-582.351	159
-640.168	171
-683.098	133
-651.393	155
-558.801	200
-893.539	49
-595.137	181
-637.332	167
-598.483	159
-603.797	174
-877.731	68
-771.137	111
-792.333	84
-676.064	158
-829.062	75
-782.013	83
-737.958	129
-802.42	92
-627.737	178
-737.298	104
-816.958	135
-626.653	168
-551.08	188
-750.553	102
-566.252	177
-583.049	189
-830.496	69
-673.989	147
-660.71	153
-579.265	206
-519.77	265
-650.77	172
-874.913	118
-748.648	183
-822.119	163
-692.905	177
-692.604	184
-688.178	193
-760.669	144
-745.44	145
-811.131	134
-824.93	112
-835.972	113
-785.881	116
-654.26	189
-838.868	102
-561.746	223
-583.483	218
-576.996	208
-860.071	135
-551.036	216
-872.885	136
-789.197	130
-807.465	112
-553.348	227
-576.696	210
-582.785	180
-564.586	169
-792.631	122
-690.965	199
-322.353	280
-537.033	230
-819.198	81
-580.43	183
-536.705	208
-684.317	134
-609.274	192
-782.691	111
-709.404	151
-798.202	114
-839.294	114
-760.915	146
-736.193	110
-772.445	100
-708.264	132
-650.14	181
-841.339	73
-789.2	98
-749.29	109
-770.337	110
-860.89	138
-454.333	283
-739.222	103
-569.138	290
-654.798	128
-678.004	166
-684.027	146
-711.089	137
-626.101	148
-795.002	75
-798.282	118
-402.129	277
-758.415	90
-751.942	90
-579.777	186
-594.344	182
-687.048	155
-732.911	109
-601.579	166
-568.109	224
-678.082	155
-603.576	173
-658.642	171
-551.952	186
-881.906	51
-755.959	111
-539.259	207
-689.837	143
-766.577	99
-751.099	99
-679.377	139
-734.546	97
-598.749	183
-650.585	160
-577.758	186
-796.862	115
-668.647	133
-597.394	178
-628.56	147
-748.049	87
-753.621	103
-570.759	194
-636.385	148
-653.487	130
-630.999	178
-502.237	211
-501.607	202
-698.684	125
-516.115	190
-680.051	139
-715.026	127
-587.502	201
-719.932	125
-718.571	123
-607.691	184
-617.19	155
-696.72	138
-909.287	35
-773.262	100
-799.289	82
-704.966	131
-543.7	184
-748.388	113
-849.394	69
-825.368	65
-769.091	86
-728.192	127
-874.083	59
-641.585	185
-720.361	134
-748.559	154
-782.88	119
-787.881	95
-668.598	168
-814.591	81
-656.936	163
-547.511	214
-777.054	120
-739.721	130
-872.371	84
-654.666	152
-712.616	140
-747.843	101
-712.82	135
-573.032	194
-739.701	125
-674.784	151
-910.684	39
-608.115	159
-843.917	91
-848.542	55
-796.9	110
-834.291	79
-888.748	76
-767.848	120
-698.744	141
-705.611	157
-696.492	140
-798.901	103
-759.372	134
-795.026	123
-654.195	147
-813.597	77
-778.47	109
-865.997	60
-780.87	92
-702.609	127
-919.625	30
-682.942	130
-733.1	114
-564.198	188
-718.301	112
-712.151	126
-661.737	159
-683.288	120
-734.558	123
-671.525	126
-614.792	164
-697.048	148
-778.742	127
-829.286	99
-553.356	207
-611.584	157
-754.12	135
-594.075	180
-651.966	173
-642.427	170
-554.851	229
-632.105	191
-591.661	200
-706.83	117
-671.261	131
-623.342	187
-704.77	122
-719.46	139
-427.015	253
-601.106	189
-591.769	191
-803.085	86
-768.343	117
-394.047	316
-623.635	153
-477.486	195
-683.902	170
-671.67	134
-544.662	194
-741.925	106
-640.507	143
-670.571	151
-702.282	110
-805.435	148
-781.068	93
-773.758	187
-784.012	108
-704.177	195
-874.889	52
-763.509	100
-721.066	129
-565.94	178
-860.508	75
-788.856	104
-716.089	184
-811.736	89
-785.511	114
-814.461	92
-740.584	98
-641.041	129
-711.041	110
-651.832	127
-811.568	81
-585.78	156
-364.192	246
-534.25	213
-616.969	148
-592.995	187
-441.807	247
-659.882	187
-757.124	117
-867.926	53
-596.67	163
-724.039	140
-614.387	155
-724.196	124
-779.179	88
-653.907	149
-816.457	110
-602.915	175
-708.724	130
-676.036	135
-693.625	153
-706.412	131
-877.624	50
-771.719	99
-527.033	222
-770.262	96
-474.43	247
-696.147	147
-700.888	140
-598.069	183
-623.224	146
-598.69	177
-594.107	190
-767.65	92
-584.962	231
-594.245	156
-589.658	185
-599.861	191
-777.888	99
-829.569	82
-675.421	139
-570.912	185
-645.985	149
-567.98	197
-862.123	58
-749.733	124
-669.388	161
-714.519	131
-777.496	96
-666.337	161
-703.6	144
-639.697	161
-550.7	185
-706.68	120
-681.711	128
-611.369	178
-665.009	168
-681.011	148
-524.239	208
-741.778	171
-565.288	194
-706.891	115
-580.994	186
-802.367	108
-869.838	83
-761.5	112
-653.401	227
-629.146	146
-508.911	204
-562.349	173
-573.953	206
-616.746	344
-424.256	239
-482.942	238
-466.079	242
-310.592	275
-647.148	175
-518.352	225
-601.284	149
-845.186	57
-579.43	203
-530.407	199
-628.306	176
-685.16	128
-443.85	222
-714.796	99
-821.264	101
-758.575	133
-717.491	110
-514.554	190
-782.749	115
-684.262	127
-541.422	239
-515.759	198
-561.114	208
-753.166	92
-537.664	200
-628.338	169
-597.671	172
-569.247	183
-555.284	165
-540.573	197
-569.922	188
-376.28	256
-584.221	170
-515.595	208
-623.646	147
-581.131	200
-787.084	83
-627.487	139
-604.098	153
-561.656	190
-502.931	307
-653.471	159
-796.523	91
-644.926	174
-649.47	156
-726.605	112
-792.599	84
-90.5188	643
-623.896	152
-781.415	89
-687.082	132
-790.29	111
-723.994	122
-658.17	159
-618.316	168
-566.62	191
-837.909	68
-849.7	59
-668.181	166
-482.581	242
-639.987	181
-272.188	338
-432.645	211
350.452	608
-618.443	188
-786.947	79
-722.688	118
-781.723	90
1994.39	804
-138.582	337
-534.458	188
-687.633	162
-768.249	92
-755.441	100
-830.614	69
-811.684	82
-752.887	94
-772.332	98
-511.661	215
-680.365	141
-827.153	69
-812.585	75
-790.805	88
-652.536	147
-748.897	104
-633.457	159
-756.839	100
-733.863	112
-673.531	149
-587.402	186
-711.514	121
-616.989	174
-646.875	178
-841.734	63
-868.411	74
-740.68	121
-866.749	75
-793.815	113
-668.602	140
-714.79	126
-688.239	150
-748.038	109
-652.979	155
-738.859	99
-729.707	99
-736.866	98
-707.178	118
-677.625	116
-658.498	145
-613.57	149
-653.317	165
-753.439	115
-545.623	203
-582.661	164
-550.366	171
-743.665	164
-620.164	182
-548.979	172
-640.397	182
-558.161	175
-707.44	121
-402.207	257
-459.762	208
-806.584	110
-509.754	214
-651.529	173
-547.451	186
-253.101	331
-647.613	131
-483.78	191
-492.893	188
-527.983	190
-467.714	287
-411.182	231
-572.766	191
-395.474	251
-514.739	215
-537.696	194
-516.119	221
-664.599	155
-673.548	151
-592.22	183
-569.473	195
-586.754	171
-641.99	137
-380.185	286
1881.56	804
73.1062	424
1961.48	804
619.853	804
-191.309	613
-521.193	198
719.308	804
-285.607	319
-559.104	165
-554.337	218
-594.698	168
-430.626	223
-547.458	186
-586.36	172
-583.178	168
-559.745	185
-538.53	187
-556.099	248
-521.414	189
-605.384	177
-495.693	185
-427.331	246
-627.471	166
-505.958	190
-599.947	187
-581.473	201
-564.65	171
-620.174	199
-535.835	166
-514.795	218
-579.34	208
-728.501	116
-812.942	78
-584.878	225
-796.307	90
-709.216	125
-515.71	197
-764.395	95
-727.706	113
-643.641	149
-786.245	86
-743.937	115
-578.434	211
-740.1	96
-575.449	172
-622.18	189
-651.379	157
-673.427	129
-566.604	176
-637.668	192
-764.752	139
-678.611	116
-461.126	239
-681.082	156
-650.649	197
-786.394	128
-706.685	156
-685.486	169
-567.432	214
-608.485	192
-758.892	123
-836.215	136
-801.949	71
-717.554	108
-714.925	119
-734.985	134
-844.711	92
-685.596	153
-831.229	63
-542.348	188
-641.487	151
-597.818	173
-642.553	138
-759.972	98
-688.473	129
-889.935	100
-680.157	153
-743.901	130
-793.055	84
-650.439	152
-682.393	151
-624.587	175
-739.382	103
-723.417	136
-805.155	112
-756.418	108
-703.986	129
-891.78	41
-854	64
-428.72	267
-695.674	120
-650.518	162
-629.922	162
-707.889	124
-594.771	185
-657.113	149
-768.937	112
-745.087	119
-743.405	113
-526.493	209
-705.157	129
-739.895	118
-749.63	106
-659.849	150
-643.925	159
-784.775	83
-735.356	101
-697.387	116
-834.776	62
-754.255	122
-562.72	180
-777.492	104
-850.915	63
-756.967	107
-835.887	76
-742.627	118
-638.445	157
-470.557	242
-557.796	183
-692.544	121
-914.327	37
-621.978	169
-870.532	51
-718.354	107
-692.822	131
-806.195	69
-619.183	176
-851.521	85
-648.42	159
-593.868	189
-926.609	57
-923.039	51
-655.138	133
-679.45	161
-820.512	115
-579.572	201
-672.783	132
-575.137	187
-749.986	115
-801.128	87
-476.583	215
-586.663	187
-458.941	226
-556.843	177
-834.158	81
-488.015	218
-773.356	131
-530.86	207
-861.882	76
-402.462	285
-837.26	91
-817.789	89
-801.033	88
-632.732	174
-760.116	135
-823.121	117
-704.913	146
-661.78	156
-845.021	86
-620.899	157
-767.151	94
-891.161	44
-847.157	100
-788.794	106
-860.795	98
-868.54	51
-698.343	148
-754.709	105
-930.207	57
-706.277	121
-656.125	161
-685.058	106
-906.069	60
-657.149	150
-643.181	181
-855.867	57
-812.198	100
-873.852	104
-680.151	135
-847.609	73
-717.824	140
-633.838	148
-611.307	158
-676.804	131
-687.157	135
-628.877	155
-833.421	70
-848.693	57
-709.128	109
-525.278	204
-758.522	139
-866.772	57
-800.009	110
-843.862	78
-566.4	192
-892.069	46
-543.233	228
-867.644	53
-640.69	181
-571.476	204
-784.21	89
-796.296	128
-531.111	193
-664.828	150
-664.864	162
-636.98	155
-637.585	141
-472.617	205
-702.832	133
-900.245	42
-769.907	123
-901.922	38
-901.353	38
-570.86	183
-630.96	157
-535.854	170
-856.721	51
-923.803	51
-865.783	49
-579.411	175
-631.392	162
-804.005	99
-744.597	124
-754.492	110
-837.937	101
-835.359	57
-651.035	178
-859.621	67
-807.534	95
-827.014	76
-399.53	266
-805.761	75
-785.804	121
-628.345	172
-661.576	139
-767.43	135
-757.171	106
-664.352	144
-650.605	172
-799.581	99
-549.733	210
-877.054	61
-615.669	163
-930.891	35
-849.831	94
-564.355	198
-707.902	159
-657.549	159
-461.814	237
-726.781	117
-867.089	54
-764.528	106
-883.985	55
-851.233	84
-747.758	101
-745.674	109
-755.79	92
-573.611	205
-921.039	40
-598.845	191
-797.235	110
-783.453	121
-875.175	60
-886.39	64
-847.455	93
-885.086	78
-801.789	90
-887.868	66
-822.825	91
-746.646	137
-910.192	53
-827.539	117
-791.075	121
-783.183	134
-756.386	124
-670.259	146
-564.075	196
-640.303	148
-613.404	176
-691.446	132
-744.655	137
-787.813	114
-866.998	91
-877.768	58
-511.284	217
-813.993	91
-850.485	54
-655.698	143
-838.778	109
-612.458	165
-794.857	74
-915.649	50
-930.473	46
-888.444	70
-626.378	158
-644.331	155
-815.961	88
-672.923	125
-931.318	37
-720.288	126
-927.302	58
-865.628	71
-672.367	129
-671.373	142
-877.872	98
-686.644	157
-832.366	88
-722.343	106
-596.077	178
-672.238	149
-868.966	70
-667.66	147
-741.126	137
-817.3	76
-718.059	102
-809.716	80
-820.486	79
-836.442	65
-895.686	40
-733.356	149
-655.576	162
-746.132	112
-746.701	130
-719.766	147
-687.107	166
-741.624	128
-669.465	169
-809.098	114
-793.764	90
-842.643	59
-756.527	109
-676.239	153
-657.438	198
-794.665	96
-925.061	31
-726.918	112
-762.563	130
-734.015	133
-830.046	91
-813.446	93
-830.938	69
-741.458	149
-842.923	86
-731.12	146
-834.877	71
-768.132	117
-785.826	103
-788.811	124
-856.944	67
-791.313	91
-776.262	119
-818.36	72
-602.59	197
-846.353	70
-659.908	208
-772.709	109
-828.759	94
-791.389	112
-873.1	80
-819.946	103
-712.258	141
-609.54	182
-820.399	73
-781.123	107
-801.981	112
-720.361	149
-697.083	169
-717.705	133
-825.311	84
-778.899	113
-760.447	112
-775.142	141
-862.728	73
-846.243	97
-842.579	94
-829.565	103
-846.806	124
-811.977	115
-871.387	98
-916.289	80
-897.147	90
-849.364	113
-758.296	94
-716.519	116
-658.557	142
-674.379	135
-751.259	105
-728.526	121
-645.328	161
-795.669	89
-643.538	147
-822.798	116
-563.682	186
-613.407	187
-919.935	32
-565.858	191
-836.783	80
-596.202	193
-558.799	200
-728.509	105
-681.433	132
-745.169	313
-555.299	199
-630.75	156
-731.768	145
-651.789	159
-725.467	174
-732.763	132
-606.455	172
-668.359	139
-689.13	154
-591.567	177
-791.881	98
-895.072	40
-645.625	163
-643.718	144
-587.844	165
-814.63	71
-818.463	87
-550.459	197
-487.8	214
-563.07	181
-541.55	219
-619.37	169
-737.64	135
-569.273	188
-653.102	166
-539.466	213
-579.905	199
-821.607	113
-781.198	114
-709.018	162
-750.923	145
-688.283	156
-549.562	210
-758.144	121
-762.671	115
-641.881	159
-606.431	191
-918.298	32
-794.473	92
-575.152	184
-739.612	149
-911.908	38
-567.801	203
-846.425	56
-578.908	193
-920.695	31
-616.761	169
-577.697	207
-692.863	154
-817.598	84
-733.703	132
-715.994	118
-850.048	70
-886.035	84
-694.015	161
-765.718	132
-844.101	63
-874.917	53
-783.089	92
-700.572	129
-784.389	123
-678.007	126
-830.133	114
-806.186	93
-658.847	156
-667.48	149
-766.905	135
-577.128	187
-671.93	127
-906.061	63
-888.998	96
-646.43	130
-725.482	108
-921.043	55
-592.97	208
-683.163	121
-707.526	116
-908.07	42
-751.336	115
-785.098	85
-645.514	152
-617.508	161
-840.108	86
-711.371	126
-785.278	108
-826.784	69
-766.52	116
-821.319	77
-475.802	210
-611.158	155
-675.436	124
-824.842	85
-760.328	107
-628.411	147
-692.715	143
-736.345	103
-672.522	153
-736.678	104
-729.524	127
-704.661	135
-642.573	155
-648.285	154
-889.567	63
-749.11	114
-696.319	130
-681.68	138
-574.753	199
-740.354	103
-690.574	152
-883.67	43
-633.264	157
-764.45	90
-637.834	151
-815.853	90
-641.054	161
-850.357	83
-803.298	97
-909.203	35
-644.064	159
-563.747	176
-772.304	110
-749.26	96
-564.596	189
-609.868	174
-599.667	189
-642.062	170
-335.654	263
-812.127	113
-741.825	133
-680.575	158
-741.163	127
-539.359	220
-819.364	81
-663.152	145
-812.736	81
-687.834	131
-652.75	156
-704.097	134
-534.912	191
-612.327	182
-578.412	171
-564.473	195
-639.408	154
-561.801	202
-517.607	226
-618.989	153
-605.649	184
-533.47	214
-839.628	89
-802.473	99
-527.355	215
-649.456	136
-839.873	67
-608.812	195
-657.928	161
-791.686	142
-627.316	165
-628.152	174
-679.975	152
-657.139	157
-667.103	167
-625.746	172
-698.715	145
-897.415	38
-650.113	172
-674.276	145
-678.472	132
-553.825	186
-667.595	140
-676.516	146
-655.048	173
-676.141	167
-568.904	212
-651.219	162
-658.645	160
-499.822	220
-609.536	157
-609.065	169
-711.786	114
-858.814	57
-808.508	73
-624.228	153
-541.914	207
-824.201	105
-687.292	134
-123.422	395
-553.81	171
-659.368	135
-675.887	151
-639.647	151
-688.261	135
-773.75	104
-654.175	147
-557.263	189
-881.398	61
-627.036	157
-689.415	123
-662.923	145
-708.31	122
-667.854	155
-692.482	137
-720.456	122
-640.274	149
-684.139	162
-611.896	174
-691.144	137
-831.01	65
-657.641	138
-844.502	59
-632.328	155
-580.462	192
-688.812	142
-648.686	170
-716.59	117
-710.074	128
-704.514	143
-551.197	209
-643.578	157
-643.941	173
-835.93	106
-690.253	154
-643.896	167
-685.509	150
-662.773	139
-630.822	167
-685.378	152
-620.34	156
-678.819	174
-686.074	141
-604.015	178
-658.372	146
-725.479	114
-631.13	149
-720.681	106
-752.663	114
-670.637	144
-802.285	98
-702.973	140
-701.31	112
-737.192	129
-797.262	88
-655.846	152
-692.345	124
-650.838	157
-647.022	158
-690.996	133
-705.444	144
-697.395	138
-642.418	149
-717.823	109
-709.724	122
-854.647	100
-779.3	100
-799.503	91
-667.592	144
-813.135	92
-660.027	140
-700.012	120
-671.873	137
-681.066	138
-710.427	140
-895.88	38
-670.159	143
-740.329	112
-708.156	131
-663.552	142
-689.249	123
-681.25	152
-586.584	157
-872.914	57
-673.966	139
-678.484	145
-655.126	154
-650.382	166
-702.682	113
-722.224	119
-646.758	159
-736.553	96
-640.25	218
-536.468	210
-303.99	321
-661.42	185
-673.193	144
-587.763	173
-712.348	130
-658.426	135
-753.186	127
-703.386	144
-695.296	127
-521.7	200
-681.882	139
-552.252	198
-683.775	136
-831.467	115
-683.679	135
-679.779	141
-681.96	152
-752.881	102
-709.908	132
-660.525	140
-676.288	145
-833.628	72
-667.262	129
-689.332	125
-700.064	141
-599.484	187
-726.78	123
-621.785	176
-609.412	173
-886.989	43
-882.027	42
-604	171
-638.711	155
-798.625	80
-639.679	165
-666.05	158
-730.279	115
-708.249	126
-613.522	181
-621.594	158
-645.593	149
-719.594	123
-686.82	149
-710.77	115
-855.632	88
-743.632	114
-619.062	169
-699.564	135
-602.536	196
-676.674	143
-581.611	218
-925.854	30
-656.282	150
-718.231	149
-629.987	174
-769.481	130
-727.723	100
-781.144	87
-773.066	113
-680.977	186
-529.304	213
-908.047	35
-780.071	89
-892.687	47
-750.595	100
-816.441	79
-538.603	181
-859.635	55
-557.427	179
-639.173	141
-614.944	194
-879.148	46
-554.412	191
-585.62	187
-568.586	213
-586.748	177
-661.299	133
-899.343	43
-533.656	175
-873.104	47
-523.303	199
-466.028	241
-502.06	232
-682.526	125
-657.088	154
-878.247	44
-535.526	179
-536.262	184
-627.544	178
-586.42	176
-408.921	237
-668.707	169
-860.812	52
-910.232	34
-732.422	159
-570.499	171
-831.321	87
-631.927	157
-697.42	115
-597.861	191
-579.666	185
-573.867	225
-724.207	109
-584.353	180
-519.479	195
-588.299	184
-599.271	202
-746.883	137
-710.557	146
-907.1	86
-735.771	140
-682.454	128
-854.163	81
-573.072	189
-744.114	135
-381.442	259
-777.934	148
-485.512	253
-868.664	58
-613.582	163
-612.625	146
-732.87	113
-680.019	137
-820.911	67
-607.382	204
-917.57	32
-711.112	113
-739.885	110
-812.256	75
-750.841	115
-552.914	185
-575.648	177
-683.732	125
-628.919	148
-639.429	161
-698.528	111
-621.171	158
-787.548	75
-608.791	191
-559.837	195
-525.792	217
-626.907	173
-631.108	154
-575.044	182
-620.803	160
-685.927	163
-587.684	185
-661.744	145
-643.71	161
-810.373	119
-560.37	200
-794.79	82
-813.729	66
-670.153	126
-603.194	172
-626.364	155
-660.608	152
-651.403	150
-646.494	168
-626.919	165
-604.498	181
-627.726	176
-561.139	214
-579.096	188
-917.77	31
-598.294	181
-773.539	82
-553.897	200
-523.712	220
-384.226	282
-643.369	148
-448.406	283
-556.396	232
-704.75	115
-306.96	307
-732.786	146
-602.77	180
-851.315	54
-685.008	126
-641.193	153
-463.669	224
-606.815	168
-580.245	188
-556.342	193
-730.872	126
-590.854	153
-672.732	181
-750.966	104
-540.134	232
-578.341	195
-531.698	208
-677.883	131
-857.459	79
-898.957	39
-597.221	188
-585.148	180
-670.249	146
-406.565	267
-532.305	204
-925.701	30
-753.767	124
-893.019	47
-559.977	180
-627.87	161
-563.792	227
-532.586	208
-548.769	197
-673.878	132
-580.851	181
-597.677	179
-266.665	326
-644.463	152
-441.525	255
-508.347	226
-574.331	196
-256.58	342
-484.988	242
-414.275	287
-762.415	92
-497.891	214
-587.835	172
-410.243	257
-561.322	195
-658.612	145
-483.685	235
-484.402	242
-618.941	155
-503.466	215
-545.347	228
-480.845	256
-632.911	154
-528.772	215
-563.662	194
-542.481	203
-508.087	217
-702.325	127
-627.352	167
-808.089	87
-725.8	138
-558.147	185
-596.612	171
-769.807	104
-632.773	159
-728.601	134
-593.086	222
-603.852	171
-553.508	208
-589.06	180
-538.657	186
-682.477	160
-565.085	209
-478.889	242
-590.706	186
-279.274	304
-781.94	95
-822.108	82
-453.237	237
-825.56	78
-784.391	94
-766.422	124
-622.156	174
-651.026	159
-732.81	172
-704.437	201
-729.062	153
-607.596	168
-647.355	147
-716.923	126
-730.758	165
-837.966	73
-521.638	227
-709.715	163
-588.822	214
-480.664	271
-521.639	223
-619.668	225
-633.052	161
-448.478	257
-672.852	176
-530.653	220
-603.871	217
-750.782	142
-409.216	294
-734.814	168
-572.913	184
-500.356	206
-541.053	206
-440.143	279
-723.188	174
-658.735	174
-645.145	215
-577.089	202
-548.638	197
-654.873	177
-513.809	221
-730.601	159
-743.737	166
-785.837	116
-625.8	178
-519.086	237
-630.408	162
-539.968	212
-531.764	226
-691.618	210
-537.925	227
-798.106	117
-750.797	167
-606.327	222
-526.232	218
-618.083	157
-539.212	213
-789.055	122
-570.416	184
-799.545	138
-614.113	164
-519.423	221
-743.127	154
-683.35	170
-720.448	172
-470.136	242
-732.026	169
-769.688	149
-629.953	170
-743.875	141
-703.38	191
-494.291	235
-825.117	100
-503.32	232
-728.773	146
-767.307	131
-522.556	208
-476.705	291
-593.953	177
-804.169	152
-801.352	150
-802.837	116
-604.444	225
-783.596	150
-737.528	141
-753.703	145
-514.999	237
-718.32	184
-632.646	168
-559.348	217
-761.792	145
-565.951	224
-589.777	205
-513.944	229
-585.218	172
-579.329	199
-774.585	124
-704.95	181
-575.838	201
-784.99	131
-562.527	240
-687.483	188
-730.814	154
-794.308	109
-609.733	162
-612.542	164
-592.209	248
-484.622	223
-804.874	122
-643.637	172
-758.742	141
-732.624	175
-732.821	131
-665.455	162
-737.958	146
-540.887	208
-819.005	135
-569.229	213
-792.719	122
-588.702	186
-719.48	140
-897.536	42
-650.613	154
-736.245	129
-848.263	72
-654.737	147
-881.243	46
-846.518	101
-779.165	125
-712.301	131
-737.853	150
-771.166	85
-785.931	119
-569.6	202
-774.741	89
-735.114	114
-895.661	40
-853.964	74
-422.994	230
-854.054	65
-690.395	139
-662.608	148
-627.617	168
-634.033	160
-598.934	178
-615.077	166
-657.808	162
-708.889	157
-674.204	185
-697.775	134
-773.749	123
-729.422	131
-725.297	147
-634.383	194
-776.692	130
-853.749	91
-778.797	108
-903.695	83
-856.483	83
-839.762	96
-792.953	116
-656.223	183
-670.771	167
-801.504	114
-820.099	108
-850.966	114
-776.622	140
-831.399	123
-842.187	109
-789.762	150
-851.868	94
-892.278	115
-759.868	141
-836.621	111
-922.374	81
-895.741	51
-790.39	152
-873.628	107
-912.682	89
-793.479	119
-905.948	64
-853.784	83
-916.536	85
-917.881	81
-824.898	130
-843.298	110
-843.983	72
-857.447	93
-905.83	91
-711.637	160
-816.11	122
-690.806	180
-797.702	126
-779.289	115
-867.436	104
-825.648	129
-860.324	88
-664.123	165
-598.307	173
-896.48	62
-894.392	74
-874.493	103
-905.451	73
-730.55	144
-765.978	127
-694.298	148
-626.54	178
-679.033	182
-635.698	166
-836.259	91
-605.345	179
-576.65	190
-822.08	78
-884.937	53
-761.984	124
-828.258	99
-790.863	92
-708.615	148
-892.975	41
-656.672	170
-653.435	170
-635.789	157
-643.456	191
-687.271	136
-541.363	213
-863.401	60
-896.799	44
-884.821	51
-645.921	153
-728.325	113
-856.758	90
-867.581	58
-644.82	168
-892.281	48
-781.782	87
-849.132	66
-736.571	122
-862.098	106
-755.501	101
-792.73	88
-699.114	138
-800.513	88
-629.315	170
-822.971	106
-863.013	80
-800.848	120
-810.786	87
-833.027	70
-781.611	114
-799.43	92
-785.154	101
-736.07	130
-792.419	107
-824.991	71
-696.453	141
-761.97	104
-656.243	165
-682.828	170
-713.437	167
-769.381	108
-808.166	75
-607.773	186
-513.935	212
-634.108	180
-623.108	191
-644.35	166
-838.469	59
-547.9	201
-653.022	151
-612.135	171
-645.85	179
-678.819	147
-621.032	170
-556.576	209
-703.929	127
-596.531	173
-831.337	85
-665.837	159
-874.845	76
-726.516	125
-708.99	123
-815.803	83
-731.12	122
-572.474	187
-777.898	94
-614.108	175
-814.489	120
-719.615	135
-703.942	124
-881.243	90
-888.718	44
-759.328	97
-766.018	125
-896.234	41
-748.579	112
-723.808	102
-743.265	124
-530.163	211
-714.144	134
-676.724	125
-840.148	92
-876.802	63
-609.263	154
-580.998	213
-678.6	133
-542.116	230
-818.472	86
-831.861	80
-717.598	134
-662.203	154
-686.515	125
-686.221	143
-811.155	83
-693.949	137
-747.438	103
-778.303	113
-618.066	170
-585.679	180
-892.908	71
-841.545	70
-537.775	181
-520.641	203
-648.45	157
-827.175	61
-760.369	98
-648.099	148
-735.226	108
-582.588	190
-738.639	105
-554.013	194
-593.351	189
-553.236	183
-608.289	146
-621.044	156
-590.14	193
-544.367	192
-696.593	147
-645.416	154
-510.151	197
-675.726	154
-512.556	197
-609.556	143
-651.547	154
-554.828	170
-583.625	209
-641.957	157
-488.229	223
-593.298	173
-667.169	133
-747.11	94
-488.648	221
-658.396	154
-550.371	213
-572.714	166
-737.343	102
-673.524	130
-645.262	150
-836.342	73
-675.114	143
-570.024	206
-578.609	206
-610.237	166
-526.84	233
-618.059	166
-603.441	211
-623.504	161
-582.276	199
-744.5	98
-638.565	140
-665.668	142
-722.318	119
-668.839	130
-428.468	262
-706.423	107
-408.879	261
-577.367	173
-583.893	160
-550.593	203
-501.852	191
-647.263	135
-709.428	109
-637.496	179
-596.184	183
-160.797	348
-586.866	185
-734.702	104
-635.277	160
-580.866	213
-587.078	186
-728.947	103
-417.832	288
-411.812	293
-649.256	155
-684.581	124
-709.392	131
-659.551	167
-577.588	191
-675.381	129
-350.113	335
-574.921	204
-627.998	152
-646.412	203
-488.597	238
-468.96	214
-486.125	296
-591.593	191
-224.909	420
-599.604	169
-587.427	194
-591.768	188
-751.919	92
-625.457	173
-617.751	165
-576.17	217
-684.408	156
-360.075	294
-449.223	237
-702.691	118
-278.996	330
-570.587	196
-717.807	136
-683.073	111
-638.155	155
-560.266	197
-610.034	166
-489.455	200
-364.702	268
-605.069	146
-778.539	93
-680.235	160
-674.448	151
-643.964	153
-661.894	150
-623.084	175
-758.738	137
-707.172	152
-678.5	138
-603.272	192
-744.432	133
-632.001	173
-805.755	70
-737.923	107
-654.074	144
-670.741	164
-706.928	150
-658.341	157
-679.701	147
-706.55	115
-735.564	111
-691.303	158
-896.519	40
-721.649	120
-680.606	151
-563.395	209
-633.765	161
-785.115	86
-732.493	152
-898.365	49
-906.653	39
-688.603	134
-790.538	89
-735.066	120
-759.31	102
-681.283	171
-757.695	93
-722.94	121
-689.569	145
-744.154	115
-683.727	136
-600.253	182
-535.381	214
-679.584	166
-760.575	104
-762.945	111
-691.619	129
-700.492	137
-624.136	164
-704.928	113
-704.916	122
-629.005	180
-605.755	165
-675.483	139
-622.036	168
-610.649	165
-669.727	168
-459.842	222
-913.13	33
-613.473	156
-533.739	177
-718.688	119
-816.937	67
-780.531	85
-907.373	37
-764.667	93
-706.266	126
-752.164	95
-708.125	128
-824.919	66
-618.361	176
-829.962	98
-845.076	93
-932.593	56
-766.029	119
-887	85
-738.759	115
-875.569	78
-649.415	244
-474.992	217
-804.765	97
-605.646	256
-793.816	109
-807.691	107
-926.306	30
-510.62	205
-870.58	77
-784.786	111
-757.876	105
-739.116	115
-802.887	89
-927.904	29
-884.496	55
-782.128	101
-599.577	163
-761.806	108
-659.2	167
-391.924	262
-642.755	157
-660.104	127
-452.932	301
-532.955	213
-698.337	125
-670.564	137
-640.241	158
-710.776	152
-720.256	104
-606.557	181
-557.168	200
-747.943	144
-639.12	159
-577.542	174
-554.666	190
-634.111	161
-603.258	179
-662.087	159
-869.125	54
-635.282	162
-647.303	171
-644.319	157
-555.808	167
-623.297	145
-439.126	252
-618.55	144
-612.7	216
-552.517	223
-622.434	148
-650.522	135
-582.921	189
-677.624	152
-476.587	256
-570.57	174
-641.927	149
-571.994	172
-704.376	143
-613.538	163
-631.29	162
-523.223	191
-782.236	83
-613.459	154
-630.578	153
-606.618	168
-608.56	154
-650.271	147
-566.21	166
-650.977	172
-536.558	168
-657.214	131
-531.834	210
-598.246	177
-651.242	144
-625.141	181
-698.564	118
-662.485	137
-640.471	156
-632.926	162
-647.938	157
-568.041	175
-490.026	220
-644.839	157
-609.379	153
-496.876	185
-297.71	288
-684.403	126
-555.513	186
-607.105	166
-487.875	228
-724.655	158
-616.106	164
-704.943	131
-569.714	186
-590.972	166
-581.875	169
-509.462	198
-626.413	213
-605.09	151
-527.693	212
-547.818	180
-543.369	190
-593.192	175
-603.579	169
-793.98	77
-581.597	198
-709.59	129
-591.381	189
-865.741	69
-851.887	80
-882.656	49
-723.198	144
-802.081	96
-492.186	217
-782.718	97
-748.456	104
-782.46	105
-509.603	203
-610.91	190
-828.209	71
-928.995	39
-860.594	59
-680.201	136
-616.527	179
-785.328	149
-510.31	221
-721.304	111
-765.333	120
-839.676	73
-799.896	96
-527.886	201
-785.67	98
-774.106	114
-825.464	79
-733.9	125
-743.262	131
-718.694	126
-677.653	123
-701.31	110
-822.031	76
-834.556	92
-880.334	94
-767.533	157
-733.171	125
-749.352	118
-737.335	150
-705.777	134
-671.514	161
-549.43	221
-738.096	127
-805.59	106
-806.766	105
-604.948	180
-129.765	387
-786.774	98
-902.74	38
-619.883	176
-826.938	99
-626.887	157
-873.686	75
-333.784	314
-691.072	132
-713.253	125
-647.267	192
-618.731	167
-834.047	89
-679.986	133
-508.558	244
-645.929	181
-764.686	91
-808.871	78
-761.34	122
-809.949	94
-721.103	116
-766.74	124
-500.868	229
-424.594	272
-753.865	90
-610.382	150
-770.743	96
-738.674	118
-798.563	105
-880.143	51
-601.847	145
-605.673	206
-906.051	40
-654.796	174
-897.711	40
-446.386	350
-782.664	101
-473.29	222
-762.956	106
-725.21	138
-868.238	95
-758.865	146
-649.958	190
-538.455	215
-770.73	96
-688.357	165
-709.89	140
-807.304	82
-926.733	32
-707.753	115
-616.165	209
-732.98	125
-755.368	116
-849.111	76
-924.955	31
-613.151	170
-662.99	169
-882.782	43
-808.842	101
-658.643	150
-640.96	162
-680.519	122
-574.193	217
-581.877	205
-592.057	181
-594.419	196
-853.37	53
-415.983	246
-757.227	108
-592.993	188
-787.921	108
-646.002	159
-596.819	190
-639.604	153
-763.139	84
-645.073	152
-603.593	187
-666.846	177
-614.501	171
-866.814	63
-658.83	146
-672.632	146
-634.151	165
-691.819	131
-913.672	34
-589.514	185
-339.306	322
-891.071	41
-717.25	114
-692.564	144
-589.803	152
-579.059	147
-573.43	186
-557.924	204
-646.67	159
-412.341	262
-559.151	217
-576.735	174
-456.425	257
-413.617	299
-733.362	117
-675.93	193
-550.175	219
-747.498	101
-661.069	171
-736.692	153
-611.099	171
-648.34	147
-700.632	196
-683.394	130
-628.715	201
-749.494	92
-701.263	147
-805.124	74
-486.384	222
-440.561	240
-890.526	39
-855.645	52
-654.8	151
-609.681	179
-604.707	160
-669.36	144
-591.519	225
-622.974	164
-527.551	230
-585.175	190
-481.097	194
-657.787	137
-501.202	207
-470.516	222
-621.112	183
-644.582	149
-620.823	172
-590.86	185
-603.37	189
-571.473	196
-770.32	89
-608.824	180
-587.726	193
-631.331	170
-618.341	169
-585.459	193
-637.688	171
-594.689	192
-609.058	182
-423.65	243
-607.175	172
-593.068	167
-594.673	174
-606.617	175
-589.722	164
-672.238	158
-585.197	190
-622.922	166
-578.581	185
-580.038	269
-557.816	198
-606.967	178
-619.24	166
-580.405	185
-614.332	180
-709.221	131
-652.279	145
-685.998	140
-638.53	182
-656.587	151
-877.974	45
-615.192	175
-748.638	105
-637.049	161
-301.593	297
-679.632	133
525.829	798
-553.899	195
-645.105	148
-682.093	172
-708.406	107
-899.452	39
-816.525	77
-501.863	215
-502.896	199
-571.138	173
-531.154	192
-621.992	179
-622.021	146
-744.816	136
-819.085	79
-595.868	160
-688.431	137
-442.605	264
-560.855	182
-812.699	68
-807.407	89
-870.111	67
-670.828	160
-675.91	155
-664.676	149
-794.644	105
-874.39	82
-547.817	166
-782.032	121
-751.532	127
-710.401	154
-614.922	158
-846.922	65
-790.64	105
-680.629	161
-747.06	126
-585.458	185
-925.475	67
-849.14	96
-601.09	194
-792.611	146
-760.574	109
-639.603	190
-682.293	168
-886.101	63
-900.917	61
-672.791	165
-673.215	174
-804.485	99
-724.831	129
-918.974	38
