4000,4000,4000,4000,4000,4000,4000,4000,4000
4000,4000,4000,4000,4000,4000,4000,4000,4000
4000,4000,4000,4000,4000,4000,4000,4000,4000
1607.16,1607.12,1606.04,1607.81,1607.64,1607.9,1606.18,1607.95,1605.47
-786.666,-788.555,-788.239,-788.341,-787.872,1490.78,-786.98,-779.463,-786.98
-403.218,-402.617,1524.99,-400.214,-400.214,-381.897,-400.214,-397.989,-394.253
502.723,507.338,1608.34,514.36,512.022,520.737,512.022,513.465,512.022
1726.99,1728.21,1728.17,1727.77,1727.79,1728.2,1726.55,1726.44,1726.52
1745.83,1740.5,1745.91,1747.33,1743.42,1746.03,1744.79,1746.82,1746.92
1812.6,1810.75,1812.45,1811.24,1811.84,1810.93,1828.36,1810.45,1808.68
3334.18,3333.15,3326.42,3335.67,3323.55,3330.4,3324.16,3334.8,3339.23
4000,4000,4000,4000,4000,4000,4000,4000,4000
4000,4000,4000,4000,4000,4000,4000,4000,4000
4000,4000,4000,4000,4000,4000,4000,4000,4000
4000,4000,4000,4000,4000,4000,4000,4000,4000
4000,4000,4000,4000,4000,4000,4000,4000,4000
4000,4000,4000,4000,4000,4000,4000,4000,4000
1523.25,1596.4,1523.3,1523.28,1523.25,1526.77,1538.62,1523.24,1535.52
-711.066,-713.087,-716.993,-715.392,-704.927,-717.092,1495.86,-714.898,-707.64
-851.277,-823.823,-840.146,-842.822,-842.169,-839.955,-834.159,-829.258,1585.4
96.1152,96.0247,87.6276,1548.56,96.0151,96.0408,96.101,93.8055,95.2783
1741.99,1741.72,1743.62,1743.31,1740.64,1744.18,1743.81,1742.66,1748.78
1753.45,1749.44,1753.26,1786.09,1752.14,1752.8,1753.33,1752.82,1751.81
1823.5,1827.41,1824.78,1826.07,1828.49,1827.95,1828.59,1827.73,1827.69
3455.6,3456.74,3457.69,3448.17,3449.89,3453.52,3447.25,3452.44,3457.9
4000,4000,4000,4000,4000,4000,4000,4000,4000
4000,4000,4000,4000,4000,4000,4000,4000,4000
4000,4000,4000,4000,4000,4000,4000,4000,4000
4000,4000,4000,4000,4000,4000,4000,4000,4000
4000,4000,4000,4000,4000,4000,4000,4000,4000
4000,4000,4000,4000,4000,4000,4000,4000,4000
729.693,732.109,735.332,727.529,724.736,734.708,735.033,974.483,733.972
-394.16,-398.939,-398.99,-398.133,-398.391,-394.222,1372.65,-394.156,-394.156
399.077,392.373,1737.71,404.77,403.512,407.054,405.539,395.21,395.21
247.483,224.542,280.189,230.259,266.107,214.881,234.599,2088.42,239.186
1732.65,1763.88,1777.21,1748.35,1734.47,1774.01,1732.83,1747.04,4583.44
1769.98,1771.3,1771.59,1771.86,2062.86,1771.3,1771.59,1771,1771.65
1848.05,1848.02,1848.4,1846.35,1847.67,1847.62,1847.31,1977.03,1847.67
3375.37,3367.85,3383.51,3388.12,3369.48,3381.84,3380.87,3380.78,3387.65
4000,4000,4000,4000,4000,4000,4000,4000,4000
4000,4000,4000,4000,4000,4000,4000,4000,4000
4000,4000,4000,4000,4000,4000,4000,4000,4000
4000,4000,4000,4000,4000,4000,4000,4000,4000
4000,4000,4000,4000,4000,4000,4000,4000,4000
4000,4000,4000,4000,4000,4000,4000,4000,4000
1400.53,-822.342,-822.199,-822.604,-822.111,-822.299,-822.059,-821.951,-822.923
-990.77,-971.697,-990.764,-990.771,2320.41,-986.152,-985.002,-986.263,-988.002
-999.76,-989.216,-999.797,-973.997,-999.839,-999.59,-999.871,2275.9,-987.793
4585.34,-493.812,-392.003,-449.824,-455.945,-494.287,-439.802,-448.535,-444.914
1747.85,1748.26,1748.25,1750.53,1751.28,1750.65,1751.4,1751.49,2528.25
1821.5,1821.41,1820.79,1822.79,1821.09,1822.82,1822.45,1821.88,2041.42
1870.16,1869.14,1869.3,1869.79,1864.99,1870.43,1870.61,1967.38,1869.58
3276.86,3303.74,3278.38,3277.19,3278.37,3282.65,3279.03,3286.47,3287.64
4000,4000,4000,4000,4000,4000,4000,4000,4000
4000,4000,4000,4000,4000,4000,4000,4000,4000
4000,4000,4000,4000,4000,4000,4000,4000,4000
4000,4000,4000,4000,4000,4000,4000,4000,4000
4000,4000,4000,4000,4000,4000,4000,4000,4000
4000,4000,4000,4000,4000,4000,4000,4000,4000
2167.55,1458.16,1461.97,1456.84,1459.58,1462.24,1451.67,1464.55,1452.62
-519.411,-394.447,-483.562,-435.515,-521.311,-417.913,-519.271,4595.29,-382.343
2566.57,-532.066,-528.68,-517.902,-519.611,-513.044,-528.688,-528.825,-528.887
1686.04,1686.55,1686.79,1687.4,1687.41,2922.51,1686.61,1686.91,1686.09
1864.62,1813.31,4557.05,1861.93,1832.51,1815.66,1817.19,1890.95,1837.06
1824.13,1819.01,1821.13,1824.3,1818.84,3388.92,1824.47,1822.97,1823.02
1982.92,1982.31,1982.04,1980.36,1979.65,1982.36,1977.86,2087.63,1982.15
3444.86,3441.49,3440.66,3453.02,3437.1,3455.57,3437.72,3450.77,3455.91
4000,4000,4000,4000,4000,4000,4000,4000,4000
4000,4000,4000,4000,4000,4000,4000,4000,4000
4000,4000,4000,4000,4000,4000,4000,4000,4000
4000,4000,4000,4000,4000,4000,4000,4000,4000
4000,4000,4000,4000,4000,4000,4000,4000,4000
4000,4000,4000,4000,4000,4000,4000,4000,4000
1644.09,1630.99,1647.63,1633,1646.54,2549.81,1648.46,1648.74,1641.75
743.983,746.601,744.277,2629.37,744.183,739.296,743.563,745.145,746.53
1595.96,1596.1,3783.41,1596.66,1595.42,1596.18,1596.42,1594.06,1596.47
1652.17,1635.97,1645.95,1630.51,1634.88,1625.36,1659.04,1635.3,4580.21
1758.89,1769.05,1765.09,1724.27,1723.65,4528.37,1724.29,1746.84,1751.39
1800.12,1798.57,1799.88,3770.65,1795.45,1800.33,1798.03,1800.62,1800.52
1836.74,1836.48,1837.01,1836.38,1835.25,1836.79,1834.55,2248.23,1836.06
2490.92,2489.66,2491.59,2488.8,2495.72,2493.77,2493.27,2494.18,2508.51
4000,4000,4000,4000,4000,4000,4000,4000,4000
4000,4000,4000,4000,4000,4000,4000,4000,4000
4000,4000,4000,4000,4000,4000,4000,4000,4000
4000,4000,4000,4000,4000,4000,4000,4000,4000
4000,4000,4000,4000,4000,4000,4000,4000,4000
4000,4000,4000,4000,4000,4000,4000,4000,4000
1554.13,1558.1,3216.89,1566.72,1566.02,1552.7,1564.78,1564.83,1563.07
909.651,915.084,915.044,916.641,915.537,909.246,924.168,924.04,4214.51
1431.27,1433,1433.44,1432.88,1431.62,4311.61,1433.58,1435.34,1433.6
1897.72,1996.97,2074.6,1868.46,1944.84,4573.49,1846.76,1907.81,2063.66
2147.45,2357.05,2103.25,2160.73,2215.4,4565.12,2128.43,2045.03,2062.11
2342.21,4572.02,2343.46,2289.07,2575.71,2379.46,2186.66,2481.21,2168.18
1584.21,1613.97,1614.12,1533.38,1644.22,1599.64,4584.14,1595.02,1573.26
2588.72,3069.17,2591.29,2586.55,2588.78,2587.84,2588.08,2587.99,2591.82
4000,4000,4000,4000,4000,4000,4000,4000,4000
4000,4000,4000,4000,4000,4000,4000,4000,4000
4000,4000,4000,4000,4000,4000,4000,4000,4000
4000,4000,4000,4000,4000,4000,4000,4000,4000
4000,4000,4000,4000,4000,4000,4000,4000,4000
4000,4000,4000,4000,4000,4000,4000,4000,4000
1645.11,1626.39,1663.7,1649,1624.02,4501.51,1624.74,1646.97,1626.93
-192.175,-262.109,4582.8,-385.075,-283.708,33.1034,-307.943,-283.127,-375.001
-246.284,-422.234,-275.011,-270.401,4544.93,-351.776,-141.996,-87.8141,-269.256
446.875,576.655,404.828,347.098,4458.65,422.947,265.546,149.511,211.423
2.81993e-83,7.08648e-89,1.96634e-292,2.60616e-122,4437.29,0,2.64964e-64,1.6548e-63,7.93561e-162
4575.1,1922.89,1827.57,1804.58,1749.8,1869.71,1784.2,1980.27,1815.24
1716.12,1715.13,1825.14,1702.33,1742.52,1828.31,4597.46,1766.44,1773.04
2595.27,2597.24,2598.42,3541.5,2595.87,2598.82,2596.42,2594.99,2593.01
4000,4000,4000,4000,4000,4000,4000,4000,4000
4000,4000,4000,4000,4000,4000,4000,4000,4000
4000,4000,4000,4000,4000,4000,4000,4000,4000
4000,4000,4000,4000,4000,4000,4000,4000,4000
4000,4000,4000,4000,4000,4000,4000,4000,4000
4000,4000,4000,4000,4000,4000,4000,4000,4000
99.7836,26.5706,60.0943,140.326,28.9035,127.802,4613.36,-7.5291,19.199
-781.761,-727.206,-660.881,-674.008,4579.25,-775.017,-641.163,-775.105,-868.878
-696.149,-750.271,-659.499,-513.902,-606.383,4574.72,-648.243,-468.345,-586.591
-699.472,4562.31,-657.597,-502.262,-679.877,-570.747,-829.693,-758.938,-544.447
1543.46,1597.52,1644.62,4534.07,1490.2,1497.99,1598.08,1612.61,1536.45
4579.26,1752.73,1803.09,1828.49,1732.58,1867.71,1862.42,1771.15,1764.64
4582.81,1790.34,1796,1785.61,1809.61,1818.31,1795.51,1877.62,1808.08
3202.62,3202.19,3190.33,3771.55,3198.18,3199.6,3199.65,3201.52,3202
4000,4000,4000,4000,4000,4000,4000,4000,4000
4000,4000,4000,4000,4000,4000,4000,4000,4000
4000,4000,4000,4000,4000,4000,4000,4000,4000
4000,4000,4000,4000,4000,4000,4000,4000,4000
4000,4000,4000,4000,4000,4000,4000,4000,4000
4000,4000,4000,4000,4000,4000,4000,4000,4000
3553.4,1512.82,1514,1508.86,1501.4,1516.42,1515.61,1514.61,1512.55
-958.585,3354.4,-958.554,-958.58,-932.535,-958.471,-958.58,-958.585,-958.588
-901.988,-964.6,-953.972,-920.836,-964.591,-947.644,-891.329,-953.828,4618.13
-843.75,-724.153,-783.525,-745.604,-709.345,4576.07,-467.486,-691.919,-650.777
1648.56,1624.5,1662.95,4554.16,1647.68,1685.36,1675.16,1632.47,1618.26
1601.87,1559.27,1538.39,4606.4,1567.01,1581.4,1600.37,1566.18,1579.56
1661.08,4570.52,1645.24,1704.96,1663.21,1670.15,1634.91,1719.62,1681.28
3604.12,3193.12,3200.78,3195.06,3198.19,3197.8,3200.93,3197.76,3195.74
4000,4000,4000,4000,4000,4000,4000,4000,4000
4000,4000,4000,4000,4000,4000,4000,4000,4000
4000,4000,4000,4000,4000,4000,4000,4000,4000
4000,4000,4000,4000,4000,4000,4000,4000,4000
4000,4000,4000,4000,4000,4000,4000,4000,4000
4000,4000,4000,4000,4000,4000,4000,4000,4000
1860.74,1861.53,1861.06,3248.73,1850.55,1847.47,1860.68,1860.69,1861.7
-686.407,-683.012,-692.57,-603.504,-647.343,-650.453,4532.16,-645.685,-684.427
-999.696,-963.903,4526.37,-875.787,-999.668,-999.511,-937.932,-999.696,-967.355
-962.033,-961.994,-962.041,-962.041,-962.04,-962.041,-961.227,-962.031,3760.52
1691.2,1841.39,1783.62,1692.15,1729.03,1638.12,4576.1,1715.75,1753.76
1711.55,1686.49,1644.41,4552.31,1664.57,1643.39,1669.62,1645.64,1669.41
1650.8,1647.79,1652.5,1652.83,1652.15,1648.3,1652.63,1651.68,3649.76
3125.95,3206.49,3127,3125.83,3131.09,3131.58,3131.48,3119.6,3125.5
4000,4000,4000,4000,4000,4000,4000,4000,4000
4000,4000,4000,4000,4000,4000,4000,4000,4000
4000,4000,4000,4000,4000,4000,4000,4000,4000
4000,4000,4000,4000,4000,4000,4000,4000,4000
4000,4000,4000,4000,4000,4000,4000,4000,4000
4000,4000,4000,4000,4000,4000,4000,4000,4000
1669.12,1681.37,1682.49,1679.92,1682.82,1682.98,1680.91,1671.77,1680.68
-862.546,-854.232,-861.791,-861.74,-862.44,-850.941,-851.11,1449.62,-861.755
-999.392,-999.39,-999.392,-999.285,-999.392,-999.392,-999.395,1145.12,-999.34
-72.3602,-76.0558,-72.8886,-76.062,-55.6868,-78.3214,1595.83,-66.0341,-75.9772
1709.51,1703.17,1700.84,1709.91,1710.81,1711.4,1710.29,1710.59,1711.04
1720,1718.94,1736.55,1716.94,1719.66,1720.49,1719.05,1718.84,1719.91
1791.62,1791.24,1791.9,1791.6,1792.04,1792.1,1789.02,1790.69,1790.32
3395.14,3381.16,3381.17,3389.89,3395.87,3388.66,3389.61,3394.11,3388.55
4000,4000,4000,4000,4000,4000,4000,4000,4000
4000,4000,4000,4000,4000,4000,4000,4000,4000
4000,4000,4000,4000,4000,4000,4000,4000,4000
4000,4000,4000,4000,4000,4000,4000,4000,4000
4000,4000,4000,4000,4000,4000,4000,4000,4000
4000,4000,4000,4000,4000,4000,4000,4000,4000
1649.37,1640.72,1690.84,1649.92,1654.73,1655.5,1654.92,1654.93,1655.09
1438.45,-855.366,-855.412,-834.153,-855.765,-855.316,-854.166,-854.885,-851.335
-989.147,-965.233,-982.846,-997.582,-997.587,-993.093,1342.95,-993.778,-990.78
-813.278,-826.564,-815.245,-817.309,1452.76,-829.827,-830.958,-804.696,-842.66
1704.6,1703.81,1829.77,1690.6,1705.4,1705.58,1704.95,1705.17,1704.95
1722.5,1720.77,1721.32,1721.23,1721.98,1722.46,1722.1,1772.91,1721.63
1751.11,1748.78,1750.25,1750.86,1750,1748.78,1760.64,1749.56,1748.85
3303.28,3300.11,3298.07,3298.95,3302.19,3304.79,3305.5,3294.62,3311.17
4000,4000,4000,4000,4000,4000,4000,4000,4000
4000,4000,4000,4000,4000,4000,4000,4000,4000
4000,4000,4000,4000,4000,4000,4000,4000,4000
4000,4000,4000,4000,4000,4000,4000,4000,4000
4000,4000,4000,4000,4000,4000,4000,4000,4000
4000,4000,4000,4000,4000,4000,4000,4000,4000
1168.1,1169.33,1386.04,1166.26,1168.73,1166.42,1166.43,1171.27,1178.71
-873.693,-864.697,-884.691,-878.89,1592.29,-868.42,-885.354,-884.55,-872.691
-960.959,-944.214,-925.36,1525.34,-920.238,-904.547,-914.977,-907.363,-960.121
278.135,274.103,275.293,274.514,284.099,1972.64,282.374,279.542,288.478
1715.08,1714.4,1716.42,1716.77,1703.76,1716.33,1716.3,1976.92,1716.03
1765.23,1765.7,1765.96,1765.52,1759.42,1765.92,1765.09,1765.63,1930.26
1871.3,1870.51,1870.99,1868.77,1871.73,1872,1869.39,1872.1,1990.24
2946.73,2945.97,2946.61,2942.24,2937.96,2948.52,2938.57,2947.25,2947.07
4000,4000,4000,4000,4000,4000,4000,4000,4000
4000,4000,4000,4000,4000,4000,4000,4000,4000
4000,4000,4000,4000,4000,4000,4000,4000,4000
4000,4000,4000,4000,4000,4000,4000,4000,4000
4000,4000,4000,4000,4000,4000,4000,4000,4000
4000,4000,4000,4000,4000,4000,4000,4000,4000
1818.09,1776.99,1777.5,1776.62,1767.28,1778.2,1778.65,1778.17,1772.17
-6.8253,1591.06,-6.48098,-5.63249,-6.63965,-6.34099,-3.31269,-5.77459,-6.3887
-997.567,-997.567,-997.012,-997.584,-997.568,-997.436,1809.56,-996.065,-979.144
-565.662,4587.27,-565.562,-640.417,-633.586,-624.651,-638.783,-638.065,-607.737
1734.47,1744.75,1770.77,1730.08,1762.41,4581.39,1726.86,1746.29,1744.98
1798.66,1798.34,1799.61,1799.08,1799.93,1800.55,1798.4,1799.87,2420.05
1918.68,2152.2,1919.91,1918.87,1916.32,1920.27,1921.37,1920.35,1919.46
3546.21,3548,3554.3,3548.01,3558.24,3559.6,3557.93,3549.26,3555.18
4000,4000,4000,4000,4000,4000,4000,4000,4000
4000,4000,4000,4000,4000,4000,4000,4000,4000
4000,4000,4000,4000,4000,4000,4000,4000,4000
4000,4000,4000,4000,4000,4000,4000,4000,4000
4000,4000,4000,4000,4000,4000,4000,4000,4000
4000,4000,4000,4000,4000,4000,4000,4000,4000
1492.1,1494.18,1497.76,1492.19,1495.73,1500.72,1831.88,1502.94,1502.27
-908.097,-908.784,-790.121,-817.611,-805.993,-908.641,4593.6,-870.449,-885.327
-412.18,2388.1,-412.181,-404.066,-416.767,-412.47,-412.116,-404.593,-409.105
907.515,902.986,917.649,913.399,916.418,2792.01,915.813,916.104,920.503
1821.9,4559.62,1802.36,1799.04,1780.43,1873.25,1779.39,1779.65,1811.39
1845.06,1843.56,1843.82,1843.5,1843.55,2732.78,1844.01,1844.01,1844.62
1906.58,1906.51,1907.1,1908.45,1904.44,1908.37,1907.37,2086.99,1908.29
3633.07,3647.84,3649.52,3648.46,3639.54,3650.07,3634.67,3646.01,3639.04
4000,4000,4000,4000,4000,4000,4000,4000,4000
4000,4000,4000,4000,4000,4000,4000,4000,4000
4000,4000,4000,4000,4000,4000,4000,4000,4000
4000,4000,4000,4000,4000,4000,4000,4000,4000
4000,4000,4000,4000,4000,4000,4000,4000,4000
4000,4000,4000,4000,4000,4000,4000,4000,4000
1928.27,1928.43,1927.43,1923.32,1929.68,1930.12,2028.08,1929.05,1926.37
4597.01,548.979,530.987,509.055,500.647,539.198,569.435,518.752,526.422
2731.22,1371.8,1372,1370.54,1358.92,1371.82,1357.11,1361.66,1371.89
1637.46,3233.96,1638.2,1637.06,1623.94,1637.02,1638.33,1636.44,1638.3
1781.8,1781.3,4245.08,1780.64,1776.76,1780.95,1780.7,1781.37,1782.12
1750.85,1752.17,4569.2,1778.04,1755.46,1751.6,1694.86,1745.68,1723.14
1835.76,1787.33,1823.14,1722.79,1732.16,4585.85,1761.76,1809.65,1728.28
1925.94,1979.52,1925.72,1925.64,4598.91,1946.38,1936.78,1925.12,1924.83
4000,4000,4000,4000,4000,4000,4000,4000,4000
4000,4000,4000,4000,4000,4000,4000,4000,4000
4000,4000,4000,4000,4000,4000,4000,4000,4000
4000,4000,4000,4000,4000,4000,4000,4000,4000
4000,4000,4000,4000,4000,4000,4000,4000,4000
4000,4000,4000,4000,4000,4000,4000,4000,4000
2076.33,1846.31,1845.87,1844.85,1843.62,1844.5,1846.63,1844.32,1841.53
775.582,768.849,761.842,773.494,761.84,3448.38,768.075,773.014,772.054
1371.96,1320.87,1315.43,1307.01,1347.77,4577.86,1318.08,1311.37,1318.43
1613.48,1613.41,4180.9,1612.58,1609.34,1613.08,1612.22,1613.53,1612.84
4005.38,1756.18,1757.58,1757.47,1757.32,1757.61,1755.97,1757.82,1755.58
1773.03,4586.68,1829.96,1938.9,1845.69,1796.02,1773.22,1796.11,1819.77
1696.66,4593.13,1860.32,1797.62,1723.49,1778.04,1749.15,1771.7,1727.6
2931.24,3754.07,2935.24,2934.96,2935.02,2932.26,2932.81,2929.07,2928.05
4000,4000,4000,4000,4000,4000,4000,4000,4000
4000,4000,4000,4000,4000,4000,4000,4000,4000
4000,4000,4000,4000,4000,4000,4000,4000,4000
4000,4000,4000,4000,4000,4000,4000,4000,4000
4000,4000,4000,4000,4000,4000,4000,4000,4000
4000,4000,4000,4000,4000,4000,4000,4000,4000
68.9425,72.5886,3767.9,72.7812,71.3552,71.7454,67.0795,71.4789,73.4762
-668.37,-835.66,-861.84,-748.887,-849.758,4599.02,-964.167,-879.982,-926.834
-912.115,-922.535,4046.97,-922.534,-922.544,-909.967,-922.541,-922.647,-917.946
1566.09,1566.06,1566.24,1565.61,1564.71,1564.18,1566.33,1561.06,3257.57
1746.07,1745.23,3186.17,1746.52,1733.48,1745.31,1745.55,1746.81,1744.16
1754.33,1754.46,3405.14,1754.19,1753.24,1754.52,1752.42,1754.15,1754.13
3015.06,1831.69,1831.12,1830.41,1831.48,1830.75,1831.54,1831.76,1830.76
3123.5,3124.17,3125.21,3152.29,3115.71,3116.05,3125.67,3127.42,3120.29
4000,4000,4000,4000,4000,4000,4000,4000,4000
4000,4000,4000,4000,4000,4000,4000,4000,4000
4000,4000,4000,4000,4000,4000,4000,4000,4000
4000,4000,4000,4000,4000,4000,4000,4000,4000
4000,4000,4000,4000,4000,4000,4000,4000,4000
4000,4000,4000,4000,4000,4000,4000,4000,4000
4570.84,1778.24,1765.14,1749.83,1768.87,1750.8,1763.06,1750.34,1838.05
-995.236,3570.24,-997.006,-997.007,-997.007,-997,-997.002,-996.941,-997.017
-885.733,-959.534,-830.462,-842.937,4609.75,-889.926,-855.798,-933.375,-915.044
-488.563,-532.797,-439.808,-489.357,-490.131,4607.38,-576.01,-432.996,-480.736
3987.36,1726.5,1726.03,1725.89,1721.51,1726.15,1726.56,1726.37,1723.98
1722.39,3239.18,1721.89,1720.38,1722.04,1722.02,1719.29,1717.72,1720.78
2518.36,1759.67,1761.16,1761.14,1757.24,1757.02,1761.16,1760.6,1759.78
3576.84,3580.2,3583.65,3587.64,3570.48,3579.17,3575.52,3589.79,3586.56
4000,4000,4000,4000,4000,4000,4000,4000,4000
4000,4000,4000,4000,4000,4000,4000,4000,4000
4000,4000,4000,4000,4000,4000,4000,4000,4000
4000,4000,4000,4000,4000,4000,4000,4000,4000
4000,4000,4000,4000,4000,4000,4000,4000,4000
4000,4000,4000,4000,4000,4000,4000,4000,4000
1458.47,1632.63,1455.29,1457.11,1460.48,1448.66,1455.43,1448.93,1460.44
-961.423,-961.418,-961.424,-961.426,-961.417,2806.39,-961.417,-961.704,-961.418
-692.346,-763.813,4529.19,-717.508,-801.752,-809.294,-732.095,-730.042,-725.908
-548.35,3782.31,-545.65,-550.509,-549.461,-549.861,-551.689,-546.849,-549.894
1755.66,4595.5,1616,1667.28,1642.27,1656.07,1672.96,1646.62,1666.28
4598.94,1717.99,1715.69,1721.72,1760.05,1763.81,1734.38,1748.15,1723.28
4547.08,1752.46,1736.51,1709.21,1693.3,1726.4,1726.1,1682.15,1721.36
3332.59,3331.9,3328.65,3486.46,3332.98,3336.27,3333.42,3321.68,3328.86
4000,4000,4000,4000,4000,4000,4000,4000,4000
4000,4000,4000,4000,4000,4000,4000,4000,4000
4000,4000,4000,4000,4000,4000,4000,4000,4000
4000,4000,4000,4000,4000,4000,4000,4000,4000
4000,4000,4000,4000,4000,4000,4000,4000,4000
4000,4000,4000,4000,4000,4000,4000,4000,4000
2513.43,1407.49,1405.55,1405.06,1407.44,1404.5,1409.46,1401.45,1409.78
-940.863,-999.135,-976.914,-953.382,-975.634,-939.438,-985.879,4618.04,-999.227
-971.957,-971.538,-971.952,-971.96,-971.96,3133.16,-971.96,-971.96,-971.573
-992.805,-955.965,-941.652,-951.714,-960.453,4609.69,-992.814,-979.492,-951.759
4610.99,1522.53,1434.35,1510.37,1492.18,1458.3,1476.29,1443.09,1458.86
1566.18,1566.44,1567.32,4284.4,1559.08,1557.81,1565.56,1564.45,1559.54
4025.07,1624.63,1624.51,1619.71,1625.16,1623.25,1625.18,1622.05,1623.9
3195.62,3040.4,3037.72,3037.08,3046.34,3033.74,3037.87,3034.53,3042.72
4000,4000,4000,4000,4000,4000,4000,4000,4000
4000,4000,4000,4000,4000,4000,4000,4000,4000
4000,4000,4000,4000,4000,4000,4000,4000,4000
4000,4000,4000,4000,4000,4000,4000,4000,4000
4000,4000,4000,4000,4000,4000,4000,4000,4000
4000,4000,4000,4000,4000,4000,4000,4000,4000
1718.74,1736.23,1727.64,1730.84,1729.44,1729.33,1730.99,1716.01,1729.06
-924.933,-939.352,-939.813,-928.331,-916.256,-930.54,-939.354,-924.152,1521.33
-999.955,1096.83,-998.378,-995.907,-998.118,-999.957,-999.957,-980.308,-999.947
-975.951,-965.956,-960.559,-978.423,1345.62,-978.423,-962.188,-977.034,-978.457
1657.76,1673.48,1658.19,1643.76,1658.36,1658.4,1656.44,1655.12,1658.2
1666.97,1666.36,1666.62,1666.17,1667.24,1665.08,1667.32,1665.42,1678.79
1687.92,1687.58,1687.59,1687.35,1688.01,1687.63,1689.91,1685.36,1687.75
3140.67,3139.52,3150.8,3139.48,3148.05,3148.79,3141.06,3153.36,3145.19
4000,4000,4000,4000,4000,4000,4000,4000,4000
4000,4000,4000,4000,4000,4000,4000,4000,4000
4000,4000,4000,4000,4000,4000,4000,4000,4000
4000,4000,4000,4000,4000,4000,4000,4000,4000
4000,4000,4000,4000,4000,4000,4000,4000,4000
4000,4000,4000,4000,4000,4000,4000,4000,4000
2115.53,2116.85,2099.74,2113.06,2112.56,2111.97,2100.48,2116.09,2112.78
-361.461,-357.388,-361.277,-361.528,-360.414,1543.39,-357.632,-356.686,-360.873
-936.228,1419.42,-932.701,-936.23,-936.717,-936.638,-936.343,-936.69,-936.671
500.847,504.678,507.635,502.045,513.349,2020.23,497.032,499.022,500.08
1694.21,1692.55,1695.11,1693.29,1690.85,1695.04,1694.55,1692.79,1903.43
1695.98,1697.05,1695.5,1697.4,1695.66,1696.56,1693.33,1807.08,1696.79
1765.64,1765.43,1764.81,1765.42,1764,1905.26,1765.97,1764.56,1766.2
3470.05,3480.12,3471.09,3483.28,3476.39,3479.23,3475.28,3476.93,3466.27
4000,4000,4000,4000,4000,4000,4000,4000,4000
4000,4000,4000,4000,4000,4000,4000,4000,4000
4000,4000,4000,4000,4000,4000,4000,4000,4000
4000,4000,4000,4000,4000,4000,4000,4000,4000
4000,4000,4000,4000,4000,4000,4000,4000,4000
4000,4000,4000,4000,4000,4000,4000,4000,4000
1550.59,1550.02,1550.97,1575.15,1540.21,1544.62,1546.24,1550.4,1549.24
-903.135,-903.228,-903.108,-903.093,-903.511,-901.64,-892.596,-899.768,1305.86
-994.707,-994.162,-994.554,2008.69,-987.541,-994.203,-994.095,-994.662,-994.547
-665.108,-651.492,-668.705,-663.258,-640.691,-671.057,2038.65,-663.98,-667.072
1689.45,1693.88,4589.19,1709.74,1689.67,1690.25,1716.27,1700.9,1692.71
1737.7,1739.46,2298.77,1739.11,1731.14,1739.49,1738.57,1739.25,1739.63
1848.68,1847.73,1847.54,1846.52,1847.59,2301.24,1848.83,1847.31,1846.22
3553.36,3536.7,3536.14,3548.03,3533.82,3540.69,3540.61,3544.3,3539.2
4000,4000,4000,4000,4000,4000,4000,4000,4000
4000,4000,4000,4000,4000,4000,4000,4000,4000
4000,4000,4000,4000,4000,4000,4000,4000,4000
4000,4000,4000,4000,4000,4000,4000,4000,4000
4000,4000,4000,4000,4000,4000,4000,4000,4000
4000,4000,4000,4000,4000,4000,4000,4000,4000
1488.3,1118.26,1108.93,1110.77,1108.42,1114.41,1108.12,1117.06,1118.46
-994.109,-985.606,-968.002,-955.367,2126.35,-994.109,-994.109,-992.022,-994.109
-985.955,-985.496,-947.789,4591.5,-987.705,-925.963,-946.956,-973.104,-917.592
668.1,673.299,2223.61,663.529,669.006,669.967,670.964,665.881,670.786
1781.4,1744.96,4542.99,1765.13,1764.92,1744.78,1757.07,1786.2,1745.82
1777.58,2233.71,1776.52,1777.66,1777.78,1778.42,1778.09,1777.61,1777.25
1942,1944.5,1944.18,1943.57,1944.18,1941.91,1943.12,1944.65,2272.01
3779.98,3773.69,3780.16,3760.86,3765.7,3778.66,3777.37,3783.13,3772.3
4000,4000,4000,4000,4000,4000,4000,4000,4000
4000,4000,4000,4000,4000,4000,4000,4000,4000
4000,4000,4000,4000,4000,4000,4000,4000,4000
4000,4000,4000,4000,4000,4000,4000,4000,4000
4000,4000,4000,4000,4000,4000,4000,4000,4000
4000,4000,4000,4000,4000,4000,4000,4000,4000
1919.34,1920.72,1992.34,1918.72,1904.95,1909.22,1919.84,1921.16,1915.59
-66.0666,1956.77,-68.9651,-69.3508,-70.8501,-69.4263,-67.3811,-68.1789,-68.1354
-213.284,-213.655,-218.604,-217.711,-213.285,1381,-213.234,-213.234,-213.234
1365.15,1364.83,1365.09,1363.32,1364.45,1362.44,1632.54,1365.05,1363.86
1769.64,1768.42,2206.87,1769.87,1768.02,1769.35,1770.05,1769.77,1769.22
1836.64,1836.38,1839.43,1839.17,1839.08,2280.31,1838.47,1837.81,1838.65
2039.19,2038.7,2039.44,2039.08,2038.84,2239.82,2039.45,2037.77,2039.84
3916.38,3908.33,3911.37,3904.45,3901.52,3902.34,3895.88,3919.59,3896.81
4000,4000,4000,4000,4000,4000,4000,4000,4000
4000,4000,4000,4000,4000,4000,4000,4000,4000
4000,4000,4000,4000,4000,4000,4000,4000,4000
4000,4000,4000,4000,4000,4000,4000,4000,4000
4000,4000,4000,4000,4000,4000,4000,4000,4000
4000,4000,4000,4000,4000,4000,4000,4000,4000
2350.95,2345.16,2347.23,2341.45,2321.3,2349.01,2338.56,2341.05,2350.66
929.865,928.198,928.738,926.397,928.021,929.796,928.394,923.899,1867.85
963.528,949.044,951.541,963.491,957.86,953.173,952.47,961.604,1545.14
1662.65,1663.6,2630,1662.57,1663.04,1663.5,1663.42,1663.36,1651.52
1790.74,1790.91,1790.07,1790.95,2419.15,1791.74,1791.71,1791.29,1790.49
2716.25,1858.51,1857.78,1856.14,1857.82,1856.16,1858.64,1857.02,1855.39
2263.6,2264.98,2263.09,2288.01,2568.44,2261.47,2264.13,2263.33,2265.09
3919.85,3929.35,3928.11,3927.5,3923.73,3927.89,3929.34,3926.43,3924.01
4000,4000,4000,4000,4000,4000,4000,4000,4000
4000,4000,4000,4000,4000,4000,4000,4000,4000
4000,4000,4000,4000,4000,4000,4000,4000,4000
4000,4000,4000,4000,4000,4000,4000,4000,4000
4000,4000,4000,4000,4000,4000,4000,4000,4000
4000,4000,4000,4000,4000,4000,4000,4000,4000
2378.55,2374.96,2379.21,2381.58,2369.12,2373.99,2372.08,2375.69,2381.92
633.244,630.03,641.814,641.168,629.534,1806,641.925,656.237,641.925
793.554,792.77,782.597,798.977,1518.92,793.741,801.419,793.741,797.324
1621.73,1616.13,1613.87,1622.2,1621.94,1621.07,1618.65,1620.35,1658.95
1753.21,1752.28,1861.91,1752.92,1752.03,1753.44,1752.57,1752.15,1751.31
1813.69,2121.32,1812.97,1811.82,1813.97,1813.91,1812.29,1811.51,1813.23
2193.49,2174.87,2173.47,2175.29,2172.45,2172.53,2174.2,2174.43,2166.53
3908.05,3928.98,3920.21,3912.1,3925.13,3918.21,3927.01,3904.69,3918.6
4000,4000,4000,4000,4000,4000,4000,4000,4000
4000,4000,4000,4000,4000,4000,4000,4000,4000
4000,4000,4000,4000,4000,4000,4000,4000,4000
4000,4000,4000,4000,4000,4000,4000,4000,4000
4000,4000,4000,4000,4000,4000,4000,4000,4000
4000,4000,4000,4000,4000,4000,4000,4000,4000
1277.67,1276.73,1274.72,1277.8,1270.47,1277.29,1277.08,1370.58,1276.33
-950.559,2110.74,-940.293,-950.553,-950.431,-948.569,-950.605,-946.371,-950.53
-995.592,-1000,-1000,-998.943,-997.517,1432.57,-1000,-1000,-997.791
-884.615,-882.208,-870.448,-863.885,-884.61,-884.611,-877.809,-884.698,1818.02
2716.46,1710.27,1711.16,1710.57,1710.95,1711.26,1711.09,1711.03,1711.37
3089.37,1757.06,1757.98,1757.79,1753.58,1756.18,1756.92,1755.47,1752.99
2879.26,1885.56,1884.37,1886.58,1886.34,1886.62,1883.15,1885.35,1885.41
3740.16,3735.19,3728.35,3725.2,3729.01,3737.28,3726.61,3721.15,3733.74
4000,4000,4000,4000,4000,4000,4000,4000,4000
4000,4000,4000,4000,4000,4000,4000,4000,4000
4000,4000,4000,4000,4000,4000,4000,4000,4000
4000,4000,4000,4000,4000,4000,4000,4000,4000
4000,4000,4000,4000,4000,4000,4000,4000,4000
4000,4000,4000,4000,4000,4000,4000,4000,4000
2314.91,2312.78,2315.17,2319.31,2315.38,2312.7,2328.22,2298.16,2311.92
-283.686,-286.564,1724.32,-287.445,-286.985,-286.18,-286.796,-285.033,-284.886
-999.006,-999.012,-999.011,-996.793,-999.009,1969.43,-998.873,-999.005,-997.68
-538.176,-551.87,-538.363,-544.751,-551.868,-544.886,2013.81,-551.481,-530.999
1690.31,1687.37,3149.06,1688.82,1688.51,1690.21,1688.86,1688.5,1689.32
1701.94,1701.1,1701.76,3141.7,1702.04,1701.54,1700.79,1701.5,1700.01
2981.23,1760.7,1760.95,1757.93,1760.02,1759.71,1760.5,1760.88,1760.74
3616.23,3640.5,3617.67,3605.71,3626.55,3617.68,3621.7,3610.52,3610.19
4000,4000,4000,4000,4000,4000,4000,4000,4000
4000,4000,4000,4000,4000,4000,4000,4000,4000
4000,4000,4000,4000,4000,4000,4000,4000,4000
4000,4000,4000,4000,4000,4000,4000,4000,4000
4000,4000,4000,4000,4000,4000,4000,4000,4000
4000,4000,4000,4000,4000,4000,4000,4000,4000
1796.24,1803.38,1810.89,1823.67,1810.72,1798.79,1811.56,1809.26,1809.17
-805.719,-780.663,-803.084,-812.656,4613.47,-842.806,-843.686,-843.686,-840.347
-932.201,-930.817,4611.49,-965.066,-936.854,-973.143,-968.007,-979.309,-942.359
-121.289,-121.301,-115.633,-119.162,-119.355,-123.198,1874.73,-119.854,-117.687
1659.87,1657.82,1659.93,1659.19,1655.83,1660.18,1659.1,2157.35,1658.88
1650.16,1658.16,2461.76,1646.95,1660.86,1661.71,1646.02,1662.06,1656.76
1706.64,1708.8,1708.83,2028.71,1708.29,1705.79,1697.62,1709.49,1708.08
3439.29,3419.53,3419.96,3418.46,3429.7,3418.7,3411.7,3424.2,3428.12
4000,4000,4000,4000,4000,4000,4000,4000,4000
4000,4000,4000,4000,4000,4000,4000,4000,4000
4000,4000,4000,4000,4000,4000,4000,4000,4000
4000,4000,4000,4000,4000,4000,4000,4000,4000
4000,4000,4000,4000,4000,4000,4000,4000,4000
4000,4000,4000,4000,4000,4000,4000,4000,4000
1333.88,1330.09,1325.27,1335.2,1332.49,1329.55,1332.26,1519.9,1334.53
-989.918,-988.853,-989.918,-981.649,-989.918,-989.918,1128.03,-989.913,-989.913
-995.166,-994.916,-995.173,-995.17,-994.976,-989.108,2001.83,-994.12,-995.169
1314.56,1245.99,1271.83,4615.64,1247.31,1243.09,1273.58,1243.94,1268.71
1675.38,1673.61,2650.4,1674.1,1674.97,1675.29,1673.32,1671.75,1661.56
1662.43,1649.76,2156.6,1655.69,1661.58,1661.82,1657.2,1661.5,1660.89
1720.55,1720.22,2022.51,1720.34,1719.69,1718.77,1720.19,1720.36,1719.87
3480.92,3485.36,3472.1,3477.97,3471.16,3482.33,3484.32,3487.93,3488.13
4000,4000,4000,4000,4000,4000,4000,4000,4000
4000,4000,4000,4000,4000,4000,4000,4000,4000
4000,4000,4000,4000,4000,4000,4000,4000,4000
4000,4000,4000,4000,4000,4000,4000,4000,4000
4000,4000,4000,4000,4000,4000,4000,4000,4000
4000,4000,4000,4000,4000,4000,4000,4000,4000
501.541,501.142,494.921,1324.73,501.329,495.23,494.388,493.935,494.451
-999.99,-999.99,-999.99,-999.99,-999.99,1286.21,-999.99,-999.957,-999.99
-1000,-999.998,-1000,-1000,1196.68,-999.979,-998.661,-1000,-998.135
-961.34,-961.323,-942.768,-961.341,-961.199,-954.334,1475.23,-960.842,-947.827
1641.15,1641.5,1877.87,1639.9,1639.38,1641.16,1640.66,1641.33,1635.32
1650.65,1649.32,1650.19,1648.6,1649.99,1648.89,1703.57,1650.91,1649.53
1699.49,1700.37,1700.02,1700.95,1699.52,1714.15,1700.75,1698.07,1700.05
3411.73,3408.77,3407.2,3426.34,3408.76,3416.24,3415.71,3409.29,3415.95
4000,4000,4000,4000,4000,4000,4000,4000,4000
4000,4000,4000,4000,4000,4000,4000,4000,4000
4000,4000,4000,4000,4000,4000,4000,4000,4000
4000,4000,4000,4000,4000,4000,4000,4000,4000
4000,4000,4000,4000,4000,4000,4000,4000,4000
4000,4000,4000,4000,4000,4000,4000,4000,4000
846.197,1378.84,839.283,843.693,842.25,846.306,844.195,844.171,842.993
-999.927,-999.993,-976.605,1312.84,-999.993,-999.989,-999.991,-999.993,-990.013
-999.693,-999.942,-999.942,-999.845,-999.942,-999.87,1354.34,-999.942,-999.942
-662.979,-648.34,-656.483,-655.925,-667.065,1910.41,-642.318,-658.289,-657.131
1641.18,1641.25,1641.62,1750.51,1641.82,1641.33,1639.46,1641.47,1641.11
1666.67,1665.8,2103.5,1666.54,1667.15,1664.61,1666.71,1666.5,1666.06
1713.73,1711.39,1838.16,1712.06,1713.36,1713.96,1712.8,1712.89,1711.88
3431.05,3421.54,3420.49,3432.69,3415.66,3425.19,3421.13,3429.82,3427.68
4000,4000,4000,4000,4000,4000,4000,4000,4000
4000,4000,4000,4000,4000,4000,4000,4000,4000
4000,4000,4000,4000,4000,4000,4000,4000,4000
4000,4000,4000,4000,4000,4000,4000,4000,4000
4000,4000,4000,4000,4000,4000,4000,4000,4000
4000,4000,4000,4000,4000,4000,4000,4000,4000
1434.23,1426.66,1426.57,1548.92,1434.17,1434.94,1434.12,1432.73,1436.55
-585.168,-585.642,-585.65,1557.04,-585.51,-583.587,-575.402,-584.351,-585.619
-963.697,-956.444,-967.715,-965.541,-962.407,-967.437,1428.34,-965.509,-959.901
-802.837,-818.668,-809.602,-820.061,-818.672,-798.448,-811.484,1705.56,-816.679
1648.76,1646.34,2071.34,1647.54,1648.88,1647.37,1648.73,1647.67,1648.53
1703.64,1704.16,1703.99,1704.38,1704.24,1889.2,1703.13,1703.38,1702.86
1800.62,1949.39,1800.89,1801.62,1798.79,1798.91,1801.51,1799.34,1799.18
3621.73,3629.42,3622.72,3629.31,3635.63,3631.93,3639.96,3626.24,3639.2
4000,4000,4000,4000,4000,4000,4000,4000,4000
4000,4000,4000,4000,4000,4000,4000,4000,4000
4000,4000,4000,4000,4000,4000,4000,4000,4000
4000,4000,4000,4000,4000,4000,4000,4000,4000
4000,4000,4000,4000,4000,4000,4000,4000,4000
4000,4000,4000,4000,4000,4000,4000,4000,4000
717.191,718.059,720.352,1428.99,720.376,713.893,718.213,717.758,718.097
-997.737,-999.192,-999.192,-999.193,-991.312,-999.191,-999.189,1315.58,-999.193
-980.38,-983.744,-983.745,1451.84,-983.686,-983.873,-975.956,-983.744,-977.784
-26.7822,-38.3738,-36.6301,1653.31,-36.3262,-32.7342,-38.0208,-29.5565,-32.9751
1720.7,1719.28,1720.9,1843.59,1719.71,1721.45,1720.23,1720.89,1721.44
1949.16,1765.19,1765.46,1765.48,1763.55,1765.55,1764.19,1765.6,1765.3
1991.6,2075.26,1992.74,1994.22,1991.79,1993.5,1992.74,1991.96,1990.7
3815.34,3815.89,3810.19,3796.73,3782.17,3800.16,3810.56,3816.35,3811.08
4000,4000,4000,4000,4000,4000,4000,4000,4000
4000,4000,4000,4000,4000,4000,4000,4000,4000
4000,4000,4000,4000,4000,4000,4000,4000,4000
4000,4000,4000,4000,4000,4000,4000,4000,4000
4000,4000,4000,4000,4000,4000,4000,4000,4000
4000,4000,4000,4000,4000,4000,4000,4000,4000
575.687,1226.04,574.653,566.466,568.434,574.269,573.676,576.088,574.478
-740.751,-749.849,-749.897,1165.09,-749.618,-749.608,-749.319,-749.395,-749.334
403.159,398.058,407.754,405.941,408.254,412.709,405.325,1486.98,407.308
4546.61,565.527,600.554,547.984,596.319,533.614,530.554,551.846,561.034
1777.2,1776.32,2057.3,1776.36,1775.5,1775.67,1775.69,1775.14,1777.2
1822.75,1822.33,1823.21,1821.63,1822.31,2051.65,1820.98,1821.77,1821.44
2535.75,2533.93,2640.6,2534.78,2524.92,2534.35,2528.25,2535.48,2536.79
3553.61,3563.32,3557.19,3553.28,3567.61,3569.84,3563.4,3556.88,3558.6
4000,4000,4000,4000,4000,4000,4000,4000,4000
4000,4000,4000,4000,4000,4000,4000,4000,4000
4000,4000,4000,4000,4000,4000,4000,4000,4000
4000,4000,4000,4000,4000,4000,4000,4000,4000
4000,4000,4000,4000,4000,4000,4000,4000,4000
4000,4000,4000,4000,4000,4000,4000,4000,4000
-48.4292,-32.6872,-43.2516,1174.89,-42.0949,-42.6139,-47.6288,-42.5013,-45.8324
-999.3,-986.23,-999.661,-981.291,-999.284,-992.353,-999.719,-999.719,1086.45
1096.44,-870.303,-873.362,-873.1,-865.646,-872.958,-873.409,-859.063,-872.428
1550.37,1559.55,1617.21,1558.09,1560.58,1561.06,1554.66,1557.88,1561.94
1782.02,1783.53,1882.61,1783.79,1781.42,1783.62,1783.67,1783.77,1782.93
1883.49,2048.66,1887.24,1887.54,1886.91,1887.29,1884.22,1884.51,1887.31
2753.64,2753.3,2750.24,2752.83,2749.44,2748.19,2751.03,2750.15,2754.53
3996.77,3991.19,3987,3986.21,3984.15,3981.93,3981.3,3977.22,3976.3
4000,4000,4000,4000,4000,4000,4000,4000,4000
4000,4000,4000,4000,4000,4000,4000,4000,4000
4000,4000,4000,4000,4000,4000,4000,4000,4000
4000,4000,4000,4000,4000,4000,4000,4000,4000
4000,4000,4000,4000,4000,4000,4000,4000,4000
4000,4000,4000,4000,4000,4000,4000,4000,4000
1919.84,1916.81,2018.38,1918.65,1918.87,1918.98,1916.44,1919.7,1918.91
-533.531,-536.967,-533.553,-533.516,-533.673,-536.381,-534.837,-535.274,1663.61
-829.154,-829.404,-828.515,-826.542,-822.505,-823.183,-828.978,1239.25,-805.673
224.838,224.008,1796.44,223.89,225.167,223.461,223.973,224.078,225.344
1912.1,1738.71,1729.29,1737.57,1739.6,1738.82,1739.11,1739.26,1737.18
1831.55,1832,1829.9,1829.91,1829.02,1829.64,1832.05,1834.06,1832.07
2328.13,2326.37,2325.4,2328.55,2314.8,2328.93,2327.96,2325.86,2320.01
3919.76,3903.44,3895.28,3912.65,3906.17,3913.92,3916.74,3921.67,3904.7
4000,4000,4000,4000,4000,4000,4000,4000,4000
4000,4000,4000,4000,4000,4000,4000,4000,4000
4000,4000,4000,4000,4000,4000,4000,4000,4000
4000,4000,4000,4000,4000,4000,4000,4000,4000
4000,4000,4000,4000,4000,4000,4000,4000,4000
4000,4000,4000,4000,4000,4000,4000,4000,4000
2674.14,2687.68,2684.75,2692.75,2693.68,2686.67,2670.3,2694.26,2693.64
1121.34,1544.28,1127.9,1124.31,1127.9,1113.46,1126.06,1113.85,1119.02
52.8871,52.5333,45.8877,1308.29,44.976,49.6497,52.6651,48.9951,46.4939
-612.82,-612.822,-609.855,1639.55,-612.909,-609.118,-612.868,-612.971,-615.773
1687.33,1684.83,1685.87,1686.91,1687.04,1687.51,1686.5,1968.92,1687.24
1747.83,1964.65,1750.45,1749.41,1745.74,1747.34,1746.09,1745.76,1748.53
1997.37,1995.84,1992.85,1995.08,1995.19,2143.99,1997.4,1996.01,1993.81
3793.66,3787.63,3791.34,3778.53,3776.51,3775.95,3772.67,3780.22,3790.58
4000,4000,4000,4000,4000,4000,4000,4000,4000
4000,4000,4000,4000,4000,4000,4000,4000,4000
4000,4000,4000,4000,4000,4000,4000,4000,4000
4000,4000,4000,4000,4000,4000,4000,4000,4000
4000,4000,4000,4000,4000,4000,4000,4000,4000
4000,4000,4000,4000,4000,4000,4000,4000,4000
-168.174,-172.595,-167.56,-168.302,1349.87,-165.447,-170.552,-167.643,-168.872
-999.957,-1000,-999.983,-999.995,1317.25,-1000,-999.948,-989.832,-999.991
1305.75,-982.164,-983.165,-983.165,-983.163,-983.165,-983.165,-983.164,-983.165
-993.611,-991.224,-975.002,-988.325,-995.082,2252.82,-995.135,-995.148,-988.5
2307.6,1600.79,1600.67,1600.75,1600.81,1599.68,1598.77,1600.16,1600.69
2018.35,1677.43,1680.57,1681.01,1678.64,1681.34,1679.7,1679.67,1680.97
2075.73,1744.79,1740.48,1744.95,1744.35,1745.41,1745.91,1739.38,1739.95
3561.8,3575.49,3562.41,3562.68,3580.01,3563.1,3567.46,3564,3579.5
4000,4000,4000,4000,4000,4000,4000,4000,4000
4000,4000,4000,4000,4000,4000,4000,4000,4000
4000,4000,4000,4000,4000,4000,4000,4000,4000
4000,4000,4000,4000,4000,4000,4000,4000,4000
4000,4000,4000,4000,4000,4000,4000,4000,4000
4000,4000,4000,4000,4000,4000,4000,4000,4000
1693.79,1691.71,1682.99,1692.19,1693.4,1735.68,1690.15,1685.27,1696.32
-973.403,-973.404,-972.226,-973.594,-973.525,-973.595,-973.61,778.065,-973.398
-998.711,-998.834,-998.829,-998.795,-998.826,-998.821,1313.7,-998.264,-998.833
-953.467,-953.46,-951.175,-951.619,-933.357,-953.457,-952.587,-953.656,2057.52
2949.22,1610.42,1614.86,1615.45,1615.38,1602.39,1614.04,1601.83,1599.52
2760.93,1652.63,1654.03,1654.05,1650.35,1654.13,1652.98,1652.6,1652.21
1696.32,1698.16,1688.28,1698.3,2094.87,1698.36,1695.24,1694.29,1695.86
3435.04,3429.84,3427.58,3422.89,3422.47,3431.07,3434.96,3425.02,3421.66
4000,4000,4000,4000,4000,4000,4000,4000,4000
4000,4000,4000,4000,4000,4000,4000,4000,4000
4000,4000,4000,4000,4000,4000,4000,4000,4000
4000,4000,4000,4000,4000,4000,4000,4000,4000
4000,4000,4000,4000,4000,4000,4000,4000,4000
4000,4000,4000,4000,4000,4000,4000,4000,4000
1870.1,1869.12,1871.39,1869.59,1869.76,1871.96,1869.64,1867.68,1868.32
-677.884,-686.565,1547.6,-684.755,-682.303,-684.755,-679.834,-684.755,-684.755
-821.888,-821.161,-821.88,-821.876,-809.976,1517.96,-814.328,-813.784,-821.874
1079.4,1085.65,1096.37,1087.1,1077.29,1078.56,1085.61,1642.96,1082.74
1667.84,1667.9,2266.53,1663.34,1673.15,1665.04,1675.96,1667.33,1668.78
1675.57,1678.25,1678.95,1679.51,1676.75,1679.16,1672.64,1675.24,1888.03
1732.12,1731.75,1732.14,1731.67,1726.8,1985.48,1731.95,1732.09,1732.04
3606.08,3604.01,3589.93,3608.52,3577.72,3591.31,3587.38,3603.18,3592.39
4000,4000,4000,4000,4000,4000,4000,4000,4000
4000,4000,4000,4000,4000,4000,4000,4000,4000
4000,4000,4000,4000,4000,4000,4000,4000,4000
4000,4000,4000,4000,4000,4000,4000,4000,4000
4000,4000,4000,4000,4000,4000,4000,4000,4000
4000,4000,4000,4000,4000,4000,4000,4000,4000
1640.36,1640.62,1638.97,1633.27,1639.31,1640.69,1637.8,1638.02,1639.89
1334.33,-966.571,-963.231,-963.873,-971.09,-971.097,-971.167,-971.155,-970.853
-1000,-1000,-1000,-1000,1237.25,-999.999,-999.99,-1000,-1000
-992.435,-992.324,-993.062,-990.534,-990.516,1416.98,-993.046,-993.045,-993.045
1656.77,1610.34,1612.65,1612.37,1610.2,1611.03,1611.99,1612.48,1611.19
1626.05,1625.71,1626.37,1624.76,1665.52,1626.42,1625.36,1625.18,1624.91
1648.45,1650.98,1673.29,1650.89,1650.62,1650.32,1650.35,1650.98,1650.14
3302.2,3305.11,3295.8,3296.28,3302.86,3301.15,3298.04,3298.37,3311.82
4000,4000,4000,4000,4000,4000,4000,4000,4000
4000,4000,4000,4000,4000,4000,4000,4000,4000
4000,4000,4000,4000,4000,4000,4000,4000,4000
4000,4000,4000,4000,4000,4000,4000,4000,4000
4000,4000,4000,4000,4000,4000,4000,4000,4000
4000,4000,4000,4000,4000,4000,4000,4000,4000
1764.78,1773.69,1758.93,1769.81,1774.68,1772.74,1776.19,1763.39,1774.81
1455.98,24.6659,24.3687,23.9411,25.3147,27.96,25.9653,30.1797,25.0761
-961.419,-956.499,-961.417,-960.926,-961.154,-961.639,1234.26,-961.416,-959.897
1490.41,-879.893,-877.8,-879.989,-880.595,-879.983,-880.743,-877.631,-867.046
1623.71,1662.59,1616.33,1626.01,1618.51,1622.08,1626.23,1623.01,1626.13
1653.02,1652.03,1692.21,1652.72,1653.02,1651.89,1651.14,1651.8,1653.13
1717.2,1717.63,1717.69,1715.11,1716.83,1717.2,1718.31,1717.62,1717.55
3618.5,3601.48,3605.56,3605.39,3612.37,3612.62,3608.96,3601.43,3612.42
4000,4000,4000,4000,4000,4000,4000,4000,4000
4000,4000,4000,4000,4000,4000,4000,4000,4000
4000,4000,4000,4000,4000,4000,4000,4000,4000
4000,4000,4000,4000,4000,4000,4000,4000,4000
4000,4000,4000,4000,4000,4000,4000,4000,4000
4000,4000,4000,4000,4000,4000,4000,4000,4000
2015.2,2014.53,2025.58,2029.69,2032.31,2012.9,2031.16,2030.53,2013.09
-883.14,-902.535,1316.87,-902.517,-902.734,-902.536,-902.543,-902.816,-902.919
1408.61,-856.849,-871.121,-871.121,-836.647,-865.629,-871.121,-853.085,-871.121
-338.092,-336.937,1604.59,-336.977,-339.003,-337.062,-295.758,-339.079,-336.92
1663.81,1662.46,1815.67,1664.98,1656.01,1665.69,1665.47,1665.23,1664.95
1713.55,1716.39,1712.9,1711.62,1711.95,1712.72,1712.95,1713.11,1713.54
1829.22,1850.37,1831.97,1833.42,1830.88,1832.71,1831.65,1833.52,1833.62
3712.74,3707.46,3716.31,3705.14,3701.19,3693.95,3712.06,3704.78,3705.28
4000,4000,4000,4000,4000,4000,4000,4000,4000
4000,4000,4000,4000,4000,4000,4000,4000,4000
4000,4000,4000,4000,4000,4000,4000,4000,4000
4000,4000,4000,4000,4000,4000,4000,4000,4000
4000,4000,4000,4000,4000,4000,4000,4000,4000
4000,4000,4000,4000,4000,4000,4000,4000,4000
854.228,851.912,848.933,852.275,842.558,854.04,1477.1,851.876,846.184
-979.689,-980.392,-980.387,-980.392,-962.694,-980.198,1242.63,-980.391,-980.391
-999.95,-999.996,-999.995,-999.936,-999.996,1466.07,-999.953,-998.288,-999.959
-739.945,-739.832,-738.196,-738.39,-739.538,-738.194,1592.32,-738.25,-732.538
1709.62,1709.95,1868.33,1709.78,1698.55,1710.66,1710.11,1709.88,1710.56
1761.12,1761.95,1799.55,1762.34,1755.1,1762.27,1760.35,1762.69,1768.16
1975.33,1975.47,1975.21,1972.46,1963,1977.52,1973.3,1977.27,1976.75
3870.43,3871.1,3862.57,3862.57,3850.35,3869.5,3859.32,3850.92,3860.43
4000,4000,4000,4000,4000,4000,4000,4000,4000
4000,4000,4000,4000,4000,4000,4000,4000,4000
4000,4000,4000,4000,4000,4000,4000,4000,4000
4000,4000,4000,4000,4000,4000,4000,4000,4000
4000,4000,4000,4000,4000,4000,4000,4000,4000
4000,4000,4000,4000,4000,4000,4000,4000,4000
2183.87,2176.37,2186.88,2188.91,2187.18,2186.1,2181.44,2187.39,2189.17
-809.606,-809.975,-809.719,1386.45,-810,-810.075,-769.936,-807.583,-804.804
-995.961,-999.092,-998.528,-976.435,-998.871,-999.084,-994.056,1545.72,-985.506
71.6791,4549.95,55.2697,113.372,125.61,73.0546,75.7558,105.044,83.0489
1766.23,1742.2,1743.04,1743.43,1743.86,1744.37,1743.74,1743.91,1746.12
1806.31,1808.64,1806.12,1807.28,1806.52,1808.61,1807.67,1808.55,1806.06
2097.54,2096.54,2098.22,2098.39,2094.04,2097.36,2099.78,2094.21,2095.86
3956.66,3960.27,3948.51,3947.66,3953.16,3951.04,3966.81,3947.41,3963.69
4000,4000,4000,4000,4000,4000,4000,4000,4000
4000,4000,4000,4000,4000,4000,4000,4000,4000
4000,4000,4000,4000,4000,4000,4000,4000,4000
4000,4000,4000,4000,4000,4000,4000,4000,4000
4000,4000,4000,4000,4000,4000,4000,4000,4000
4000,4000,4000,4000,4000,4000,4000,4000,4000
2108.1,2107.36,2106.71,2111.07,2108.12,2108.68,2105.68,2110.54,2108.07
1487.85,1499.64,1499.3,1489.94,1489.58,1500.84,1493.46,1488.61,1500.75
1598.98,1598.72,1586.15,1590.79,1598.32,1598.79,1598.26,1598.76,1598.67
1667.52,1668.13,1686.14,1663.01,1668.09,1663.47,1655.95,1668.44,1667.7
1741.03,1743.97,1741.85,1742.68,1744.13,1743.03,1744.14,1742.93,1744.3
1849.36,1850.13,1850.53,1847.65,1850.18,1848.53,1850.22,1849.63,1847.42
2975.48,2973.68,2976.25,2971.59,2967.23,2963.53,2965.59,2965.51,2967.77
3977.12,3973.38,3971.34,3968.89,3963.19,3958.57,3961.75,3960.03,3955.6
4000,4000,4000,4000,4000,4000,4000,4000,4000
4000,4000,4000,4000,4000,4000,4000,4000,4000
4000,4000,4000,4000,4000,4000,4000,4000,4000
4000,4000,4000,4000,4000,4000,4000,4000,4000
4000,4000,4000,4000,4000,4000,4000,4000,4000
4000,4000,4000,4000,4000,4000,4000,4000,4000
136.876,138.251,136.609,155.197,136.099,140.183,140.635,1133.7,141.43
1056.98,-999.956,-999.871,-996.736,-999.926,-998.013,-999.956,-999.956,-999.666
-992.919,-995.68,-995.678,-995.678,-992.033,-995.666,-995.663,1316.3,-991.065
-434.09,-430.921,-423.2,-426.965,1357.64,-425.33,-429.83,-429.61,-429.61
1712.51,1713.3,1713.69,1714.63,1713.58,1715.18,1714.29,1713.75,1715.28
1811.69,1809.69,1807.04,1809.7,1809.84,1808.94,1822.07,1809.87,1808.42
2202.78,2204.08,2206.15,2206.54,2207.6,2206.14,2207.42,2203.09,2205.24
3935.84,3930.39,3920.27,3925.2,3930.49,3914.27,3935.41,3926.83,3937.49
4000,4000,4000,4000,4000,4000,4000,4000,4000
4000,4000,4000,4000,4000,4000,4000,4000,4000
4000,4000,4000,4000,4000,4000,4000,4000,4000
4000,4000,4000,4000,4000,4000,4000,4000,4000
4000,4000,4000,4000,4000,4000,4000,4000,4000
4000,4000,4000,4000,4000,4000,4000,4000,4000
512.584,508.686,511.598,511.824,512.493,514.135,1376.91,513.731,513.772
-996.577,-996.577,1864.79,-996.577,-996.577,-996.035,-996.604,-996.577,-996.569
-964.1,-992.116,-992.116,-992.116,-987.602,-967.875,-991.448,1437.65,-976.423
739.419,729.311,728.54,748.106,726.48,745.097,739.615,726.269,1685.44
1693.67,1697.16,1698.8,1696.86,1698.34,1732.28,1698.58,1695.52,1696.7
1720.08,1865.41,1719.42,1719.31,1719.53,1719.54,1717.53,1715.85,1714.42
1932.16,1931.45,2004.02,1930.69,1932.27,1929.14,1928.99,1930.36,1929.79
3818.04,3810.14,3821.1,3807.81,3813.34,3817.76,3805.84,3811.59,3806.17
4000,4000,4000,4000,4000,4000,4000,4000,4000
4000,4000,4000,4000,4000,4000,4000,4000,4000
4000,4000,4000,4000,4000,4000,4000,4000,4000
4000,4000,4000,4000,4000,4000,4000,4000,4000
4000,4000,4000,4000,4000,4000,4000,4000,4000
4000,4000,4000,4000,4000,4000,4000,4000,4000
1419.77,1419.43,1426.51,1424.79,1423.82,1425.11,1421.02,1422.8,1445.82
-993.741,-995.327,-994.829,-995.325,-994.165,-995.343,-995.347,893.011,-992.801
-998.75,1164.19,-991.163,-991.574,-997.389,-998.744,-998.747,-998.755,-998.683
1434.13,187.278,187.788,190.267,187.915,187.485,185.002,189.757,192.117
1647.01,1919.84,1646.17,1644.67,1647.78,1645.31,1643.91,1646.63,1645.76
1923.04,1683.55,1679.63,1681.35,1678.45,1680.19,1679.64,1684,1681.11
1783.66,1784.27,1782.73,1783.18,1784.28,1793.49,1785.2,1779.95,1782.48
3676.12,3672.16,3670.88,3661.95,3668.64,3680.7,3671.56,3680.63,3677.98
4000,4000,4000,4000,4000,4000,4000,4000,4000
4000,4000,4000,4000,4000,4000,4000,4000,4000
4000,4000,4000,4000,4000,4000,4000,4000,4000
4000,4000,4000,4000,4000,4000,4000,4000,4000
4000,4000,4000,4000,4000,4000,4000,4000,4000
4000,4000,4000,4000,4000,4000,4000,4000,4000
1012.65,1388.56,1015.01,1008.44,1009.81,1013.62,1004.71,1015.64,1013.64
-999.633,-999.634,-999.635,614.936,-999.634,-999.635,-999.635,-999.634,-989.794
1206.09,-995.07,-993.268,-995.053,-995.051,-994.134,-995.07,-994.708,-995.061
1409.52,-110.866,-119.521,-118.434,-118.309,-116.241,-115.313,-114.863,-117.439
1647.62,1646.62,1696.7,1646.02,1647.57,1650.22,1645.42,1647.42,1646.48
1674.78,1679.8,1733.82,1680.02,1679.76,1680.1,1679.34,1680.88,1679.38
1771.71,1832.32,1768.65,1771.04,1761.57,1771.95,1768.85,1768.02,1771.01
3649.06,3651,3665.82,3656.89,3656.26,3659.09,3653.25,3670.89,3658.4
4000,4000,4000,4000,4000,4000,4000,4000,4000
4000,4000,4000,4000,4000,4000,4000,4000,4000
4000,4000,4000,4000,4000,4000,4000,4000,4000
4000,4000,4000,4000,4000,4000,4000,4000,4000
4000,4000,4000,4000,4000,4000,4000,4000,4000
4000,4000,4000,4000,4000,4000,4000,4000,4000
1734.17,1732.41,1747.56,1747.61,1742.46,1734.9,1745.94,1746.99,1741.2
-172.845,-169.684,1727.45,-161.751,-172.687,-171.215,-172.375,-172.687,-172.687
-950.895,-950.892,-928.206,-944.53,1429.49,-950.891,-950.891,-945.202,-950.891
-618.263,-632.362,-627.808,1351.33,-627.66,-630.723,-600.686,-629.501,-631.622
1649.24,1649.68,2080.63,1648.2,1647.38,1649.09,1650.49,1650.63,1650.6
1977,1646.77,1647.26,1646.55,1646.88,1645.59,1645.82,1645.92,1646.63
1879.03,1670.95,1673.11,1671.63,1673.93,1673.58,1672.98,1674.17,1674.04
3387.16,3379.19,3382.81,3377.11,3373.29,3377.26,3381.98,3374.04,3374.27
4000,4000,4000,4000,4000,4000,4000,4000,4000
4000,4000,4000,4000,4000,4000,4000,4000,4000
4000,4000,4000,4000,4000,4000,4000,4000,4000
4000,4000,4000,4000,4000,4000,4000,4000,4000
4000,4000,4000,4000,4000,4000,4000,4000,4000
4000,4000,4000,4000,4000,4000,4000,4000,4000
1856.67,1870.48,1868.44,1868.38,1872.24,1873.07,1872.44,1871.4,1870.35
-128.293,-123.767,-127.864,-125.884,-124.145,-128.025,-124.066,-121.486,1424.39
-923.877,-950.209,-949.896,-950.249,-950.26,-950.228,-950.245,1248.32,-949.894
-629.769,-628.908,-629.814,-605.86,-629.82,-625.85,-627.14,-631.108,1403.99
1627.45,1628.73,1635.22,1629.1,1627.79,1626.2,1628.92,1629.17,1628.13
1628.37,1626.4,1625.66,1628.25,1628.74,1628.67,1628.69,1628.58,1627.67
1661.75,1660.86,1660.79,1660.5,1660.73,1661.67,1657.16,1657.92,1660.39
3624.6,3622.54,3615.19,3621.73,3635.06,3625.25,3630.95,3614.83,3631.94
4000,4000,4000,4000,4000,4000,4000,4000,4000
4000,4000,4000,4000,4000,4000,4000,4000,4000
4000,4000,4000,4000,4000,4000,4000,4000,4000
4000,4000,4000,4000,4000,4000,4000,4000,4000
4000,4000,4000,4000,4000,4000,4000,4000,4000
4000,4000,4000,4000,4000,4000,4000,4000,4000
1859.55,1849.88,1861.18,1861.96,1865.95,1862.3,1865.79,1864.57,1862.13
1445.75,-651.889,-657.657,-657.071,-657.603,-657.585,-657.657,-656.775,-657.637
-999.524,-998.486,-978.84,-999.526,1070.16,-999.158,-999.526,-985.576,-999.526
-524.23,-533.53,-518.175,-533.49,-517.639,-530.845,1484.61,-533.474,-533.474
1648.55,1651.16,1649.89,1650.22,1649.43,1649.16,1649.39,1648.27,1646.07
1660.67,1662.45,1661,1661.34,1659.83,1661.83,1661.1,1661.9,1661.01
1752.42,1754.19,1753.86,1752.19,1755.45,1752.53,1751.99,1755.06,1751.8
3799.41,3805.33,3794.16,3805.25,3813.91,3793.1,3804.21,3808.94,3810.17
4000,4000,4000,4000,4000,4000,4000,4000,4000
4000,4000,4000,4000,4000,4000,4000,4000,4000
4000,4000,4000,4000,4000,4000,4000,4000,4000
4000,4000,4000,4000,4000,4000,4000,4000,4000
4000,4000,4000,4000,4000,4000,4000,4000,4000
4000,4000,4000,4000,4000,4000,4000,4000,4000
1563.16,1563.75,1549.82,1563.29,1564.49,1564.29,1560.06,1564.29,1563.92
-985.591,-985.394,-985.591,-985.704,-985.648,-973.728,-970.734,1335.66,-985.59
-977.557,-977.103,-977.302,-947.83,-977.278,-977.931,-977.822,-977.864,1392.96
-47.4688,-45.2772,-40.4512,-46.0535,-52.3711,-45.1339,1536.4,-37.5157,-45.2631
1671.97,1673.59,1777.69,1671.46,1672.74,1673.58,1662.98,1673.25,1672.94
1688.58,1690.15,1689.81,1689.72,1690.84,1690.18,1690.27,1690.97,1689.18
1806.59,1813.35,1805.81,1805.05,1806.89,1805.15,1804.67,1805.75,1805.02
3826.57,3829.76,3821.9,3828.38,3810.72,3823.47,3813.12,3826.23,3816.43
4000,4000,4000,4000,4000,4000,4000,4000,4000
4000,4000,4000,4000,4000,4000,4000,4000,4000
4000,4000,4000,4000,4000,4000,4000,4000,4000
4000,4000,4000,4000,4000,4000,4000,4000,4000
4000,4000,4000,4000,4000,4000,4000,4000,4000
4000,4000,4000,4000,4000,4000,4000,4000,4000
1464.38,1466.31,1462.56,1474.9,1475.44,1462.23,1473.48,1473.06,1475.13
1353.45,-992.003,-991.996,-991.994,-991.987,-992.005,-991.972,-992.002,-991.955
-807.611,1407.37,-807.348,-807.348,-807.348,-807.348,-807.348,-807.348,-807.348
1632.08,1618.59,1632.3,1632.38,1644.45,1632.43,1631.35,1631.18,1632.55
1731.87,1732.85,1732.78,1733.82,1759.62,1734.68,1733.93,1734.04,1734.45
1750.6,1751.45,1752.25,1772.11,1750.14,1751.1,1749.99,1749.96,1751.18
1902.64,1903.54,1903.92,1900.87,1905.41,1900.84,1902.34,1905.1,1902.82
3865.24,3885.13,3873.45,3872.31,3882.26,3880.74,3875.91,3868.64,3880.57
4000,4000,4000,4000,4000,4000,4000,4000,4000
4000,4000,4000,4000,4000,4000,4000,4000,4000
4000,4000,4000,4000,4000,4000,4000,4000,4000
4000,4000,4000,4000,4000,4000,4000,4000,4000
4000,4000,4000,4000,4000,4000,4000,4000,4000
4000,4000,4000,4000,4000,4000,4000,4000,4000
775.197,776.036,775.928,771.477,1385.39,771.515,775.812,769.448,772.594
-989.461,-991.252,-991.258,1324.45,-990.996,-989.434,-991.235,-991.113,-991.248
1593.47,-999.816,-998.766,-980.749,-989.552,-999.818,-999.547,-999.816,-990.782
1565.95,-135.21,-136.973,-136.817,-136.224,-136.44,-134.572,-133.896,-133.429
1732.36,1733.58,1731.43,1726.46,1732.46,1733.54,1723.39,1733.86,1731.85
1781.12,1783.32,1781.13,1783.18,1779.08,1783.22,1782.39,1792.48,1782.59
2034.33,2033.97,2030.23,2033.68,2038.31,2036.13,2036.56,2035.66,2037.05
3976.4,3967.27,3967.48,3963.78,3967.03,3962.03,3959.09,3957.61,3980.63
4000,4000,4000,4000,4000,4000,4000,4000,4000
4000,4000,4000,4000,4000,4000,4000,4000,4000
4000,4000,4000,4000,4000,4000,4000,4000,4000
4000,4000,4000,4000,4000,4000,4000,4000,4000
4000,4000,4000,4000,4000,4000,4000,4000,4000
4000,4000,4000,4000,4000,4000,4000,4000,4000
1926.43,1926.76,1924.05,1926.13,1916.96,1924.67,1924.78,1911.83,1921.17
182.953,181.91,178.504,187.385,1374.06,182.179,183.893,182.191,184.152
1659.81,1661.97,1661.25,1657.03,1671.09,1672.89,1661.27,1671.86,1671.83
4553.05,1699.99,1698.23,1713.8,1699.31,1697.88,1697.87,1699.24,1707.15
1697.39,1699.01,1695.33,1697.77,2296.96,1697.95,1685.55,1698.39,1697.1
1834.1,1833.6,1835.04,1833.43,1826.24,1834.05,1835.34,1834.91,1831.86
2844.7,2855.42,2856.62,2853.36,2838.29,2852.11,2857.6,2852.16,2855.64
3983.79,3980.38,3979.97,3980.49,3977.71,3976.69,3978.27,4000,4000
4000,4000,4000,4000,4000,4000,4000,4000,4000
4000,4000,4000,4000,4000,4000,4000,4000,4000
4000,4000,4000,4000,4000,4000,4000,4000,4000
4000,4000,4000,4000,4000,4000,4000,4000,4000
4000,4000,4000,4000,4000,4000,4000,4000,4000
4000,4000,4000,4000,4000,4000,4000,4000,4000
234.588,240.058,240.412,238.975,238.41,1206.14,238.783,237.31,239.051
-945.325,-945.336,1389.79,-945.386,-945.624,-945.447,-945.273,-931.002,-942.75
-961.176,-961.375,1560.29,-948.225,-939.536,-961.171,-931.04,-961.171,-942.827
-354.304,-355.243,-361.646,-354.511,-361.646,-344.986,-324.381,-332.844,1744.5
1681.78,1686.27,1694.78,4556.2,1676.73,1690.96,1694.16,1682.28,1682.32
1722.15,1718.92,1720.69,1721.91,1721.64,1720.06,1722.15,1724.8,1720.74
2329.41,2325.94,2332.64,2327.41,2331.94,2328.37,2331.07,2326,2331.74
3944.84,3936.76,3950.5,3944.55,3955.6,3954.15,3951.15,3948.59,3945.47
4000,4000,4000,4000,4000,4000,4000,4000,4000
4000,4000,4000,4000,4000,4000,4000,4000,4000
4000,4000,4000,4000,4000,4000,4000,4000,4000
4000,4000,4000,4000,4000,4000,4000,4000,4000
4000,4000,4000,4000,4000,4000,4000,4000,4000
4000,4000,4000,4000,4000,4000,4000,4000,4000
1252.13,1248.82,1248.92,1244.97,1246.27,1250.1,1248.81,1243.44,1313.37
1153.47,-821.735,-821.722,-821.185,-821.862,-821.144,-821.76,-821.854,-821.702
-996.273,-997.388,-996.482,-994.089,-997.071,-997.52,-996.789,1521.36,-983.822
23.2179,23.4007,37.8822,25.468,27.9201,1620.79,33.9491,48.0729,23.51
1678.08,1674.02,1678.08,1677.06,1676.58,1678.89,1799.71,1678.25,1678.64
1699.57,1703.16,1698.49,1702.76,1729.87,1699.7,1701.35,1702.67,1703.38
1888.49,1886.21,1901.16,1888.67,1885.97,1887.77,1884.49,1885.88,1887.44
3827.03,3806.5,3821.27,3822.32,3827.11,3827.53,3826.04,3821.95,3811.93
4000,4000,4000,4000,4000,4000,4000,4000,4000
4000,4000,4000,4000,4000,4000,4000,4000,4000
4000,4000,4000,4000,4000,4000,4000,4000,4000
4000,4000,4000,4000,4000,4000,4000,4000,4000
4000,4000,4000,4000,4000,4000,4000,4000,4000
4000,4000,4000,4000,4000,4000,4000,4000,4000
1381.28,1380.64,1377.2,1388.54,1388.12,1374.85,1375.12,1386.33,1386.98
-972.205,-998.41,981.443,-996.282,-997.602,-989.424,-997.569,-998.407,-997.195
-999.892,-992.962,-999.977,-1000,-999.931,-998.161,-1000,1198.58,-1000
-927.964,-950.031,-931.608,-943.9,-951.726,-951.809,-951.437,1568.11,-928.324
1630.45,1631.81,1625.76,1773,1631.76,1634.56,1631.58,1631.34,1633.32
1653.35,1893.02,1659.79,1659.47,1658.98,1659.71,1658.49,1659.6,1658.22
1739.12,1737.79,1807.18,1739.01,1737.86,1741.83,1737.83,1741.82,1736.33
3741.13,3754.39,3763.55,3767.22,3768.19,3763.74,3755.3,3758.31,3763.49
4000,4000,4000,4000,4000,4000,4000,4000,4000
4000,4000,4000,4000,4000,4000,4000,4000,4000
4000,4000,4000,4000,4000,4000,4000,4000,4000
4000,4000,4000,4000,4000,4000,4000,4000,4000
4000,4000,4000,4000,4000,4000,4000,4000,4000
4000,4000,4000,4000,4000,4000,4000,4000,4000
1697.72,1695.88,1695.81,1692.78,1697.31,1695.83,1697.17,1688.15,1696.19
1342.35,1354.22,1354.44,1347.76,1347.23,1345.25,1354.64,1341.2,1417.05
1492.98,1484.98,1498,1497.72,1499.28,1485.42,1496.33,1529.58,1497.55
1700,1663.72,1664.78,1664.46,1665.96,1664.41,1657.6,1654.25,1664.72
1646.59,1647.18,1647.57,1662.49,1646.53,1647.94,1649.54,1648.64,1649.42
1659.88,1654.93,1658.78,1659.61,1657.92,1659.48,1659.91,1659.34,1658.32
1687.07,1689.18,1692.86,1691.14,1686.77,1693.63,1690.69,1689.92,1691.9
3615.9,3601.38,3607.11,3605.41,3608.51,3605.86,3608.69,3608.82,3597.84
4000,4000,4000,4000,4000,4000,4000,4000,4000
4000,4000,4000,4000,4000,4000,4000,4000,4000
4000,4000,4000,4000,4000,4000,4000,4000,4000
4000,4000,4000,4000,4000,4000,4000,4000,4000
4000,4000,4000,4000,4000,4000,4000,4000,4000
4000,4000,4000,4000,4000,4000,4000,4000,4000
1626.02,1624.78,1625.74,1626.61,1623.96,1625.88,1626.9,1626.89,1623.87
60.1038,55.2066,57.0414,61.5161,51.6819,1538.27,62.4568,57.2438,50.8786
-641.072,-661.036,-664.365,-655.159,-660.02,-644.078,-661.79,-660.843,1399.59
1006.09,1007.16,1008.55,1004.65,1012.57,1499.09,1007.16,1013.02,1016.66
1648.73,1648.21,1658.82,1649.62,1649.89,1651.4,1651.56,1651.61,1651.07
1644.56,1662.29,1646.32,1645.55,1645.95,1644.58,1645.28,1645.85,1643.42
1646.88,1650.49,1650.21,1651.84,1649.02,1651.22,1650.89,1647.96,1651.3
2341.75,2337.12,2340.31,2338.82,2340.49,2339.78,2339.36,2344.4,2342.03
4000,4000,4000,4000,4000,4000,4000,4000,4000
4000,4000,4000,4000,4000,4000,4000,4000,4000
4000,4000,4000,4000,4000,4000,4000,4000,4000
4000,4000,4000,4000,4000,4000,4000,4000,4000
4000,4000,4000,4000,4000,4000,4000,4000,4000
4000,4000,4000,4000,4000,4000,4000,4000,4000
1469.89,1460.58,1530.39,1474.64,1469.97,1474.56,1471.59,1461.4,1474.84
-999.771,-999.599,-993.288,1149.93,-980.082,-999.78,-999.72,-999.782,-999.78
-999.997,-999.99,-999.949,-999.997,-999.997,-976.318,-999.997,1216.03,-999.995
1455.13,-844.212,-840.979,-823.182,-817.38,-828.053,-844.069,-845.267,-845.28
1575.25,1575.64,1575.12,1574.51,1572.51,1574.89,1572.24,1565.23,1574.69
1619.87,1622.28,1619.97,1615.71,1622.75,1622.41,1620.62,1623.2,1622.83
1671.64,1671.73,1670.61,1671.28,1671.23,1672.45,1670.18,1672.33,1671.82
3686.73,3704.91,3700.18,3704.52,3692.62,3705.71,3684.73,3691.09,3701.46
4000,4000,4000,4000,4000,4000,4000,4000,4000
4000,4000,4000,4000,4000,4000,4000,4000,4000
4000,4000,4000,4000,4000,4000,4000,4000,4000
4000,4000,4000,4000,4000,4000,4000,4000,4000
4000,4000,4000,4000,4000,4000,4000,4000,4000
4000,4000,4000,4000,4000,4000,4000,4000,4000
1128.33,1126.46,1124.8,1510.63,1126.41,1121.25,1131.09,1121.68,1127.04
-998.046,-998.04,-996.478,1208.52,-997.848,-998.043,-998.042,-994.411,-998.044
-981.843,1296.09,-978.631,-980.778,-981.843,-981.271,-981.299,-981.843,-979.42
-597.835,-598.798,-598.767,-598.766,-598.772,-598.795,-597.189,-598.118,1472.47
1609.02,1609.68,1605.6,1609.21,1609.44,1608.59,1608.53,1607.55,1618.36
1635.76,1636.11,1636.14,1636.38,1635.48,1634.07,1635.96,1637,1636.49
1679.42,1680.31,1681.79,1681.19,1682.89,1681.2,1679.46,1681.16,1682.75
3725.31,3737.34,3736.04,3728,3731.84,3734.43,3733.96,3720.85,3718.8
4000,4000,4000,4000,4000,4000,4000,4000,4000
4000,4000,4000,4000,4000,4000,4000,4000,4000
4000,4000,4000,4000,4000,4000,4000,4000,4000
4000,4000,4000,4000,4000,4000,4000,4000,4000
4000,4000,4000,4000,4000,4000,4000,4000,4000
4000,4000,4000,4000,4000,4000,4000,4000,4000
1987.04,1978.63,1986.37,1980.17,1983.43,1981.87,1987.14,1970.59,1982.38
-870.867,-863.197,-871.684,-864.66,-871.886,-870.858,-871.886,1390.09,-870.858
-696.265,-696.608,-696.235,-696.367,-696.419,-696.529,-696.46,1442.31,-696.455
288.857,286.157,277.124,1550.5,277.163,283.989,277.127,277.12,283.864
1676.33,1675.77,1676.15,1675.87,1675.56,1680.28,1676.03,1674.22,1666.15
1674.53,1671.38,1691.39,1674.98,1674.33,1674.21,1673.61,1675.91,1675.95
1748.79,1748.17,1747.83,1747.06,1747.42,1749.24,1747.96,1749.49,1747.99
3804.24,3808.66,3801.96,3790.7,3805.2,3791.54,3786.98,3796.46,3806.81
4000,4000,4000,4000,4000,4000,4000,4000,4000
4000,4000,4000,4000,4000,4000,4000,4000,4000
4000,4000,4000,4000,4000,4000,4000,4000,4000
4000,4000,4000,4000,4000,4000,4000,4000,4000
4000,4000,4000,4000,4000,4000,4000,4000,4000
4000,4000,4000,4000,4000,4000,4000,4000,4000
1810.76,1803.27,1810.28,1808.59,1811.44,1811.18,1808.57,1808.79,1809.92
-654.163,-654.206,-652.008,-654.169,-654.082,-654.128,-652.661,1329.22,-653.975
-997.987,-991.306,1349.75,-997.985,-997.986,-997.96,-997.773,-997.979,-997.98
-263.214,-288.588,-279.976,1528.91,-288.49,-286.568,-287.002,-292.148,-288.731
1661.07,1661.75,1659.56,1660.01,1653.17,1660.45,1661.22,1660.73,1661.33
1726.27,1724.7,1724.54,1725.62,1724.94,1725.56,1723.36,1725.31,1727.53
1881.22,1881.89,1886.11,1881.47,1876.78,1883.06,1881.61,1883,1883.8
3889.79,3884.27,3893.48,3891.2,3887.26,3878.87,3881.39,3875.18,3880.47
4000,4000,4000,4000,4000,4000,4000,4000,4000
4000,4000,4000,4000,4000,4000,4000,4000,4000
4000,4000,4000,4000,4000,4000,4000,4000,4000
4000,4000,4000,4000,4000,4000,4000,4000,4000
4000,4000,4000,4000,4000,4000,4000,4000,4000
4000,4000,4000,4000,4000,4000,4000,4000,4000
1662.8,1678.44,1678.57,1675.22,1675.98,1678.74,1671.79,1671.75,1678.86
-773.233,1309.83,-773.281,-773.281,-773.251,-773.199,-772.711,-772.956,-773.042
-992.412,-992.736,-992.667,1337.66,-989.231,-992.697,-991.326,-992.694,-989.506
796.769,803.444,793.569,1520.25,804.478,796.329,791.712,796.739,782.929
1712.47,1713.11,1714.47,1714.32,1713.22,1712.82,1713.92,1726.77,1713.8
1798.8,1788.75,1790.93,1789.73,1789.08,1789.43,1789.54,1787.55,1790.76
2128.48,2129.15,2128.85,2125.68,2125.13,2131.85,2127.71,2130.25,2132
3951.71,3951.57,3935.65,3949.54,3939.74,3951.38,3944.49,3945.3,3946.26
4000,4000,4000,4000,4000,4000,4000,4000,4000
4000,4000,4000,4000,4000,4000,4000,4000,4000
4000,4000,4000,4000,4000,4000,4000,4000,4000
4000,4000,4000,4000,4000,4000,4000,4000,4000
4000,4000,4000,4000,4000,4000,4000,4000,4000
4000,4000,4000,4000,4000,4000,4000,4000,4000
738.862,742.449,745.12,739.694,740.118,743.949,745.121,733.99,1550.64
-861.448,-861.3,-861.448,-850.948,-861.219,1440.15,-861.302,-861.395,-861.05
186.973,184.814,186.519,183.788,198.318,180.404,1602.85,178.918,195.261
1693.77,1691.42,1706.94,1693.74,1678.62,1691.9,1692.69,1693.79,1692.26
1709.18,1708.84,1708.01,1715.8,1708.27,1709.17,1709.25,1707.54,1708.77
1754.09,1780.59,1754.51,1755.89,1754.86,1755.73,1755.48,1755.93,1755.17
2558.05,2546.69,2560.08,2561.21,2557.85,2556.52,2562.71,2558.12,2555.97
3995.9,3993.12,3984.32,3979.33,3979.31,4000,4000,4000,4000
4000,4000,4000,4000,4000,4000,4000,4000,4000
4000,4000,4000,4000,4000,4000,4000,4000,4000
4000,4000,4000,4000,4000,4000,4000,4000,4000
4000,4000,4000,4000,4000,4000,4000,4000,4000
4000,4000,4000,4000,4000,4000,4000,4000,4000
4000,4000,4000,4000,4000,4000,4000,4000,4000
1312.23,1316.93,1381.04,1307.57,1315.62,1316.87,1314.89,1311.09,1311.01
-851.791,-858.627,-856.629,1414.75,-858.532,-858.381,-846.195,-858.34,-858.166
-320.848,-291.323,-336.841,-330.338,-332.142,-340.16,-337.104,-327.562,1616.2
1616.77,1716.19,1616.3,1618.58,1615.75,1616.61,1616.74,1618.66,1616.27
1748.72,4559.59,1694.63,1698.97,1693.67,1695.59,1692.39,1692.23,1695.62
1737.32,1736.55,1736.86,1749.58,1736.86,1735.5,1737.4,1735.08,1736.28
2088.39,2086.81,2089.29,2088.31,2087.42,2088.37,2087.15,2088.99,2090.65
3949.86,3958.93,3957.67,3952.96,3954.48,3969.01,3970.58,3950.32,3968.04
4000,4000,4000,4000,4000,4000,4000,4000,4000
4000,4000,4000,4000,4000,4000,4000,4000,4000
4000,4000,4000,4000,4000,4000,4000,4000,4000
4000,4000,4000,4000,4000,4000,4000,4000,4000
4000,4000,4000,4000,4000,4000,4000,4000,4000
4000,4000,4000,4000,4000,4000,4000,4000,4000
1955.43,1954.47,1955.01,1956.65,1953.43,1953.41,1955.79,1953.42,1952.5
-432.426,-433.748,-431.474,-433.412,-424.378,-434.177,-434.16,-433.243,1450.7
-933.009,1448.1,-971.47,-972.864,-973.069,-954.99,-971.513,-971.255,-955.549
1744.64,-405.716,-423.803,-395.779,-417.508,-420.368,-424.62,-410.824,-400.658
1666.77,1664.84,1854.16,1664.11,1666.44,1665,1666.66,1651.6,1662.95
1690.44,1693.9,1691.8,1692.1,1694.36,1694.11,1693.37,1692.01,1693.28
1837.17,1838.79,1836.41,1839.37,1836.02,1836.33,1839.05,1835.53,1835.45
3797.58,3800.8,3806.34,3819.99,3814.62,3809.14,3817.17,3816.12,3812.34
4000,4000,4000,4000,4000,4000,4000,4000,4000
4000,4000,4000,4000,4000,4000,4000,4000,4000
4000,4000,4000,4000,4000,4000,4000,4000,4000
4000,4000,4000,4000,4000,4000,4000,4000,4000
4000,4000,4000,4000,4000,4000,4000,4000,4000
4000,4000,4000,4000,4000,4000,4000,4000,4000
-13.4843,-10.823,-12.9329,-13.8966,-11.166,-4.89063,-13.3254,1382,-18.0817
-1000,-1000,-999.987,-1000,1014.63,-999.999,-1000,-1000,-999.926
-999.818,994.701,-1000,-999.975,-1000,-1000,-1000,-1000,-999.953
-994.642,-998.363,-998.829,-972.34,-996.25,1300.29,-992.729,-997.943,-993.624
1604.75,1725.16,1604.01,1604.51,1600.69,1604.61,1602.33,1604.89,1604.44
1661.85,1680.32,1663.91,1662.48,1662.54,1663.69,1663.08,1660.7,1663.21
1718.78,1718.8,1718.58,1718.79,1718.38,1717.19,1713.93,1716.54,1716.87
3654.39,3675.25,3665.47,3658.95,3663.49,3667.02,3656,3673.39,3669.4
4000,4000,4000,4000,4000,4000,4000,4000,4000
4000,4000,4000,4000,4000,4000,4000,4000,4000
4000,4000,4000,4000,4000,4000,4000,4000,4000
4000,4000,4000,4000,4000,4000,4000,4000,4000
4000,4000,4000,4000,4000,4000,4000,4000,4000
4000,4000,4000,4000,4000,4000,4000,4000,4000
1585.82,1585.68,1599.24,1585.49,1582.82,1583.91,1584.66,1585.28,1584.07
-744.748,-723.326,-743.977,-731.114,-744.762,-738.07,-744.762,-746.352,1437.41
-992.503,-976.877,-985.068,-992.502,-934.596,-991.936,-992.561,-992.509,1269.4
-999.743,-996.245,-999.807,-999.794,1233.71,-977.022,-999.808,-999.675,-992.004
1599.43,1593.01,1596.57,1599.21,1640.73,1600,1597.74,1600.52,1601.21
1621.8,1662.63,1625.4,1626.14,1624.74,1621.65,1625.8,1623.75,1626.04
1639.67,1640.55,1630.95,1639.44,1634.92,1637.26,1638.21,1640.34,1651.11
2676.09,2674.53,2671.27,2679.61,2681.91,2677.34,2675.7,2673.01,2675.45
4000,4000,4000,4000,4000,4000,4000,4000,4000
4000,4000,4000,4000,4000,4000,4000,4000,4000
4000,4000,4000,4000,4000,4000,4000,4000,4000
4000,4000,4000,4000,4000,4000,4000,4000,4000
4000,4000,4000,4000,4000,4000,4000,4000,4000
4000,4000,4000,4000,4000,4000,4000,4000,4000
1375.54,1374.66,1374.61,1374.05,1582.86,1367.15,1361.76,1374.14,1370.76
-984.058,-997.507,-997.22,-995.74,-997.505,-997.506,1291,-997.493,-997.42
-997.956,-999.966,-998.663,-999.909,1050.4,-999.894,-999.613,-999.973,-999.973
-561.447,-554.647,-564.617,-564.562,-564.532,-564.293,-549.909,1425.25,-553.589
1633.43,1633.91,1633.73,1632.02,1633.19,1633.97,1634.06,1633.01,1631.34
1645.82,1644.71,1645.02,1646.18,1646.18,1643.97,1645.57,1644.17,1646.31
1684.92,1684.96,1687.62,1685.5,1686.64,1686.38,1685.26,1687.12,1687.27
3532.69,3537.09,3536.47,3544.53,3542.73,3524.72,3524.9,3531.12,3527.34
4000,4000,4000,4000,4000,4000,4000,4000,4000
4000,4000,4000,4000,4000,4000,4000,4000,4000
4000,4000,4000,4000,4000,4000,4000,4000,4000
4000,4000,4000,4000,4000,4000,4000,4000,4000
4000,4000,4000,4000,4000,4000,4000,4000,4000
4000,4000,4000,4000,4000,4000,4000,4000,4000
1564.67,1564.32,1565.61,1559.3,1562.53,1561.14,1565.82,1566.07,1562.79
-966.399,-966.381,1254.95,-966.142,-966.142,-966.142,-958.606,-966.142,-963.209
-998.238,-1000,-999.999,-1000,-1000,-1000,-1000,951.664,-1000
-988.092,-988.064,-987.835,-988.102,-988.093,-988.098,1335.24,-988.1,-988.085
1578.15,1578.21,1577.15,1577.17,1575.29,1577.8,1576.19,1578.15,1576.47
1612.76,1609.87,1612.62,1611.48,1612.44,1612.95,1612.89,1612.07,1603.22
1669.88,1670.12,1666.43,1667.99,1671.14,1670.35,1671.23,1670.59,1671.59
3817.52,3809.62,3808.72,3800.25,3801.24,3797.1,3803.87,3796.01,3797.06
4000,4000,4000,4000,4000,4000,4000,4000,4000
4000,4000,4000,4000,4000,4000,4000,4000,4000
4000,4000,4000,4000,4000,4000,4000,4000,4000
4000,4000,4000,4000,4000,4000,4000,4000,4000
4000,4000,4000,4000,4000,4000,4000,4000,4000
4000,4000,4000,4000,4000,4000,4000,4000,4000
958.672,958.697,955.961,956.951,958.948,947.858,1474.99,956.151,949.004
-996.973,-992.18,-996.99,-996.993,-996.981,-995.302,-996.99,-996.989,1288.61
1330.95,-995.51,-995.187,-995.51,-995.51,-995.509,-965.287,-995.509,-995.543
-832.642,-830.487,-808.788,-832.639,-811.871,-824.872,-828.275,1417.83,-832.635
1617.92,1618.12,1623.63,1618.21,1616.01,1617.42,1613.42,1617.84,1618.16
1628.58,1628.66,1628.53,1627.84,1627.95,1628.31,1627.59,1628.12,1628.82
1661.51,1662.48,1663.36,1664.45,1663.36,1663.56,1663.57,1661.75,1663.67
3793.33,3795.31,3793.69,3786,3793.16,3779.46,3798.06,3793.13,3802.36
4000,4000,4000,4000,4000,4000,4000,4000,4000
4000,4000,4000,4000,4000,4000,4000,4000,4000
4000,4000,4000,4000,4000,4000,4000,4000,4000
4000,4000,4000,4000,4000,4000,4000,4000,4000
4000,4000,4000,4000,4000,4000,4000,4000,4000
4000,4000,4000,4000,4000,4000,4000,4000,4000
804.479,806.659,803.638,1457.49,803.717,805.472,804.388,808.966,802.634
-999.208,-999.983,-992.5,-999.983,-982.399,-999.983,1230.88,-999.98,-999.983
-999.63,-999.75,-999.677,-999.758,-998.658,1251.22,-999.618,-999.756,-999.756
-820.467,-816.933,-816.14,1441.98,-817.328,-820.459,-815.114,-820.258,-820.458
1647.51,1663.62,1650.24,1649.65,1636.31,1650.25,1648.79,1646.72,1648.55
1659.68,1660.92,1661.11,1661.2,1660.44,1664.32,1661.07,1659.21,1661.02
1761.86,1759.75,1763.06,1760.83,1761.53,1761.68,1761.73,1761.51,1759.7
3862.94,3876.12,3876.19,3863.87,3881.35,3881.41,3861.64,3882.36,3876.04
4000,4000,4000,4000,4000,4000,4000,4000,4000
4000,4000,4000,4000,4000,4000,4000,4000,4000
4000,4000,4000,4000,4000,4000,4000,4000,4000
4000,4000,4000,4000,4000,4000,4000,4000,4000
4000,4000,4000,4000,4000,4000,4000,4000,4000
4000,4000,4000,4000,4000,4000,4000,4000,4000
985.609,977.673,987.201,984.844,980.559,982.721,980.23,981.277,1442.83
-991.977,-994.633,-981.709,1317.3,-990.305,-994.6,-994.601,-994.605,-994.613
-999.688,-999.687,1234.36,-999.689,-999.67,-999.684,-999.499,-988.863,-990.508
372.153,370.225,376.802,1471.5,382.958,388.951,380.663,377.293,376.73
1695.43,1692.96,1695.61,1694.17,1696.13,1696.22,1695.87,1693.6,1694.9
1728.37,1729.66,1732.14,1731.34,1729.82,1728.49,1731.62,1729.88,1730.83
2013.11,2015.27,2015.6,2014,2012.12,2015.67,2013.78,2017.22,2016.56
3942.44,3941.54,3926.49,3936.02,3935.28,3933.45,3931.12,3926.57,3949.66
4000,4000,4000,4000,4000,4000,4000,4000,4000
4000,4000,4000,4000,4000,4000,4000,4000,4000
4000,4000,4000,4000,4000,4000,4000,4000,4000
4000,4000,4000,4000,4000,4000,4000,4000,4000
4000,4000,4000,4000,4000,4000,4000,4000,4000
4000,4000,4000,4000,4000,4000,4000,4000,4000
1454.52,1456.45,1455.92,1450.8,1451.62,1446.68,1452.44,1445.43,1454.55
-564.708,-587.128,-608.36,1448.8,-606.531,-608.493,-607.388,-608.291,-608.612
20.0089,21.4984,21.0872,20.9434,13.6975,13.8764,21.1889,1491.67,23.3806
1620.5,1620.18,1620.22,1619.46,1619.37,1620.04,1618.33,1619.36,1656.42
1700.99,1700.8,1698.75,1701.17,1698.99,1699.39,1699.78,1700.46,1700.96
1805.54,1805.77,1806.45,1806.71,1804.52,1805.99,1806.18,1806.26,1805.84
2317.2,2315.03,2315.76,2315.67,2318.98,2312.23,2315.21,2321.07,2316.95
3994.46,3984.61,3981.11,3981.26,3978.78,4000,4000,4000,4000
4000,4000,4000,4000,4000,4000,4000,4000,4000
4000,4000,4000,4000,4000,4000,4000,4000,4000
4000,4000,4000,4000,4000,4000,4000,4000,4000
4000,4000,4000,4000,4000,4000,4000,4000,4000
4000,4000,4000,4000,4000,4000,4000,4000,4000
4000,4000,4000,4000,4000,4000,4000,4000,4000
1323.87,1321.25,1322.62,1322.84,1465.26,1317.11,1325.99,1325.95,1326.03
576.21,584.057,583.758,1546.37,577.023,582.732,578.14,582.566,576.553
1065.12,1053.45,1590.96,1071.1,1048.86,1066.22,1068.71,1054.8,1062.21
1478.45,1481.09,1477.54,1487,4565.3,1485.73,1490.74,1509.63,1478.61
1699.96,1699.18,1699.59,1698.34,1699.88,1736.7,1700.34,1698.45,1699.4
1704.95,1716.63,4562.79,1707.04,1769.4,1708.82,1709.88,1763.44,1716.2
2106.16,2105.49,2104.07,2099.31,2104.38,2105.72,2105.26,2105.44,2105.4
3987.6,3979.99,4000,4000,4000,4000,4000,4000,4000
4000,4000,4000,4000,4000,4000,4000,4000,4000
4000,4000,4000,4000,4000,4000,4000,4000,4000
4000,4000,4000,4000,4000,4000,4000,4000,4000
4000,4000,4000,4000,4000,4000,4000,4000,4000
4000,4000,4000,4000,4000,4000,4000,4000,4000
4000,4000,4000,4000,4000,4000,4000,4000,4000
858.048,856.903,855.955,856.135,849.985,857.589,848.364,850.576,1421.93
-295.618,-295.596,-282.999,-298.116,-301.112,-299.719,-299.15,-297.763,1521.8
167.444,164.179,167.853,155.056,162.787,160.203,177.449,1532.69,164.322
1646.43,1646.67,1644.45,1660.48,1645.91,1646.63,1646.1,1645.58,1646.41
1680.68,1680.78,1676.88,1679.85,1680.28,1680.58,1717.97,1680.25,1680.89
1714.56,1715.79,1715.16,1716.39,1716.93,1715.07,1716.4,1716.66,1716.9
1968.82,1965,1966.22,1965.2,1965.32,1961.61,1962.46,1966.43,1963.3
3993.1,3985.2,3985.37,3982.22,3980.28,4000,4000,4000,4000
4000,4000,4000,4000,4000,4000,4000,4000,4000
4000,4000,4000,4000,4000,4000,4000,4000,4000
4000,4000,4000,4000,4000,4000,4000,4000,4000
4000,4000,4000,4000,4000,4000,4000,4000,4000
4000,4000,4000,4000,4000,4000,4000,4000,4000
4000,4000,4000,4000,4000,4000,4000,4000,4000
1583.38,1572.67,1575.39,1583.45,1574.27,1581.73,1585.93,1572.26,1574.09
-829.416,-819.898,-829.885,-829.736,-830.662,1507.7,-829.954,-829.405,-822.345
-726.142,-715.256,-700.419,-734.765,-725.836,-727.739,-677.231,-719.121,1554.74
-291.045,1599.07,-300.283,-288.124,-300.568,-306.171,-287.407,-282.926,-293.199
1671.17,1668.93,1670.97,1671.56,1670.63,1670.81,1670.87,1664.06,1670.52
1691.96,1691.87,1694.05,1694.35,1691.98,1692.89,1693.7,1693.16,1694.37
1831.57,1832.27,1834.19,1829.59,1832.99,1834.08,1832.94,1833.31,1827.65
3896.35,3889.04,3889.35,3910.76,3896.12,3902.38,3906.1,3903.32,3897.43
4000,4000,4000,4000,4000,4000,4000,4000,4000
4000,4000,4000,4000,4000,4000,4000,4000,4000
4000,4000,4000,4000,4000,4000,4000,4000,4000
4000,4000,4000,4000,4000,4000,4000,4000,4000
4000,4000,4000,4000,4000,4000,4000,4000,4000
4000,4000,4000,4000,4000,4000,4000,4000,4000
-76.2314,-71.666,-72.4571,-71.8631,-71.6063,1189.74,-70.957,-71.2329,-70.2286
-996.704,-999.997,-999.997,-999.997,-999.997,1158.4,-999.997,-999.995,-999.997
-979.709,1287.06,-996.856,-999.733,-984.289,-977.504,-999.735,-992.877,-979.224
455.534,450.522,456.86,1574.9,444.628,451.701,464.519,455.053,460.198
1670.51,1675.66,1669.19,1668.82,1669.6,1665.75,1669.85,1670.57,1668.82
1667.45,1662.58,1665.67,1664.85,1663.93,1664.13,1666.55,1662.66,1662.77
1737.15,1735.66,1733.74,1734.3,1733.2,1734.95,1735.63,1736.64,1734.92
3795.93,3798,3788.45,3795.61,3810.01,3804.58,3794.14,3800.51,3806.92
4000,4000,4000,4000,4000,4000,4000,4000,4000
4000,4000,4000,4000,4000,4000,4000,4000,4000
4000,4000,4000,4000,4000,4000,4000,4000,4000
4000,4000,4000,4000,4000,4000,4000,4000,4000
4000,4000,4000,4000,4000,4000,4000,4000,4000
4000,4000,4000,4000,4000,4000,4000,4000,4000
579.126,579.769,582.261,579.79,1368.35,580.166,577.925,586.646,586.46
-999.989,-999.989,-999.989,1102.58,-999.989,-999.986,-999.989,-999.866,-999.989
1039.49,-990.085,-988.038,-990.095,-989.915,-979.343,-988.849,-987.905,-990.095
-290.729,1450.31,-283.688,-306.487,-309.688,-300.273,-291.882,-308.65,-303.825
1654.33,1654.79,1641.53,1653.86,1654.07,1655.17,1654.98,1656.58,1656.6
1656.83,1654.93,1657.27,1655.56,1653.73,1654.89,1657.39,1654.5,1656.75
1737.02,1735.62,1734.86,1737.96,1738.3,1738.28,1736.73,1735.07,1737.22
3805.19,3826.32,3809.56,3820.99,3808.48,3819.01,3825.52,3823.42,3812.7
4000,4000,4000,4000,4000,4000,4000,4000,4000
4000,4000,4000,4000,4000,4000,4000,4000,4000
4000,4000,4000,4000,4000,4000,4000,4000,4000
4000,4000,4000,4000,4000,4000,4000,4000,4000
4000,4000,4000,4000,4000,4000,4000,4000,4000
4000,4000,4000,4000,4000,4000,4000,4000,4000
837.885,1564.53,840.126,838.201,833.746,845.124,832.804,834.355,840.019
-996.867,-997.013,1336,-997.159,-996.569,-997.143,-997.163,-997.156,-995.872
-999.64,-999.641,-999.622,1203.23,-999.631,-999.64,-988.705,-999.64,-971.728
1478.77,-677.775,-695.854,-689.295,-693.697,-690.961,-688.519,-673.932,-693.95
1631.36,1633.59,1634.3,1633.5,1631.44,1630.2,1633.51,1633.02,1631.28
1634.73,1636.26,1637.34,1637.15,1634.87,1635.38,1636.13,1634.94,1634.21
1672.32,1668.97,1672.48,1672,1670.75,1669.95,1673.68,1672.98,1672.2
3253.08,3258.85,3246.33,3257.7,3254.38,3256.11,3250.73,3246.52,3242.55
4000,4000,4000,4000,4000,4000,4000,4000,4000
4000,4000,4000,4000,4000,4000,4000,4000,4000
4000,4000,4000,4000,4000,4000,4000,4000,4000
