kite_pos_x	kite_pos_y	kite_pos_z	kite_vel_x	kite_vel_y	kite_vel_z	kite_acc_x	kite_acc_y	kite_acc_z	block_pos_x	block_vel_x	block_acc_x	
35.1898	0	35.5253	-6.5499	0	6.93456	-128.538	0	139.108	0.00878981	0.449901	14.5355	
33.109	0	37.9307	-7.86145	0	10.8957	47.0469	0	-33.58	0.53833	4.76969	16.334	
32.3232	0	39.5525	-0.721966	0	5.99282	25.4932	0	-16.4186	1.73943	6.9508	7.33255	
32.5669	0	40.4791	2.69312	0	3.64352	10.3247	0	-7.76989	3.21902	7.6346	0.885332	
33.2512	0	41.0786	3.97503	0	2.57228	3.42293	0	-3.4899	4.74778	7.59457	-0.918536	
34.0831	0	41.5318	4.28728	0	2.11492	0.0643664	0	-1.29805	6.24387	7.35204	-1.37728	
34.9225	0	41.93	4.10559	0	1.99178	-1.65865	0	-0.0658122	7.6866	7.0789	-1.2934	
35.6996	0	42.3229	3.70401	0	2.03993	-2.16887	0	0.428992	9.07844	6.85113	-0.963133	
36.3931	0	42.7308	3.301	0	2.12273	-1.74778	0	0.321486	10.4319	6.69544	-0.606862	
37.0181	0	43.1505	3.02932	0	2.1502	-0.962822	0	-0.0597233	11.7606	6.59935	-0.383407	
37.6042	0	43.5678	2.90472	0	2.10239	-0.336459	0	-0.393159	13.0734	6.53093	-0.324832	
38.1758	0	43.9697	2.87253	0	2.00417	-0.0381284	0	-0.561248	14.3729	6.46244	-0.370886	
38.7452	0	44.3494	2.87306	0	1.88673	0.0139255	0	-0.596831	15.6574	6.38032	-0.451495	
39.3148	0	44.7053	2.87066	0	1.76972	-0.0472866	0	-0.567279	16.9239	6.28228	-0.525936	
39.8827	0	45.0384	2.85284	0	1.6609	-0.129237	0	-0.520865	18.1694	6.17124	-0.581004	
40.4455	0	45.3505	2.82046	0	1.56096	-0.189338	0	-0.480462	19.3917	6.05105	-0.618251	
41.0009	0	45.6432	2.77919	0	1.46792	-0.218409	0	-0.451953	20.5893	5.92468	-0.644063	
41.5478	0	45.9176	2.73471	0	1.37954	-0.223199	0	-0.433147	21.7612	5.79377	-0.664463	
42.086	0	46.1746	2.6908	0	1.29432	-0.214534	0	-0.419679	22.9065	5.65899	-0.683299	
42.6156	0	46.4146	2.64919	0	1.21157	-0.201368	0	-0.407888	24.0245	5.52043	-0.702254	
43.1373	0	46.6382	2.61019	0	1.1312	-0.189079	0	-0.395619	25.1144	5.37805	-0.721551	
43.6516	0	46.8459	2.57335	0	1.05342	-0.179995	0	-0.381998	26.1754	5.23181	-0.740688	
44.1587	0	47.0382	2.53795	0	0.978508	-0.174573	0	-0.366927	27.2068	5.08182	-0.758947	
44.6589	0	47.2157	2.5033	0	0.906736	-0.172436	0	-0.350652	28.2078	4.92833	-0.775649	
45.1524	0	47.3791	2.4688	0	0.838313	-0.172997	0	-0.333505	29.1778	4.7717	-0.79024	
45.6389	0	47.5291	2.43396	0	0.773381	-0.175746	0	-0.315791	30.1162	4.6124	-0.802296	
46.1186	0	47.6663	2.39838	0	0.712027	-0.1803	0	-0.297756	31.0225	4.45097	-0.811489	
46.5911	0	47.7916	2.36173	0	0.654295	-0.18638	0	-0.279599	31.8964	4.288	-0.817566	
47.0562	0	47.9057	2.32374	0	0.600194	-0.193745	0	-0.261482	32.7376	4.12416	-0.820326	
47.5137	0	48.0092	2.28416	0	0.549699	-0.202145	0	-0.243548	33.546	3.9601	-0.819621	
47.9631	0	48.1029	2.24283	0	0.502763	-0.211295	0	-0.225924	34.3216	3.79655	-0.815353	
48.4041	0	48.1875	2.19961	0	0.45931	-0.220866	0	-0.208728	35.0646	3.63421	-0.80748	
48.8364	0	48.2638	2.15447	0	0.419244	-0.230493	0	-0.192068	35.7753	3.4738	-0.796023	
49.2595	0	48.3323	2.10743	0	0.382449	-0.239787	0	-0.176038	36.4542	3.31604	-0.781067	
49.6731	0	48.3937	2.0586	0	0.34879	-0.248357	0	-0.160719	37.1019	3.16161	-0.762765	
50.0768	0	48.4487	2.00816	0	0.318117	-0.255835	0	-0.146179	37.7191	3.01115	-0.741335	
50.4703	0	48.4978	1.95636	0	0.29027	-0.261891	0	-0.13247	38.3066	2.86527	-0.717054	
50.8533	0	48.5415	1.90351	0	0.265078	-0.266254	0	-0.119629	38.8654	2.72451	-0.690254	
51.2258	0	48.5805	1.84998	0	0.242365	-0.268728	0	-0.107677	39.3967	2.58933	-0.661306	
51.5876	0	48.6151	1.79616	0	0.221953	-0.269194	0	-0.0966213	39.9015	2.46012	-0.630614	
51.9386	0	48.6458	1.74244	0	0.203662	-0.267616	0	-0.0864558	40.3811	2.33719	-0.598596	
52.2789	0	48.6731	1.68924	0	0.187317	-0.264037	0	-0.0771619	40.8368	2.22076	-0.565675	
52.6088	0	48.6973	1.63695	0	0.172746	-0.258572	0	-0.0687105	41.2698	2.11097	-0.532265	
52.9283	0	48.7186	1.58593	0	0.159783	-0.251392	0	-0.0610636	41.6815	2.00787	-0.498756	
53.2377	0	48.7376	1.5365	0	0.148273	-0.242713	0	-0.0541766	42.0733	1.91146	-0.465509	
53.5375	0	48.7543	1.48894	0	0.138069	-0.23278	0	-0.0479999	42.4465	1.82165	-0.432848	
53.828	0	48.7692	1.44346	0	0.129033	-0.221853	0	-0.0424807	42.8024	1.73828	-0.401052	
54.1097	0	48.7823	1.40025	0	0.121039	-0.210192	0	-0.0375652	43.1422	1.66117	-0.370352	
54.3829	0	48.7939	1.35942	0	0.113972	-0.198046	0	-0.0331995	43.4672	1.59007	-0.340937	
54.6483	0	48.8042	1.32105	0	0.107728	-0.185646	0	-0.0293309	43.7786	1.52471	-0.312949	
54.9062	0	48.8133	1.28517	0	0.102212	-0.173199	0	-0.0259094	44.0774	1.4648	-0.286485	
55.1572	0	48.8213	1.25177	0	0.0973391	-0.160882	0	-0.0228876	44.3648	1.41003	-0.261609	
55.4018	0	48.8285	1.22081	0	0.0930344	-0.148844	0	-0.0202217	44.6417	1.36006	-0.238347	
55.6405	0	48.8348	1.19221	0	0.0892306	-0.137203	0	-0.0178716	44.9091	1.31459	-0.216699	
55.8736	0	48.8404	1.1659	0	0.0858683	-0.126053	0	-0.0158008	45.1678	1.27329	-0.196641	
56.1017	0	48.8454	1.14176	0	0.0828949	-0.115458	0	-0.0139764	45.4187	1.23584	-0.178128	
56.3252	0	48.8498	1.11968	0	0.0802641	-0.105464	0	-0.0123691	45.6624	1.20195	-0.161102	
56.5445	0	48.8537	1.09954	0	0.0779352	-0.0960973	0	-0.0109528	45.8996	1.17131	-0.145493	
56.76	0	48.8572	1.0812	0	0.0758725	-0.0873663	0	-0.0097044	46.1311	1.14367	-0.131226	
56.9719	0	48.8603	1.06455	0	0.0740442	-0.0792687	0	-0.00860348	46.3573	1.11875	-0.118218	
57.1807	0	48.863	1.04946	0	0.0724229	-0.0717913	0	-0.00763215	46.5787	1.09631	-0.106386	
57.3867	0	48.8655	1.0358	0	0.0709843	-0.0649134	0	-0.00677467	46.7959	1.07612	-0.0956471	
57.59	0	48.8677	1.02346	0	0.0697068	-0.0586087	0	-0.00601725	47.0093	1.05799	-0.0859179	
57.791	0	48.8696	1.01232	0	0.0685719	-0.052847	0	-0.0053478	47.2193	1.0417	-0.0771186	
57.9898	0	48.8713	1.00229	0	0.0675629	-0.047596	0	-0.00475575	47.4261	1.02709	-0.0691723	
58.1868	0	48.8729	0.993256	0	0.0666653	-0.0428218	0	-0.00423183	47.6302	1.01398	-0.0620062	
58.3821	0	48.8742	0.985133	0	0.0658664	-0.0384906	0	-0.00376793	47.8318	1.00224	-0.0555516	
58.5758	0	48.8755	0.977835	0	0.0651548	-0.0345685	0	-0.00335695	48.0312	0.991722	-0.0497441	
58.7681	0	48.8766	0.971282	0	0.0645207	-0.0310231	0	-0.00299265	48.2285	0.982306	-0.044524	
58.9592	0	48.8775	0.965404	0	0.0639552	-0.027823	0	-0.00266957	48.4241	0.97388	-0.0398359	
59.1492	0	48.8784	0.960134	0	0.0634506	-0.0249385	0	-0.00238291	48.6181	0.966342	-0.0356289	
59.3382	0	48.8792	0.955411	0	0.063	-0.0223415	0	-0.00212845	48.8107	0.959601	-0.0318563	
59.5263	0	48.8799	0.951181	0	0.0625974	-0.0200058	0	-0.00190249	49.002	0.953575	-0.0284754	
59.7136	0	48.8805	0.947394	0	0.0622374	-0.0179072	0	-0.00170175	49.1922	0.948189	-0.0254471	
59.9002	0	48.881	0.944005	0	0.0619153	-0.0160232	0	-0.00152336	49.3813	0.943377	-0.022736	
60.0861	0	48.8815	0.940972	0	0.0616269	-0.014333	0	-0.00136477	49.5696	0.939077	-0.0203101	
60.2715	0	48.882	0.938261	0	0.0613683	-0.0128179	0	-0.00122376	49.757	0.935237	-0.0181401	
60.4563	0	48.8824	0.935836	0	0.0611364	-0.0114604	0	-0.00109834	49.9437	0.931807	-0.0161997	
60.6407	0	48.8827	0.933668	0	0.0609281	-0.0102449	0	-0.000986749	50.1297	0.928744	-0.0144653	
60.8247	0	48.883	0.93173	0	0.0607409	-0.00915691	0	-0.000887454	50.3152	0.926009	-0.0129153	
61.0083	0	48.8833	0.929998	0	0.0605725	-0.00818355	0	-0.000799076	50.5002	0.923568	-0.0115306	
61.1916	0	48.8836	0.92845	0	0.0604207	-0.00731306	0	-0.000720403	50.6847	0.921388	-0.0102937	
61.3746	0	48.8838	0.927067	0	0.0602838	-0.00653482	0	-0.000650356	50.8687	0.919442	-0.00918912	
61.5574	0	48.884	0.925831	0	0.0601601	-0.00583927	0	-0.000587981	51.0524	0.917705	-0.00820289	
61.7399	0	48.8842	0.924726	0	0.0600481	-0.00521778	0	-0.000532429	51.2358	0.916154	-0.00732246	
61.9222	0	48.8844	0.92374	0	0.0599467	-0.00466261	0	-0.000482948	51.4189	0.91477	-0.00653659	
62.1043	0	48.8845	0.922858	0	0.0598546	-0.00416678	0	-0.00043887	51.6017	0.913534	-0.00583522	
62.2862	0	48.8847	0.92207	0	0.0597709	-0.00372403	0	-0.0003996	51.7843	0.912431	-0.00520932	
62.468	0	48.8848	0.921365	0	0.0596945	-0.00332875	0	-0.000364611	51.9667	0.911446	-0.00465084	
62.6497	0	48.8849	0.920735	0	0.0596248	-0.0029759	0	-0.000333433	52.1489	0.910567	-0.00415256	
62.8313	0	48.885	0.920172	0	0.0595609	-0.00266096	0	-0.000305648	52.331	0.909782	-0.00370803	
63.0127	0	48.8851	0.919669	0	0.0595023	-0.0023799	0	-0.000280886	52.5128	0.909081	-0.00331147	
63.1941	0	48.8852	0.919219	0	0.0594484	-0.00212911	0	-0.000258817	52.6946	0.908455	-0.00295774	
63.3753	0	48.8853	0.918816	0	0.0593987	-0.00190533	0	-0.000239145	52.8762	0.907895	-0.00264222	
63.5565	0	48.8853	0.918455	0	0.0593526	-0.00170568	0	-0.000221609	53.0578	0.907396	-0.0023608	
63.7377	0	48.8854	0.918132	0	0.0593099	-0.00152758	0	-0.000205976	53.2392	0.906949	-0.00210981	
63.9187	0	48.8855	0.917843	0	0.0592701	-0.00136869	0	-0.00019204	53.4205	0.90655	-0.00188597	
64.0997	0	48.8855	0.917583	0	0.059233	-0.00122697	0	-0.000179614	53.6018	0.906193	-0.00168634	
64.2807	0	48.8856	0.917351	0	0.0591982	-0.00110056	0	-0.000168534	53.783	0.905874	-0.00150832	
64.4616	0	48.8856	0.917142	0	0.0591655	-0.000987812	0	-0.000158655	53.9642	0.905589	-0.00134957	
64.6425	0	48.8857	0.916955	0	0.0591347	-0.000887255	0	-0.000149844	54.1453	0.905333	-0.001208	
64.8233	0	48.8857	0.916787	0	0.0591055	-0.000797574	0	-0.000141987	54.3263	0.905105	-0.00108176	
65.0041	0	48.8857	0.916635	0	0.0590778	-0.000717594	0	-0.000134978	54.5073	0.9049	-0.0009692	
65.1849	0	48.8858	0.916499	0	0.0590515	-0.000646268	0	-0.000128727	54.6883	0.904716	-0.000868828	
65.3657	0	48.8858	0.916376	0	0.0590263	-0.000582662	0	-0.00012315	54.8692	0.904552	-0.00077933	
65.5464	0	48.8859	0.916266	0	0.0590022	-0.00052594	0	-0.000118175	55.0501	0.904404	-0.000699528	
65.7271	0	48.8859	0.916166	0	0.058979	-0.000475358	0	-0.000113736	55.231	0.904271	-0.000628373	
65.9078	0	48.8859	0.916075	0	0.0589566	-0.000430253	0	-0.000109774	55.4118	0.904152	-0.000564928	
66.0885	0	48.886	0.915993	0	0.058935	-0.000390031	0	-0.000106239	55.5926	0.904045	-0.000508358	
66.2692	0	48.886	0.915919	0	0.0589141	-0.000354165	0	-0.000103083	55.7734	0.903948	-0.000457918	
66.4498	0	48.886	0.915851	0	0.0588938	-0.000322182	0	-0.000100265	55.9542	0.903861	-0.000412945	
66.6305	0	48.886	0.91579	0	0.058874	-0.000293663	0	-9.77491e-05	56.135	0.903783	-0.000372846	
66.8111	0	48.8861	0.915734	0	0.0588547	-0.000268232	0	-9.5502e-05	56.3157	0.903712	-0.000337092	
66.9917	0	48.8861	0.915682	0	0.0588358	-0.000245554	0	-9.34946e-05	56.4964	0.903648	-0.000305214	
67.1723	0	48.8861	0.915635	0	0.0588173	-0.000225332	0	-9.17009e-05	56.6772	0.90359	-0.00027679	
67.3529	0	48.8861	0.915592	0	0.0587991	-0.000207299	0	-9.00977e-05	56.8579	0.903537	-0.000251446	
67.5335	0	48.8862	0.915552	0	0.0587812	-0.000191218	0	-8.86643e-05	57.0386	0.903489	-0.000228849	
67.7141	0	48.8862	0.915515	0	0.0587636	-0.000176877	0	-8.73823e-05	57.2193	0.903445	-0.0002087	
67.8947	0	48.8862	0.915481	0	0.0587462	-0.000164089	0	-8.62353e-05	57.4	0.903405	-0.000190734	
68.0753	0	48.8862	0.91545	0	0.0587291	-0.000152684	0	-8.52085e-05	57.5806	0.903369	-0.000174715	
68.2559	0	48.8862	0.91542	0	0.0587122	-0.000142513	0	-8.42891e-05	57.7613	0.903335	-0.00016043	
68.4364	0	48.8863	0.915393	0	0.0586954	-0.000133441	0	-8.34652e-05	57.942	0.903304	-0.000147693	
68.617	0	48.8863	0.915367	0	0.0586788	-0.000125351	0	-8.27266e-05	58.1226	0.903276	-0.000136336	
68.7975	0	48.8863	0.915342	0	0.0586623	-0.000118134	0	-8.20639e-05	58.3033	0.90325	-0.000126208	
68.9781	0	48.8863	0.91532	0	0.0586459	-0.000111698	0	-8.1469e-05	58.4839	0.903226	-0.000117176	
69.1586	0	48.8863	0.915298	0	0.0586297	-0.000105956	0	-8.09345e-05	58.6646	0.903203	-0.000109122	
69.3392	0	48.8864	0.915277	0	0.0586136	-0.000100834	0	-8.04539e-05	58.8452	0.903182	-0.000101939	
69.5197	0	48.8864	0.915257	0	0.0585975	-9.62641e-05	0	-8.00213e-05	59.0258	0.903162	-9.55336e-05	
69.7003	0	48.8864	0.915239	0	0.0585815	-9.21869e-05	0	-7.96314e-05	59.2065	0.903144	-8.98205e-05	
69.8808	0	48.8864	0.915221	0	0.0585657	-8.85489e-05	0	-7.92797e-05	59.3871	0.903126	-8.47248e-05	
70.0613	0	48.8864	0.915203	0	0.0585498	-8.53023e-05	0	-7.89621e-05	59.5677	0.90311	-8.01797e-05	
70.2419	0	48.8865	0.915186	0	0.0585341	-8.24047e-05	0	-7.86748e-05	59.7483	0.903094	-7.61254e-05	
70.4224	0	48.8865	0.91517	0	0.0585184	-7.98183e-05	0	-7.84145e-05	59.929	0.903079	-7.25086e-05	
70.6029	0	48.8865	0.915154	0	0.0585027	-7.75094e-05	0	-7.81783e-05	60.1096	0.903065	-6.9282e-05	
70.7834	0	48.8865	0.915139	0	0.0584871	-7.54477e-05	0	-7.79636e-05	60.2902	0.903051	-6.64031e-05	
70.964	0	48.8865	0.915124	0	0.0584715	-7.36066e-05	0	-7.77681e-05	60.4708	0.903038	-6.38342e-05	
71.1445	0	48.8866	0.91511	0	0.058456	-7.1962e-05	0	-7.75897e-05	60.6514	0.903026	-6.15418e-05	
71.325	0	48.8866	0.915095	0	0.0584405	-7.04927e-05	0	-7.74265e-05	60.832	0.903014	-5.94958e-05	
71.5055	0	48.8866	0.915081	0	0.058425	-6.91797e-05	0	-7.72769e-05	61.0126	0.903002	-5.76694e-05	
71.686	0	48.8866	0.915068	0	0.0584096	-6.80059e-05	0	-7.71394e-05	61.1932	0.902991	-5.6039e-05	
71.8665	0	48.8866	0.915054	0	0.0583942	-6.69563e-05	0	-7.70127e-05	61.3738	0.90298	-5.45831e-05	
72.047	0	48.8867	0.915041	0	0.0583788	-6.60175e-05	0	-7.68957e-05	61.5544	0.902969	-5.32829e-05	
72.2275	0	48.8867	0.915028	0	0.0583634	-6.51774e-05	0	-7.67872e-05	61.735	0.902958	-5.21215e-05	
72.408	0	48.8867	0.915015	0	0.058348	-6.44252e-05	0	-7.66864e-05	61.9156	0.902948	-5.10838e-05	
72.5885	0	48.8867	0.915002	0	0.0583327	-6.37515e-05	0	-7.65925e-05	62.0962	0.902938	-5.01564e-05	
72.769	0	48.8867	0.914989	0	0.0583174	-6.31478e-05	0	-7.65046e-05	62.2768	0.902928	-4.93274e-05	
72.9495	0	48.8867	0.914977	0	0.0583021	-6.26064e-05	0	-7.64222e-05	62.4573	0.902918	-4.8586e-05	
73.13	0	48.8868	0.914964	0	0.0582868	-6.21207e-05	0	-7.63446e-05	62.6379	0.902908	-4.79227e-05	
73.3105	0	48.8868	0.914952	0	0.0582716	-6.16845e-05	0	-7.62713e-05	62.8185	0.902899	-4.73292e-05	
73.491	0	48.8868	0.91494	0	0.0582563	-6.12925e-05	0	-7.62019e-05	62.9991	0.90289	-4.67977e-05	
73.6715	0	48.8868	0.914927	0	0.0582411	-6.09398e-05	0	-7.6136e-05	63.1797	0.90288	-4.63216e-05	
73.852	0	48.8868	0.914915	0	0.0582259	-6.06224e-05	0	-7.60731e-05	63.3602	0.902871	-4.58949e-05	
74.0325	0	48.8869	0.914903	0	0.0582107	-6.03362e-05	0	-7.6013e-05	63.5408	0.902862	-4.55123e-05	
74.213	0	48.8869	0.914891	0	0.0581955	-6.00779e-05	0	-7.59553e-05	63.7214	0.902853	-4.51688e-05	
74.3935	0	48.8869	0.914879	0	0.0581803	-5.98446e-05	0	-7.58998e-05	63.902	0.902844	-4.48603e-05	
74.5739	0	48.8869	0.914867	0	0.0581651	-5.96334e-05	0	-7.58463e-05	64.0825	0.902835	-4.45831e-05	
74.7544	0	48.8869	0.914855	0	0.0581499	-5.9442e-05	0	-7.57945e-05	64.2631	0.902826	-4.43336e-05	
74.9349	0	48.887	0.914843	0	0.0581348	-5.92683e-05	0	-7.57442e-05	64.4437	0.902817	-4.41089e-05	
75.1154	0	48.887	0.914832	0	0.0581197	-5.91103e-05	0	-7.56954e-05	64.6242	0.902808	-4.39064e-05	
75.2958	0	48.887	0.91482	0	0.0581045	-5.89663e-05	0	-7.56478e-05	64.8048	0.9028	-4.37235e-05	
75.4763	0	48.887	0.914808	0	0.0580894	-5.88349e-05	0	-7.56012e-05	64.9853	0.902791	-4.35582e-05	
75.6568	0	48.887	0.914796	0	0.0580743	-5.87146e-05	0	-7.55557e-05	65.1659	0.902782	-4.34085e-05	
75.8373	0	48.887	0.914785	0	0.0580592	-5.86042e-05	0	-7.55111e-05	65.3464	0.902773	-4.32729e-05	
76.0177	0	48.8871	0.914773	0	0.0580441	-5.85027e-05	0	-7.54673e-05	65.527	0.902765	-4.31497e-05	
76.1982	0	48.8871	0.914761	0	0.058029	-5.84091e-05	0	-7.54242e-05	65.7076	0.902756	-4.30375e-05	
76.3787	0	48.8871	0.914749	0	0.0580139	-5.83226e-05	0	-7.53817e-05	65.8881	0.902748	-4.29353e-05	
76.5591	0	48.8871	0.914738	0	0.0579988	-5.82423e-05	0	-7.53398e-05	66.0687	0.902739	-4.28419e-05	
76.7396	0	48.8871	0.914726	0	0.0579838	-5.81677e-05	0	-7.52984e-05	66.2492	0.90273	-4.27564e-05	
76.92	0	48.8872	0.914715	0	0.0579687	-5.8098e-05	0	-7.52575e-05	66.4297	0.902722	-4.26779e-05	
77.1005	0	48.8872	0.914703	0	0.0579537	-5.80329e-05	0	-7.52169e-05	66.6103	0.902713	-4.26056e-05	
77.281	0	48.8872	0.914691	0	0.0579386	-5.79717e-05	0	-7.51768e-05	66.7908	0.902705	-4.2539e-05	
77.4614	0	48.8872	0.91468	0	0.0579236	-5.7914e-05	0	-7.5137e-05	66.9714	0.902696	-4.24773e-05	
77.6419	0	48.8872	0.914668	0	0.0579086	-5.78595e-05	0	-7.50974e-05	67.1519	0.902688	-4.242e-05	
77.8223	0	48.8872	0.914657	0	0.0578936	-5.78079e-05	0	-7.50582e-05	67.3324	0.902679	-4.23667e-05	
78.0028	0	48.8873	0.914645	0	0.0578785	-5.77587e-05	0	-7.50192e-05	67.513	0.902671	-4.23169e-05	
78.1832	0	48.8873	0.914633	0	0.0578635	-5.77118e-05	0	-7.49804e-05	67.6935	0.902663	-4.22703e-05	
78.3637	0	48.8873	0.914622	0	0.0578486	-5.7667e-05	0	-7.49418e-05	67.874	0.902654	-4.22265e-05	
78.5441	0	48.8873	0.91461	0	0.0578336	-5.76239e-05	0	-7.49034e-05	68.0546	0.902646	-4.21852e-05	
78.7246	0	48.8873	0.914599	0	0.0578186	-5.75824e-05	0	-7.48652e-05	68.2351	0.902637	-4.21461e-05	
78.905	0	48.8874	0.914587	0	0.0578036	-5.75423e-05	0	-7.48271e-05	68.4156	0.902629	-4.2109e-05	
79.0854	0	48.8874	0.914576	0	0.0577887	-5.75036e-05	0	-7.47892e-05	68.5962	0.90262	-4.20737e-05	
79.2659	0	48.8874	0.914564	0	0.0577737	-5.74659e-05	0	-7.47513e-05	68.7767	0.902612	-4.204e-05	
79.4463	0	48.8874	0.914553	0	0.0577588	-5.74293e-05	0	-7.47136e-05	68.9572	0.902604	-4.20077e-05	
79.6267	0	48.8874	0.914541	0	0.0577438	-5.73936e-05	0	-7.4676e-05	69.1377	0.902595	-4.19767e-05	
79.8072	0	48.8874	0.91453	0	0.0577289	-5.73587e-05	0	-7.46385e-05	69.3182	0.902587	-4.19468e-05	
79.9876	0	48.8875	0.914518	0	0.057714	-5.73245e-05	0	-7.46011e-05	69.4988	0.902578	-4.19179e-05	
80.168	0	48.8875	0.914507	0	0.057699	-5.7291e-05	0	-7.45637e-05	69.6793	0.90257	-4.18899e-05	
80.3485	0	48.8875	0.914496	0	0.0576841	-5.72581e-05	0	-7.45265e-05	69.8598	0.902562	-4.18627e-05	
80.5289	0	48.8875	0.914484	0	0.0576692	-5.72256e-05	0	-7.44893e-05	70.0403	0.902553	-4.18362e-05	
80.7093	0	48.8875	0.914473	0	0.0576543	-5.71937e-05	0	-7.44522e-05	70.2208	0.902545	-4.18104e-05	
80.8897	0	48.8876	0.914461	0	0.0576395	-5.71622e-05	0	-7.44151e-05	70.4013	0.902536	-4.17852e-05	
81.0702	0	48.8876	0.91445	0	0.0576246	-5.7131e-05	0	-7.43781e-05	70.5818	0.902528	-4.17604e-05	
81.2506	0	48.8876	0.914438	0	0.0576097	-5.71002e-05	0	-7.43411e-05	70.7623	0.90252	-4.17361e-05	
81.431	0	48.8876	0.914427	0	0.0575948	-5.70697e-05	0	-7.43042e-05	70.9428	0.902511	-4.17123e-05	
81.6114	0	48.8876	0.914416	0	0.05758	-5.70394e-05	0	-7.42674e-05	71.1233	0.902503	-4.16888e-05	
81.7918	0	48.8876	0.914404	0	0.0575651	-5.70094e-05	0	-7.42306e-05	71.3038	0.902495	-4.16656e-05	
81.9723	0	48.8877	0.914393	0	0.0575503	-5.69796e-05	0	-7.41938e-05	71.4843	0.902486	-4.16427e-05	
82.1527	0	48.8877	0.914381	0	0.0575355	-5.69501e-05	0	-7.41571e-05	71.6648	0.902478	-4.16201e-05	
82.3331	0	48.8877	0.91437	0	0.0575206	-5.69207e-05	0	-7.41204e-05	71.8453	0.90247	-4.15977e-05	
82.5135	0	48.8877	0.914359	0	0.0575058	-5.68914e-05	0	-7.40838e-05	72.0258	0.902461	-4.15756e-05	
82.6939	0	48.8877	0.914347	0	0.057491	-5.68623e-05	0	-7.40472e-05	72.2063	0.902453	-4.15536e-05	
82.8743	0	48.8878	0.914336	0	0.0574762	-5.68334e-05	0	-7.40106e-05	72.3868	0.902445	-4.15318e-05	
83.0547	0	48.8878	0.914324	0	0.0574614	-5.68045e-05	0	-7.39741e-05	72.5673	0.902437	-4.15102e-05	
83.2351	0	48.8878	0.914313	0	0.0574466	-5.67758e-05	0	-7.39376e-05	72.7478	0.902428	-4.14887e-05	
83.4155	0	48.8878	0.914302	0	0.0574318	-5.67472e-05	0	-7.39011e-05	72.9282	0.90242	-4.14673e-05	
83.5959	0	48.8878	0.91429	0	0.057417	-5.67186e-05	0	-7.38647e-05	73.1087	0.902412	-4.14461e-05	
83.7763	0	48.8878	0.914279	0	0.0574023	-5.66902e-05	0	-7.38283e-05	73.2892	0.902403	-4.14249e-05	
83.9567	0	48.8879	0.914268	0	0.0573875	-5.66618e-05	0	-7.37919e-05	73.4697	0.902395	-4.14039e-05	
84.1371	0	48.8879	0.914256	0	0.0573728	-5.66335e-05	0	-7.37556e-05	73.6502	0.902387	-4.13829e-05	
84.3175	0	48.8879	0.914245	0	0.057358	-5.66053e-05	0	-7.37193e-05	73.8306	0.902379	-4.1362e-05	
84.4979	0	48.8879	0.914234	0	0.0573433	-5.65771e-05	0	-7.3683e-05	74.0111	0.90237	-4.13412e-05	
84.6783	0	48.8879	0.914222	0	0.0573285	-5.6549e-05	0	-7.36468e-05	74.1916	0.902362	-4.13204e-05	
84.8587	0	48.8879	0.914211	0	0.0573138	-5.65209e-05	0	-7.36105e-05	74.3721	0.902354	-4.12997e-05	
85.039	0	48.888	0.9142	0	0.0572991	-5.64929e-05	0	-7.35744e-05	74.5525	0.902345	-4.12791e-05	
85.2194	0	48.888	0.914189	0	0.0572844	-5.64649e-05	0	-7.35382e-05	74.733	0.902337	-4.12585e-05	
85.3998	0	48.888	0.914177	0	0.0572697	-5.6437e-05	0	-7.35021e-05	74.9135	0.902329	-4.1238e-05	
85.5802	0	48.888	0.914166	0	0.057255	-5.64091e-05	0	-7.3466e-05	75.0939	0.902321	-4.12175e-05	
85.7606	0	48.888	0.914155	0	0.0572403	-5.63812e-05	0	-7.34299e-05	75.2744	0.902312	-4.1197e-05	
85.9409	0	48.8881	0.914143	0	0.0572256	-5.63534e-05	0	-7.33939e-05	75.4549	0.902304	-4.11766e-05	
86.1213	0	48.8881	0.914132	0	0.0572109	-5.63256e-05	0	-7.33578e-05	75.6353	0.902296	-4.11562e-05	
86.3017	0	48.8881	0.914121	0	0.0571963	-5.62979e-05	0	-7.33219e-05	75.8158	0.902288	-4.11358e-05	
86.4821	0	48.8881	0.91411	0	0.0571816	-5.62702e-05	0	-7.32859e-05	75.9962	0.90228	-4.11155e-05	
86.6624	0	48.8881	0.914098	0	0.0571669	-5.62425e-05	0	-7.325e-05	76.1767	0.902271	-4.10952e-05	
86.8428	0	48.8881	0.914087	0	0.0571523	-5.62148e-05	0	-7.32141e-05	76.3571	0.902263	-4.10749e-05	
87.0232	0	48.8882	0.914076	0	0.0571377	-5.61872e-05	0	-7.31782e-05	76.5376	0.902255	-4.10547e-05	
87.2036	0	48.8882	0.914065	0	0.057123	-5.61596e-05	0	-7.31423e-05	76.718	0.902247	-4.10345e-05	
87.3839	0	48.8882	0.914053	0	0.0571084	-5.6132e-05	0	-7.31065e-05	76.8985	0.902239	-4.10143e-05	
87.5643	0	48.8882	0.914042	0	0.0570938	-5.61045e-05	0	-7.30707e-05	77.0789	0.90223	-4.09941e-05	
87.7446	0	48.8882	0.914031	0	0.0570792	-5.60769e-05	0	-7.30349e-05	77.2594	0.902222	-4.0974e-05	
87.925	0	48.8883	0.91402	0	0.0570646	-5.60494e-05	0	-7.29992e-05	77.4398	0.902214	-4.09538e-05	
88.1054	0	48.8883	0.914009	0	0.05705	-5.6022e-05	0	-7.29635e-05	77.6203	0.902206	-4.09337e-05	
88.2857	0	48.8883	0.913997	0	0.0570354	-5.59945e-05	0	-7.29278e-05	77.8007	0.902198	-4.09136e-05	
88.4661	0	48.8883	0.913986	0	0.0570208	-5.59671e-05	0	-7.28921e-05	77.9812	0.902189	-4.08936e-05	
88.6464	0	48.8883	0.913975	0	0.0570062	-5.59397e-05	0	-7.28565e-05	78.1616	0.902181	-4.08735e-05	
88.8268	0	48.8883	0.913964	0	0.0569917	-5.59123e-05	0	-7.28209e-05	78.342	0.902173	-4.08535e-05	
89.0071	0	48.8884	0.913953	0	0.0569771	-5.58849e-05	0	-7.27853e-05	78.5225	0.902165	-4.08335e-05	
89.1875	0	48.8884	0.913941	0	0.0569626	-5.58576e-05	0	-7.27497e-05	78.7029	0.902157	-4.08135e-05	
89.3678	0	48.8884	0.91393	0	0.056948	-5.58303e-05	0	-7.27142e-05	78.8833	0.902149	-4.07935e-05	
89.5482	0	48.8884	0.913919	0	0.0569335	-5.5803e-05	0	-7.26787e-05	79.0638	0.90214	-4.07735e-05	
89.7285	0	48.8884	0.913908	0	0.0569189	-5.57757e-05	0	-7.26432e-05	79.2442	0.902132	-4.07536e-05	
89.9089	0	48.8884	0.913897	0	0.0569044	-5.57485e-05	0	-7.26077e-05	79.4246	0.902124	-4.07336e-05	
90.0892	0	48.8885	0.913886	0	0.0568899	-5.57212e-05	0	-7.25723e-05	79.605	0.902116	-4.07137e-05	
90.2696	0	48.8885	0.913874	0	0.0568754	-5.5694e-05	0	-7.25369e-05	79.7855	0.902108	-4.06938e-05	
90.4499	0	48.8885	0.913863	0	0.0568609	-5.56668e-05	0	-7.25015e-05	79.9659	0.9021	-4.06739e-05	
90.6302	0	48.8885	0.913852	0	0.0568464	-5.56396e-05	0	-7.24662e-05	80.1463	0.902092	-4.06541e-05	
90.8106	0	48.8885	0.913841	0	0.0568319	-5.56125e-05	0	-7.24309e-05	80.3267	0.902083	-4.06342e-05	
90.9909	0	48.8886	0.91383	0	0.0568174	-5.55854e-05	0	-7.23956e-05	80.5071	0.902075	-4.06144e-05	
91.1712	0	48.8886	0.913819	0	0.0568029	-5.55583e-05	0	-7.23603e-05	80.6875	0.902067	-4.05946e-05	
91.3516	0	48.8886	0.913808	0	0.0567885	-5.55312e-05	0	-7.2325e-05	80.868	0.902059	-4.05748e-05	
91.5319	0	48.8886	0.913797	0	0.056774	-5.55041e-05	0	-7.22898e-05	81.0484	0.902051	-4.0555e-05	
91.7122	0	48.8886	0.913786	0	0.0567595	-5.54771e-05	0	-7.22546e-05	81.2288	0.902043	-4.05352e-05	
91.8925	0	48.8886	0.913774	0	0.0567451	-5.545e-05	0	-7.22194e-05	81.4092	0.902035	-4.05154e-05	
92.0729	0	48.8887	0.913763	0	0.0567307	-5.5423e-05	0	-7.21843e-05	81.5896	0.902027	-4.04957e-05	
92.2532	0	48.8887	0.913752	0	0.0567162	-5.5396e-05	0	-7.21492e-05	81.77	0.902018	-4.0476e-05	
92.4335	0	48.8887	0.913741	0	0.0567018	-5.53691e-05	0	-7.21141e-05	81.9504	0.90201	-4.04563e-05	
92.6138	0	48.8887	0.91373	0	0.0566874	-5.53421e-05	0	-7.2079e-05	82.1308	0.902002	-4.04366e-05	
92.7941	0	48.8887	0.913719	0	0.056673	-5.53152e-05	0	-7.2044e-05	82.3112	0.901994	-4.04169e-05	
92.9745	0	48.8887	0.913708	0	0.0566586	-5.52883e-05	0	-7.2009e-05	82.4916	0.901986	-4.03972e-05	
93.1548	0	48.8888	0.913697	0	0.0566442	-5.52614e-05	0	-7.1974e-05	82.672	0.901978	-4.03775e-05	
93.3351	0	48.8888	0.913686	0	0.0566298	-5.52345e-05	0	-7.1939e-05	82.8524	0.90197	-4.03579e-05	
93.5154	0	48.8888	0.913675	0	0.0566154	-5.52077e-05	0	-7.19041e-05	83.0328	0.901962	-4.03383e-05	
93.6957	0	48.8888	0.913664	0	0.056601	-5.51809e-05	0	-7.18691e-05	83.2132	0.901954	-4.03187e-05	
93.876	0	48.8888	0.913653	0	0.0565866	-5.5154e-05	0	-7.18343e-05	83.3936	0.901946	-4.02991e-05	
94.0563	0	48.8889	0.913642	0	0.0565723	-5.51273e-05	0	-7.17994e-05	83.5739	0.901938	-4.02795e-05	
94.2366	0	48.8889	0.913631	0	0.0565579	-5.51005e-05	0	-7.17645e-05	83.7543	0.90193	-4.02599e-05	
94.4169	0	48.8889	0.91362	0	0.0565436	-5.50737e-05	0	-7.17297e-05	83.9347	0.901922	-4.02403e-05	
94.5972	0	48.8889	0.913609	0	0.0565292	-5.5047e-05	0	-7.16949e-05	84.1151	0.901914	-4.02208e-05	
94.7775	0	48.8889	0.913598	0	0.0565149	-5.50203e-05	0	-7.16602e-05	84.2955	0.901906	-4.02013e-05	
94.9578	0	48.8889	0.913587	0	0.0565006	-5.49936e-05	0	-7.16254e-05	84.4759	0.901897	-4.01818e-05	
95.1381	0	48.889	0.913576	0	0.0564862	-5.49669e-05	0	-7.15907e-05	84.6562	0.901889	-4.01623e-05	
95.3184	0	48.889	0.913565	0	0.0564719	-5.49403e-05	0	-7.1556e-05	84.8366	0.901881	-4.01428e-05	
95.4987	0	48.889	0.913554	0	0.0564576	-5.49136e-05	0	-7.15214e-05	85.017	0.901873	-4.01233e-05	
95.679	0	48.889	0.913543	0	0.0564433	-5.4887e-05	0	-7.14867e-05	85.1974	0.901865	-4.01038e-05	
95.8593	0	48.889	0.913532	0	0.056429	-5.48604e-05	0	-7.14521e-05	85.3777	0.901857	-4.00844e-05	
96.0396	0	48.889	0.913521	0	0.0564147	-5.48339e-05	0	-7.14175e-05	85.5581	0.901849	-4.0065e-05	
96.2199	0	48.8891	0.91351	0	0.0564005	-5.48073e-05	0	-7.1383e-05	85.7385	0.901841	-4.00456e-05	
96.4002	0	48.8891	0.913499	0	0.0563862	-5.47808e-05	0	-7.13484e-05	85.9188	0.901833	-4.00262e-05	
96.5805	0	48.8891	0.913488	0	0.0563719	-5.47542e-05	0	-7.13139e-05	86.0992	0.901825	-4.00068e-05	
96.7607	0	48.8891	0.913477	0	0.0563577	-5.47277e-05	0	-7.12795e-05	86.2796	0.901817	-3.99874e-05	
96.941	0	48.8891	0.913466	0	0.0563434	-5.47013e-05	0	-7.1245e-05	86.4599	0.901809	-3.99681e-05	
97.1213	0	48.8891	0.913455	0	0.0563292	-5.46748e-05	0	-7.12106e-05	86.6403	0.901801	-3.99487e-05	
97.3016	0	48.8892	0.913444	0	0.0563149	-5.46484e-05	0	-7.11761e-05	86.8207	0.901793	-3.99294e-05	
97.4819	0	48.8892	0.913433	0	0.0563007	-5.46219e-05	0	-7.11418e-05	87.001	0.901785	-3.99101e-05	
97.6621	0	48.8892	0.913422	0	0.0562865	-5.45955e-05	0	-7.11074e-05	87.1814	0.901777	-3.98908e-05	
97.8424	0	48.8892	0.913411	0	0.0562722	-5.45692e-05	0	-7.10731e-05	87.3617	0.901769	-3.98715e-05	
98.0227	0	48.8892	0.913401	0	0.056258	-5.45428e-05	0	-7.10387e-05	87.5421	0.901761	-3.98522e-05	
98.203	0	48.8893	0.91339	0	0.0562438	-5.45164e-05	0	-7.10045e-05	87.7224	0.901753	-3.98329e-05	
98.3832	0	48.8893	0.913379	0	0.0562296	-5.44901e-05	0	-7.09702e-05	87.9028	0.901746	-3.98137e-05	
98.5635	0	48.8893	0.913368	0	0.0562154	-5.44638e-05	0	-7.0936e-05	88.0831	0.901738	-3.97945e-05	
98.7438	0	48.8893	0.913357	0	0.0562013	-5.44375e-05	0	-7.09017e-05	88.2635	0.90173	-3.97752e-05	
98.924	0	48.8893	0.913346	0	0.0561871	-5.44113e-05	0	-7.08676e-05	88.4438	0.901722	-3.9756e-05	
99.1043	0	48.8893	0.913335	0	0.0561729	-5.4385e-05	0	-7.08334e-05	88.6242	0.901714	-3.97369e-05	
99.2845	0	48.8894	0.913324	0	0.0561588	-5.43588e-05	0	-7.07993e-05	88.8045	0.901706	-3.97177e-05	
99.4648	0	48.8894	0.913313	0	0.0561446	-5.43326e-05	0	-7.07651e-05	88.9848	0.901698	-3.96985e-05	
99.6451	0	48.8894	0.913303	0	0.0561304	-5.43064e-05	0	-7.0731e-05	89.1652	0.90169	-3.96794e-05	
99.8253	0	48.8894	0.913292	0	0.0561163	-5.42802e-05	0	-7.0697e-05	89.3455	0.901682	-3.96602e-05	
100.006	0	48.8894	0.913281	0	0.0561022	-5.4254e-05	0	-7.06629e-05	89.5259	0.901674	-3.96411e-05	
100.186	0	48.8894	0.91327	0	0.056088	-5.42279e-05	0	-7.06289e-05	89.7062	0.901666	-3.9622e-05	
100.366	0	48.8895	0.913259	0	0.0560739	-5.42018e-05	0	-7.05949e-05	89.8865	0.901658	-3.96029e-05	
100.546	0	48.8895	0.913248	0	0.0560598	-5.41757e-05	0	-7.0561e-05	90.0669	0.90165	-3.95838e-05	
100.727	0	48.8895	0.913237	0	0.0560457	-5.41496e-05	0	-7.0527e-05	90.2472	0.901642	-3.95648e-05	
100.907	0	48.8895	0.913227	0	0.0560316	-5.41235e-05	0	-7.04931e-05	90.4275	0.901634	-3.95457e-05	
101.087	0	48.8895	0.913216	0	0.0560175	-5.40975e-05	0	-7.04592e-05	90.6078	0.901626	-3.95267e-05	
101.267	0	48.8895	0.913205	0	0.0560034	-5.40715e-05	0	-7.04253e-05	90.7882	0.901619	-3.95077e-05	
101.448	0	48.8896	0.913194	0	0.0559893	-5.40455e-05	0	-7.03915e-05	90.9685	0.901611	-3.94886e-05	
101.628	0	48.8896	0.913183	0	0.0559752	-5.40195e-05	0	-7.03577e-05	91.1488	0.901603	-3.94697e-05	
101.808	0	48.8896	0.913173	0	0.0559612	-5.39935e-05	0	-7.03239e-05	91.3291	0.901595	-3.94507e-05	
101.988	0	48.8896	0.913162	0	0.0559471	-5.39676e-05	0	-7.02901e-05	91.5094	0.901587	-3.94317e-05	
102.169	0	48.8896	0.913151	0	0.0559331	-5.39416e-05	0	-7.02564e-05	91.6898	0.901579	-3.94127e-05	
102.349	0	48.8896	0.91314	0	0.055919	-5.39157e-05	0	-7.02226e-05	91.8701	0.901571	-3.93938e-05	
102.529	0	48.8897	0.913129	0	0.055905	-5.38898e-05	0	-7.01889e-05	92.0504	0.901563	-3.93749e-05	
102.709	0	48.8897	0.913119	0	0.0558909	-5.3864e-05	0	-7.01553e-05	92.2307	0.901556	-3.9356e-05	
102.889	0	48.8897	0.913108	0	0.0558769	-5.38381e-05	0	-7.01216e-05	92.411	0.901548	-3.93371e-05	
103.07	0	48.8897	0.913097	0	0.0558629	-5.38123e-05	0	-7.0088e-05	92.5913	0.90154	-3.93182e-05	
103.25	0	48.8897	0.913086	0	0.0558489	-5.37865e-05	0	-7.00544e-05	92.7716	0.901532	-3.92993e-05	
103.43	0	48.8897	0.913076	0	0.0558349	-5.37607e-05	0	-7.00208e-05	92.9519	0.901524	-3.92804e-05	
103.61	0	48.8898	0.913065	0	0.0558209	-5.37349e-05	0	-6.99873e-05	93.1322	0.901516	-3.92616e-05	
103.791	0	48.8898	0.913054	0	0.0558069	-5.37091e-05	0	-6.99537e-05	93.3125	0.901508	-3.92428e-05	
103.971	0	48.8898	0.913043	0	0.0557929	-5.36834e-05	0	-6.99202e-05	93.4928	0.9015	-3.92239e-05	
104.151	0	48.8898	0.913033	0	0.0557789	-5.36576e-05	0	-6.98867e-05	93.6731	0.901493	-3.92051e-05	
104.331	0	48.8898	0.913022	0	0.0557649	-5.36319e-05	0	-6.98533e-05	93.8534	0.901485	-3.91863e-05	
104.511	0	48.8898	0.913011	0	0.055751	-5.36063e-05	0	-6.98199e-05	94.0337	0.901477	-3.91676e-05	
104.692	0	48.8899	0.913	0	0.055737	-5.35806e-05	0	-6.97864e-05	94.214	0.901469	-3.91488e-05	
104.872	0	48.8899	0.91299	0	0.0557231	-5.35549e-05	0	-6.97531e-05	94.3943	0.901461	-3.913e-05	
105.052	0	48.8899	0.912979	0	0.0557091	-5.35293e-05	0	-6.97197e-05	94.5746	0.901453	-3.91113e-05	
105.232	0	48.8899	0.912968	0	0.0556952	-5.35037e-05	0	-6.96864e-05	94.7549	0.901446	-3.90926e-05	
105.413	0	48.8899	0.912958	0	0.0556812	-5.34781e-05	0	-6.9653e-05	94.9352	0.901438	-3.90739e-05	
105.593	0	48.89	0.912947	0	0.0556673	-5.34525e-05	0	-6.96198e-05	95.1155	0.90143	-3.90552e-05	
105.773	0	48.89	0.912936	0	0.0556534	-5.34269e-05	0	-6.95865e-05	95.2958	0.901422	-3.90365e-05	
105.953	0	48.89	0.912926	0	0.0556395	-5.34014e-05	0	-6.95532e-05	95.4761	0.901414	-3.90178e-05	
106.133	0	48.89	0.912915	0	0.0556256	-5.33759e-05	0	-6.952e-05	95.6563	0.901407	-3.89992e-05	
106.314	0	48.89	0.912904	0	0.0556117	-5.33504e-05	0	-6.94868e-05	95.8366	0.901399	-3.89805e-05	
106.494	0	48.89	0.912894	0	0.0555978	-5.33249e-05	0	-6.94537e-05	96.0169	0.901391	-3.89619e-05	
106.674	0	48.8901	0.912883	0	0.0555839	-5.32994e-05	0	-6.94205e-05	96.1972	0.901383	-3.89433e-05	
106.854	0	48.8901	0.912872	0	0.05557	-5.3274e-05	0	-6.93874e-05	96.3774	0.901375	-3.89247e-05	
107.034	0	48.8901	0.912862	0	0.0555561	-5.32485e-05	0	-6.93543e-05	96.5577	0.901368	-3.89061e-05	
107.215	0	48.8901	0.912851	0	0.0555423	-5.32231e-05	0	-6.93212e-05	96.738	0.90136	-3.88875e-05	
107.395	0	48.8901	0.91284	0	0.0555284	-5.31977e-05	0	-6.92882e-05	96.9183	0.901352	-3.88689e-05	
107.575	0	48.8901	0.91283	0	0.0555145	-5.31724e-05	0	-6.92551e-05	97.0985	0.901344	-3.88504e-05	
107.755	0	48.8902	0.912819	0	0.0555007	-5.3147e-05	0	-6.92221e-05	97.2788	0.901337	-3.88318e-05	
107.935	0	48.8902	0.912808	0	0.0554869	-5.31217e-05	0	-6.91891e-05	97.4591	0.901329	-3.88133e-05	
108.115	0	48.8902	0.912798	0	0.055473	-5.30963e-05	0	-6.91562e-05	97.6393	0.901321	-3.87948e-05	
108.296	0	48.8902	0.912787	0	0.0554592	-5.3071e-05	0	-6.91233e-05	97.8196	0.901313	-3.87763e-05	
108.476	0	48.8902	0.912777	0	0.0554454	-5.30457e-05	0	-6.90903e-05	97.9999	0.901306	-3.87578e-05	
108.656	0	48.8902	0.912766	0	0.0554316	-5.30205e-05	0	-6.90575e-05	98.1801	0.901298	-3.87393e-05	
108.836	0	48.8903	0.912755	0	0.0554177	-5.29952e-05	0	-6.90246e-05	98.3604	0.90129	-3.87209e-05	
109.016	0	48.8903	0.912745	0	0.0554039	-5.297e-05	0	-6.89918e-05	98.5406	0.901282	-3.87024e-05	
109.197	0	48.8903	0.912734	0	0.0553901	-5.29448e-05	0	-6.89589e-05	98.7209	0.901275	-3.8684e-05	
109.377	0	48.8903	0.912724	0	0.0553764	-5.29196e-05	0	-6.89261e-05	98.9011	0.901267	-3.86656e-05	
109.557	0	48.8903	0.912713	0	0.0553626	-5.28944e-05	0	-6.88934e-05	99.0814	0.901259	-3.86472e-05	
109.737	0	48.8903	0.912702	0	0.0553488	-5.28692e-05	0	-6.88606e-05	99.2616	0.901251	-3.86288e-05	
109.917	0	48.8904	0.912692	0	0.055335	-5.28441e-05	0	-6.88279e-05	99.4419	0.901244	-3.86104e-05	
110.097	0	48.8904	0.912681	0	0.0553213	-5.2819e-05	0	-6.87952e-05	99.6221	0.901236	-3.8592e-05	
110.278	0	48.8904	0.912671	0	0.0553075	-5.27939e-05	0	-6.87625e-05	99.8024	0.901228	-3.85737e-05	
110.458	0	48.8904	0.91266	0	0.0552938	-5.27688e-05	0	-6.87299e-05	99.9826	0.901221	-3.85554e-05	
110.638	0	48.8904	0.91265	0	0.05528	-5.27437e-05	0	-6.86972e-05	100.163	0.901213	-3.8537e-05	
110.818	0	48.8904	0.912639	0	0.0552663	-5.27186e-05	0	-6.86646e-05	100.343	0.901205	-3.85187e-05	
110.998	0	48.8905	0.912629	0	0.0552526	-5.26936e-05	0	-6.8632e-05	100.523	0.901197	-3.85004e-05	
111.178	0	48.8905	0.912618	0	0.0552388	-5.26686e-05	0	-6.85995e-05	100.704	0.90119	-3.84821e-05	
111.359	0	48.8905	0.912607	0	0.0552251	-5.26436e-05	0	-6.85669e-05	100.884	0.901182	-3.84638e-05	
111.539	0	48.8905	0.912597	0	0.0552114	-5.26186e-05	0	-6.85344e-05	101.064	0.901174	-3.84456e-05	
111.719	0	48.8905	0.912586	0	0.0551977	-5.25936e-05	0	-6.85019e-05	101.244	0.901167	-3.84273e-05	
111.899	0	48.8905	0.912576	0	0.055184	-5.25687e-05	0	-6.84695e-05	101.425	0.901159	-3.84091e-05	
112.079	0	48.8906	0.912565	0	0.0551703	-5.25438e-05	0	-6.8437e-05	101.605	0.901151	-3.83909e-05	
112.259	0	48.8906	0.912555	0	0.0551566	-5.25189e-05	0	-6.84046e-05	101.785	0.901144	-3.83727e-05	
112.44	0	48.8906	0.912544	0	0.055143	-5.2494e-05	0	-6.83722e-05	101.965	0.901136	-3.83545e-05	
112.62	0	48.8906	0.912534	0	0.0551293	-5.24691e-05	0	-6.83398e-05	102.145	0.901128	-3.83363e-05	
112.8	0	48.8906	0.912523	0	0.0551156	-5.24442e-05	0	-6.83075e-05	102.326	0.901121	-3.83181e-05	
112.98	0	48.8906	0.912513	0	0.055102	-5.24194e-05	0	-6.82751e-05	102.506	0.901113	-3.83e-05	
113.16	0	48.8907	0.912502	0	0.0550883	-5.23946e-05	0	-6.82428e-05	102.686	0.901105	-3.82818e-05	
113.34	0	48.8907	0.912492	0	0.0550747	-5.23698e-05	0	-6.82106e-05	102.866	0.901098	-3.82637e-05	
113.52	0	48.8907	0.912481	0	0.055061	-5.2345e-05	0	-6.81783e-05	103.047	0.90109	-3.82456e-05	
113.701	0	48.8907	0.912471	0	0.0550474	-5.23202e-05	0	-6.8146e-05	103.227	0.901082	-3.82274e-05	
113.881	0	48.8907	0.912461	0	0.0550338	-5.22955e-05	0	-6.81138e-05	103.407	0.901075	-3.82094e-05	
114.061	0	48.8907	0.91245	0	0.0550201	-5.22707e-05	0	-6.80816e-05	103.587	0.901067	-3.81913e-05	
114.241	0	48.8908	0.91244	0	0.0550065	-5.2246e-05	0	-6.80495e-05	103.767	0.901059	-3.81732e-05	
114.421	0	48.8908	0.912429	0	0.0549929	-5.22213e-05	0	-6.80173e-05	103.948	0.901052	-3.81551e-05	
114.601	0	48.8908	0.912419	0	0.0549793	-5.21966e-05	0	-6.79852e-05	104.128	0.901044	-3.81371e-05	
114.781	0	48.8908	0.912408	0	0.0549657	-5.2172e-05	0	-6.79531e-05	104.308	0.901036	-3.81191e-05	
114.961	0	48.8908	0.912398	0	0.0549521	-5.21473e-05	0	-6.7921e-05	104.488	0.901029	-3.81011e-05	
115.142	0	48.8908	0.912387	0	0.0549386	-5.21227e-05	0	-6.7889e-05	104.668	0.901021	-3.80831e-05	
115.322	0	48.8909	0.912377	0	0.054925	-5.20981e-05	0	-6.78569e-05	104.849	0.901014	-3.80651e-05	
115.502	0	48.8909	0.912367	0	0.0549114	-5.20735e-05	0	-6.78249e-05	105.029	0.901006	-3.80471e-05	
115.682	0	48.8909	0.912356	0	0.0548979	-5.20489e-05	0	-6.77929e-05	105.209	0.900998	-3.80291e-05	
115.862	0	48.8909	0.912346	0	0.0548843	-5.20243e-05	0	-6.7761e-05	105.389	0.900991	-3.80112e-05	
116.042	0	48.8909	0.912335	0	0.0548708	-5.19998e-05	0	-6.7729e-05	105.569	0.900983	-3.79932e-05	
116.222	0	48.8909	0.912325	0	0.0548572	-5.19753e-05	0	-6.76971e-05	105.75	0.900976	-3.79753e-05	
116.402	0	48.891	0.912315	0	0.0548437	-5.19508e-05	0	-6.76652e-05	105.93	0.900968	-3.79574e-05	
116.583	0	48.891	0.912304	0	0.0548301	-5.19263e-05	0	-6.76333e-05	106.11	0.90096	-3.79395e-05	
116.763	0	48.891	0.912294	0	0.0548166	-5.19018e-05	0	-6.76015e-05	106.29	0.900953	-3.79216e-05	
116.943	0	48.891	0.912283	0	0.0548031	-5.18773e-05	0	-6.75696e-05	106.47	0.900945	-3.79037e-05	
117.123	0	48.891	0.912273	0	0.0547896	-5.18529e-05	0	-6.75378e-05	106.651	0.900938	-3.78858e-05	
117.303	0	48.891	0.912263	0	0.0547761	-5.18285e-05	0	-6.7506e-05	106.831	0.90093	-3.7868e-05	
117.483	0	48.891	0.912252	0	0.0547626	-5.18041e-05	0	-6.74743e-05	107.011	0.900923	-3.78501e-05	
117.663	0	48.8911	0.912242	0	0.0547491	-5.17797e-05	0	-6.74425e-05	107.191	0.900915	-3.78323e-05	
117.843	0	48.8911	0.912232	0	0.0547356	-5.17553e-05	0	-6.74108e-05	107.371	0.900907	-3.78145e-05	
118.023	0	48.8911	0.912221	0	0.0547221	-5.1731e-05	0	-6.73791e-05	107.552	0.9009	-3.77967e-05	
118.204	0	48.8911	0.912211	0	0.0547087	-5.17066e-05	0	-6.73474e-05	107.732	0.900892	-3.77789e-05	
118.384	0	48.8911	0.912201	0	0.0546952	-5.16823e-05	0	-6.73158e-05	107.912	0.900885	-3.77611e-05	
118.564	0	48.8911	0.91219	0	0.0546817	-5.1658e-05	0	-6.72842e-05	108.092	0.900877	-3.77434e-05	
118.744	0	48.8912	0.91218	0	0.0546683	-5.16337e-05	0	-6.72526e-05	108.272	0.90087	-3.77256e-05	
118.924	0	48.8912	0.91217	0	0.0546548	-5.16094e-05	0	-6.7221e-05	108.452	0.900862	-3.77079e-05	
119.104	0	48.8912	0.912159	0	0.0546414	-5.15852e-05	0	-6.71894e-05	108.633	0.900855	-3.76902e-05	
119.284	0	48.8912	0.912149	0	0.054628	-5.1561e-05	0	-6.71579e-05	108.813	0.900847	-3.76724e-05	
119.464	0	48.8912	0.912139	0	0.0546145	-5.15367e-05	0	-6.71263e-05	108.993	0.900839	-3.76547e-05	
119.644	0	48.8912	0.912128	0	0.0546011	-5.15125e-05	0	-6.70948e-05	109.173	0.900832	-3.7637e-05	
119.824	0	48.8913	0.912118	0	0.0545877	-5.14884e-05	0	-6.70634e-05	109.353	0.900824	-3.76194e-05	
120.004	0	48.8913	0.912108	0	0.0545743	-5.14642e-05	0	-6.70319e-05	109.533	0.900817	-3.76017e-05	
120.185	0	48.8913	0.912097	0	0.0545609	-5.144e-05	0	-6.70005e-05	109.714	0.900809	-3.75841e-05	
120.365	0	48.8913	0.912087	0	0.0545475	-5.14159e-05	0	-6.69691e-05	109.894	0.900802	-3.75664e-05	
120.545	0	48.8913	0.912077	0	0.0545341	-5.13918e-05	0	-6.69377e-05	110.074	0.900794	-3.75488e-05	
120.725	0	48.8913	0.912067	0	0.0545207	-5.13677e-05	0	-6.69063e-05	110.254	0.900787	-3.75312e-05	
120.905	0	48.8914	0.912056	0	0.0545073	-5.13436e-05	0	-6.6875e-05	110.434	0.900779	-3.75136e-05	
121.085	0	48.8914	0.912046	0	0.054494	-5.13196e-05	0	-6.68437e-05	110.614	0.900772	-3.7496e-05	
121.265	0	48.8914	0.912036	0	0.0544806	-5.12955e-05	0	-6.68124e-05	110.795	0.900764	-3.74784e-05	
121.445	0	48.8914	0.912026	0	0.0544672	-5.12715e-05	0	-6.67811e-05	110.975	0.900757	-3.74608e-05	
121.625	0	48.8914	0.912015	0	0.0544539	-5.12475e-05	0	-6.67498e-05	111.155	0.900749	-3.74433e-05	
121.805	0	48.8914	0.912005	0	0.0544405	-5.12235e-05	0	-6.67186e-05	111.335	0.900742	-3.74257e-05	
121.985	0	48.8915	0.911995	0	0.0544272	-5.11995e-05	0	-6.66874e-05	111.515	0.900734	-3.74082e-05	
122.165	0	48.8915	0.911985	0	0.0544139	-5.11755e-05	0	-6.66562e-05	111.695	0.900727	-3.73907e-05	
122.345	0	48.8915	0.911974	0	0.0544005	-5.11516e-05	0	-6.6625e-05	111.875	0.900719	-3.73732e-05	
122.526	0	48.8915	0.911964	0	0.0543872	-5.11277e-05	0	-6.65939e-05	112.056	0.900712	-3.73557e-05	
122.706	0	48.8915	0.911954	0	0.0543739	-5.11038e-05	0	-6.65628e-05	112.236	0.900704	-3.73382e-05	
122.886	0	48.8915	0.911944	0	0.0543606	-5.10799e-05	0	-6.65317e-05	112.416	0.900697	-3.73208e-05	
123.066	0	48.8916	0.911933	0	0.0543473	-5.1056e-05	0	-6.65006e-05	112.596	0.90069	-3.73033e-05	
123.246	0	48.8916	0.911923	0	0.054334	-5.10321e-05	0	-6.64695e-05	112.776	0.900682	-3.72859e-05	
123.426	0	48.8916	0.911913	0	0.0543207	-5.10083e-05	0	-6.64385e-05	112.956	0.900675	-3.72684e-05	
123.606	0	48.8916	0.911903	0	0.0543074	-5.09844e-05	0	-6.64075e-05	113.136	0.900667	-3.7251e-05	
123.786	0	48.8916	0.911893	0	0.0542941	-5.09606e-05	0	-6.63765e-05	113.317	0.90066	-3.72336e-05	
123.966	0	48.8916	0.911882	0	0.0542809	-5.09368e-05	0	-6.63455e-05	113.497	0.900652	-3.72162e-05	
124.146	0	48.8917	0.911872	0	0.0542676	-5.09131e-05	0	-6.63146e-05	113.677	0.900645	-3.71988e-05	
124.326	0	48.8917	0.911862	0	0.0542543	-5.08893e-05	0	-6.62837e-05	113.857	0.900637	-3.71815e-05	
124.506	0	48.8917	0.911852	0	0.0542411	-5.08656e-05	0	-6.62528e-05	114.037	0.90063	-3.71641e-05	
124.686	0	48.8917	0.911842	0	0.0542278	-5.08418e-05	0	-6.62219e-05	114.217	0.900623	-3.71468e-05	
124.866	0	48.8917	0.911832	0	0.0542146	-5.08181e-05	0	-6.6191e-05	114.397	0.900615	-3.71294e-05	
125.046	0	48.8917	0.911821	0	0.0542014	-5.07944e-05	0	-6.61602e-05	114.577	0.900608	-3.71121e-05	
125.226	0	48.8917	0.911811	0	0.0541881	-5.07707e-05	0	-6.61293e-05	114.758	0.9006	-3.70948e-05	
125.406	0	48.8918	0.911801	0	0.0541749	-5.07471e-05	0	-6.60985e-05	114.938	0.900593	-3.70775e-05	
125.586	0	48.8918	0.911791	0	0.0541617	-5.07234e-05	0	-6.60678e-05	115.118	0.900585	-3.70602e-05	
125.767	0	48.8918	0.911781	0	0.0541485	-5.06998e-05	0	-6.6037e-05	115.298	0.900578	-3.70429e-05	
125.947	0	48.8918	0.911771	0	0.0541353	-5.06762e-05	0	-6.60063e-05	115.478	0.900571	-3.70257e-05	
126.127	0	48.8918	0.911761	0	0.0541221	-5.06526e-05	0	-6.59756e-05	115.658	0.900563	-3.70084e-05	
126.307	0	48.8918	0.91175	0	0.0541089	-5.0629e-05	0	-6.59449e-05	115.838	0.900556	-3.69912e-05	
126.487	0	48.8919	0.91174	0	0.0540957	-5.06055e-05	0	-6.59142e-05	116.018	0.900548	-3.6974e-05	
126.667	0	48.8919	0.91173	0	0.0540825	-5.05819e-05	0	-6.58836e-05	116.198	0.900541	-3.69568e-05	
126.847	0	48.8919	0.91172	0	0.0540693	-5.05584e-05	0	-6.58529e-05	116.379	0.900534	-3.69396e-05	
127.027	0	48.8919	0.91171	0	0.0540562	-5.05349e-05	0	-6.58223e-05	116.559	0.900526	-3.69224e-05	
127.207	0	48.8919	0.9117	0	0.054043	-5.05114e-05	0	-6.57917e-05	116.739	0.900519	-3.69052e-05	
127.387	0	48.8919	0.91169	0	0.0540299	-5.04879e-05	0	-6.57612e-05	116.919	0.900512	-3.6888e-05	
127.567	0	48.892	0.91168	0	0.0540167	-5.04644e-05	0	-6.57306e-05	117.099	0.900504	-3.68709e-05	
127.747	0	48.892	0.91167	0	0.0540036	-5.0441e-05	0	-6.57001e-05	117.279	0.900497	-3.68537e-05	
127.927	0	48.892	0.91166	0	0.0539904	-5.04175e-05	0	-6.56696e-05	117.459	0.900489	-3.68366e-05	
128.107	0	48.892	0.911649	0	0.0539773	-5.03941e-05	0	-6.56391e-05	117.639	0.900482	-3.68195e-05	
128.287	0	48.892	0.911639	0	0.0539642	-5.03707e-05	0	-6.56087e-05	117.819	0.900475	-3.68024e-05	
128.467	0	48.892	0.911629	0	0.0539511	-5.03473e-05	0	-6.55783e-05	117.999	0.900467	-3.67853e-05	
128.647	0	48.8921	0.911619	0	0.0539379	-5.0324e-05	0	-6.55478e-05	118.18	0.90046	-3.67682e-05	
128.827	0	48.8921	0.911609	0	0.0539248	-5.03006e-05	0	-6.55174e-05	118.36	0.900453	-3.67511e-05	
129.007	0	48.8921	0.911599	0	0.0539117	-5.02773e-05	0	-6.54871e-05	118.54	0.900445	-3.67341e-05	
129.187	0	48.8921	0.911589	0	0.0538986	-5.0254e-05	0	-6.54567e-05	118.72	0.900438	-3.6717e-05	
129.367	0	48.8921	0.911579	0	0.0538856	-5.02307e-05	0	-6.54264e-05	118.9	0.900431	-3.67e-05	
129.547	0	48.8921	0.911569	0	0.0538725	-5.02074e-05	0	-6.53961e-05	119.08	0.900423	-3.6683e-05	
129.727	0	48.8921	0.911559	0	0.0538594	-5.01841e-05	0	-6.53658e-05	119.26	0.900416	-3.6666e-05	
129.907	0	48.8922	0.911549	0	0.0538463	-5.01609e-05	0	-6.53355e-05	119.44	0.900409	-3.6649e-05	
130.087	0	48.8922	0.911539	0	0.0538333	-5.01376e-05	0	-6.53053e-05	119.62	0.900401	-3.6632e-05	
130.267	0	48.8922	0.911529	0	0.0538202	-5.01144e-05	0	-6.52751e-05	119.8	0.900394	-3.6615e-05	
130.447	0	48.8922	0.911519	0	0.0538072	-5.00912e-05	0	-6.52449e-05	119.98	0.900387	-3.65981e-05	
130.627	0	48.8922	0.911509	0	0.0537941	-5.0068e-05	0	-6.52147e-05	120.16	0.900379	-3.65811e-05	
130.807	0	48.8922	0.911499	0	0.0537811	-5.00448e-05	0	-6.51845e-05	120.341	0.900372	-3.65642e-05	
130.987	0	48.8923	0.911489	0	0.053768	-5.00217e-05	0	-6.51544e-05	120.521	0.900365	-3.65472e-05	
131.167	0	48.8923	0.911479	0	0.053755	-4.99985e-05	0	-6.51243e-05	120.701	0.900357	-3.65303e-05	
131.347	0	48.8923	0.911469	0	0.053742	-4.99754e-05	0	-6.50942e-05	120.881	0.90035	-3.65134e-05	
131.527	0	48.8923	0.911459	0	0.053729	-4.99523e-05	0	-6.50641e-05	121.061	0.900343	-3.64965e-05	
131.707	0	48.8923	0.911449	0	0.053716	-4.99292e-05	0	-6.5034e-05	121.241	0.900335	-3.64797e-05	
131.887	0	48.8923	0.911439	0	0.053703	-4.99061e-05	0	-6.5004e-05	121.421	0.900328	-3.64628e-05	
132.067	0	48.8924	0.911429	0	0.05369	-4.98831e-05	0	-6.4974e-05	121.601	0.900321	-3.64459e-05	
132.247	0	48.8924	0.911419	0	0.053677	-4.986e-05	0	-6.4944e-05	121.781	0.900314	-3.64291e-05	
132.427	0	48.8924	0.911409	0	0.053664	-4.9837e-05	0	-6.4914e-05	121.961	0.900306	-3.64122e-05	
132.607	0	48.8924	0.911399	0	0.053651	-4.9814e-05	0	-6.4884e-05	122.141	0.900299	-3.63954e-05	
132.787	0	48.8924	0.911389	0	0.053638	-4.9791e-05	0	-6.48541e-05	122.321	0.900292	-3.63786e-05	
132.967	0	48.8924	0.911379	0	0.0536251	-4.9768e-05	0	-6.48242e-05	122.501	0.900284	-3.63618e-05	
133.147	0	48.8924	0.911369	0	0.0536121	-4.9745e-05	0	-6.47943e-05	122.681	0.900277	-3.6345e-05	
133.327	0	48.8925	0.911359	0	0.0535991	-4.97221e-05	0	-6.47644e-05	122.861	0.90027	-3.63283e-05	
133.507	0	48.8925	0.911349	0	0.0535862	-4.96992e-05	0	-6.47346e-05	123.041	0.900263	-3.63115e-05	
133.687	0	48.8925	0.911339	0	0.0535732	-4.96762e-05	0	-6.47048e-05	123.222	0.900255	-3.62947e-05	
133.867	0	48.8925	0.911329	0	0.0535603	-4.96533e-05	0	-6.46749e-05	123.402	0.900248	-3.6278e-05	
134.047	0	48.8925	0.911319	0	0.0535474	-4.96305e-05	0	-6.46452e-05	123.582	0.900241	-3.62613e-05	
134.227	0	48.8925	0.911309	0	0.0535344	-4.96076e-05	0	-6.46154e-05	123.762	0.900234	-3.62445e-05	
134.407	0	48.8926	0.9113	0	0.0535215	-4.95847e-05	0	-6.45856e-05	123.942	0.900226	-3.62278e-05	
134.587	0	48.8926	0.91129	0	0.0535086	-4.95619e-05	0	-6.45559e-05	124.122	0.900219	-3.62112e-05	
134.767	0	48.8926	0.91128	0	0.0534957	-4.95391e-05	0	-6.45262e-05	124.302	0.900212	-3.61945e-05	
134.947	0	48.8926	0.91127	0	0.0534828	-4.95163e-05	0	-6.44965e-05	124.482	0.900205	-3.61778e-05	
135.083	0	48.9027	0.697446	0	0.109172	1.7999	0	-0.344676	124.666	0.947727	0.188411	
135.248	0	48.9085	0.928914	0	0.0625674	0.664754	0	-0.146457	124.857	0.960528	-0.0242545	
135.44	0	48.9082	1.00348	0	0.0439432	0.151514	0	-0.0515352	125.048	0.947501	-0.0903991	
135.64	0	48.9056	1.00911	0	0.0386562	-0.0603216	0	-0.0073901	125.236	0.928426	-0.0940799	
135.838	0	48.9027	0.988964	0	0.0392711	-0.124663	0	0.0104401	125.42	0.911365	-0.0747244	
136.031	0	48.9001	0.963571	0	0.0419757	-0.122613	0	0.0151516	125.601	0.898826	-0.0508317	
136.219	0	48.8981	0.941479	0	0.0449534	-0.0965566	0	0.0140628	125.78	0.89082	-0.0301093	
136.403	0	48.8967	0.925178	0	0.0474744	-0.0668745	0	0.0110261	125.957	0.886426	-0.0147971	
136.585	0	48.8957	0.914423	0	0.0493558	-0.041808	0	0.00785586	126.134	0.884561	-0.00465233	
136.764	0	48.8951	0.908012	0	0.0506539	-0.0234644	0	0.00524763	126.311	0.884299	0.00144437	
136.943	0	48.8947	0.904633	0	0.0515013	-0.0112753	0	0.00334558	126.488	0.884954	0.00471406	
137.122	0	48.8944	0.903192	0	0.0520328	-0.00380974	0	0.00206362	126.665	0.886066	0.00617256	
137.3	0	48.8942	0.902895	0	0.0523574	0.000391042	0	0.0012493	126.843	0.887352	0.00655904	
137.479	0	48.894	0.903212	0	0.0525535	0.00250575	0	0.000756367	127.02	0.888651	0.0063653	
137.657	0	48.8939	0.903815	0	0.0526734	0.00337845	0	0.000469699	127.198	0.88988	0.00589546	
137.836	0	48.8938	0.904518	0	0.0527496	0.00356542	0	0.000307974	127.376	0.891003	0.00532485	
138.014	0	48.8937	0.905219	0	0.0528013	0.003409	0	0.000217984	127.554	0.892009	0.00474662	
138.193	0	48.8936	0.905872	0	0.0528393	0.00310646	0	0.000167026	127.733	0.892903	0.00420497	
138.372	0	48.8936	0.906459	0	0.0528694	0.00276337	0	0.000136145	127.912	0.893695	0.00371675	
138.551	0	48.8935	0.906978	0	0.0528944	0.00243091	0	0.000115003	128.09	0.894394	0.00328477	
138.73	0	48.8935	0.907433	0	0.0529157	0.00213004	0	9.83497e-05	128.269	0.895012	0.00290544	
138.91	0	48.8934	0.907832	0	0.0529339	0.00186625	0	8.37557e-05	128.448	0.895559	0.00257286	
139.089	0	48.8934	0.908182	0	0.0529492	0.00163787	0	7.02483e-05	128.628	0.896043	0.00228082	
139.268	0	48.8934	0.908489	0	0.052962	0.00144062	0	5.75373e-05	128.807	0.896473	0.00202366	
139.448	0	48.8933	0.90876	0	0.0529723	0.00126973	0	4.56062e-05	128.986	0.896855	0.00179656	
139.627	0	48.8933	0.908999	0	0.0529803	0.00112089	0	3.4514e-05	129.166	0.897194	0.00159546	
139.807	0	48.8933	0.909209	0	0.0529862	0.000990508	0	2.43117e-05	129.345	0.897494	0.00141701	
139.986	0	48.8933	0.909396	0	0.0529901	0.000875712	0	1.50165e-05	129.525	0.897762	0.00125841	
140.166	0	48.8933	0.909561	0	0.0529922	0.000774224	0	6.61117e-06	129.704	0.897999	0.0011173	
140.346	0	48.8933	0.909706	0	0.0529928	0.00068423	0	-9.47274e-07	129.884	0.898209	0.000991668	
140.525	0	48.8932	0.909835	0	0.0529919	0.000604265	0	-7.71768e-06	130.063	0.898396	0.000879767	
140.705	0	48.8932	0.909948	0	0.0529897	0.000533115	0	-1.37664e-05	130.243	0.898562	0.000780071	
140.885	0	48.8932	0.910049	0	0.0529864	0.000469757	0	-1.91614e-05	130.423	0.898709	0.000691239	
141.065	0	48.8932	0.910137	0	0.0529821	0.000413315	0	-2.39684e-05	130.603	0.898839	0.000612084	
141.244	0	48.8932	0.910214	0	0.0529769	0.000363021	0	-2.82491e-05	130.782	0.898954	0.000541549	
141.424	0	48.8933	0.910282	0	0.0529708	0.000318204	0	-3.20598e-05	130.962	0.899056	0.000478697	
141.604	0	48.8933	0.910342	0	0.0529641	0.000278265	0	-3.54515e-05	131.142	0.899146	0.000422692	
141.784	0	48.8933	0.910394	0	0.0529567	0.000242676	0	-3.847e-05	131.322	0.899226	0.000372789	
141.963	0	48.8933	0.910439	0	0.0529487	0.000210964	0	-4.11561e-05	131.502	0.899296	0.000328323	
142.143	0	48.8933	0.910478	0	0.0529402	0.000182706	0	-4.35462e-05	131.682	0.899357	0.000288703	
142.323	0	48.8933	0.910512	0	0.0529313	0.000157529	0	-4.56726e-05	131.861	0.899412	0.0002534	
142.503	0	48.8933	0.910542	0	0.052922	0.000135097	0	-4.75642e-05	132.041	0.899459	0.000221946	
142.683	0	48.8933	0.910567	0	0.0529123	0.000115111	0	-4.92467e-05	132.221	0.899501	0.000193919	
142.863	0	48.8933	0.910588	0	0.0529023	9.73043e-05	0	-5.07427e-05	132.401	0.899537	0.000168947	
143.043	0	48.8933	0.910606	0	0.052892	8.14401e-05	0	-5.20727e-05	132.581	0.899568	0.000146698	
143.222	0	48.8933	0.910621	0	0.0528815	6.73066e-05	0	-5.32547e-05	132.761	0.899596	0.000126874	
143.402	0	48.8934	0.910633	0	0.0528707	5.47152e-05	0	-5.43049e-05	132.941	0.899619	0.000109211	
143.582	0	48.8934	0.910642	0	0.0528598	4.34978e-05	0	-5.52375e-05	133.121	0.899639	9.34738e-05	
143.762	0	48.8934	0.91065	0	0.0528486	3.35048e-05	0	-5.60655e-05	133.301	0.899657	7.94527e-05	
143.942	0	48.8934	0.910656	0	0.0528373	2.46028e-05	0	-5.68002e-05	133.481	0.899671	6.69606e-05	
144.122	0	48.8934	0.91066	0	0.0528259	1.66729e-05	0	-5.74518e-05	133.661	0.899684	5.5831e-05	
144.302	0	48.8934	0.910663	0	0.0528144	9.60911e-06	0	-5.80293e-05	133.841	0.899694	4.59154e-05	
144.482	0	48.8934	0.910664	0	0.0528027	3.31717e-06	0	-5.85408e-05	134.021	0.899702	3.70816e-05	
144.661	0	48.8934	0.910664	0	0.0527909	-2.28704e-06	0	-5.89935e-05	134.2	0.899709	2.92118e-05	
144.841	0	48.8935	0.910663	0	0.0527791	-7.27842e-06	0	-5.93938e-05	134.38	0.899714	2.22009e-05	
145.021	0	48.8935	0.910661	0	0.0527672	-1.17238e-05	0	-5.97473e-05	134.56	0.899717	1.59554e-05	
145.201	0	48.8935	0.910658	0	0.0527552	-1.56825e-05	0	-6.00593e-05	134.74	0.89972	1.0392e-05	
145.381	0	48.8935	0.910655	0	0.0527432	-1.92077e-05	0	-6.03342e-05	134.92	0.899722	5.43623e-06	
145.561	0	48.8935	0.910651	0	0.0527311	-2.23465e-05	0	-6.05761e-05	135.1	0.899722	1.02203e-06	
145.741	0	48.8935	0.910646	0	0.0527189	-2.51411e-05	0	-6.07885e-05	135.28	0.899722	-2.90961e-06	
145.921	0	48.8935	0.910641	0	0.0527068	-2.76289e-05	0	-6.09747e-05	135.46	0.899721	-6.41126e-06	
146.1	0	48.8936	0.910635	0	0.0526946	-2.98434e-05	0	-6.11375e-05	135.64	0.89972	-9.52977e-06	
146.28	0	48.8936	0.910629	0	0.0526823	-3.18143e-05	0	-6.12795e-05	135.82	0.899717	-1.23069e-05	
146.46	0	48.8936	0.910622	0	0.05267	-3.35681e-05	0	-6.1403e-05	136	0.899715	-1.47797e-05	
146.64	0	48.8936	0.910615	0	0.0526577	-3.51286e-05	0	-6.15099e-05	136.18	0.899711	-1.69815e-05	
146.82	0	48.8936	0.910608	0	0.0526454	-3.65167e-05	0	-6.16021e-05	136.36	0.899708	-1.89417e-05	
147	0	48.8936	0.910601	0	0.0526331	-3.77513e-05	0	-6.16812e-05	136.54	0.899704	-2.06867e-05	
147.18	0	48.8936	0.910593	0	0.0526208	-3.8849e-05	0	-6.17486e-05	136.72	0.8997	-2.22398e-05	
147.36	0	48.8937	0.910585	0	0.0526084	-3.98248e-05	0	-6.18056e-05	136.9	0.899695	-2.36221e-05	
147.539	0	48.8937	0.910577	0	0.052596	-4.0692e-05	0	-6.18533e-05	137.08	0.89969	-2.4852e-05	
147.719	0	48.8937	0.910569	0	0.0525837	-4.14623e-05	0	-6.18928e-05	137.259	0.899685	-2.59463e-05	
147.899	0	48.8937	0.910561	0	0.0525713	-4.21464e-05	0	-6.19249e-05	137.439	0.89968	-2.69196e-05	
148.079	0	48.8937	0.910552	0	0.0525589	-4.27536e-05	0	-6.19504e-05	137.619	0.899674	-2.77852e-05	
148.259	0	48.8937	0.910544	0	0.0525465	-4.32924e-05	0	-6.19701e-05	137.799	0.899669	-2.85548e-05	
148.439	0	48.8938	0.910535	0	0.0525341	-4.37701e-05	0	-6.19846e-05	137.979	0.899663	-2.92389e-05	
148.619	0	48.8938	0.910526	0	0.0525217	-4.41934e-05	0	-6.19945e-05	138.159	0.899657	-2.98467e-05	
148.798	0	48.8938	0.910517	0	0.0525093	-4.45682e-05	0	-6.20002e-05	138.339	0.899651	-3.03865e-05	
148.978	0	48.8938	0.910508	0	0.0524969	-4.48999e-05	0	-6.20023e-05	138.519	0.899645	-3.08659e-05	
149.158	0	48.8938	0.910499	0	0.0524845	-4.51931e-05	0	-6.20011e-05	138.699	0.899639	-3.12913e-05	
149.338	0	48.8938	0.91049	0	0.0524721	-4.54521e-05	0	-6.19969e-05	138.879	0.899632	-3.16687e-05	
149.518	0	48.8938	0.910481	0	0.0524597	-4.56804e-05	0	-6.19902e-05	139.059	0.899626	-3.20032e-05	
149.698	0	48.8939	0.910472	0	0.0524473	-4.58816e-05	0	-6.19812e-05	139.239	0.89962	-3.22996e-05	
149.878	0	48.8939	0.910463	0	0.0524349	-4.60585e-05	0	-6.19701e-05	139.419	0.899613	-3.2562e-05	
150.057	0	48.8939	0.910453	0	0.0524225	-4.62139e-05	0	-6.19572e-05	139.599	0.899607	-3.27941e-05	
150.237	0	48.8939	0.910444	0	0.0524101	-4.63499e-05	0	-6.19426e-05	139.778	0.8996	-3.29993e-05	
150.417	0	48.8939	0.910435	0	0.0523978	-4.64688e-05	0	-6.19266e-05	139.958	0.899593	-3.31803e-05	
150.597	0	48.8939	0.910426	0	0.0523854	-4.65725e-05	0	-6.19094e-05	140.138	0.899587	-3.334e-05	
150.777	0	48.8939	0.910416	0	0.052373	-4.66625e-05	0	-6.18909e-05	140.318	0.89958	-3.34805e-05	
150.957	0	48.894	0.910407	0	0.0523606	-4.67404e-05	0	-6.18715e-05	140.498	0.899573	-3.3604e-05	
151.137	0	48.894	0.910398	0	0.0523482	-4.68074e-05	0	-6.18511e-05	140.678	0.899567	-3.37124e-05	
151.316	0	48.894	0.910388	0	0.0523359	-4.68649e-05	0	-6.183e-05	140.858	0.89956	-3.38073e-05	
151.496	0	48.894	0.910379	0	0.0523235	-4.69137e-05	0	-6.18081e-05	141.038	0.899553	-3.38901e-05	
151.676	0	48.894	0.910369	0	0.0523111	-4.6955e-05	0	-6.17856e-05	141.218	0.899546	-3.39623e-05	
151.856	0	48.894	0.91036	0	0.0522988	-4.69894e-05	0	-6.17625e-05	141.398	0.899539	-3.40248e-05	
152.036	0	48.8941	0.910351	0	0.0522864	-4.70177e-05	0	-6.17389e-05	141.578	0.899533	-3.40789e-05	
152.216	0	48.8941	0.910341	0	0.0522741	-4.70407e-05	0	-6.17149e-05	141.758	0.899526	-3.41254e-05	
152.395	0	48.8941	0.910332	0	0.0522618	-4.70588e-05	0	-6.16905e-05	141.937	0.899519	-3.41651e-05	
152.575	0	48.8941	0.910322	0	0.0522494	-4.70726e-05	0	-6.16657e-05	142.117	0.899512	-3.41988e-05	
152.755	0	48.8941	0.910313	0	0.0522371	-4.70827e-05	0	-6.16407e-05	142.297	0.899505	-3.42271e-05	
152.935	0	48.8941	0.910304	0	0.0522248	-4.70893e-05	0	-6.16153e-05	142.477	0.899498	-3.42507e-05	
153.115	0	48.8941	0.910294	0	0.0522124	-4.70929e-05	0	-6.15897e-05	142.657	0.899492	-3.427e-05	
153.295	0	48.8942	0.910285	0	0.0522001	-4.70938e-05	0	-6.15639e-05	142.837	0.899485	-3.42855e-05	
153.474	0	48.8942	0.910275	0	0.0521878	-4.70923e-05	0	-6.15379e-05	143.017	0.899478	-3.42977e-05	
153.654	0	48.8942	0.910266	0	0.0521755	-4.70887e-05	0	-6.15118e-05	143.197	0.899471	-3.43068e-05	
153.834	0	48.8942	0.910257	0	0.0521632	-4.70831e-05	0	-6.14855e-05	143.377	0.899464	-3.43133e-05	
154.014	0	48.8942	0.910247	0	0.0521509	-4.70759e-05	0	-6.1459e-05	143.556	0.899457	-3.43174e-05	
154.194	0	48.8942	0.910238	0	0.0521386	-4.70671e-05	0	-6.14325e-05	143.736	0.89945	-3.43193e-05	
154.373	0	48.8942	0.910228	0	0.0521263	-4.7057e-05	0	-6.14059e-05	143.916	0.899444	-3.43194e-05	
154.553	0	48.8943	0.910219	0	0.0521141	-4.70457e-05	0	-6.13792e-05	144.096	0.899437	-3.43178e-05	
154.733	0	48.8943	0.910209	0	0.0521018	-4.70334e-05	0	-6.13524e-05	144.276	0.89943	-3.43146e-05	
154.913	0	48.8943	0.9102	0	0.0520895	-4.70201e-05	0	-6.13255e-05	144.456	0.899423	-3.43102e-05	
155.093	0	48.8943	0.910191	0	0.0520773	-4.7006e-05	0	-6.12986e-05	144.636	0.899416	-3.43045e-05	
155.273	0	48.8943	0.910181	0	0.052065	-4.69911e-05	0	-6.12716e-05	144.816	0.899409	-3.42978e-05	
155.452	0	48.8943	0.910172	0	0.0520528	-4.69755e-05	0	-6.12446e-05	144.996	0.899402	-3.42902e-05	
155.632	0	48.8944	0.910162	0	0.0520405	-4.69594e-05	0	-6.12176e-05	145.175	0.899396	-3.42817e-05	
155.812	0	48.8944	0.910153	0	0.0520283	-4.69427e-05	0	-6.11905e-05	145.355	0.899389	-3.42725e-05	
155.992	0	48.8944	0.910144	0	0.052016	-4.69256e-05	0	-6.11635e-05	145.535	0.899382	-3.42626e-05	
156.172	0	48.8944	0.910134	0	0.0520038	-4.6908e-05	0	-6.11364e-05	145.715	0.899375	-3.42521e-05	
156.351	0	48.8944	0.910125	0	0.0519916	-4.68901e-05	0	-6.11092e-05	145.895	0.899368	-3.42411e-05	
156.531	0	48.8944	0.910116	0	0.0519794	-4.68719e-05	0	-6.10821e-05	146.075	0.899361	-3.42296e-05	
156.711	0	48.8944	0.910106	0	0.0519671	-4.68533e-05	0	-6.1055e-05	146.255	0.899354	-3.42178e-05	
156.891	0	48.8945	0.910097	0	0.0519549	-4.68346e-05	0	-6.10278e-05	146.435	0.899348	-3.42055e-05	
157.071	0	48.8945	0.910087	0	0.0519427	-4.68155e-05	0	-6.10007e-05	146.614	0.899341	-3.41929e-05	
157.25	0	48.8945	0.910078	0	0.0519305	-4.67963e-05	0	-6.09736e-05	146.794	0.899334	-3.41801e-05	
157.43	0	48.8945	0.910069	0	0.0519183	-4.67769e-05	0	-6.09464e-05	146.974	0.899327	-3.41669e-05	
157.61	0	48.8945	0.910059	0	0.0519062	-4.67574e-05	0	-6.09193e-05	147.154	0.89932	-3.41536e-05	
157.79	0	48.8945	0.91005	0	0.051894	-4.67377e-05	0	-6.08922e-05	147.334	0.899313	-3.414e-05	
157.97	0	48.8945	0.910041	0	0.0518818	-4.67179e-05	0	-6.0865e-05	147.514	0.899307	-3.41263e-05	
158.149	0	48.8946	0.910031	0	0.0518696	-4.6698e-05	0	-6.08379e-05	147.694	0.8993	-3.41124e-05	
158.329	0	48.8946	0.910022	0	0.0518575	-4.6678e-05	0	-6.08108e-05	147.873	0.899293	-3.40984e-05	
158.509	0	48.8946	0.910013	0	0.0518453	-4.66579e-05	0	-6.07837e-05	148.053	0.899286	-3.40842e-05	
158.689	0	48.8946	0.910003	0	0.0518332	-4.66378e-05	0	-6.07566e-05	148.233	0.899279	-3.40699e-05	
158.869	0	48.8946	0.909994	0	0.051821	-4.66175e-05	0	-6.07296e-05	148.413	0.899273	-3.40556e-05	
159.048	0	48.8946	0.909985	0	0.0518089	-4.65973e-05	0	-6.07025e-05	148.593	0.899266	-3.40411e-05	
159.228	0	48.8946	0.909975	0	0.0517967	-4.6577e-05	0	-6.06755e-05	148.773	0.899259	-3.40266e-05	
159.408	0	48.8947	0.909966	0	0.0517846	-4.65566e-05	0	-6.06484e-05	148.953	0.899252	-3.4012e-05	
159.588	0	48.8947	0.909957	0	0.0517725	-4.65362e-05	0	-6.06214e-05	149.132	0.899245	-3.39974e-05	
159.767	0	48.8947	0.909947	0	0.0517603	-4.65158e-05	0	-6.05944e-05	149.312	0.899239	-3.39827e-05	
159.947	0	48.8947	0.909938	0	0.0517482	-4.64953e-05	0	-6.05674e-05	149.492	0.899232	-3.39679e-05	
160.127	0	48.8947	0.909929	0	0.0517361	-4.64749e-05	0	-6.05404e-05	149.672	0.899225	-3.39532e-05	
160.307	0	48.8947	0.90992	0	0.051724	-4.64544e-05	0	-6.05135e-05	149.852	0.899218	-3.39384e-05	
160.487	0	48.8947	0.90991	0	0.0517119	-4.64339e-05	0	-6.04865e-05	150.032	0.899211	-3.39235e-05	
160.666	0	48.8948	0.909901	0	0.0516998	-4.64134e-05	0	-6.04596e-05	150.212	0.899205	-3.39087e-05	
160.846	0	48.8948	0.909892	0	0.0516877	-4.63929e-05	0	-6.04327e-05	150.391	0.899198	-3.38938e-05	
161.026	0	48.8948	0.909882	0	0.0516756	-4.63724e-05	0	-6.04058e-05	150.571	0.899191	-3.38789e-05	
161.206	0	48.8948	0.909873	0	0.0516636	-4.63518e-05	0	-6.03789e-05	150.751	0.899184	-3.3864e-05	
161.385	0	48.8948	0.909864	0	0.0516515	-4.63313e-05	0	-6.03521e-05	150.931	0.899177	-3.38491e-05	
161.565	0	48.8948	0.909855	0	0.0516394	-4.63108e-05	0	-6.03252e-05	151.111	0.899171	-3.38342e-05	
161.745	0	48.8949	0.909845	0	0.0516274	-4.62903e-05	0	-6.02984e-05	151.291	0.899164	-3.38192e-05	
161.925	0	48.8949	0.909836	0	0.0516153	-4.62698e-05	0	-6.02716e-05	151.47	0.899157	-3.38043e-05	
162.104	0	48.8949	0.909827	0	0.0516033	-4.62493e-05	0	-6.02448e-05	151.65	0.89915	-3.37893e-05	
162.284	0	48.8949	0.909818	0	0.0515912	-4.62288e-05	0	-6.0218e-05	151.83	0.899144	-3.37744e-05	
162.464	0	48.8949	0.909808	0	0.0515792	-4.62082e-05	0	-6.01912e-05	152.01	0.899137	-3.37595e-05	
162.644	0	48.8949	0.909799	0	0.0515671	-4.61878e-05	0	-6.01645e-05	152.19	0.89913	-3.37445e-05	
162.823	0	48.8949	0.90979	0	0.0515551	-4.61673e-05	0	-6.01378e-05	152.37	0.899123	-3.37296e-05	
163.003	0	48.895	0.909781	0	0.0515431	-4.61468e-05	0	-6.01111e-05	152.549	0.899117	-3.37146e-05	
163.183	0	48.895	0.909771	0	0.0515311	-4.61263e-05	0	-6.00844e-05	152.729	0.89911	-3.36997e-05	
163.363	0	48.895	0.909762	0	0.051519	-4.61059e-05	0	-6.00577e-05	152.909	0.899103	-3.36848e-05	
163.543	0	48.895	0.909753	0	0.051507	-4.60854e-05	0	-6.0031e-05	153.089	0.899096	-3.36698e-05	
163.722	0	48.895	0.909744	0	0.051495	-4.6065e-05	0	-6.00044e-05	153.269	0.89909	-3.36549e-05	
163.902	0	48.895	0.909735	0	0.051483	-4.60446e-05	0	-5.99778e-05	153.448	0.899083	-3.364e-05	
164.082	0	48.895	0.909725	0	0.051471	-4.60241e-05	0	-5.99512e-05	153.628	0.899076	-3.36251e-05	
164.261	0	48.8951	0.909716	0	0.0514591	-4.60037e-05	0	-5.99246e-05	153.808	0.89907	-3.36102e-05	
164.441	0	48.8951	0.909707	0	0.0514471	-4.59833e-05	0	-5.9898e-05	153.988	0.899063	-3.35953e-05	
164.621	0	48.8951	0.909698	0	0.0514351	-4.5963e-05	0	-5.98715e-05	154.168	0.899056	-3.35804e-05	
164.801	0	48.8951	0.909689	0	0.0514231	-4.59426e-05	0	-5.98449e-05	154.348	0.899049	-3.35655e-05	
164.98	0	48.8951	0.909679	0	0.0514112	-4.59222e-05	0	-5.98184e-05	154.527	0.899043	-3.35507e-05	
165.16	0	48.8951	0.90967	0	0.0513992	-4.59019e-05	0	-5.97919e-05	154.707	0.899036	-3.35358e-05	
165.34	0	48.8951	0.909661	0	0.0513872	-4.58815e-05	0	-5.97654e-05	154.887	0.899029	-3.35209e-05	
165.52	0	48.8952	0.909652	0	0.0513753	-4.58612e-05	0	-5.9739e-05	155.067	0.899023	-3.35061e-05	
165.699	0	48.8952	0.909643	0	0.0513633	-4.58409e-05	0	-5.97125e-05	155.247	0.899016	-3.34913e-05	
165.879	0	48.8952	0.909633	0	0.0513514	-4.58206e-05	0	-5.96861e-05	155.426	0.899009	-3.34764e-05	
166.059	0	48.8952	0.909624	0	0.0513395	-4.58003e-05	0	-5.96597e-05	155.606	0.899002	-3.34616e-05	
166.239	0	48.8952	0.909615	0	0.0513275	-4.57801e-05	0	-5.96333e-05	155.786	0.898996	-3.34468e-05	
166.418	0	48.8952	0.909606	0	0.0513156	-4.57598e-05	0	-5.96069e-05	155.966	0.898989	-3.3432e-05	
166.598	0	48.8952	0.909597	0	0.0513037	-4.57396e-05	0	-5.95806e-05	156.146	0.898982	-3.34172e-05	
166.778	0	48.8953	0.909588	0	0.0512918	-4.57193e-05	0	-5.95542e-05	156.325	0.898976	-3.34024e-05	
166.958	0	48.8953	0.909579	0	0.0512799	-4.56991e-05	0	-5.95279e-05	156.505	0.898969	-3.33876e-05	
167.137	0	48.8953	0.909569	0	0.051268	-4.56789e-05	0	-5.95016e-05	156.685	0.898962	-3.33729e-05	
167.317	0	48.8953	0.90956	0	0.0512561	-4.56587e-05	0	-5.94753e-05	156.865	0.898956	-3.33581e-05	
167.497	0	48.8953	0.909551	0	0.0512442	-4.56385e-05	0	-5.9449e-05	157.045	0.898949	-3.33434e-05	
167.676	0	48.8953	0.909542	0	0.0512323	-4.56184e-05	0	-5.94228e-05	157.224	0.898942	-3.33286e-05	
167.856	0	48.8953	0.909533	0	0.0512204	-4.55982e-05	0	-5.93965e-05	157.404	0.898936	-3.33139e-05	
168.036	0	48.8954	0.909524	0	0.0512085	-4.55781e-05	0	-5.93703e-05	157.584	0.898929	-3.32992e-05	
168.216	0	48.8954	0.909515	0	0.0511967	-4.55579e-05	0	-5.93441e-05	157.764	0.898922	-3.32845e-05	
168.395	0	48.8954	0.909506	0	0.0511848	-4.55378e-05	0	-5.93179e-05	157.943	0.898916	-3.32698e-05	
168.575	0	48.8954	0.909496	0	0.0511729	-4.55177e-05	0	-5.92918e-05	158.123	0.898909	-3.32551e-05	
168.755	0	48.8954	0.909487	0	0.0511611	-4.54976e-05	0	-5.92656e-05	158.303	0.898902	-3.32404e-05	
168.934	0	48.8954	0.909478	0	0.0511492	-4.54776e-05	0	-5.92395e-05	158.483	0.898896	-3.32257e-05	
169.114	0	48.8954	0.909469	0	0.0511374	-4.54575e-05	0	-5.92134e-05	158.663	0.898889	-3.3211e-05	
169.294	0	48.8955	0.90946	0	0.0511255	-4.54374e-05	0	-5.91873e-05	158.842	0.898882	-3.31964e-05	
169.474	0	48.8955	0.909451	0	0.0511137	-4.54174e-05	0	-5.91612e-05	159.022	0.898876	-3.31817e-05	
169.653	0	48.8955	0.909442	0	0.0511019	-4.53974e-05	0	-5.91351e-05	159.202	0.898869	-3.31671e-05	
169.833	0	48.8955	0.909433	0	0.0510901	-4.53774e-05	0	-5.91091e-05	159.382	0.898863	-3.31525e-05	
170.013	0	48.8955	0.909424	0	0.0510782	-4.53574e-05	0	-5.9083e-05	159.561	0.898856	-3.31379e-05	
170.192	0	48.8955	0.909415	0	0.0510664	-4.53374e-05	0	-5.9057e-05	159.741	0.898849	-3.31233e-05	
170.372	0	48.8955	0.909406	0	0.0510546	-4.53174e-05	0	-5.9031e-05	159.921	0.898843	-3.31087e-05	
170.552	0	48.8956	0.909397	0	0.0510428	-4.52975e-05	0	-5.90051e-05	160.101	0.898836	-3.30941e-05	
170.72	0	48.8981	0.468338	0	0.149218	-7.8437	0	1.79387	160.281	0.917657	0.578564	
170.854	0	48.9097	0.839245	0	0.0785102	1.12257	0	-0.22692	160.47	0.957979	0.0554658	
171.036	0	48.9118	0.976964	0	0.048476	0.356289	0	-0.0902524	160.661	0.954263	-0.0688619	
171.234	0	48.91	1.00962	0	0.0377908	0.019956	0	-0.0249852	160.85	0.936679	-0.0968946	
171.433	0	48.9071	0.998738	0	0.0361061	-0.104564	0	0.00378784	161.036	0.918049	-0.0857822	
171.628	0	48.9043	0.974353	0	0.0380839	-0.128528	0	0.0138381	161.218	0.90314	-0.0627055	
171.818	0	48.902	0.950036	0	0.0410611	-0.110895	0	0.014999	161.397	0.892945	-0.0398826	
172.004	0	48.9003	0.930758	0	0.0438531	-0.0814652	0	0.0126218	161.575	0.886874	-0.0217956	
172.187	0	48.8991	0.917343	0	0.0460547	-0.0535831	0	0.0093908	161.752	0.883867	-0.00917379	
172.367	0	48.8983	0.908919	0	0.0476301	-0.0318534	0	0.00646798	161.929	0.882899	-0.00120125	
172.546	0	48.8978	0.904166	0	0.0486864	-0.0167388	0	0.00421967	162.106	0.883162	0.00334951	
172.725	0	48.8974	0.901864	0	0.0493623	-0.00709347	0	0.00264723	162.282	0.884089	0.005614	
172.903	0	48.8972	0.901069	0	0.0497809	-0.00141473	0	0.00161896	162.459	0.885315	0.00646884	
173.081	0	48.897	0.901126	0	0.0500355	0.00163038	0	0.00098112	162.636	0.886623	0.00652251	
173.259	0	48.8969	0.901614	0	0.0501903	0.00304941	0	0.000602355	162.814	0.887897	0.00616531	
173.437	0	48.8968	0.902284	0	0.050287	0.00353318	0	0.000385222	162.992	0.889078	0.00563072	
173.615	0	48.8967	0.902995	0	0.0503506	0.00352178	0	0.000263567	163.17	0.890146	0.00504852	
173.794	0	48.8966	0.903677	0	0.0503959	0.00327773	0	0.000195423	163.348	0.891098	0.0044845	
173.972	0	48.8965	0.9043	0	0.0504306	0.00294743	0	0.000155699	163.526	0.891942	0.00396743	
174.151	0	48.8965	0.904856	0	0.0504591	0.00260603	0	0.000130244	163.704	0.892689	0.00350617	
174.33	0	48.8964	0.905344	0	0.0504832	0.00228771	0	0.00011157	163.883	0.893348	0.0030998	
174.509	0	48.8964	0.905773	0	0.0505039	0.00200463	0	9.60157e-05	164.062	0.893932	0.00274333	
174.688	0	48.8963	0.906148	0	0.0505217	0.00175815	0	8.19728e-05	164.241	0.894448	0.00243059	
174.867	0	48.8963	0.906478	0	0.0505367	0.00154507	0	6.88554e-05	164.42	0.894906	0.00215562	
175.046	0	48.8963	0.906768	0	0.0505493	0.00136076	0	5.65291e-05	164.599	0.895313	0.00191317	
175.226	0	48.8962	0.907024	0	0.0505594	0.00120065	0	4.50207e-05	164.778	0.895673	0.00169878	
175.405	0	48.8962	0.90725	0	0.0505673	0.00106079	0	3.4385e-05	164.957	0.895994	0.00150876	
175.584	0	48.8962	0.907449	0	0.0505732	0.000937966	0	2.46538e-05	165.136	0.896278	0.00134003	
175.763	0	48.8962	0.907626	0	0.0505772	0.000829608	0	1.58248e-05	165.315	0.896531	0.00119002	
175.943	0	48.8962	0.907782	0	0.0505796	0.000733676	0	7.86566e-06	165.495	0.896755	0.00105654	
176.122	0	48.8962	0.90792	0	0.0505804	0.000648533	0	7.2417e-07	165.674	0.896954	0.000937688	
176.302	0	48.8962	0.908042	0	0.0505799	0.000572839	0	-5.66319e-06	165.853	0.897131	0.000831834	
176.481	0	48.8962	0.90815	0	0.0505782	0.000505475	0	-1.13641e-05	166.033	0.897288	0.000737539	
176.661	0	48.8962	0.908245	0	0.0505754	0.000445487	0	-1.64456e-05	166.212	0.897427	0.000653533	
176.84	0	48.8962	0.908328	0	0.0505717	0.00039205	0	-2.09715e-05	166.392	0.89755	0.000578692	
177.02	0	48.8962	0.908402	0	0.0505671	0.000344443	0	-2.50007e-05	166.571	0.897659	0.000512016	
177.199	0	48.8962	0.908466	0	0.0505617	0.000302026	0	-2.85871e-05	166.751	0.897755	0.000452613	
177.379	0	48.8962	0.908523	0	0.0505556	0.000264236	0	-3.17787e-05	166.931	0.89784	0.000399693	
177.558	0	48.8962	0.908572	0	0.050549	0.000230567	0	-3.46188e-05	167.11	0.897915	0.000352547	
177.738	0	48.8962	0.908615	0	0.0505418	0.000200573	0	-3.7146e-05	167.29	0.897981	0.000310546	
177.917	0	48.8962	0.908653	0	0.0505342	0.000173852	0	-3.93944e-05	167.469	0.89804	0.00027313	
178.097	0	48.8962	0.908685	0	0.0505261	0.000150048	0	-4.13948e-05	167.649	0.898091	0.000239798	
178.277	0	48.8962	0.908713	0	0.0505176	0.000128844	0	-4.3174e-05	167.829	0.898136	0.000210104	
178.456	0	48.8962	0.908737	0	0.0505088	0.000109955	0	-4.47565e-05	168.008	0.898175	0.000183652	
178.636	0	48.8962	0.908757	0	0.0504997	9.31292e-05	0	-4.61635e-05	168.188	0.89821	0.000160087	
178.815	0	48.8962	0.908774	0	0.0504904	7.81417e-05	0	-4.74143e-05	168.367	0.898239	0.000139096	
178.995	0	48.8962	0.908788	0	0.0504808	6.47916e-05	0	-4.8526e-05	168.547	0.898265	0.000120395	
179.175	0	48.8963	0.9088	0	0.050471	5.29003e-05	0	-4.95137e-05	168.727	0.898288	0.000103737	
179.354	0	48.8963	0.90881	0	0.050461	4.23085e-05	0	-5.03908e-05	168.906	0.898307	8.88978e-05	
179.534	0	48.8963	0.908817	0	0.0504508	3.28745e-05	0	-5.11696e-05	169.086	0.898323	7.56791e-05	
179.713	0	48.8963	0.908823	0	0.0504405	2.44718e-05	0	-5.18607e-05	169.266	0.898337	6.3904e-05	
179.893	0	48.8963	0.908827	0	0.0504301	1.69881e-05	0	-5.24737e-05	169.445	0.898349	5.34151e-05	
180.073	0	48.8963	0.90883	0	0.0504195	1.03229e-05	0	-5.30171e-05	169.625	0.898359	4.4072e-05	
180.252	0	48.8963	0.908831	0	0.0504089	4.38694e-06	0	-5.34984e-05	169.805	0.898367	3.57498e-05	
180.432	0	48.8963	0.908832	0	0.0503981	-8.99307e-07	0	-5.39246e-05	169.984	0.898373	2.8337e-05	
180.611	0	48.8964	0.908831	0	0.0503873	-5.60675e-06	0	-5.43015e-05	170.164	0.898378	2.17345e-05	
180.791	0	48.8964	0.908829	0	0.0503764	-9.79854e-06	0	-5.46346e-05	170.344	0.898382	1.58538e-05	
180.971	0	48.8964	0.908827	0	0.0503654	-1.35309e-05	0	-5.49286e-05	170.523	0.898384	1.06162e-05	
181.15	0	48.8964	0.908824	0	0.0503544	-1.68541e-05	0	-5.51879e-05	170.703	0.898386	5.95155e-06	
181.33	0	48.8964	0.90882	0	0.0503434	-1.98126e-05	0	-5.54161e-05	170.883	0.898387	1.7973e-06	
181.509	0	48.8964	0.908816	0	0.0503323	-2.24463e-05	0	-5.56168e-05	171.062	0.898387	-1.90221e-06	
181.689	0	48.8964	0.908811	0	0.0503211	-2.47905e-05	0	-5.57928e-05	171.242	0.898386	-5.19659e-06	
181.869	0	48.8964	0.908806	0	0.05031	-2.6877e-05	0	-5.59469e-05	171.422	0.898385	-8.13005e-06	
182.048	0	48.8965	0.908801	0	0.0502988	-2.87337e-05	0	-5.60815e-05	171.601	0.898383	-1.07419e-05	
182.228	0	48.8965	0.908795	0	0.0502875	-3.03858e-05	0	-5.61987e-05	171.781	0.898381	-1.30674e-05	
182.408	0	48.8965	0.908788	0	0.0502763	-3.18556e-05	0	-5.63005e-05	171.961	0.898378	-1.51376e-05	
182.587	0	48.8965	0.908782	0	0.050265	-3.3163e-05	0	-5.63884e-05	172.141	0.898374	-1.69804e-05	
182.767	0	48.8965	0.908775	0	0.0502537	-3.43257e-05	0	-5.6464e-05	172.32	0.898371	-1.86207e-05	
182.946	0	48.8965	0.908768	0	0.0502424	-3.53594e-05	0	-5.65287e-05	172.5	0.898367	-2.00805e-05	
183.126	0	48.8965	0.908761	0	0.0502311	-3.62783e-05	0	-5.65836e-05	172.68	0.898363	-2.13795e-05	
183.306	0	48.8966	0.908754	0	0.0502198	-3.70949e-05	0	-5.66299e-05	172.859	0.898358	-2.25353e-05	
183.485	0	48.8966	0.908746	0	0.0502085	-3.78204e-05	0	-5.66684e-05	173.039	0.898354	-2.35635e-05	
183.665	0	48.8966	0.908739	0	0.0501971	-3.84646e-05	0	-5.67e-05	173.219	0.898349	-2.44779e-05	
183.844	0	48.8966	0.908731	0	0.0501858	-3.90365e-05	0	-5.67255e-05	173.398	0.898344	-2.52912e-05	
184.024	0	48.8966	0.908723	0	0.0501744	-3.95439e-05	0	-5.67455e-05	173.578	0.898339	-2.60141e-05	
184.204	0	48.8966	0.908715	0	0.0501631	-3.99939e-05	0	-5.67607e-05	173.758	0.898334	-2.66567e-05	
184.383	0	48.8966	0.908707	0	0.0501517	-4.03927e-05	0	-5.67715e-05	173.937	0.898328	-2.72277e-05	
184.563	0	48.8967	0.908699	0	0.0501404	-4.0746e-05	0	-5.67784e-05	174.117	0.898323	-2.77348e-05	
184.742	0	48.8967	0.908691	0	0.050129	-4.10587e-05	0	-5.67819e-05	174.297	0.898317	-2.81852e-05	
184.922	0	48.8967	0.908682	0	0.0501177	-4.13352e-05	0	-5.67824e-05	174.476	0.898312	-2.85849e-05	
185.102	0	48.8967	0.908674	0	0.0501063	-4.15795e-05	0	-5.67801e-05	174.656	0.898306	-2.89394e-05	
185.281	0	48.8967	0.908666	0	0.0500949	-4.17951e-05	0	-5.67754e-05	174.836	0.8983	-2.92538e-05	
185.461	0	48.8967	0.908657	0	0.0500836	-4.19851e-05	0	-5.67686e-05	175.015	0.898294	-2.95324e-05	
185.64	0	48.8967	0.908649	0	0.0500722	-4.21523e-05	0	-5.67598e-05	175.195	0.898288	-2.97791e-05	
185.82	0	48.8967	0.908641	0	0.0500609	-4.22992e-05	0	-5.67493e-05	175.375	0.898282	-2.99974e-05	
186	0	48.8968	0.908632	0	0.0500495	-4.24281e-05	0	-5.67373e-05	175.554	0.898276	-3.01904e-05	
186.179	0	48.8968	0.908624	0	0.0500382	-4.25408e-05	0	-5.67239e-05	175.734	0.89827	-3.03608e-05	
186.359	0	48.8968	0.908615	0	0.0500269	-4.26392e-05	0	-5.67094e-05	175.913	0.898264	-3.05111e-05	
186.538	0	48.8968	0.908607	0	0.0500155	-4.27248e-05	0	-5.66937e-05	176.093	0.898258	-3.06435e-05	
186.718	0	48.8968	0.908598	0	0.0500042	-4.27991e-05	0	-5.66771e-05	176.273	0.898252	-3.076e-05	
186.898	0	48.8968	0.908589	0	0.0499928	-4.28631e-05	0	-5.66597e-05	176.452	0.898246	-3.08623e-05	
187.077	0	48.8968	0.908581	0	0.0499815	-4.29182e-05	0	-5.66415e-05	176.632	0.898239	-3.09519e-05	
187.257	0	48.8969	0.908572	0	0.0499702	-4.29652e-05	0	-5.66226e-05	176.812	0.898233	-3.10303e-05	
187.436	0	48.8969	0.908564	0	0.0499589	-4.30051e-05	0	-5.66032e-05	176.991	0.898227	-3.10986e-05	
187.616	0	48.8969	0.908555	0	0.0499475	-4.30385e-05	0	-5.65832e-05	177.171	0.898221	-3.1158e-05	
187.795	0	48.8969	0.908546	0	0.0499362	-4.30663e-05	0	-5.65628e-05	177.351	0.898215	-3.12094e-05	
187.975	0	48.8969	0.908538	0	0.0499249	-4.3089e-05	0	-5.65419e-05	177.53	0.898208	-3.12537e-05	
188.155	0	48.8969	0.908529	0	0.0499136	-4.31072e-05	0	-5.65207e-05	177.71	0.898202	-3.12917e-05	
188.334	0	48.8969	0.908521	0	0.0499023	-4.31214e-05	0	-5.64991e-05	177.89	0.898196	-3.1324e-05	
188.514	0	48.897	0.908512	0	0.049891	-4.3132e-05	0	-5.64772e-05	178.069	0.89819	-3.13514e-05	
188.693	0	48.897	0.908503	0	0.0498797	-4.31394e-05	0	-5.64551e-05	178.249	0.898183	-3.13743e-05	
188.873	0	48.897	0.908495	0	0.0498684	-4.3144e-05	0	-5.64328e-05	178.429	0.898177	-3.13932e-05	
189.052	0	48.897	0.908486	0	0.0498571	-4.31461e-05	0	-5.64103e-05	178.608	0.898171	-3.14085e-05	
189.232	0	48.897	0.908477	0	0.0498459	-4.31459e-05	0	-5.63876e-05	178.788	0.898164	-3.14207e-05	
189.412	0	48.897	0.908469	0	0.0498346	-4.31437e-05	0	-5.63647e-05	178.967	0.898158	-3.14301e-05	
189.591	0	48.897	0.90846	0	0.0498233	-4.31397e-05	0	-5.63417e-05	179.147	0.898152	-3.1437e-05	
189.771	0	48.897	0.908452	0	0.0498121	-4.31341e-05	0	-5.63186e-05	179.327	0.898146	-3.14417e-05	
189.95	0	48.8971	0.908443	0	0.0498008	-4.31272e-05	0	-5.62953e-05	179.506	0.898139	-3.14443e-05	
190.13	0	48.8971	0.908434	0	0.0497895	-4.31189e-05	0	-5.6272e-05	179.686	0.898133	-3.14453e-05	
190.309	0	48.8971	0.908426	0	0.0497783	-4.31096e-05	0	-5.62486e-05	179.866	0.898127	-3.14446e-05	
190.489	0	48.8971	0.908417	0	0.049767	-4.30992e-05	0	-5.62251e-05	180.045	0.89812	-3.14425e-05	
190.669	0	48.8971	0.908408	0	0.0497558	-4.3088e-05	0	-5.62016e-05	180.225	0.898114	-3.14392e-05	
190.848	0	48.8971	0.9084	0	0.0497446	-4.3076e-05	0	-5.6178e-05	180.404	0.898108	-3.14348e-05	
191.028	0	48.8971	0.908391	0	0.0497333	-4.30633e-05	0	-5.61544e-05	180.584	0.898102	-3.14294e-05	
191.207	0	48.8972	0.908383	0	0.0497221	-4.30499e-05	0	-5.61307e-05	180.764	0.898095	-3.14231e-05	
191.387	0	48.8972	0.908374	0	0.0497109	-4.3036e-05	0	-5.6107e-05	180.943	0.898089	-3.1416e-05	
191.566	0	48.8972	0.908365	0	0.0496997	-4.30217e-05	0	-5.60833e-05	181.123	0.898083	-3.14083e-05	
191.746	0	48.8972	0.908357	0	0.0496884	-4.30068e-05	0	-5.60595e-05	181.303	0.898076	-3.13999e-05	
191.925	0	48.8972	0.908348	0	0.0496772	-4.29916e-05	0	-5.60358e-05	181.482	0.89807	-3.13909e-05	
192.105	0	48.8972	0.90834	0	0.049666	-4.29761e-05	0	-5.6012e-05	181.662	0.898064	-3.13815e-05	
192.285	0	48.8972	0.908331	0	0.0496548	-4.29602e-05	0	-5.59882e-05	181.841	0.898058	-3.13717e-05	
192.464	0	48.8973	0.908322	0	0.0496436	-4.29441e-05	0	-5.59644e-05	182.021	0.898051	-3.13614e-05	
192.644	0	48.8973	0.908314	0	0.0496324	-4.29277e-05	0	-5.59406e-05	182.201	0.898045	-3.13508e-05	
192.823	0	48.8973	0.908305	0	0.0496213	-4.29111e-05	0	-5.59168e-05	182.38	0.898039	-3.13399e-05	
193.003	0	48.8973	0.908297	0	0.0496101	-4.28944e-05	0	-5.5893e-05	182.56	0.898032	-3.13288e-05	
193.182	0	48.8973	0.908288	0	0.0495989	-4.28774e-05	0	-5.58691e-05	182.739	0.898026	-3.13173e-05	
193.362	0	48.8973	0.90828	0	0.0495877	-4.28603e-05	0	-5.58453e-05	182.919	0.89802	-3.13057e-05	
193.541	0	48.8973	0.908271	0	0.0495766	-4.28431e-05	0	-5.58215e-05	183.099	0.898014	-3.12939e-05	
193.721	0	48.8973	0.908262	0	0.0495654	-4.28258e-05	0	-5.57977e-05	183.278	0.898007	-3.12819e-05	
193.9	0	48.8974	0.908254	0	0.0495542	-4.28084e-05	0	-5.57739e-05	183.458	0.898001	-3.12698e-05	
194.08	0	48.8974	0.908245	0	0.0495431	-4.27909e-05	0	-5.57501e-05	183.637	0.897995	-3.12576e-05	
194.259	0	48.8974	0.908237	0	0.0495319	-4.27733e-05	0	-5.57263e-05	183.817	0.897989	-3.12452e-05	
194.439	0	48.8974	0.908228	0	0.0495208	-4.27556e-05	0	-5.57026e-05	183.997	0.897982	-3.12327e-05	
194.619	0	48.8974	0.90822	0	0.0495097	-4.27379e-05	0	-5.56788e-05	184.176	0.897976	-3.12201e-05	
194.798	0	48.8974	0.908211	0	0.0494985	-4.27201e-05	0	-5.5655e-05	184.356	0.89797	-3.12075e-05	
194.978	0	48.8974	0.908203	0	0.0494874	-4.27023e-05	0	-5.56313e-05	184.535	0.897964	-3.11948e-05	
195.157	0	48.8975	0.908194	0	0.0494763	-4.26845e-05	0	-5.56076e-05	184.715	0.897957	-3.1182e-05	
195.337	0	48.8975	0.908185	0	0.0494652	-4.26666e-05	0	-5.55838e-05	184.895	0.897951	-3.11692e-05	
195.516	0	48.8975	0.908177	0	0.049454	-4.26487e-05	0	-5.55601e-05	185.074	0.897945	-3.11563e-05	
195.696	0	48.8975	0.908168	0	0.0494429	-4.26307e-05	0	-5.55364e-05	185.254	0.897939	-3.11434e-05	
195.875	0	48.8975	0.90816	0	0.0494318	-4.26128e-05	0	-5.55127e-05	185.433	0.897933	-3.11304e-05	
196.055	0	48.8975	0.908151	0	0.0494207	-4.25948e-05	0	-5.54891e-05	185.613	0.897926	-3.11175e-05	
196.234	0	48.8975	0.908143	0	0.0494096	-4.25768e-05	0	-5.54654e-05	185.792	0.89792	-3.11044e-05	
196.414	0	48.8975	0.908134	0	0.0493985	-4.25588e-05	0	-5.54418e-05	185.972	0.897914	-3.10914e-05	
196.593	0	48.8976	0.908126	0	0.0493874	-4.25408e-05	0	-5.54181e-05	186.152	0.897908	-3.10784e-05	
196.773	0	48.8976	0.908117	0	0.0493764	-4.25228e-05	0	-5.53945e-05	186.331	0.897901	-3.10653e-05	
196.952	0	48.8976	0.908109	0	0.0493653	-4.25048e-05	0	-5.53709e-05	186.511	0.897895	-3.10522e-05	
197.132	0	48.8976	0.9081	0	0.0493542	-4.24868e-05	0	-5.53473e-05	186.69	0.897889	-3.10391e-05	
197.311	0	48.8976	0.908092	0	0.0493432	-4.24688e-05	0	-5.53237e-05	186.87	0.897883	-3.1026e-05	
197.491	0	48.8976	0.908083	0	0.0493321	-4.24508e-05	0	-5.53002e-05	187.05	0.897877	-3.10129e-05	
197.67	0	48.8976	0.908075	0	0.049321	-4.24327e-05	0	-5.52766e-05	187.229	0.89787	-3.09998e-05	
197.85	0	48.8977	0.908066	0	0.04931	-4.24147e-05	0	-5.52531e-05	187.409	0.897864	-3.09867e-05	
198.029	0	48.8977	0.908058	0	0.0492989	-4.23967e-05	0	-5.52296e-05	187.588	0.897858	-3.09736e-05	
198.209	0	48.8977	0.908049	0	0.0492879	-4.23787e-05	0	-5.5206e-05	187.768	0.897852	-3.09604e-05	
198.388	0	48.8977	0.908041	0	0.0492768	-4.23607e-05	0	-5.51826e-05	187.947	0.897846	-3.09473e-05	
198.568	0	48.8977	0.908032	0	0.0492658	-4.23427e-05	0	-5.51591e-05	188.127	0.897839	-3.09342e-05	
198.747	0	48.8977	0.908024	0	0.0492548	-4.23247e-05	0	-5.51356e-05	188.307	0.897833	-3.09211e-05	
198.927	0	48.8977	0.908015	0	0.0492438	-4.23068e-05	0	-5.51122e-05	188.486	0.897827	-3.0908e-05	
199.106	0	48.8977	0.908007	0	0.0492327	-4.22888e-05	0	-5.50887e-05	188.666	0.897821	-3.08949e-05	
199.286	0	48.8978	0.907999	0	0.0492217	-4.22708e-05	0	-5.50653e-05	188.845	0.897815	-3.08817e-05	
199.465	0	48.8978	0.90799	0	0.0492107	-4.22529e-05	0	-5.50419e-05	189.025	0.897809	-3.08686e-05	
199.645	0	48.8978	0.907982	0	0.0491997	-4.22349e-05	0	-5.50185e-05	189.204	0.897802	-3.08555e-05	
199.824	0	48.8978	0.907973	0	0.0491887	-4.2217e-05	0	-5.49951e-05	189.384	0.897796	-3.08424e-05	
200.004	0	48.8978	0.907965	0	0.0491777	-4.21991e-05	0	-5.49718e-05	189.563	0.89779	-3.08294e-05	
200.183	0	48.8978	0.907956	0	0.0491667	-4.21811e-05	0	-5.49484e-05	189.743	0.897784	-3.08163e-05	
200.363	0	48.8978	0.907948	0	0.0491557	-4.21632e-05	0	-5.49251e-05	189.923	0.897778	-3.08032e-05	
200.542	0	48.8979	0.907939	0	0.0491447	-4.21453e-05	0	-5.49018e-05	190.102	0.897772	-3.07901e-05	
200.722	0	48.8979	0.907931	0	0.0491338	-4.21274e-05	0	-5.48785e-05	190.282	0.897765	-3.0777e-05	
200.901	0	48.8979	0.907923	0	0.0491228	-4.21096e-05	0	-5.48552e-05	190.461	0.897759	-3.0764e-05	
201.081	0	48.8979	0.907914	0	0.0491118	-4.20917e-05	0	-5.48319e-05	190.641	0.897753	-3.07509e-05	
201.26	0	48.8979	0.907906	0	0.0491009	-4.20738e-05	0	-5.48087e-05	190.82	0.897747	-3.07379e-05	
201.44	0	48.8979	0.907897	0	0.0490899	-4.2056e-05	0	-5.47854e-05	191	0.897741	-3.07248e-05	
201.619	0	48.8979	0.907889	0	0.049079	-4.20381e-05	0	-5.47622e-05	191.179	0.897735	-3.07118e-05	
201.799	0	48.8979	0.907881	0	0.049068	-4.20203e-05	0	-5.4739e-05	191.359	0.897728	-3.06988e-05	
201.978	0	48.898	0.907872	0	0.0490571	-4.20025e-05	0	-5.47158e-05	191.539	0.897722	-3.06858e-05	
202.158	0	48.898	0.907864	0	0.0490461	-4.19847e-05	0	-5.46926e-05	191.718	0.897716	-3.06728e-05	
202.337	0	48.898	0.907855	0	0.0490352	-4.19669e-05	0	-5.46694e-05	191.898	0.89771	-3.06598e-05	
202.517	0	48.898	0.907847	0	0.0490242	-4.19491e-05	0	-5.46463e-05	192.077	0.897704	-3.06468e-05	
202.696	0	48.898	0.907839	0	0.0490133	-4.19313e-05	0	-5.46231e-05	192.257	0.897698	-3.06338e-05	
202.876	0	48.898	0.90783	0	0.0490024	-4.19136e-05	0	-5.46e-05	192.436	0.897692	-3.06208e-05	
203.055	0	48.898	0.907822	0	0.0489915	-4.18958e-05	0	-5.45769e-05	192.616	0.897686	-3.06078e-05	
203.235	0	48.8981	0.907813	0	0.0489806	-4.18781e-05	0	-5.45538e-05	192.795	0.897679	-3.05949e-05	
203.414	0	48.8981	0.907805	0	0.0489697	-4.18604e-05	0	-5.45307e-05	192.975	0.897673	-3.05819e-05	
203.594	0	48.8981	0.907797	0	0.0489588	-4.18426e-05	0	-5.45076e-05	193.154	0.897667	-3.0569e-05	
203.773	0	48.8981	0.907788	0	0.0489479	-4.18249e-05	0	-5.44846e-05	193.334	0.897661	-3.0556e-05	
203.953	0	48.8981	0.90778	0	0.048937	-4.18072e-05	0	-5.44615e-05	193.513	0.897655	-3.05431e-05	
204.132	0	48.8981	0.907772	0	0.0489261	-4.17896e-05	0	-5.44385e-05	193.693	0.897649	-3.05302e-05	
204.312	0	48.8981	0.907763	0	0.0489152	-4.17719e-05	0	-5.44155e-05	193.873	0.897643	-3.05172e-05	
204.491	0	48.8981	0.907755	0	0.0489043	-4.17542e-05	0	-5.43925e-05	194.052	0.897637	-3.05043e-05	
204.67	0	48.8982	0.907747	0	0.0488934	-4.17366e-05	0	-5.43695e-05	194.232	0.897631	-3.04914e-05	
204.85	0	48.8982	0.907738	0	0.0488826	-4.17189e-05	0	-5.43466e-05	194.411	0.897624	-3.04785e-05	
205.029	0	48.8982	0.90773	0	0.0488717	-4.17013e-05	0	-5.43236e-05	194.591	0.897618	-3.04657e-05	
205.209	0	48.8982	0.907722	0	0.0488608	-4.16837e-05	0	-5.43007e-05	194.77	0.897612	-3.04528e-05	
205.388	0	48.8982	0.907713	0	0.04885	-4.16661e-05	0	-5.42778e-05	194.95	0.897606	-3.04399e-05	
205.568	0	48.8982	0.907705	0	0.0488391	-4.16485e-05	0	-5.42548e-05	195.129	0.8976	-3.0427e-05	
205.747	0	48.8982	0.907697	0	0.0488283	-4.16309e-05	0	-5.4232e-05	195.309	0.897594	-3.04142e-05	
205.927	0	48.8983	0.907688	0	0.0488174	-4.16133e-05	0	-5.42091e-05	195.488	0.897588	-3.04014e-05	
206.106	0	48.8983	0.90768	0	0.0488066	-4.15958e-05	0	-5.41862e-05	195.668	0.897582	-3.03885e-05	
206.286	0	48.8983	0.907672	0	0.0487957	-4.15782e-05	0	-5.41634e-05	195.847	0.897576	-3.03757e-05	
206.465	0	48.8983	0.907663	0	0.0487849	-4.15607e-05	0	-5.41405e-05	196.027	0.89757	-3.03629e-05	
206.644	0	48.8983	0.907655	0	0.0487741	-4.15431e-05	0	-5.41177e-05	196.206	0.897564	-3.03501e-05	
206.824	0	48.8983	0.907647	0	0.0487633	-4.15256e-05	0	-5.40949e-05	196.386	0.897558	-3.03373e-05	
207.003	0	48.8983	0.907638	0	0.0487525	-4.15081e-05	0	-5.40721e-05	196.565	0.897552	-3.03245e-05	
207.183	0	48.8983	0.90763	0	0.0487416	-4.14906e-05	0	-5.40493e-05	196.745	0.897545	-3.03117e-05	
207.362	0	48.8984	0.907622	0	0.0487308	-4.14731e-05	0	-5.40266e-05	196.924	0.897539	-3.02989e-05	
207.542	0	48.8984	0.907613	0	0.04872	-4.14557e-05	0	-5.40038e-05	197.104	0.897533	-3.02861e-05	
207.721	0	48.8984	0.907605	0	0.0487092	-4.14382e-05	0	-5.39811e-05	197.283	0.897527	-3.02734e-05	
207.901	0	48.8984	0.907597	0	0.0486984	-4.14207e-05	0	-5.39584e-05	197.463	0.897521	-3.02606e-05	
208.08	0	48.8984	0.907589	0	0.0486876	-4.14033e-05	0	-5.39357e-05	197.642	0.897515	-3.02479e-05	
208.26	0	48.8984	0.90758	0	0.0486769	-4.13859e-05	0	-5.3913e-05	197.822	0.897509	-3.02351e-05	
208.439	0	48.8984	0.907572	0	0.0486661	-4.13685e-05	0	-5.38903e-05	198.001	0.897503	-3.02224e-05	
208.618	0	48.8984	0.907564	0	0.0486553	-4.1351e-05	0	-5.38676e-05	198.181	0.897497	-3.02097e-05	
208.798	0	48.8985	0.907556	0	0.0486445	-4.13336e-05	0	-5.3845e-05	198.36	0.897491	-3.01969e-05	
208.977	0	48.8985	0.907547	0	0.0486338	-4.13163e-05	0	-5.38223e-05	198.54	0.897485	-3.01842e-05	
209.157	0	48.8985	0.907539	0	0.048623	-4.12989e-05	0	-5.37997e-05	198.719	0.897479	-3.01715e-05	
209.336	0	48.8985	0.907531	0	0.0486123	-4.12815e-05	0	-5.37771e-05	198.899	0.897473	-3.01588e-05	
209.516	0	48.8985	0.907522	0	0.0486015	-4.12642e-05	0	-5.37545e-05	199.078	0.897467	-3.01462e-05	
209.695	0	48.8985	0.907514	0	0.0485907	-4.12468e-05	0	-5.37319e-05	199.258	0.897461	-3.01335e-05	
209.874	0	48.8985	0.907506	0	0.04858	-4.12295e-05	0	-5.37094e-05	199.437	0.897455	-3.01208e-05	
210.054	0	48.8986	0.907498	0	0.0485693	-4.12122e-05	0	-5.36868e-05	199.617	0.897449	-3.01082e-05	
210.233	0	48.8986	0.907489	0	0.0485585	-4.11949e-05	0	-5.36643e-05	199.796	0.897443	-3.00955e-05	
210.413	0	48.8986	0.907481	0	0.0485478	-4.11776e-05	0	-5.36418e-05	199.976	0.897437	-3.00829e-05	
210.592	0	48.8986	0.907473	0	0.0485371	-4.11603e-05	0	-5.36193e-05	200.155	0.897431	-3.00702e-05	
210.772	0	48.8986	0.907465	0	0.0485264	-4.1143e-05	0	-5.35968e-05	200.335	0.897425	-3.00576e-05	
210.951	0	48.8986	0.907457	0	0.0485156	-4.11257e-05	0	-5.35743e-05	200.514	0.897419	-3.0045e-05	
211.13	0	48.8986	0.907448	0	0.0485049	-4.11085e-05	0	-5.35518e-05	200.694	0.897413	-3.00324e-05	
211.31	0	48.8986	0.90744	0	0.0484942	-4.10912e-05	0	-5.35294e-05	200.873	0.897407	-3.00198e-05	
211.489	0	48.8987	0.907432	0	0.0484835	-4.1074e-05	0	-5.35069e-05	201.053	0.897401	-3.00072e-05	
211.669	0	48.8987	0.907424	0	0.0484728	-4.10568e-05	0	-5.34845e-05	201.232	0.897395	-2.99946e-05	
211.848	0	48.8987	0.907415	0	0.0484621	-4.10396e-05	0	-5.34621e-05	201.412	0.897389	-2.9982e-05	
212.028	0	48.8987	0.907407	0	0.0484514	-4.10224e-05	0	-5.34397e-05	201.591	0.897383	-2.99694e-05	
212.207	0	48.8987	0.907399	0	0.0484407	-4.10052e-05	0	-5.34173e-05	201.771	0.897377	-2.99569e-05	
212.386	0	48.8987	0.907391	0	0.0484301	-4.0988e-05	0	-5.3395e-05	201.95	0.897371	-2.99443e-05	
212.566	0	48.8987	0.907383	0	0.0484194	-4.09708e-05	0	-5.33726e-05	202.13	0.897365	-2.99318e-05	
212.745	0	48.8987	0.907374	0	0.0484087	-4.09537e-05	0	-5.33503e-05	202.309	0.897359	-2.99192e-05	
212.925	0	48.8988	0.907366	0	0.048398	-4.09365e-05	0	-5.3328e-05	202.488	0.897353	-2.99067e-05	
213.104	0	48.8988	0.907358	0	0.0483874	-4.09194e-05	0	-5.33057e-05	202.668	0.897347	-2.98942e-05	
213.283	0	48.8988	0.90735	0	0.0483767	-4.09023e-05	0	-5.32834e-05	202.847	0.897341	-2.98817e-05	
213.463	0	48.8988	0.907342	0	0.0483661	-4.08851e-05	0	-5.32611e-05	203.027	0.897335	-2.98691e-05	
213.642	0	48.8988	0.907334	0	0.0483554	-4.0868e-05	0	-5.32388e-05	203.206	0.897329	-2.98566e-05	
213.822	0	48.8988	0.907325	0	0.0483448	-4.08509e-05	0	-5.32166e-05	203.386	0.897323	-2.98441e-05	
214.001	0	48.8988	0.907317	0	0.0483341	-4.08339e-05	0	-5.31943e-05	203.565	0.897317	-2.98317e-05	
214.18	0	48.8988	0.907309	0	0.0483235	-4.08168e-05	0	-5.31721e-05	203.745	0.897311	-2.98192e-05	
214.36	0	48.8989	0.907301	0	0.0483129	-4.07997e-05	0	-5.31499e-05	203.924	0.897305	-2.98067e-05	
214.539	0	48.8989	0.907293	0	0.0483022	-4.07827e-05	0	-5.31277e-05	204.104	0.897299	-2.97943e-05	
214.719	0	48.8989	0.907285	0	0.0482916	-4.07656e-05	0	-5.31055e-05	204.283	0.897293	-2.97818e-05	
214.898	0	48.8989	0.907276	0	0.048281	-4.07486e-05	0	-5.30833e-05	204.463	0.897287	-2.97694e-05	
215.077	0	48.8989	0.907268	0	0.0482704	-4.07316e-05	0	-5.30612e-05	204.642	0.897281	-2.97569e-05	
215.257	0	48.8989	0.90726	0	0.0482598	-4.07146e-05	0	-5.3039e-05	204.822	0.897275	-2.97445e-05	
215.436	0	48.8989	0.907252	0	0.0482492	-4.06976e-05	0	-5.30169e-05	205.001	0.897269	-2.97321e-05	
215.616	0	48.899	0.907244	0	0.0482386	-4.06806e-05	0	-5.29948e-05	205.18	0.897263	-2.97196e-05	
215.795	0	48.899	0.907236	0	0.048228	-4.06636e-05	0	-5.29727e-05	205.36	0.897257	-2.97072e-05	
215.974	0	48.899	0.907228	0	0.0482174	-4.06466e-05	0	-5.29506e-05	205.539	0.897251	-2.96948e-05	
216.154	0	48.899	0.907219	0	0.0482068	-4.06297e-05	0	-5.29285e-05	205.719	0.897246	-2.96824e-05	
216.333	0	48.899	0.907211	0	0.0481962	-4.06127e-05	0	-5.29065e-05	205.898	0.89724	-2.96701e-05	
216.513	0	48.899	0.907203	0	0.0481856	-4.05958e-05	0	-5.28844e-05	206.078	0.897234	-2.96577e-05	
216.692	0	48.899	0.907195	0	0.048175	-4.05789e-05	0	-5.28624e-05	206.257	0.897228	-2.96453e-05	
216.871	0	48.899	0.907187	0	0.0481645	-4.0562e-05	0	-5.28404e-05	206.437	0.897222	-2.9633e-05	
217.051	0	48.8991	0.907179	0	0.0481539	-4.05451e-05	0	-5.28184e-05	206.616	0.897216	-2.96206e-05	
217.23	0	48.8991	0.907171	0	0.0481433	-4.05282e-05	0	-5.27964e-05	206.795	0.89721	-2.96083e-05	
217.409	0	48.8991	0.907163	0	0.0481328	-4.05113e-05	0	-5.27744e-05	206.975	0.897204	-2.95959e-05	
217.589	0	48.8991	0.907155	0	0.0481222	-4.04944e-05	0	-5.27524e-05	207.154	0.897198	-2.95836e-05	
217.768	0	48.8991	0.907146	0	0.0481117	-4.04776e-05	0	-5.27305e-05	207.334	0.897192	-2.95713e-05	
217.948	0	48.8991	0.907138	0	0.0481011	-4.04607e-05	0	-5.27085e-05	207.513	0.897186	-2.9559e-05	
218.127	0	48.8991	0.90713	0	0.0480906	-4.04439e-05	0	-5.26866e-05	207.693	0.89718	-2.95466e-05	
218.306	0	48.8991	0.907122	0	0.0480801	-4.04271e-05	0	-5.26647e-05	207.872	0.897174	-2.95343e-05	
218.486	0	48.8992	0.907114	0	0.0480695	-4.04102e-05	0	-5.26428e-05	208.052	0.897169	-2.95221e-05	
218.665	0	48.8992	0.907106	0	0.048059	-4.03934e-05	0	-5.26209e-05	208.231	0.897163	-2.95098e-05	
218.844	0	48.8992	0.907098	0	0.0480485	-4.03766e-05	0	-5.25991e-05	208.41	0.897157	-2.94975e-05	
219.024	0	48.8992	0.90709	0	0.048038	-4.03598e-05	0	-5.25772e-05	208.59	0.897151	-2.94852e-05	
219.203	0	48.8992	0.907082	0	0.0480275	-4.03431e-05	0	-5.25554e-05	208.769	0.897145	-2.9473e-05	
219.383	0	48.8992	0.907074	0	0.048017	-4.03263e-05	0	-5.25335e-05	208.949	0.897139	-2.94607e-05	
219.562	0	48.8992	0.907066	0	0.0480064	-4.03095e-05	0	-5.25117e-05	209.128	0.897133	-2.94485e-05	
219.741	0	48.8992	0.907058	0	0.0479959	-4.02928e-05	0	-5.24899e-05	209.308	0.897127	-2.94362e-05	
219.921	0	48.8993	0.90705	0	0.0479855	-4.02761e-05	0	-5.24681e-05	209.487	0.897121	-2.9424e-05	
220.1	0	48.8993	0.907042	0	0.047975	-4.02593e-05	0	-5.24464e-05	209.666	0.897116	-2.94118e-05	
220.279	0	48.8993	0.907033	0	0.0479645	-4.02426e-05	0	-5.24246e-05	209.846	0.89711	-2.93996e-05	
220.459	0	48.8993	0.907025	0	0.047954	-4.02259e-05	0	-5.24029e-05	210.025	0.897104	-2.93874e-05	
220.638	0	48.8993	0.907017	0	0.0479435	-4.02092e-05	0	-5.23811e-05	210.205	0.897098	-2.93752e-05	
220.817	0	48.8993	0.907009	0	0.047933	-4.01925e-05	0	-5.23594e-05	210.384	0.897092	-2.9363e-05	
220.997	0	48.8993	0.907001	0	0.0479226	-4.01759e-05	0	-5.23377e-05	210.563	0.897086	-2.93508e-05	
221.176	0	48.8993	0.906993	0	0.0479121	-4.01592e-05	0	-5.2316e-05	210.743	0.89708	-2.93386e-05	
221.356	0	48.8994	0.906985	0	0.0479016	-4.01426e-05	0	-5.22943e-05	210.922	0.897074	-2.93264e-05	
221.535	0	48.8994	0.906977	0	0.0478912	-4.01259e-05	0	-5.22727e-05	211.102	0.897069	-2.93143e-05	
221.714	0	48.8994	0.906969	0	0.0478807	-4.01093e-05	0	-5.2251e-05	211.281	0.897063	-2.93021e-05	
221.894	0	48.8994	0.906961	0	0.0478703	-4.00927e-05	0	-5.22294e-05	211.461	0.897057	-2.929e-05	
222.073	0	48.8994	0.906953	0	0.0478598	-4.00761e-05	0	-5.22078e-05	211.64	0.897051	-2.92778e-05	
222.252	0	48.8994	0.906945	0	0.0478494	-4.00595e-05	0	-5.21861e-05	211.819	0.897045	-2.92657e-05	
222.432	0	48.8994	0.906937	0	0.047839	-4.00429e-05	0	-5.21645e-05	211.999	0.897039	-2.92536e-05	
222.611	0	48.8994	0.906929	0	0.0478285	-4.00263e-05	0	-5.2143e-05	212.178	0.897033	-2.92414e-05	
222.79	0	48.8995	0.906921	0	0.0478181	-4.00097e-05	0	-5.21214e-05	212.358	0.897028	-2.92293e-05	
222.97	0	48.8995	0.906913	0	0.0478077	-3.99932e-05	0	-5.20998e-05	212.537	0.897022	-2.92172e-05	
223.149	0	48.8995	0.906905	0	0.0477973	-3.99766e-05	0	-5.20783e-05	212.716	0.897016	-2.92051e-05	
223.328	0	48.8995	0.906897	0	0.0477869	-3.99601e-05	0	-5.20568e-05	212.896	0.89701	-2.91931e-05	
223.508	0	48.8995	0.906889	0	0.0477764	-3.99436e-05	0	-5.20352e-05	213.075	0.897004	-2.9181e-05	
223.687	0	48.8995	0.906881	0	0.047766	-3.9927e-05	0	-5.20137e-05	213.255	0.896998	-2.91689e-05	
223.866	0	48.8995	0.906873	0	0.0477556	-3.99105e-05	0	-5.19922e-05	213.434	0.896993	-2.91568e-05	
224.046	0	48.8995	0.906865	0	0.0477452	-3.9894e-05	0	-5.19708e-05	213.613	0.896987	-2.91448e-05	
224.225	0	48.8996	0.906857	0	0.0477349	-3.98775e-05	0	-5.19493e-05	213.793	0.896981	-2.91327e-05	
224.404	0	48.8996	0.906849	0	0.0477245	-3.98611e-05	0	-5.19279e-05	213.972	0.896975	-2.91207e-05	
224.584	0	48.8996	0.906841	0	0.0477141	-3.98446e-05	0	-5.19064e-05	214.152	0.896969	-2.91087e-05	
224.763	0	48.8996	0.906833	0	0.0477037	-3.98281e-05	0	-5.1885e-05	214.331	0.896963	-2.90966e-05	
224.942	0	48.8996	0.906825	0	0.0476933	-3.98117e-05	0	-5.18636e-05	214.51	0.896958	-2.90846e-05	
225.122	0	48.8996	0.906817	0	0.047683	-3.97953e-05	0	-5.18422e-05	214.69	0.896952	-2.90726e-05	
225.301	0	48.8996	0.906809	0	0.0476726	-3.97788e-05	0	-5.18208e-05	214.869	0.896946	-2.90606e-05	
225.48	0	48.8996	0.906801	0	0.0476622	-3.97624e-05	0	-5.17994e-05	215.049	0.89694	-2.90486e-05	
225.66	0	48.8997	0.906794	0	0.0476519	-3.9746e-05	0	-5.17781e-05	215.228	0.896934	-2.90366e-05	
225.839	0	48.8997	0.906786	0	0.0476415	-3.97296e-05	0	-5.17567e-05	215.407	0.896929	-2.90246e-05	
226.018	0	48.8997	0.906778	0	0.0476312	-3.97132e-05	0	-5.17354e-05	215.587	0.896923	-2.90126e-05	
226.198	0	48.8997	0.90677	0	0.0476208	-3.96969e-05	0	-5.17141e-05	215.766	0.896917	-2.90007e-05	
226.377	0	48.8997	0.906762	0	0.0476105	-3.96805e-05	0	-5.16928e-05	215.945	0.896911	-2.89887e-05	
