-248.709
-247.139
-211.183
-235.355
-238.855
-242.684
-233.568
-254.693
-221.864
-233.216
-236.773
-223.616
-234.75
-234.676
-251.41
-246.986
-239.018
-229.1
-253.961
-247.063
-231.991
-228.528
-235.99
-237.893
-241.246
-228.958
-236.53
70.6722
-244.785
-224.215
-225.032
-206.786
-236.982
-220.95
-235.538
-226.733
-225.954
-232.317
-215.244
-230.554
-234.994
-249.638
-239.72
-237.41
-245.999
-216.997
-229.695
-221.862
-252.081
-233.25
73.5878
92.1537
-241.966
-255.466
-243.835
-229.664
-205.948
-203.293
84.4878
-223.411
91.4264
-223.433
-215.951
-227.647
-238.987
-237.735
76.8295
-241.272
-222.968
-246.451
-217.272
-247.24
-257.842
-249.682
-250.038
-241.31
-241.781
-248.614
-222.65
-253.928
-234.638
-248.58
-249.281
-242.087
-227.864
-245.237
-218.896
-251.609
-261.598
-248.571
-220.832
89.735
-233.746
-243.877
-240.271
-245.49
-245.854
-225.955
68.9988
-257.204
-251.222
-243.851
-218.138
-232.533
-252.372
-224.741
-229.28
-234.48
-234.751
-228.613
-222.684
-227.635
-214.747
-240.53
-227.561
-222.6
-249.085
-250.623
-236.477
-240.015
76.007
-206.96
-210.758
-210.964
-221.925
-232.122
-223.313
-231.456
-221.492
-239.252
-205.746
-233.619
-204.175
-236.498
-235.795
-201.886
-231.098
-232.972
-221.248
-224.876
-204.091
-221.818
-221.128
-226.423
84.2584
-241.493
-229.971
88.1534
-199.778
106.595
-224.046
-216.421
111.219
-200.897
-217.568
-223.032
91.9957
-198.096
-232.626
-209.487
-198.59
-220.703
98.2756
-234.526
-197.544
-223.567
103.582
-222.575
-220.606
98.0141
115.805
-223.802
117.216
-223.834
-218.728
-219.388
-203.285
-196.846
-209.879
-228.555
-206.042
-209.573
-219.188
128.282
-213.02
95.4064
99.3679
100.536
108.294
-244.117
-237.496
-240.4
-227.77
108.16
-207.575
-202.714
-191.024
104.826
-206.207
96.0223
-219.396
-239.348
96.4901
88.8915
-203.556
-216.896
-202.478
-229.532
114.579
-201.389
-242.5
-223.071
-215.433
-228.152
101.932
90.4897
-226.917
105.588
-223.332
-222.399
-213.529
-218.218
-227.405
106.441
-247.719
109.007
-220.218
-221.726
104.573
-232.364
-218.237
91.6163
-225.387
-204.247
-229.571
104.835
-214.222
-220.305
-240.815
-231.355
-221.351
-245.252
-230.647
-234.156
-236.973
-228.451
-236.524
-216.276
-215.068
82.7337
-216.622
-261.253
-236.802
-224.176
-232.856
75.4911
-228.45
-227.092
-244.806
-234.59
-217.524
-223.365
-225.336
-239.008
-228.648
-239.487
-228.657
-231.166
86.4476
-258.167
-237.651
-244.296
-237.902
-214.777
-236.743
-246.954
-215.6
-245.833
-207.206
88.9357
-219.274
-219.321
-205.049
-201.411
-230.86
-243.579
-215.335
88.0409
86.2159
-240.433
-227.59
-244.245
-245.985
-233.808
-237.234
87.6074
-219.619
-265.257
99.7814
-228.081
-230.606
-253.251
-213.1
-214.92
79.1709
-237.179
-229.099
-232.524
-248.464
73.5278
-244.3
-223.293
-232.781
-240.968
-234.805
96.5647
-229.967
-231.905
-214.226
-217.399
-240.798
-233.46
-234.772
-251.295
-236.901
-243.021
-207.032
-219.19
-240.558
-241.331
-240.927
-236.073
89.1497
84.4849
-223.813
-249.011
75.3427
-244.261
-234.726
63.2444
78.9896
-240.025
-237.651
-239.795
-239.342
-266.532
-239.357
-224.807
-255.027
-238.81
-238.586
-230.803
-218.993
-234.66
-237.539
75.5625
-218.712
-232.95
-241.275
-243.08
-238.078
-255.645
85.3619
-227.501
-240.37
-226.093
-243.21
-255.377
-226.905
81.679
-225.76
-211.273
-233.12
-213.745
-223.435
-237.514
-244.443
-245.486
-232.037
-228.751
-241.293
-245.653
-235.853
-211.283
-237.812
-226.343
-252.376
-231.834
-209.559
-237.492
83.9599
-228.76
-231.942
-208.077
-234.784
-230.341
-226.466
82.119
-224.044
-233.614
-231.041
-235.149
74.497
-251.09
-253.505
-240.286
-246.547
-248.176
-221.944
-226.592
-246.536
-225.669
76.2181
-236.366
-236.766
98.117
-222.797
-221.956
-235.668
-235.649
-235.092
-233.407
-235.57
-225.383
-251.05
-224.661
-229.873
-225.006
-220.234
-216.438
-244.401
-236.99
-218.708
-232.937
-243.015
-236.597
-216.466
-233.656
-236.427
72.0501
-217.258
-235.686
-242.296
-232.07
-234.829
-215.143
-241.053
93.8841
87.364
-231.181
-240.325
100.33
-212.436
-220.563
-212.728
-216.322
-217.162
-243.485
-235.723
-238.213
76.8577
102.867
-226.153
-222.686
-218.762
-215.803
102.451
-217.922
-225.335
-204.163
-228.881
-218.695
-228.548
-232.185
-225.152
-227.209
-227.018
-232.299
-221.634
-223.713
-245.517
-219.796
83.7602
-205.83
-230.235
-225.77
-223.954
-237.659
-231.981
-226.859
-222.698
-211.122
-212.37
-232.733
-205.722
-249.052
-232.011
-232.793
-199.729
-218.03
-240.887
-228.288
-224.568
-223.916
-207.996
-225.436
-220.152
-208.478
-202.945
-208.617
104.388
95.0864
-223.839
-219.898
-217.925
-224.774
103.029
-235.759
-218.494
-203.68
-221.504
-210.925
-202.92
94.6985
98.1327
-205.775
-235.592
-229.001
92.4812
-232.324
96.4979
-200.853
-218.262
-203.727
110.482
-237.03
-235.658
79.8031
101.247
-233.362
-200.014
-192.83
-222.158
-235.124
-216.545
94.0575
-235.671
-232.649
-223.647
-235.163
-207.926
94.2692
-213.662
-245.323
104.236
-229.095
-231.822
-231.898
-196.401
-235.92
-209.633
-229.131
110.299
-241.9
-216.268
-221.096
86.8857
-238.516
-249.643
-217.403
-231.067
-225.228
-228.83
-225.232
-218.103
-228.242
-241.934
-221.269
-236.992
98.4598
-221.416
-238.605
-211.261
-210.3
-233.984
-227.739
85.0996
-246.355
-216.732
-246.205
-248.461
96.6304
-229.248
-222.543
-222.748
-229.582
-220.283
-243.168
94.299
-248.364
-234.309
97.32
-224.807
-239.59
-228.152
-249.483
85.3946
-215.186
-231.688
-220.166
-239.753
-218.899
-204.032
-219.323
-225.59
-232.067
-239.241
-224.186
-215.572
-242.041
-246.729
-244.954
-235.042
-231.42
-230.139
-237.463
-228.914
-235.468
-243.761
-239.246
-247.018
-231.867
-226.114
-231.272
-232.213
-231.632
-242.028
-239.8
-230.217
-238.545
-244.727
-241.06
-247.116
-243.085
-220.599
-224.945
-242.804
-252.168
-235.108
-236.886
-224.954
77.3013
-229.206
-242.681
-242.214
-237.224
-242.488
-232.866
-242.64
-238.059
-248.581
-241.709
-220.393
-231.202
-229.505
-226.106
-222.788
-215.503
-229.218
-209.883
-243.937
-234.349
-230.871
-260.271
-209.301
-230.932
-233.379
-234.917
-250.502
-238.204
-207.439
-241.9
-225.624
-239.941
-252.244
-227.524
-235.206
-232.74
-225.518
-250.649
-236.264
-238.239
85.8501
-239.393
-248.718
-236.534
-246.886
-227.511
-210.6
-236.568
-229.902
-222.528
-238.768
-250.302
87.1873
-230.072
-237.6
-226.739
-232.363
-227.554
-235.232
-243.383
-251.401
-229.03
-230.317
-225.027
-211.61
-242.466
-244.625
-231.15
-242.869
-222.643
-222.367
91.0213
-235.221
-226.29
-247.64
-214.155
-194.89
-220.824
-218.213
-209.543
-219.357
-213.308
-224.564
-224.273
-216.079
90.1867
-210.37
-235.39
-218.805
-200.981
-221.813
-225.37
-235.471
-210.371
-194.851
-216.067
-231.523
105.641
-219.418
90.6341
115.18
-211.81
-240.895
-225.518
-253.92
-205.787
-196.637
-218.063
-198.287
-231.46
-199.168
-228.415
94.3114
-209.153
-232.212
-214.836
-209.391
99.7578
-234.817
-217.533
-228
-205.297
-221.878
-242.013
-232.134
-218.535
-258.42
-231.287
-198.734
-215.333
-225.857
99.3979
109.03
-234.665
-219.633
102.07
-209.212
84.3084
-199.269
-220.851
91.838
-220.452
-233.646
-227.334
-227.379
89.139
-226.808
-239.885
-219.064
-232.875
-240.104
79.6744
-235.947
-231.028
-220.047
-229.087
-230.595
-236.252
-233.293
-211.018
-220.147
-237.216
-222.167
103.03
-235.692
-238.539
-235.107
-225.829
113.553
-228.427
-235.347
-226.259
-249.964
-236.501
-226.779
-227.778
-212.549
-218.69
-233.709
-236.03
-215.849
-215.48
-224.435
-214.608
-225.233
-221.222
-219.824
-233.104
-231.46
-228.796
-225.165
-235.764
-222.794
-217.14
-226.92
-232.25
-242.505
-249.34
-234.339
-224.166
-223.525
-217.204
-222.951
-233.055
-253.295
-244.439
-240.619
-238.174
-227.324
-237.497
-234.923
-239.686
-223.762
-242.194
-230.435
-224.589
-252.352
-228.178
-239.693
-233.707
-211.543
-247.483
-235.238
-244.049
-216.392
-232.891
-232.851
-237.439
-230.111
-210.812
-238.178
-221.995
-239.164
-225.713
-248.653
-229.807
-254.892
-229.565
-221.786
-214.796
83.814
-236.775
-228.536
-237.272
-243.391
-231.756
-234.087
-220.052
-189.874
-231.494
-231.307
-228.685
-236
-228.402
-234.46
-243.795
-239.168
-205.858
-231.07
-213.117
-238.692
-254.301
-216.195
-236.842
-210.248
-214.291
90.1985
-218.569
-235.99
-223.223
122.918
-227.349
-234.092
-206.751
-207.406
-215.352
-225.63
-235.433
-222.118
-225.249
-223.304
-212.502
-241.985
-232.368
-196.917
-194.616
-217.322
118.377
-230.527
-224.655
-204.069
-203.289
-219.323
100.063
-231.185
-222.852
117.563
-210.298
-201.361
-224.483
-231.197
-210.928
-218.054
-211.255
-240.24
-212.272
-223.438
-215.397
-241.664
-190.651
-235.129
-222.351
-227.974
-234.521
-239.944
-234.206
-228.107
-226.959
-226.815
-240.002
-191.266
-238.971
-240.426
-200.212
-228.879
-221.933
-230.939
-221.763
-232.996
-197.825
-219.244
-215.809
-232.202
-217.715
-214.023
-181.828
-223.784
-219.505
-221.469
-204.574
118.966
-221.537
-219.802
-219.085
-208.679
-206.035
-212.779
-224.498
-202.93
95.208
-233.75
114.957
-237.583
-201.969
-225.597
-226.018
-227.353
-212.519
-233.049
-224.01
97.2287
-197.355
-220.313
104.034
-220.011
-232.444
-237.648
-222.493
-227.702
-227.363
-199.236
-217.496
-209.677
-222.555
-223.004
96.4197
-230.228
-241.882
102.651
90.2356
97.202
-210.808
-225.797
-231.202
-253.019
-219.689
101.072
-226.711
-245.629
-235.08
-205.533
-206.366
-232.931
-225.836
-202.486
-234.384
115.061
-227.885
-248.213
-232.324
-212.736
-219.324
-235.658
-229.775
-232.448
-225.334
-230.935
-191.194
-215.869
-204.139
-231.735
99.7173
-214.493
-229.886
-199.465
104.687
97.9337
93.8282
-231.398
-254.833
-228.03
-220.29
-242.39
-202.746
-222.246
-244.677
-236.703
-224.148
-219.407
-228.244
-245.067
-227.046
-220.602
-211.561
-231.274
-229.338
-225.87
87.9958
-237.041
-243.508
-214.767
-225.915
-227.329
-236.736
-223.71
-229.953
-219.948
-230.644
-228.734
-224.402
-230.375
-224.508
-230.377
-240.339
-227.513
-225.304
-230.778
-233.246
-245.098
-234.152
-242.848
-234.143
-209.343
-244.582
-236.176
-227.62
-253.527
-239.463
-231.105
-244.513
-251.524
-210.345
-247.594
80.4505
-239.912
-236.018
-219.144
-231.856
-221.574
-216.975
87.5181
-241.995
-243.965
-220.674
-218.228
-234.971
-232.767
-205.716
-229.502
-208.656
-227.603
-232.082
-220.445
-227.499
-243.542
-205.596
-236.239
-232.425
-209.757
103.011
-220.342
96.0766
103.972
-231.973
-223.985
-243.043
-242.173
-220.699
100.145
-220.941
-218.195
-234.558
-229.964
-223.167
-231.432
-214.993
-224.694
-214.741
-212.024
-217.642
-204.113
-218.282
-209.655
-218.875
-234.981
-222.849
-218.149
-216.836
89.5774
107.08
-196.286
-226.551
-207.399
-226.462
-215.163
105.618
108.147
99.1243
-227.939
-186.546
-217.383
111.595
-229.46
-219.517
-229.906
-222.897
-230.597
-231.929
-223.553
-213.879
-229.051
115.481
-228.843
-228.786
100.017
-222.608
-224.541
-226.743
107.91
-214.743
-214.808
-237.992
-214.353
122.404
-211.417
-218.574
-213.409
112.415
-228.776
97.348
-196.389
-234.343
-236.988
-207.101
-195.234
-252.323
-204.276
-224.586
-239.292
108.149
-213.702
-196.204
-235.787
-240.846
89.6317
-235.577
-203.492
73.7852
-203.235
-208.31
-220.367
-227.901
-255.567
83.968
-232.863
-235.064
-225.713
-224.961
-240.708
-220.551
-229.205
-244.86
-221.577
-252.92
-219.223
108.427
-218.261
-239.518
105.639
-238.583
-221.709
-206.388
-236.05
-252.337
-214.315
-218.067
118.9
-230.412
-223.972
-259.704
-223.047
-217.115
-229.004
-202.504
-197.953
-248.105
-220.227
-222.409
-225.034
-219.931
-234.255
-227.283
-225.573
-218.034
108.198
-224.948
93.5529
-186.836
-219.335
-206.793
-205.542
-208.428
-212.313
103.152
-226.922
-250.411
-226.744
-189.044
109.53
-216.223
-231.912
-234.319
-223.792
-199.952
-208.477
-214.279
-225.853
-207.119
-229.977
-232.441
-238.032
-224.771
95.0973
106.227
-223.027
-216.015
99.738
-197.572
-234.783
-195.679
-223.081
-197.159
-226.462
-222.014
115.373
104.313
-217.383
-241.998
-227.745
-210.83
-212.974
-235.593
-228.096
-197.905
-207.627
-225.95
-216.442
98.7022
-199.316
-204.391
-218.975
-239.171
-223.133
-218.093
-178.781
-244.304
-230.025
-181.851
-206.794
-232.759
-221.036
-215.276
-199.29
105.576
-234.675
-207.781
-223.446
-225.213
97.4936
-241.561
-229.431
-228.423
-234.318
-223.125
-227.357
-234.54
-187.907
-228.075
-232.413
106.357
-234.044
-224.369
-198.453
-241.116
-223.809
-235.518
-190.245
-233.968
-222.752
95.465
-209.611
-230.847
-242.189
-204.999
-215.8
-217.1
-223.49
-222.389
-219.39
-223.628
-202.702
-217.36
90.5433
-228.072
-220.808
-230
-231.275
-251.042
-229.349
-225.11
-235.824
-247.691
-200.72
-238.567
-246.095
-214.722
-218.006
109.814
-245.167
109.291
-178.612
-240.448
-207.158
-225.383
-227.565
-235.339
114.419
-233.275
-180.666
-223.059
-212.398
-219.076
-215.569
-217.985
-235.454
99.3976
-218.967
110.809
-227.275
-219.466
-210.837
-229.871
-204.941
102.057
-204.592
-220.352
90.7406
-184.533
-217.42
-225.006
-226.617
-229.039
-221.411
-236.48
-204.552
109.329
-195.156
-221.236
96.7547
-229.309
-223.154
-224.642
-254.523
-201.802
-241.016
-222.319
-211.416
-215.756
106.314
-237.861
-201.696
-227.696
-208.087
-209.767
99.8674
-211.343
-215.688
-215.339
-232.069
-212.285
-222.92
-201.295
104.766
-198.039
109.559
-232.766
-219.272
-221.727
-214.535
110.34
-236.228
-185.031
-210.308
-204.367
-235.89
-186.15
98.9936
-185.039
-214.522
-216.346
124.405
-232.298
-193.408
-214.637
-202.539
-217.356
-206.774
-214.521
-202.987
-218.991
-226.35
-188.938
-220.783
102.63
-190.186
-186.998
-222.205
-218.784
-213.209
-218.379
-219.965
110.446
-201.126
-228.843
-225.587
105.858
-222.573
-207.743
-211.671
-220.134
-203.123
-217.705
115.156
-207.52
111.083
-205.759
-228.861
-218.807
-211.379
-224.754
91.3768
106.458
-232.043
127.622
-205.455
88.5953
-206.314
-216.729
-193.735
-218.898
-217.438
-214.061
106.1
-207.402
-212.439
-209.21
-223.835
111.22
-197.166
96.2729
-189.078
-217.566
-224.219
101.671
112.148
-189.611
116.479
-186.421
-213.123
-211.61
-191.863
-221.246
-222.991
112.367
-207.773
-219.765
-223.082
-242.377
-203.742
-201.203
-213.719
108.329
-211.064
-202.301
-187.982
-186.406
-210.962
95.9643
87.6586
-212.452
-222.455
106.387
-222.141
-229.726
-197.246
-203.697
106.113
112.732
117.03
96.987
-213.785
112.221
-219.151
-210.826
-214.763
-212.03
-212.814
-233.403
115.407
-210.104
-206.978
100.837
-205.13
-216.631
104.525
119.899
-210.253
-234.025
-206.409
104.477
118.063
-211.254
-209.3
115.359
-209.409
-197.998
-212.663
-180.234
-201.437
-211.934
-192.755
97.9555
114.275
111.001
-211.389
-217.636
111.458
97.4242
-216.27
-209.447
-219.289
-210.285
106.481
-228.61
-220.456
108.544
-205.767
111.042
-221.952
-221.788
-213.092
-225.167
-228.595
109.727
-218.707
-195.539
-202.126
-186.61
-218.768
103.119
-178.745
128.933
-210.461
100.278
-203.971
-200.217
-205.722
112.788
-209.564
115.244
-207.649
-234.557
-194.026
-211.218
-190.573
115.329
115.136
122.873
108.938
-220.143
-193.112
-199.739
107.195
105.983
-190.054
-209.038
108.12
108.105
123.403
111.226
-207.563
-220.837
120.944
-188.673
-169.94
123.066
-202.215
-185.386
128.251
117.123
-229.89
-207.944
127.525
-191.981
108.1
-203.382
-209.186
132.399
108.947
120.464
-202.33
127.032
-178.478
-214.494
132.239
-208.672
-211.493
-181.314
114.365
122.35
123.108
128.418
-204.668
98.3781
140.949
114.567
-165.836
-206.744
126.69
111.085
127.62
110.695
128.271
130.724
-184.652
-198.6
-208.252
-200.428
109.358
-213.652
116.326
110.772
-218.714
-193.446
-194.821
114.11
-179.574
-186.223
123.826
-227.591
-214.566
-205.266
-210.992
-211.737
112.421
-215.336
-220.991
131.177
109.302
-207.562
-217.957
117.123
-199.913
-216.424
-211.756
-230.42
-214.236
-193.766
111.563
112.356
-218.693
-179.614
119.43
116.252
124.186
-209.548
111.021
107.27
121.477
130.17
-209.067
122.139
-185.993
-210.457
-216.979
129.058
106.823
111.668
-206.059
-223.339
-182.321
123.685
112.345
128.19
118.119
-201.257
-184.97
133.297
-207.185
-213.773
124.21
138.212
-227.546
-188.471
-178.948
132.3
-203.349
-194.097
-216.651
133.729
-182.434
-198.625
112.672
124.514
114.938
-214.322
107.748
114.353
112.482
147.714
-188.9
144.867
-207.571
-178.59
-193.884
130.974
136.149
-170.327
-238.226
140.559
135.046
-172.604
123.424
-192.144
132.583
138.1
145.849
128.509
134.675
123.385
140.741
130.469
138.359
-173.685
132.706
133.942
131.839
-204.6
124.29
-231.972
-177.015
-214.555
138.34
139.422
102.78
138.566
119.533
137.668
133.057
129.42
-206.555
130.157
-198.531
-235.778
136.605
143.121
-179.42
139.19
-178.774
134.849
147.838
-165.107
-199.24
136.301
135.251
-199.571
129.509
150.783
-196.42
144.445
138.92
139.586
-192.94
-209.831
136.875
149.155
155.305
147.799
-183.661
141.361
138.816
142.986
143.215
-203.431
139.213
140.653
142.64
147.35
-207.256
-203.795
139.708
-198.518
135.805
130.5
162.026
-181.539
151.694
-143.742
149.759
149.306
146.338
162.36
144.474
-185.554
146.739
143.446
147.602
151.267
158.088
143.708
147.283
153.812
-193.659
162.423
151.517
-155.718
145.298
154.907
150.548
150.343
145.905
157.485
162.047
170.799
162.49
154.989
162.764
-163.809
160.986
-198.197
158.536
-144.048
149.267
-179.814
-152.33
157.43
-173.252
160.233
164.028
171.178
158.649
160.519
173.67
-207.603
150.524
-149.751
162.568
160.572
168.17
160.481
160.347
167.13
170.743
167.269
172.236
165.984
155.812
174.333
163.365
171.508
156.499
180.148
172.933
163.696
158.436
179.006
-146.876
-185.58
157.859
167.213
-190.347
182.011
163.887
-158.275
166.927
165.221
175.664
175.63
177.047
181.733
166.549
175.056
167.331
185.196
174.889
168.277
178.828
-145.123
189.078
186.811
174.923
176.487
181.352
179.578
175.331
182.366
177.833
182.019
187.051
181.802
185.572
185.071
184.657
186.148
182.004
188.696
186.042
182.432
182.504
185.13
-188.821
188.729
185.513
190.037
192.345
190.054
188.833
187.439
184.123
189.523
194.467
191.521
192.945
183.585
183.102
195.892
191.542
189.464
194.063
188.545
191.238
188.69
198.628
188.302
194.834
195.373
194.325
188.914
197.287
194.737
191.831
188.97
197.355
192
197.211
199.56
190.73
200.679
-158.497
195.346
189.808
199.195
196.91
203.825
202.603
193.83
205.943
-102.48
195.671
197.423
203.671
204.936
202.99
203.084
200.353
207.389
206.914
207.001
204.534
200.728
205.683
206.11
207.578
202.05
207.532
205.458
208.212
208.033
203.683
205.198
200.797
207.719
207.213
210.21
205.944
200.309
205.678
206.512
206.294
207.338
212.547
206.394
202.706
208.084
210.016
209.312
207.114
208.126
208.918
208.711
211.626
211.636
209.387
209.879
212.856
209.072
208.974
209.313
202.269
213.446
211.864
212.053
209.581
212.747
212.359
210.759
206.501
212.496
-162.258
210.715
203.297
211.556
-131.462
211.581
210.242
211.895
212.003
214.417
212.52
213.436
214.054
213.096
213.95
212.805
211.404
212.804
212.211
212.792
211.767
212.632
212.755
213.591
214.61
213.673
213.732
212.277
213.344
216.062
215.432
213.967
210.757
211.367
213.188
214.603
211.32
216.235
216.266
207.893
213.44
213.874
215.073
215.373
212.894
213.965
213.783
212.909
216.033
213.379
215.265
213.33
214.175
217.226
215.697
215.04
215.955
215.43
217.997
214.814
216.31
214.397
214.768
216.18
215.374
217.341
215.119
215.135
216.598
216.342
213.843
212.295
216.504
213.888
216.599
217.008
216.994
216.737
213.138
212.774
212.237
216.216
216.921
217.241
216.155
217.961
213.881
216.677
216.639
216.327
216.597
217.877
217.276
216.783
215.916
218.117
215.632
217.95
217.227
216.752
216.627
216.767
216.248
216.944
217.338
216.064
215.058
217.221
217.146
216.905
217.473
215.421
217.392
218.133
217.134
217.481
216.129
218.531
218.324
216.197
215.592
217.463
216.588
217.527
217.056
217.099
217.796
217.505
217.076
217.983
217.962
217.215
217.971
217.047
217.48
217.086
217.551
218.379
217.011
217.091
217.091
217.864
217.377
216.632
218.119
217.498
217.986
218.069
217.549
217.198
218.288
217.398
217.698
215.896
217.076
217.58
216.37
217.199
216.811
217.797
217.611
217.662
217.26
217.296
217.397
217.254
218.518
217.559
219.23
217.813
217.238
217.64
217.867
218.034
217.342
217.216
217.119
217.286
217.856
216.904
217.737
217.957
218.178
217.493
218.593
217.673
218.053
218.03
217.553
218.304
218.011
217.976
217.813
218.304
217.779
217.082
217.743
218.289
217.039
217.923
217.794
218.582
217.944
217.641
217.83
217.868
217.698
218.734
217.567
218.057
217.718
217.541
217.065
217.997
217.95
218.046
218.137
218.221
218.23
218.208
218.055
217.886
218
217.996
218.139
218.27
217.68
217.511
218.096
217.879
218.411
218.365
217.014
217.906
217.736
217.793
217.946
218.401
216.608
217.295
217.958
218.191
218.415
217.962
218.38
218.91
217.898
218.032
218.386
216.93
218.055
217.989
217.633
218.406
217.842
218.024
218.07
217.775
218.53
217.811
219.073
218.294
218.006
218.654
218.182
218.464
218.624
218.415
218.27
218.718
218.18
216.905
218.068
218.165
217.832
218.093
218.149
218.634
218.156
218.004
218.067
217.234
218.255
218.068
218.062
218.165
217.979
219.102
218.003
218.254
218.16
218.321
218.391
217.948
218.204
218.011
218.033
218.263
218.925
217.936
217.983
218.345
218.02
218.542
218.158
218.109
218.044
218.335
218.083
218.175
218.332
218.075
218.189
218.205
218.071
218.31
218.515
217.954
218.594
218.131
218.139
218.472
217.24
218.089
218.239
219.419
218.176
218.508
218.113
218.106
218.46
218.261
218.212
218.015
218.167
218.143
218.359
218.145
218.189
219.2
218.547
218.676
218.099
218.165
218.203
218.203
218.003
219.009
218.844
218.262
218.435
218.121
218.561
218.421
218.206
218.173
218.187
218.056
218.179
219.056
218.166
218.096
218.114
218.286
218.31
218.172
218.252
218.57
218.479
218.087
218.042
218.111
218.072
218.013
218.14
218.055
218.452
218.266
218.226
218.12
218.097
218.32
218.114
218.358
218.089
218.539
218.245
218.251
218.283
218.309
218.13
218.595
218.16
218.195
218.172
218.345
217.77
218.149
218.131
218.189
218.21
217.72
218.278
218.137
218.105
218.131
218.239
218.098
218.104
218.078
217.826
218.15
218.173
218.383
218.112
218.337
218.247
218.272
218.242
218.06
218.296
218.149
218.127
218.443
218.239
218.238
218.162
218.215
218.236
218.139
218.032
218.199
218.252
218.536
218.186
218.327
218.147
218.201
218.194
218.124
219.069
218.242
218.151
218.154
218.174
218.288
218.566
218.131
218.677
218.263
218.258
218.487
218.558
218.152
218.242
218.2
218.204
218.344
218.185
218.196
218.152
218.024
218.169
218.18
218.271
218.142
218.226
218.269
218.152
218.235
218.229
218.351
218.218
218.134
218.123
218.162
218.185
218.276
218.17
218.288
218.302
218.222
218.178
218.211
218.2
218.263
218.236
218.262
218.168
218.176
218.162
218.278
218.266
218.339
218.177
218.161
218.21
218.229
218.149
218.216
218.184
218.142
218.528
218.207
218.21
218.161
218.271
218.211
218.213
218.217
218.158
218.618
218.132
218.278
218.144
218.219
218.208
218.195
218.274
218.245
218.251
218.637
218.175
218.194
218.193
218.273
218.18
218.213
218.21
218.213
218.34
218.19
218.201
218.232
218.232
218.262
218.284
218.274
218.257
218.179
218.276
218.222
218.175
218.189
218.338
218.215
218.208
218.241
218.188
218.324
218.191
218.194
218.278
218.274
218.218
218.293
218.204
218.27
218.21
218.234
218.23
218.188
218.228
218.192
218.256
218.208
218.211
218.186
218.201
218.273
218.194
218.262
218.287
218.291
219.06
218.146
218.265
218.199
218.2
218.202
218.256
218.262
218.238
218.174
218.241
218.233
218.347
218.19
218.203
218.205
218.219
218.224
218.248
218.216
218.203
218.208
218.232
218.641
218.447
218.209
218.26
218.32
218.242
218.366
218.386
218.266
218.287
218.224
218.216
218.246
218.222
218.255
218.21
218.276
218.207
218.246
218.248
218.25
218.284
218.207
218.234
218.26
218.25
218.202
218.246
218.223
218.243
218.204
218.229
218.217
218.206
218.237
219.092
218.326
218.263
218.233
218.252
218.224
218.25
218.358
218.243
218.283
218.286
218.215
218.244
218.214
218.244
218.302
218.297
218.233
218.504
218.287
218.221
218.201
218.238
218.243
218.216
218.266
218.245
218.212
218.188
218.305
218.229
218.219
218.214
218.215
218.227
218.218
218.302
218.848
218.255
218.256
218.234
218.217
218.246
218.246
218.32
218.282
218.242
218.246
218.25
218.294
218.319
218.258
218.226
218.245
218.289
218.213
218.3
218.265
218.233
218.246
218.241
218.219
218.216
218.27
218.305
218.238
218.323
218.222
218.253
218.237
218.212
218.23
218.221
218.528
218.218
218.255
218.246
218.241
218.228
218.241
218.227
218.229
218.274
218.229
218.237
218.23
218.235
218.395
218.226
218.229
218.235
218.218
218.29
218.245
218.248
218.228
218.249
218.25
218.257
218.223
218.238
218.32
218.291
218.228
218.251
218.232
218.226
218.234
218.229
218.237
218.264
218.279
218.232
218.559
218.262
218.225
218.234
218.247
218.217
218.233
218.243
218.236
218.258
218.229
218.213
218.29
218.216
218.228
218.299
218.278
218.258
218.28
218.247
218.253
218.285
218.265
218.24
218.244
218.239
218.235
218.239
218.277
218.243
218.245
218.246
218.233
218.262
218.278
218.261
218.233
218.242
218.255
218.232
218.234
218.235
218.235
218.251
218.271
218.225
218.244
218.243
218.235
218.31
218.252
218.237
218.243
218.254
218.274
218.248
218.269
218.25
218.274
218.248
218.253
218.247
218.257
218.596
218.274
218.253
218.364
218.235
218.281
218.246
218.244
218.233
218.246
218.306
218.239
218.247
218.261
218.246
218.246
218.321
218.26
218.243
218.25
218.314
218.285
218.237
218.307
218.248
218.305
218.243
218.332
218.276
218.239
218.265
218.244
218.26
218.248
218.253
218.242
218.262
218.244
218.245
218.245
218.259
218.248
218.244
218.243
218.242
218.254
218.255
218.246
218.243
218.235
218.244
218.251
218.255
218.273
218.322
218.24
218.247
218.254
218.253
218.248
218.267
218.281
218.255
218.253
218.258
218.251
218.284
218.238
218.261
218.248
218.253
218.251
218.242
218.326
218.25
218.255
218.243
218.268
218.234
218.264
218.323
218.256
218.249
218.234
218.255
218.244
218.278
218.25
218.238
218.25
218.3
218.252
218.263
218.25
218.255
218.247
218.25
218.252
218.253
218.25
218.256
218.357
218.337
218.258
218.247
218.402
218.255
218.242
218.242
218.249
218.261
218.26
218.248
218.251
218.247
218.273
218.253
218.247
218.254
218.254
218.277
218.253
218.251
218.249
218.249
218.248
218.258
218.248
218.251
218.329
218.26
218.259
218.254
218.255
218.286
218.265
218.258
218.244
218.266
218.261
218.252
218.272
218.248
218.26
218.282
218.249
218.258
218.248
218.254
218.262
218.246
218.253
218.249
218.261
218.257
218.257
218.251
218.258
218.271
218.557
218.242
218.285
218.263
218.257
218.255
218.251
218.25
218.238
218.284
218.262
218.261
218.233
218.259
218.25
218.259
218.26
218.255
218.251
218.251
218.259
218.25
218.258
218.266
218.253
218.241
218.257
218.293
218.283
218.249
218.25
218.256
218.272
218.261
218.255
218.258
218.253
218.256
218.385
218.244
218.277
218.258
218.253
218.245
218.247
218.256
218.252
218.26
218.256
218.256
218.26
218.258
218.265
218.255
218.261
218.272
218.266
218.256
218.272
218.254
218.253
218.253
218.253
218.257
218.246
218.272
218.257
218.263
218.253
218.257
218.263
218.254
218.253
218.264
218.259
218.251
218.249
218.264
218.263
218.265
218.253
218.25
218.266
218.266
218.295
218.256
218.256
218.253
218.252
218.275
218.294
218.255
218.251
218.249
218.257
218.254
218.247
218.253
218.253
218.262
218.257
218.258
218.253
218.256
218.253
218.251
218.255
218.268
218.256
218.254
218.263
218.284
218.254
218.256
218.259
218.329
218.259
218.262
218.259
218.254
218.285
218.264
218.259
218.256
218.252
218.27
218.253
218.262
218.264
218.266
218.269
218.255
218.259
218.256
218.256
218.246
218.264
218.251
218.254
218.262
218.265
218.259
218.249
218.258
218.256
218.044
218.248
218.277
218.262
218.253
218.259
218.258
218.284
218.267
218.291
218.255
218.259
218.264
218.256
218.254
218.261
218.253
218.251
218.268
218.253
218.255
218.261
218.256
218.266
218.269
218.233
218.257
218.261
218.295
218.258
218.258
218.27
218.259
218.295
218.26
218.337
218.257
218.25
218.259
218.344
218.247
218.254
218.259
218.258
218.253
218.258
218.251
218.263
218.258
218.261
218.256
218.259
218.304
218.254
218.259
218.261
218.261
218.258
218.261
218.264
218.255
218.281
218.263
218.335
218.296
218.27
218.254
218.258
218.265
218.321
218.266
218.257
218.263
218.256
218.273
218.273
218.347
218.258
218.269
219.037
218.26
218.263
218.261
218.263
218.254
218.259
218.253
218.266
218.253
218.256
218.258
218.256
218.257
218.264
218.278
218.259
218.264
218.258
218.261
218.261
218.289
218.261
217.847
218.268
218.253
218.256
218.253
218.264
218.262
218.257
218.29
218.257
218.255
218.261
218.256
218.258
218.256
218.257
218.284
218.262
218.261
218.276
218.252
218.253
218.261
218.264
218.265
218.261
218.261
218.259
218.263
218.261
218.254
218.278
218.258
218.261
218.281
218.264
218.262
218.254
218.261
218.274
218.256
218.261
218.26
218.257
218.266
218.26
218.26
218.258
218.261
218.262
218.262
218.258
218.292
218.262
218.266
218.257
218.264
218.264
218.261
218.262
218.257
218.255
218.252
218.254
218.258
218.259
218.277
218.259
218.264
218.261
218.254
218.253
218.297
218.264
218.256
218.264
218.259
218.262
218.258
218.257
218.261
218.266
218.263
218.268
218.26
218.259
218.256
218.259
218.256
218.261
218.259
218.266
218.257
218.263
218.285
218.256
218.263
218.266
218.258
218.262
218.258
218.259
218.382
218.261
218.26
218.259
218.264
218.263
218.266
218.256
218.259
218.264
218.256
218.262
218.262
218.261
218.261
218.264
218.258
218.258
218.264
218.254
218.265
218.263
218.259
218.261
218.258
218.259
218.261
218.257
218.261
218.258
218.259
218.259
218.259
218.262
218.266
218.261
218.267
218.257
218.303
218.261
218.266
218.262
218.258
218.26
218.265
218.261
218.257
218.256
218.261
218.259
218.293
218.25
218.263
218.258
218.259
218.262
218.26
218.295
218.264
218.261
218.261
218.262
218.283
218.256
218.258
218.262
218.259
218.26
218.259
218.264
218.261
218.259
218.262
218.263
218.259
218.279
218.276
218.258
218.329
218.259
218.264
218.261
218.26
218.259
218.264
218.288
218.262
218.26
218.261
218.264
218.266
218.256
218.268
218.266
218.254
218.267
218.262
218.27
218.263
218.266
218.259
218.262
218.264
218.258
218.261
218.263
218.261
218.262
218.259
218.263
218.266
218.257
218.259
218.264
218.256
218.262
218.285
218.258
218.261
218.266
218.258
218.273
218.261
218.262
218.258
218.263
218.26
218.265
218.262
218.266
218.262
218.257
218.264
218.26
218.254
218.262
218.261
218.27
218.26
218.266
218.261
218.261
218.262
218.262
218.259
218.261
218.291
218.262
218.261
218.263
218.262
218.261
218.259
218.263
218.259
218.291
218.266
218.256
218.259
218.266
218.258
218.265
218.267
218.264
218.259
218.263
218.262
218.262
218.292
218.263
218.259
218.264
218.26
218.266
218.262
218.284
218.261
218.261
218.262
218.263
218.267
218.252
218.263
218.266
218.266
218.262
218.262
218.264
218.259
218.261
218.263
218.263
218.259
218.259
218.266
218.261
218.262
218.301
218.256
218.264
218.263
218.266
218.262
218.261
218.264
218.256
218.262
218.261
218.264
218.263
218.265
218.266
218.261
218.264
218.264
218.264
218.264
218.263
218.302
218.261
218.263
218.261
218.258
218.263
218.256
218.262
218.264
218.266
218.259
218.265
218.263
218.257
218.258
218.261
218.257
218.255
218.267
218.265
218.262
218.261
218.262
218.262
218.264
218.264
218.26
218.3
218.265
218.259
218.259
218.262
218.259
218.264
218.261
218.268
218.262
218.259
218.263
218.259
218.288
218.259
218.259
218.262
218.265
218.264
218.259
218.258
218.262
218.298
218.259
218.264
218.261
218.259
218.261
218.26
218.264
218.264
218.326
218.264
218.261
218.255
218.259
218.261
218.259
218.258
218.259
218.262
218.258
218.261
218.297
218.26
218.257
218.262
218.261
218.261
218.259
218.256
218.262
218.264
218.298
218.264
218.264
218.259
218.266
218.261
218.267
218.266
218.264
218.264
218.264
218.261
218.264
218.264
218.261
218.261
218.263
218.264
218.264
218.261
218.259
218.263
218.258
218.258
218.263
218.259
218.261
218.261
218.266
218.26
218.261
218.259
218.222
218.255
218.277
218.288
218.264
218.264
218.256
218.258
218.264
218.266
218.264
218.261
218.262
218.261
218.262
218.261
218.26
218.266
218.266
218.262
218.296
218.256
218.289
218.261
218.301
218.262
218.264
218.263
218.262
218.264
218.264
218.283
218.261
218.261
218.257
218.259
218.263
218.262
218.261
218.265
218.259
218.259
218.264
218.261
218.259
218.264
218.264
218.266
218.258
218.269
218.261
218.26
218.266
218.257
218.261
218.24
218.264
218.262
218.261
218.264
218.264
218.261
218.266
218.264
218.266
218.264
218.262
218.267
218.264
218.262
218.261
218.261
218.259
218.266
218.264
218.265
218.264
218.265
218.259
218.271
218.261
218.261
218.259
218.261
218.258
218.27
218.258
218.266
218.262
218.257
218.262
218.305
218.261
218.262
218.256
218.261
218.266
218.294
218.25
218.256
218.274
218.253
218.264
218.266
218.266
218.261
218.263
218.262
218.262
218.264
218.259
218.261
218.262
218.264
218.256
218.257
218.259
218.259
218.266
218.261
218.262
218.299
218.269
218.264
218.273
218.264
218.262
218.264
218.261
218.295
218.262
218.268
218.256
218.261
218.261
218.266
218.263
218.261
218.26
218.261
218.266
218.264
218.263
218.261
218.264
218.259
218.258
218.261
218.262
218.259
218.266
218.264
218.262
218.261
218.263
218.259
218.259
218.274
218.264
218.259
218.262
218.264
218.263
218.264
218.264
218.262
218.259
218.263
218.262
218.264
218.264
218.264
218.264
218.269
218.261
218.266
218.258
218.26
218.261
218.264
218.262
218.28
218.267
218.261
218.305
218.264
218.262
218.268
218.259
218.28
218.266
218.261
218.264
218.266
218.266
218.264
218.257
218.295
218.262
218.492
218.264
218.258
218.264
218.263
218.266
218.261
218.259
218.26
218.259
218.264
218.261
218.266
218.264
218.257
218.261
218.259
218.266
218.281
218.263
218.261
218.488
218.266
218.271
218.261
218.262
218.264
218.266
218.265
218.266
218.266
218.263
218.262
218.262
218.264
218.266
218.261
218.264
218.263
218.262
218.264
218.255
218.266
218.261
218.262
218.262
218.264
218.264
218.259
218.263
218.294
218.264
218.262
218.267
218.261
218.265
218.262
218.26
218.265
218.264
218.262
218.264
218.264
218.266
218.261
218.278
218.264
218.256
218.261
218.258
218.261
218.266
218.261
218.263
218.261
218.266
218.259
218.26
218.264
218.264
218.266
218.272
218.26
218.266
218.264
218.264
218.266
218.264
218.266
218.264
218.264
218.263
218.264
218.264
218.261
218.278
218.257
218.264
218.261
218.263
218.262
218.262
218.266
218.262
218.262
218.269
218.266
218.329
218.262
218.263
218.256
218.266
218.262
218.259
218.258
218.263
218.263
218.266
218.264
218.259
218.263
218.263
218.264
218.263
218.262
218.262
218.264
218.26
218.266
218.266
218.263
218.261
218.262
218.26
218.262
218.263
218.262
218.265
218.261
218.269
218.264
218.263
218.262
218.264
218.301
218.26
218.259
218.262
218.262
218.26
218.261
218.261
218.258
218.262
218.266
218.266
218.262
218.258
218.264
218.262
218.264
218.261
218.259
218.262
218.264
218.262
218.261
218.257
218.262
218.264
218.259
218.264
218.266
218.261
218.264
218.264
218.264
218.264
218.262
218.261
218.26
218.264
218.264
218.336
218.266
218.311
218.266
218.266
218.264
218.264
218.266
218.266
218.264
218.264
218.264
218.263
218.262
218.268
218.264
218.341
218.264
218.266
218.262
218.259
218.266
218.293
218.26
218.263
218.264
218.264
218.264
218.262
218.266
218.264
218.262
218.264
218.256
218.264
218.293
218.262
218.283
218.264
218.262
218.264
218.262
218.263
218.264
218.264
218.264
218.264
218.266
218.339
218.266
218.266
218.264
218.26
218.266
218.261
218.266
218.264
218.262
218.263
218.263
218.264
218.264
218.264
218.264
218.264
218.261
218.264
218.262
218.264
218.26
218.258
218.261
218.264
218.271
218.266
218.264
218.266
218.262
218.264
218.266
218.264
218.266
218.264
218.262
218.264
218.262
218.262
218.266
218.262
218.261
218.266
218.264
218.265
218.27
218.261
218.264
218.296
218.262
218.261
218.262
218.264
218.266
218.267
218.262
218.265
218.264
218.262
218.262
218.264
218.264
218.264
218.262
218.266
218.262
218.266
218.262
218.266
218.258
218.261
218.266
218.262
218.273
218.266
218.264
218.266
218.262
218.266
218.262
218.262
218.261
218.261
218.269
218.266
218.266
218.266
218.266
218.266
218.264
218.259
218.264
218.266
218.261
218.264
218.262
218.262
218.263
218.262
218.264
218.262
218.264
218.261
218.266
218.262
218.263
218.266
218.264
218.262
218.264
218.264
218.264
218.262
218.267
218.262
218.266
218.263
218.263
218.268
218.263
218.265
218.261
218.262
218.265
218.264
218.264
218.266
218.262
218.262
218.266
218.266
218.266
218.326
218.262
218.264
218.257
218.265
218.261
218.264
218.264
218.277
218.264
218.266
218.264
218.263
218.264
218.266
218.262
218.262
218.264
218.264
218.263
218.264
218.264
218.263
218.262
218.261
218.262
218.263
218.269
218.266
218.262
218.263
218.262
218.264
218.262
218.264
218.264
218.261
218.264
218.261
218.266
218.269
218.266
218.262
218.262
218.261
218.262
218.261
218.264
218.266
218.262
218.266
218.266
218.266
218.259
218.266
218.262
218.264
218.266
218.266
218.264
218.262
218.264
218.261
218.264
218.266
218.261
218.264
218.301
218.26
218.263
218.263
218.261
218.262
218.265
218.261
218.262
218.264
218.264
218.264
218.264
218.262
218.264
218.262
218.267
218.262
218.264
218.262
218.284
218.272
218.303
218.264
218.266
218.264
218.266
218.264
218.264
218.263
218.261
218.267
218.266
218.264
218.264
218.356
218.266
218.264
218.264
218.266
218.262
218.264
218.264
218.266
218.264
218.264
218.264
218.259
218.264
218.284
218.266
218.261
218.269
218.259
218.266
218.266
218.261
218.259
218.266
218.262
218.264
218.264
218.264
218.261
218.266
218.264
218.256
218.261
218.263
218.264
218.266
218.266
218.259
218.262
218.259
218.266
218.266
218.266
218.261
218.268
218.259
218.266
218.277
218.264
218.264
218.264
218.264
218.264
218.266
218.261
218.268
218.262
218.261
218.288
218.264
218.264
218.261
218.264
218.262
218.282
218.264
218.261
218.292
218.264
218.264
218.266
218.296
218.266
218.264
218.264
218.266
218.266
218.302
218.258
218.27
218.262
218.266
218.266
218.262
218.266
218.266
218.264
218.266
218.266
218.264
218.259
218.263
218.264
218.266
218.266
218.264
218.264
218.264
218.264
218.286
218.266
218.266
218.266
218.266
218.303
218.264
218.259
218.262
218.266
218.262
218.263
218.263
218.264
218.266
218.264
218.264
218.264
218.276
218.262
218.262
218.262
218.264
218.264
218.262
218.264
218.266
218.262
218.266
218.264
218.266
218.262
218.264
218.266
218.264
218.262
218.263
218.263
218.264
218.264
218.263
218.266
218.261
218.266
218.262
218.264
218.264
218.263
218.261
218.266
218.266
218.298
218.264
218.264
218.262
218.271
218.264
218.262
218.264
218.264
218.261
218.264
218.264
218.264
218.268
218.267
218.271
218.262
218.266
218.266
218.262
218.266
218.262
218.266
218.264
218.268
218.266
218.264
218.263
218.264
218.262
218.262
218.264
218.264
218.266
218.266
218.263
218.264
218.264
218.266
218.264
218.264
218.266
218.262
218.269
218.266
218.264
218.266
218.264
218.266
218.266
218.381
218.261
218.266
218.262
218.263
218.266
218.266
218.266
218.263
218.266
218.266
218.264
218.264
218.266
218.263
218.264
218.261
218.262
218.266
218.259
218.266
218.263
218.263
218.263
218.274
218.261
218.262
218.264
218.267
218.266
218.261
218.259
218.264
218.266
218.264
218.262
218.256
218.264
218.263
218.263
218.266
218.266
218.271
218.264
218.266
218.264
218.264
218.266
218.264
218.264
218.264
218.264
218.262
218.259
218.266
218.264
218.264
218.264
218.264
218.266
218.264
218.262
218.262
218.264
218.262
218.266
218.266
218.258
218.266
218.266
218.261
218.266
218.261
218.262
218.261
218.264
218.266
218.264
218.266
218.264
218.264
218.266
218.264
218.263
218.262
218.265
218.265
218.266
218.263
218.264
218.264
218.266
218.263
218.266
218.266
218.266
218.263
218.262
218.259
218.264
218.263
218.264
218.266
218.264
218.266
218.259
218.264
218.262
218.263
218.266
218.258
218.277
218.264
218.266
218.264
218.265
218.262
218.262
218.266
218.266
218.262
218.261
218.265
218.265
218.264
218.266
218.265
218.264
218.264
218.264
218.262
218.264
218.266
218.264
218.266
218.266
218.267
218.264
218.264
218.261
218.266
218.263
218.264
218.266
218.266
218.266
218.262
218.269
218.264
218.264
218.264
218.262
218.261
218.264
218.262
218.264
218.272
218.264
218.264
218.262
218.262
218.264
218.264
218.264
218.266
218.266
218.262
218.267
218.266
218.263
218.266
218.261
218.262
218.266
218.264
218.262
218.261
218.266
218.27
218.264
218.264
218.266
218.262
218.261
218.264
218.264
218.264
218.263
218.264
218.266
218.264
218.266
218.264
218.264
218.263
218.264
218.261
218.262
218.262
218.266
218.265
218.266
218.264
218.266
218.262
218.262
218.264
218.259
218.266
218.266
218.266
218.264
218.266
218.267
218.262
218.261
218.262
218.264
218.264
218.264
218.262
218.264
218.266
218.265
218.264
218.265
218.266
218.262
218.266
218.266
218.266
218.264
218.266
218.264
218.266
218.266
218.261
218.266
218.283
218.262
218.266
218.264
218.259
218.259
218.266
218.264
218.266
218.261
218.266
218.266
218.307
218.261
218.266
218.261
218.266
218.264
218.264
218.264
218.266
218.276
218.266
218.264
218.264
218.264
218.264
218.266
218.264
218.266
218.264
218.258
218.266
218.265
218.274
218.264
218.266
218.266
218.266
218.262
218.264
218.255
218.266
218.262
218.266
218.261
218.266
218.262
218.264
218.264
218.264
218.262
218.266
218.266
218.264
218.264
218.262
218.266
218.259
218.264
218.266
218.264
218.266
218.264
218.266
218.261
218.266
218.264
218.264
218.26
218.266
218.266
218.259
218.266
218.264
218.264
218.264
218.264
218.266
218.261
218.266
218.264
218.264
218.262
218.264
218.265
218.262
218.266
218.264
218.262
218.266
218.266
218.262
218.266
218.266
218.262
218.266
218.266
218.264
218.261
218.266
218.264
218.262
218.266
218.262
218.266
218.261
218.266
218.266
218.262
218.3
218.266
218.266
218.264
218.264
218.266
218.262
218.262
218.261
218.264
218.264
218.55
218.264
218.266
218.262
218.269
218.262
218.266
218.266
218.264
218.262
218.296
218.266
218.264
218.264
218.264
218.264
218.26
218.262
218.262
218.265
218.264
218.266
218.264
218.264
218.266
218.264
218.262
218.262
218.266
218.263
218.266
218.264
218.266
218.266
218.264
218.264
218.262
218.266
218.264
218.266
218.261
218.264
218.264
218.264
218.262
218.264
218.329
218.262
218.264
218.264
218.266
218.264
218.284
218.266
218.264
218.26
218.264
218.264
218.266
218.263
218.266
218.264
218.261
218.262
218.265
218.284
218.254
218.264
218.264
218.261
218.266
218.266
218.262
218.266
218.266
218.269
218.266
218.266
218.266
218.263
218.264
218.272
218.266
218.266
218.266
218.261
218.266
218.264
218.266
218.262
218.26
218.259
218.266
218.266
218.262
218.268
218.264
218.264
218.264
218.263
218.257
218.266
218.266
218.266
218.264
218.264
218.269
218.264
218.262
218.259
218.264
218.263
218.264
218.262
218.268
218.262
218.262
218.264
218.338
218.302
218.266
218.266
218.264
218.266
218.266
218.266
218.266
218.266
218.259
218.266
218.264
218.262
218.272
218.262
218.265
218.264
218.273
218.266
218.262
218.266
218.266
218.266
218.269
218.266
218.264
218.264
218.262
218.264
218.264
218.264
218.261
218.264
218.266
218.262
218.264
218.264
218.266
218.261
218.27
218.266
218.265
218.264
218.266
218.264
218.345
218.266
218.266
218.261
218.263
218.264
218.262
218.264
218.266
218.262
218.264
218.264
218.263
218.262
218.269
218.266
218.264
218.264
218.266
218.264
218.259
218.266
218.262
218.264
218.266
218.264
218.261
218.261
218.264
218.264
218.27
218.269
218.266
218.266
218.263
218.266
218.266
218.266
218.266
218.266
218.266
218.266
218.266
218.266
218.264
218.264
218.264
218.264
218.261
218.265
218.267
218.266
218.262
218.263
218.263
218.27
218.262
218.271
218.266
218.266
218.264
218.264
218.266
218.262
218.264
218.261
218.264
218.264
218.264
218.269
218.264
218.266
218.266
218.262
218.263
218.266
218.264
218.266
218.264
218.27
218.266
218.261
218.266
218.263
218.266
218.263
218.259
218.266
218.266
218.264
218.266
218.263
218.261
218.264
218.264
218.264
218.266
218.264
218.264
218.266
218.297
218.264
218.266
218.261
218.264
218.264
218.264
218.266
218.264
218.266
218.262
218.299
218.28
218.262
218.266
218.266
218.263
218.266
218.263
218.27
218.264
218.265
218.261
218.264
218.266
218.262
218.264
218.264
218.266
218.34
218.262
218.264
218.265
218.262
218.264
218.272
218.266
218.264
218.273
218.266
218.27
218.264
218.269
218.264
218.264
218.266
218.266
218.27
218.266
218.266
218.266
218.266
218.266
218.262
218.262
218.264
218.266
218.267
218.264
218.262
218.266
218.264
218.262
218.266
218.261
218.264
218.264
218.264
218.263
218.263
218.264
218.264
218.264
218.264
218.261
218.266
218.266
218.266
218.262
218.268
218.263
218.266
218.266
218.266
218.266
218.266
218.264
218.264
218.262
218.266
218.264
218.264
218.266
218.264
218.266
218.259
218.262
218.266
218.266
218.262
218.264
218.266
218.264
218.266
218.266
218.263
218.264
218.264
218.264
218.266
218.261
218.262
218.266
218.266
218.261
218.264
218.266
218.266
218.264
218.264
218.268
218.264
218.264
218.266
218.264
218.264
218.266
218.266
218.263
218.262
218.261
218.266
218.264
218.264
218.264
218.266
218.266
218.266
218.274
218.262
218.266
218.262
218.264
218.266
218.262
218.262
218.262
218.266
218.266
218.266
218.264
218.265
218.264
218.262
218.266
218.266
218.262
218.266
218.285
218.266
218.264
218.264
218.264
218.264
218.266
218.266
218.261
218.264
218.266
218.266
218.266
218.264
218.266
218.264
218.266
218.262
218.264
218.264
218.266
218.264
218.262
218.264
218.266
218.262
218.266
218.264
218.261
218.261
218.266
218.261
218.264
218.266
218.266
218.263
218.264
218.264
218.264
218.263
218.266
218.266
218.266
218.266
218.266
218.264
218.266
218.262
218.261
218.264
218.266
218.266
218.264
218.264
218.264
218.266
218.264
218.264
218.266
218.262
218.262
218.27
218.261
218.264
218.264
218.266
218.266
218.261
218.261
218.266
218.305
218.622
218.266
218.264
218.266
218.264
218.264
218.264
218.27
218.264
218.266
218.266
218.262
218.261
218.264
218.262
218.271
218.261
218.266
218.266
218.264
218.264
218.264
218.266
218.264
218.266
218.266
218.264
218.262
218.266
218.266
218.264
218.264
218.262
218.264
218.264
218.259
218.266
218.266
218.264
218.266
218.266
218.266
218.266
218.266
218.266
218.264
218.266
218.266
218.263
218.266
218.264
218.266
218.259
218.266
218.261
218.264
218.266
218.266
218.266
218.266
218.264
218.264
218.264
218.266
218.266
218.266
218.264
218.266
218.266
218.264
218.266
218.266
218.266
218.266
