attack_ang_-4.000000,bank_angle_0.000000	attack_ang_0.000000,bank_angle_0.000000	attack_ang_4.000000,bank_angle_0.000000	attack_ang_8.000000,bank_angle_0.000000	attack_ang_12.000000,bank_angle_0.000000	attack_ang_14.000000,bank_angle_0.000000	attack_ang_16.000000,bank_angle_0.000000	attack_ang_18.000000,bank_angle_0.000000	attack_ang_20.000000,bank_angle_0.000000	
400	400	400	400	400	400	400	400	400	
392.765	393.467	388.406	394.377	394.587	395.62	396.643	396.875	396.783	
384.143	387.403	389.215	389.365	386.49	389.289	390.641	391.183	391.496	
382.264	382.331	382.868	383.829	384.798	385.284	385.074	384.169	384.825	
371.951	376.634	379.188	380.321	380.52	380.426	380.241	380.031	379.928	
372.753	369.038	372.157	373.864	374.995	375.714	376.072	376.219	376.281	
367.982	366.637	365.538	367.492	369.03	369.791	370.399	370.411	364.957	
364.853	364.355	364.012	364.32	363.917	361.702	363.764	364.663	364.821	
360.529	360.632	360.855	361.067	360.903	360.445	359.994	360.022	360.325	
359.627	357.613	358.818	358.195	357.303	356.067	355.116	353.929	353.128	
354.309	352.292	350.429	350.934	351.255	351.203	350.901	350.591	350.44	
348.082	347.614	340.537	345.418	344.967	345.321	345.931	345.837	345.395	
337.876	338.787	339.678	340.105	340.655	341.572	342.621	343.439	343.973	
336.218	336.394	336.41	335.926	334.261	336.26	337.193	337.655	337.89	
328.692	328.799	328.561	328.59	329.343	327.618	331.985	333.456	333.753	
320.907	323.255	324.762	325.595	326.738	327.915	328.818	329.572	329.93	
320.185	320.72	321.319	321.055	319.932	321.571	323.038	323.751	324.192	
320.223	319.683	318.387	317.408	317.166	316.885	316.532	316.008	315.65	
310.042	310.568	311.489	308.188	313.307	314.32	314.259	313.709	313.153	
304.363	306.936	308.169	308.621	308.868	309.121	309.346	309.618	309.772	
303.734	304.049	305.02	306.117	306.751	306.787	306.36	305.749	305.309	
300.45	301.235	302.535	303.517	303.146	302.661	303.319	303.888	304.19	
298.906	297.542	296.243	297.8	299.338	300.183	300.591	300.664	294.87	
297.633	297.34	296.741	292.053	295.975	296.601	296.506	296.229	295.974	
295.56	289.645	294.48	294.132	293.558	292.86	291.948	290.699	289.802	
289.43	288.858	289.474	289.978	290.1	289.978	289.551	289.052	289.468	
288.31	287.704	287.063	287.897	288.445	288.487	288.111	286.779	285.103	
285.426	284.735	283.964	283.695	283.864	284.244	284.679	284.854	283.679	
282.356	282.285	281.272	282.154	282.43	282.301	282.114	281.932	281.803	
280.66	279.358	277.046	277.068	276.803	277.998	279.05	279.48	279.603	
276.647	275.936	274.989	275.549	276.146	276.309	276.212	275.705	274.165	
275.164	274.5	273.357	272.317	271.625	271.19	270.878	270.764	270.739	
271.645	271.093	270.384	269.93	269.609	269.133	268.411	267.608	267.501	
268.669	268.294	268.123	267.582	261.585	265.465	264.781	264.682	264.914	
264.418	263.126	263.589	263.026	261.281	259.955	259.868	259.847	259.641	
254.532	258.099	259.044	259.336	259.176	258.854	258.51	258.131	257.988	
254.809	255.12	255.179	254.297	253.241	253.913	254.737	255.402	255.762	
250.145	249.815	251.003	251.685	251.709	251.457	251.179	250.952	250.845	
245.995	246.063	245.504	240.89	245.597	247.015	248.153	249.001	249.464	
244.087	244.309	244.557	244.44	243.997	243.003	241.611	243.112	243.97	
241.883	242.183	242.338	242.086	241.713	240.892	239.219	240.48	240.658	
236.728	237.611	238.336	238.679	238.621	238.239	237.831	237.792	237.834	
236.653	236.438	235.896	235.298	234.646	233.876	233.211	232.036	229.259	
232.836	232.374	231.719	231.423	231.249	231.097	231.032	231.598	232.159	
228.883	228.837	228.795	223.522	228.832	228.805	228.624	227.991	226.873	
223.958	224.046	224.183	224.326	224.524	224.757	224.589	224.119	224.837	
222.405	222.103	221.699	221.309	221.054	220.718	220.229	219.137	217.489	
217.971	219.474	219.691	219.147	218.393	217.827	217.57	217.528	217.616	
212.446	214.209	214.856	214.637	214.556	214.921	215.714	216.407	216.84	
210.842	211.082	211.477	211.584	210.866	208.135	210.766	211.803	212.067	
208.414	208.484	204.034	208.868	208.814	208.1	207.62	207.828	208.259	
203.662	203.753	204.015	204.624	205.116	205.357	205.423	205.452	205.463	
200.55	201.39	201.975	201.406	198.624	201.138	201.947	202.022	202.04	
197.364	196.352	195.919	196.564	197.126	197.336	197.32	198.69	199.698	
193.506	193.807	194.277	194.793	195.224	190.862	195.621	195.654	195.425	
192.53	192.546	192.501	192.35	191.964	191.519	191.463	191.394	191.181	
190.095	186.679	189.553	188.737	187.823	187.718	188.179	188.57	188.763	
185.992	185.512	185.065	184.954	185.134	185.525	185.893	185.994	185.723	
182.664	179.962	181.529	182.194	182.466	182.622	182.677	182.707	182.74	
178.868	178.228	176.706	177.804	178.56	178.996	179.083	179.171	179.241	
173.314	173.585	174.537	175.403	175.912	176.063	175.846	175.164	174.302	
167.46	171.501	172.1	171.919	171.541	171.888	172.334	172.749	172.917	
169.628	169.606	169.407	168.81	168.57	169.252	170.008	170.697	171.025	
163.916	164.486	166.445	167.653	168.102	168.049	167.327	165.385	167.084	
165.484	165.54	165.525	165.194	164.413	163.889	163.728	163.826	163.904	
161.922	162.561	162.988	162.861	162.413	161.541	160.655	161.179	161.656	
159.909	158.984	154.661	157.819	157.876	157.648	158.141	158.695	158.946	
156.265	156.094	155.638	154.968	150.217	155.246	156.121	156.864	157.154	
152.329	152.553	152.633	148.757	153.065	153.26	153.272	153.272	153.294	
145.134	147.103	148.632	148.48	146.546	150.762	151.636	151.893	151.957	
145.097	145.738	146.645	147.388	147.682	147.601	147.219	146.759	146.475	
145.213	145.465	145.795	145.92	145.431	144.23	142.909	143.051	143.316	
143.567	143.173	142.061	138.948	141.709	142.493	142.552	142.463	142.343	
140.149	140.64	140.919	140.542	141.104	141.251	141.079	140.756	140.523	
140.061	139.494	138.457	137.933	138.452	139.088	139.552	139.84	140.012	
138.649	138.457	138.143	137.782	137.482	137.233	136.916	136.388	135.792	
137.172	136.472	135.755	135.353	134.594	133.546	132.758	132.602	132.855	
133.227	132.666	130.121	132.233	132.776	132.877	132.864	132.823	132.806	
129.669	130.844	131.351	130.986	129.539	130.045	129.765	129.45	129.238	
129.217	128.291	125.79	127.136	127.288	127.401	127.665	127.987	128.19	
125.795	125.771	125.63	124.863	122.411	124.445	124.546	123.993	123.206	
122.222	122.44	122.758	122.959	122.852	122.451	122.229	121.809	119.753	
122.227	121.726	120.579	119.746	119.789	119.732	119.476	119.1	118.753	
117.358	117.141	116.873	116.771	117.724	118.283	118.511	118.615	118.672	
115.884	115.363	114.734	114.395	114.493	115.08	115.733	116.327	116.691	
114.059	113.748	113.352	113.145	113.24	113.345	113.062	111.844	108.919	
111.919	111.594	111.359	110.804	109.977	108.836	107.676	107.531	107.716	
105.254	108.524	108.132	107.462	106.781	106.284	105.805	104.76	103.381	
102.942	103.26	103.494	103.629	103.635	99.4947	103.626	104.174	104.701	
101.192	100.918	100.484	100.49	100.646	100.652	100.348	99.5677	97.9238	
98.8556	98.6973	98.3744	97.9175	97.6442	97.4388	97.0067	96.4337	96.3021	
92.8878	92.7659	92.409	91.1627	94.5719	95.6117	96.0982	96.4019	96.5744	
89.9735	90.5261	91.2696	91.8183	92.0471	92.1293	91.8866	90.0869	92.8197	
88.7636	88.7599	88.6351	88.3626	85.1149	88.077	88.4852	88.5574	88.6449	
81.2637	84.301	85.4272	86.1029	86.2654	86.1077	85.7494	84.9133	84.2146	
82.3264	81.8062	82.4374	82.8352	82.9535	83.0485	82.949	82.272	81.3231	
79.601	79.7967	80.1874	80.5801	80.8334	80.8818	80.7163	80.436	80.2882	
74.7522	73.1343	75.1537	76.8397	78.0028	78.609	79.0792	79.5257	79.7156	
74.5192	72.6549	74.0821	74.2627	74.2788	74.4846	74.8642	75.3042	75.5944	
70.4169	72.3104	72.6426	72.679	72.7125	72.7667	72.8357	72.9436	73.0685	
69.2314	69.5388	69.4089	68.2803	70.4665	71.1381	71.2901	71.2751	71.283	
69.5386	69.578	69.5551	69.325	68.7508	67.5766	65.6428	67.0878	67.7291	
67.0527	66.0314	65.2635	65.5254	66.0599	66.4606	66.7493	67.3019	67.5433	
65.8392	65.4344	62.5869	64.8982	65.3643	65.3817	65.1645	64.8035	64.5678	
60.9187	62.601	63.4593	63.689	63.5224	63.1364	62.7499	62.4217	62.2584	
62.304	62.2489	62.068	61.2453	59.6761	60.7917	61.0253	60.939	60.8522	
58.2947	58.2501	58.7946	59.1628	59.2674	59.2474	59.0252	58.3926	57.9308	
58.4006	58.2877	58.102	57.847	57.5729	57.3394	57.08	56.8437	56.7326	
57.7826	57.6214	57.3082	56.9453	56.6858	56.2412	55.5318	54.7638	55.081	
54.9444	54.8799	54.3795	54.6101	54.9018	55.0787	55.188	55.2466	55.2701	
52.6906	52.5354	52.2314	51.4566	52.4	52.9977	53.2668	53.547	53.7376	
51.8416	51.5333	50.8655	50.103	49.7242	49.7209	49.5087	49.3318	49.7675	
49.6545	49.3988	49.0912	48.9909	48.9386	48.8034	48.5545	48.2105	47.9289	
46.4734	46.3367	43.6843	46.7679	46.9493	46.774	46.4435	45.8825	45.2596	
44.8264	44.4046	43.4126	44.1924	44.4452	44.3934	44.321	44.286	44.2848	
42.7418	42.3642	41.4983	40.9206	41.4744	42.154	42.5906	42.897	42.9866	
40.6635	40.4785	40.2332	40.0553	39.7166	38.8687	37.871	38.3562	38.7668	
37.4183	37.2995	36.9174	36.3152	34.0896	36.5731	37.0902	37.2679	37.4344	
34.7848	32.6344	34.5157	34.7844	34.3925	33.8516	33.5821	33.6845	33.9033	
29.947	31.6396	32.5462	32.6948	32.5143	32.178	31.7556	31.2689	30.5782	
29.0502	28.9599	28.628	26.1256	28.3977	29.0207	29.6867	30.4517	30.8754	
25.8982	27.5196	27.7526	27.5698	27.4703	27.4772	27.5388	27.5904	27.623	
24.1668	24.2836	24.5258	24.8919	25.5025	25.9894	26.2121	25.7747	24.6619	
20.5321	21.126	21.4667	21.6319	22.3671	21.6947	23.9135	24.8792	25.1905	
18.3678	18.6721	19.7375	20.7188	21.2517	21.4848	21.6611	21.8039	21.8886	
16.9453	18.1276	18.9594	19.2377	19.5843	19.5549	18.4447	20.3292	20.9836	
15.8454	15.6796	16.8253	17.9254	18.1269	17.5709	16.5047	17.0863	17.4049	
16.1851	16.1258	15.9765	15.8002	15.7071	15.6969	15.5142	14.8904	14.0466	
14.8452	14.8736	14.7814	14.5305	14.2918	14.0393	13.7637	13.2564	12.809	
11.0306	12.2795	12.8757	12.9905	13.0116	13.0157	13.0069	12.9975	12.9956	
10.0182	8.9339	10.3293	10.9602	11.1207	11.1434	11.0618	10.9324	10.9312	
6.93199	7.92633	8.73136	9.18827	9.22416	8.87298	8.22535	7.52657	7.34805	
6.28958	6.37618	5.90597	5.01902	5.82166	6.44634	6.5857	6.55454	6.50468	
4.1713	4.21144	4.19111	4.15874	4.21367	4.38135	4.66781	4.99659	5.25329	
3.05347	3.1308	3.20777	3.13472	2.87718	2.74307	2.48276	2.18917	2.77772	
-0.0414221	1.42683	2.05218	2.15266	2.00276	1.76539	1.48829	1.23861	1.05862	
1.3488	1.36506	1.34449	1.06786	0.388215	-0.398006	-0.352417	-0.473085	-0.6469	
0.719554	0.488027	0.0176146	-0.834334	-1.74892	-1.37887	-1.15408	-1.14498	-1.1792	
-4.51311	-3.33029	-3.83094	-1.98521	-1.40708	-1.29689	-1.38658	-1.56231	-1.67273	
-5.50802	-4.82399	-3.98207	-3.23897	-2.84411	-2.63838	-2.47953	-2.57831	-5.11491	
-4.17613	-4.02462	-3.75603	-3.5305	-3.41027	-3.47062	-3.75933	-4.12528	-4.00798	
-4.95573	-5.27732	-5.51488	-5.46895	-5.55537	-5.70959	-5.80797	-5.52865	-5.30435	
-5.83886	-6.08856	-6.46298	-6.81303	-6.99819	-7.09345	-7.1142	-7.07688	-9.93648	
-7.10178	-7.61173	-8.30937	-8.82507	-9.28059	-9.92695	-10.6488	-9.76871	-9.2825	
-8.41109	-8.7537	-9.44862	-11.9542	-10.5224	-10.5615	-10.7188	-10.7973	-10.8065	
-10.0179	-10.1322	-10.2928	-10.4011	-10.411	-10.3908	-10.3839	-10.3736	-10.3686	
-13.0026	-12.9094	-12.2521	-11.8399	-11.7157	-11.6946	-11.8042	-12.3242	-12.8406	
-14.5764	-14.0334	-13.631	-13.4997	-13.5655	-13.9064	-14.3755	-14.9486	-14.8521	
-14.6591	-14.83	-15.1453	-15.5398	-15.7831	-16.1107	-16.3819	-16.5421	-16.3108	
-17.4579	-17.541	-19.487	-17.5517	-17.449	-17.5302	-17.4944	-17.1825	-16.8115	
-18.8015	-18.9222	-19.1554	-19.463	-19.8045	-20.1581	-20.484	-21.6721	-19.4762	
-20.4837	-20.8364	-21.3956	-21.6083	-22.0486	-22.387	-22.2475	-21.9878	-21.8062	
-22.8287	-25.6231	-22.9068	-22.9971	-23.1933	-23.5925	-23.7039	-23.3384	-23.0634	
-28.3256	-26.312	-25.1315	-24.4824	-24.1966	-23.8938	-23.5914	-23.2272	-23.0081	
-26.5004	-28.9267	-26.5251	-26.4512	-26.4506	-26.3043	-25.9592	-25.6083	-25.4218	
-28.6585	-28.3539	-28.0304	-27.8172	-27.7198	-27.6991	-27.7905	-27.9324	-27.9603	
-28.8498	-28.6716	-28.4192	-28.207	-28.3282	-28.5079	-28.0798	-27.6184	-27.3879	
-29.7217	-29.8209	-29.9819	-30.5543	-31.1076	-29.8271	-28.993	-28.5942	-28.3811	
-32.4788	-31.7703	-31.069	-30.938	-31.2915	-31.6888	-31.2897	-30.9223	-30.8014	
-32.2592	-32.3351	-32.5497	-32.9023	-33.2052	-33.3223	-33.1787	-33.2629	-34.2764	
-32.6068	-33.1761	-34.3195	-33.8913	-33.7253	-33.8127	-35.4834	-33.5654	-33.2084	
-33.2245	-33.2651	-33.3839	-33.7794	-34.0763	-33.8719	-33.6816	-33.6684	-36.2823	
-35.2202	-35.6166	-37.3103	-35.4095	-35.1757	-35.0177	-34.7022	-34.3444	-34.1117	
-35.7406	-35.7115	-35.6673	-35.6735	-36.0004	-36.8438	-36.1805	-35.8788	-35.8147	
-35.9125	-35.9875	-36.2373	-36.8927	-37.4341	-37.4842	-37.5318	-37.6546	-37.7309	
-36.2703	-36.4562	-36.8443	-37.3342	-37.8287	-38.0418	-38.0905	-38.0446	-37.9825	
-36.8336	-37.0182	-37.3688	-37.9646	-38.8344	-39.4901	-39.8382	-39.784	-39.5637	
-39.1189	-38.9639	-39.003	-39.3264	-40.0235	-40.6398	-40.0237	-39.643	-39.5009	
-39.1278	-39.1999	-39.3504	-39.5504	-39.8851	-40.2965	-40.7369	-41.2081	-41.3546	
-42.1368	-41.6559	-41.3081	-41.3233	-41.3567	-41.0951	-40.8275	-40.633	-40.5792	
-44.1581	-43.2325	-42.7129	-42.6382	-45.2883	-42.7733	-42.7039	-42.5761	-42.4744	
-44.4229	-44.3161	-44.146	-43.7799	-43.4377	-43.0543	-43.0472	-43.3194	-42.9794	
-46.2983	-46.0357	-45.5678	-44.8843	-44.5003	-44.2289	-43.7575	-43.8318	-44.9439	
-46.9456	-46.7245	-46.4032	-46.2682	-46.3562	-46.6114	-46.6428	-46.2288	-45.8616	
-49.4512	-48.2383	-47.8698	-47.8704	-47.809	-47.6711	-47.4743	-47.2797	-47.1786	
-48.4099	-48.5009	-48.7206	-48.8761	-48.7983	-48.5959	-48.5166	-48.8498	-48.2189	
-48.6193	-48.8158	-49.1969	-49.6071	-49.8897	-49.9035	-49.6441	-49.3171	-49.125	
-49.612	-49.7656	-50.0316	-50.29	-50.4227	-50.5448	-50.6923	-50.8157	-50.8014	
-51.7106	-51.9641	-52.0865	-51.825	-51.5565	-51.3984	-51.2209	-51.0715	-50.9261	
-52.9171	-52.7056	-52.2857	-51.9434	-51.5992	-51.3722	-51.3522	-51.8604	-53.0094	
-52.9726	-52.8336	-52.5644	-52.285	-52.2827	-52.3001	-52.3115	-52.3222	-52.3299	
-54.4034	-54.9487	-53.8804	-53.4107	-53.394	-53.5949	-53.8489	-54.0292	-54.1386	
-56.75	-54.9082	-54.8826	-54.8678	-54.8685	-55.0246	-55.1376	-54.7894	-54.51	
-57.5578	-57.0651	-56.4031	-55.8032	-55.5064	-55.4163	-55.5833	-56.1834	-57.1103	
-56.9171	-56.8804	-56.8212	-56.7762	-56.7946	-56.9486	-57.2797	-57.767	-58.2931	
-57.307	-57.5963	-57.8991	-58.0521	-58.2986	-58.6424	-59.0023	-59.5649	-60.4031	
-57.9593	-58.1717	-58.5549	-59.1929	-59.7808	-60.2127	-60.2727	-60.1973	-60.141	
-59.5878	-59.764	-59.9538	-60.2011	-60.5364	-60.9273	-60.8241	-61.3747	-61.4808	
-60.6439	-60.7928	-61.3494	-62.5401	-62.1897	-62.101	-62.0914	-62.0083	-61.9429	
-61.9081	-62.0748	-62.3645	-62.9097	-63.9106	-63.0152	-62.5396	-62.4352	-62.4255	
-66.5738	-65.9346	-64.9888	-63.9546	-63.3251	-62.935	-62.9181	-63.5074	-64.5767	
-65.5449	-65.6199	-65.7993	-65.6222	-64.5602	-64.6463	-64.3162	-64.0481	-63.8985	
-66.9901	-67.2032	-67.0668	-66.2909	-65.2371	-64.9093	-64.6712	-64.4992	-64.4078	
-67.0592	-66.8292	-66.4164	-66.1101	-66.1247	-66.4248	-67.1193	-67.8259	-67.6395	
-67.7664	-68.0499	-69.3696	-67.8565	-67.0177	-66.7134	-66.524	-66.3871	-66.3148	
-68.1093	-67.9737	-68.294	-68.0402	-67.7345	-67.388	-67.0672	-66.8939	-66.8076	
-69.072	-69.2108	-69.1748	-68.8537	-68.7165	-68.8375	-69.029	-68.8614	-68.679	
-72.6102	-69.5464	-69.2358	-69.1909	-69.1079	-69.0639	-69.1172	-69.3021	-69.4608	
-70.4157	-70.77	-72.1777	-70.4406	-70.0976	-69.982	-69.9611	-69.9652	-69.9809	
-71.4183	-71.103	-70.7008	-70.4835	-70.5346	-70.7642	-71.3852	-72.2716	-71.9726	
-73.1779	-74.0798	-71.9938	-71.4762	-71.3176	-71.2617	-71.284	-71.3262	-71.3539	
-73.0457	-73.003	-72.9491	-73.0144	-73.1978	-72.2011	-71.5462	-71.2299	-71.1159	
-73.5166	-73.614	-73.2282	-72.9712	-72.8183	-72.7151	-72.6319	-72.4759	-72.286	
-73.6962	-73.7172	-73.6937	-73.6116	-73.5807	-73.5646	-73.4335	-73.027	-72.7389	
-75.5055	-75.1511	-74.9574	-74.8289	-74.3305	-74.0204	-74.0734	-74.4747	-75.0232	
-75.0527	-74.9489	-74.8018	-74.6927	-74.7172	-74.9278	-75.3565	-75.958	-76.4526	
-75.642	-75.6409	-75.7476	-76.2968	-76.7166	-76.4703	-76.2048	-76.1069	-76.0679	
-76.8131	-76.6795	-76.6257	-76.6079	-76.707	-77.0569	-77.3591	-77.0174	-76.5778	
-79.3112	-78.3029	-77.7285	-77.9032	-76.8821	-76.3316	-76.1242	-76.0316	-75.9983	
-78.5218	-78.1284	-77.7762	-77.6977	-76.8644	-76.3701	-76.1167	-76.0085	-75.9615	
-77.9325	-77.9339	-77.8087	-77.5226	-77.299	-77.218	-77.3707	-77.9365	-78.7481	
-80.0428	-78.7978	-78.0291	-77.5856	-77.4089	-77.3118	-77.2903	-77.3272	-77.3658	
-78.5231	-78.3666	-78.21	-78.1235	-78.0586	-77.9787	-77.9013	-77.8432	-77.8288	
-78.8737	-78.8584	-78.2709	-78.0224	-78.2263	-79.5854	-78.265	-77.7687	-77.6254	
-78.4623	-78.45	-78.6264	-79.1363	-79.3698	-79.6521	-80.83	-79.6061	-79.4047	
-78.7181	-79.157	-79.8636	-79.6058	-79.5947	-81.353	-79.9115	-79.7854	-79.8596	
-79.5516	-79.6453	-79.6647	-79.6133	-79.5347	-79.5391	-79.6816	-80.0104	-80.531	
-79.8931	-79.9693	-79.9899	-79.6857	-80.038	-80.2541	-80.3368	-80.4228	-80.4636	
-80.2336	-80.216	-79.4406	-79.2235	-79.1256	-79.0827	-79.0833	-79.1037	-79.1237	
-80.9059	-80.5191	-80.1203	-79.8217	-79.7269	-79.7103	-79.8808	-80.3521	-81.3209	
-80.336	-80.2361	-80.2357	-80.2798	-80.2606	-80.2076	-80.1672	-80.1292	-80.089	
-80.6981	-80.582	-80.3018	-80.0819	-79.9211	-79.8217	-79.7299	-79.6999	-79.7342	
-80.5991	-80.4717	-80.3055	-80.2755	-80.3792	-80.5521	-80.7251	-80.8521	-80.8452	
-80.509	-80.6682	-80.9024	-80.95	-80.246	-80.7783	-80.7697	-80.7214	-80.7251	
-80.6319	-80.6737	-80.648	-80.4688	-80.2784	-80.0892	-80.0453	-80.0465	-82.2494	
-80.4808	-80.5859	-81.1374	-81.6811	-81.7267	-81.3237	-80.9549	-80.7701	-80.7067	
-82.5816	-82.8803	-81.3997	-81.057	-81.0441	-81.0215	-80.9838	-80.9384	-80.8877	
-82.7382	-82.7618	-82.1741	-81.6084	-81.3571	-81.3881	-81.522	-81.692	-81.6601	
-82.611	-82.4146	-82.1583	-81.8266	-81.5802	-81.4371	-81.3376	-81.0843	-80.6217	
-82.1913	-82.1325	-81.9898	-81.8374	-81.7629	-81.7872	-81.8591	-81.934	-82.0029	
-82.0313	-82.0788	-82.1132	-81.9681	-82.3368	-82.4452	-82.4702	-82.4314	-82.3821	
-81.969	-81.9151	-81.8395	-81.7442	-81.6914	-81.7787	-82.1092	-82.4584	-82.5232	
-81.3865	-81.5323	-81.685	-81.7961	-81.8087	-81.7455	-81.6325	-81.5017	-81.3825	
-82.0249	-81.9618	-81.5192	-81.057	-80.841	-80.6965	-80.5635	-80.4457	-80.3365	
-83.232	-82.2387	-81.4914	-80.9813	-80.7059	-80.6133	-80.6155	-80.6521	-80.6785	
-82.7578	-82.6661	-82.293	-81.2178	-79.8207	-80.0436	-79.8261	-79.7024	-79.6325	
-82.0876	-81.6899	-80.9913	-80.3276	-80.0849	-79.9422	-79.7954	-79.6719	-79.5501	
-81.4637	-80.9831	-80.3506	-80.0363	-80.0904	-80.4961	-80.9601	-80.9518	-80.8736	
-80.9118	-80.6449	-80.2689	-79.8868	-79.6586	-79.446	-79.3332	-79.3632	-79.4419	
-80.5667	-80.2555	-79.8052	-79.3738	-79.4786	-79.7448	-79.3595	-79.0316	-78.955	
-79.8639	-79.2654	-78.9561	-78.6277	-78.3423	-78.1884	-78.0464	-77.8275	-77.5855	
-79.3291	-79.1292	-78.8124	-78.4744	-78.2478	-78.1497	-78.1861	-78.5029	-80.4294	
-78.6684	-78.4819	-78.2957	-78.2522	-78.3764	-78.5624	-78.1506	-79.0438	-79.158	
-78.5312	-78.5835	-78.6733	-78.7414	-79.1667	-79.9918	-79.4835	-79.4893	-79.7184	
-78.0453	-78.9091	-79.4068	-79.2667	-79.1334	-78.9383	-78.7581	-78.928	-79.0728	
-78.6145	-78.7874	-79.0377	-79.4046	-79.7734	-81.9139	-80.1987	-80.2352	-80.2478	
-78.9789	-79.1216	-79.3536	-79.6096	-79.8744	-80.1113	-80.1983	-80.1197	-79.9818	
-78.9203	-78.9505	-78.9715	-78.9594	-78.9386	-78.9295	-78.9437	-78.9744	-79.0184	
-78.7049	-78.6116	-78.6916	-79.5452	-78.4573	-78.0356	-77.8739	-77.7636	-77.7084	
-78.6391	-78.541	-78.2777	-78.0601	-78.3633	-78.6104	-78.4161	-78.1643	-78.0124	
-78.4385	-78.2401	-77.8866	-77.6121	-77.2941	-77.1083	-77.113	-77.1874	-77.2351	
-78.7539	-78.5309	-78.0837	-77.7052	-77.4685	-77.2897	-77.0953	-76.9621	-76.8815	
-78.3129	-78.0379	-77.6496	-77.4729	-78.9762	-77.4796	-77.559	-77.7077	-77.7747	
-78.13	-78.1662	-78.2374	-78.119	-77.8729	-77.6397	-77.4546	-77.3141	-77.2459	
-77.8958	-77.727	-77.6618	-77.4416	-77.1394	-76.5602	-76.7008	-76.7258	-76.735	
-77.772	-77.6573	-77.4793	-77.2303	-77.039	-76.8746	-76.6161	-76.6929	-77.3119	
-77.6481	-77.5025	-77.3343	-77.1132	-76.7453	-76.534	-76.4092	-76.3142	-76.2336	
-77.5023	-77.3151	-76.9622	-76.5894	-75.9755	-76.1632	-76.0481	-75.9805	-75.9057	
-76.8602	-76.9653	-76.2478	-75.9111	-75.5651	-75.3056	-75.1799	-75.1326	-75.113	
-76.7847	-76.4769	-75.8262	-75.1524	-74.9686	-74.5363	-74.7912	-74.7817	-74.7725	
-76.4629	-76.1081	-75.4769	-74.9912	-74.87	-74.9693	-75.1266	-75.2068	-75.15	
-76.141	-75.7928	-75.2978	-74.8446	-74.5092	-74.3168	-74.1738	-74.0603	-73.9749	
-75.9117	-75.5619	-75.1223	-74.7224	-74.1681	-74.6667	-73.7068	-73.6358	-73.7771	
-75.4507	-75.2864	-74.8705	-74.4885	-74.1215	-73.8186	-73.7276	-73.7053	-73.5327	
-75.3394	-75.0419	-74.7328	-74.4318	-73.8414	-73.475	-73.3244	-73.3045	-73.3154	
-75.2215	-74.9394	-74.543	-73.9861	-73.4448	-73.0618	-72.9945	-72.9901	-72.99	
-75.0508	-74.7683	-74.2245	-73.6046	-73.2159	-72.8244	-72.7368	-72.6118	-72.5447	
-74.9307	-74.533	-73.8591	-73.1255	-72.6644	-72.3227	-72.2683	-72.2408	-72.2242	
-74.7258	-74.2586	-73.4952	-72.7126	-72.2682	-72.0195	-71.843	-71.4821	-71.6921	
-74.4518	-73.9998	-73.1979	-72.4746	-71.9877	-71.8957	-71.8153	-71.7957	-71.7999	
-74.3778	-73.7963	-72.9812	-72.1042	-71.7372	-71.6748	-71.6975	-71.5154	-71.3913	
-74.2049	-73.5236	-72.6793	-71.8569	-71.3364	-70.9831	-70.8025	-70.7884	-70.8052	
-74.0557	-73.3758	-72.4578	-71.6058	-70.8852	-70.4869	-70.3771	-70.3338	-70.3193	
-73.8861	-73.1939	-72.3104	-71.7925	-70.505	-69.8178	-69.7102	-69.6297	-69.5774	
-73.7975	-73.0856	-72.0616	-70.977	-70.1437	-69.6655	-69.3726	-69.1878	-69.1407	
-73.6725	-72.9333	-71.7727	-70.5288	-69.56	-68.8919	-68.738	-68.6513	-68.6031	
-73.5093	-72.7413	-71.5485	-70.0505	-69.1559	-68.685	-68.443	-68.6879	-68.2656	
-73.3226	-72.5526	-71.1363	-69.6837	-69.0595	-68.9171	-68.878	-68.4924	-68.3039	
-73.1619	-72.3138	-70.8735	-69.5839	-68.6907	-68.415	-68.2282	-68.1271	-68.0719	
-72.9877	-72.1255	-70.6682	-69.9907	-68.4457	-67.967	-67.7566	-67.6849	-67.6612	
-72.8578	-71.969	-70.5505	-69.2366	-68.1392	-67.5113	-67.2202	-67.0471	-67.0252	
-72.753	-71.8163	-70.2904	-68.6451	-67.6041	-67.0228	-66.7181	-66.5469	-66.4237	
-72.6914	-71.6469	-70.0226	-68.2688	-67.1241	-66.4744	-66.0579	-65.952	-65.8995	
-72.3873	-71.4819	-69.8091	-67.9135	-66.7086	-66.027	-65.619	-65.3566	-65.1873	
-72.2581	-71.3454	-69.5309	-67.6429	-66.8205	-65.9066	-65.4686	-65.2207	-65.1682	
-72.1618	-71.1854	-69.3691	-67.3155	-66.1809	-65.4596	-65.0906	-65.0071	-64.9894	
-72.115	-71.0833	-69.066	-66.7943	-65.7544	-65.0633	-64.6296	-64.399	-64.3373	
-72.0022	-70.9013	-68.9466	-66.5866	-65.2367	-64.4847	-64.1008	-63.826	-63.681	
-72.5609	-70.826	-68.7253	-66.2824	-64.7473	-63.9596	-63.5323	-63.3013	-63.1853	
-72.4398	-70.7673	-68.5438	-65.916	-64.3606	-63.3624	-62.9398	-62.7444	-62.637	
-72.3712	-70.6601	-68.4011	-65.578	-63.9192	-62.9074	-62.3968	-62.1026	-61.971	
-72.2959	-70.5453	-68.1334	-65.2874	-63.4404	-62.3556	-61.8351	-61.5816	-61.452	
-72.178	-70.4142	-67.9981	-65.0055	-63.0636	-61.8546	-61.3008	-61.184	-61.1345	
-72.1217	-70.3701	-67.8422	-64.6829	-62.551	-61.3975	-60.8438	-60.5825	-60.4371	
-72.0888	-70.3389	-67.6442	-64.337	-62.1248	-60.8622	-60.2692	-59.9704	-59.9223	
-72.0285	-70.2647	-67.3359	-64.0763	-61.6819	-60.4014	-59.6884	-59.4764	-59.3893	
-71.9959	-70.1871	-67.1316	-63.8178	-61.1866	-59.8974	-59.2702	-58.9295	-58.74	
-71.9581	-70.1045	-67.0025	-63.4484	-60.79	-59.4357	-58.7145	-58.3102	-58.2299	
-71.8971	-70.0388	-66.9806	-63.0308	-60.3891	-58.932	-58.1605	-57.7638	-57.6671	
-71.8504	-69.9592	-66.7368	-62.8822	-59.9917	-58.3372	-57.658	-57.273	-57.0769	
-71.8174	-69.8865	-66.6614	-62.6374	-59.93	-57.925	-57.1439	-56.7628	-56.6516	
-71.716	-69.8647	-66.5223	-62.5413	-59.5582	-57.4253	-56.6996	-56.4476	-56.2825	
-71.7069	-69.7928	-66.4535	-62.3854	-59.0611	-57.0178	-56.1514	-55.7721	-55.6647	
-71.7069	-69.7769	-66.39	-62.1662	-58.6714	-56.5144	-55.5627	-55.1605	-55.0169	
-71.7069	-69.7526	-66.3039	-61.9841	-58.1561	-55.9564	-55.0222	-54.621	-54.4731	
-71.7021	-69.7407	-66.2685	-61.8271	-57.672	-55.4981	-54.4107	-53.9961	-53.8783	
-71.6824	-69.7095	-66.229	-61.5499	-57.382	-54.9619	-53.8419	-53.42	-53.2981	
-71.6733	-69.6941	-66.1435	-61.293	-56.9447	-54.5038	-53.3246	-52.8829	-52.7319	
-71.6555	-69.6867	-66.0464	-61.1291	-56.5997	-53.9595	-52.7755	-52.3008	-52.1757	
-71.6555	-69.6867	-65.9584	-60.9763	-56.2701	-53.3342	-52.1974	-51.7676	-51.6326	
-71.6555	-69.6867	-65.8919	-60.8673	-55.8918	-52.8788	-51.6179	-51.1456	-51.017	
-71.6379	-69.6847	-65.8404	-60.7171	-55.5125	-52.4013	-51.0769	-50.5914	-50.42	
-71.6379	-69.6847	-65.8068	-60.5691	-55.2255	-51.9255	-50.4926	-49.9629	-49.8038	
-71.625	-69.6636	-65.7815	-60.391	-54.9338	-51.4532	-49.9044	-49.4581	-49.613	
-71.5984	-69.5888	-65.7929	-60.2789	-54.6093	-50.9656	-49.628	-49.1927	-49.1015	
-71.5984	-69.5729	-65.7617	-60.0774	-54.445	-50.624	-49.1207	-48.5316	-48.3442	
-71.5984	-69.557	-65.7413	-59.9932	-54.1268	-50.2624	-48.5349	-47.8975	-47.7052	
-71.5984	-69.557	-65.67	-59.8581	-53.8664	-49.7985	-47.9883	-47.3038	-47.1606	
-71.5984	-69.557	-65.6463	-59.7359	-53.64	-49.3174	-47.3576	-46.7545	-46.5979	
-71.5942	-69.5369	-65.5741	-59.681	-53.3832	-48.8065	-46.8433	-46.1925	-46.0223	
-71.582	-69.5255	-65.5619	-59.5759	-53.0976	-48.4303	-46.3316	-45.5919	-45.4087	
-71.5619	-69.5065	-65.5645	-59.4553	-52.8379	-48.048	-45.7773	-44.987	-44.8609	
-71.5579	-69.5023	-65.5601	-59.4018	-52.6066	-47.6507	-45.1533	-44.4351	-44.2451	
-71.5579	-69.5023	-65.5481	-59.3207	-52.4291	-47.0726	-44.692	-43.8677	-43.6634	
-71.5579	-69.5023	-65.5481	-59.2284	-52.2465	-46.62	-44.122	-43.2687	-43.1176	
-71.5579	-69.5023	-65.5361	-59.1864	-52.0574	-46.1774	-43.6021	-42.6944	-42.4772	
-71.5579	-69.5023	-65.5242	-59.1574	-51.7951	-45.7828	-43.0348	-42.136	-41.909	
-71.5579	-69.4948	-65.496	-59.0937	-51.556	-45.4716	-42.4185	-41.5832	-41.3669	
-71.5579	-69.4874	-65.4558	-59.0838	-51.4489	-45.0863	-41.8957	-40.9161	-40.7621	
-71.5424	-69.4578	-65.3825	-59.0422	-51.327	-44.7302	-41.3663	-40.3827	-40.1606	
-71.5424	-69.4504	-65.3779	-59.011	-51.1623	-44.3889	-40.8573	-39.7659	-39.5359	
-71.5424	-69.4504	-65.3779	-58.9685	-51.0551	-44.0056	-40.3057	-39.1725	-38.938	
-71.5424	-69.4504	-65.3779	-58.898	-50.9953	-43.6464	-39.7534	-38.5672	-38.3315	
-71.5424	-69.4504	-65.3779	-58.884	-50.875	-43.2401	-39.206	-37.9988	-37.756	
-71.5424	-69.443	-65.3508	-58.875	-50.8071	-42.8584	-38.6321	-37.4277	-37.1888	
-71.5424	-69.443	-65.3508	-58.8607	-50.6127	-42.5261	-38.1448	-36.8467	-36.6102	
-71.5424	-69.443	-65.3396	-58.8573	-50.5254	-42.1719	-37.6463	-36.2449	-36.0005	
-71.5424	-69.4359	-65.3354	-58.8537	-50.3381	-41.8804	-37.1202	-35.7051	-35.4157	
-71.5424	-69.4359	-65.3354	-58.8246	-50.2058	-41.5568	-36.5716	-35.1304	-34.9001	
-71.5424	-69.4359	-65.3354	-58.8246	-50.072	-41.2652	-36.098	-34.538	-34.2854	
-71.5424	-69.4359	-65.3354	-58.8246	-50.0413	-40.9165	-35.6428	-33.9322	-33.6403	
-71.5424	-69.4359	-65.3354	-58.7661	-49.9312	-40.7159	-35.096	-33.3526	-33.0715	
-71.5424	-69.4359	-65.3354	-58.7221	-49.8829	-40.4599	-34.5694	-32.7525	-32.5023	
-71.5424	-69.4359	-65.3354	-58.7221	-49.8361	-40.1799	-34.0602	-32.1913	-31.872	
-71.5424	-69.4359	-65.3354	-58.6787	-49.7345	-39.7877	-33.6595	-31.6664	-31.332	
-71.5424	-69.4359	-65.3354	-58.6354	-49.6324	-39.6155	-33.1773	-31.0443	-30.769	
-71.5424	-69.4359	-65.3354	-58.5779	-49.5917	-39.4621	-32.5681	-30.5119	-30.1944	
-71.5424	-69.4359	-65.3354	-58.5637	-49.5727	-39.1333	-32.0943	-29.9438	-29.6432	
-71.5424	-69.4359	-65.3354	-58.5351	-49.4687	-38.9547	-31.6328	-29.3675	-29.0594	
-71.5424	-69.4359	-65.3354	-58.5067	-49.4632	-38.7869	-31.1269	-28.7364	-28.4833	
-71.5424	-69.4359	-65.3354	-58.5067	-49.429	-38.3845	-30.7533	-28.2382	-27.8912	
-71.5424	-69.4359	-65.3354	-58.5067	-49.3257	-38.1153	-30.3631	-27.6678	-27.3397	
-71.5424	-69.4359	-65.3354	-58.5067	-49.2569	-37.9357	-29.9075	-27.0669	-26.7794	
-71.5424	-69.4359	-65.3354	-58.4925	-49.2535	-37.7276	-29.3526	-26.5689	-26.2088	
-71.5424	-69.4359	-65.3354	-58.4925	-49.1649	-37.6018	-28.8333	-26.0318	-25.6471	
-71.5424	-69.4359	-65.3354	-58.4925	-49.1474	-37.3771	-28.4461	-25.3941	-25.0965	
-71.5424	-69.4359	-65.3251	-58.4747	-49.1389	-37.1298	-28.1642	-24.801	-24.4554	
-71.5424	-69.4359	-65.3251	-58.4747	-49.0849	-36.9543	-27.7789	-24.239	-23.8455	
-71.5424	-69.4359	-65.3251	-58.4747	-49.0849	-36.7079	-27.2849	-23.7119	-23.342	
-71.5424	-69.4359	-65.3251	-58.4747	-49.0668	-36.5707	-26.7894	-23.1761	-22.7741	
-71.5424	-69.4359	-65.3151	-58.4708	-49.0073	-36.5262	-26.3459	-22.5744	-22.1991	
-71.5424	-69.4359	-65.3151	-58.4293	-48.9572	-36.4656	-25.9246	-22.0257	-21.5993	
-71.5424	-69.4359	-65.3151	-58.4293	-48.9393	-36.3735	-25.5071	-21.4282	-21.0111	
-71.5424	-69.4359	-65.3052	-58.4253	-48.9345	-36.2325	-25.0755	-20.9123	-20.4237	
-71.5424	-69.4359	-65.3052	-58.4117	-48.9298	-36.0592	-24.7374	-20.3009	-19.8837	
-71.5424	-69.4359	-65.3052	-58.4117	-48.8753	-35.9996	-24.2976	-19.773	-19.2968	
-71.5424	-69.4359	-65.3052	-58.4117	-48.8753	-35.8999	-23.9181	-19.1916	-18.7021	
-71.5424	-69.4359	-65.3052	-58.3984	-48.852	-35.7656	-23.5637	-18.6572	-18.1207	
-71.5424	-69.4359	-65.3052	-58.3984	-48.8157	-35.7164	-23.1768	-18.0366	-17.5878	
-71.5424	-69.4359	-65.3052	-58.3984	-48.7614	-35.6649	-22.8208	-17.4848	-16.9893	
-71.5424	-69.4359	-65.3052	-58.3984	-48.7255	-35.5758	-22.4389	-16.9253	-16.4552	
-71.5424	-69.4359	-65.3052	-58.3984	-48.7255	-35.4852	-22.074	-16.3927	-15.8548	
-71.5424	-69.4359	-65.3052	-58.3984	-48.7074	-35.4482	-21.6566	-15.8617	-15.2836	
-71.5424	-69.4359	-65.3052	-58.3984	-48.7074	-35.3919	-21.3384	-15.2597	-14.698	
-71.5424	-69.4359	-65.3052	-58.3984	-48.7074	-35.316	-20.9612	-14.7306	-14.1308	
-71.5424	-69.4359	-65.3052	-58.3984	-48.7074	-35.2576	-20.485	-14.2512	-13.6081	
-71.5424	-69.4359	-65.3052	-58.3984	-48.7074	-35.2377	-20.1084	-13.6548	-13.0759	
-71.5424	-69.4359	-65.3052	-58.3984	-48.672	-35.1522	-19.7526	-13.1859	-12.5084	
-71.5424	-69.4359	-65.3052	-58.3345	-48.7165	-35.0683	-19.4692	-12.6325	-11.9468	
-71.5424	-69.4359	-65.3052	-58.3345	-48.7165	-35.0272	-19.1178	-12.0708	-11.4121	
-71.5424	-69.4359	-65.3052	-58.3345	-48.7165	-34.9854	-18.7709	-11.5245	-10.8686	
-71.5424	-69.4359	-65.3052	-58.3345	-48.7165	-34.9436	-18.5137	-10.9222	-10.3014	
-71.5424	-69.4359	-65.3052	-58.3345	-48.6988	-34.8767	-18.2665	-10.406	-9.69433	
-71.5424	-69.4359	-65.3052	-58.3345	-48.6988	-34.8341	-17.9297	-9.89703	-9.13728	
-71.5424	-69.4359	-65.3052	-58.3345	-48.6988	-34.7908	-17.6214	-9.34053	-8.61196	
-71.5424	-69.4359	-65.3052	-58.3345	-48.6988	-34.7908	-17.2602	-8.83092	-8.06062	
-71.5424	-69.4359	-65.3052	-58.3345	-48.6988	-34.7243	-16.8857	-8.35377	-7.56755	
-71.5424	-69.4359	-65.3052	-58.3345	-48.6814	-34.6076	-16.6909	-7.83862	-7.01068	
-71.5424	-69.4359	-65.3052	-58.3345	-48.6639	-34.5578	-16.4988	-7.24727	-6.47266	
-71.5424	-69.4359	-65.3052	-58.3345	-48.6639	-34.5353	-16.2528	-6.69596	-5.91181	
-71.5424	-69.4359	-65.3052	-58.3345	-48.6639	-34.4231	-16.0759	-6.19519	-5.33211	
-71.5424	-69.4359	-65.3052	-58.3345	-48.6639	-34.4005	-15.7925	-5.67059	-4.80316	
-71.5424	-69.4359	-65.3052	-58.3345	-48.6639	-34.3098	-15.6303	-5.11779	-4.25948	
-71.5424	-69.4359	-65.3052	-58.3345	-48.6118	-34.3159	-15.4794	-4.54566	-3.69079	
-71.5424	-69.4359	-65.3052	-58.3345	-48.6118	-34.2929	-15.2219	-4.02893	-3.15912	
-71.5424	-69.4359	-65.3052	-58.3345	-48.5944	-34.2412	-14.9635	-3.5865	-2.61051	
-71.5424	-69.4359	-65.3052	-58.3345	-48.5944	-34.2412	-14.7015	-3.07267	-2.07748	
-71.5424	-69.4359	-65.3052	-58.3345	-48.5944	-34.2412	-14.5184	-2.4695	-1.56204	
-71.5424	-69.4359	-65.3052	-58.3345	-48.5944	-34.1943	-14.3064	-1.9766	-1.02255	
-71.5424	-69.4359	-65.3052	-58.3345	-48.5944	-34.1004	-14.0339	-1.62629	-0.457631	
-71.5424	-69.4359	-65.3052	-58.3345	-48.5944	-34.0533	-13.8302	-1.11301	0.0511913	
-71.5424	-69.4359	-65.3052	-58.3345	-48.5944	-34.0297	-13.643	-0.581443	0.573252	
-71.5424	-69.4359	-65.3052	-58.3345	-48.5944	-34.0059	-13.4823	-0.0403607	1.10245	
-71.5424	-69.4359	-65.3052	-58.3345	-48.5944	-33.9582	-13.2313	0.375822	1.63456	
-71.5424	-69.4359	-65.3052	-58.3345	-48.5944	-33.9343	-13.0343	0.912648	2.11402	
-71.5424	-69.4359	-65.3052	-58.3345	-48.5775	-33.879	-12.8795	1.38742	2.64067	
-71.5424	-69.4359	-65.3052	-58.3345	-48.5775	-33.8551	-12.6741	1.88582	3.13275	
-71.5424	-69.4359	-65.3052	-58.3345	-48.5775	-33.8551	-12.409	2.32287	3.64255	
-71.5424	-69.4359	-65.3052	-58.3345	-48.5775	-33.7823	-12.2637	2.81682	4.13386	
-71.5424	-69.4359	-65.3052	-58.3345	-48.5775	-33.7823	-12.0753	3.33388	4.62389	
-71.5424	-69.4359	-65.3052	-58.3345	-48.5775	-33.758	-11.9258	3.84839	5.12283	
-71.5424	-69.4359	-65.3052	-58.3345	-48.5775	-33.7334	-11.79	4.32753	5.66252	
-71.5424	-69.4359	-65.3052	-58.3345	-48.5775	-33.7091	-11.5634	4.74215	6.16824	
-71.5424	-69.4359	-65.3052	-58.3345	-48.5775	-33.7091	-11.4909	5.31524	6.68559	
-71.5424	-69.4359	-65.3052	-58.3345	-48.5775	-33.6602	-11.3537	5.73593	7.23417	
-71.5424	-69.4359	-65.3052	-58.3345	-48.5775	-33.6115	-11.2516	6.19466	7.77217	
-71.5424	-69.4359	-65.3052	-58.3345	-48.5775	-33.6115	-11.0979	6.7178	8.23468	
-71.5424	-69.4359	-65.3052	-58.3345	-48.5775	-33.5869	-10.9091	7.15711	8.71444	
-71.5424	-69.4359	-65.3052	-58.3345	-48.5775	-33.5869	-10.8096	7.683	9.21378	
-71.5424	-69.4359	-65.3052	-58.3345	-48.5775	-33.5624	-10.7142	8.15196	9.74219	
-71.5424	-69.4359	-65.3052	-58.3345	-48.5775	-33.5624	-10.6118	8.64508	10.2565	
-71.5424	-69.4359	-65.3052	-58.3345	-48.5775	-33.5624	-10.4471	9.06195	10.7774	
-71.5424	-69.4359	-65.3052	-58.3345	-48.5775	-33.5624	-10.3011	9.51728	11.271	
-71.5424	-69.4359	-65.3052	-58.3345	-48.5775	-33.5378	-10.1354	9.89539	11.7905	
-71.5424	-69.4359	-65.3052	-58.3345	-48.5775	-33.5129	-9.92626	10.3181	12.2146	
-71.5424	-69.4359	-65.3052	-58.3345	-48.5775	-33.4882	-9.84409	10.8441	12.6558	
-71.5424	-69.4359	-65.3052	-58.3345	-48.5775	-33.4635	-9.73772	11.244	13.192	
-71.5424	-69.4359	-65.3052	-58.3345	-48.5775	-33.4389	-9.60908	11.7153	13.6277	
-71.5424	-69.4359	-65.3052	-58.3345	-48.5775	-33.3895	-9.52505	12.1756	14.0886	
-71.5424	-69.4359	-65.3052	-58.3345	-48.5775	-33.3895	-9.45724	12.6622	14.5814	
-71.5424	-69.4359	-65.3052	-58.3345	-48.5775	-33.3895	-9.41135	13.1363	15.1017	
-71.5424	-69.4359	-65.3052	-58.3345	-48.5775	-33.365	-9.27307	13.4715	15.6372	
-71.5424	-69.4359	-65.3052	-58.3345	-48.5775	-33.3404	-9.20428	13.9442	16.098	
-71.5424	-69.4359	-65.3052	-58.3345	-48.5775	-33.3404	-9.10923	14.3834	16.5847	
-71.5424	-69.4359	-65.3052	-58.3345	-48.5775	-33.3404	-9.03774	14.8589	17.052	
-71.5424	-69.4359	-65.3052	-58.3345	-48.5775	-33.3404	-9.03774	15.3449	17.5738	
-71.5424	-69.4359	-65.3052	-58.3345	-48.5775	-33.3404	-9.01295	15.8282	18.0669	
-71.5424	-69.4359	-65.3052	-58.3345	-48.5775	-33.3404	-9.01295	16.3069	18.5829	
-71.5424	-69.4359	-65.3052	-58.3345	-48.5775	-33.3161	-8.91062	16.7387	19.0129	
-71.5424	-69.4359	-65.3052	-58.3345	-48.5775	-33.3161	-8.80804	17.1376	19.494	
-71.5424	-69.4359	-65.3052	-58.3345	-48.5775	-33.3161	-8.67943	17.4723	20.0081	
-71.5424	-69.4359	-65.3052	-58.3345	-48.5775	-33.3161	-8.65363	17.9593	20.4657	
-71.5424	-69.4359	-65.3052	-58.3345	-48.5775	-33.3161	-8.62731	18.3857	20.9774	
-71.5424	-69.4359	-65.3052	-58.3345	-48.5775	-33.3161	-8.5479	18.7558	21.4864	
-71.5424	-69.4359	-65.3052	-58.3345	-48.5775	-33.2921	-8.51803	19.2432	21.8975	
-71.5424	-69.4359	-65.3052	-58.3345	-48.5775	-33.2921	-8.32942	19.6016	22.2971	
-71.5424	-69.4359	-65.3052	-58.3345	-48.5775	-33.2921	-8.27513	20.0406	22.7451	
-71.5424	-69.4359	-65.3052	-58.3345	-48.5775	-33.2921	-8.13825	20.4181	23.1671	
-71.5424	-69.4359	-65.3052	-58.3345	-48.5775	-33.2921	-8.08341	20.7454	23.7152	
-71.5424	-69.4359	-65.3052	-58.3345	-48.5775	-33.2921	-8.02831	21.1222	24.2075	
-71.5424	-69.4359	-65.3052	-58.3345	-48.5775	-33.2921	-7.97247	21.5012	24.6913	
-71.5424	-69.4359	-65.3052	-58.3345	-48.5775	-33.2921	-7.97247	22.0042	25.1016	
-71.5424	-69.4359	-65.3052	-58.3345	-48.5775	-33.2682	-7.91088	22.3899	25.5382	
-71.5424	-69.4359	-65.3052	-58.3345	-48.5775	-33.2682	-7.85364	22.7565	26.017	
-71.5424	-69.4359	-65.3052	-58.3345	-48.5775	-33.2682	-7.82473	23.2012	26.4376	
-71.5424	-69.4359	-65.3052	-58.3345	-48.5775	-33.2682	-7.76656	23.5898	26.8858	
-71.5424	-69.4359	-65.3052	-58.3345	-48.5775	-33.2682	-7.7078	23.9782	27.3253	
-71.5424	-69.4359	-65.3052	-58.3345	-48.5775	-33.2682	-7.67825	24.3726	27.7829	
-71.5424	-69.4359	-65.3052	-58.3345	-48.5775	-33.2682	-7.58905	24.7277	28.215	
-71.5424	-69.4359	-65.3052	-58.3345	-48.5775	-33.2682	-7.52939	25.0902	28.6642	
-71.5424	-69.4359	-65.3052	-58.3345	-48.5775	-33.2682	-7.49921	25.4759	29.1145	
-71.5424	-69.4359	-65.3052	-58.3345	-48.5775	-33.2682	-7.46889	25.8517	29.5695	
-71.5424	-69.4359	-65.3052	-58.3345	-48.5775	-33.2682	-7.46889	26.2393	30.0383	
-71.5424	-69.4359	-65.3052	-58.3345	-48.5775	-33.2682	-7.43811	26.6707	30.4274	
-71.5424	-69.4359	-65.3052	-58.3345	-48.5775	-33.2448	-7.36842	26.9437	30.9076	
-71.5424	-69.4359	-65.3052	-58.3345	-48.5775	-33.1981	-7.22959	27.2211	31.2861	
-71.5424	-69.4359	-65.3052	-58.3345	-48.5775	-33.1981	-7.1986	27.5988	31.7144	
-71.5424	-69.4359	-65.3052	-58.3345	-48.5775	-33.1981	-7.07405	27.9004	32.1206	
-71.5424	-69.4359	-65.3052	-58.3345	-48.5775	-33.1981	-7.07405	28.2738	32.5747	
-71.5424	-69.4359	-65.3052	-58.3345	-48.5775	-33.1981	-7.04249	28.6491	32.9907	
-71.5424	-69.4359	-65.3052	-58.3345	-48.5775	-33.1981	-6.97901	29.0318	33.3628	
-71.5424	-69.4359	-65.3052	-58.3345	-48.5775	-33.1981	-6.94718	29.4497	33.727	
-71.5424	-69.4359	-65.3052	-58.3345	-48.5775	-33.1981	-6.94718	29.7851	34.2012	
-71.5424	-69.4359	-65.3052	-58.3345	-48.5775	-33.1981	-6.91481	30.1149	34.644	
-71.5424	-69.4359	-65.3052	-58.3345	-48.5775	-33.1981	-6.81725	30.4429	35.0191	
-71.5424	-69.4359	-65.3052	-58.3345	-48.5775	-33.1981	-6.71958	30.7296	35.4313	
-71.5424	-69.4359	-65.3052	-58.3345	-48.5775	-33.1981	-6.65433	31.0223	35.8652	
-71.5424	-69.4359	-65.3052	-58.3345	-48.5775	-33.1751	-6.64455	31.3615	36.2805	
-71.5424	-69.4359	-65.3052	-58.3345	-48.5775	-33.1751	-6.61167	31.7411	36.6512	
-71.5424	-69.4359	-65.3052	-58.3345	-48.5775	-33.1751	-6.61167	32.0464	37.1248	
-71.5424	-69.4359	-65.3052	-58.3345	-48.5775	-33.1751	-6.61167	32.3648	37.5809	
-71.5424	-69.4359	-65.3052	-58.3345	-48.5775	-33.1751	-6.61167	32.6978	38.0178	
-71.5424	-69.4359	-65.3052	-58.3345	-48.5775	-33.1751	-6.57808	33.0242	38.4236	
-71.5424	-69.4359	-65.3052	-58.3345	-48.5775	-33.1751	-6.57808	33.3522	38.8571	
-71.5424	-69.4359	-65.3052	-58.3345	-48.5775	-33.1751	-6.51031	33.6412	39.2577	
-71.5424	-69.4359	-65.3052	-58.3345	-48.5775	-33.1751	-6.47632	33.9198	39.6985	
-71.5424	-69.4359	-65.3052	-58.3345	-48.5775	-33.1751	-6.44226	34.2767	40.0569	
-71.5424	-69.4359	-65.3052	-58.3345	-48.5775	-33.1751	-6.40806	34.6166	40.4281	
-71.5424	-69.4359	-65.3052	-58.3345	-48.5775	-33.1751	-6.40806	34.9441	40.842	
-71.5424	-69.4359	-65.3052	-58.3345	-48.5775	-33.1751	-6.40806	35.2907	41.2328	
-71.5424	-69.4359	-65.3052	-58.3345	-48.5775	-33.1751	-6.33838	35.5357	41.6517	
-71.5424	-69.4359	-65.3052	-58.3345	-48.5775	-33.1751	-6.33838	35.9226	41.9945	
-71.5424	-69.4359	-65.3052	-58.3345	-48.5775	-33.1751	-6.26824	36.2424	42.3307	
-71.5424	-69.4359	-65.3052	-58.3345	-48.5775	-33.1751	-6.19814	36.4857	42.7397	
-71.5424	-69.4359	-65.3052	-58.3345	-48.5775	-33.1751	-6.16299	36.74	43.1688	
-71.5424	-69.4359	-65.3052	-58.3345	-48.5775	-33.1751	-6.16299	36.9976	43.6259	
-71.5424	-69.4359	-65.3052	-58.3345	-48.5775	-33.1751	-6.16299	37.3378	43.9965	
-71.5424	-69.4359	-65.3052	-58.3345	-48.5775	-33.1751	-6.16299	37.6184	44.4228	
-71.5424	-69.4359	-65.3052	-58.3345	-48.5775	-33.1751	-6.0918	37.8771	44.7963	
-71.5424	-69.4359	-65.3052	-58.3345	-48.5775	-33.1751	-6.0918	38.206	45.1671	
-71.5424	-69.4359	-65.3052	-58.3345	-48.5775	-33.1751	-6.05589	38.4547	45.5784	
-71.5424	-69.4359	-65.3052	-58.3345	-48.5775	-33.1751	-6.05589	38.7007	46.0249	
-71.5424	-69.4359	-65.3052	-58.3345	-48.5775	-33.1751	-6.05589	39.0047	46.4094	
-71.5424	-69.4359	-65.3052	-58.3345	-48.5775	-33.1751	-5.94786	39.1769	46.8142	
-71.5424	-69.4359	-65.3052	-58.3345	-48.5775	-33.1751	-5.94786	39.5066	47.1661	
-71.5424	-69.4359	-65.3052	-58.3345	-48.5775	-33.1751	-5.94786	39.7664	47.5842	
-71.5424	-69.4359	-65.3052	-58.3345	-48.5775	-33.1751	-5.94786	40.1001	47.9249	
-71.5424	-69.4359	-65.3052	-58.3345	-48.5775	-33.1751	-5.87453	40.329	48.2942	
-71.5424	-69.4359	-65.3052	-58.3345	-48.5775	-33.1751	-5.87453	40.6588	48.6322	
-71.5424	-69.4359	-65.3052	-58.3345	-48.5775	-33.1536	-5.85924	40.8208	49.098	
-71.5424	-69.4359	-65.3052	-58.3345	-48.5775	-33.1536	-5.85924	41.0844	49.4952	
-71.5424	-69.4359	-65.3052	-58.3345	-48.5775	-33.1536	-5.82243	41.3466	49.8537	
-71.5424	-69.4359	-65.3052	-58.3345	-48.5775	-33.1536	-5.82243	41.6664	50.1882	
-71.5424	-69.4359	-65.3052	-58.3345	-48.5775	-33.1536	-5.82243	41.9468	50.559	
-71.5424	-69.4359	-65.3052	-58.3345	-48.5775	-33.1536	-5.82243	42.2426	50.911	
-71.5424	-69.4359	-65.3052	-58.3345	-48.5775	-33.1536	-5.78515	42.574	51.1872	
-71.5424	-69.4359	-65.3052	-58.3345	-48.5775	-33.1536	-5.74779	42.8568	51.509	
-71.5424	-69.4359	-65.3052	-58.3345	-48.5775	-33.1536	-5.74779	43.12	51.8846	
-71.5424	-69.4359	-65.3052	-58.3345	-48.5775	-33.1536	-5.7103	43.3018	52.3008	
-71.5424	-69.4359	-65.3052	-58.3345	-48.5775	-33.1536	-5.7103	43.639	52.596	
-71.5424	-69.4359	-65.3052	-58.3345	-48.5775	-33.1536	-5.7103	43.8737	52.9908	
-71.5424	-69.4359	-65.3052	-58.3345	-48.5775	-33.1536	-5.6348	44.0729	53.3422	
-71.5424	-69.4359	-65.3052	-58.3345	-48.5775	-33.1536	-5.6348	44.3971	53.6413	
-71.5424	-69.4359	-65.3052	-58.3345	-48.5775	-33.1536	-5.59697	44.6751	53.9459	
-71.5424	-69.4359	-65.3052	-58.3345	-48.5775	-33.1536	-5.55901	44.9802	54.2205	
-71.5424	-69.4359	-65.3052	-58.3345	-48.5775	-33.1536	-5.55901	45.3092	54.5065	
-71.5424	-69.4359	-65.3052	-58.3345	-48.5775	-33.1536	-5.52085	45.603	54.7868	
-71.5424	-69.4359	-65.3052	-58.3345	-48.5775	-33.1536	-5.48257	45.8615	55.0995	
-71.5424	-69.4359	-65.3052	-58.3345	-48.5775	-33.1536	-5.48257	46.1592	55.4085	
-71.5424	-69.4359	-65.3052	-58.3345	-48.5775	-33.1536	-5.48257	46.3819	55.7898	
-71.5424	-69.4359	-65.3052	-58.3345	-48.5775	-33.1536	-5.48257	46.6018	56.1707	
-71.5424	-69.4359	-65.3052	-58.3345	-48.5775	-33.1536	-5.44402	46.7584	56.5734	
-71.5424	-69.4359	-65.3052	-58.3345	-48.5775	-33.1536	-5.44402	47.0064	56.9203	
-71.5424	-69.4359	-65.3052	-58.3345	-48.5775	-33.1536	-5.44402	47.2063	57.3123	
-71.5424	-69.4359	-65.3052	-58.3345	-48.5775	-33.1536	-5.44402	47.4673	57.6403	
-71.5424	-69.4359	-65.3052	-58.3345	-48.5775	-33.1536	-5.4052	47.7422	57.9131	
-71.5424	-69.4359	-65.3052	-58.3345	-48.5662	-33.1445	-5.38656	48.0096	58.1903	
-71.5424	-69.4359	-65.3052	-58.3345	-48.5662	-33.1445	-5.38656	48.2196	58.5616	
-71.5424	-69.4359	-65.3052	-58.3345	-48.5662	-33.1445	-5.38656	48.4544	58.9053	
-71.5424	-69.4359	-65.3052	-58.3345	-48.5662	-33.1445	-5.38656	48.699	59.2363	
-71.5424	-69.4359	-65.3052	-58.3345	-48.5662	-33.1445	-5.38656	48.9139	59.5945	
-71.5424	-69.4359	-65.3052	-58.3345	-48.5662	-33.1245	-5.3673	49.1219	59.9176	
-71.5424	-69.4359	-65.3052	-58.3345	-48.5662	-33.1245	-5.3673	49.4025	60.2048	
-71.5424	-69.4359	-65.3052	-58.3345	-48.5662	-33.1245	-5.3673	49.6764	60.4962	
-71.5424	-69.4359	-65.3052	-58.3345	-48.5662	-33.1245	-5.3673	49.9855	60.7499	
-71.5424	-69.4359	-65.3052	-58.3345	-48.5662	-33.1245	-5.3673	50.2249	61.0709	
-71.5424	-69.4359	-65.3052	-58.3345	-48.5662	-33.1245	-5.3673	50.443	61.4107	
-71.5424	-69.4359	-65.3052	-58.3345	-48.5662	-33.1245	-5.3673	50.6165	61.7924	
-71.5424	-69.4359	-65.3052	-58.3345	-48.5662	-33.1245	-5.3673	50.8253	62.1361	
-71.5424	-69.4359	-65.3052	-58.3345	-48.5662	-33.1245	-5.32751	51.0189	62.4528	
-71.5424	-69.4359	-65.3052	-58.3345	-48.5662	-33.1245	-5.32751	51.263	62.7561	
-71.5424	-69.4359	-65.3052	-58.3345	-48.5662	-33.1245	-5.32751	51.5309	63.0337	
-71.5424	-69.4359	-65.3052	-58.3345	-48.5662	-33.1245	-5.32751	51.7311	63.3765	
-71.5424	-69.4359	-65.3052	-58.3345	-48.5662	-33.1245	-5.24758	51.9694	63.5986	
-71.5424	-69.4359	-65.3052	-58.3345	-48.5662	-33.1245	-5.24758	52.1575	63.9485	
-71.5424	-69.4359	-65.3052	-58.3345	-48.5662	-33.1245	-5.24758	52.365	64.2765	
-71.5424	-69.4359	-65.3052	-58.3345	-48.5555	-33.1157	-5.22677	52.6646	64.4694	
-71.5424	-69.4359	-65.3052	-58.3345	-48.5555	-33.1157	-5.18663	52.847	64.7781	
-71.5424	-69.4359	-65.3052	-58.3345	-48.5555	-33.1157	-5.18663	53.0793	65.0747	
-71.5424	-69.4359	-65.3052	-58.3345	-48.5555	-33.1157	-5.18663	53.2876	65.3929	
-71.5424	-69.4359	-65.3052	-58.3345	-48.5555	-33.1157	-5.14636	53.4831	65.6813	
-71.5424	-69.4359	-65.3052	-58.3345	-48.5555	-33.1157	-5.14636	53.6029	66.0832	
-71.5424	-69.4359	-65.3052	-58.3345	-48.5555	-33.1157	-5.10614	53.7784	66.3868	
-71.5424	-69.4359	-65.3052	-58.3345	-48.5555	-33.1157	-5.06595	53.9038	66.7382	
-71.5424	-69.4359	-65.3052	-58.3345	-48.5555	-33.1157	-5.06595	54.0973	67.0593	
-71.5424	-69.4359	-65.3052	-58.3345	-48.5555	-33.1157	-5.06595	54.2841	67.3847	
-71.5424	-69.4359	-65.3052	-58.3345	-48.5555	-33.1157	-5.0257	54.4503	67.6883	
-71.5424	-69.4359	-65.3052	-58.3345	-48.5555	-33.1157	-5.0257	54.6127	68.0336	
-71.5424	-69.4359	-65.3052	-58.3345	-48.5555	-33.1157	-5.0257	54.8322	68.3195	
-71.5424	-69.4359	-65.3052	-58.3345	-48.5555	-33.1157	-5.0257	55.1135	68.5415	
-71.5424	-69.4359	-65.3052	-58.3345	-48.5555	-33.1157	-5.0257	55.35	68.8064	
-71.5424	-69.4359	-65.3052	-58.3345	-48.5555	-33.1157	-5.0257	55.5141	69.1415	
-71.5424	-69.4359	-65.3052	-58.3345	-48.5555	-33.1157	-5.0257	55.7068	69.4458	
-71.5424	-69.4359	-65.3052	-58.3345	-48.5555	-33.1157	-5.0257	55.9006	69.7468	
-71.5424	-69.4359	-65.3052	-58.3345	-48.5555	-33.1157	-5.0257	56.1043	70.0359	
-71.5424	-69.4359	-65.3052	-58.3345	-48.5555	-33.1157	-5.0257	56.2812	70.3496	
-71.5424	-69.4359	-65.3052	-58.3345	-48.5555	-33.1157	-5.0257	56.4781	70.6412	
-71.5424	-69.4359	-65.3052	-58.3345	-48.5555	-33.1157	-4.98505	56.6451	70.9201	
-71.5424	-69.4359	-65.3052	-58.3345	-48.5555	-33.1157	-4.98505	56.7973	71.2522	
-71.5424	-69.4359	-65.3052	-58.3345	-48.5555	-33.1157	-4.98505	56.9693	71.5623	
-71.5424	-69.4359	-65.3052	-58.3345	-48.5555	-33.1157	-4.98505	57.162	71.8497	
-71.5424	-69.4359	-65.3052	-58.3345	-48.5555	-33.1157	-4.98505	57.3936	72.0962	
-71.5424	-69.4359	-65.3052	-58.3345	-48.5555	-33.1157	-4.98505	57.6349	72.3311	
-71.5424	-69.4359	-65.3052	-58.3345	-48.5555	-33.1157	-4.98505	57.8658	72.5745	
-71.5424	-69.4359	-65.3052	-58.3345	-48.5555	-33.1157	-4.98505	58.0301	72.8827	
-71.5424	-69.4359	-65.3052	-58.3345	-48.5555	-33.1157	-4.98505	58.2525	73.1307	
-71.5424	-69.4359	-65.3052	-58.3345	-48.5555	-33.1157	-4.98505	58.4748	73.377	
-71.5424	-69.4359	-65.3052	-58.3345	-48.5555	-33.1157	-4.98505	58.7161	73.6024	
-71.5424	-69.4359	-65.3052	-58.3345	-48.5555	-33.1157	-4.98505	58.9179	73.8658	
-71.5424	-69.4359	-65.3052	-58.3345	-48.5555	-33.1157	-4.98505	59.1683	74.0785	
-71.5424	-69.4359	-65.3052	-58.3345	-48.5555	-33.1157	-4.94385	59.3674	74.2997	
-71.5424	-69.4359	-65.3052	-58.3345	-48.5555	-33.1157	-4.86149	59.4588	74.5856	
-71.5424	-69.4359	-65.3052	-58.3345	-48.5555	-33.1157	-4.86149	59.6912	74.8111	
-71.5424	-69.4359	-65.3052	-58.3345	-48.5555	-33.1157	-4.86149	59.8178	75.1405	
-71.5424	-69.4359	-65.3052	-58.3345	-48.5555	-33.1157	-4.86149	59.9454	75.4669	
-71.5424	-69.4359	-65.3052	-58.3345	-48.5555	-33.1157	-4.86149	60.2023	75.662	
-71.5424	-69.4359	-65.3052	-58.3345	-48.5555	-33.1157	-4.86149	60.3409	75.9738	
-71.5424	-69.4359	-65.3052	-58.3345	-48.5555	-33.1157	-4.86149	60.5002	76.2629	
-71.5424	-69.4359	-65.3052	-58.3345	-48.5555	-33.1157	-4.86149	60.6407	76.5688	
-71.5424	-69.4359	-65.3052	-58.3345	-48.5555	-33.1157	-4.86149	60.8414	76.8128	
-71.5424	-69.4359	-65.3052	-58.3345	-48.5555	-33.1157	-4.86149	61.0331	77.0641	
-71.5424	-69.4359	-65.3052	-58.3345	-48.5555	-33.1157	-4.86149	61.2249	77.3135	
-71.5424	-69.4359	-65.3052	-58.3345	-48.5555	-33.1157	-4.86149	61.3868	77.5911	
-71.5424	-69.4359	-65.3052	-58.3345	-48.5555	-33.1157	-4.86149	61.5795	77.836	
-71.5424	-69.4359	-65.3052	-58.3345	-48.5555	-33.1157	-4.86149	61.7117	78.1398	
-71.5424	-69.4359	-65.3052	-58.3345	-48.5555	-33.1157	-4.86149	61.8454	78.4402	
-71.5424	-69.4359	-65.3052	-58.3345	-48.5555	-33.1157	-4.86149	62.0207	78.6973	
-71.5424	-69.4359	-65.3052	-58.3345	-48.5555	-33.1157	-4.86149	62.176	78.9726	
-71.5424	-69.4359	-65.3052	-58.3345	-48.5555	-33.1157	-4.86149	62.3837	79.1938	
-71.5424	-69.4359	-65.3052	-58.3345	-48.5555	-33.1157	-4.86149	62.5401	79.4646	
-71.5424	-69.4359	-65.3052	-58.3345	-48.5555	-33.1157	-4.86149	62.7176	79.7127	
-71.5424	-69.4359	-65.3052	-58.3345	-48.5555	-33.1157	-4.86149	62.8639	79.9903	
-71.5424	-69.4359	-65.3052	-58.3345	-48.5555	-33.1157	-4.86149	63.0326	80.2438	
-71.5424	-69.4359	-65.3052	-58.3345	-48.5555	-33.1157	-4.86149	63.2114	80.4856	
-71.5424	-69.4359	-65.3052	-58.3345	-48.5555	-33.1157	-4.86149	63.3702	80.7457	
-71.5424	-69.4359	-65.3052	-58.3345	-48.5555	-33.1157	-4.86149	63.5294	81.0037	
-71.5424	-69.4359	-65.3052	-58.3345	-48.5555	-33.1157	-4.86149	63.7107	81.2381	
-71.5424	-69.4359	-65.3052	-58.3345	-48.5555	-33.1157	-4.86149	63.839	81.5238	
-71.5424	-69.4359	-65.3052	-58.3345	-48.5555	-33.1157	-4.86149	63.9996	81.7756	
-71.5424	-69.4359	-65.3052	-58.3345	-48.5555	-33.1157	-4.86149	64.086	82.0999	
-71.5424	-69.4359	-65.3052	-58.3345	-48.5555	-33.1157	-4.81999	64.1433	82.41	
-71.5424	-69.4359	-65.3052	-58.3345	-48.5555	-33.1157	-4.81999	64.3413	82.6192	
-71.5424	-69.4359	-65.3052	-58.3345	-48.5555	-33.1157	-4.81999	64.4738	82.8924	
-71.5424	-69.4359	-65.3052	-58.3345	-48.5555	-33.1157	-4.81999	64.7492	83.0211	
-71.5424	-69.4359	-65.3052	-58.3345	-48.5555	-33.1157	-4.81999	64.8917	83.2815	
-71.5424	-69.4359	-65.3052	-58.3345	-48.5555	-33.1157	-4.81999	65.0349	83.5396	
-71.5424	-69.4359	-65.3052	-58.3345	-48.5555	-33.1157	-4.81999	65.2335	83.7409	
-71.5424	-69.4359	-65.3052	-58.3345	-48.5555	-33.1157	-4.81999	65.3772	83.9955	
-71.5424	-69.4359	-65.3052	-58.3345	-48.5555	-33.1157	-4.81999	65.6415	84.1281	
-71.5424	-69.4359	-65.3052	-58.3345	-48.5555	-33.1157	-4.81999	65.8497	84.3155	
-71.5424	-69.4359	-65.3052	-58.3345	-48.5555	-33.1157	-4.81999	66.0027	84.5569	
-71.5424	-69.4359	-65.3052	-58.3345	-48.5555	-33.1157	-4.81999	66.1887	84.7637	
-71.5424	-69.4359	-65.3052	-58.3345	-48.5555	-33.1157	-4.81999	66.386	84.9579	
-71.5424	-69.4359	-65.3052	-58.3345	-48.5555	-33.1157	-4.81999	66.6147	85.1194	
-71.5424	-69.4359	-65.3052	-58.3345	-48.5555	-33.1157	-4.73634	66.77	85.2693	
-71.5424	-69.4359	-65.3052	-58.3345	-48.5555	-33.1157	-4.73634	66.9651	85.4618	
-71.5424	-69.4359	-65.3052	-58.3345	-48.5555	-33.1157	-4.73634	67.1274	85.6859	
-71.5424	-69.4359	-65.3052	-58.3345	-48.5555	-33.1157	-4.73634	67.2905	85.9077	
-71.5424	-69.4359	-65.3052	-58.3345	-48.5555	-33.1157	-4.73634	67.3994	86.1824	
-71.5424	-69.4359	-65.3052	-58.3345	-48.5555	-33.1157	-4.73634	67.52	86.4437	
-71.5424	-69.4359	-65.3052	-58.3345	-48.5555	-33.1157	-4.73634	67.6962	86.6479	
-71.5424	-69.4359	-65.3052	-58.3345	-48.5555	-33.1157	-4.69451	67.8301	86.8514	
-71.5424	-69.4359	-65.3052	-58.3345	-48.5555	-33.1157	-4.65269	67.9644	87.0531	
-71.5424	-69.4359	-65.3052	-58.3345	-48.5555	-33.0993	-4.62723	68.0881	87.2643	
-71.5424	-69.4359	-65.3052	-58.3345	-48.5555	-33.0993	-4.62723	68.2423	87.4853	
-71.5424	-69.4359	-65.3052	-58.3345	-48.5555	-33.0993	-4.58546	68.3668	87.6929	
-71.5424	-69.4359	-65.3052	-58.3345	-48.5555	-33.0993	-4.58546	68.456	87.9762	
-71.5424	-69.4359	-65.3052	-58.3345	-48.5555	-33.0993	-4.58546	68.6567	88.1467	
-71.5424	-69.4359	-65.3052	-58.3345	-48.5555	-33.0993	-4.58546	68.7293	88.4439	
-71.5424	-69.4359	-65.3052	-58.3345	-48.5555	-33.0993	-4.58546	68.9318	88.6098	
-71.5424	-69.4359	-65.3052	-58.3345	-48.5555	-33.0993	-4.58546	69.0889	88.8199	
-71.5424	-69.4359	-65.3052	-58.3345	-48.5555	-33.0993	-4.58546	69.2679	89.0068	
-71.5424	-69.4359	-65.3052	-58.3345	-48.5555	-33.0993	-4.58546	69.3917	89.2476	
-71.5424	-69.4359	-65.3052	-58.3345	-48.5555	-33.0993	-4.5437	69.5187	89.4421	
-71.5424	-69.4359	-65.3052	-58.3345	-48.5555	-33.0832	-4.51801	69.59	89.691	
-71.5424	-69.4359	-65.3052	-58.3345	-48.5555	-33.0832	-4.51801	69.6696	89.9721	
-71.5424	-69.4359	-65.3052	-58.3345	-48.5555	-33.0832	-4.51801	69.8071	90.1938	
-71.5424	-69.4359	-65.3052	-58.3345	-48.5555	-33.0832	-4.51801	69.8988	90.4601	
-71.5424	-69.4359	-65.3052	-58.3345	-48.5555	-33.0832	-4.43484	69.9431	90.6891	
-71.5424	-69.4359	-65.3052	-58.3345	-48.5555	-33.0832	-4.43484	70.1513	90.8363	
-71.5424	-69.4359	-65.3052	-58.3345	-48.5555	-33.0832	-4.43484	70.3473	90.9946	
-71.5424	-69.4359	-65.3052	-58.3345	-48.5555	-33.0832	-4.43484	70.5768	91.1183	
-71.5424	-69.4359	-65.3052	-58.3345	-48.5555	-33.0673	-4.40904	70.7642	91.2413	
-71.5424	-69.4359	-65.3052	-58.3345	-48.5555	-33.0673	-4.40904	70.9231	91.4336	
-71.5424	-69.4359	-65.3052	-58.3345	-48.5555	-33.0673	-4.40904	71.0256	91.6811	
-71.5424	-69.4359	-65.3052	-58.3345	-48.5555	-33.0673	-4.40904	71.2309	91.8244	
-71.5424	-69.4359	-65.3052	-58.3345	-48.5555	-33.0673	-4.40904	71.4463	91.9568	
-71.5424	-69.4359	-65.3052	-58.3345	-48.5555	-33.0673	-4.40904	71.605	92.1446	
-71.5424	-69.4359	-65.3052	-58.3345	-48.5555	-33.0673	-4.40904	71.7523	92.3429	
-71.5424	-69.4359	-65.3052	-58.3345	-48.5555	-33.0673	-4.40904	71.9997	92.4399	
-71.5424	-69.4359	-65.3052	-58.3345	-48.5555	-33.0673	-4.40904	72.1456	92.6375	
-71.5424	-69.4359	-65.3052	-58.3345	-48.5555	-33.0673	-4.40904	72.2357	92.8897	
-71.5424	-69.4359	-65.3052	-58.3345	-48.5555	-33.0673	-4.40904	72.4268	93.0396	
-71.5424	-69.4359	-65.3052	-58.3345	-48.5555	-33.0673	-4.40904	72.551	93.2553	
-71.5424	-69.4359	-65.3052	-58.3345	-48.5555	-33.0673	-4.40904	72.7087	93.4364	
-71.5424	-69.4359	-65.3052	-58.3345	-48.5555	-33.0673	-4.40904	72.8102	93.6725	
-71.5424	-69.4359	-65.3052	-58.3345	-48.5555	-33.0673	-4.40904	72.946	93.8732	
-71.5424	-69.4359	-65.3052	-58.3345	-48.5555	-33.0673	-4.40904	73.0598	94.0947	
-71.5424	-69.4359	-65.3052	-58.3345	-48.5555	-33.0673	-4.40904	73.2526	94.2361	
-71.5424	-69.4359	-65.3052	-58.3345	-48.5555	-33.0673	-4.40904	73.3886	94.4333	
-71.5424	-69.4359	-65.3052	-58.3345	-48.5555	-33.0673	-4.40904	73.5022	94.6517	
-71.5424	-69.4359	-65.3052	-58.3345	-48.5555	-33.0673	-4.40904	73.5935	94.8912	
-71.5424	-69.4359	-65.3052	-58.3345	-48.5555	-33.0673	-4.40904	73.7535	95.061	
-71.5424	-69.4359	-65.3052	-58.3345	-48.5555	-33.0673	-4.40904	73.8563	95.2868	
-71.5424	-69.4359	-65.3052	-58.3345	-48.5555	-33.0673	-4.40904	74.0505	95.4201	
-71.5424	-69.4359	-65.3052	-58.3345	-48.5555	-33.0673	-4.40904	74.2219	95.5752	
-71.5424	-69.4359	-65.3052	-58.3345	-48.5555	-33.0673	-4.40904	74.3477	95.7749	
-71.5424	-69.4359	-65.3052	-58.3345	-48.5555	-33.0673	-4.32546	74.4013	95.9622	
-71.5424	-69.4359	-65.3052	-58.3345	-48.5555	-33.0673	-4.32546	74.5619	96.125	
-71.5424	-69.4359	-65.3052	-58.3345	-48.5555	-33.0673	-4.32546	74.6537	96.3555	
-71.5424	-69.4359	-65.3052	-58.3345	-48.5555	-33.0673	-4.32546	74.7344	96.596	
-71.5424	-69.4359	-65.3052	-58.3345	-48.5555	-33.0673	-4.32546	74.8842	96.7663	
-71.5424	-69.4359	-65.3052	-58.3345	-48.5555	-33.0673	-4.28378	75.0043	96.9236	
-71.5424	-69.4359	-65.3052	-58.3345	-48.5555	-33.0673	-4.28378	75.143	97.103	
-71.5424	-69.4359	-65.3052	-58.3345	-48.5555	-33.0673	-4.28378	75.3159	97.2472	
-71.5424	-69.4359	-65.3052	-58.3345	-48.5555	-33.0673	-4.28378	75.4083	97.4709	
-71.5424	-69.4359	-65.3052	-58.3345	-48.5555	-33.0673	-4.28378	75.6156	97.5787	
-71.5424	-69.4359	-65.3052	-58.3345	-48.5555	-33.0673	-4.28378	75.719	97.7895	
-71.5424	-69.4359	-65.3052	-58.3345	-48.5555	-33.0673	-4.28378	75.8343	97.9874	
-71.5424	-69.4359	-65.3052	-58.3345	-48.5555	-33.0673	-4.28378	75.9152	98.2186	
-71.5424	-69.4359	-65.3052	-58.3345	-48.5555	-33.0673	-4.28378	75.9735	98.4711	
-71.5424	-69.4359	-65.3052	-58.3345	-48.5555	-33.0673	-4.28378	76.0792	98.6752	
-71.5424	-69.4359	-65.3052	-58.3345	-48.5555	-33.0673	-4.24219	76.1784	98.8432	
-71.5424	-69.4359	-65.3052	-58.3345	-48.5555	-33.0673	-4.24219	76.2609	99.0685	
-71.5424	-69.4359	-65.3052	-58.3345	-48.5555	-33.0673	-4.24219	76.4377	99.1984	
-71.5424	-69.4359	-65.3052	-58.3345	-48.5555	-33.0673	-4.24219	76.6371	99.3048	
-71.5424	-69.4359	-65.3052	-58.3345	-48.5555	-33.0673	-4.24219	76.7658	99.4812	
-71.5424	-69.4359	-65.3052	-58.3345	-48.5555	-33.0673	-4.24219	76.8477	99.7034	
-71.5424	-69.4359	-65.3052	-58.3345	-48.5555	-33.0673	-4.24219	76.9416	99.9125	
-71.5424	-69.4359	-65.3052	-58.3345	-48.5555	-33.0673	-4.24219	77.1061	100.05	
-71.5424	-69.4359	-65.3052	-58.3345	-48.5555	-33.0673	-4.24219	77.212	100.245	
-71.5424	-69.4359	-65.3052	-58.3345	-48.5555	-33.0673	-4.24219	77.388	100.37	
-71.5424	-69.4359	-65.3052	-58.3345	-48.5555	-33.0673	-4.24219	77.5868	100.47	
-71.5424	-69.4359	-65.3052	-58.3345	-48.5555	-33.0673	-4.24219	77.7032	100.652	
-71.5424	-69.4359	-65.3052	-58.3345	-48.5555	-33.0673	-4.24219	77.8545	100.799	
-71.5424	-69.4359	-65.3052	-58.3345	-48.5555	-33.0673	-4.24219	78.0405	100.91	
-71.5424	-69.4359	-65.3052	-58.3345	-48.5555	-33.0673	-4.24219	78.2254	101.021	
-71.5424	-69.4359	-65.3052	-58.3345	-48.5555	-33.0673	-4.24219	78.3063	101.235	
-71.5424	-69.4359	-65.3052	-58.3345	-48.5555	-33.0673	-4.24219	78.4452	101.391	
-71.5424	-69.4359	-65.3052	-58.3345	-48.5555	-33.0673	-4.24219	78.5149	101.614	
-71.5424	-69.4359	-65.3052	-58.3345	-48.5555	-33.0673	-4.24219	78.585	101.836	
-71.5424	-69.4359	-65.3052	-58.3345	-48.5555	-33.0673	-4.24219	78.667	102.046	
-71.5424	-69.4359	-65.3052	-58.3345	-48.5555	-33.0528	-4.21505	78.7661	102.196	
-71.5424	-69.4359	-65.3052	-58.3345	-48.5555	-33.0528	-4.21505	78.8837	102.367	
-71.5424	-69.4359	-65.3052	-58.3345	-48.5555	-33.0528	-4.21505	79.001	102.539	
-71.5424	-69.4359	-65.3052	-58.3345	-48.5555	-33.0528	-4.21505	79.0836	102.744	
-71.5424	-69.4359	-65.3052	-58.3345	-48.5555	-33.0528	-4.21505	79.2484	102.866	
-71.5424	-69.4359	-65.3052	-58.3345	-48.5555	-33.0528	-4.21505	79.3426	103.058	
-71.5424	-69.4359	-65.3052	-58.3345	-48.5555	-33.0528	-4.21505	79.378	103.307	
-71.5424	-69.4359	-65.3052	-58.3345	-48.5555	-33.0528	-4.21505	79.4614	103.508	
-71.5424	-69.4359	-65.3052	-58.3345	-48.5555	-33.0528	-4.21505	79.5569	103.695	
-71.5424	-69.4359	-65.3052	-58.3345	-48.5555	-33.0528	-4.21505	79.6527	103.882	
-71.5424	-69.4359	-65.3052	-58.3345	-48.5555	-33.0528	-4.21505	79.7366	104.079	
-71.5424	-69.4359	-65.3052	-58.3345	-48.5555	-33.0528	-4.21505	79.9397	104.156	
-71.5424	-69.4359	-65.3052	-58.3345	-48.5555	-33.0528	-4.21505	79.9876	104.388	
-71.5424	-69.4359	-65.3052	-58.3345	-48.5555	-33.0528	-4.21505	80.0478	104.606	
-71.5424	-69.4359	-65.3052	-58.3345	-48.5555	-33.0528	-4.21505	80.1562	104.776	
-71.5424	-69.4359	-65.3052	-58.3345	-48.5555	-33.0528	-4.17381	80.2118	104.956	
-71.5424	-69.4359	-65.3052	-58.3345	-48.5555	-33.0528	-4.17381	80.3329	105.111	
-71.5424	-69.4359	-65.3052	-58.3345	-48.5555	-33.0528	-4.13263	80.4248	105.253	
-71.5424	-69.4359	-65.3052	-58.3345	-48.5555	-33.0528	-4.09148	80.541	105.37	
-71.5424	-69.4359	-65.3052	-58.3345	-48.5555	-33.0528	-4.09148	80.6136	105.571	
-71.5424	-69.4359	-65.3052	-58.3345	-48.5555	-33.0528	-4.09148	80.747	105.71	
-71.5424	-69.4359	-65.3052	-58.3345	-48.5555	-33.0528	-4.09148	80.8198	105.909	
-71.5424	-69.4359	-65.3052	-58.3345	-48.5555	-33.0528	-4.09148	80.9051	106.095	
-71.5424	-69.4359	-65.3052	-58.3345	-48.5555	-33.0528	-4.09148	81.0512	106.22	
-71.5424	-69.4359	-65.3052	-58.3345	-48.5555	-33.0528	-4.09148	81.1366	106.404	
-71.5424	-69.4359	-65.3052	-58.3345	-48.5555	-33.0528	-4.09148	81.222	106.587	
-71.5424	-69.4359	-65.3052	-58.3345	-48.5555	-33.0528	-4.09148	81.3441	106.733	
-71.5424	-69.4359	-65.3052	-58.3345	-48.5555	-33.0528	-4.09148	81.4418	106.902	
-71.5424	-69.4359	-65.3052	-58.3345	-48.5555	-33.0528	-4.09148	81.5275	107.082	
-71.5424	-69.4359	-65.3052	-58.3345	-48.5555	-33.0528	-4.09148	81.6501	107.225	
-71.5424	-69.4359	-65.3052	-58.3345	-48.5555	-33.0528	-4.09148	81.7358	107.404	
-71.5424	-69.4359	-65.3052	-58.3345	-48.5555	-33.0528	-4.09148	81.8073	107.597	
-71.5424	-69.4359	-65.3052	-58.3345	-48.5555	-33.0528	-4.09148	81.8566	107.81	
-71.5424	-69.4359	-65.3052	-58.3345	-48.5555	-33.0528	-4.09148	81.9805	107.949	
-71.5424	-69.4359	-65.3052	-58.3345	-48.5555	-33.0528	-4.05059	82.0875	108.062	
-71.5424	-69.4359	-65.3052	-58.3345	-48.5555	-33.0528	-4.05059	82.174	108.236	
-71.5424	-69.4359	-65.3052	-58.3345	-48.5555	-33.0528	-4.05059	82.2606	108.41	
-71.5424	-69.4359	-65.3052	-58.3345	-48.5555	-33.0528	-4.05059	82.3598	108.57	
-71.5424	-69.4359	-65.3052	-58.3345	-48.5555	-33.0528	-4.05059	82.5083	108.679	
-71.5424	-69.4359	-65.3052	-58.3345	-48.5555	-33.0528	-4.05059	82.6442	108.801	
-71.5424	-69.4359	-65.3052	-58.3345	-48.5555	-33.0528	-4.0098	82.7268	108.935	
-71.5424	-69.4359	-65.3052	-58.3345	-48.5555	-33.0528	-4.0098	82.801	109.117	
-71.5424	-69.4359	-65.3052	-58.3345	-48.5555	-33.0528	-4.0098	82.9492	109.224	
-71.5424	-69.4359	-65.3052	-58.3345	-48.5555	-33.0528	-4.0098	82.9863	109.442	
-71.5424	-69.4359	-65.3052	-58.3345	-48.5555	-33.0528	-4.0098	83.073	109.609	
-71.5424	-69.4359	-65.3052	-58.3345	-48.5555	-33.0528	-4.0098	83.1725	109.763	
-71.5424	-69.4359	-65.3052	-58.3345	-48.5555	-33.0528	-4.0098	83.2596	109.929	
-71.5424	-69.4359	-65.3052	-58.3345	-48.5555	-33.0528	-4.0098	83.4209	110.019	
-71.5424	-69.4359	-65.3052	-58.3345	-48.5555	-33.0528	-4.0098	83.52	110.171	
-71.5424	-69.4359	-65.3052	-58.3345	-48.5555	-33.0528	-4.0098	83.6192	110.322	
-71.5424	-69.4359	-65.3052	-58.3345	-48.5555	-33.0528	-4.0098	83.731	110.46	
-71.5424	-69.4359	-65.3052	-58.3345	-48.5555	-33.0528	-4.0098	83.8054	110.635	
-71.5424	-69.4359	-65.3052	-58.3345	-48.5555	-33.0528	-4.0098	83.905	110.784	
-71.5424	-69.4359	-65.3052	-58.3345	-48.5555	-33.0528	-4.0098	83.9798	110.957	
-71.5424	-69.4359	-65.3052	-58.3345	-48.5555	-33.0528	-3.96922	84.0269	111.116	
-71.5424	-69.4359	-65.3052	-58.3345	-48.5555	-33.0528	-3.96922	84.1144	111.274	
-71.5424	-69.4359	-65.3052	-58.3345	-48.5555	-33.0528	-3.96922	84.2518	111.382	
-71.5424	-69.4359	-65.3052	-58.3345	-48.5555	-33.0528	-3.96922	84.364	111.515	
-71.5424	-69.4359	-65.3052	-58.3345	-48.5555	-33.0528	-3.96922	84.4761	111.647	
-71.5424	-69.4359	-65.3052	-58.3345	-48.5555	-33.0528	-3.96922	84.5759	111.791	
-71.5424	-69.4359	-65.3052	-58.3345	-48.5555	-33.0528	-3.96922	84.7125	111.897	
-71.5424	-69.4359	-65.3052	-58.3345	-48.5555	-33.0528	-3.96922	84.8489	112.003	
-71.5424	-69.4359	-65.3052	-58.3345	-48.5555	-33.0528	-3.96922	84.9853	112.108	
-71.5424	-69.4359	-65.3052	-58.3345	-48.5555	-33.0528	-3.96922	85.0719	112.263	
-71.5424	-69.4359	-65.3052	-58.3345	-48.5555	-33.0528	-3.96922	85.1835	112.391	
-71.5424	-69.4359	-65.3052	-58.3345	-48.5555	-33.0528	-3.96922	85.307	112.508	
-71.5424	-69.4359	-65.3052	-58.3345	-48.5555	-33.0528	-3.96922	85.4304	112.623	
-71.5424	-69.4359	-65.3052	-58.3345	-48.5555	-33.0528	-3.92878	85.4763	112.776	
-71.5424	-69.4359	-65.3052	-58.3345	-48.5555	-33.0528	-3.92878	85.5381	112.952	
-71.5424	-69.4359	-65.3052	-58.3345	-48.5555	-33.0528	-3.92878	85.7113	113.015	
-71.5424	-69.4359	-65.3052	-58.3345	-48.5555	-33.0528	-3.92878	85.7484	113.215	
-71.5424	-69.4359	-65.3052	-58.3345	-48.5555	-33.0528	-3.92878	85.8353	113.364	
-71.5424	-69.4359	-65.3052	-58.3345	-48.5555	-33.0528	-3.92878	85.8726	113.562	
-71.5424	-69.4359	-65.3052	-58.3345	-48.5555	-33.0528	-3.92878	85.9598	113.709	
-71.5424	-69.4359	-65.3052	-58.3345	-48.5555	-33.0528	-3.92878	86.0098	113.893	
-71.5424	-69.4359	-65.3052	-58.3345	-48.5555	-33.0528	-3.92878	86.1346	114.001	
-71.5424	-69.4359	-65.3052	-58.3345	-48.5555	-33.0528	-3.92878	86.1846	114.183	
-71.5424	-69.4359	-65.3052	-58.3345	-48.5555	-33.0528	-3.88859	86.2573	114.302	
-71.5424	-69.4359	-65.3052	-58.3345	-48.5555	-33.0528	-3.88859	86.3323	114.458	
-71.5424	-69.4359	-65.3052	-58.3345	-48.5555	-33.0528	-3.88859	86.3826	114.638	
-71.5424	-69.4359	-65.3052	-58.3345	-48.5555	-33.0528	-3.88859	86.4833	114.767	
-71.5424	-69.4359	-65.3052	-58.3345	-48.5555	-33.0528	-3.8485	86.5941	114.846	
-71.5424	-69.4359	-65.3052	-58.3345	-48.5555	-33.0528	-3.8485	86.6695	114.999	
-71.5424	-69.4359	-65.3052	-58.3345	-48.5555	-33.0528	-3.8485	86.7323	115.164	
-71.5424	-69.4359	-65.3052	-58.3345	-48.5555	-33.0528	-3.8485	86.833	115.291	
-71.5424	-69.4359	-65.3052	-58.3345	-48.5555	-33.0528	-3.8485	86.9461	115.404	
-71.5424	-69.4359	-65.3052	-58.3345	-48.5555	-33.0528	-3.8485	87.1093	115.467	
-71.5424	-69.4359	-65.3052	-58.3345	-48.5555	-33.0528	-3.8485	87.1843	115.618	
-71.5424	-69.4359	-65.3052	-58.3345	-48.5555	-33.0528	-3.8485	87.2345	115.793	
-71.5424	-69.4359	-65.3052	-58.3345	-48.5555	-33.0528	-3.8485	87.3348	115.917	
-71.5424	-69.4359	-65.3052	-58.3345	-48.5555	-33.0528	-3.8485	87.385	116.091	
-71.5424	-69.4359	-65.3052	-58.3345	-48.5555	-33.0528	-3.8485	87.4354	116.263	
-71.5424	-69.4359	-65.3052	-58.3345	-48.5555	-33.0528	-3.8485	87.486	116.435	
-71.5424	-69.4359	-65.3052	-58.3345	-48.5555	-33.0528	-3.80867	87.5349	116.568	
-71.5424	-69.4359	-65.3052	-58.3345	-48.5555	-33.0528	-3.80867	87.5984	116.726	
-71.5424	-69.4359	-65.3052	-58.3345	-48.5555	-33.0528	-3.80867	87.6365	116.908	
-71.5424	-69.4359	-65.3052	-58.3345	-48.5555	-33.0528	-3.80867	87.7258	117.039	
-71.5424	-69.4359	-65.3052	-58.3345	-48.5555	-33.0528	-3.80867	87.8405	117.143	
-71.5424	-69.4359	-65.3052	-58.3345	-48.5555	-33.0528	-3.80867	88.0055	117.197	
-71.5424	-69.4359	-65.3052	-58.3345	-48.5555	-33.0528	-3.80867	88.0942	117.327	
-71.5424	-69.4359	-65.3052	-58.3345	-48.5555	-33.0528	-3.80867	88.2332	117.406	
-71.5424	-69.4359	-65.3052	-58.3345	-48.5555	-33.0528	-3.80867	88.3214	117.535	
-71.5424	-69.4359	-65.3052	-58.3345	-48.5555	-33.0528	-3.80867	88.3593	117.714	
-71.5424	-69.4359	-65.3052	-58.3345	-48.5555	-33.0528	-3.80867	88.4227	117.866	
-71.5424	-69.4359	-65.3052	-58.3345	-48.5555	-33.0528	-3.80867	88.5493	117.955	
-71.5424	-69.4359	-65.3052	-58.3345	-48.5555	-33.0528	-3.80867	88.5873	118.132	
-71.5424	-69.4359	-65.3052	-58.3345	-48.5555	-33.0528	-3.80867	88.676	118.258	
-71.5424	-69.4359	-65.3052	-58.3345	-48.5555	-33.0528	-3.80867	88.7774	118.37	
-71.5424	-69.4359	-65.3052	-58.3345	-48.5555	-33.0528	-3.76908	88.852	118.469	
-71.5424	-69.4359	-65.3052	-58.3345	-48.5555	-33.0528	-3.76908	88.89	118.644	
-71.5424	-69.4359	-65.3052	-58.3345	-48.5555	-33.0528	-3.76908	89.0045	118.742	
-71.5424	-69.4359	-65.3052	-58.3345	-48.5555	-33.0528	-3.76908	89.0933	118.864	
-71.5424	-69.4359	-65.3052	-58.3345	-48.5555	-33.0528	-3.76908	89.1314	119.037	
-71.5424	-69.4359	-65.3052	-58.3345	-48.5555	-33.0528	-3.76908	89.2711	119.108	
-71.5424	-69.4359	-65.3052	-58.3345	-48.5555	-33.0528	-3.76908	89.3473	119.242	
-71.5424	-69.4359	-65.3052	-58.3345	-48.5555	-33.0528	-3.72962	89.4728	119.286	
-71.5424	-69.4359	-65.3052	-58.3345	-48.5555	-33.0528	-3.72962	89.5234	119.445	
-71.5424	-69.4359	-65.3052	-58.3345	-48.5555	-33.0528	-3.72962	89.6879	119.489	
-71.5424	-69.4359	-65.3052	-58.3345	-48.5555	-33.0528	-3.72962	89.7887	119.596	
-71.5424	-69.4359	-65.3052	-58.3345	-48.5555	-33.0528	-3.72962	89.8894	119.703	
-71.5424	-69.4359	-65.3052	-58.3345	-48.5555	-33.0528	-3.72962	89.9273	119.872	
-71.5424	-69.4359	-65.3052	-58.3345	-48.5555	-33.0528	-3.72962	90.0407	119.965	
-71.5424	-69.4359	-65.3052	-58.3345	-48.5555	-33.0528	-3.72962	90.0533	120.159	
-71.5424	-69.4359	-65.3052	-58.3345	-48.5555	-33.0528	-3.72962	90.167	120.25	
-71.5424	-69.4359	-65.3052	-58.3345	-48.5555	-33.0528	-3.72962	90.2679	120.354	
-71.5424	-69.4359	-65.3052	-58.3345	-48.5555	-33.0528	-3.72962	90.3938	120.433	
-71.5424	-69.4359	-65.3052	-58.3345	-48.5555	-33.0528	-3.72962	90.4316	120.599	
-71.5424	-69.4359	-65.3052	-58.3345	-48.5555	-33.0528	-3.72962	90.5325	120.702	
-71.5424	-69.4359	-65.3052	-58.3345	-48.5555	-33.0528	-3.72962	90.6206	120.817	
-71.5424	-69.4359	-65.3052	-58.3345	-48.5555	-33.0528	-3.69035	90.6694	120.931	
-71.5424	-69.4359	-65.3052	-58.3345	-48.5555	-33.0528	-3.69035	90.7701	121.032	
-71.5424	-69.4359	-65.3052	-58.3345	-48.5555	-33.0528	-3.69035	90.833	121.171	
-71.5424	-69.4359	-65.3052	-58.3345	-48.5555	-33.0528	-3.69035	90.9086	121.296	
-71.5424	-69.4359	-65.3052	-58.3345	-48.5555	-33.0528	-3.69035	91.0094	121.396	
-71.5424	-69.4359	-65.3052	-58.3345	-48.5555	-33.0528	-3.69035	91.0849	121.52	
-71.5424	-69.4359	-65.3052	-58.3345	-48.5555	-33.0528	-3.69035	91.1479	121.657	
-71.5424	-69.4359	-65.3052	-58.3345	-48.5555	-33.0528	-3.69035	91.2488	121.755	
-71.5424	-69.4359	-65.3052	-58.3345	-48.5555	-33.0528	-3.69035	91.337	121.865	
-71.5424	-69.4359	-65.3052	-58.3345	-48.5555	-33.0528	-3.65127	91.3485	122.012	
-71.5424	-69.4359	-65.3052	-58.3345	-48.5555	-33.0528	-3.65127	91.3737	122.184	
-71.5424	-69.4359	-65.3052	-58.3345	-48.5555	-33.0528	-3.61226	91.4108	122.305	
-71.5424	-69.4359	-65.3052	-58.3345	-48.5555	-33.0528	-3.61226	91.487	122.425	
-71.5424	-69.4359	-65.3052	-58.3345	-48.5555	-33.0528	-3.61226	91.6135	122.495	
-71.5424	-69.4359	-65.3052	-58.3345	-48.5555	-33.0528	-3.61226	91.7274	122.576	
-71.5424	-69.4359	-65.3052	-58.3345	-48.5555	-33.0528	-3.61226	91.8031	122.696	
-71.5424	-69.4359	-65.3052	-58.3345	-48.5555	-33.0528	-3.61226	91.8537	122.84	
-71.5424	-69.4359	-65.3052	-58.3345	-48.5555	-33.0528	-3.61226	91.9043	122.983	
-71.5424	-69.4359	-65.3052	-58.3345	-48.5555	-33.0528	-3.61226	91.9803	123.1	
-71.5424	-69.4359	-65.3052	-58.3345	-48.5555	-33.0528	-3.61226	92.0815	123.192	
-71.5424	-69.4359	-65.3052	-58.3345	-48.5555	-33.0528	-3.61226	92.2204	123.246	
-71.5424	-69.4359	-65.3052	-58.3345	-48.5555	-33.0528	-3.61226	92.3085	123.35	
-71.5424	-69.4359	-65.3052	-58.3345	-48.5555	-33.0528	-3.61226	92.3715	123.479	
-71.5424	-69.4359	-65.3052	-58.3345	-48.5555	-33.0528	-3.61226	92.4597	123.582	
-71.5424	-69.4359	-65.3052	-58.3345	-48.5555	-33.0528	-3.61226	92.4975	123.735	
-71.5424	-69.4359	-65.3052	-58.3345	-48.5555	-33.0528	-3.61226	92.5858	123.837	
-71.5424	-69.4359	-65.3052	-58.3345	-48.5555	-33.0528	-3.61226	92.6866	123.926	
-71.5424	-69.4359	-65.3052	-58.3345	-48.5555	-33.0528	-3.61226	92.737	124.065	
-71.5424	-69.4359	-65.3052	-58.3345	-48.5555	-33.0528	-3.61226	92.8126	124.179	
-71.5424	-69.4359	-65.3052	-58.3345	-48.5555	-33.0528	-3.61226	92.8882	124.292	
-71.5424	-69.4359	-65.3052	-58.3345	-48.5555	-33.0528	-3.61226	92.9513	124.417	
-71.5424	-69.4359	-65.3052	-58.3345	-48.5555	-33.0528	-3.61226	92.9765	124.579	
-71.5424	-69.4359	-65.3052	-58.3345	-48.5555	-33.0528	-3.61226	93.0651	124.677	
-71.5424	-69.4359	-65.3052	-58.3345	-48.5555	-33.0528	-3.61226	93.1283	124.801	
-71.5424	-69.4359	-65.3052	-58.3345	-48.5555	-33.0528	-3.57368	93.1658	124.911	
-71.5424	-69.4359	-65.3052	-58.3345	-48.5555	-33.0528	-3.57368	93.2672	124.995	
-71.5424	-69.4359	-65.3052	-58.3345	-48.5555	-33.0528	-3.57368	93.3557	125.092	
-71.5424	-69.4359	-65.3052	-58.3345	-48.5555	-33.0528	-3.57368	93.4316	125.201	
-71.5424	-69.4359	-65.3052	-58.3345	-48.5555	-33.0528	-3.57368	93.5074	125.31	
-71.5424	-69.4359	-65.3052	-58.3345	-48.5555	-33.0528	-3.57368	93.5832	125.418	
-71.5424	-69.4359	-65.3052	-58.3345	-48.5555	-33.0528	-3.57368	93.6714	125.513	
-71.5424	-69.4359	-65.3052	-58.3345	-48.5555	-33.0528	-3.57368	93.7471	125.621	
-71.5424	-69.4359	-65.3052	-58.3345	-48.5555	-33.0528	-3.57368	93.7976	125.753	
-71.5424	-69.4359	-65.3052	-58.3345	-48.5555	-33.0528	-3.57368	93.8481	125.884	
-71.5424	-69.4359	-65.3052	-58.3345	-48.5555	-33.0528	-3.57368	93.9114	126.003	
-71.5424	-69.4359	-65.3052	-58.3345	-48.5555	-33.0528	-3.5353	93.9743	126.083	
-71.5424	-69.4359	-65.3052	-58.3345	-48.5555	-33.0528	-3.5353	94.0501	126.188	
-71.5424	-69.4359	-65.3052	-58.3345	-48.5555	-33.0528	-3.5353	94.1638	126.255	
-71.5424	-69.4359	-65.3052	-58.3345	-48.5555	-33.0528	-3.5353	94.2143	126.385	
-71.5424	-69.4359	-65.3052	-58.3345	-48.5555	-33.0528	-3.5353	94.4408	126.338	
-71.5424	-69.4359	-65.3052	-58.3345	-48.5555	-33.0528	-3.5353	94.4909	126.467	
-71.5424	-69.4359	-65.3052	-58.3345	-48.5555	-33.0528	-3.5353	94.5784	126.559	
-71.5424	-69.4359	-65.3052	-58.3345	-48.5555	-33.0528	-3.49701	94.5902	126.688	
-71.5424	-69.4359	-65.3052	-58.3345	-48.5555	-33.0528	-3.49701	94.6404	126.816	
-71.5424	-69.4359	-65.3052	-58.3345	-48.5555	-33.0528	-3.49701	94.7908	126.843	
-71.5424	-69.4359	-65.3052	-58.3345	-48.5555	-33.0528	-3.49701	94.8907	126.921	
-71.5424	-69.4359	-65.3052	-58.3345	-48.5555	-33.0528	-3.49701	94.9903	126.998	
-71.5424	-69.4359	-65.3052	-58.3345	-48.5555	-33.0528	-3.49701	95.0527	127.113	
-71.5424	-69.4359	-65.3052	-58.3345	-48.5555	-33.0528	-3.49701	95.1894	127.153	
-71.5424	-69.4359	-65.3052	-58.3345	-48.5555	-33.0528	-3.49701	95.3131	127.205	
-71.5424	-69.4359	-65.3052	-58.3345	-48.5555	-33.0528	-3.49701	95.3874	127.307	
-71.5424	-69.4359	-65.3052	-58.3345	-48.5555	-33.0528	-3.49701	95.4244	127.445	
-71.5424	-69.4359	-65.3052	-58.3345	-48.5555	-33.0528	-3.49701	95.5234	127.521	
-71.5424	-69.4359	-65.3052	-58.3345	-48.5555	-33.0528	-3.49701	95.5852	127.634	
-71.5424	-69.4359	-65.3052	-58.3345	-48.5555	-33.0528	-3.49701	95.6348	127.758	
-71.5424	-69.4359	-65.3052	-58.3345	-48.5555	-33.0528	-3.49701	95.6843	127.883	
-71.5424	-69.4359	-65.3052	-58.3345	-48.5555	-33.0528	-3.49701	95.771	127.969	
-71.5424	-69.4359	-65.3052	-58.3345	-48.5555	-33.0528	-3.49701	95.8452	128.068	
-71.5424	-69.4359	-65.3052	-58.3345	-48.5555	-33.0528	-3.49701	95.8947	128.191	
-71.5424	-69.4359	-65.3052	-58.3345	-48.5555	-33.0528	-3.49701	95.9568	128.301	
-71.5424	-69.4359	-65.3052	-58.3345	-48.5555	-33.0528	-3.49701	96.0435	128.386	
-71.5424	-69.4359	-65.3052	-58.3345	-48.5555	-33.0528	-3.49701	96.1424	128.459	
-71.5424	-69.4359	-65.3052	-58.3345	-48.5555	-33.0528	-3.49701	96.2165	128.555	
-71.5424	-69.4359	-65.3052	-58.3345	-48.5555	-33.0528	-3.49701	96.3151	128.627	
-71.5424	-69.4359	-65.3052	-58.3345	-48.5555	-33.0528	-3.49701	96.4013	128.712	
-71.5424	-69.4359	-65.3052	-58.3345	-48.5555	-33.0528	-3.49701	96.463	128.82	
-71.5424	-69.4359	-65.3052	-58.3345	-48.5555	-33.0528	-3.49701	96.4876	128.965	
-71.5424	-69.4359	-65.3052	-58.3345	-48.5555	-33.0528	-3.49701	96.4876	129.134	
-71.5424	-69.4359	-65.3052	-58.3345	-48.5555	-33.0528	-3.49701	96.5619	129.228	
-71.5424	-69.4359	-65.3052	-58.3345	-48.5555	-33.0528	-3.49701	96.6733	129.285	
-71.5424	-69.4359	-65.3052	-58.3345	-48.5555	-33.0528	-3.49701	96.7966	129.33	
-71.5424	-69.4359	-65.3052	-58.3345	-48.5555	-33.0528	-3.49701	96.8213	129.473	
-71.5424	-69.4359	-65.3052	-58.3345	-48.5555	-33.0528	-3.49701	96.9321	129.529	
-71.5424	-69.4359	-65.3052	-58.3345	-48.5555	-33.0528	-3.49701	96.9568	129.671	
-71.5424	-69.4359	-65.3052	-58.3345	-48.5555	-33.0528	-3.49701	97.0183	129.776	
-71.5424	-69.4359	-65.3052	-58.3345	-48.5555	-33.0528	-3.49701	97.1046	129.856	
-71.5424	-69.4359	-65.3052	-58.3345	-48.5555	-33.0528	-3.49701	97.1908	129.935	
-71.5424	-69.4359	-65.3052	-58.3345	-48.5555	-33.0528	-3.49701	97.2646	130.027	
-71.5424	-69.4359	-65.3052	-58.3345	-48.5555	-33.0528	-3.49701	97.3383	130.118	
-71.5424	-69.4359	-65.3052	-58.3345	-48.5555	-33.0528	-3.45906	97.3501	130.233	
-71.5424	-69.4359	-65.3052	-58.3345	-48.5555	-33.0528	-3.45906	97.4116	130.324	
-71.5424	-69.4359	-65.3052	-58.3345	-48.5555	-33.0528	-3.45906	97.4977	130.414	
-71.5424	-69.4359	-65.3052	-58.3345	-48.5555	-33.0528	-3.45906	97.5715	130.503	
-71.5424	-69.4359	-65.3052	-58.3345	-48.5555	-33.0528	-3.45906	97.6576	130.581	
-71.5424	-69.4359	-65.3052	-58.3345	-48.5555	-33.0528	-3.45906	97.7189	130.682	
-71.5424	-69.4359	-65.3052	-58.3345	-48.5555	-33.0528	-3.45906	97.8172	130.746	
-71.5424	-69.4359	-65.3052	-58.3345	-48.5555	-33.0528	-3.45906	97.8785	130.847	
-71.5424	-69.4359	-65.3052	-58.3345	-48.5555	-33.0528	-3.45906	97.9398	130.948	
-71.5424	-69.4359	-65.3052	-58.3345	-48.5555	-33.0528	-3.45906	98.001	131.048	
-71.5424	-69.4359	-65.3052	-58.3345	-48.5555	-33.0528	-3.45906	98.0133	131.197	
-71.5424	-69.4359	-65.3052	-58.3345	-48.5555	-33.0528	-3.42154	98.0618	131.272	
-71.5424	-69.4359	-65.3052	-58.3345	-48.5555	-33.0528	-3.42154	98.1354	131.358	
-71.5424	-69.4359	-65.3052	-58.3345	-48.5555	-33.0528	-3.42154	98.2212	131.433	
-71.5424	-69.4359	-65.3052	-58.3345	-48.5555	-33.0528	-3.38409	98.2696	131.507	
-71.5424	-69.4359	-65.3052	-58.3345	-48.5555	-33.0528	-3.38409	98.3185	131.617	
-71.5424	-69.4359	-65.3052	-58.3345	-48.5555	-33.0528	-3.38409	98.4042	131.691	
-71.5424	-69.4359	-65.3052	-58.3345	-48.5555	-33.0528	-3.38409	98.4532	131.8	
-71.5424	-69.4359	-65.3052	-58.3345	-48.5555	-33.0528	-3.38409	98.5022	131.91	
-71.5424	-69.4359	-65.3052	-58.3345	-48.5555	-33.0528	-3.38409	98.5757	131.994	
-71.5424	-69.4359	-65.3052	-58.3345	-48.5555	-33.0528	-3.38409	98.6247	132.103	
-71.5424	-69.4359	-65.3052	-58.3345	-48.5555	-33.0528	-3.38409	98.6861	132.199	
-71.5424	-69.4359	-65.3052	-58.3345	-48.5555	-33.0528	-3.38409	98.7718	132.27	
-71.5424	-69.4359	-65.3052	-58.3345	-48.5555	-33.0528	-3.38409	98.8207	132.378	
-71.5424	-69.4359	-65.3052	-58.3345	-48.5555	-33.0528	-3.34685	98.8692	132.448	
-71.5424	-69.4359	-65.3052	-58.3345	-48.5555	-33.0528	-3.34685	98.9182	132.555	
-71.5424	-69.4359	-65.3052	-58.3345	-48.5555	-33.0528	-3.34685	99.0039	132.625	
-71.5424	-69.4359	-65.3052	-58.3345	-48.5555	-33.0528	-3.34685	99.0651	132.719	
-71.5424	-69.4359	-65.3052	-58.3345	-48.5555	-33.0528	-3.34685	99.1384	132.801	
-71.5424	-69.4359	-65.3052	-58.3345	-48.5555	-33.0528	-3.34685	99.2239	132.87	
-71.5424	-69.4359	-65.3052	-58.3345	-48.5555	-33.0528	-3.34685	99.2728	132.976	
-71.5424	-69.4359	-65.3052	-58.3345	-48.5555	-33.0528	-3.34685	99.3094	133.093	
-71.5424	-69.4359	-65.3052	-58.3345	-48.5555	-33.0528	-3.34685	99.3583	133.198	
-71.5424	-69.4359	-65.3052	-58.3345	-48.5555	-33.0528	-3.34685	99.4317	133.278	
-71.5424	-69.4359	-65.3052	-58.3345	-48.5555	-33.0528	-3.34685	99.444	133.418	
-71.5424	-69.4359	-65.3052	-58.3345	-48.5555	-33.0528	-3.34685	99.5052	133.51	
-71.5424	-69.4359	-65.3052	-58.3345	-48.5555	-33.0528	-3.34685	99.5542	133.613	
-71.5424	-69.4359	-65.3052	-58.3345	-48.5555	-33.0528	-3.34685	99.6644	133.655	
-71.5424	-69.4359	-65.3052	-58.3345	-48.5555	-33.0528	-3.34685	99.7377	133.733	
-71.5424	-69.4359	-65.3052	-58.3345	-48.5555	-33.0528	-3.34685	99.8109	133.811	
-71.5424	-69.4359	-65.3052	-58.3345	-48.5555	-33.0528	-3.34685	99.8109	133.962	
-71.5424	-69.4359	-65.3052	-58.3345	-48.5555	-33.0528	-3.34685	99.9087	134.015	
-71.5424	-69.4359	-65.3052	-58.3345	-48.5555	-33.0528	-3.34685	99.9454	134.129	
-71.5424	-69.4359	-65.3052	-58.3345	-48.5555	-33.0528	-3.34685	100.007	134.217	
-71.5424	-69.4359	-65.3052	-58.3345	-48.5555	-33.0528	-3.34685	100.092	134.282	
-71.5424	-69.4359	-65.3052	-58.3345	-48.5555	-33.0528	-3.34685	100.165	134.358	
-71.5424	-69.4359	-65.3052	-58.3345	-48.5555	-33.0528	-3.34685	100.214	134.458	
-71.5424	-69.4359	-65.3052	-58.3345	-48.5555	-33.0528	-3.34685	100.287	134.534	
-71.5424	-69.4359	-65.3052	-58.3345	-48.5555	-33.0528	-3.34685	100.372	134.597	
-71.5424	-69.4359	-65.3052	-58.3345	-48.5555	-33.0528	-3.34685	100.445	134.673	
-71.5424	-69.4359	-65.3052	-58.3345	-48.5555	-33.0528	-3.34685	100.482	134.784	
-71.5424	-69.4359	-65.3052	-58.3345	-48.5555	-33.0528	-3.34685	100.518	134.895	
-71.5424	-69.4359	-65.3052	-58.3345	-48.5555	-33.0528	-3.34685	100.579	134.982	
-71.5424	-69.4359	-65.3052	-58.3345	-48.5555	-33.0528	-3.34685	100.652	135.056	
-71.5424	-69.4359	-65.3052	-58.3345	-48.5555	-33.0528	-3.34685	100.664	135.19	
-71.5424	-69.4359	-65.3052	-58.3345	-48.5555	-33.0528	-3.34685	100.701	135.3	
-71.5424	-69.4359	-65.3052	-58.3345	-48.5555	-33.0528	-3.34685	100.786	135.36	
-71.5424	-69.4359	-65.3052	-58.3345	-48.5555	-33.0528	-3.34685	100.811	135.481	
-71.5424	-69.4359	-65.3052	-58.3345	-48.5555	-33.0528	-3.34685	100.86	135.578	
-71.5424	-69.4359	-65.3052	-58.3345	-48.5555	-33.0528	-3.34685	100.896	135.686	
