kite_pos_x	kite_pos_y	kite_vel_x	kite_vel_y	kite_acc_x	kite_acc_y	block_pos_x	block_pos_y	block_vel_x	block_vel_y	block_acc_x	block_acc_y	
35.3483	35.3626	-1.35978	1.39783	-140.314	145.37	0.000179755	0	0.038563	0	5.20928	0	
33.0973	37.8455	-13.0286	15.4496	21.9361	-12.4032	0.421349	0	4.85666	0	24.6717	0	
31.9077	39.8656	-1.15193	6.65779	31.1409	-20.6709	1.7293	0	7.64101	0	7.88242	0	
32.2276	40.8155	3.49158	3.3735	12.8308	-9.98983	3.34683	0	8.25859	0	-0.101461	0	
33.0865	41.3536	4.726	2.25337	1.01766	-2.148	4.98164	0	8.04136	0	-1.57044	0	
34.0555	41.7579	4.94017	1.80461	0.444937	-1.85797	6.55503	0	7.6802	0	-1.98431	0	
34.9949	42.1214	4.39053	1.87966	-4.0733	1.3441	8.0544	0	7.32918	0	-1.52066	0	
35.8142	42.5114	3.94273	1.93637	-1.44927	-0.17274	9.49357	0	7.07	0	-1.21427	0	
36.5237	42.9284	3.153	2.24516	0.485023	-1.00266	10.8887	0	6.91239	0	-0.445741	0	
37.0814	43.4092	2.40279	2.57719	-6.884	3.36516	12.2693	0	6.9111	0	0.0878107	0	
37.5138	43.9439	1.9508	2.74705	-3.77478	1.58281	13.6615	0	7.01112	0	0.529575	0	
37.9955	44.4366	2.69447	2.25485	-3.94853	1.27705	15.0741	0	7.06535	0	-0.418666	0	
38.6113	44.8343	3.36224	1.76846	3.45831	-2.54841	16.4779	0	6.9442	0	-0.981511	0	
39.2803	45.1733	3.17656	1.69943	-1.54462	-0.000164173	17.8472	0	6.75801	0	-0.811942	0	
39.8887	45.5099	2.50388	1.84107	-7.96902	2.79318	19.1801	0	6.54944	0	-0.879049	0	
40.3376	45.8902	1.92183	1.98251	-7.70006	2.3394	20.4859	0	6.50412	0	-1.03915	0	
40.7621	46.2599	2.42571	1.67005	1.35881	-1.0724	21.7879	0	6.4969	0	-0.23456	0	
41.2454	46.5827	2.41748	1.5514	-6.13546	1.60132	23.0782	0	6.39497	0	-1.02806	0	
41.6148	46.9188	1.86042	1.61489	11.6104	-4.74605	24.3339	0	6.24436	0	-0.00726754	0	
42.0095	47.2205	1.70139	1.53811	5.95132	-2.4864	25.5709	0	6.11904	0	0.142865	0	
42.418	47.495	2.45697	1.18381	3.30678	-1.61723	26.7903	0	6.05434	0	-0.688906	0	
42.9957	47.6924	3.37321	0.772007	3.80433	-1.83472	27.9814	0	5.82528	0	-1.58197	0	
43.648	47.8418	3.18675	0.712024	-1.28318	-0.16815	29.1165	0	5.53077	0	-1.42374	0	
44.1978	47.995	2.21063	0.834124	-8.41953	1.90935	30.1807	0	5.06643	0	-1.25279	0	
44.487	48.188	0.56349	1.14156	-11.6428	2.40346	31.1484	0	4.68693	0	-1.59249	0	
44.4357	48.4451	-0.883814	1.39081	-1.71953	0.102272	32.0635	0	4.56087	0	1.23138	0	
44.521	48.6547	1.70014	0.714195	5.72579	-1.64704	33.0004	0	4.71602	0	-0.39378	0	
44.9658	48.7663	2.31785	0.495283	-6.68857	0.963271	33.9272	0	4.50576	0	-1.97861	0	
45.2772	48.8856	0.947075	0.676554	0.0506246	-0.274425	34.7798	0	4.09732	0	-0.23821	0	
45.5952	48.9893	2.0968	0.38751	4.49757	-1.18962	35.5925	0	3.99457	0	-0.952076	0	
46.0181	49.0602	2.53823	0.24314	8.23892	-1.92495	36.3694	0	3.77451	0	-1.38233	0	
46.5731	49.0931	2.67206	0.152151	0.918548	-0.467759	37.0932	0	3.46004	0	-1.43556	0	
47.1154	49.1162	2.73566	0.0822017	5.2347	-1.29621	37.756	0	3.16711	0	-1.54648	0	
47.6689	49.1254	2.5489	0.0584247	-0.872588	-0.0949398	38.3579	0	2.85723	0	-1.36289	0	
48.1315	49.1408	1.68043	0.168461	-9.63161	1.46202	38.902	0	2.57741	0	-1.75832	0	
48.4055	49.1824	1.53953	0.164407	2.5435	-0.595335	39.4003	0	2.43749	0	-0.614927	0	
48.7717	49.2016	2.32863	-0.0131348	4.87065	-1.11586	39.872	0	2.2561	0	-1.29781	0	
49.2184	49.1977	1.94302	0.0116678	5.78342	-1.23235	40.2971	0	2.00745	0	-1.01202	0	
49.5882	49.1997	1.30864	0.0904545	-7.37317	1.19819	40.6782	0	1.80819	0	-0.728628	0	
49.6432	49.2504	-0.513696	0.37955	-1.03548	0.219946	41.0179	0	1.65332	0	0.780847	0	
49.7219	49.2958	1.15936	0.0924503	3.57084	-0.675753	41.3597	0	1.70444	0	-0.37583	0	
49.9837	49.3068	0.79486	0.126124	-8.23878	1.2454	41.6868	0	1.54444	0	-0.769052	0	
49.9394	49.3588	-0.81754	0.305949	-0.542742	-0.601354	41.9574	0	1.07423	0	-3.80008	0	
49.5667	49.4444	-2.7969	0.521822	-0.871441	-0.675077	42.1338	0	0.673597	0	-3.70303	0	
48.9556	49.5469	-3.31159	0.525552	-10.8401	1.15079	42.2396	0	0.56459	0	-0.0814423	0	
48.2662	49.6494	-3.20765	0.45421	-7.55952	0.573638	42.3559	0	0.606781	0	-0.251195	0	
47.6391	49.7334	-1.77403	0.25314	38.9881	-4.1141	42.4824	0	0.666935	0	0.50539	0	
47.8605	49.7237	2.75142	-0.235344	5.39947	-0.858903	42.6114	0	0.521703	0	-1.78374	0	
48.5345	49.6553	3.73787	-0.431093	2.52586	-0.850842	42.6734	0	0.0846424	0	-2.37836	0	
49.2585	49.5647	3.26938	-0.434235	-3.51626	-0.0225574	42.6749	0	-0.000458766	0	-2.03234	0	
49.756	49.4961	1.5334	-0.219199	-9.86715	1.75244	42.675	0	0.00114523	0	2.72483	0	
49.9869	49.4625	1.22062	-0.180388	0.078106	-0.114179	42.675	0	0.000352323	0	-0.486324	0	
50.3013	49.415	1.47697	-0.227932	-9.77428	1.31081	42.6751	0	-5.57248e-08	0	-0.985228	0	
50.5041	49.3833	0.904477	-0.143399	-1.49786	0.22044	42.6751	0	-5.57248e-08	0	0	0	
50.7392	49.3454	1.10215	-0.180117	-3.79233	0.594341	42.6751	0	-5.57248e-08	0	0	0	
50.9953	49.3029	1.06482	-0.179699	-5.14707	0.844773	42.6751	0	-5.57248e-08	0	0	0	
51.1391	49.2786	0.602814	-0.100663	6.39768	-1.10173	42.6761	0	0.0167377	0	0.0235892	0	
51.2495	49.2601	0.108354	-0.0129472	-1.05023	0.283002	42.6795	0	0.0340224	0	0.577126	0	
51.1881	49.2741	-0.981856	0.197124	-12.2066	2.18768	42.6991	0	0.162358	0	0.647898	0	
50.7396	49.352	-2.38806	0.407378	2.01094	-0.262487	42.7156	0	0.117249	0	1.1998	0	
50.5245	49.3941	-0.354734	0.109235	-3.73438	0.654961	42.7642	0	0.340608	0	0.49767	0	
50.5844	49.3969	1.30283	-0.144585	7.70936	-1.32619	42.8416	0	0.380454	0	-0.640341	0	
50.8733	49.3611	1.73819	-0.241102	3.33768	-0.738039	42.9058	0	0.244431	0	-0.948623	0	
51.2012	49.3123	1.29902	-0.203201	-5.35805	0.793112	42.9373	0	0.0864806	0	-0.441375	0	
51.2591	49.3038	0.305107	-0.0417632	9.55402	-1.56777	42.9441	0	0.0575586	0	0.265074	0	
51.4006	49.2819	0.910905	-0.146967	-4.95734	0.818403	42.9569	0	0.053175	0	-0.0902753	0	
51.5501	49.2576	0.412755	-0.062334	-2.55808	0.495036	42.9657	0	0.0551602	0	0.29799	0	
51.6424	49.2443	0.63994	-0.0951228	5.41134	-0.95476	42.982	0	0.099131	0	0.0167705	0	
51.7898	49.2217	0.921115	-0.147159	2.90175	-0.569421	43.0021	0	0.096885	0	-0.208395	0	
51.7628	49.2298	-1.58454	0.300293	-12.6676	2.40748	43.0208	0	0.106442	0	1.22306	0	
51.5969	49.2677	-0.114673	0.083	13.0324	-2.14273	43.071	0	0.365025	0	0.679318	0	
51.7177	49.2601	0.982681	-0.104861	5.21815	-0.965084	43.1482	0	0.37998	0	-0.286331	0	
51.9108	49.2389	0.734868	-0.0688694	-4.08186	0.734348	43.2198	0	0.344767	0	0.0969265	0	
52.0078	49.2343	-0.0993232	0.0840689	-9.99345	1.83681	43.2908	0	0.375578	0	0.406797	0	
51.9502	49.2602	-0.797993	0.228721	-6.06651	1.1982	43.3811	0	0.51682	0	1.02767	0	
51.8636	49.2968	-0.327087	0.176526	-5.38468	0.985626	43.5072	0	0.714318	0	0.56221	0	
51.8081	49.3325	0.0372852	0.136207	-4.67313	0.792384	43.6654	0	0.862552	0	0.212731	0	
51.594	49.3927	-2.02744	0.44025	-12.486	1.50005	43.8246	0	0.770974	0	-1.92255	0	
50.9717	49.5083	-3.89529	0.651258	-0.929198	-0.821399	43.9768	0	0.712716	0	-3.64384	0	
50.276	49.6167	-1.25327	0.234211	26.6636	-3.266	44.0966	0	0.627156	0	1.03232	0	
50.4837	49.606	2.0915	-0.198738	4.20557	-0.746546	44.2188	0	0.51778	0	-1.3062	0	
50.81	49.573	0.918454	-0.100008	-7.95114	0.830541	44.2891	0	0.158248	0	-1.54594	0	
50.8714	49.5654	-0.416539	0.0550317	-0.541244	-0.439494	44.2933	0	-0.00177312	0	-3.8259	0	
50.6738	49.5912	-1.49497	0.19227	-10.4044	1.01073	44.2934	0	-0.000628645	0	-2.19576	0	
50.3907	49.6281	-1.43786	0.184485	-10.1004	1.047	44.304	0	0.0662942	0	-1.1896	0	
50.0789	49.6668	-0.956901	0.123261	10.365	-1.14392	44.3164	0	0.105505	0	0.706861	0	
50.1311	49.6635	1.16483	-0.126684	0.842665	-0.233331	44.3397	0	0.0784941	0	-0.952201	0	
50.3502	49.6378	0.772302	-0.0934134	-6.16581	0.551327	44.3426	0	0.000545372	0	-1.50894	0	
50.5355	49.615	0.983795	-0.12282	-4.88706	0.451001	44.3427	0	-0.000156553	0	-1.11411	0	
50.7446	49.5885	1.12628	-0.145338	-2.50885	0.18702	44.3428	0	0.000523277	0	-0.85851	0	
51.0571	49.5471	1.8336	-0.248289	0.690396	0.17538	44.3428	0	0.0012403	0	2.49458	0	
51.5036	49.4846	2.35352	-0.340396	3.18891	-0.174576	44.3429	0	0.000884557	0	2.77141	0	
51.9415	49.4193	1.88441	-0.289675	3.4102	-0.765452	44.343	0	0.000276856	0	-1.09165	0	
52.1546	49.386	-0.0999716	0.0159217	-15.5173	2.92283	44.343	0	0.00078372	0	2.96226	0	
51.9579	49.4178	-0.932803	0.164931	12.4294	-1.71691	44.3502	0	0.138577	0	1.43351	0	
51.853	49.441	0.169175	0.0215686	7.135	-1.02216	44.3971	0	0.312299	0	0.359871	0	
52.0834	49.4145	1.673	-0.225781	-2.03011	0.135244	44.4538	0	0.210642	0	-0.866866	0	
52.4339	49.3629	1.85088	-0.294546	1.83062	-0.530717	44.4778	0	0.023275	0	-1.03245	0	
52.7411	49.3125	0.880622	-0.147576	-11.8301	1.88685	44.4781	0	-5.27659e-05	0	-0.471157	0	
52.6372	49.33	-1.53014	0.261677	12.1777	-1.83561	44.4792	0	0.0521122	0	1.39656	0	
52.4934	49.3595	0.315884	-0.00607634	12.6869	-2.01673	44.5162	0	0.27838	0	0.208352	0	
52.6254	49.3472	0.815158	-0.0881676	-0.180737	0.0029412	44.5721	0	0.274977	0	-0.125511	0	
52.802	49.3267	1.06619	-0.136676	6.19094	-1.10687	44.6245	0	0.241814	0	-0.401302	0	
53.0101	49.2989	0.968578	-0.133624	-3.96187	0.631683	44.6661	0	0.179143	0	-0.152337	0	
53.2064	49.2702	0.571682	-0.0775123	-3.46534	0.632447	44.695	0	0.123064	0	0.220344	0	
53.3499	49.2497	0.907056	-0.13756	4.02731	-0.756218	44.7205	0	0.122024	0	-0.215551	0	
53.544	49.2189	0.950237	-0.155909	2.54199	-0.511843	44.7409	0	0.0785845	0	-0.231099	0	
53.6271	49.2071	-0.10849	0.0436466	-1.25564	0.374407	44.7581	0	0.133751	0	0.828384	0	
53.4099	49.2526	-2.05851	0.406535	14.0954	-2.35704	44.7974	0	0.266102	0	1.26829	0	
53.2275	49.2979	0.0582023	0.0772771	13.6236	-2.22846	44.8779	0	0.514542	0	0.493052	0	
53.3786	49.29	1.04476	-0.0925206	6.39017	-1.1556	44.9824	0	0.501686	0	-0.358397	0	
53.5353	49.2797	0.0325536	0.0686135	-14.1921	2.28788	45.0789	0	0.43248	0	-0.840929	0	
53.2423	49.3406	-2.58511	0.487756	-4.17084	0.733539	45.149	0	0.388007	0	1.4196	0	
52.8378	49.421	-0.802278	0.220719	14.3999	-2.05427	45.2508	0	0.635429	0	1.30117	0	
52.9549	49.4236	1.55061	-0.140271	8.14239	-1.39447	45.3847	0	0.634866	0	-0.850005	0	
53.3337	49.3812	1.97461	-0.246152	-3.42708	0.323916	45.4915	0	0.424563	0	-1.07262	0	
53.6198	49.3459	0.861617	-0.0963669	-0.468549	0.0424793	45.5587	0	0.271777	0	-0.164167	0	
53.6871	49.3438	0.334472	-0.00458347	1.43053	-0.172333	45.6133	0	0.306552	0	0.377382	0	
53.8651	49.3242	1.00911	-0.123356	-2.81517	0.421948	45.6722	0	0.266525	0	-0.205387	0	
54.0717	49.2974	1.18486	-0.165705	4.32074	-0.832744	45.7193	0	0.206873	0	-0.47733	0	
54.3247	49.2594	1.16042	-0.182812	-5.55974	0.882607	45.7505	0	0.110162	0	-0.355545	0	
54.4916	49.2334	0.536624	-0.0801054	-13.1761	2.30478	45.7697	0	0.0845191	0	-0.140813	0	
54.4942	49.2373	-0.636898	0.145244	-9.3126	1.78946	45.7942	0	0.185155	0	0.893424	0	
54.209	49.2962	-1.42981	0.30747	10.9605	-1.68329	45.8493	0	0.383187	0	1.44208	0	
54.1203	49.3271	-0.739042	0.210207	-9.16221	1.5517	45.945	0	0.529269	0	0.400113	0	
53.7891	49.392	-2.57337	0.423648	-14.2663	1.82429	46.0156	0	0.118057	0	-1.72671	0	
53.1344	49.491	-4.28739	0.618764	-14.0449	1.72364	46.0185	0	0.0148297	0	0.584209	0	
52.0685	49.6334	-6.31398	0.769228	-11.8463	0.588208	46.0247	0	-8.99034e-05	0	-0.339932	0	
50.905	49.7614	-2.41397	0.236813	45.6052	-4.58245	46.0257	0	0.000704835	0	0.112054	0	
51.0405	49.7481	2.51506	-0.253441	6.29268	-0.928652	46.028	0	-0.000777778	0	-1.65451	0	
51.6842	49.679	3.50272	-0.398773	-0.736443	-0.416137	46.028	0	-0.000741617	0	-2.19466	0	
52.398	49.5926	3.61423	-0.464055	0.874419	0.0158098	46.0281	0	0.000471832	0	3.08332	0	
53.0588	49.5032	2.54381	-0.361084	-11.1053	1.9247	46.0281	0	0.00107008	0	3.39266	0	
53.4526	49.4457	1.18498	-0.177807	-10.0397	1.99996	46.0281	0	0.000822739	0	3.47607	0	
53.4423	49.4473	-1.13097	0.17062	-10.0078	1.44812	46.0284	0	0.00700513	0	-0.173177	0	
53.1711	49.4895	-0.568456	0.10877	0.210872	0.0428153	46.0444	0	0.186933	0	0.589857	0	
53.0903	49.5073	-0.46298	0.0992297	-4.77154	0.66685	46.0881	0	0.23867	0	0.0142294	0	
53.0161	49.525	-0.0749432	0.0498363	0.181242	-0.00969307	46.1408	0	0.284145	0	0.130539	0	
53.18	49.5098	1.35715	-0.159109	2.98774	-0.545425	46.1957	0	0.229288	0	-0.693769	0	
53.521	49.4647	1.92602	-0.278142	-2.73493	0.177137	46.2244	0	0.0403161	0	-1.0355	0	
53.7169	49.4355	0.0626255	-0.00962589	-14.5117	1.92725	46.2251	0	-0.000790385	0	-1.79387	0	
53.5533	49.4601	-2.02988	0.30073	-14.9316	2.01674	46.2252	0	-0.000331784	0	-0.751449	0	
52.947	49.5468	-3.44041	0.478306	6.99265	-1.10977	46.23	0	0.086908	0	0.698046	0	
52.5448	49.6033	0.147561	0.00677401	2.38923	-0.319577	46.259	0	0.201137	0	-0.132139	0	
52.7682	49.5788	1.91818	-0.239429	1.83988	-0.454295	46.2922	0	0.0849987	0	-1.11163	0	
53.2261	49.5173	2.35943	-0.330266	-2.65992	0.0643079	46.2951	0	-0.000415292	0	-1.38061	0	
53.7148	49.4464	2.17377	-0.326087	-3.77651	0.280522	46.2952	0	0.000425294	0	-1.25497	0	
54.0638	49.3928	1.29933	-0.204395	-2.11141	0.208923	46.2953	0	-0.000241116	0	-0.559888	0	
54.2331	49.3659	-0.197733	0.0318536	-16.1003	2.32425	46.2953	0	0.000461825	0	-1.64094	0	
54.0918	49.3884	-1.71168	0.270198	-16.5663	2.41652	46.2954	0	-0.000130939	0	-0.878388	0	
53.6509	49.4582	-1.49079	0.245851	18.6766	-2.64761	46.3104	0	0.165618	0	1.22559	0	
53.6802	49.4607	0.860892	-0.0945578	-5.76266	0.761916	46.3562	0	0.2224	0	-0.559707	0	
53.6995	49.4629	-0.215633	0.0578438	-2.33369	0.387593	46.3906	0	0.175916	0	0.310547	0	
53.7733	49.458	1.03491	-0.125459	-6.47679	0.844197	46.4313	0	0.189827	0	-0.689528	0	
53.9921	49.4294	1.47413	-0.211071	-1.16776	0.0278984	46.4601	0	0.0889334	0	-0.723888	0	
54.2245	49.3944	0.814699	-0.127943	-12.1722	1.76533	46.466	0	0.000208139	0	-0.843923	0	
54.1136	49.4117	-1.89967	0.294793	-10.068	1.54839	46.4663	0	0.00492621	0	0.418293	0	
53.915	49.4456	-0.210061	0.0637534	8.3044	-1.13258	46.4902	0	0.214593	0	0.787485	0	
53.9954	49.4407	0.419926	-0.0296491	-9.17898	1.29415	46.5376	0	0.223468	0	-0.593809	0	
54.0876	49.4331	0.109703	0.00967957	-4.66717	0.718391	46.5794	0	0.173533	0	0.0631232	0	
53.9241	49.4615	-1.54176	0.248873	-8.41063	1.20241	46.6057	0	0.140175	0	0.107933	0	
53.651	49.5072	-1.56578	0.25567	-6.40469	0.850611	46.6486	0	0.241696	0	0.0825354	0	
53.1549	49.5797	-3.073	0.414629	-0.855949	-0.578131	46.6854	0	0.103884	0	-3.69777	0	
52.3664	49.6766	-4.6866	0.535703	-0.874467	-0.761198	46.6888	0	-0.00123681	0	-3.61406	0	
51.3458	49.7827	-5.62587	0.52664	-7.25948	-0.0376597	46.6889	0	0.000675622	0	-0.816115	0	
50.9281	49.8201	1.06541	-0.0901242	19.1439	-1.71376	46.691	0	0.00576967	0	-0.747169	0	
51.4329	49.7746	3.34692	-0.318765	3.81827	-0.796999	46.691	0	-0.000127944	0	-2.17015	0	
52.1812	49.6977	3.76061	-0.415421	-4.65277	-0.0517231	46.691	0	-0.000996428	0	-2.51006	0	
52.9009	49.6129	3.55101	-0.444428	1.70943	-0.754213	46.6911	0	-0.000634835	0	-2.25666	0	
53.5005	49.5341	2.50323	-0.344098	-7.88884	0.716251	46.6911	0	-0.000208981	0	-1.73737	0	
53.9977	49.4633	2.22758	-0.329056	-9.66015	1.09853	46.6912	0	-0.000290361	0	-1.52543	0	
54.2553	49.4245	0.759938	-0.116205	-0.30721	0.632781	46.6912	0	0.000699145	0	3.90611	0	
54.2172	49.4304	-1.26291	0.192131	-12.7506	1.57305	46.6913	0	-0.0010019	0	-2.20497	0	
53.8043	49.4924	-1.98924	0.30275	24.283	-3.44748	46.6981	0	0.119105	0	0.921471	0	
53.6544	49.52	0.551871	-0.0370583	8.05237	-1.1323	46.7431	0	0.286452	0	-0.0507463	0	
53.941	49.4858	2.0222	-0.273133	5.43482	-1.03705	46.7886	0	0.13231	0	-1.23319	0	
54.2902	49.4352	1.21171	-0.183507	-8.42446	1.62859	46.7962	0	0.00117787	0	2.52153	0	
54.4113	49.4168	0.183483	-0.0268251	-6.28138	0.969588	46.7966	0	0.00949517	0	0.0152111	0	
54.359	49.4255	-0.720505	0.118266	10.831	-1.48338	46.8009	0	0.0529469	0	1.21304	0	
54.3924	49.424	0.856403	-0.111106	0.932832	-0.177075	46.8245	0	0.130862	0	-0.152575	0	
54.6214	49.3912	1.21215	-0.184845	-9.82207	1.39568	46.8429	0	0.0384405	0	-0.776277	0	
54.7952	49.3638	0.748559	-0.120446	-1.4967	0.227701	46.8444	0	0.000804714	0	-0.0106072	0	
54.8902	49.3485	-0.422199	0.0688596	-13.7734	2.14655	46.8446	0	0.000245074	0	-0.585498	0	
54.6518	49.3872	-1.32464	0.224136	-1.46766	0.411594	46.848	0	0.0937837	0	1.40058	0	
54.3004	49.4466	-2.59808	0.422335	-14.7352	1.98556	46.8818	0	0.216453	0	-0.41731	0	
53.5813	49.556	-4.45476	0.638704	-10.9207	1.08501	46.9328	0	0.304321	0	0.622014	0	
52.8045	49.6625	-3.31496	0.435872	26.0696	-3.31633	47.0047	0	0.416197	0	0.131458	0	
52.8273	49.6698	1.87718	-0.175493	-0.38479	-0.168326	47.0901	0	0.357792	0	-1.43474	0	
53.3259	49.6148	2.79122	-0.343632	-0.532206	-0.304543	47.1316	0	0.0382784	0	-1.7298	0	
53.8566	49.5457	2.70243	-0.366769	3.40359	-0.845385	47.1321	0	-0.000338081	0	-1.72199	0	
54.38	49.4719	2.18461	-0.320011	-9.31239	1.04515	47.1322	0	7.0062e-05	0	-1.50231	0	
54.5691	49.4438	-0.34063	0.0513567	-11.5796	2.23326	47.1322	0	0.000910004	0	3.28326	0	
54.2709	49.4878	-2.64275	0.382594	-5.91623	0.840746	47.1324	0	0.00919221	0	0.914077	0	
53.8273	49.5523	-0.254236	0.0595152	25.0717	-3.31259	47.1512	0	0.187609	0	0.516636	0	
54.0175	49.5309	1.33952	-0.171532	3.37956	-0.594061	47.1842	0	0.0961806	0	-0.697039	0	
54.3028	49.4915	1.88043	-0.270067	-1.65578	0.5324	47.1901	0	0.00110086	0	2.5573	0	
54.6428	49.4415	0.994018	-0.149644	-12.0272	2.21956	47.1902	0	0.00129884	0	2.83596	0	
54.687	49.4349	-0.57456	0.0898396	-2.88613	0.529258	47.1907	0	0.0179699	0	0.651568	0	
54.6812	49.4381	0.207668	-0.0152301	5.77434	-0.823697	47.2062	0	0.107043	0	0.327906	0	
54.5174	49.4642	-1.98773	0.293527	-12.7705	2.25102	47.2168	0	0.000867517	0	3.02799	0	
54.3153	49.4957	0.716465	-0.0845802	14.329	-2.09358	47.2319	0	0.12554	0	-0.251532	0	
54.3974	49.4864	-0.219513	0.0375365	-9.77012	1.29258	47.2492	0	0.0404519	0	-0.812566	0	
54.3671	49.4928	0.49135	-0.0547651	15.8394	-2.28521	47.2636	0	0.109878	0	-0.0629161	0	
54.653	49.4525	1.94473	-0.290093	4.21184	-0.878803	47.2741	0	0.000404758	0	-1.15623	0	
55.0365	49.3938	1.71197	-0.268901	-4.58191	0.529273	47.2742	0	0.000795856	0	-0.826217	0	
55.3194	49.3485	1.23309	-0.201044	-3.39563	0.444338	47.2743	0	-0.000102843	0	-0.475334	0	
55.5782	49.3056	1.54175	-0.259674	1.55318	-0.439767	47.2744	0	-0.000164248	0	-0.76425	0	
55.8585	49.2576	1.24414	-0.216797	-7.41784	1.19738	47.2745	0	9.07718e-05	0	-0.359554	0	
56.0536	49.2233	0.592553	-0.103831	4.53228	-0.802249	47.2749	0	0.0104255	0	0.0733301	0	
56.1558	49.2056	-0.087585	0.0243226	-12.7626	2.37724	47.2784	0	0.0473158	0	0.415754	0	
55.8061	49.2685	-2.59262	0.464782	17.8542	-3.06807	47.2847	0	0.0942888	0	0.996143	0	
55.6099	49.3096	-0.106835	0.0751145	14.3734	-2.3114	47.3299	0	0.340568	0	0.634572	0	
55.6983	49.3068	0.578161	-0.0356909	9.35769	-1.57166	47.4012	0	0.366152	0	0.0230787	0	
55.8416	49.2946	0.622416	-0.0449961	8.5917	-1.46102	47.4726	0	0.357469	0	-0.00573641	0	
55.8337	49.3079	-0.741948	0.187521	6.73119	-0.912252	47.543	0	0.373323	0	1.46105	0	
55.8442	49.3211	0.253027	0.0387704	-7.6023	1.27061	47.6328	0	0.485987	0	0.0359464	0	
55.9133	49.3268	0.453354	0.014202	2.30259	-0.347478	47.7361	0	0.539117	0	0.207484	0	
56.098	49.3136	1.28481	-0.132148	5.61491	-1.04819	47.8413	0	0.495601	0	-0.56883	0	
56.3679	49.2826	1.02212	-0.110697	-2.85265	0.436144	47.9284	0	0.375772	0	-0.254538	0	
56.5881	49.2563	0.969136	-0.115694	-4.74575	0.797131	47.9962	0	0.305944	0	-0.122618	0	
56.6531	49.2558	0.474276	-0.0220749	8.2381	-1.41102	48.0585	0	0.347851	0	0.153192	0	
56.8202	49.2386	1.11013	-0.138597	3.48425	-0.694562	48.1279	0	0.325073	0	-0.377635	0	
57.0356	49.2108	1.16894	-0.162435	1.97829	-0.446166	48.1873	0	0.265583	0	-0.408269	0	
57.1522	49.1991	-0.0110833	0.0543547	-1.12295	0.335944	48.2387	0	0.289015	0	0.741677	0	
57.0607	49.2287	-1.15637	0.285445	-6.25869	1.3079	48.3121	0	0.449768	0	1.4029	0	
56.8843	49.2804	-0.637973	0.233596	-4.78524	0.929936	48.4318	0	0.723923	0	0.860999	0	
56.7002	49.3384	0.0734496	0.138182	17.0902	-2.75038	48.5933	0	0.914464	0	0.443842	0	
56.855	49.3431	1.33879	-0.0730202	-0.598288	0.0128367	48.777	0	0.892844	0	-0.494591	0	
57.1428	49.3232	1.50188	-0.122692	-9.42091	1.39703	48.9437	0	0.763868	0	-0.947446	0	
57.4354	49.2973	1.18392	-0.0953695	-2.70675	0.395304	49.0823	0	0.621151	0	-0.334539	0	
57.6886	49.2738	1.27489	-0.128689	-4.31882	0.664335	49.1977	0	0.528147	0	-0.395438	0	
57.9657	49.2419	1.48823	-0.189649	1.83886	-0.468714	49.2921	0	0.411572	0	-0.684814	0	
58.2419	49.2053	1.10481	-0.144455	-6.96366	1.20572	49.3628	0	0.304329	0	-0.206457	0	
58.3342	49.1997	0.111071	0.0433265	8.90147	-1.51815	49.424	0	0.350391	0	0.52562	0	
58.3857	49.205	0.05895	0.0671651	-14.7856	2.63723	49.5048	0	0.431159	0	-0.158747	0	
58.41	49.2183	0.352996	0.0333807	-0.887933	0.226962	49.6032	0	0.539634	0	0.384522	0	
58.2681	49.2614	-1.24809	0.31512	9.42369	-1.43459	49.706	0	0.564812	0	1.56792	0	
58.0853	49.3165	-0.528329	0.226886	9.40243	-1.41857	49.8464	0	0.829735	0	1.14338	0	
57.983	49.362	-1.41258	0.360804	-14.5156	2.07414	50.0208	0	0.82401	0	-1.01814	0	
57.7715	49.4241	-0.0798021	0.16849	-0.375053	0.0682985	50.2048	0	1.02076	0	0.234749	0	
57.8852	49.4383	1.45523	-0.0678771	2.48137	-0.47846	50.4113	0	1.00633	0	-0.656251	0	
58.1586	49.4244	0.701786	0.00862618	-9.77901	1.06926	50.5937	0	0.758244	0	-2.79283	0	
58.1535	49.4444	0.542486	0.0134916	15.8842	-2.39736	50.7205	0	0.632334	0	-0.0617492	0	
58.3383	49.4347	1.14876	-0.0892731	10.826	-1.73191	50.8411	0	0.560186	0	-0.547994	0	
58.6851	49.3958	1.87118	-0.235363	-2.7814	0.231971	50.9358	0	0.370866	0	-1.00461	0	
58.9829	49.3575	1.3228	-0.178359	5.53622	-1.02289	50.993	0	0.22102	0	-0.628006	0	
59.1183	49.3412	0.271025	-0.0149558	0.990765	-0.0908336	51.0287	0	0.179897	0	0.437782	0	
59.2378	49.3281	0.880093	-0.113691	-1.57622	0.223617	51.0681	0	0.193694	0	-0.166596	0	
59.2799	49.3273	0.321853	-0.015838	11.1845	-1.81532	51.1059	0	0.226367	0	0.230563	0	
59.4342	49.309	0.946021	-0.123976	-2.47063	0.368567	51.1506	0	0.2081	0	-0.2088	0	
59.6073	49.2863	0.634732	-0.0777669	-1.94721	0.341456	51.1892	0	0.179501	0	0.0774465	0	
59.5259	49.3035	-1.78271	0.300766	-18.5219	2.92619	51.2091	0	0.000195963	0	-0.787461	0	
58.8889	49.4082	-4.38268	0.696685	-15.5093	1.83553	51.2191	0	0.10406	0	-1.00993	0	
57.8803	49.5551	-5.91933	0.806307	-13.4792	1.01327	51.2254	0	0.0821537	0	-0.441815	0	
56.6751	49.7043	-3.46296	0.383205	51.6181	-5.94821	51.2449	0	0.0436467	0	-0.485233	0	
56.6886	49.7039	1.94527	-0.21259	6.9927	-0.976145	51.255	0	0.000375455	0	-1.23663	0	
57.154	49.6508	2.77514	-0.329686	1.34274	-0.52853	51.255	0	-0.000335775	0	-1.7838	0	
57.7176	49.5806	2.76253	-0.359914	-6.76017	1.10279	51.2551	0	0.000763686	0	2.90706	0	
58.2772	49.5044	2.92103	-0.414268	1.02696	-0.3214	51.2551	0	-2.03727e-08	0	0	0	
58.8384	49.4216	2.54013	-0.389705	-6.50539	0.864044	51.2551	0	-2.03727e-08	0	0	0	
59.2637	49.3545	1.84254	-0.298961	1.52642	-0.318195	51.2551	0	-2.03727e-08	0	0	0	
59.6102	49.297	1.19381	-0.202333	-12.9389	2.16273	51.2551	0	-2.03727e-08	0	0	0	
59.6831	49.2849	-0.50777	0.0902449	-13.489	2.3413	51.2572	0	0.0201722	0	0.238707	0	
59.4583	49.3258	-0.81449	0.173252	8.12433	-1.13555	51.2753	0	0.229862	0	1.41775	0	
59.3469	49.355	-0.548037	0.156032	8.64579	-1.23993	51.3414	0	0.413955	0	1.12151	0	
59.4045	49.3603	0.106173	0.0538088	-12.2147	1.81969	51.432	0	0.439411	0	-0.934781	0	
59.1692	49.4082	-2.29799	0.395694	-8.46499	1.29361	51.499	0	0.250587	0	0.730452	0	
58.5231	49.5095	-3.90022	0.550647	-0.976088	0.36053	51.5368	0	0.00102733	0	3.79675	0	
57.6391	49.6265	-4.61564	0.573063	17.3809	-2.59496	51.5392	0	0.0449553	0	-0.0956871	0	
56.9758	49.705	-0.0731248	0.0184461	20.1837	-2.16602	51.5525	0	0.0960744	0	0.338323	0	
57.2605	49.674	1.4714	-0.168772	-7.00957	1.15515	51.5598	0	0.000704301	0	3.4446	0	
57.411	49.6565	0.103277	-0.0120823	-4.5439	0.819272	51.5598	0	0.000871145	0	2.41093	0	
57.3426	49.6645	-0.76251	0.0887933	-9.21094	0.880944	51.5599	0	0.000170668	0	-1.54458	0	
57.0889	49.6935	-1.14307	0.131991	12.6764	-1.34706	51.5613	0	0.043529	0	0.828065	0	
57.2097	49.681	1.84068	-0.208798	6.46991	-0.533693	51.5708	0	0.000943284	0	2.37386	0	
57.7011	49.6228	2.52695	-0.311982	1.3175	0.0405911	51.5708	0	0.0011721	0	2.70347	0	
58.2218	49.5557	2.83515	-0.380542	3.08261	-0.821481	51.5709	0	-0.000727607	0	-1.81041	0	
58.7267	49.4853	2.00553	-0.289878	-8.46395	1.53647	51.5709	0	0.000720957	0	2.7396	0	
59.0233	49.4415	0.9501	-0.143215	-7.61957	1.03711	51.571	0	3.60549e-06	0	-0.613727	0	
59.0501	49.4375	-0.709419	0.107456	-12.0141	2.29671	51.5711	0	0.000953247	0	3.23431	0	
58.6685	49.4937	-2.91557	0.41821	-14.1438	1.81513	51.5711	0	0.000341581	0	-0.271964	0	
57.9059	49.5985	-4.73194	0.615738	-11.9017	0.913994	51.5826	0	0.0959502	0	-0.999214	0	
56.9308	49.7135	-3.14026	0.338059	49.4754	-5.54865	51.5862	0	0.00345193	0	-0.221079	0	
56.9266	49.7144	1.95794	-0.210102	7.44577	-1.01145	51.5901	0	0.00043142	0	-1.25535	0	
57.4192	49.6591	2.46442	-0.289232	3.01588	-0.477767	51.5902	0	-1.83323e-09	0	0	0	
57.9666	49.5917	2.71465	-0.348984	-0.647732	-0.0678236	51.5902	0	-1.83323e-09	0	0	0	
58.5048	49.5196	2.60859	-0.364194	-8.50347	1.0466	51.5902	0	-1.83323e-09	0	0	0	
58.8931	49.4638	1.19334	-0.176187	-9.90548	1.43267	51.5902	0	-1.83323e-09	0	0	0	
58.894	49.4638	-0.723648	0.111502	-1.0052	0.248154	51.5907	0	0.0316053	0	0.75504	0	
58.9187	49.4628	0.867671	-0.113685	3.07843	-0.505911	51.6093	0	0.0984222	0	-0.262923	0	
59.2023	49.4215	1.80778	-0.2774	-3.98267	0.402426	51.6185	0	-7.59316e-05	0	-0.917942	0	
59.4335	49.3855	0.115558	-0.018434	-15.4719	2.16378	51.6185	0	-0.000833453	0	-1.79608	0	
59.1866	49.4243	-2.19466	0.344912	4.04637	-0.544579	51.621	0	0.0583327	0	1.17673	0	
58.9227	49.4693	-0.37047	0.098557	11.7432	-1.61287	51.6569	0	0.300634	0	0.826833	0	
58.8654	49.487	-0.305259	0.0944777	-0.208708	0.0738601	51.7216	0	0.349294	0	0.364084	0	
58.9687	49.4828	1.39625	-0.152953	9.97773	-1.58148	51.7956	0	0.341163	0	-0.775756	0	
59.3356	49.4356	2.03939	-0.289126	-3.11694	0.222261	51.844	0	0.131364	0	-1.1524	0	
59.6966	49.3808	1.89771	-0.301357	2.06472	-0.573691	51.8523	0	0.000503364	0	-1.07747	0	
59.8894	49.3498	-0.389924	0.0635562	-13.7591	2.13878	51.8523	0	0.000415823	0	-0.607961	0	
59.5792	49.3994	-2.29561	0.364444	3.23971	-0.436589	51.8529	0	0.0342828	0	1.16903	0	
59.006	49.4878	-3.68829	0.532417	-0.974864	0.409031	51.8676	0	0.00185825	0	3.8043	0	
58.1312	49.6062	-5.37307	0.678637	-12.1927	0.857328	51.8685	0	0.00010167	0	-0.733257	0	
57.034	49.7327	-5.58306	0.584931	-3.72985	-0.155845	51.8712	0	0.0485669	0	0.970545	0	
55.887	49.8388	-6.04837	0.487071	-0.477889	-0.986706	51.8757	0	-0.00118284	0	-3.55465	0	
54.746	49.9177	-4.75296	0.275167	27.8117	-2.07917	51.8778	0	0.0322535	0	-0.29321	0	
53.9931	49.9553	-3.26796	0.138343	7.11861	-0.547631	51.8795	0	-0.000325913	0	-0.745684	0	
53.427	49.976	-2.52281	0.0781586	0.182456	-0.25004	51.8795	0	-0.000120279	0	-3.76665	0	
53.2754	49.9805	0.895158	-0.0250256	3.60507	-0.187256	51.8796	0	-0.000672922	0	-2.53071	0	
53.7383	49.9654	3.70709	-0.137731	6.03387	-0.387198	51.8796	0	0.00149344	0	3.01416	0	
54.671	49.922	5.40867	-0.302193	1.01543	-0.827514	51.8796	0	-0.000789566	0	-3.28093	0	
55.7943	49.8465	5.70349	-0.447504	-0.319805	-0.357245	51.8796	0	0.00137786	0	3.4964	0	
56.9277	49.7445	5.42081	-0.549964	-3.32005	-0.577763	51.8796	0	-0.00133698	0	-3.12935	0	
57.9047	49.6357	4.25995	-0.517034	-7.55976	0.142577	51.8796	0	-0.000841048	0	-3.3232	0	
58.6419	49.5406	3.26954	-0.446267	-8.84872	0.689061	51.8797	0	-0.000549626	0	-2.18486	0	
59.0896	49.4774	1.30202	-0.189568	1.10729	0.151728	51.8797	0	0.00112027	0	2.38857	0	
59.3488	49.439	1.21547	-0.183536	-0.8129	0.0221986	51.8798	0	0.000610273	0	-0.463762	0	
59.6078	49.3992	1.06356	-0.16639	-9.37771	1.33847	51.8799	0	-3.1524e-05	0	-0.669987	0	
59.7558	49.3759	0.518441	-0.0809795	0.163793	-0.00233562	51.8803	0	0.0108185	0	0.182703	0	
59.981	49.3395	1.16743	-0.191665	-3.42725	0.466001	51.8808	0	-6.8055e-06	0	-0.415347	0	
60.1903	49.3047	0.716584	-0.120733	-14.7441	2.35265	51.8809	0	0.000272737	0	-0.71919	0	
60.308	49.2851	0.766841	-0.128024	5.56381	-0.983517	51.8831	0	0.0179758	0	-0.121933	0	
60.4841	49.255	0.967558	-0.16873	-5.46411	0.901132	51.885	0	0.00112432	0	-0.18966	0	
60.585	49.2378	0.478905	-0.0777317	-4.6591	0.877104	51.8878	0	0.038921	0	0.329821	0	
60.7225	49.2148	0.823525	-0.13983	2.98866	-0.570306	51.8963	0	0.0438892	0	-0.120709	0	
60.8528	49.193	0.193075	-0.0245053	-13.8032	2.54239	51.9058	0	0.0584254	0	0.178017	0	
60.9235	49.184	0.53864	-0.0743558	-6.25634	1.19841	51.927	0	0.13222	0	0.314765	0	
61.013	49.1734	0.551839	-0.0660556	4.15924	-0.741813	51.9589	0	0.193167	0	0.144841	0	
61.1443	49.1566	0.611344	-0.0741129	-7.00749	1.34995	51.9993	0	0.21305	0	0.267214	0	
60.9614	49.1954	-2.73346	0.501215	-17.4497	2.72297	52.0278	0	0.0262793	0	-1.58185	0	
60.2489	49.3196	-4.04961	0.675297	-16.9015	2.93844	52.0284	0	0.00098651	0	2.76455	0	
59.2104	49.482	-5.34219	0.780464	27.365	-4.66153	52.032	0	0.0357497	0	-0.62166	0	
58.5335	49.5767	-2.89822	0.392805	-1.31	0.118939	52.0412	0	0.10076	0	1.00573	0	
57.9191	49.6564	-1.89681	0.244019	33.4889	-3.95797	52.0673	0	0.173626	0	0.663202	0	
57.9948	49.6523	1.88313	-0.206043	5.92235	-0.905455	52.1084	0	0.145012	0	-1.19804	0	
58.3944	49.6043	1.90313	-0.240885	-6.93035	0.59079	52.1163	0	-0.00028687	0	-1.67373	0	
58.6312	49.5737	0.730828	-0.0960471	8.1767	-1.11852	52.1163	0	6.05253e-05	0	-0.252493	0	
58.9069	49.5367	1.69974	-0.232911	0.81645	-0.29706	52.1164	0	0.000557417	0	-0.918095	0	
59.2608	49.487	1.38988	-0.200554	-7.11721	0.847378	52.1164	0	0.0006648	0	-0.970026	0	
59.4096	49.4653	-0.309007	0.0453729	-11.3917	1.30653	52.1165	0	-0.00115952	0	-2.51736	0	
59.188	49.4976	-1.95353	0.28544	-1.50871	0.31502	52.1178	0	0.0446488	0	1.27179	0	
59.011	49.5266	0.406946	-0.0282168	-1.87978	0.22338	52.1467	0	0.203476	0	-0.261867	0	
59.1825	49.5076	1.63996	-0.213335	8.50191	-1.38637	52.1829	0	0.13101	0	-0.975101	0	
59.3584	49.4835	0.0738016	-0.0104692	-10.6766	2.02816	52.1901	0	0.00164363	0	3.32495	0	
59.2638	49.4971	-1.29213	0.184699	-11.7874	1.33308	52.1902	0	0.000279104	0	-2.22101	0	
58.83	49.5575	-2.77145	0.378863	-2.61885	0.311468	52.1925	0	0.0567366	0	0.931032	0	
58.5804	49.594	0.771145	-0.0737443	18.4392	-2.42064	52.2218	0	0.196079	0	-0.390249	0	
58.8722	49.559	1.56443	-0.206587	-4.86874	0.448921	52.2458	0	0.0192929	0	-1.14316	0	
59.0267	49.5381	0.010654	-0.00136354	-12.2364	2.07132	52.246	0	0.000811384	0	2.89624	0	
59.0771	49.5316	1.10314	-0.151081	12.5259	-1.83241	52.2489	0	0.00722725	0	-0.590304	0	
59.4049	49.4853	1.94714	-0.281411	5.41999	-0.480065	52.249	0	0.000933703	0	2.63941	0	
59.7625	49.4323	1.79694	-0.273106	4.36333	-0.729782	52.2491	0	2.84352e-09	0	0	0	
60.1082	49.3785	1.39408	-0.22188	-3.83784	0.570312	52.2491	0	2.84352e-09	0	0	0	
60.415	49.3287	1.62188	-0.268475	1.8782	-0.365608	52.2491	0	2.84352e-09	0	0	0	
60.5781	49.3014	-0.564735	0.0953933	-13.6557	2.30058	52.2491	0	2.84352e-09	0	0	0	
60.1699	49.3687	-3.71284	0.595731	-15.8916	2.06142	52.2493	0	-0.000459269	0	-1.2686	0	
59.2527	49.5081	-5.45898	0.782228	-12.8625	1.38189	52.2561	0	0.0739594	0	1.36163	0	
57.9757	49.6722	-7.13252	0.821176	-1.13858	-1.30445	52.2599	0	-0.000497451	0	-3.45298	0	
57.0204	49.7729	-0.95125	0.0934059	32.4042	-3.03151	52.2605	0	0.0255506	0	0.916411	0	
57.3137	49.7443	2.9614	-0.300625	9.64769	-1.36061	52.2633	0	-0.000351472	0	-2.00937	0	
57.9939	49.6705	3.56178	-0.410889	-0.798017	-0.426807	52.2634	0	-0.000665453	0	-2.25477	0	
58.6647	49.5885	3.17108	-0.409175	-2.85838	0.538829	52.2634	0	0.000688325	0	2.91643	0	
59.2735	49.5062	2.86617	-0.405666	1.3878	0.0469241	52.2635	0	0.000816178	0	2.91481	0	
59.7874	49.4307	2.22189	-0.338237	1.9935	-0.608968	52.2635	0	-0.000499725	0	-1.33718	0	
60.2309	49.3611	2.19255	-0.353698	0.0347974	0.346605	52.2636	0	0.00101991	0	2.80186	0	
60.4874	49.3191	0.457868	-0.0755094	-0.811195	0.165764	52.2638	0	0.00510895	0	0.208635	0	
60.5612	49.307	-0.219081	0.0406863	2.47455	-0.275062	52.2653	0	0.0228352	0	0.847032	0	
60.6312	49.2976	0.909513	-0.140576	5.39819	-0.971266	52.2797	0	0.0797643	0	-0.251145	0	
60.7609	49.2779	0.683528	-0.104907	-3.98288	0.696014	52.2937	0	0.073053	0	0.113614	0	
60.8847	49.2591	0.453085	-0.0621893	-3.45251	0.657047	52.3093	0	0.0959407	0	0.337314	0	
61.0156	49.2397	0.758692	-0.114907	4.54634	-0.825331	52.3296	0	0.107373	0	-0.0825014	0	
61.1848	49.213	0.509396	-0.076108	-13.7465	2.44544	52.3486	0	0.0855985	0	-0.104719	0	
61.2676	49.2024	0.633824	-0.0886101	4.30351	-0.773573	52.3725	0	0.143762	0	0.052062	0	
61.32	49.1986	-0.856793	0.177926	-15.0055	2.28902	52.4038	0	0.125016	0	-2.26543	0	
60.9369	49.2679	-3.4858	0.618847	-19.8811	3.22127	52.4118	0	0.0899471	0	0.266888	0	
59.9973	49.4246	-4.716	0.742528	47.4442	-7.82672	52.4338	0	0.13466	0	-0.469381	0	
59.7391	49.4694	0.538059	-0.0403704	5.09007	-0.736989	52.4742	0	0.263271	0	0.081982	0	
59.9097	49.4506	0.550066	-0.0569026	-5.43274	0.762699	52.518	0	0.169492	0	-0.309887	0	
59.9876	49.4436	-0.00912679	0.0180883	-14.1143	1.85778	52.5489	0	0.111213	0	-1.76425	0	
59.7404	49.4808	-2.38376	0.346322	-12.9237	1.49357	52.5534	0	0.000304836	0	-1.83889	0	
59.3266	49.5413	-0.223655	0.0537672	12.6385	-1.6329	52.5692	0	0.170641	0	0.691644	0	
59.5271	49.5177	1.57763	-0.209122	1.64112	-0.396935	52.5988	0	0.0829678	0	-0.867893	0	
59.7829	49.4818	0.480128	-0.0697076	-13.2842	1.63251	52.6027	0	-0.000155481	0	-2.00001	0	
59.6777	49.4973	-0.41766	0.0704596	12.2295	-1.63273	52.6053	0	0.0755674	0	0.838758	0	
59.7698	49.4871	1.29154	-0.174087	9.78705	-1.54323	52.6263	0	0.0855503	0	-0.698613	0	
60.0673	49.444	1.44672	-0.217398	-8.66474	1.64909	52.6317	0	0.00105652	0	2.59197	0	
60.2792	49.4117	1.18147	-0.182713	7.32378	-1.24797	52.6318	0	0.000918789	0	-0.554975	0	
60.4772	49.3807	0.845262	-0.13421	-1.31661	0.177185	52.6319	0	0.000561571	0	-0.107912	0	
60.6644	49.3506	0.258496	-0.0421179	-12.7469	2.00621	52.632	0	-0.000176014	0	-0.411679	0	
60.7375	49.3395	0.351192	-0.0509339	0.697307	-0.0692682	52.6371	0	0.0410498	0	0.287565	0	
60.7976	49.3314	-0.333864	0.0654298	-7.56886	1.33538	52.6484	0	0.0623118	0	0.534164	0	
60.6987	49.3521	-0.631498	0.138228	-4.94876	0.917255	52.6757	0	0.218841	0	0.785125	0	
60.6261	49.3737	-0.0843673	0.0743279	6.29903	-0.906	52.7371	0	0.380904	0	0.657472	0	
60.685	49.3778	0.87825	-0.0699686	10.1201	-1.66096	52.8216	0	0.438977	0	-0.28555	0	
60.9288	49.3513	1.45803	-0.181646	5.06576	-0.968457	52.9009	0	0.341389	0	-0.729617	0	
61.2093	49.314	0.91577	-0.118423	-10.8911	1.72866	52.9555	0	0.208296	0	-0.499165	0	
61.2162	49.3198	-0.233505	0.0825698	4.4213	-0.600374	52.997	0	0.262044	0	0.849761	0	
61.24	49.3264	0.0767477	0.041467	-13.4683	2.08352	53.0603	0	0.326905	0	-0.896692	0	
60.9823	49.3762	-2.51576	0.439269	-3.8023	0.67218	53.1091	0	0.238694	0	1.39862	0	
60.7825	49.4186	0.48243	-0.00833932	4.13855	-0.609394	53.1794	0	0.428333	0	0.177938	0	
61.0062	49.3962	1.43541	-0.171647	-1.0574	0.035804	53.2594	0	0.340952	0	-0.670592	0	
61.2733	49.3626	1.41056	-0.192148	-3.45839	0.436552	53.3151	0	0.21872	0	-0.566777	0	
61.57	49.3188	1.4842	-0.234257	2.66544	-0.606953	53.3445	0	0.0796034	0	-0.728136	0	
61.7939	49.2818	1.0292	-0.176348	3.7276	-0.718811	53.3499	0	1.44507e-05	0	-0.339236	0	
61.9242	49.2595	0.320806	-0.0513723	-3.1989	0.634882	53.3508	0	0.0257285	0	0.45958	0	
62.0039	49.2469	-0.309157	0.0637433	-14.8627	2.62508	53.3583	0	0.0540212	0	0.104884	0	
61.7722	49.2917	-1.57275	0.310631	12.0756	-1.88133	53.3859	0	0.252912	0	1.43045	0	
61.4842	49.3527	-1.00576	0.250105	11.3476	-1.64107	53.465	0	0.533416	0	1.55406	0	
61.4932	49.3706	0.120948	0.0780038	6.14718	-0.914325	53.5845	0	0.607975	0	0.470801	0	
61.6115	49.3715	0.663945	-0.0104618	-6.60924	1.00365	53.7088	0	0.598688	0	-0.338325	0	
61.8335	49.3541	1.45276	-0.152314	5.96567	-1.10458	53.8224	0	0.514438	0	-0.727748	0	
62.1747	49.3118	1.37395	-0.174172	-11.3558	1.73891	53.9074	0	0.335107	0	-0.847484	0	
62.2757	49.3048	0.382777	-0.0119322	10.3838	-1.71698	53.9672	0	0.312066	0	0.1953	0	
62.4369	49.288	1.05954	-0.13112	5.19002	-0.960496	54.0289	0	0.290974	0	-0.368913	0	
62.6639	49.2575	0.900067	-0.119406	-12.5697	2.10204	54.0791	0	0.215008	0	-0.450869	0	
62.5318	49.2838	-2.09484	0.358528	-15.6122	2.26221	54.0995	0	0.000454166	0	-1.85973	0	
61.8048	49.403	-5.06428	0.798919	-16.4785	2.21712	54.1012	0	0.057498	0	1.20977	0	
60.6032	49.5791	-7.00388	0.932465	-13.2178	0.690054	54.129	0	0.133022	0	0.0463209	0	
59.0762	49.7555	-7.74828	0.769751	28.0129	-4.15171	54.1372	0	0.000249149	0	-1.46498	0	
58.3479	49.8225	0.362853	-0.0282868	25.0793	-2.14466	54.1388	0	0.0282083	0	-0.283159	0	
58.7867	49.7836	3.45571	-0.322529	3.7835	-0.803366	54.1395	0	-0.000595184	0	-2.23656	0	
59.5717	49.704	4.08373	-0.445991	-1.55429	0.171547	54.1396	0	0.00151711	0	3.12502	0	
60.3774	49.6094	3.78773	-0.476204	-4.03043	-0.0785088	54.1396	0	-0.000565929	0	-2.31623	0	
61.0897	49.5146	3.20742	-0.450136	0.0535114	-0.501719	54.1396	0	-0.000133777	0	-2.0129	0	
61.6074	49.4392	1.69217	-0.255539	-11.8437	1.51002	54.1397	0	0.000311499	0	-1.45114	0	
61.9311	49.3892	1.92931	-0.304152	2.25796	-0.00707358	54.1398	0	0.00114854	0	2.70234	0	
62.3121	49.3276	1.52064	-0.251865	-12.6112	1.88074	54.1399	0	0.000328141	0	-0.965019	0	
62.4295	49.308	-0.231837	0.0386992	-0.751599	-0.518104	54.1399	0	-0.00154954	0	-3.82666	0	
62.2157	49.3435	-2.5421	0.416782	-17.9847	2.7484	54.1401	0	0.00422753	0	-0.375517	0	
61.5042	49.4565	-4.62189	0.687277	-14.9984	1.79027	54.1522	0	9.72152e-08	0	0	0	
60.7368	49.5649	-1.42466	0.195492	23.1698	-2.97815	54.1546	0	0.0473809	0	1.08639	0	
60.6553	49.5784	0.281848	-0.0191601	11.7324	-1.51818	54.1762	0	0.135361	0	0.118174	0	
60.9329	49.5437	2.10449	-0.28634	-0.026761	-0.259982	54.193	0	-0.000547082	0	-1.26882	0	
61.3286	49.4882	1.55744	-0.224543	0.269219	-0.208517	54.1931	0	6.85815e-05	0	-0.830345	0	
61.6484	49.4411	1.34227	-0.202407	-8.60401	1.1234	54.1932	0	-3.92572e-05	0	-0.904708	0	
61.9304	49.3977	1.03509	-0.161993	-1.55746	0.177448	54.1933	0	0.000887778	0	-0.282665	0	
62.1303	49.366	0.600738	-0.0964112	0.216346	-0.0351063	54.1934	0	0.00116671	0	0.0444362	0	
62.3012	49.3383	0.60631	-0.099441	-0.857196	0.143397	54.1935	0	0.0012524	0	0.061909	0	
62.3896	49.3238	-0.15871	0.0283603	2.7349	-0.326485	54.1944	0	0.0120784	0	0.773655	0	
62.4458	49.3165	0.685291	-0.100727	7.52269	-1.27696	54.2065	0	0.0824627	0	-0.0761219	0	
62.679	49.2785	1.44067	-0.247427	1.24198	-0.371415	54.2157	0	-2.76113e-05	0	-0.668646	0	
62.7564	49.2652	-0.927207	0.160693	-14.5648	2.11527	54.2158	0	-0.000235534	0	-2.26171	0	
62.2791	49.346	-3.62018	0.605235	-1.96461	0.194043	54.2187	0	0.0843372	0	0.969326	0	
61.6695	49.447	-2.11736	0.358022	5.91589	-0.828985	54.2538	0	0.269604	0	1.17627	0	
61.4669	49.4881	0.342514	0.0177777	8.77423	-1.24243	54.3308	0	0.465919	0	0.160451	0	
61.5762	49.4854	0.791205	-0.0520543	5.87636	-0.88396	54.4211	0	0.431304	0	-0.219125	0	
61.6076	49.4912	0.315725	0.00363466	18.1864	-2.60206	54.4928	0	0.341125	0	0.0866093	0	
61.8188	49.4693	1.52864	-0.188769	8.24057	-1.37104	54.5534	0	0.243317	0	-0.864979	0	
62.1383	49.4261	1.45322	-0.21023	-2.02008	0.170842	54.5845	0	0.0776058	0	-0.645465	0	
62.4085	49.3847	0.539281	-0.0852032	-11.3924	2.33882	54.5882	0	0.00131384	0	3.4167	0	
62.2425	49.4107	-2.33704	0.362097	-16.2715	2.32442	54.5883	0	0.000199286	0	-0.542882	0	
61.5207	49.518	-4.73428	0.67226	-12.8434	1.4418	54.5951	0	0.0708096	0	0.850125	0	
60.7661	49.6205	-1.43186	0.196682	26.9943	-3.27558	54.6177	0	0.155373	0	0.985288	0	
60.794	49.6221	1.3332	-0.142013	7.00436	-0.981009	54.6583	0	0.184706	0	-0.713453	0	
61.1526	49.5787	2.15273	-0.281058	7.66719	-0.751644	54.6755	0	0.00116056	0	2.63813	0	
61.5757	49.5216	1.42902	-0.199109	-8.9862	1.02393	54.6756	0	1.12593e-05	0	-1.33345	0	
61.8612	49.481	1.34562	-0.195398	0.976322	-0.275184	54.6756	0	6.33531e-05	0	-0.661831	0	
62.0933	49.4467	1.29577	-0.194332	-0.884409	0.0177347	54.6757	0	0.000312874	0	-0.534755	0	
62.3194	49.4123	0.976029	-0.150867	-0.72118	0.0540227	54.6758	0	0.000781956	0	-0.244444	0	
62.4119	49.3981	0.245208	-0.0339329	3.51663	-0.499689	54.6769	0	0.0286088	0	0.331545	0	
62.3851	49.4039	-0.204932	0.0478397	6.79461	-0.945371	54.6874	0	0.102206	0	0.740135	0	
62.4157	49.4037	0.492817	-0.0515052	3.04095	-0.459447	54.7166	0	0.162417	0	0.107073	0	
62.4258	49.4057	-1.07705	0.168602	-11.4064	1.72299	54.7396	0	0.0067253	0	-0.177148	0	
61.9701	49.4753	-3.05422	0.460268	1.80678	-0.321437	54.7456	0	0.0972334	0	1.01009	0	
61.5636	49.5384	-0.110907	0.05497	23.6091	-3.17869	54.7849	0	0.290919	0	0.406063	0	
61.7715	49.5168	1.6243	-0.200791	9.17242	-1.46234	54.8371	0	0.190465	0	-0.970752	0	
62.1376	49.4668	1.62612	-0.239241	-10.8731	1.95374	54.8548	0	0.00105829	0	2.77247	0	
62.3897	49.429	1.51684	-0.23114	5.86676	-1.06757	54.8549	0	0.000489475	0	-0.826415	0	
62.6878	49.3827	1.19799	-0.189981	-2.0246	0.216593	54.855	0	0.000236631	0	-0.470933	0	
62.7903	49.3663	-0.653294	0.105156	-13.0664	2.0207	54.8551	0	0.000979866	0	-0.441464	0	
62.4621	49.4195	-2.64518	0.41921	-15.8717	2.23039	54.865	0	0.0814123	0	-0.36979	0	
61.7749	49.5245	-4.21114	0.602616	-1.10454	-0.738006	54.8958	0	0.125964	0	-3.62792	0	
61.086	49.6188	-0.962954	0.143281	35.3395	-4.28401	54.9238	0	0.190792	0	1.07333	0	
61.207	49.6086	1.66603	-0.191941	4.49646	-0.733131	54.9627	0	0.141088	0	-0.951674	0	
61.5383	49.5669	1.59367	-0.211106	-4.71443	0.417439	54.9713	0	0.0001992	0	-1.1689	0	
61.6998	49.5452	-0.0235034	0.00335648	-0.34228	0.0555328	54.9714	0	0.00133808	0	0.0667337	0	
61.8344	49.5269	1.43007	-0.19817	10.0846	-1.55449	54.9724	0	-0.000258505	0	-0.83463	0	
62.2223	49.4716	2.05995	-0.301789	4.2337	-0.890813	54.9725	0	0.000406293	0	-1.24981	0	
62.5812	49.4177	1.65152	-0.25432	4.6699	-0.916842	54.9725	0	-0.000339621	0	-0.919674	0	
62.8701	49.3724	1.0711	-0.171254	-1.82205	0.210081	54.9726	0	0.00051848	0	-0.359549	0	
63.0177	49.3485	-0.112406	0.0182481	-16.3729	2.39608	54.9727	0	-0.000366185	0	-1.67383	0	
62.7706	49.3882	-2.10988	0.333204	-0.827837	0.646435	54.9728	0	0.00031996	0	3.84979	0	
62.2658	49.4653	-3.35527	0.494942	-14.9653	1.97798	54.9728	0	0.00103901	0	0.0181525	0	
61.465	49.578	-4.50209	0.589066	-0.949582	0.202069	54.9823	0	0.0014765	0	3.77304	0	
60.4686	49.6983	-5.244	0.582885	-5.70956	0.166769	54.9842	0	0.0355138	0	0.936227	0	
59.5862	49.7886	-2.0118	0.190754	14.692	-1.36285	54.9935	0	0.0558709	0	0.865731	0	
59.4858	49.7985	-0.327809	0.0295465	7.87076	-0.74977	55.0013	0	0.000469553	0	-0.429937	0	
59.677	49.7809	2.27075	-0.213204	9.24495	-1.11571	55.0013	0	0.000445083	0	-1.5296	0	
60.2192	49.727	2.46027	-0.25819	-5.70181	0.130999	55.0014	0	-0.000774916	0	-3.27807	0	
60.5975	49.6859	1.42698	-0.160762	-5.31223	0.344187	55.0014	0	-0.00042157	0	-1.88625	0	
60.7716	49.6659	0.361057	-0.0418631	-1.24365	0.394733	55.0014	0	0.000863797	0	2.17707	0	
60.8668	49.6548	0.662259	-0.0782406	-2.53424	0.290344	55.0015	0	-8.5701e-08	0	0	0	
61.168	49.6183	2.13223	-0.264963	2.81709	-0.442964	55.0015	0	-8.5701e-08	0	0	0	
61.6585	49.5549	2.80249	-0.376416	3.24659	-0.597207	55.0015	0	-8.5701e-08	0	0	0	
62.1763	49.4825	2.05498	-0.297941	-2.04344	0.209028	55.0015	0	-8.5701e-08	0	0	0	
62.5715	49.4236	1.93601	-0.296512	3.29698	-0.582406	55.0015	0	-8.5701e-08	0	0	0	
62.9626	49.3621	1.64333	-0.265026	-5.40005	0.814515	55.0015	0	-8.5701e-08	0	0	0	
63.1167	49.337	-0.529506	0.0870823	-13.9978	2.29684	55.0015	0	-8.5701e-08	0	0	0	
62.9543	49.3659	-1.58575	0.270633	-7.80861	1.37283	55.0166	0	0.0972848	0	1.09244	0	
62.4261	49.4513	-3.06861	0.485972	10.9184	-1.74513	55.0389	0	0.18396	0	0.70715	0	
62.1593	49.4979	-1.07948	0.197418	-3.13631	0.482803	55.0913	0	0.303052	0	0.519702	0	
61.7979	49.5555	-1.42511	0.235301	24.0828	-3.14928	55.1457	0	0.327668	0	1.10157	0	
61.672	49.5816	-0.866699	0.151534	-0.326092	0.0478455	55.2171	0	0.297294	0	0.25472	0	
61.3491	49.6264	-2.29784	0.282654	-10.1613	1.41733	55.2478	0	0.000909386	0	2.23905	0	
60.8008	49.6908	-3.0407	0.341661	13.0855	-1.58558	55.2488	0	0.0164908	0	0.609323	0	
60.7346	49.6994	1.54671	-0.166529	16.9452	-2.03061	55.2597	0	0.0349656	0	-1.07308	0	
61.239	49.6413	3.0604	-0.368557	-0.126585	-0.411025	55.2603	0	-0.000379701	0	-1.95109	0	
61.8493	49.5639	2.95246	-0.392429	-7.69417	0.575014	55.2603	0	-1.86759e-05	0	-2.01858	0	
62.3634	49.4929	2.37283	-0.340399	-2.84104	0.685355	55.2604	0	0.000672292	0	2.74584	0	
62.8127	49.4263	2.25021	-0.343866	1.7087	-0.57267	55.2605	0	-0.000474985	0	-1.35419	0	
63.1451	49.3744	0.769037	-0.122658	-0.307181	0.0196304	55.2605	0	0.00100239	0	-0.107499	0	
63.2474	49.3582	0.298148	-0.0456101	1.57333	-0.204524	55.2618	0	0.0163383	0	0.319328	0	
63.2967	49.3518	0.598986	-0.0850398	0.0644156	-0.00679309	55.2715	0	0.0761134	0	0.057608	0	
63.2754	49.3575	-0.407113	0.0837499	17.3958	-2.68087	55.2858	0	0.110361	0	0.870086	0	
63.2927	49.3603	0.749532	-0.0882425	9.25119	-1.52685	55.3201	0	0.203286	0	-0.164569	0	
63.5497	49.3233	1.50171	-0.23468	2.75848	-0.623662	55.3511	0	0.0898399	0	-0.744587	0	
63.8474	49.2737	1.02691	-0.176761	-13.2661	2.70965	55.3562	0	0.00121698	0	2.58826	0	
63.9483	49.2568	0.503522	-0.0816195	-3.13177	0.579192	55.3595	0	0.0355242	0	0.216425	0	
63.8144	49.2807	-2.18214	0.374442	-15.6104	3.10822	55.3638	0	0.00129459	0	3.08901	0	
63.1957	49.3833	-4.51175	0.724038	-16.1747	1.98473	55.3669	0	0.0541376	0	-0.938981	0	
62.0954	49.5457	-6.69184	0.919185	-10.6911	0.633612	55.3705	0	0.0769888	0	0.898256	0	
60.7988	49.7053	-4.88551	0.533611	11.3272	-1.69259	55.3784	0	0.00562215	0	0.287383	0	
60.5451	49.7327	1.42724	-0.147892	11.3878	-1.31621	55.3818	0	0.00272872	0	-0.897684	0	
61.032	49.6797	3.23989	-0.368384	5.5095	-1.08125	55.3818	0	8.68754e-05	0	-2.12232	0	
61.6859	49.601	3.3801	-0.429524	-3.15308	-0.0979716	55.3818	0	-0.000232449	0	-2.08123	0	
62.2801	49.5219	2.22213	-0.3095	-9.93451	1.02929	55.3819	0	2.36271e-05	0	-1.81164	0	
62.5049	49.49	0.0414795	-0.00584456	-7.53164	1.40714	55.3819	0	0.000993556	0	2.24548	0	
62.3703	49.5099	-0.0481013	0.0193416	20.8426	-2.8865	55.3865	0	0.089139	0	0.382872	0	
62.5943	49.4795	1.67082	-0.242848	6.82903	-0.679559	55.3982	0	0.000940518	0	2.55061	0	
62.9678	49.4237	1.9968	-0.305676	3.03123	-0.133235	55.3983	0	0.000790669	0	2.69983	0	
63.3406	49.3652	1.23344	-0.198347	-13.5339	1.96621	55.3984	0	0.000630937	0	-1.1136	0	
63.523	49.3355	0.552065	-0.090803	-10.2888	1.65094	55.3985	0	0.000760129	0	-0.22418	0	
63.5405	49.3334	-0.191497	0.0436477	2.65275	-0.293388	55.403	0	0.0732169	0	0.883036	0	
63.5844	49.3301	0.748651	-0.099036	7.91973	-1.34012	55.4273	0	0.149818	0	-0.140364	0	
63.7825	49.3011	1.16583	-0.181231	4.00597	-0.779192	55.4519	0	0.093325	0	-0.464192	0	
63.9827	49.2687	0.449094	-0.0722784	-3.44901	0.650407	55.4624	0	0.0312371	0	0.333344	0	
64.0858	49.2528	0.643968	-0.10039	5.51776	-0.970352	55.4739	0	0.069906	0	0.00708731	0	
64.1337	49.2479	-0.214601	0.0627204	-14.5407	2.55329	55.4942	0	0.143021	0	0.0283152	0	
63.8892	49.2919	-1.91929	0.327567	-13.8922	2.37845	55.5041	0	0.00619524	0	0.53944	0	
63.7229	49.3243	0.0808696	0.0238734	1.61078	-0.1632	55.5307	0	0.224714	0	0.630788	0	
63.7702	49.3251	-0.0744672	0.0529663	-16.1119	2.3935	55.5827	0	0.244723	0	-1.68054	0	
63.6892	49.3477	-0.0570741	0.0681668	4.06131	-0.54535	55.6389	0	0.360877	0	0.740911	0	
63.8561	49.3322	1.27652	-0.157138	-3.42487	0.474488	55.7113	0	0.324791	0	-0.436135	0	
64.0273	49.3134	0.580917	-0.0499247	-0.178076	0.0454212	55.7699	0	0.282864	0	0.104255	0	
64.1373	49.3047	1.05186	-0.129184	5.75927	-1.04576	55.8281	0	0.285382	0	-0.374198	0	
64.2825	49.2895	0.405768	-0.021778	-0.166893	0.075782	55.8831	0	0.278071	0	0.279822	0	
64.3553	49.2876	0.57405	-0.0399281	-1.67381	0.319479	55.9452	0	0.340149	0	0.205271	0	
64.4765	49.2787	0.396604	-0.00703696	-0.0788656	0.0644968	56.0141	0	0.355727	0	0.296921	0	
64.6235	49.2659	1.12994	-0.135129	4.34631	-0.83704	56.0873	0	0.350124	0	-0.411875	0	
64.8706	49.2332	0.940374	-0.120143	-4.69066	0.794565	56.1475	0	0.26236	0	-0.151242	0	
64.9819	49.223	0.447707	-0.0270522	7.03897	-1.22011	56.2015	0	0.296148	0	0.201548	0	
65.1246	49.2081	0.500223	-0.0362951	-3.31863	0.643082	56.2609	0	0.298821	0	0.256367	0	
65.1241	49.2205	-0.260441	0.121335	12.7826	-2.14035	56.3297	0	0.418723	0	0.858974	0	
65.1394	49.2347	-0.375321	0.156434	-8.41081	1.58871	56.4251	0	0.508558	0	0.65617	0	
64.9753	49.2847	-0.919698	0.282313	-3.53396	0.739571	56.5478	0	0.731224	0	1.12257	0	
64.9098	49.3238	-0.257133	0.184283	-14.5793	2.13326	56.7144	0	0.852	0	-1.58872	0	
64.801	49.3656	0.471062	0.0478411	14.2125	-2.27695	56.8612	0	0.768616	0	0.0678467	0	
65.0308	49.3521	1.53552	-0.139568	6.13493	-1.14098	57.008	0	0.677028	0	-0.790641	0	
65.3358	49.3218	1.32418	-0.131152	-2.12916	0.252909	57.1287	0	0.536071	0	-0.531256	0	
65.5757	49.2981	1.25977	-0.137565	-3.03796	0.422223	57.2272	0	0.447508	0	-0.46304	0	
65.7715	49.2789	1.01674	-0.107078	5.67151	-1.03802	57.3104	0	0.393175	0	-0.327495	0	
65.9836	49.2544	0.829725	-0.0869673	5.75287	-1.03667	57.3812	0	0.331863	0	-0.153624	0	
66.1212	49.2417	0.297919	0.00640571	-11.0578	1.95783	57.4462	0	0.334379	0	0.0555075	0	
66.2278	49.2358	0.867284	-0.0879018	-4.63272	0.810821	57.5194	0	0.370387	0	-0.0188335	0	
66.3427	49.2291	0.565695	-0.0275392	7.07426	-1.24083	57.5965	0	0.410783	0	0.0926934	0	
66.5092	49.2138	0.916528	-0.0938887	-5.4344	0.960974	57.6772	0	0.393441	0	-0.0471709	0	
66.6886	49.1952	0.855472	-0.0879695	-5.89293	1.06881	57.7538	0	0.371191	0	0.019572	0	
66.7144	49.2047	-0.657147	0.197766	-13.6	2.50765	57.8318	0	0.438395	0	0.427832	0	
66.2603	49.2981	-3.47546	0.663437	-2.3615	0.26777	57.912	0	0.441402	0	1.1077	0	
65.7731	49.3952	-0.546117	0.188229	23.067	-3.50007	58.0199	0	0.653097	0	0.9635	0	
65.8045	49.4119	0.709734	0.000279962	4.82763	-0.760456	58.1586	0	0.711656	0	-0.0868534	0	
66.0991	49.3863	1.92211	-0.214854	4.45115	-0.916017	58.2891	0	0.563466	0	-1.1005	0	
66.4472	49.3453	1.22885	-0.138975	-9.85481	1.47126	58.3826	0	0.378556	0	-0.759016	0	
66.4522	49.3506	-1.36353	0.228345	-17.1127	2.57521	58.4197	0	0.0393708	0	-1.04377	0	
66.0218	49.4203	-1.91226	0.315206	-9.19916	1.39125	58.4299	0	0.139423	0	0.420811	0	
65.4378	49.5077	-3.37658	0.477513	-0.899695	0.431572	58.4387	0	0.00038054	0	3.81148	0	
64.6645	49.6109	-4.66261	0.585408	-11.7704	0.902938	58.4389	0	0.000797793	0	-1.0389	0	
63.6714	49.7258	-4.88381	0.514022	-0.687741	-0.0185613	58.442	0	0.00183882	0	3.74458	0	
62.6373	49.8237	-5.39274	0.455669	0.796441	-0.591665	58.4422	0	0.0158341	0	0.792114	0	
61.7741	49.889	-0.96	0.0646481	54.5221	-3.62358	58.4448	0	0.00887259	0	0.529687	0	
62.1338	49.8638	3.0638	-0.226647	4.08737	-0.659524	58.4452	0	-0.00113487	0	-2.27564	0	
62.8335	49.8071	3.77287	-0.332357	-0.60574	-0.461456	58.4453	0	-0.000886824	0	-2.57543	0	
63.5986	49.7337	3.47933	-0.360533	-6.47473	0.0987716	58.4453	0	-0.00113567	0	-3.14225	0	
64.188	49.6691	2.73147	-0.315708	1.75238	-0.554348	58.4453	0	0.000382876	0	-1.72856	0	
64.679	49.6099	2.23477	-0.280827	1.40549	-0.449352	58.4454	0	-0.000440894	0	-1.35803	0	
65.1117	49.5536	1.58992	-0.214002	-11.1095	1.10906	58.4454	0	-0.00092729	0	-2.47566	0	
65.3793	49.5169	1.43657	-0.201025	2.01342	0.0120642	58.4455	0	0.000947006	0	2.40277	0	
65.6731	49.4749	1.80046	-0.263075	5.81944	-1.07268	58.4456	0	-0.000486091	0	-1.06769	0	
66.0445	49.4192	1.7531	-0.269415	-3.77416	0.911584	58.4456	0	0.000860739	0	2.57021	0	
66.2773	49.3829	0.711326	-0.112703	0.298541	-0.0681047	58.4457	0	0.000743428	0	-0.064857	0	
66.4275	49.3589	0.944533	-0.152572	-2.60051	0.373454	58.446	0	0.00104786	0	-0.176112	0	
66.5297	49.3423	-0.0465317	0.00931456	2.82189	-0.355781	58.4464	0	0.0104329	0	0.650574	0	
66.6181	49.3292	0.775363	-0.119812	-2.66225	0.428429	58.4553	0	0.0513902	0	-0.00684763	0	
66.7089	49.316	0.261762	-0.0307474	10.4219	-1.69343	58.4666	0	0.0778943	0	0.293521	0	
66.7878	49.3063	0.626169	-0.0837725	7.7935	-1.31996	58.4878	0	0.128609	0	-0.0177615	0	
66.9267	49.2872	0.762477	-0.107535	-3.69104	0.627841	58.5143	0	0.13252	0	0.0363898	0	
67.0975	49.262	0.734193	-0.108275	-4.56427	0.798699	58.5388	0	0.111061	0	0.0801309	0	
67.2533	49.2384	0.60067	-0.0874347	-4.81905	0.88414	58.5595	0	0.105553	0	0.217953	0	
67.3741	49.2213	0.727603	-0.106401	4.26284	-0.776278	58.5839	0	0.131887	0	-0.04275	0	
67.5264	49.1985	0.878688	-0.136222	2.57627	-0.507144	58.61	0	0.127114	0	-0.156945	0	
67.5934	49.1919	0.399598	-0.0376848	-5.00543	0.989926	58.6404	0	0.192635	0	0.438775	0	
67.6995	49.1807	0.868475	-0.116895	2.63426	-0.516345	58.6849	0	0.230804	0	-0.136443	0	
67.8768	49.156	0.889534	-0.126819	1.62391	-0.337721	58.7285	0	0.208171	0	-0.138452	0	
68.0067	49.1399	0.549051	-0.05859	-6.11276	1.1954	58.7726	0	0.237349	0	0.259844	0	
67.9672	49.1584	-0.74783	0.213559	2.2946	-0.172503	58.8322	0	0.401429	0	1.51603	0	
67.634	49.2363	-2.65493	0.569747	1.30993	-0.227551	58.9284	0	0.566888	0	1.25266	0	
67.3525	49.3089	-0.147844	0.162502	5.70919	-0.833219	59.0679	0	0.819394	0	0.866972	0	
67.2933	49.3464	-0.931419	0.291155	-6.49523	1.08434	59.2353	0	0.851487	0	0.547746	0	
66.9595	49.4257	-2.34553	0.464973	-13.7334	1.82639	59.4029	0	0.695235	0	-0.543289	0	
66.4058	49.5196	-2.56436	0.410986	12.592	-1.8208	59.4914	0	0.378549	0	0.836362	0	
66.1245	49.5706	-0.0994139	0.0870512	15.0166	-1.91856	59.5855	0	0.560599	0	0.542434	0	
66.3944	49.5484	2.40392	-0.26979	6.43066	-1.159	59.6893	0	0.410099	0	-1.53379	0	
66.8939	49.4856	2.44877	-0.338675	3.02801	-0.770877	59.7402	0	0.105701	0	-1.52337	0	
67.3333	49.4207	2.01513	-0.309353	2.74925	-0.688177	59.744	0	0.000503535	0	-1.18627	0	
67.6562	49.37	1.5098	-0.241804	3.93809	-0.264702	59.7441	0	0.000949511	0	2.58113	0	
67.83	49.3419	-0.373661	0.0613549	-13.9907	2.18938	59.7442	0	0.000841863	0	-0.613642	0	
67.6335	49.3757	-0.219369	0.0627139	5.13092	-0.683151	59.7571	0	0.173872	0	0.868836	0	
67.6572	49.3783	-0.380486	0.0930069	-9.77177	1.55855	59.7971	0	0.203891	0	0.0628145	0	
67.4767	49.4089	-1.30836	0.203093	-15.8963	2.25966	59.8109	0	0.000642296	0	-1.10699	0	
66.9649	49.4857	-3.89529	0.564235	-14.3047	1.80385	59.812	0	0.00729945	0	0.336532	0	
66.1369	49.6006	-4.12562	0.544552	13.6846	-2.08764	59.8296	0	0.155427	0	0.234037	0	
65.8447	49.6417	0.446587	-0.0240516	13.5427	-1.63347	59.8693	0	0.246915	0	-0.021655	0	
66.1296	49.6111	2.06988	-0.250318	2.43921	-0.543461	59.9054	0	0.0744753	0	-1.24461	0	
66.564	49.5549	1.9833	-0.266456	-6.12005	0.550072	59.9076	0	-0.000550119	0	-1.42088	0	
66.8678	49.5132	1.04157	-0.146298	3.79614	-0.61873	59.9076	0	0.000880736	0	-0.447671	0	
67.0638	49.4853	1.46421	-0.211789	8.25232	-1.35691	59.9077	0	-0.000380575	0	-0.827765	0	
67.346	49.4436	0.946948	-0.142393	-10.8065	1.46144	59.9078	0	0.000482582	0	-0.966821	0	
67.2986	49.4508	-1.35068	0.202131	-0.641877	0.635841	59.9079	0	0.00175532	0	3.86427	0	
66.9861	49.4979	-1.00114	0.165138	16.8446	-2.23368	59.9177	0	0.155312	0	1.3996	0	
67.0246	49.4981	0.595423	-0.0567822	6.4701	-0.936393	59.9579	0	0.197804	0	-0.0665586	0	
67.0359	49.5	0.353251	-0.03265	6.82673	-0.943227	59.9826	0	0.124232	0	0.214446	0	
67.1554	49.4859	1.02358	-0.135781	2.35568	-0.408385	60.004	0	0.0840644	0	-0.344789	0	
67.4107	49.4492	1.48379	-0.221998	-0.864473	-0.0276779	60.0098	0	0.000472258	0	-0.745415	0	
67.5634	49.4262	0.260405	-0.0376298	14.4003	-2.17165	60.0102	0	0.0142766	0	0.197204	0	
67.6689	49.4106	0.850278	-0.128419	9.55959	-1.53949	60.0145	0	0.0213718	0	-0.28782	0	
67.7867	49.3925	0.335617	-0.0509011	2.70567	-0.387602	60.016	0	0.0121807	0	0.255622	0	
67.864	49.3812	0.634115	-0.0947726	-0.078776	0.0171198	60.022	0	0.0374143	0	0.0755941	0	
67.9735	49.3649	0.378439	-0.053685	0.632802	-0.0529077	60.0297	0	0.0449254	0	0.318363	0	
68.1161	49.343	0.669532	-0.10576	8.28703	-1.37899	60.0371	0	0.0236784	0	-0.083222	0	
68.2696	49.318	0.774654	-0.128994	6.58104	-1.13606	60.0393	0	0.00175408	0	-0.15288	0	
68.462	49.2855	0.991125	-0.169334	-4.53379	0.714752	60.0394	0	0.000294962	0	-0.230628	0	
68.6013	49.2616	0.710954	-0.123194	-4.10732	0.708101	60.0403	0	0.00214665	0	0.0282108	0	
68.7477	49.2361	0.498817	-0.0865025	-4.97645	0.930234	60.0409	0	0.00974164	0	0.312686	0	
68.7736	49.2333	-0.539141	0.11341	-10.2398	1.94847	60.0509	0	0.101046	0	0.805053	0	
68.3774	49.3038	-2.75377	0.464472	-1.23665	-0.573764	60.0626	0	-1.15582e-05	0	-3.69961	0	
67.6929	49.4147	-4.10752	0.64383	-5.15918	0.620685	60.0647	0	0.0621339	0	1.18986	0	
66.7118	49.5568	-5.47146	0.733802	-13.3547	1.48488	60.0694	0	0.00106067	0	2.29372	0	
65.5589	49.6982	-5.73339	0.640015	14.5336	-2.30528	60.074	0	0.0627639	0	-0.130937	0	
64.8027	49.7768	-0.14394	0.0186306	25.8937	-2.43639	60.0834	0	0.0527454	0	0.205929	0	
65.0817	49.7499	2.10308	-0.211048	8.51968	-0.702974	60.0868	0	0.000735322	0	2.40784	0	
65.6264	49.6922	3.11943	-0.347542	-3.59846	0.530528	60.0869	0	0.00109059	0	2.94339	0	
66.2347	49.6206	2.90666	-0.360143	-0.328932	-0.360711	60.0869	0	-0.000703594	0	-1.84541	0	
66.8195	49.5447	3.08133	-0.418468	1.64235	-0.0166106	60.087	0	0.00122876	0	2.95616	0	
67.3332	49.4721	2.13805	-0.313136	-2.7582	0.127087	60.087	0	-4.26998e-05	0	-1.24545	0	
67.7556	49.4084	2.22986	-0.346121	1.23539	-0.501054	60.0871	0	-0.000446557	0	-1.32981	0	
68.0741	49.358	0.808705	-0.130698	-10.0918	2.01571	60.0872	0	0.00107774	0	2.45083	0	
68.2031	49.3371	0.793514	-0.129955	7.14618	-1.21837	60.0879	0	0.00350118	0	-0.183153	0	
68.3698	49.3094	0.832171	-0.139715	-3.90949	0.635096	60.0881	0	0.000373452	0	-0.0416372	0	
68.5297	49.2823	1.08695	-0.186042	3.39984	-0.673146	60.0884	0	0.000824429	0	-0.387041	0	
68.6797	49.2564	-0.154452	0.0281832	-11.0859	2.00914	60.0887	0	0.00723473	0	0.436194	0	
68.4581	49.2957	-2.40376	0.417243	-0.794591	0.225453	60.0955	0	0.0555107	0	1.2775	0	
68.0031	49.3766	-1.77625	0.332797	16.7391	-2.57421	60.1324	0	0.311367	0	1.16403	0	
67.9888	49.3915	0.829465	-0.0659498	-7.25783	1.06286	60.2119	0	0.410716	0	-0.48392	0	
68.215	49.3676	1.42441	-0.176193	-2.83888	0.337393	60.2878	0	0.327169	0	-0.581433	0	
68.3205	49.3565	-0.779423	0.126386	-16.6195	3.13985	60.3247	0	0.000800354	0	2.8374	0	
67.958	49.4151	-1.53495	0.258248	15.6834	-2.29041	60.3328	0	0.138554	0	1.22131	0	
67.8181	49.4438	-0.045566	0.0542728	19.0273	-2.79727	60.3809	0	0.315355	0	0.450024	0	
68.0107	49.4236	1.40948	-0.178074	7.38035	-1.27173	60.4406	0	0.246896	0	-0.741689	0	
68.3183	49.3811	1.70578	-0.256039	-4.58574	0.544993	60.4756	0	0.0935962	0	-0.813296	0	
68.5029	49.3523	0.106613	-0.0162908	2.3396	-0.299362	60.4812	0	0.00649331	0	0.499057	0	
68.5708	49.3426	0.48192	-0.0695489	0.221875	-0.0125518	60.4896	0	0.0573601	0	0.168134	0	
68.6098	49.3386	0.346653	-0.0400715	0.0760106	0.047101	60.504	0	0.102846	0	0.370253	0	
68.6517	49.3359	-0.0482483	0.0288946	-13.8915	2.15087	60.5297	0	0.127371	0	-0.822967	0	
68.6903	49.335	0.943116	-0.12614	-2.58229	0.387313	60.5628	0	0.177501	0	-0.156832	0	
68.8647	49.3112	0.654907	-0.0859617	-1.35678	0.228894	60.5938	0	0.142489	0	0.0406656	0	
69.0097	49.2917	1.02109	-0.150592	-4.66029	0.743652	60.6233	0	0.136021	0	-0.192537	0	
69.1891	49.2645	0.34506	-0.0431246	-1.74649	0.363071	60.6447	0	0.0965159	0	0.354399	0	
69.1981	49.268	-0.162655	0.0626137	0.641371	0.0447942	60.6737	0	0.199324	0	0.916079	0	
69.2451	49.2687	0.566478	-0.0499194	-11.1645	1.89633	60.7249	0	0.277912	0	-0.188238	0	
69.143	49.2953	-0.484223	0.142783	16.9604	-2.72254	60.7781	0	0.357282	0	1.00558	0	
68.9961	49.3348	-0.768989	0.217864	9.10011	-1.29539	60.8673	0	0.553245	0	1.46111	0	
69.0422	49.3476	0.887463	-0.0413021	0.421749	-0.0893475	60.9911	0	0.634411	0	-0.117753	0	
69.2691	49.3301	1.36009	-0.134482	-9.86242	1.47678	61.1115	0	0.546916	0	-0.84743	0	
69.5466	49.3	1.30341	-0.147833	-4.09145	0.602022	61.2095	0	0.429282	0	-0.436653	0	
69.5936	49.3038	-1.24106	0.244463	-14.0247	1.95644	61.2786	0	0.208461	0	-2.16722	0	
69.0194	49.401	-4.40252	0.706088	-16.3918	2.2573	61.3031	0	0.11673	0	0.755865	0	
67.9965	49.5544	-5.96197	0.813638	-1.29644	-1.05117	61.3358	0	0.088611	0	-3.51798	0	
67.0043	49.6779	-3.25271	0.374847	13.3931	-1.68896	61.3383	0	0.033065	0	0.526238	0	
66.8728	49.6944	1.73879	-0.187749	15.3595	-1.89686	61.3528	0	0.0484484	0	-1.2009	0	
67.3069	49.6444	2.58106	-0.309357	1.40705	0.0168064	61.3539	0	0.00079922	0	2.68249	0	
67.8612	49.5747	2.7536	-0.361454	-2.01199	-0.112144	61.3539	0	-0.000556878	0	-1.68038	0	
68.4493	49.494	2.84416	-0.407759	-5.11875	0.32396	61.354	0	-0.000630854	0	-1.69287	0	
68.9161	49.4248	1.96312	-0.30017	3.25172	-0.165882	61.354	0	0.00109267	0	2.68827	0	
69.279	49.368	1.35922	-0.217992	-10.9684	2.14268	61.3541	0	0.00122745	0	2.62172	0	
69.4865	49.3342	0.973547	-0.160422	-3.63891	0.549939	61.3542	0	0.000406535	0	-0.182488	0	
69.6094	49.3139	-0.0260699	0.00763127	-9.37302	1.6154	61.3549	0	0.0196261	0	0.277861	0	
69.5855	49.3207	-0.106626	0.0422969	3.0701	-0.391511	61.3716	0	0.147451	0	0.727427	0	
69.6803	49.311	1.0857	-0.152045	5.24055	-0.964177	61.4085	0	0.179371	0	-0.406064	0	
69.9125	49.2764	1.34233	-0.214219	2.18965	-0.510359	61.4368	0	0.0968959	0	-0.589724	0	
70.1541	49.236	0.854844	-0.14841	-5.54536	0.951729	61.4468	0	0.0157011	0	-0.0794923	0	
70.2519	49.2196	-0.0702867	0.0228991	-12.2883	2.26641	61.4522	0	0.0578927	0	0.390028	0	
70.2293	49.2287	-0.19881	0.0721687	-14.828	2.63713	61.4806	0	0.207372	0	0.029481	0	
70.1427	49.2546	0.183847	0.0375512	10.5274	-1.76706	61.5411	0	0.398972	0	0.414679	0	
70.2688	49.2467	0.62123	-0.0369732	7.27731	-1.27313	61.6222	0	0.410747	0	0.0312083	0	
70.3842	49.2411	0.869093	-0.0780411	5.56726	-1.01652	61.706	0	0.426365	0	-0.177789	0	
70.5855	49.2198	1.09148	-0.12765	3.28163	-0.659797	61.7871	0	0.377451	0	-0.350049	0	
70.7447	49.2047	0.813888	-0.079063	4.5011	-0.835586	61.8621	0	0.376005	0	-0.105693	0	
70.808	49.2074	0.08097	0.0656625	9.93021	-1.69366	61.9408	0	0.445446	0	0.54754	0	
70.9168	49.2047	0.388777	0.0148411	-11.7069	2.11398	62.0346	0	0.471089	0	0.00455039	0	
70.8224	49.2401	-0.782208	0.24734	-6.22513	1.23899	62.1383	0	0.620228	0	1.03182	0	
70.741	49.2797	0.597558	0.035351	10.5875	-1.81313	62.2845	0	0.803663	0	0.0272493	0	
70.9573	49.2691	0.873043	-0.026073	-9.72253	1.60519	62.4396	0	0.722329	0	-0.434616	0	
71.1141	49.2668	0.879691	-0.0292115	7.7768	-1.38268	62.5827	0	0.711101	0	-0.204721	0	
71.384	49.2428	1.57644	-0.172389	-6.11433	0.946073	62.7153	0	0.597228	0	-0.625177	0	
71.6278	49.2191	0.842347	-0.0568604	-4.22099	0.755474	62.8254	0	0.524501	0	0.0153597	0	
71.6247	49.2378	-1.36136	0.326926	-17.9805	2.93198	62.9279	0	0.48945	0	-0.980228	0	
71.137	49.3388	-2.07848	0.441189	19.2976	-3.14477	63.0323	0	0.606986	0	1.07644	0	
71.0871	49.3698	0.687781	0.00828597	-6.0905	0.919167	63.1739	0	0.739585	0	-0.35557	0	
71.2889	49.3601	0.96105	-0.0507711	-7.56848	1.12945	63.3152	0	0.646858	0	-0.563591	0	
71.4727	49.3504	1.08915	-0.0812651	0.142496	-0.0866924	63.4389	0	0.590041	0	-0.35826	0	
71.6836	49.334	0.904277	-0.0633816	-8.80456	1.36557	63.5502	0	0.519929	0	-0.502325	0	
71.9233	49.3101	1.16502	-0.123762	-3.17565	0.466667	63.6461	0	0.427806	0	-0.327659	0	
72.097	49.2945	0.454961	-0.010636	-9.49736	1.59319	63.7272	0	0.392423	0	-0.113567	0	
72.1564	49.2986	0.337981	0.0183466	11.1953	-1.85487	63.8107	0	0.446459	0	0.240116	0	
72.3336	49.2834	1.31144	-0.154579	4.09226	-0.814877	63.8988	0	0.408307	0	-0.570171	0	
72.5505	49.2587	0.781008	-0.075484	-3.60842	0.631598	63.9725	0	0.347632	0	0.0413613	0	
72.6294	49.2576	0.178071	0.0372685	0.525596	-0.0027709	64.0449	0	0.392016	0	0.51519	0	
72.4029	49.3085	-2.43406	0.472319	-10.9111	1.82767	64.1158	0	0.375861	0	0.93714	0	
71.8154	49.4175	-3.72342	0.644693	-14.0539	1.60473	64.2052	0	0.461876	0	-1.28789	0	
71.1322	49.5328	-1.54196	0.296067	24.42	-3.31709	64.3132	0	0.608432	0	1.02722	0	
71.092	49.5568	1.16241	-0.0624421	15.8234	-2.21364	64.4494	0	0.696675	0	-0.659945	0	
71.4656	49.5222	2.4403	-0.27356	5.57128	-1.06946	64.5697	0	0.475583	0	-1.54148	0	
71.9031	49.4691	1.84849	-0.241521	-0.893083	-0.0766487	64.6363	0	0.204244	0	-1.03486	0	
72.184	49.4303	0.66342	-0.0982175	-10.7418	1.51092	64.6573	0	0.0184748	0	-0.761117	0	
72.2184	49.4256	0.599809	-0.0845429	12.0129	-1.85699	64.6615	0	0.0469519	0	-0.0926045	0	
72.4307	49.3932	0.908841	-0.142918	-0.288764	-0.00954122	64.6645	0	-5.16092e-05	0	-0.24044	0	
72.6216	49.3628	0.546005	-0.0881112	-13.9626	2.04921	64.6646	0	-0.000518387	0	-1.21015	0	
72.6487	49.3594	0.733213	-0.10921	-1.30361	0.202224	64.6706	0	0.0576267	0	0.00639191	0	
72.7229	49.3489	-0.51449	0.0883215	-6.4888	1.16246	64.6801	0	0.0275215	0	0.680559	0	
72.68	49.3595	0.36387	-0.0302936	2.10242	-0.298584	64.7028	0	0.176531	0	0.259353	0	
72.7197	49.3593	0.229364	-0.00113339	3.07177	-0.434946	64.7412	0	0.22246	0	0.380958	0	
72.7744	49.3587	0.834772	-0.0913945	-0.754231	0.102186	64.7917	0	0.269748	0	-0.0812796	0	
72.9554	49.3374	0.950339	-0.117894	-2.24958	0.332095	64.8422	0	0.23349	0	-0.164745	0	
73.139	49.3137	0.581243	-0.0669679	-0.701799	0.131493	64.883	0	0.18133	0	0.103598	0	
73.1293	49.3218	-0.759282	0.166783	-5.50138	1.04979	64.9221	0	0.243048	0	0.931964	0	
73.1316	49.332	0.355467	-0.000563804	1.1157	-0.123395	64.9857	0	0.352158	0	0.368413	0	
73.3218	49.3117	1.29454	-0.166867	-3.46775	0.476729	65.0543	0	0.299304	0	-0.50056	0	
73.5157	49.2881	0.985863	-0.125559	-4.04276	0.651002	65.1082	0	0.249855	0	-0.159497	0	
73.6828	49.2675	0.968483	-0.128397	4.76659	-0.884722	65.1558	0	0.22669	0	-0.279411	0	
73.883	49.2399	1.04705	-0.153443	-5.37808	0.889064	65.1976	0	0.177199	0	-0.247137	0	
74.0806	49.2101	0.710678	-0.104234	-5.15111	0.931229	65.2283	0	0.131318	0	0.0652732	0	
74.1172	49.2096	0.177677	0.00979212	8.08727	-1.37327	65.2622	0	0.23219	0	0.456099	0	
74.2302	49.1986	0.962565	-0.127347	2.78383	-0.556167	65.3142	0	0.259931	0	-0.228292	0	
74.3879	49.1789	0.150887	0.0183493	-16.5079	2.98938	65.3636	0	0.250978	0	-0.216059	0	
74.1883	49.2264	-1.54109	0.353862	10.4011	-1.66199	65.4267	0	0.446925	0	1.5318	0	
74.0617	49.2689	0.282036	0.0655074	11.7416	-1.97895	65.5428	0	0.66099	0	0.314424	0	
74.2099	49.2666	1.0467	-0.0674039	-2.03571	0.303666	65.6774	0	0.657602	0	-0.263954	0	
74.4368	49.2487	1.16074	-0.100984	-4.33683	0.703885	65.8019	0	0.584864	0	-0.282287	0	
74.5946	49.2407	0.285078	0.0481103	0.317253	0.0183113	65.9138	0	0.558072	0	0.429968	0	
74.6329	49.255	-0.0397187	0.11957	3.09	-0.422918	66.0338	0	0.645245	0	0.724059	0	
74.6954	49.2683	0.908477	-0.0332538	7.66156	-1.36584	66.1728	0	0.716338	0	-0.230014	0	
74.9155	49.2541	1.31233	-0.115365	4.3845	-0.87148	66.3112	0	0.652002	0	-0.552551	0	
75.046	49.2531	-0.192126	0.140918	-12.135	2.10984	66.4359	0	0.614037	0	0.0101231	0	
74.7086	49.3291	-2.83498	0.565625	-2.64538	0.415359	66.5452	0	0.58231	0	1.33169	0	
73.9898	49.4626	-3.76878	0.666448	19.3405	-3.23422	66.6785	0	0.73859	0	0.317799	0	
73.6097	49.5398	0.124396	0.104881	14.3201	-1.92809	66.8417	0	0.892177	0	0.298219	0	
73.8823	49.5257	2.39348	-0.228685	6.87062	-1.21868	67.0116	0	0.744987	0	-1.51389	0	
74.3228	49.4801	2.28459	-0.26463	5.00885	-1.00124	67.1313	0	0.463737	0	-1.4117	0	
74.8259	49.414	2.41764	-0.348934	-5.76604	0.574365	67.1935	0	0.158323	0	-1.3607	0	
75.239	49.3501	1.91546	-0.311869	-6.81213	0.87692	67.2037	0	-7.36159e-05	0	-0.955464	0	
75.5241	49.3029	0.749206	-0.126296	-11.8467	1.92646	67.2038	0	0.00089792	0	-0.360511	0	
75.5888	49.2929	0.609103	-0.0930887	7.09098	-1.2103	67.2096	0	0.0615734	0	0.00726438	0	
75.5965	49.2945	-0.538709	0.114515	4.53011	-0.579745	67.2265	0	0.135793	0	1.17209	0	
75.605	49.3	0.175496	0.0124938	1.27272	-0.133878	67.2675	0	0.249475	0	0.48178	0	
75.5234	49.3237	-0.707161	0.180792	-4.87326	0.931985	67.3274	0	0.380887	0	0.882731	0	
75.4775	49.3467	-0.143991	0.109872	5.47488	-0.768494	67.4214	0	0.529094	0	0.825896	0	
75.6622	49.3336	1.60897	-0.187312	4.21539	-0.859513	67.5262	0	0.473206	0	-0.834587	0	
75.981	49.2933	1.46539	-0.19491	3.07704	-0.66885	67.6042	0	0.318467	0	-0.698019	0	
76.2188	49.2614	0.391893	-0.0320675	-11.3215	1.96041	67.6563	0	0.207501	0	-0.0384524	0	
76.0521	49.2976	-1.50107	0.304298	-3.2409	0.762576	67.7005	0	0.295027	0	1.65615	0	
75.9605	49.3271	0.613349	-0.0197618	10.4676	-1.73893	67.7854	0	0.494213	0	-0.0232424	0	
76.1731	49.3072	1.22399	-0.134089	-3.53047	0.517437	67.8787	0	0.426936	0	-0.375239	0	
76.3657	49.2879	0.402453	-0.00631594	-9.70326	1.64423	67.957	0	0.365533	0	-0.0652988	0	
76.4036	49.2944	-0.36286	0.12982	5.02027	-0.694972	68.0335	0	0.401756	0	0.999793	0	
76.4155	49.3086	0.686026	-0.0281029	-0.531894	0.103733	68.1291	0	0.518898	0	0.0888643	0	
76.5238	49.308	0.345411	0.0320339	2.20362	-0.317415	68.2342	0	0.536054	0	0.320157	0	
76.6755	49.3007	0.988612	-0.0779142	-2.19298	0.337387	68.3426	0	0.52773	0	-0.170474	0	
76.9274	49.2744	1.53239	-0.190133	2.64003	-0.607366	68.44	0	0.428585	0	-0.738946	0	
77.2092	49.2378	1.08632	-0.136235	-5.79418	0.973465	68.5121	0	0.315103	0	-0.211682	0	
77.3508	49.2237	0.619332	-0.0541951	-4.23091	0.790281	68.574	0	0.315475	0	0.212404	0	
77.4861	49.2112	0.93216	-0.108657	3.71808	-0.713859	68.64	0	0.327777	0	-0.210909	0	
77.6288	49.1965	-0.0782398	0.0698474	-1.80275	0.486609	68.7009	0	0.306736	0	0.895647	0	
77.5173	49.2305	-1.24411	0.306342	-14.2339	2.4787	68.7793	0	0.481753	0	0.0784988	0	
76.9961	49.3359	-3.96451	0.715059	-17.1927	2.5271	68.874	0	0.377906	0	0.527794	0	
76.538	49.4231	-0.104531	0.100122	8.41561	-1.18943	68.9648	0	0.548953	0	0.712091	0	
76.7554	49.4058	1.7035	-0.193568	-2.1232	0.169313	69.0699	0	0.459168	0	-0.828125	0	
77.0687	49.3683	1.42394	-0.178726	-2.89041	0.344671	69.1462	0	0.310261	0	-0.581556	0	
77.3293	49.3342	1.04729	-0.139924	-2.11263	0.281758	69.197	0	0.198511	0	-0.312084	0	
77.5221	49.3077	0.455951	-0.0537532	-10.3269	1.71336	69.2303	0	0.136398	0	-0.124953	0	
77.3159	49.3437	-2.53517	0.418696	-11.2535	1.86696	69.2411	0	0.0230736	0	0.981403	0	
76.5171	49.468	-5.26296	0.773944	-1.41011	-0.887659	69.2428	0	-0.00168477	0	-3.55639	0	
75.3536	49.6261	-6.39645	0.798862	-11.8654	0.56316	69.2506	0	0.0960252	0	-0.293378	0	
74.0915	49.7652	-5.00741	0.487198	29.6868	-3.47045	69.252	0	5.14739e-05	0	-0.722117	0	
73.5117	49.8184	-0.960848	0.0854061	35.5791	-2.9947	69.254	0	0.0385581	0	0.787265	0	
73.6306	49.8084	2.02902	-0.178047	19.0827	-1.54864	69.2574	0	0.000897574	0	2.3808	0	
74.1402	49.761	2.35779	-0.231194	-6.23816	0.818557	69.2574	0	0.00124422	0	3.25915	0	
74.7002	49.7029	3.23413	-0.353989	-3.44519	0.489105	69.2575	0	0.000670758	0	2.97112	0	
75.3138	49.6319	2.92261	-0.356548	0.0353502	-0.406023	69.2575	0	6.54451e-05	0	-1.86217	0	
75.9168	49.5546	2.85922	-0.384136	-2.52256	-0.0677779	69.2576	0	0.000184333	0	-1.77681	0	
76.4578	49.4789	2.68589	-0.390855	1.26691	-0.576573	69.2576	0	-0.000422986	0	-1.67348	0	
76.9431	49.4058	1.9635	-0.305274	2.61787	-0.0668148	69.2577	0	0.000906137	0	2.70168	0	
77.2143	49.3629	1.00186	-0.161439	-2.71511	0.379951	69.2578	0	0.000319986	0	-0.228013	0	
77.4348	49.3269	1.27481	-0.211267	3.77342	-0.753454	69.2579	0	0.000344465	0	-0.568724	0	
77.7206	49.2786	1.44114	-0.247262	-7.37686	1.66499	69.258	0	0.00127943	0	2.57343	0	
77.8682	49.2533	0.453987	-0.0743275	6.56799	-1.12146	69.2593	0	0.0288326	0	0.173034	0	
77.9298	49.2447	0.099863	0.000806803	-11.6512	2.0875	69.2719	0	0.104551	0	0.222268	0	
77.9419	49.2482	-0.403371	0.105105	-15.6697	2.64756	69.3038	0	0.195938	0	-0.534059	0	
77.5471	49.3184	-2.98525	0.498389	-1.0586	0.630562	69.3191	0	0.00164252	0	3.83276	0	
76.698	49.4545	-5.45659	0.823356	-1.44639	-0.943697	69.3325	0	0.0696828	0	-3.54182	0	
75.4943	49.619	-6.72139	0.83518	-1.14329	-0.323418	69.3332	0	0.00116433	0	3.69256	0	
74.2302	49.7598	-5.9177	0.5826	-0.682887	-0.278883	69.3355	0	0.0015847	0	3.70175	0	
73.1313	49.8558	-4.50192	0.34348	20.4685	-1.96534	69.336	0	0.00768853	0	0.0773157	0	
72.4312	49.9043	-2.39409	0.148402	1.77507	-0.290273	69.3388	0	0.000121886	0	-1.0452	0	
71.9614	49.9312	-2.20554	0.115893	3.3925	-0.338778	69.3388	0	0.000315346	0	-1.19113	0	
71.7218	49.9432	-0.618943	0.0294993	2.28549	-0.207644	69.3388	0	-0.000409461	0	-1.90376	0	
71.7483	49.9419	1.31528	-0.0634772	28.2254	-1.45357	69.3389	0	-0.000464356	0	-1.208	0	
72.3215	49.911	3.81823	-0.228096	2.05863	-0.583754	69.3389	0	-0.000867302	0	-2.81167	0	
73.183	49.852	4.82513	-0.371876	5.00252	-1.0843	69.3389	0	-0.000356588	0	-2.98098	0	
74.1964	49.7635	5.15743	-0.503235	0.610831	-0.898478	69.3389	0	-0.000605797	0	-3.07046	0	
75.188	49.6567	4.73071	-0.556974	-4.60981	0.476082	69.3389	0	0.000359524	0	3.32035	0	
76.0438	49.5484	3.86411	-0.522775	-1.49599	-0.428383	69.339	0	-0.00017442	0	-2.39463	0	
76.7514	49.4475	3.04664	-0.456711	-7.17974	0.613935	69.339	0	-0.000579493	0	-1.79997	0	
77.2616	49.3683	2.25452	-0.36177	-7.34776	0.877601	69.3391	0	-2.37471e-05	0	-1.21831	0	
77.5545	49.3205	0.996199	-0.165912	-3.34164	0.492626	69.3392	0	0.000201707	0	-0.259502	0	
77.5998	49.3134	-0.398103	0.0757883	-12.5919	2.12574	69.3424	0	0.0546017	0	0.12757	0	
77.2157	49.3768	-3.48431	0.555576	-15.4565	2.66381	69.3458	0	0.000810058	0	2.82693	0	
76.3444	49.5082	-5.22097	0.738097	-14.3473	1.36653	69.3487	0	0.000646366	0	-0.716611	0	
75.3792	49.6352	-1.97143	0.240881	32.0192	-3.89092	69.35	0	0.011429	0	0.664803	0	
75.2891	49.6478	0.975679	-0.105676	10.5835	-1.34106	69.3653	0	0.0900855	0	-0.524185	0	
75.5348	49.6186	0.665424	-0.0826745	-10.1904	0.990702	69.3706	0	4.28868e-05	0	-2.14152	0	
75.5082	49.6219	-0.894932	0.110723	-4.2103	0.443641	69.3707	0	0.000343186	0	-0.49169	0	
75.2164	49.6571	-1.78061	0.209714	-0.491416	0.445918	69.3707	0	0.000709583	0	3.84482	0	
74.9752	49.686	-0.113203	0.0216848	1.2767	-0.193327	69.3806	0	0.079534	0	-0.433412	0	
75.2168	49.6592	2.04356	-0.239738	4.4469	-0.316678	69.3887	0	0.000613958	0	2.47351	0	
75.6932	49.601	2.25612	-0.286757	-8.48053	0.688434	69.3888	0	-0.000255738	0	-2.24017	0	
76.0857	49.5495	1.70506	-0.230277	2.04159	-0.00144773	69.3889	0	0.00117029	0	2.47248	0	
76.4223	49.5028	1.89025	-0.268616	-0.6489	-0.136026	69.3889	0	-0.000473209	0	-1.08795	0	
76.5911	49.4786	-0.325198	0.0473964	-11.1081	2.09114	69.389	0	0.000531475	0	3.27207	0	
76.3597	49.5117	-2.18399	0.308341	-5.95809	0.815425	69.3892	0	0.00590926	0	0.532337	0	
75.9234	49.5724	-0.810846	0.124088	4.8214	-0.559889	69.3985	0	0.131969	0	0.707192	0	
75.9908	49.5679	1.1253	-0.130231	6.23439	-0.919154	69.4313	0	0.141253	0	-0.562649	0	
76.3419	49.5217	2.0269	-0.282387	-1.19122	-0.0785841	69.4426	0	-0.00018977	0	-1.14813	0	
76.7809	49.4586	2.31471	-0.343501	2.43437	-0.681957	69.4427	0	-0.000681726	0	-1.41714	0	
77.208	49.3933	2.13055	-0.33478	-6.03771	1.28125	69.4428	0	0.000875111	0	2.7143	0	
77.5262	49.3423	0.883905	-0.144731	-10.8633	1.68229	69.4429	0	0.000505755	0	-0.493391	0	
77.412	49.3611	-1.84005	0.304211	-7.55218	1.35993	69.4445	0	0.0445017	0	1.32705	0	
76.8687	49.4462	-3.52745	0.529546	-14.3783	1.9023	69.4473	0	5.15822e-08	0	0	0	
76.1916	49.5446	-1.51143	0.221711	6.79258	-0.80045	69.4584	0	0.119899	0	1.30726	0	
76.2437	49.5421	1.24574	-0.149581	4.52722	-0.727945	69.4922	0	0.148162	0	-0.633906	0	
76.5972	49.4944	1.94508	-0.278579	-1.118	0.454971	69.5047	0	0.00090577	0	2.60239	0	
76.9484	49.4428	1.54411	-0.232467	-2.13245	0.161899	69.5048	0	-4.11025e-05	0	-0.729036	0	
77.3004	49.3885	1.95336	-0.308233	2.02061	-0.575066	69.5048	0	0.000435246	0	-1.12248	0	
77.5993	49.3405	0.514053	-0.0842163	-11.9032	2.50915	69.5049	0	0.000794846	0	3.42664	0	
77.4373	49.3673	-1.27226	0.219911	-2.50749	0.584287	69.5084	0	0.0969508	0	1.37192	0	
77.418	49.3764	0.909245	-0.110586	8.8099	-1.46368	69.5461	0	0.215677	0	-0.30964	0	
77.5687	49.3586	0.952722	-0.124207	7.74341	-1.3181	69.5856	0	0.184832	0	-0.331689	0	
77.7467	49.3343	0.882412	-0.124788	-2.59294	0.398273	69.6148	0	0.12542	0	-0.103962	0	
77.9414	49.3054	1.18353	-0.187418	-4.3239	0.634126	69.6361	0	0.0709292	0	-0.405251	0	
78.1192	49.2767	0.845615	-0.139615	-4.95639	0.833346	69.6456	0	0.0337748	0	-0.0294376	0	
78.272	49.2513	0.600848	-0.100976	-13.0584	2.24227	69.652	0	0.0240004	0	-0.205961	0	
78.3071	49.2473	0.393864	-0.0500357	7.19878	-1.22454	69.6638	0	0.108873	0	0.231048	0	
78.4018	49.2354	0.665451	-0.0898078	5.26312	-0.936297	69.6909	0	0.157928	0	0.00103352	0	
78.4812	49.2277	0.37277	-0.02784	-3.50194	0.699879	69.727	0	0.216316	0	0.436724	0	
78.6169	49.2115	0.596154	-0.0662006	-4.05208	0.755378	69.7721	0	0.22791	0	0.166904	0	
78.4323	49.251	-1.89089	0.374329	-3.73242	0.83065	69.8104	0	0.247207	0	1.55692	0	
78.0756	49.3251	-0.964211	0.247942	9.87395	-1.41882	69.8883	0	0.529515	0	1.60845	0	
78.0818	49.3445	0.630624	0.00309041	2.54868	-0.410822	70.0118	0	0.649631	0	0.0367192	0	
78.2727	49.3339	1.31178	-0.118673	-1.41925	0.135941	70.1385	0	0.592109	0	-0.52925	0	
78.4721	49.3191	1.02131	-0.0827966	-1.74126	0.24986	70.2486	0	0.524844	0	-0.21182	0	
78.6783	49.3008	0.524482	-0.0132023	-9.2146	1.52761	70.3459	0	0.446472	0	-0.175185	0	
78.7693	49.3011	0.277775	0.034334	2.02677	-0.277889	70.4385	0	0.481066	0	0.387399	0	
78.9439	49.2878	1.2436	-0.136003	-4.15242	0.630526	70.5346	0	0.44654	0	-0.378536	0	
79.0776	49.2795	0.472915	-0.00516679	-0.897037	0.206116	70.6201	0	0.442913	0	0.304066	0	
79.1419	49.2838	-0.26727	0.125452	-7.34627	1.33447	70.7095	0	0.466016	0	0.51769	0	
78.9349	49.3354	-0.726252	0.220924	9.21041	-1.32131	70.8098	0	0.615185	0	1.41693	0	
79.0474	49.3384	1.43255	-0.132515	6.10144	-1.13124	70.9406	0	0.62613	0	-0.701927	0	
79.3156	49.3126	1.19673	-0.114498	-1.97154	0.250068	71.053	0	0.513458	0	-0.420803	0	
79.4529	49.304	-0.014956	0.0384833	-12.69	1.70706	71.1396	0	0.213381	0	-2.55988	0	
79.345	49.3282	-0.284332	0.0916307	-6.7777	1.19801	71.176	0	0.269061	0	0.49412	0	
79.3501	49.3384	0.0990301	0.0465591	-7.06531	1.18434	71.2433	0	0.382493	0	0.152397	0	
79.5022	49.3263	1.37232	-0.167724	4.86114	-0.934459	71.3222	0	0.36097	0	-0.646306	0	
79.8277	49.281	1.68327	-0.254746	-7.30274	1.0798	71.3786	0	0.197385	0	-0.73382	0	
80.0687	49.2441	0.546995	-0.0756367	-12.6988	2.20201	71.4073	0	0.117055	0	-0.156345	0	
80.0262	49.2567	-0.269229	0.0879855	2.06322	-0.200808	71.4371	0	0.235436	0	0.942285	0	
79.8763	49.2929	-1.86574	0.365372	-17.8684	2.81769	71.4972	0	0.283495	0	-0.731956	0	
79.2754	49.3956	-3.49609	0.570757	32.8898	-5.39138	71.5246	0	0.140595	0	0.302372	0	
78.9576	49.4513	-0.250314	0.0848639	9.3463	-1.28055	71.5702	0	0.317866	0	0.819917	0	
79.1214	49.4362	1.26874	-0.150244	0.070801	-0.107559	71.6337	0	0.276826	0	-0.50504	0	
79.3843	49.4024	0.972362	-0.128241	-8.40171	1.2026	71.6767	0	0.150467	0	-0.602529	0	
79.5976	49.372	0.689788	-0.10394	-13.6459	1.96623	71.6979	0	0.0402623	0	-1.3009	0	
79.5751	49.3768	-0.405112	0.0791491	-5.46526	0.954818	71.7054	0	0.0915859	0	0.557088	0	
79.4979	49.394	-0.444198	0.104636	8.52809	-1.19555	71.7369	0	0.221828	0	0.978727	0	
79.5574	49.3931	0.939114	-0.105173	0.841692	-0.183381	71.7906	0	0.270349	0	-0.26566	0	
79.7681	49.3671	1.32258	-0.181053	5.74624	-1.05114	71.8379	0	0.195523	0	-0.634405	0	
80.0738	49.3212	1.38788	-0.223767	-12.3809	1.87921	71.8628	0	0.0437501	0	-0.863812	0	
80.238	49.294	0.147327	-0.0232027	-0.117316	0.106542	71.8654	0	0.010824	0	0.51226	0	
80.2927	49.2865	0.197198	-0.017971	-0.212004	0.116679	71.8758	0	0.0920693	0	0.472592	0	
80.2893	49.2919	-0.22928	0.0739156	-8.5719	1.53515	71.9046	0	0.205346	0	0.475346	0	
80.2177	49.3126	-1.34185	0.264982	-12.9338	2.13031	71.9553	0	0.239597	0	0.0878877	0	
79.9375	49.3693	-0.284529	0.118994	18.7292	-2.89601	72.0208	0	0.457599	0	0.743441	0	
79.9823	49.3777	-0.168341	0.0961651	-11.6328	1.44197	72.1183	0	0.435566	0	-2.53224	0	
79.6976	49.4321	-2.05675	0.367579	5.42084	-0.758791	72.1833	0	0.361069	0	1.2272	0	
79.5281	49.4708	-0.968496	0.204348	-13.1745	1.69962	72.2727	0	0.424832	0	-1.31579	0	
79.3492	49.5096	0.212766	0.0451864	10.0179	-1.36917	72.3635	0	0.533131	0	0.329873	0	
79.6092	49.4865	1.83934	-0.207617	0.541748	-0.271066	72.4616	0	0.401887	0	-1.04034	0	
79.977	49.441	2.08278	-0.28538	3.8042	-0.835576	72.5212	0	0.190225	0	-1.24737	0	
80.4194	49.3744	2.0387	-0.32533	-6.34585	1.35739	72.5349	0	0.00126035	0	2.69793	0	
80.7175	49.3259	0.866407	-0.143736	-3.46194	0.558562	72.5349	0	-7.72877e-08	0	0	0	
80.9268	49.2907	0.861575	-0.146696	-12.4756	2.10818	72.5349	0	-7.72877e-08	0	0	0	
80.8948	49.2962	-0.965274	0.16352	-0.901748	-0.509739	72.5351	0	-0.000966194	0	-3.79267	0	
80.4221	49.3745	-3.57562	0.584305	-7.86536	1.21127	72.5383	0	0.0829664	0	1.45503	0	
79.7906	49.476	-2.58433	0.414768	29.4827	-4.37816	72.571	0	0.257652	0	0.638901	0	
79.7041	49.4982	1.10109	-0.10655	12.6199	-1.89285	72.638	0	0.354788	0	-0.561187	0	
80.0422	49.4568	2.03523	-0.277868	4.4951	-0.921846	72.6919	0	0.165448	0	-1.22372	0	
80.3735	49.4083	0.667678	-0.103557	-14.4648	2.71728	72.704	0	0.000631473	0	3.10212	0	
80.3479	49.4123	-1.09052	0.16875	-11.2056	1.68226	72.7046	0	0.000447289	0	-0.173014	0	
79.8891	49.4814	-2.74189	0.4042	29.9189	-4.42652	72.7063	0	0.0421842	0	0.544329	0	
79.7666	49.5026	0.27192	-0.0139054	-2.49436	0.335478	72.7317	0	0.174194	0	-0.132239	0	
79.7724	49.506	0.336451	-0.0250126	8.17248	-1.13702	72.7616	0	0.159949	0	0.147708	0	
80.0335	49.4718	1.86421	-0.269176	-2.28373	0.119184	72.7847	0	0.026999	0	-0.994182	0	
80.4363	49.4111	1.78024	-0.275682	-3.48113	0.326806	72.7851	0	-0.000197567	0	-0.945487	0	
80.7472	49.362	1.64621	-0.265407	2.81709	-0.652317	72.7852	0	0.000688759	0	-0.879346	0	
80.9907	49.3221	1.02099	-0.169754	5.15205	-0.938626	72.7853	0	0.000650499	0	-0.360639	0	
81.1745	49.2912	0.741246	-0.125937	-4.15052	0.703727	72.7854	0	0.0013558	0	0.0520387	0	
81.2677	49.2758	0.480904	-0.0752214	7.2579	-1.23006	72.7887	0	0.0438436	0	0.131984	0	
81.209	49.2884	-0.531583	0.118331	3.35139	-0.365964	72.8035	0	0.162369	0	1.26464	0	
81.1726	49.3022	-0.861912	0.184889	-11.1689	1.94936	72.8483	0	0.233147	0	0.522225	0	
80.944	49.3497	-0.738501	0.18193	-11.9744	1.86477	72.9059	0	0.378484	0	-0.36886	0	
80.7642	49.3929	-0.181954	0.116458	8.61552	-1.2516	72.9961	0	0.558611	0	0.730839	0	
80.9616	49.379	1.73663	-0.198685	4.962	-0.974178	73.1061	0	0.487729	0	-0.95944	0	
81.261	49.3436	0.686328	-0.0650314	-13.492	1.99457	73.1857	0	0.289055	0	-1.28327	0	
81.2294	49.3577	0.0537577	0.0445205	3.64358	-0.489961	73.2411	0	0.32894	0	0.626145	0	
81.1758	49.3775	0.0835332	0.0495744	15.7378	-2.44554	73.3105	0	0.394858	0	0.398619	0	
81.2961	49.371	0.852368	-0.0734825	9.845	-1.62214	73.3904	0	0.393566	0	-0.258873	0	
81.4884	49.3519	0.952619	-0.0991538	-1.19634	0.157907	73.4639	0	0.342888	0	-0.177513	0	
81.7504	49.3184	1.48438	-0.209168	-5.19199	0.733566	73.5229	0	0.23056	0	-0.597255	0	
81.9318	49.2943	0.772085	-0.100718	6.66805	-1.16218	73.561	0	0.179058	0	-0.133331	0	
81.9986	49.2891	-0.573107	0.124247	-17.4494	2.72124	73.5972	0	0.155887	0	-1.4216	0	
81.7274	49.3404	-1.63687	0.316609	-0.953381	0.332407	73.6325	0	0.292804	0	1.54419	0	
81.5901	49.3761	-0.414289	0.145243	-3.4075	0.61685	73.7163	0	0.496582	0	0.56809	0	
81.5932	49.3932	0.632333	-0.0064884	13.1316	-2.07933	73.8272	0	0.591178	0	-0.0930794	0	
81.778	49.3819	1.00929	-0.074865	0.552074	-0.131666	73.9402	0	0.537699	0	-0.248478	0	
82.0292	49.3573	1.1904	-0.12252	-0.845723	0.0526888	74.0382	0	0.433709	0	-0.446694	0	
82.2981	49.3256	1.21664	-0.148545	-3.40656	0.485105	74.1137	0	0.32144	0	-0.381801	0	
82.455	49.3092	0.146896	0.021364	-12.6398	2.07297	74.1723	0	0.274184	0	-0.297227	0	
82.4819	49.3155	0.441761	-0.0133004	1.02795	-0.134099	74.2366	0	0.362315	0	0.226668	0	
82.5281	49.3206	0.148484	0.0457198	2.19838	-0.272637	74.3138	0	0.4231	0	0.5709	0	
82.5855	49.325	-0.606403	0.161377	-10.3152	1.74125	74.3973	0	0.365765	0	0.29062	0	
82.2916	49.3848	-2.44484	0.452048	-8.2776	1.28024	74.4726	0	0.409844	0	0.87157	0	
81.6267	49.4982	-2.50387	0.427487	30.3373	-4.43575	74.5605	0	0.490123	0	0.578994	0	
81.4971	49.5321	-0.422269	0.136255	3.13853	-0.395078	74.6726	0	0.566713	0	0.417724	0	
81.613	49.5321	1.66182	-0.155044	10.8042	-1.65351	74.7885	0	0.536546	0	-1.01078	0	
82.0584	49.4805	2.41058	-0.311613	3.63051	-0.839382	74.8696	0	0.265534	0	-1.49576	0	
82.4402	49.4273	1.15051	-0.175492	-0.0943051	0.349999	74.894	0	0.00106144	0	2.37794	0	
82.642	49.3961	1.33474	-0.209357	5.79926	-1.05041	74.8941	0	-4.94311e-06	0	-0.663617	0	
82.8851	49.3573	1.14544	-0.185356	5.60432	-1.01314	74.8942	0	0.000564163	0	-0.486605	0	
83.1622	49.3117	1.4854	-0.249027	-6.52996	0.949038	74.8943	0	9.52232e-05	0	-0.593663	0	
83.3247	49.2843	0.578505	-0.0959401	6.76481	-1.1566	74.8952	0	0.017662	0	0.040307	0	
83.4685	49.2602	0.663695	-0.112136	-4.81412	0.853812	74.8992	0	0.0191603	0	0.144512	0	
83.5823	49.2407	-0.134477	0.0277477	-0.543403	0.240642	74.9019	0	0.023024	0	0.82458	0	
83.2276	49.3025	-3.47846	0.593892	-19.2147	3.02701	74.9053	0	0.0391719	0	0.234257	0	
82.3188	49.4497	-4.43088	0.682256	-2.53163	0.0993045	74.9207	0	0.128064	0	1.00115	0	
81.654	49.5495	-2.18064	0.32567	-11.9105	1.39197	74.9568	0	0.228551	0	-0.735499	0	
81.0574	49.6303	-3.51931	0.441397	2.84397	-0.482291	74.9887	0	0.0895157	0	1.07952	0	
80.2954	49.719	-4.23297	0.450873	-8.93172	0.44838	75.002	0	0.000354609	0	-1.30552	0	
79.4613	49.8012	-3.85658	0.346819	-6.47768	0.139061	75.0076	0	0.0200233	0	-1.5279	0	
78.9342	49.8457	0.565379	-0.042996	34.1062	-2.73565	75.0091	0	0.0195383	0	-0.56584	0	
79.3856	49.8081	3.01237	-0.26454	-1.13821	0.174868	75.0094	0	0.000636132	0	2.945	0	
80.0786	49.7424	3.9526	-0.402651	4.46832	-1.02997	75.0095	0	9.31331e-05	0	-2.53301	0	
80.8906	49.6529	3.95449	-0.468096	-2.523	0.349685	75.0095	0	0.00124881	0	3.12968	0	
81.6438	49.5579	3.42967	-0.459016	-4.20595	0.0370958	75.0095	0	8.12611e-05	0	-2.12255	0	
82.287	49.4676	2.9447	-0.433227	-5.65032	0.389204	75.0096	0	-0.000617329	0	-1.78453	0	
82.8208	49.3861	2.32517	-0.367569	-6.90885	1.41973	75.0096	0	0.000963633	0	2.78075	0	
83.2372	49.3184	1.93168	-0.3222	-7.89305	1.0802	75.0097	0	0.000177343	0	-0.949388	0	
83.5547	49.2644	1.39708	-0.24213	1.12742	0.218571	75.0098	0	0.00109082	0	2.62287	0	
83.7433	49.2314	0.287605	-0.0485375	-3.10734	0.626403	75.0103	0	0.0140745	0	0.43297	0	
83.8122	49.2212	0.441071	-0.0630396	-3.78447	0.726785	75.0216	0	0.0881827	0	0.299921	0	
83.7196	49.2427	-1.15549	0.245592	-12.4683	2.30045	75.0503	0	0.239493	0	0.826682	0	
83.5737	49.281	-0.609658	0.185171	6.44404	-0.913651	75.1248	0	0.470451	0	1.25802	0	
83.6106	49.2932	0.624584	-0.00949067	0.400024	-0.0541135	75.2331	0	0.568846	0	0.0820014	0	
83.7869	49.2824	1.14589	-0.103963	5.69879	-1.05834	75.3459	0	0.538985	0	-0.436071	0	
84.018	49.2597	1.08984	-0.108392	-3.42355	0.53606	75.4459	0	0.467039	0	-0.296129	0	
84.1616	49.2506	0.502487	-0.00602194	-1.9057	0.38615	75.5373	0	0.468199	0	0.299629	0	
84.1833	49.2642	-0.259046	0.140241	4.13434	-0.570128	75.637	0	0.549418	0	0.927154	0	
84.0171	49.3119	-2.10177	0.43224	-14.2326	1.93571	75.7506	0	0.476377	0	-1.86473	0	
83.4999	49.4071	-2.43221	0.443059	-7.51764	1.13076	75.8227	0	0.418688	0	0.838888	0	
82.7875	49.5207	-4.55452	0.664427	1.33465	-0.53826	75.8813	0	0.208196	0	0.824101	0	
81.7575	49.6594	-5.59306	0.677293	-0.969592	-0.983502	75.9314	0	0.177163	0	-3.55494	0	
80.6061	49.7814	-5.30974	0.498518	18.1806	-2.03396	75.9359	0	0.00125659	0	2.61979	0	
80.2128	49.8169	1.33833	-0.114903	17.489	-1.62191	75.9372	0	-0.000464502	0	-0.995037	0	
80.6483	49.7776	2.6111	-0.246993	1.18721	0.00630959	75.9372	0	0.00084006	0	2.71434	0	
