20.4294
28.8451
31.882
20.5018
35.0668
34.1449
30.666
34.2145
39.3187
33.7296
22.6713
32.7908
30.8396
35.9508
34.1071
37.4605
30.5169
38.8555
37.6254
32.5384
40.4928
41.0049
39.6998
34.0972
41.8123
28.54
36.6069
41.9376
42.0935
28.1771
37.5179
32.9357
31.936
37.927
35.3307
39.0126
38.4417
42.1924
41.5104
14.9895
37.4707
37.3719
31.2719
35.7841
24.999
22.8803
29.0507
27.8572
30.934
36.0864
31.8996
31.6599
39.1692
33.7922
13.2189
34.3942
25.5164
31.8987
23.0983
11.7263
28.9914
35.3544
25.2744
22.8623
26.3941
31.0845
32.6144
32.5013
26.5302
35.1686
34.9111
31.56
25.4098
27.9741
35.638
39.7764
30.751
27.9291
15.4517
30.0283
31.2492
29.3644
23.9649
37.2381
28.488
30.8312
38.8341
35.3671
35.4399
6.24867
31.6141
12.4978
23.8928
36.8467
30.1498
34.0047
9.13546
37.1566
28.4494
43.3353
46.372
36.1767
25.2235
34.3522
30.2535
44.7191
22.082
18.5169
12.767
41.6013
37.6655
20.8793
27.4515
43.5251
34.5144
35.1791
43.4728
40.3676
37.3651
34.1947
41.1612
29.7308
36.457
39.4334
39.9895
41.3687
9.51996
38.7423
39.5372
39.3632
45.6829
27.401
36.8952
37.4269
38.5223
25.6366
31.9291
27.4784
9.32906
32.9131
34.3067
30.9574
35.8161
37.1149
25.3355
34.5175
38.7935
39.6835
42.2238
35.1097
28.661
27.2982
26.2894
25.2569
30.0771
27.1596
33.6197
21.5329
25.0707
26.1561
33.2608
20.7174
31.2197
34.8131
24.3768
25.75
27.1418
34.7803
26.6739
29.6966
15.8807
33.5441
27.3648
33.4195
27.2527
24.3423
26.1723
30.9197
31.4341
24.4387
24.5774
33.7654
10.2528
22.7835
35.1751
21.4032
36.0932
26.2004
29.8044
30.3426
30.9767
36.0225
28.8406
10.8739
32.7629
39.3269
34.0884
31.9912
25.647
22.3105
16.4095
33.8698
28.123
14.9746
25.5347
19.8912
28.4361
23.2882
33.6619
12.3284
37.6441
29.573
34.3243
5.87476
32.8644
28.8583
28.4629
35.1684
39.6786
36.243
33.3335
19.6649
32.672
22.0343
27.7682
35.129
26.5786
35.7858
21.9938
31.2804
22.9847
33.7327
35.3685
37.4575
36.4174
25.8934
38.2904
30.7189
32.3595
33.0871
36.9222
37.4511
26.6298
32.6314
29.3704
38.6411
37.0366
26.024
24.8213
41.2068
26.8211
38.9274
36.2061
25.9427
38.7497
39.2866
31.5766
30.1398
36.0143
28.6269
26.0101
35.5009
34.1201
35.6334
28.5845
24.099
23.2444
33.5324
25.6299
32.5915
37.3856
32.5327
32.0453
31.7069
34.6267
35.7928
30.1858
28.4593
34.7309
5.29535
27.1458
18.6917
30.3152
28.8447
33.3112
30.8114
35.7179
28.5599
35.7967
36.4693
26.7815
41.7304
30.6671
32.2874
24.3592
30.3553
29.8237
28.795
11.9513
29.6902
30.7351
17.3485
15.4087
40.2732
33.1692
30.2366
33.143
31.2612
35.0571
28.3731
38.4436
31.1934
26.5078
26.9823
35.8962
23.9587
37.1834
25.6371
37.082
39.1683
39.1452
38.9096
20.5415
34.6483
29.0613
35.0907
40.7672
27.1952
26.0855
33.9728
37.7718
23.1715
36.0086
25.263
36.1278
35.6527
41.3114
36.6992
32.8667
38.797
37.8495
39.5091
39.9264
38.5961
28.3686
40.942
40.3927
44.0899
37.744
24.2779
41.2053
32.885
38.5068
33.6642
33.0352
27.9799
36.8699
25.9605
33.0915
33.8775
25.0759
37.074
37.5783
37.0415
42.9937
35.5101
32.9286
19.5771
36.0589
42.9841
38.6061
39.6024
40.2263
34.7869
36.2226
37.6761
36.7525
14.2293
36.3641
38.107
38.1337
38.4216
42.1025
32.9419
39.1884
33.2754
39.5324
40.1206
34.3691
33.3539
39.8529
31.4671
42.7289
43.09
39.1703
44.9121
36.7777
38.6648
38.5743
39.6375
39.5657
42.3354
36.902
45.4023
31.2125
35.4131
40.2897
41.018
41.7984
38.2945
43.0002
42.5849
40.0173
46.5597
39.3931
38.1167
48.9668
43.4053
37.5666
49.6543
41.4548
31.0047
42.5333
46.7091
47.822
45.38
45.2265
39.2784
50.4863
52.4402
51.358
47.0704
49.9319
56.277
47.3701
46.2277
31.0934
46.679
47.0336
46.6142
43.0801
43.3011
46.8989
51.034
50.4081
50.3461
57.0784
45.5233
41.2501
51.2321
46.4009
55.0421
36.9344
45.5952
51.8488
46.0374
36.296
43.4355
48.2614
49.3929
45.4531
54.5442
49.9047
48.2462
52.6764
48.7421
41.1469
46.1123
51.9233
50.7101
57.9789
46.4937
52.6855
51.4893
53.2044
33.1791
50.3596
50.0247
53.5623
53.6604
42.5602
53.9191
50.3195
45.3161
54.9508
37.0099
56.9201
56.4234
56.9294
53.7519
54.8173
60.7327
58.7847
57.798
52.6532
52.9776
58.124
54.7081
57.6519
55.3635
57.232
62.1991
56.5992
57.1957
56.1427
58.5154
53.9825
53.6935
60.1923
65.9516
57.7555
69.2607
56.6445
67.757
63.4722
65.0338
66.6734
67.9917
70.8415
56.3511
62.5052
71.4221
62.5998
66.0377
66.672
63.4412
68.9305
73.7794
67.6033
74.3904
70.9662
63.8118
72.6319
77.8768
65.2523
74.3217
68.5621
73.4119
75.8015
77.4746
72.1288
76.1089
78.5086
77.3263
73.4758
72.5291
80.1722
75.3047
79.0302
77.4487
77.529
76.9556
80.5524
78.1938
80.8136
76.9247
81.1126
77.9615
82.7099
68.7521
78.119
80.8748
82.3912
81.0077
80.0697
82.9867
81.8923
81.6249
58.313
81.6966
83.1766
78.0222
83.072
76.4406
80.9592
78.9536
81.4289
83.4841
81.0212
81.4561
80.6506
80.4175
79.2934
81.6249
78.6558
83.4536
83.5604
83.0692
83.6437
83.6738
82.5418
83.8759
83.5579
83.9585
83.7938
74.696
83.756
83.9723
83.2765
83.6944
84.0455
83.773
80.5603
83.8209
82.7224
83.4181
83.7481
83.8131
83.9435
83.7795
83.7581
81.537
83.4057
83.9605
83.5922
84.0297
84.1183
82.6809
83.9388
83.9839
83.7022
83.9907
84.0072
83.9698
83.9648
82.9042
82.2266
71.5218
84.1103
83.4099
84.0051
84.0869
84.0816
71.25
83.8216
84.1225
78.8114
84.0321
84.1439
81.2976
84.017
80.0627
84.0901
79.7217
84.1362
84.0971
84.1011
84.0925
84.0407
78.9233
84.041
84.1605
84.0546
83.3982
81.4785
84.0388
83.9887
83.9648
81.192
84.222
83.6654
83.5978
82.7636
84.0328
83.8628
83.9779
81.4971
81.8679
84.0674
84.2793
71.7481
84.0152
84.0912
84.1168
84.0585
83.7351
84.0579
82.911
84.1039
84.151
77.4111
84.0828
84.0777
83.9817
84.0957
84.0791
83.6953
84.0284
84.0577
83.2128
84.183
84.1767
83.8509
84.1218
84.1284
80.5524
84.1008
84.0233
84.1102
84.0396
83.7034
83.9006
84.0259
83.887
81.7552
84.0676
84.1467
83.9297
84.1706
80.5476
83.9656
78.9595
84.0104
84.0963
84.0878
84.0771
83.9642
83.9845
82.944
84.1001
84.1388
84.121
83.926
83.359
84.0969
84.0094
83.9544
84.1042
84.024
84.0733
83.8597
84.1275
84.1623
84.0708
84.0796
82.3669
84.0706
84.1683
84.1113
84.2275
84.0161
83.9879
83.7561
83.9393
82.6402
83.6777
84.0727
84.1147
84.0897
83.6239
75.4132
83.868
84.1073
84.1493
80.7166
78.7825
83.5791
83.7824
84.1211
84.1774
83.0469
83.9246
84.1361
83.869
82.8595
84.0165
83.9339
83.8877
84.1039
84.0146
82.9458
78.9397
83.9854
84.1259
84.1033
83.8037
84.1913
84.0967
84.1475
83.9865
84.0373
83.6611
84.0699
84.1412
84.1257
84.0654
84.0307
83.8944
83.5355
84.1345
84.1412
83.7262
83.7432
84.1618
83.2564
84.1042
84.0561
84.0973
80.5329
84.0796
84.0866
84.1371
84.133
84.1009
84.1062
83.5547
83.3827
81.2097
84.0822
83.9169
84.229
82.9852
82.6082
84.0158
83.9991
84.1723
81.0231
84.121
84.1475
83.9532
84.0977
84.1171
83.9703
81.0397
84.1058
84.0664
83.7071
84.1051
84.1304
84.1213
83.6767
82.6927
84.1276
84.1225
84.1394
83.5352
84.117
83.85
73.4617
84.1005
83.5613
83.4405
84.0978
84.1482
81.9654
84.103
84.0871
84.1131
84.0948
84.1131
84.134
84.0989
84.0746
84.0497
83.7757
84.1304
84.1173
83.9785
84.0734
83.9422
83.7162
83.8047
83.6507
84.1237
84.1147
84.1154
83.956
84.1095
83.9174
83.9342
84.0763
75.9378
84.1187
82.508
83.2626
84.1583
84.0981
83.6048
84.1226
84.1765
84.114
84.0482
84.1469
82.2897
83.632
83.7189
84.0939
83.6755
84.1143
84.0982
84.0657
84.0882
84.1041
84.0448
83.5276
84.1162
84.1294
79.7557
81.2389
83.5566
83.5106
83.9353
84.0447
83.5308
83.7242
84.1119
84.1321
84.1248
83.4399
84.1454
84.0726
84.1187
84.1557
84.1052
84.1097
84.14
84.0738
84.09
84.0704
82.5838
84.1274
84.1423
84.1416
82.3122
84.1492
84.1232
84.0972
83.5664
84.093
84.0911
84.1393
83.9036
83.0621
84.0855
79.9294
76.9275
81.4488
83.8475
84.083
84.1186
84.1643
84.1239
84.1299
84.0963
84.1084
81.9308
84.0861
84.0845
83.7615
84.1292
84.1625
84.1412
84.1132
84.0024
84.1525
84.1123
83.9489
84.1196
83.9893
84.117
83.2982
83.6497
84.1422
84.1228
84.0957
83.951
84.1009
83.952
84.1176
84.2149
84.1083
84.1312
84.0049
83.8821
84.1282
84.0436
84.146
83.9553
83.1889
83.8795
84.1378
83.2232
84.0657
83.9644
83.9445
84.1773
84.1322
83.782
84.1052
84.1096
83.8333
83.5555
83.9365
84.1218
84.0014
84.0128
81.6839
84.0318
83.6586
84.1285
84.005
75.1968
84.1499
83.8572
84.1145
82.2304
84.0834
84.1627
83.7002
83.9978
84.1139
83.8217
83.7052
83.7422
83.2486
83.31
84.1025
84.1301
84.0539
84.1115
84.1124
80.911
83.797
84.1096
82.7717
84.0193
83.004
83.7981
83.953
84.1075
84.1513
83.2504
84.1028
84.1012
84.1048
84.133
84.1277
83.7508
83.9199
84.1007
83.5917
83.7836
81.7467
83.9941
84.108
84.1028
84.1159
84.1401
84.1243
83.5281
84.1726
84.1012
84.115
83.9737
83.6582
83.0148
84.1131
84.154
82.8919
84.1166
84.0909
84.1226
84.0719
84.1043
83.0834
84.1211
84.149
84.1111
83.1579
84.0103
83.5075
84.0808
84.0991
84.0233
84.1372
84.1001
84.0943
84.1192
83.7419
84.1046
80.7909
83.9109
84.1117
84.0129
84.1205
84.1126
84.1481
83.7133
84.1176
78.7757
84.12
84.103
84.06
84.1348
84.1119
84.128
84.1219
84.1156
83.9512
84.1485
84.1597
83.1627
84.1258
83.4058
84.0988
84.0632
83.787
84.1493
84.1351
84.1209
84.1234
84.1146
83.9766
84.1246
83.0279
84.0137
84.1311
83.501
84.0735
84.0637
83.6218
84.0717
84.1647
83.8954
84.1252
84.1113
81.0362
83.2881
83.971
84.1143
53.0473
84.1315
84.1257
84.1074
84.1203
84.1215
84.1282
84.1397
83.6166
84.1403
84.1402
84.1251
84.0973
84.1384
84.1086
84.1419
84.1061
84.0712
82.8278
84.1235
84.1483
84.1172
83.5872
84.1233
83.9817
82.5975
84.1268
84.1214
84.1048
84.0378
84.113
84.0262
83.9608
83.5422
84.0458
83.9514
84.0965
84.0603
84.1333
84.1417
84.1555
83.5307
84.1227
84.0922
83.8727
84.0934
84.124
84.1238
84.1133
84.1053
84.1165
83.9641
84.1279
84.101
80.6685
84.1412
84.1302
84.1265
83.3104
84.1515
83.7719
83.9967
84.0817
84.1224
84.1415
84.0596
83.9968
84.1246
83.3653
84.1203
84.106
83.9063
84.1263
83.7346
84.1194
84.1156
84.1537
84.0826
83.9142
84.1142
84.074
83.4563
84.1217
84.1558
84.1435
83.9707
83.7054
84.0138
84.1144
83.7275
84.1267
84.1261
84.1145
84.1642
84.015
83.7364
84.065
84.1236
84.114
83.8151
83.518
82.8277
84.1635
84.1019
84.1091
78.5215
84.1382
84.1317
84.1203
83.7532
84.0933
82.5074
84.0243
83.082
84.1511
84.0239
84.1414
84.116
84.1349
84.1439
83.803
84.1203
83.6412
84.1192
84.1329
83.7112
84.1482
84.0991
84.0239
84.1414
84.1116
84.1559
84.151
84.0981
83.6914
84.1235
84.1442
81.7518
84.1292
84.0372
84.0988
84.1251
84.1295
84.1304
84.1179
84.0209
84.1313
82.2414
83.9519
83.8552
84.1308
84.0898
84.1336
84.1046
83.7874
83.9439
84.038
84.1337
83.9793
84.0166
83.312
84.1358
84.1187
84.0724
84.137
84.1141
83.2152
84.0692
84.0756
83.801
84.1039
83.9071
84.0511
83.3401
83.9965
84.1252
84.1102
84.0748
84.1064
84.1153
84.1234
83.8285
84.0107
83.9504
84.1542
84.1479
83.7006
84.1357
84.1188
84.0849
83.8399
84.066
84.1614
84.1743
84.1128
84.1344
84.1653
84.0188
84.1299
84.1435
83.7868
84.1117
84.1145
84.1199
84.1281
84.1296
83.8941
84.1279
84.098
84.1244
84.1235
83.7327
84.1247
84.1305
84.1274
83.921
84.1057
84.1499
84.1231
83.995
83.998
83.9607
83.757
84.1194
84.1189
83.571
84.1475
84.1432
84.1257
84.1
84.1098
83.793
84.1157
84.0582
83.7442
84.109
84.1267
84.1384
84.1269
84.1262
84.1374
84.1119
84.122
83.9583
84.0991
84.0894
84.1536
84.1372
84.1104
83.8569
84.127
82.8122
84.0936
84.0716
84.1146
84.0915
84.0952
84.102
84.0425
84.1037
83.5961
84.1277
84.0923
84.0536
84.1277
84.0479
84.0071
84.1539
84.1177
84.1266
84.1127
82.664
84.122
84.1047
83.4538
83.6766
84.1362
84.1291
84.1331
84.1256
84.1303
84.0826
84.1388
84.1698
84.1114
84.0029
84.1171
84.1164
84.1213
83.2333
84.113
83.6209
82.4151
84.0465
83.9821
83.2154
84.0038
83.9878
84.1227
84.1317
84.1124
83.6482
84.015
84.1074
84.131
84.1245
83.9742
84.1226
84.1396
84.0491
84.1225
84.0904
84.0568
84.1143
84.1248
84.1283
83.9435
83.9735
84.0579
83.7638
84.1288
84.1214
84.118
84.1243
84.0389
84.1559
84.1274
84.1243
84.0471
83.9407
84.1405
82.9871
84.1168
83.7958
83.2745
84.1165
84.0758
82.6286
83.8278
82.5814
84.1011
84.1127
84.1115
84.1121
84.1576
82.8014
84.1095
84.1193
84.113
84.1166
84.1224
84.0857
84.1366
84.1091
84.1153
80.4022
84.1393
84.0478
84.1273
84.143
84.1284
83.8328
84.1122
83.7633
83.956
83.7822
84.1393
84.119
84.0998
83.8184
84.1374
78.9902
83.9248
84.1274
81.8145
84.0673
84.1413
84.0973
84.1326
84.0249
84.1353
83.6921
84.1442
84.1151
84.0858
83.1522
84.1341
83.7133
84.1064
83.9164
84.1546
84.1051
84.1414
84.1131
83.6252
84.1357
84.1431
84.1222
84.1327
83.7173
84.1376
81.132
83.6593
84.1938
83.1797
84.1089
84.1196
84.119
84.1347
83.8287
84.1208
84.133
84.1219
84.1128
84.1203
83.8894
83.6565
83.9188
83.8024
83.8096
83.9969
82.4164
83.8657
84.1337
84.1415
84.1325
83.5156
83.7192
83.7041
84.114
83.9561
84.0237
84.0433
84.0403
84.1412
84.1233
84.1279
84.1232
84.0432
84.1241
84.0162
84.1322
84.1268
84.1532
84.1135
83.7171
84.1222
83.9598
84.1117
84.1376
84.1221
83.8853
84.1332
83.9691
84.1613
84.1535
84.1163
84.1377
83.8981
84.1264
84.1071
84.1411
84.1267
84.1285
83.9976
83.9874
84.115
84.1479
84.1452
84.1342
