attack_ang_-4.000000	attack_ang_0.000000	attack_ang_4.000000	attack_ang_8.000000	attack_ang_12.000000	attack_ang_14.000000	attack_ang_16.000000	attack_ang_18.000000	attack_ang_20.000000	
400	400	400	400	400	400	400	400.002	400	
396.885	396.888	361.171	396.904	396.932	396.955	397.002	397.038	397.041	
386.073	387.101	388.884	390.228	392.076	392.655	392.943	353.809	393.197	
386.92	386.237	385.272	384.769	384.542	349.689	384.146	384.03	383.861	
374.916	376.03	377.493	378.705	341.682	380.45	380.78	380.907	380.979	
372.565	372.465	372.518	372.981	373.344	336.386	373.921	373.972	374.039	
369.722	369.147	368.535	334.997	367.24	366.629	366.348	366.15	366.109	
363.959	363.461	327.056	363.023	362.307	361.538	361.15	361.049	361.038	
357.539	357.424	357.188	356.8	356.45	356.194	324.156	356.064	356.04	
352.708	320.537	352.523	352.189	351.364	350.14	349.223	348.92	348.659	
311.119	345.637	345.519	345.36	345.001	344.469	344.009	343.712	343.329	
336.606	337.211	337.88	338.383	338.969	308.637	339.847	340.24	340.389	
334.222	300.898	334.17	334.085	333.451	332.789	332.198	331.852	331.644	
327.803	327.805	327.826	327.834	327.822	327.798	327.812	327.846	298.338	
323.29	323.091	322.984	322.74	322.282	321.699	321.217	320.937	288.688	
316.253	316.327	316.421	284.786	316.482	316.614	316.772	316.815	316.77	
309.704	309.82	309.969	310.182	279.316	310.873	311.277	312.045	312.671	
306.507	306.368	306.107	305.965	278.003	304.83	304.276	303.648	303.016	
271.591	298.548	298.827	299.079	299.327	299.935	300.36	300.756	301.017	
291.881	293.268	294.151	294.489	294.628	265.734	295.577	295.836	296.034	
290.336	290.095	289.902	289.845	289.735	260.659	289.564	289.518	289.499	
284.972	285.024	285.14	285.216	285.356	285.496	285.585	257.059	285.615	
279.305	279.754	280.336	280.526	280.74	253.117	281.313	281.664	281.76	
277.153	276.869	276.67	251.64	276.475	275.76	275.447	275.139	274.974	
271.119	271.288	271.398	271.51	271.642	271.955	244.891	272.093	272.219	
265.86	266.304	266.775	266.881	267.058	267.567	267.934	243.897	268.153	
262.427	262.604	262.771	262.863	263	263.169	263.251	239.521	263.336	
235.688	258.948	258.885	258.848	258.752	258.332	258.033	257.861	257.699	
255.3	255.126	229.546	254.779	254.785	254.095	252.902	252.365	251.827	
250.134	249.982	227.224	249.802	249.604	249.313	249.028	248.689	248.356	
245.028	244.999	245.001	245.007	245.014	245.032	220.588	245.167	245.28	
240.192	240.233	240.276	216.272	240.349	240.5	240.804	240.962	241.044	
235.5	235.655	235.798	212.3	236.089	236.427	237.29	237.717	237.801	
231.702	208.699	232.185	232.145	232.367	233.067	233.415	233.598	233.663	
229.554	229.497	229.385	206.433	229.305	229.174	229.044	229.018	229.01	
227.435	227.269	227.051	204.247	224.294	226.204	225.736	225.616	225.563	
222.044	222.251	222.628	222.779	223.181	223.771	224.052	224.155	203.786	
221.463	220.967	218.529	198.563	220.448	220.263	219.942	219.799	219.776	
215.9	216.276	216.652	216.978	217.509	217.948	218.418	218.618	198.78	
215.506	215.295	215.085	214.887	214.58	195.204	214.252	214.135	214.092	
210.958	211.052	211.163	211.313	211.414	211.607	190.592	211.761	211.812	
207.474	207.635	207.924	189.344	208.183	208.748	209.226	209.346	209.413	
204.643	204.821	205.106	205.369	205.71	206.18	206.568	206.683	186.039	
204.338	204.241	204.065	203.918	203.817	203.736	183.434	203.86	203.873	
202.351	202.207	202.045	201.95	201.602	201.003	200.123	199.905	182.042	
198.002	198.039	198.096	198.127	198.182	178.438	198.439	198.517	198.572	
194.162	194.233	194.368	175.036	194.597	195.105	195.431	195.635	195.784	
190.722	191.039	191.532	191.789	172.722	192.392	192.927	193.146	193.164	
190.49	190.421	190.312	190.242	190.08	189.8	189.572	189.544	172.552	
168.708	187.505	187.566	187.63	187.714	187.827	188.025	188.125	188.139	
185.46	185.444	185.422	185.403	185.357	185.275	166.687	183.331	185.16	
182.735	182.759	182.855	182.874	182.89	182.909	183.01	183.001	164.699	
181.178	181.077	180.97	180.879	180.696	164.028	179.459	179.242	179.076	
177.273	159.574	177.344	177.338	177.365	177.529	177.805	177.954	178.029	
174.047	174.13	174.33	156.895	174.487	175.075	175.308	175.564	175.634	
170.667	171.061	171.525	154.874	172.593	173.651	174.415	174.741	174.788	
169.553	169.902	170.237	170.591	171.118	171.988	173.08	173.157	157.272	
170.889	170.817	170.745	170.655	170.603	170.55	170.645	170.691	153.603	
170.301	170.035	169.685	169.536	169.326	169.027	169.017	151.976	168.821	
168.496	168.312	168.049	167.881	167.618	167.076	166.945	150.162	166.912	
164.901	164.991	165.026	165.074	165.145	148.739	165.373	165.423	165.467	
163.315	163.297	163.23	163.165	163.007	162.53	147.563	161.729	161.546	
160.281	160.316	160.379	160.443	160.495	160.56	160.694	160.71	144.689	
158.06	158.046	157.971	142.211	157.955	157.86	157.57	157.357	157.265	
154.838	139.419	154.943	155.01	155.189	155.377	155.75	156.035	156.306	
152.211	137.026	152.343	152.447	152.68	153.236	153.668	153.854	154.182	
149.912	150.287	150.749	151.015	151.341	151.662	152.081	152.196	138.325	
149.367	149.524	149.667	149.717	149.816	149.986	150.115	135.158	148.683	
148.801	148.62	148.487	133.565	148.301	147.868	147.565	147.37	147.295	
145.819	145.862	145.954	132.829	146.072	146.164	146.27	146.321	146.352	
143.455	144.074	144.369	144.84	130.454	145.258	145.483	145.664	145.795	
143.794	143.695	143.645	129.23	143.529	143.458	143.396	143.343	143.281	
141.284	141.714	142.157	142.354	142.712	142.968	143.167	143.228	130.349	
139.279	140.673	141.487	141.66	141.838	142.045	142.261	128.194	141.033	
140.695	140.82	140.872	128.213	140.899	140.904	140.902	140.898	140.882	
139.757	139.713	139.912	126.071	140.138	140.263	140.32	140.359	140.359	
139.299	139.339	139.371	139.377	139.367	139.338	139.306	139.291	126.758	
139.282	138.993	138.937	138.908	138.867	138.836	138.811	138.811	124.931	
137.431	137.658	124.023	137.924	138.067	138.214	138.314	138.372	138.454	
136.958	137.116	137.189	137.222	124.884	137.225	137.225	137.212	137.2	
136.598	136.6	136.681	123.024	136.687	136.664	136.664	136.672	136.65	
135.886	135.954	136.092	136.182	136.305	136.377	136.437	124.117	136.447	
135.795	135.677	135.651	135.624	135.613	135.607	134.234	122.017	135.557	
134.315	134.443	134.921	135.156	121.922	135.609	135.768	135.824	135.825	
134.475	134.407	134.367	134.352	134.379	134.385	134.363	120.915	134.35	
133.96	133.654	133.541	133.451	120.02	133.284	133.225	133.194	133.144	
131.399	131.778	131.992	132.233	119.149	132.513	132.587	132.646	132.667	
131.39	131.26	131.344	131.44	131.602	131.672	131.777	130.484	118.641	
130.891	130.878	130.878	117.783	130.875	130.924	130.953	130.972	130.99	
129.76	129.737	129.719	129.711	129.698	129.675	128.351	116.662	129.594	
129.428	129.341	129.225	129.124	129.013	117.381	128.875	128.843	128.811	
128.321	128.31	128.3	128.278	128.246	128.225	128.207	115.375	128.147	
126.948	126.931	126.911	126.891	126.811	126.744	126.708	114.011	126.644	
124.756	124.798	124.878	124.942	125.056	125.307	125.428	125.501	114.244	
124.056	124.015	123.965	123.937	111.44	122.512	123.594	123.431	123.344	
121.926	122.01	122.064	122.127	122.221	110.174	122.697	122.769	122.888	
120.698	120.816	120.892	108.861	121.086	121.187	121.368	121.529	121.673	
119.11	119.291	119.453	119.586	118.652	107.968	120.279	120.417	120.477	
118.074	118.31	118.71	118.884	119.185	119.422	107.715	119.767	119.799	
117.776	117.869	118.152	118.267	118.537	118.857	119.018	107.178	119.136	
118.115	118.013	107.266	117.826	117.682	117.539	117.307	117.119	117.046	
116.152	116.297	116.609	117.005	117.461	107.068	117.987	118.067	118.107	
116.291	116.3	104.676	116.321	116.335	116.352	116.368	116.377	116.384	
115.27	115.416	115.649	115.732	115.839	115.918	104.376	115.989	115.964	
114.974	114.961	114.945	114.922	114.951	114.998	115.06	103.568	115.03	
113.934	113.945	113.996	114.032	102.713	114.212	114.414	114.487	114.494	
102.359	112.479	112.658	112.943	113.368	113.748	114.491	114.59	114.608	
112.677	112.864	113.193	113.538	113.92	114.208	114.467	103.058	114.374	
113.716	113.681	113.677	102.281	113.584	113.497	113.531	113.559	113.541	
113.429	113.403	113.404	113.398	113.402	113.405	103.206	113.414	113.41	
113.343	113.338	113.389	113.413	113.41	113.391	103.201	113.428	113.43	
112.011	112.37	112.837	102.117	114.146	114.463	114.97	115.048	115.066	
112.841	113.072	113.44	113.914	114.455	114.91	114.986	103.741	115.333	
114.335	114.297	114.266	114.53	114.915	115.108	115.285	103.803	115.321	
114.619	114.93	115.141	115.398	115.947	116.164	116.315	104.789	116.43	
115.293	115.531	115.794	116.162	116.535	116.906	105.381	115.998	117.203	
115.893	116.442	116.825	116.972	117.212	117.464	117.799	117.844	107.198	
116.879	117.261	106.925	117.843	118.067	118.357	118.548	118.628	118.635	
116.537	115.582	117.695	118.84	119.362	120.023	120.285	119.89	108.338	
116.868	117.893	118.698	119.362	107.652	118.492	119.91	120.029	120.046	
116.984	118.174	119.235	120.189	120.943	121.164	109.365	120.382	121.615	
116.984	118.84	120.686	121.3	121.871	122.266	111.056	122.682	122.723	
117.503	119.468	121.268	122.096	122.893	123.565	124.146	123.949	111.808	
117.503	119.718	122.043	123.805	124.7	124.972	125.344	125.43	112.903	
117.503	119.718	123.433	125.324	125.798	126.401	126.767	115.107	126.879	
117.503	119.718	125.585	126.519	127.275	127.795	128.08	128.202	116.613	
117.503	120.262	125.304	128.172	128.923	129.444	129.812	116.954	128.697	
117.503	120.262	125.626	129.54	130.869	131.198	131.598	131.723	118.56	
117.503	120.262	126.923	130.387	132.08	132.609	133.011	119.888	132.628	
117.503	120.262	127.982	131.99	133.547	134.192	134.634	121.214	134.57	
117.503	120.262	128.462	133.695	123.056	135.592	136.038	136.096	136.08	
117.503	120.262	128.462	134.117	137.064	138.146	138.43	124.873	138.842	
117.503	121.083	129.061	135.681	138.04	139.389	139.988	139.031	126.137	
117.503	121.083	129.727	136.521	139.987	141.34	141.708	141.795	129.005	
117.503	121.949	130.491	137.842	141.58	142.694	143.175	143.217	128.893	
117.503	121.949	130.491	137.842	144.318	144.866	145.409	145.367	130.944	
117.503	121.949	130.491	137.842	145.61	146.457	147.305	132.657	147.265	
117.503	121.949	130.491	137.842	147.013	148.193	135.479	149.15	149.137	
117.503	121.949	130.491	137.842	149.075	150.307	150.89	135.896	148.125	
117.503	122.805	131.233	140.037	150.176	151.366	152.01	149.179	136.913	
117.503	123.649	132.12	142.78	150.226	152.148	151.149	137.449	152.719	
117.503	123.649	133.189	143.631	152.037	153.109	138.145	153.582	153.641	
117.503	123.649	133.189	143.631	152.705	154.69	155.265	139.777	155.31	
117.503	123.649	134.237	144.685	154.562	155.476	155.92	140.406	155.999	
118.118	124.71	135.289	145.727	155.022	155.866	140.958	156.517	156.704	
118.777	125.769	136.339	146.714	155.531	156.569	141.39	157.226	157.235	
118.777	126.828	137.383	147.616	155.785	157.923	158.375	142.575	158.177	
118.777	126.828	137.383	148.484	157.153	159.104	158.334	143.975	159.982	
118.777	126.828	137.383	148.484	158.635	160.948	159.87	145.477	161.665	
118.777	126.828	137.383	148.484	159.726	162.239	162.749	162.882	145.686	
118.777	127.996	139.616	150.728	160.95	162.448	162.882	162.968	148.315	
118.777	127.996	139.616	151.787	161.724	163.805	164.196	164.28	147.902	
118.777	127.996	139.616	151.787	163.161	164.795	165.185	165.269	145.76	
119.699	129.16	140.839	152.94	163.925	165.157	165.528	149.042	165.449	
119.699	129.16	140.839	152.94	164.128	166.189	166.829	150.211	164.314	
119.699	129.16	142.053	154.07	164.842	166.925	167.131	152.113	167.153	
119.699	130.451	143.261	155.233	165.687	167.276	150.738	165.868	167.53	
119.699	130.451	143.261	155.233	166.038	168.319	168.532	166.935	151.764	
119.699	130.451	144.462	156.328	166.528	169.023	169.348	169.389	152.46	
119.699	130.451	144.462	156.328	166.968	169.929	170.281	170.294	153.304	
119.699	130.451	144.462	156.328	167.213	171.303	171.645	154.515	170.149	
119.699	130.451	144.462	157.423	168.291	171.738	171.894	171.946	153.735	
119.699	131.983	147.044	159.575	169.222	171.531	171.78	156.153	171.883	
119.699	131.983	147.044	159.575	169.798	172.939	157.491	173.537	173.529	
120.927	133.491	148.304	160.662	170.876	172.676	173.007	173.145	155.82	
120.927	133.491	149.543	161.694	171.358	173.699	171.58	156.65	174.048	
120.927	133.491	150.762	162.672	171.7	174.287	157.073	174.282	174.521	
120.927	135.22	151.959	163.617	172.25	173.875	174.04	156.685	174.096	
120.927	135.22	153.129	164.505	172.597	173.923	154.628	174.265	174.21	
120.927	137.012	154.273	166.079	172.873	173.944	172.168	156.771	174.186	
120.927	137.012	155.457	166.769	173.001	174.559	174.783	174.825	158.277	
120.927	137.012	155.457	167.398	173.172	175.883	176.179	158.293	176.185	
120.927	137.012	156.655	167.987	173.465	176.415	176.6	158.968	176.292	
120.927	137.012	157.792	168.576	174.071	176.88	177.012	159.34	173.035	
120.927	139.092	159.907	169.676	174.569	176.207	176.461	174.901	158.894	
120.927	139.092	160.888	170.177	174.889	176.757	176.367	159.363	177.043	
120.927	139.092	160.888	171.104	175.281	177.401	177.625	171.975	159.866	
122.744	141.273	161.916	171.941	175.587	176.572	159.288	171.592	176.988	
126.471	145.299	163.871	172.677	175.721	174.394	174.608	154.125	174.665	
128.354	147.158	164.758	172.997	175.614	174.091	174.377	157.051	172.757	
128.354	147.158	164.758	173.265	175.525	174.821	174.953	174.975	158.185	
130.234	149.005	166.408	173.715	175.484	174.333	174.508	170.108	157.049	
132.111	150.747	167.146	173.908	175.395	174.158	156.938	174.368	174.366	
133.975	152.388	167.828	174.073	175.321	156.683	172.064	174.288	174.289	
133.975	153.934	168.459	174.213	173.483	175.055	175.166	175.173	159.199	
133.975	153.934	168.459	174.213	173.647	176.253	160.679	176.646	176.617	
133.975	153.934	168.459	174.163	173.997	177.173	159.757	175.762	177.541	
135.971	155.388	169.036	174.162	174.371	156.612	176.773	176.865	176.868	
137.912	156.755	169.555	174.199	172.62	177.45	177.661	159.991	173.79	
139.797	158.036	170.026	174.057	173.129	176.831	177.216	177.244	160.53	
139.797	158.036	170.433	173.936	173.92	178.125	178.228	160.453	176.488	
139.797	159.277	170.79	173.95	174.374	177.965	178.063	160.292	178.092	
141.745	160.43	171.112	174.008	174.779	177.867	177.994	177.99	160.128	
141.745	160.43	171.112	174.008	174.779	178.2	176.622	160.638	178.484	
141.745	161.5	171.408	174.101	175.425	178.153	178.306	161.998	178.332	
141.745	161.5	171.408	174.101	175.705	179.473	159.614	179.609	179.598	
143.72	162.492	171.684	174.277	176.108	179.724	180.002	163.256	180.017	
143.72	162.492	171.684	174.466	176.484	180.437	178.869	162.636	180.704	
145.69	164.27	172.247	174.922	177.249	179.178	179.481	163.353	179.499	
145.69	165.07	172.521	175.17	177.544	180.073	163.749	180.309	180.325	
145.69	165.07	172.521	175.17	177.804	180.82	180.961	180.992	162.879	
145.69	165.07	172.521	175.17	177.804	181.112	163.132	181.275	181.274	
145.69	165.816	172.792	175.449	178.16	180.841	162.964	181.071	181.005	
145.69	166.515	173.064	175.736	178.47	181.039	181.341	163.238	181.074	
147.772	167.172	173.338	176.052	178.996	180.332	162.525	180.142	180.593	
147.772	167.172	173.338	176.352	179.273	180.529	180.645	180.682	162.602	
147.772	167.172	173.643	176.655	179.425	180.509	180.608	180.657	163.975	
147.772	167.172	173.643	176.938	179.549	181.505	181.636	165.309	181.663	
147.772	167.82	173.979	177.215	179.824	182.064	182.276	165.403	182.298	
147.772	167.82	173.979	177.482	180.063	183.036	164.822	183.167	183.136	
147.772	167.82	173.979	177.482	180.063	183.055	183.158	166.702	183.187	
149.777	168.438	174.336	177.756	180.447	164.822	181.717	183.23	183.238	
149.777	169.029	174.684	178.041	178.909	183.141	183.39	163.543	183.354	
151.702	169.596	175.026	178.271	179.714	164.886	182.96	183.337	183.289	
151.702	169.596	175.026	178.271	178.238	183.677	167.226	183.801	183.792	
151.702	169.596	175.026	178.274	178.844	184.511	184.654	166.209	184.077	
151.702	169.596	175.026	178.274	179.419	184.439	184.582	166.189	184.648	
153.492	170.141	175.358	178.404	179.949	183.662	183.281	165.458	183.837	
153.492	170.141	175.358	178.748	180.681	183.461	183.567	183.604	167.063	
153.492	170.141	175.7	178.952	181.025	183.688	165.992	183.93	183.886	
155.212	171.233	176.353	179.405	181.592	182.994	183.221	182.572	164.929	
155.212	171.233	176.662	179.635	181.753	183.507	183.643	165.306	182.413	
155.212	171.778	176.966	179.863	181.954	165.277	183.331	183.769	183.741	
155.212	171.778	176.966	180.078	180.301	184.1	167.229	184.248	184.274	
155.212	171.778	176.966	180.078	180.689	184.301	166.169	184.67	184.681	
155.212	171.778	176.966	180.078	180.689	185.376	183.756	167.091	185.644	
155.212	171.778	177.28	180.15	181.184	185.676	185.837	169.17	185.926	
155.212	171.778	177.28	180.15	181.184	186.693	186.814	170.076	186.893	
155.212	171.778	177.28	180.15	179.912	187.468	187.641	170.81	187.701	
155.212	171.778	177.28	180.15	179.912	188.313	188.615	187.577	169.817	
155.212	171.778	177.571	180.207	181.502	188.336	188.557	169.755	186.948	
155.212	172.359	177.841	180.544	182.798	188.164	188.359	187.332	169.536	
155.212	172.359	178.385	181.05	183.82	187.657	170.441	187.751	187.741	
155.212	172.359	178.385	181.05	184.212	188.395	169.794	188.665	188.625	
156.927	172.963	178.658	181.382	184.654	188.018	188.138	188.174	171.249	
156.927	172.963	178.658	181.715	185.041	169.382	187.331	188.376	188.374	
156.927	172.963	178.968	182.059	183.496	187.775	169.643	188.517	188.488	
156.927	172.963	179.296	182.393	184.369	187.91	188.103	170.64	188.142	
156.927	172.963	179.629	182.822	185.104	170.534	188.11	188.23	188.234	
156.927	172.963	179.629	183.056	183.661	188.836	188.937	170.101	188.987	
156.927	172.963	179.629	183.056	183.661	188.621	170.094	189.006	188.975	
156.927	172.963	179.629	183.123	184.187	188.589	187.194	169.932	188.813	
156.927	173.631	179.985	183.245	185.008	188.527	188.723	188.763	171.76	
156.927	173.631	179.985	183.245	185.008	188.964	189.205	170.649	189.214	
156.927	174.268	180.633	183.647	185.808	188.529	188.961	188.211	170.158	
156.927	174.268	181.236	184.109	186.365	188.666	171.902	188.942	188.957	
156.927	174.268	181.236	184.109	186.365	188.09	170.78	189.81	189.83	
156.927	174.966	181.529	184.35	186.818	189.018	189.188	189.256	170.336	
156.927	174.966	181.529	184.603	187.04	188.759	188.979	189.024	171.979	
156.927	175.624	181.843	184.862	187.275	188.766	188.948	189.021	168.82	
158.797	176.248	182.151	185.119	185.67	188.663	189.018	170.154	189.065	
158.797	176.248	182.151	185.119	185.67	188.834	174.223	189.065	189.047	
158.797	176.248	182.151	185.119	185.932	174.274	188.631	188.935	188.888	
158.797	176.248	182.151	185.183	185.347	188.476	188.827	175.998	188.81	
158.797	176.248	182.36	185.202	185.574	188.451	188.741	188.575	176.396	
158.797	176.248	182.36	185.202	185.927	176.67	188.127	188.573	188.567	
158.797	176.248	182.531	185.252	185.389	188.108	177.614	188.236	188.601	
158.797	176.248	182.686	185.266	185.553	188.042	188.364	188.422	178.346	
158.797	176.248	182.826	185.287	185.698	188.094	188.414	178.609	188.4	
158.797	176.248	182.826	185.287	185.698	188.101	178.985	188.367	188.367	
158.797	176.562	182.946	185.314	185.823	187.845	188.215	179.599	188.235	
158.797	176.562	182.946	185.314	185.921	188.039	188.234	188.165	179.63	
158.797	176.562	182.946	185.314	186.02	188.063	180.032	188.347	188.346	
158.797	176.562	182.946	185.314	186.02	188.196	180.391	188.104	188.411	
158.797	176.562	182.946	185.314	186.02	188.235	188.429	187.97	180.694	
158.797	176.82	183.044	185.349	186.119	188.106	180.951	187.315	188.467	
159.501	177.064	183.137	185.385	186.207	187.936	188.163	180.954	188.188	
160.156	177.291	183.223	185.422	186.281	187.673	187.548	180.954	187.913	
160.156	177.51	183.306	185.459	186.342	187.676	181.259	187.874	187.851	
160.768	177.715	183.385	185.496	186.399	187.608	181.098	187.518	187.708	
161.35	177.91	183.459	185.533	186.448	180.957	187.308	187.561	187.536	
161.35	177.91	183.459	185.565	186.482	187.385	181.304	186.754	187.603	
161.897	178.094	183.531	185.601	186.543	187.265	181.277	187.436	187.408	
161.897	178.094	183.598	185.634	186.571	187.169	187.453	181.405	187.46	
161.897	178.268	183.664	185.669	186.598	187.314	187.472	181.826	187.479	
161.897	178.268	183.664	185.7	186.648	187.326	187.584	182.027	187.588	
161.897	178.268	183.664	185.73	186.698	187.427	187.652	182.254	187.637	
161.897	178.268	183.664	185.73	186.698	187.569	182.302	187.058	187.789	
162.369	178.424	183.726	185.792	186.753	187.417	182.265	186.962	187.677	
162.823	178.574	183.786	185.823	186.779	187.361	187.51	182.333	187.575	
162.823	178.574	183.843	185.853	186.819	187.312	187.551	182.486	187.619	
162.823	178.574	183.899	185.91	186.857	187.433	187.569	187.597	182.656	
162.823	178.574	183.899	185.91	186.857	187.47	187.657	182.864	187.677	
162.823	178.713	183.953	185.938	186.875	187.537	187.659	187.571	182.803	
162.823	178.713	184.004	185.965	186.774	187.483	187.511	182.999	187.772	
162.823	178.847	184.055	185.99	186.798	187.562	183.045	187.659	187.763	
162.823	178.847	184.055	185.99	186.798	187.578	183.182	187.742	187.86	
162.823	178.847	184.055	185.99	186.798	187.387	187.96	188.034	183.578	
162.823	178.847	184.102	186.012	186.826	187.71	187.987	187.992	183.519	
162.823	178.847	184.102	186.033	186.875	183.499	188.047	188.089	188.077	
162.823	178.847	184.102	186.033	186.798	187.828	184.003	188.297	188.301	
162.823	178.847	184.102	186.051	186.829	188.038	188.346	183.976	188.36	
162.823	178.966	184.148	186.072	186.862	188.031	188.385	184.273	188.416	
162.823	178.966	184.148	186.072	186.919	188.22	188.485	184.361	188.51	
163.174	179.079	184.191	186.094	186.954	188.196	188.415	184.412	188.457	
163.174	179.079	184.191	186.094	186.983	188.322	188.551	188.515	184.489	
163.174	179.187	184.233	186.137	187.049	188.338	188.569	188.592	184.595	
163.174	179.187	184.274	186.179	187.111	188.143	184.675	188.658	188.651	
163.174	179.293	184.315	186.202	187.138	188.351	188.667	188.723	184.889	
163.174	179.293	184.315	186.202	187.138	188.507	188.734	184.943	188.244	
163.5	179.395	184.354	186.224	187.197	188.41	188.673	188.716	184.811	
163.5	179.494	184.393	186.246	187.227	188.444	188.705	188.748	185.023	
163.5	179.494	184.393	186.287	187.281	188.555	188.702	185.097	188.774	
163.5	179.494	184.393	186.287	187.281	188.614	188.859	185.27	188.856	
163.805	179.588	184.43	186.31	187.339	188.538	188.796	188.825	185.186	
163.805	179.588	184.467	186.331	187.391	188.637	185.264	188.855	188.835	
163.805	179.588	184.467	186.331	187.391	188.393	188.967	185.515	189.049	
163.805	179.678	184.502	186.354	187.42	188.66	188.937	185.493	188.975	
164.095	179.767	184.537	186.376	187.448	188.695	188.704	185.446	188.856	
164.095	179.853	184.572	186.398	187.475	188.682	188.797	185.506	188.903	
164.095	179.853	184.605	186.42	187.501	188.717	188.939	188.909	185.563	
164.095	179.853	184.605	186.42	187.525	188.757	188.969	185.655	188.994	
164.37	179.937	184.67	186.463	187.577	188.724	188.892	185.638	188.906	
164.37	179.937	184.67	186.463	187.577	188.808	188.977	185.757	188.971	
164.37	179.937	184.67	186.484	187.601	188.891	189.042	185.882	189.023	
164.37	179.937	184.67	186.484	187.624	188.859	185.901	189.107	189.121	
164.37	179.937	184.67	186.484	187.646	185.813	189.082	189.151	189.119	
164.37	179.937	184.67	186.484	187.646	188.881	189.173	186.117	189.23	
164.626	180.015	184.702	186.525	187.695	188.937	189.111	189.146	186.071	
164.626	180.015	184.702	186.525	187.695	188.944	189.193	189.229	185.793	
164.875	180.091	184.732	186.547	187.719	188.937	186.139	189.167	189.144	
164.875	180.091	184.762	186.567	187.742	185.965	189.204	189.236	189.213	
164.875	180.091	184.762	186.567	187.742	189.031	186.29	189.305	189.29	
164.875	180.091	184.762	186.567	187.763	189.117	189.19	186.398	189.35	
164.875	180.236	184.82	186.609	187.813	189.166	189.315	186.39	189.292	
164.875	180.236	184.82	186.609	187.813	189.129	186.486	189.426	189.405	
164.875	180.236	184.82	186.629	187.835	189.266	189.437	186.582	189.374	
164.875	180.236	184.848	186.649	187.86	189.289	189.492	186.648	189.471	
164.875	180.306	184.876	186.669	187.886	189.298	186.648	189.495	189.5	
164.875	180.306	184.876	186.669	187.908	189.264	186.771	189.588	189.591	
164.875	180.373	184.903	186.69	187.933	189.367	189.562	186.806	189.564	
164.875	180.373	184.903	186.69	187.955	189.428	186.865	189.61	189.581	
164.875	180.373	184.903	186.69	187.978	189.372	189.68	186.966	189.696	
164.875	180.373	184.929	186.71	188.002	189.407	189.702	186.723	189.758	
165.096	180.438	184.955	186.75	188.048	189.485	189.66	189.688	187.003	
165.096	180.438	184.955	186.75	188.048	189.566	189.72	189.745	187.053	
165.311	180.502	184.982	186.77	188.073	189.544	189.684	187.062	189.67	
165.311	180.502	184.982	186.77	188.073	189.64	189.745	189.75	187.109	
165.311	180.502	184.982	186.77	188.096	189.692	189.788	187.204	189.779	
165.311	180.502	184.982	186.77	188.119	189.676	189.851	187.273	189.704	
165.311	180.563	185.007	186.791	188.144	189.697	189.851	187.295	189.845	
165.311	180.563	185.031	186.811	188.168	189.702	189.868	187.307	189.863	
165.311	180.563	185.056	186.83	188.213	189.723	187.389	189.909	189.878	
165.311	180.563	185.056	186.83	188.213	189.802	187.419	189.957	189.928	
165.512	180.622	185.08	186.851	188.237	189.716	187.407	189.913	189.902	
165.512	180.622	185.08	186.851	188.237	189.744	189.951	189.944	187.461	
165.512	180.622	185.08	186.869	188.26	189.807	189.966	187.514	189.939	
165.512	180.622	185.08	186.869	188.26	189.841	189.991	187.59	189.984	
165.512	180.622	185.103	186.889	188.283	189.817	189.982	187.633	190.046	
165.512	180.622	185.103	186.907	188.304	189.838	190.057	187.675	190.077	
165.512	180.622	185.103	186.907	188.304	189.932	190.102	190.123	187.7	
165.512	180.622	185.103	186.907	188.304	190.028	187.773	190.137	190.104	
165.512	180.622	185.103	186.907	188.304	189.974	187.82	190.143	190.185	
165.512	180.622	185.126	186.926	188.328	189.979	190.207	187.796	190.218	
165.512	180.678	185.149	186.945	188.351	189.418	190.357	190.442	188.159	
165.512	180.678	185.171	186.963	188.346	189.493	188.063	190.466	190.492	
165.695	180.733	185.194	186.982	188.368	189.914	190.242	190.279	187.956	
165.695	180.733	185.194	187	188.388	190.093	187.967	190.272	190.252	
165.695	180.733	185.194	187	188.388	189.372	190.361	188.315	190.627	
165.695	180.839	185.238	187.036	188.423	189.934	187.976	190.38	190.379	
165.874	180.943	185.282	187.073	188.465	190.092	190.242	188.03	190.253	
165.874	180.943	185.282	187.073	188.465	189.996	190.343	187.887	190.36	
166.05	180.993	185.304	187.091	188.506	190.12	190.274	188.089	190.268	
166.05	181.043	185.325	187.109	188.527	190.139	190.311	190.343	188.08	
166.05	181.043	185.367	187.144	188.569	190.157	190.313	188.175	190.344	
166.05	181.043	185.367	187.162	188.608	190.24	190.368	188.216	190.357	
166.05	181.043	185.367	187.162	188.608	190.2	188.266	190.426	190.447	
166.05	181.043	185.367	187.179	188.628	190.307	190.458	188.361	190.467	
166.05	181.043	185.388	187.196	188.649	190.35	190.509	188.422	190.507	
166.217	181.092	185.409	187.214	188.671	190.263	190.509	190.549	188.173	
166.383	181.188	185.45	187.25	188.713	188.219	190.415	190.458	190.44	
166.383	181.188	185.45	187.25	188.713	190.023	190.564	190.65	188.523	
166.383	181.188	185.47	187.267	188.73	190.329	188.473	190.568	190.579	
166.544	181.235	185.491	187.285	188.749	190.328	190.541	190.571	188.476	
166.544	181.235	185.491	187.285	188.749	190.453	190.494	188.544	190.576	
166.544	181.281	185.511	187.319	188.79	190.355	188.567	190.563	190.659	
166.544	181.372	185.551	187.354	188.829	190.436	188.553	190.368	190.613	
166.702	181.417	185.571	187.371	188.849	190.409	190.594	188.586	190.599	
166.702	181.417	185.571	187.371	188.849	190.354	190.679	188.685	190.685	
166.702	181.417	185.571	187.371	188.849	190.422	188.7	190.701	190.757	
166.702	181.46	185.61	187.405	188.886	190.481	188.714	190.726	190.734	
166.702	181.46	185.629	187.422	188.922	190.414	188.804	190.81	190.799	
166.702	181.46	185.629	187.422	188.922	190.57	190.799	190.585	188.843	
166.855	181.504	185.667	187.456	188.961	190.6	190.749	190.687	188.803	
166.855	181.589	185.705	187.49	188.999	190.533	190.757	190.799	188.839	
166.855	181.589	185.705	187.49	188.999	190.665	190.808	188.879	190.795	
166.855	181.589	185.705	187.506	189.018	190.733	190.83	188.919	190.733	
166.855	181.631	185.724	187.523	189.055	190.726	190.852	188.958	190.869	
167.003	181.672	185.742	187.54	189.074	190.723	188.924	190.866	190.855	
167.003	181.672	185.742	187.54	189.074	190.657	190.906	190.955	189.021	
167.149	181.713	185.779	187.573	189.111	190.786	190.861	190.882	188.959	
167.149	181.753	185.797	187.59	189.148	190.818	190.798	189.017	190.864	
167.149	181.793	185.834	187.623	189.185	190.774	190.894	190.921	189.036	
167.149	181.793	185.834	187.623	189.202	190.822	190.936	189.088	190.914	
167.149	181.793	185.851	187.64	189.236	190.83	190.956	189.135	190.95	
167.149	181.793	185.851	187.64	189.236	190.803	191.026	191.008	189.187	
167.149	181.793	185.869	187.656	189.253	188.27	191.203	191.325	191.342	
167.149	181.793	185.869	187.672	189.245	190.304	189.408	191.318	191.321	
167.149	181.793	185.869	187.688	189.259	190.772	189.309	191.203	191.178	
167.149	181.793	185.887	187.704	189.275	190.86	191.186	190.995	189.393	
167.287	181.832	185.905	187.72	189.293	190.908	189.355	191.191	191.172	
167.287	181.832	185.922	187.736	189.309	190.828	189.427	191.25	191.262	
167.287	181.832	185.922	187.736	189.324	190.951	189.462	191.201	191.273	
167.287	181.87	185.94	187.752	189.357	190.993	191.265	191.298	189.5	
167.287	181.87	185.94	187.752	189.373	191.11	191.305	191.287	189.514	
167.287	181.87	185.94	187.768	189.391	191.171	191.321	191.348	189.56	
167.287	181.908	185.957	187.784	189.41	191.209	191.342	189.603	191.311	
167.287	181.945	185.974	187.8	189.428	191.219	189.608	191.162	191.349	
167.421	181.982	185.991	187.817	189.447	191.12	189.623	191.367	191.379	
167.553	182.018	186.009	187.848	189.481	191.135	189.589	191.35	191.357	
167.553	182.018	186.009	187.848	189.496	191.142	191.388	191.418	189.474	
167.683	182.054	186.043	187.88	189.53	191.12	189.654	191.405	191.382	
167.683	182.09	186.06	187.896	189.547	191.163	191.376	191.419	189.693	
167.683	182.126	186.077	187.912	189.564	191.262	191.397	189.721	191.383	
167.683	182.126	186.077	187.912	189.564	191.302	189.553	191.465	191.435	
167.811	182.161	186.093	187.928	189.581	191.254	191.443	189.788	191.45	
167.811	182.161	186.11	187.944	189.598	191.239	191.48	189.84	191.503	
167.811	182.161	186.126	187.959	189.615	191.31	191.515	189.799	191.509	
167.811	182.195	186.143	187.975	189.632	191.332	191.524	189.861	191.542	
167.811	182.195	186.159	187.991	189.664	191.386	191.547	189.918	191.513	
167.811	182.195	186.175	188.021	189.697	191.447	191.562	189.935	191.483	
167.811	182.23	186.191	188.037	189.729	191.407	191.385	189.98	191.603	
168.057	182.298	186.224	188.068	189.762	191.405	189.873	191.336	191.503	
168.178	182.331	186.24	188.099	189.793	191.369	189.87	191.522	191.496	
168.178	182.331	186.24	188.114	189.807	191.389	191.536	191.56	189.901	
168.298	182.364	186.257	188.13	189.823	191.359	189.903	191.553	191.534	
168.298	182.364	186.257	188.144	189.837	191.362	191.569	191.598	189.779	
168.416	182.397	186.273	188.175	189.866	191.406	191.537	189.964	191.548	
168.416	182.397	186.273	188.189	189.881	191.429	191.571	189.948	191.591	
168.416	182.43	186.29	188.205	189.896	191.473	191.602	191.619	190.007	
168.416	182.43	186.29	188.205	189.91	191.444	190.053	191.684	191.674	
168.416	182.43	186.306	188.22	189.924	191.478	191.643	190.131	191.669	
168.416	182.43	186.322	188.234	189.938	191.511	191.707	191.735	189.962	
168.53	182.462	186.338	188.25	189.953	191.512	191.65	190.159	191.702	
168.53	182.462	186.37	188.279	189.982	191.469	190.158	191.76	191.755	
168.53	182.493	186.386	188.294	189.996	191.501	191.728	190.22	191.751	
168.53	182.493	186.401	188.309	190.023	191.555	191.743	190.239	191.769	
168.53	182.493	186.401	188.309	190.049	191.601	191.792	190.28	191.783	
168.53	182.525	186.417	188.324	190.064	191.651	191.802	191.828	190.275	
168.53	182.525	186.417	188.324	190.064	191.667	190.303	191.876	191.861	
168.53	182.525	186.417	188.324	190.064	191.631	191.892	190.417	191.935	
168.53	182.556	186.433	188.339	190.078	191.693	191.901	190.429	191.882	
168.53	182.556	186.448	188.354	190.093	191.719	190.41	191.966	191.945	
168.53	182.586	186.464	188.383	190.121	191.727	191.947	191.805	190.468	
168.641	182.647	186.495	188.413	190.151	191.776	191.894	190.445	191.916	
168.641	182.647	186.51	188.427	190.165	191.793	190.436	191.973	191.956	
168.641	182.647	186.51	188.427	190.178	191.754	190.488	192.033	192.029	
168.641	182.647	186.51	188.441	190.191	191.759	192.024	192.079	190.584	
168.641	182.647	186.51	188.441	190.191	191.874	192.056	192.062	190.585	
168.641	182.647	186.51	188.455	190.205	191.957	192.075	192.108	190.615	
168.641	182.647	186.51	188.455	190.205	192.011	192.118	192.14	190.651	
168.641	182.677	186.525	188.47	190.221	192.063	192.133	190.685	192.112	
168.641	182.677	186.525	188.47	190.221	192.059	192.16	192.201	190.733	
168.641	182.677	186.525	188.47	190.236	192.05	192.128	190.794	192.233	
168.641	182.706	186.541	188.498	190.266	192.073	192.22	190.631	192.21	
168.746	182.735	186.556	188.512	190.282	192.027	192.192	190.803	192.238	
168.746	182.735	186.556	188.512	190.282	192.077	192.239	192.262	190.819	
168.746	182.735	186.556	188.526	190.311	192.13	192.255	190.861	192.266	
168.85	182.764	186.571	188.541	190.326	192.096	192.244	190.861	192.274	
168.85	182.764	186.571	188.541	190.34	192.074	192.252	190.919	192.332	
168.953	182.792	186.601	188.569	190.369	192.149	192.271	190.871	192.244	
168.953	182.792	186.601	188.569	190.383	192.116	190.878	192.272	192.333	
168.953	182.82	186.616	188.597	190.411	192.117	192.312	190.957	192.333	
168.953	182.82	186.63	188.611	190.425	192.123	192.331	192.385	190.918	
168.953	182.848	186.645	188.626	190.439	192.202	192.358	190.983	192.347	
168.953	182.848	186.645	188.626	190.439	192.257	192.389	192.412	190.818	
169.054	182.903	186.675	188.654	190.469	190.831	192.269	192.383	192.372	
169.054	182.93	186.69	188.669	190.474	191.582	192.542	192.625	191.251	
169.054	182.93	186.69	188.682	190.484	191.905	192.476	191.172	192.545	
169.054	182.93	186.69	188.695	190.496	192.095	191.106	192.527	192.516	
169.054	182.93	186.69	188.695	190.496	192.15	192.52	191.026	192.54	
169.152	182.957	186.704	188.709	190.509	192.223	191.114	192.511	192.507	
169.152	182.957	186.719	188.723	190.523	192.246	192.499	191.124	192.53	
169.25	183.01	186.748	188.75	190.551	192.287	192.299	191.141	192.478	
169.347	183.037	186.763	188.764	190.578	192.308	192.452	191.128	192.426	
169.443	183.063	186.777	188.791	190.605	192.343	192.413	191.107	192.42	
169.443	183.063	186.777	188.791	190.605	192.341	192.465	191.152	192.317	
169.538	183.089	186.792	188.805	190.619	192.351	191.107	192.492	192.464	
169.538	183.089	186.792	188.818	190.631	192.341	191.148	192.526	192.51	
169.538	183.089	186.806	188.831	190.645	192.367	192.521	192.55	191.128	
169.538	183.115	186.821	188.845	190.658	192.422	192.535	192.554	191.202	
169.538	183.115	186.821	188.845	190.658	192.448	192.558	191.261	192.57	
169.538	183.115	186.821	188.845	190.671	192.472	192.607	191.308	192.523	
169.538	183.14	186.835	188.859	190.685	192.507	192.614	191.329	192.589	
169.538	183.14	186.835	188.859	190.698	192.479	192.624	192.682	191.216	
169.631	183.166	186.863	188.885	190.726	192.522	192.605	191.332	192.619	
169.722	183.191	186.877	188.899	190.74	192.545	192.61	192.597	191.268	
169.722	183.191	186.877	188.912	190.753	192.561	192.623	191.197	192.608	
169.813	183.216	186.891	188.925	190.767	192.552	191.311	192.624	192.616	
169.813	183.216	186.891	188.925	190.779	192.546	191.324	192.678	192.63	
169.813	183.24	186.905	188.939	190.793	192.524	192.664	191.414	192.681	
169.813	183.24	186.905	188.952	190.817	192.55	191.405	192.573	192.702	
169.902	183.289	186.933	188.978	190.843	192.543	191.4	192.69	192.641	
169.991	183.314	186.947	188.992	190.856	192.532	191.369	192.642	192.655	
169.991	183.314	186.975	189.018	190.881	192.52	191.38	192.693	192.661	
169.991	183.314	186.975	189.031	190.904	192.512	192.686	191.459	192.704	
169.991	183.314	186.975	189.031	190.904	192.559	192.721	191.487	192.724	
169.991	183.314	186.989	189.044	190.916	192.58	192.735	191.51	192.75	
170.078	183.338	187.002	189.057	190.929	192.563	192.716	191.493	192.76	
170.078	183.338	187.002	189.069	190.94	192.602	191.464	192.786	192.772	
170.078	183.338	187.016	189.082	190.952	192.594	192.781	192.823	191.564	
170.078	183.338	187.016	189.082	190.952	192.595	191.57	192.845	192.823	
170.078	183.361	187.03	189.095	190.965	192.603	191.609	192.87	192.863	
170.078	183.361	187.03	189.095	190.976	192.589	192.865	192.923	191.687	
170.078	183.385	187.043	189.108	190.988	192.665	191.641	192.921	192.903	
170.078	183.385	187.043	189.108	190.988	192.696	192.928	192.952	191.687	
170.078	183.385	187.043	189.108	190.988	192.777	192.944	191.74	192.928	
170.162	183.408	187.057	189.121	191.001	192.817	191.668	192.945	192.906	
170.162	183.408	187.07	189.146	191.026	192.802	191.726	192.955	192.934	
170.162	183.408	187.07	189.146	191.038	192.817	191.699	193	192.967	
170.246	183.455	187.097	189.172	191.063	192.807	192.945	192.912	191.719	
170.246	183.478	187.111	189.185	191.076	192.836	192.947	191.771	192.948	
170.246	183.478	187.111	189.185	191.076	192.847	192.974	191.807	192.982	
170.328	183.5	187.124	189.198	191.1	191.682	192.91	192.984	192.95	
170.328	183.523	187.137	189.211	191.11	191.953	193.249	192.132	193.313	
170.328	183.546	187.151	189.223	191.118	192.223	193.21	193.207	192.018	
170.41	183.568	187.177	189.249	191.135	192.455	193.119	193.143	191.778	
170.491	183.59	187.19	189.261	191.145	192.564	193.038	191.902	193.087	
170.491	183.613	187.203	189.274	191.165	192.669	193.032	191.888	193.051	
170.491	183.613	187.203	189.274	191.165	192.716	191.841	193.1	193.084	
170.572	183.635	187.216	189.298	191.186	192.715	193.025	193.07	191.887	
170.572	183.635	187.216	189.298	191.186	192.779	193.055	191.912	193.061	
170.572	183.635	187.216	189.298	191.196	192.822	193.092	193.115	191.885	
170.572	183.635	187.216	189.31	191.207	192.893	193.114	191.948	193.063	
170.572	183.635	187.216	189.31	191.218	192.911	193.09	191.981	193.134	
170.572	183.657	187.229	189.323	191.24	192.934	191.955	193.153	193.125	
170.572	183.657	187.229	189.323	191.251	192.95	193.014	192.021	193.15	
170.65	183.678	187.242	189.335	191.263	192.972	191.965	193.161	193.112	
170.65	183.678	187.255	189.347	191.285	192.967	193.13	192.03	193.157	
170.65	183.678	187.255	189.359	191.296	192.987	193.171	192.058	193.178	
170.65	183.678	187.255	189.359	191.296	193.003	192.05	193.245	193.218	
170.65	183.678	187.268	189.372	191.307	193.019	192.088	193.246	193.222	
170.65	183.678	187.268	189.372	191.318	193.027	193.23	192.143	193.251	
170.65	183.678	187.293	189.396	191.34	193.051	193.274	193.29	192.087	
170.65	183.678	187.293	189.408	191.351	193.051	193.273	193.302	192.168	
170.65	183.678	187.306	189.432	191.373	193.086	193.285	192.189	193.303	
170.727	183.699	187.319	189.444	191.385	193.109	193.276	192.171	193.276	
170.727	183.699	187.319	189.444	191.385	193.134	193.317	192.203	193.234	
170.727	183.742	187.344	189.468	191.408	193.144	192.144	193.286	193.316	
170.727	183.742	187.357	189.48	191.42	193.146	193.308	192.223	193.324	
170.727	183.742	187.357	189.48	191.42	193.155	193.347	192.245	193.352	
170.802	183.763	187.37	189.504	191.442	193.184	193.316	193.361	192.222	
170.802	183.763	187.37	189.516	191.453	193.215	193.371	192.266	193.318	
170.802	183.763	187.37	189.527	191.464	193.207	193.342	193.405	192.295	
170.802	183.763	187.37	189.527	191.464	193.248	193.408	192.32	193.377	
170.876	183.784	187.382	189.539	191.487	193.262	193.373	192.303	193.38	
170.876	183.784	187.395	189.551	191.498	193.268	193.344	192.325	193.395	
170.876	183.804	187.42	189.575	191.521	193.272	193.38	192.198	193.412	
170.95	183.825	187.433	189.587	191.532	193.279	193.382	192.316	193.385	
170.95	183.845	187.445	189.598	191.544	193.288	193.363	192.328	193.405	
170.95	183.845	187.445	189.621	191.565	193.297	193.405	192.33	193.42	
170.95	183.845	187.445	189.632	191.576	193.312	193.43	192.372	193.383	
171.022	183.886	187.471	189.656	191.598	193.33	193.423	193.428	192.287	
171.022	183.906	187.483	189.668	191.609	193.344	193.405	192.353	193.406	
171.022	183.906	187.483	189.668	191.609	193.342	193.436	193.473	192.367	
171.094	183.926	187.496	189.68	191.62	193.332	193.417	193.46	192.361	
171.094	183.926	187.496	189.691	191.631	193.333	193.42	192.41	193.48	
171.094	183.926	187.496	189.702	191.641	193.335	193.464	192.441	193.503	
171.094	183.946	187.508	189.713	191.652	193.348	193.495	193.525	192.422	
171.094	183.946	187.508	189.713	191.652	193.367	193.519	193.548	192.453	
171.094	183.946	187.508	189.713	191.652	193.387	193.538	192.515	193.55	
171.094	183.946	187.508	189.713	191.652	193.399	193.568	193.57	192.516	
171.094	183.946	187.521	189.736	191.673	193.409	193.514	192.548	193.601	
171.094	183.966	187.533	189.747	191.694	193.428	193.576	192.548	193.587	
171.094	183.966	187.533	189.747	191.704	193.445	193.606	192.587	193.602	
171.094	183.966	187.545	189.758	191.714	193.444	193.598	192.601	193.652	
171.094	183.966	187.545	189.769	191.735	193.462	193.641	192.629	193.645	
171.094	183.985	187.558	189.781	191.745	193.457	192.585	193.636	193.678	
171.094	184.005	187.57	189.792	191.766	193.465	193.65	192.648	193.674	
171.094	184.005	187.582	189.804	191.776	193.496	193.668	193.697	192.516	
171.164	184.024	187.595	189.815	191.796	193.526	193.553	192.636	193.617	
171.233	184.043	187.607	189.827	191.807	193.522	192.576	193.634	193.662	
171.233	184.043	187.619	189.838	191.817	193.516	193.659	193.69	192.62	
171.233	184.043	187.619	189.838	191.817	193.534	192.632	193.711	193.69	
171.233	184.063	187.631	189.86	191.838	193.51	193.672	193.726	192.578	
171.301	184.082	187.644	189.872	191.848	193.54	192.669	193.704	193.664	
171.369	184.101	187.656	189.883	191.858	193.523	193.646	192.683	193.709	
171.369	184.101	187.656	189.894	191.868	193.535	193.697	193.728	192.678	
171.369	184.101	187.668	189.905	191.878	193.513	193.704	193.752	192.733	
171.369	184.101	187.68	189.916	191.888	193.538	193.705	192.748	193.745	
171.369	184.101	187.692	189.937	191.907	193.559	193.71	192.757	193.745	
171.369	184.101	187.704	189.948	191.917	193.574	193.756	193.736	192.746	
171.369	184.12	187.716	189.959	191.927	193.597	193.76	193.789	192.751	
171.369	184.12	187.728	189.97	191.937	193.624	193.773	192.791	193.767	
171.369	184.12	187.728	189.97	191.937	193.63	193.797	192.796	193.8	
171.435	184.139	187.752	189.992	191.957	193.65	193.806	192.794	193.737	
171.435	184.139	187.752	189.992	191.957	193.672	193.821	192.817	193.765	
171.435	184.139	187.752	189.992	191.957	193.696	192.834	193.813	193.783	
171.435	184.139	187.763	190.003	191.967	193.677	193.802	192.861	193.859	
171.435	184.139	187.763	190.013	191.986	193.69	193.845	193.879	192.857	
171.435	184.139	187.763	190.013	191.995	193.715	193.871	193.782	192.868	
171.501	184.157	187.775	190.024	192.005	193.738	193.871	193.876	192.788	
171.501	184.176	187.787	190.035	192.024	193.765	192.895	193.879	193.807	
171.501	184.176	187.799	190.046	192.034	193.745	192.853	193.784	193.898	
171.565	184.194	187.811	190.057	192.044	193.738	193.858	192.903	193.862	
171.565	184.194	187.822	190.068	192.054	193.758	193.903	193.906	192.844	
171.565	184.194	187.822	190.078	192.064	193.764	193.864	193.915	192.929	
171.565	184.194	187.834	190.089	192.073	193.76	193.885	192.957	193.926	
171.565	184.213	187.845	190.1	192.083	193.775	193.938	192.963	193.873	
171.565	184.213	187.845	190.1	192.083	193.787	193.938	193.962	192.956	
171.565	184.213	187.845	190.1	192.083	193.81	193.959	193.966	192.972	
171.565	184.213	187.845	190.12	192.102	193.812	193.943	192.994	193.991	
171.565	184.213	187.857	190.131	192.112	193.826	192.996	194.008	193.978	
171.565	184.213	187.857	190.141	192.121	193.834	194.028	193.065	193.964	
171.565	184.213	187.869	190.151	192.131	193.852	194.043	193.082	193.972	
171.565	184.213	187.88	190.162	192.14	193.867	194.027	193.063	194.013	
171.565	184.213	187.892	190.172	192.15	193.882	194.035	194.063	193.024	
171.565	184.231	187.915	190.193	192.169	193.918	193.091	194.052	193.972	
171.565	184.231	187.915	190.193	192.187	193.913	193.08	194.041	194.037	
171.565	184.231	187.926	190.203	192.197	193.915	194.054	193.015	194.051	
171.628	184.268	187.949	190.225	192.216	193.93	194.017	193.098	194.018	
171.628	184.268	187.949	190.235	192.226	193.939	194.027	193.119	193.932	
171.69	184.286	187.961	190.245	192.235	193.945	194.03	193.1	194.018	
171.69	184.286	187.961	190.245	192.235	193.95	194.053	193.086	194.043	
171.69	184.304	187.972	190.256	192.245	193.958	194.059	193.135	194.052	
171.69	184.304	187.972	190.266	192.254	193.966	193.134	194.084	194.061	
171.69	184.304	187.972	190.276	192.263	193.964	194.119	194.121	193.121	
171.69	184.304	187.984	190.286	192.272	193.965	194.037	193.194	194.129	
171.69	184.322	187.995	190.306	192.291	193.977	193.164	194.127	194.105	
171.69	184.34	188.007	190.316	192.3	193.982	194.11	194.112	193.172	
171.69	184.357	188.029	190.337	192.319	194.003	194.103	193.196	194.062	
171.69	184.357	188.041	190.347	192.336	194.014	194.077	193.206	194.11	
171.69	184.357	188.052	190.367	192.354	194.023	194.122	193.217	194.103	
171.69	184.357	188.052	190.377	192.363	194.017	194.114	194.164	193.23	
171.69	184.375	188.063	190.387	192.372	194.018	194.122	193.14	194.164	
171.75	184.41	188.086	190.407	192.39	194.031	194.113	193.212	194.101	
171.75	184.41	188.086	190.407	192.39	194.023	194.106	193.241	194.058	
171.811	184.428	188.097	190.427	192.407	194.019	194.093	194.039	193.223	
171.93	184.463	188.12	190.448	192.425	194.034	193.106	194.089	194.062	
171.93	184.498	188.143	190.468	192.443	194.001	194.028	194.098	193.143	
171.93	184.515	188.154	190.478	192.451	194.01	194.072	194.088	193.155	
171.93	184.515	188.154	190.487	192.467	194.009	193.156	194.121	194.112	
171.93	184.515	188.154	190.487	192.467	193.991	194.096	193.234	194.043	
172.048	184.549	188.177	190.508	192.484	194.002	193.195	194.086	194.027	
172.048	184.549	188.177	190.517	192.492	193.988	194.085	193.191	194.1	
172.048	184.549	188.199	190.537	192.508	193.999	194.122	194.124	193.119	
172.048	184.567	188.21	190.547	192.516	194.002	194.077	194.128	193.211	
172.048	184.567	188.21	190.556	192.523	194.015	194.12	193.241	194.115	
172.106	184.584	188.221	190.566	192.532	194.023	194.108	193.228	194.096	
172.164	184.601	188.233	190.576	192.54	194.028	194.089	193.226	194.093	
172.164	184.601	188.233	190.576	192.547	194.033	194.086	193.247	194.111	
172.164	184.617	188.255	190.595	192.563	194.021	194.081	193.246	194.148	
172.164	184.617	188.266	190.605	192.571	194.029	194.128	194.155	193.23	
172.164	184.617	188.266	190.605	192.578	194.049	194.141	194.069	193.248	
172.222	184.634	188.288	190.624	192.593	194.064	194.115	193.228	194.11	
172.222	184.634	188.299	190.643	192.609	194.073	194.151	193.261	194.081	
172.222	184.634	188.309	190.653	192.616	194.057	193.219	194.066	194.165	
172.278	184.651	188.32	190.662	192.624	194.048	194.125	193.234	194.132	
172.278	184.685	188.342	190.682	192.639	194.054	194.12	194.15	193.239	
172.278	184.685	188.342	190.682	192.639	194.071	194.179	194.128	193.213	
172.278	184.701	188.353	190.691	192.654	194.087	194.147	193.244	194.131	
172.278	184.718	188.364	190.701	192.668	194.092	194.14	194.171	193.264	
172.278	184.718	188.364	190.701	192.668	194.109	194.207	193.318	194.105	
172.278	184.718	188.364	190.71	192.676	194.105	194.151	193.32	194.207	
172.278	184.718	188.364	190.719	192.683	194.109	194.201	193.357	194.189	
172.334	184.735	188.375	190.729	192.69	194.117	193.313	194.186	194.177	
172.39	184.751	188.397	190.748	192.705	194.123	193.329	194.191	194.11	
172.39	184.751	188.397	190.748	192.705	194.116	194.16	193.341	194.18	
172.39	184.751	188.407	190.757	192.712	194.108	194.168	193.359	194.233	
172.39	184.751	188.418	190.766	192.72	194.114	194.214	193.368	194.209	
172.39	184.751	188.418	190.766	192.726	194.124	193.358	194.259	194.237	
172.39	184.751	188.418	190.766	192.726	194.13	194.283	193.325	194.218	
172.445	184.767	188.439	190.785	192.741	194.141	194.23	193.397	194.219	
172.445	184.767	188.45	190.794	192.748	194.147	194.241	193.409	194.232	
172.445	184.767	188.45	190.794	192.748	194.158	194.256	193.427	194.259	
172.445	184.767	188.45	190.803	192.755	194.166	194.273	193.442	194.27	
172.445	184.784	188.461	190.812	192.769	194.17	194.243	194.306	193.361	
172.553	184.816	188.482	190.831	192.783	194.183	194.237	193.403	194.217	
172.553	184.816	188.482	190.831	192.783	194.183	194.249	193.429	194.245	
172.553	184.816	188.492	190.84	192.79	194.189	194.267	193.44	194.255	
172.553	184.816	188.492	190.84	192.79	194.195	194.292	193.465	194.274	
172.553	184.816	188.492	190.84	192.79	194.206	194.302	193.484	194.306	
172.553	184.816	188.492	190.84	192.79	194.214	194.352	193.513	194.274	
172.553	184.832	188.503	190.858	192.805	194.225	194.324	193.507	194.322	
172.553	184.832	188.503	190.858	192.805	194.225	194.311	194.373	193.531	
172.553	184.832	188.503	190.858	192.805	194.239	194.368	194.388	193.512	
172.553	184.832	188.503	190.858	192.805	194.265	193.58	194.386	194.318	
172.553	184.832	188.513	190.875	192.819	194.267	193.539	194.38	194.378	
172.553	184.832	188.524	190.884	192.826	194.267	194.425	194.428	193.516	
172.553	184.832	188.524	190.884	192.826	194.293	194.449	193.603	194.359	
172.553	184.848	188.534	190.893	192.833	194.294	194.384	194.438	193.605	
172.553	184.848	188.534	190.902	192.84	194.296	194.404	193.582	194.451	
172.553	184.864	188.544	190.911	192.848	194.299	194.397	194.445	193.633	
172.553	184.864	188.555	190.928	192.862	194.317	194.436	193.633	194.412	
172.553	184.88	188.565	190.945	192.876	194.314	194.406	193.631	194.464	
172.606	184.896	188.576	190.954	192.883	194.33	194.411	193.618	194.403	
172.606	184.896	188.576	190.963	192.896	194.341	194.465	194.445	193.555	
172.606	184.896	188.576	190.971	192.903	194.354	194.446	194.453	193.601	
172.606	184.896	188.576	190.98	192.91	194.373	193.633	194.454	194.43	
172.606	184.896	188.586	190.988	192.917	194.364	194.46	193.578	194.465	
172.658	184.911	188.596	191.006	192.931	194.365	194.417	193.655	194.472	
172.658	184.911	188.596	191.006	192.931	194.369	194.465	194.493	193.647	
172.658	184.911	188.596	191.014	192.938	194.388	194.477	193.686	194.47	
172.658	184.911	188.596	191.022	192.944	194.397	194.486	194.518	193.664	
172.658	184.911	188.596	191.022	192.951	194.416	194.55	193.725	194.431	
172.658	184.911	188.596	191.022	192.964	194.429	193.708	194.544	194.46	
172.658	184.927	188.607	191.031	192.971	194.413	193.681	194.547	194.555	
172.709	184.942	188.617	191.04	192.978	194.419	193.74	194.546	194.462	
172.709	184.958	188.628	191.049	192.985	194.404	193.672	194.51	194.564	
172.709	184.973	188.638	191.057	192.998	194.394	193.717	194.558	194.531	
172.709	184.988	188.648	191.066	193.005	194.399	194.529	193.75	194.534	
172.709	185.003	188.659	191.075	193.018	194.404	194.506	193.752	194.566	
172.709	185.003	188.659	191.075	193.024	194.416	193.751	194.578	194.543	
172.709	185.003	188.659	191.083	193.03	194.417	194.562	193.769	194.568	
172.709	185.003	188.669	191.091	193.037	194.441	194.609	193.712	194.529	
172.76	185.019	188.679	191.1	193.044	194.452	194.551	193.783	194.558	
172.76	185.034	188.689	191.109	193.05	194.461	193.748	194.589	194.555	
172.76	185.034	188.689	191.117	193.057	194.455	194.571	193.808	194.58	
172.76	185.049	188.699	191.126	193.064	194.465	194.622	194.612	193.725	
172.76	185.064	188.71	191.142	193.077	194.48	193.781	194.517	194.571	
172.81	185.079	188.72	191.151	193.084	194.466	194.537	193.8	194.602	
172.81	185.079	188.72	191.151	193.084	194.462	193.76	194.619	194.63	
172.81	185.079	188.73	191.159	193.09	194.448	193.779	194.638	194.644	
172.81	185.079	188.73	191.159	193.09	194.443	193.795	194.658	194.677	
172.81	185.079	188.73	191.159	193.09	194.465	194.683	194.682	193.724	
172.86	185.094	188.75	191.176	193.103	194.493	193.832	194.621	194.612	
172.86	185.108	188.77	191.193	193.116	194.494	194.657	193.84	194.56	
172.86	185.108	188.78	191.201	193.123	194.506	194.621	193.832	194.617	
172.86	185.123	188.79	191.209	193.129	194.509	194.591	193.867	194.663	
172.86	185.123	188.79	191.209	193.129	194.517	194.613	193.889	194.65	
172.86	185.123	188.8	191.217	193.136	194.534	193.91	194.684	194.602	
172.86	185.138	188.81	191.226	193.142	194.541	193.871	194.682	194.651	
172.86	185.138	188.81	191.226	193.142	194.552	194.703	193.901	194.631	
172.86	185.138	188.819	191.234	193.149	194.565	194.683	193.892	194.668	
172.86	185.153	188.829	191.242	193.155	194.575	194.678	193.933	194.678	
172.909	185.168	188.839	191.25	193.162	194.592	194.703	193.92	194.615	
172.909	185.168	188.839	191.25	193.162	194.606	194.727	193.942	194.619	
172.909	185.168	188.839	191.25	193.162	194.615	194.697	193.95	194.693	
172.909	185.182	188.849	191.259	193.169	194.627	194.741	193.963	194.64	
172.909	185.182	188.849	191.259	193.169	193.884	194.954	194.223	194.962	
172.909	185.182	188.859	191.267	193.176	193.992	194.97	194.887	194.125	
172.957	185.211	188.878	191.283	193.185	194.08	194.874	194.145	194.882	
172.957	185.226	188.888	191.291	193.193	194.139	194.865	194.127	194.866	
172.957	185.226	188.898	191.299	193.202	194.199	194.852	194.122	194.85	
172.957	185.24	188.907	191.315	193.211	194.258	194.829	194.107	194.848	
172.957	185.24	188.907	191.315	193.211	194.315	194.834	194.111	194.848	
172.957	185.24	188.917	191.323	193.216	194.364	194.829	194.102	194.844	
173.005	185.255	188.926	191.331	193.222	194.408	194.811	194.838	194.048	
173.053	185.269	188.936	191.339	193.228	194.455	194.786	194.815	194.018	
173.053	185.269	188.936	191.339	193.233	194.483	194.763	194.065	194.787	
173.053	185.283	188.946	191.354	193.244	194.509	194.784	194.816	194.03	
173.053	185.283	188.946	191.354	193.244	194.528	194.849	193.996	194.745	
173.1	185.298	188.955	191.362	193.25	194.548	194.782	194.813	194.017	
173.1	185.298	188.955	191.37	193.256	194.574	194.79	194.069	194.786	
173.1	185.312	188.965	191.377	193.262	194.578	194.762	194.064	194.83	
173.1	185.312	188.965	191.377	193.267	194.585	194.781	194.071	194.845	
173.1	185.312	188.974	191.393	193.279	194.611	194.854	194.092	194.754	
173.1	185.312	188.984	191.4	193.285	194.623	194.03	194.839	194.846	
173.1	185.312	188.984	191.4	193.285	194.617	194.79	194.103	194.874	
173.1	185.312	188.984	191.408	193.29	194.628	194.838	194.107	194.847	
173.1	185.312	188.993	191.416	193.296	194.65	194.146	194.861	194.795	
173.1	185.312	189.003	191.423	193.308	194.656	194.849	194.799	194.112	
173.147	185.326	189.012	191.431	193.319	194.668	194.805	194.862	194.116	
173.147	185.326	189.012	191.438	193.325	194.686	194.844	194.877	194.105	
173.147	185.326	189.012	191.438	193.325	194.696	194.87	194.892	194.113	
173.147	185.326	189.012	191.438	193.325	194.716	194.874	194.164	194.873	
173.147	185.326	189.012	191.438	193.325	194.729	194.882	194.18	194.809	
173.193	185.34	189.022	191.446	193.331	194.734	194.842	194.904	194.176	
173.193	185.34	189.022	191.446	193.331	194.743	194.898	194.183	194.888	
173.239	185.354	189.031	191.454	193.338	194.757	194.876	194.905	194.147	
173.239	185.354	189.031	191.461	193.344	194.758	194.853	194.181	194.919	
173.239	185.354	189.031	191.468	193.35	194.763	194.903	194.2	194.88	
173.239	185.354	189.04	191.476	193.356	194.765	194.878	194.205	194.951	
173.285	185.368	189.05	191.484	193.362	194.779	194.949	194.201	194.827	
173.285	185.368	189.05	191.491	193.368	194.784	194.88	194.2	194.941	
173.285	185.368	189.05	191.491	193.373	194.794	194.923	194.22	194.92	
173.285	185.368	189.05	191.498	193.379	194.804	194.93	194.228	194.929	
173.285	185.382	189.059	191.506	193.386	194.805	194.9	194.958	194.248	
173.285	185.382	189.059	191.506	193.386	194.816	194.953	194.959	194.217	
173.285	185.382	189.068	191.513	193.392	194.825	194.929	194.983	194.257	
173.285	185.382	189.068	191.513	193.392	194.83	194.218	195	195.002	
173.329	185.396	189.078	191.521	193.398	194.835	195.003	194.271	194.907	
173.329	185.396	189.078	191.521	193.398	194.843	195.036	194.269	194.905	
173.329	185.409	189.096	191.536	193.41	194.845	194.933	194.985	194.292	
173.329	185.409	189.105	191.55	193.422	194.859	194.254	194.978	194.966	
173.374	185.423	189.124	191.565	193.435	194.86	194.913	194.258	194.959	
173.374	185.437	189.133	191.58	193.447	194.869	194.938	194.258	194.944	
173.374	185.437	189.133	191.594	193.458	194.877	194.952	194.984	194.239	
173.374	185.437	189.133	191.594	193.458	194.884	194.977	194.282	194.961	
173.374	185.437	189.133	191.594	193.464	194.884	194.954	195.01	194.306	
173.374	185.437	189.133	191.594	193.464	194.894	195.002	194.318	194.915	
173.462	185.464	189.151	191.609	193.476	194.888	194.926	194.271	195.004	
173.462	185.464	189.151	191.609	193.481	194.893	194.944	194.293	194.975	
173.462	185.477	189.161	191.616	193.488	194.901	194.267	195.006	194.976	
173.462	185.477	189.161	191.623	193.493	194.905	195.032	194.312	194.938	
173.506	185.491	189.17	191.63	193.505	194.916	195.025	194.301	194.913	
173.506	185.491	189.17	191.63	193.51	194.921	194.992	195.017	194.273	
173.506	185.491	189.17	191.637	193.516	194.928	194.971	194.32	194.989	
173.506	185.504	189.179	191.652	193.527	194.936	195	195.025	194.273	
173.506	185.517	189.188	191.666	193.539	194.948	195.001	195.01	194.27	
173.549	185.531	189.197	191.68	193.551	194.952	194.943	194.296	195.004	
173.549	185.531	189.197	191.687	193.556	194.945	194.956	194.314	195.022	
173.549	185.531	189.197	191.687	193.562	194.952	195.048	195.033	194.248	
173.549	185.544	189.206	191.695	193.568	194.961	195.013	195.034	194.21	
173.592	185.557	189.216	191.702	193.573	194.965	194.964	194.318	194.941	
173.635	185.57	189.225	191.709	193.579	194.972	195.034	195.018	194.188	
173.635	185.584	189.243	191.724	193.591	194.981	194.333	195.003	194.905	
173.635	185.584	189.243	191.724	193.591	194.983	194.339	195.025	194.926	
173.635	185.584	189.243	191.724	193.591	194.976	194.304	194.956	195.011	
173.678	185.61	189.261	191.738	193.603	194.952	194.95	194.319	195.033	
173.678	185.623	189.27	191.745	193.608	194.955	194.301	195.024	194.992	
173.678	185.636	189.279	191.752	193.614	194.944	194.958	194.335	195.042	
173.678	185.649	189.288	191.76	193.625	194.939	194.968	194.34	195.04	
173.72	185.662	189.297	191.767	193.63	194.946	195.042	195.027	194.24	
173.72	185.662	189.297	191.767	193.64	194.955	195.016	194.347	194.983	
173.72	185.675	189.306	191.774	193.646	194.951	194.967	194.346	195.043	
173.72	185.675	189.306	191.774	193.655	194.957	195.02	194.287	195.014	
173.762	185.7	189.324	191.788	193.666	194.954	194.963	194.336	195.033	
173.762	185.7	189.324	191.788	193.666	194.955	194.329	195.01	195.011	
173.762	185.726	189.342	191.803	193.677	194.952	195	195.034	194.321	
173.762	185.726	189.342	191.803	193.682	194.962	194.343	195.043	195.004	
173.762	185.726	189.342	191.809	193.687	194.959	195.026	195.055	194.348	
173.804	185.739	189.351	191.816	193.692	194.968	195.034	194.36	194.989	
173.804	185.739	189.351	191.816	193.697	194.975	195.026	195.055	194.272	
173.887	185.764	189.368	191.831	193.708	194.983	195.001	194.266	194.973	
173.929	185.776	189.377	191.838	193.718	194.988	195.004	194.336	194.899	
173.929	185.789	189.386	191.845	193.723	194.988	194.984	194.331	194.972	
173.929	185.789	189.394	191.852	193.728	194.988	194.991	194.342	194.983	
173.929	185.789	189.403	191.859	193.733	194.991	194.997	195.024	194.31	
173.929	185.789	189.412	191.872	193.743	194.998	195.012	194.996	194.308	
173.929	185.802	189.429	191.886	193.754	195.003	194.32	195.021	194.982	
173.929	185.802	189.429	191.899	193.763	194.998	195.005	194.358	195.001	
173.929	185.802	189.429	191.899	193.768	194.989	194.909	194.375	195.06	
173.97	185.827	189.447	191.913	193.778	194.99	194.998	194.357	195.001	
173.97	185.827	189.455	191.92	193.783	194.982	194.306	195.032	195.047	
173.97	185.827	189.455	191.92	193.783	194.973	194.99	195.053	194.393	
173.97	185.839	189.464	191.934	193.792	194.975	194.996	194.389	195.06	
173.97	185.839	189.464	191.934	193.792	194.973	195.005	194.404	195.086	
173.97	185.839	189.464	191.934	193.792	194.977	194.393	195.057	195.061	
173.97	185.852	189.473	191.947	193.802	194.977	195.053	195.054	194.404	
173.97	185.864	189.49	191.961	193.811	194.977	195.029	195.077	194.421	
173.97	185.877	189.499	191.968	193.821	194.98	194.293	195.087	195.088	
174.01	185.889	189.507	191.975	193.829	194.965	194.981	194.416	195.105	
174.01	185.889	189.516	191.981	193.834	194.964	195.018	195.091	194.439	
174.01	185.901	189.524	191.988	193.843	194.973	195.051	194.429	195.054	
174.01	185.901	189.533	191.995	193.847	194.982	195.069	194.437	195.066	
174.01	185.901	189.533	191.995	193.847	194.98	194.382	195.111	195.127	
174.01	185.901	189.533	191.995	193.852	194.977	195.092	195.119	194.448	
174.05	185.914	189.541	192.008	193.861	194.989	195.15	194.463	195.003	
174.05	185.914	189.541	192.008	193.865	194.999	195.093	195.126	194.368	
174.09	185.926	189.55	192.015	193.869	195.006	195.089	194.387	195.08	
174.13	185.938	189.558	192.022	193.874	195.003	195.036	194.448	195.1	
174.13	185.95	189.575	192.035	193.883	195.009	195.122	194.455	195.011	
174.13	185.95	189.575	192.035	193.883	195.015	195.092	194.453	195.077	
174.13	185.95	189.575	192.041	193.891	195.021	194.444	195.112	195.089	
174.13	185.95	189.575	192.048	193.896	195.021	195.097	194.465	195.112	
174.13	185.95	189.584	192.054	193.904	195.027	195.108	195.139	194.458	
174.13	185.95	189.584	192.054	193.908	195.044	194.531	195.149	195.045	
174.13	185.963	189.592	192.067	193.917	195.043	195.115	194.498	195.124	
174.13	185.963	189.601	192.074	193.922	195.048	194.472	195.144	195.136	
174.13	185.963	189.601	192.08	193.926	195.041	195.091	195.168	194.536	
174.13	185.963	189.609	192.093	193.934	195.054	195.15	194.453	195.136	
174.17	185.975	189.617	192.1	193.939	195.06	195.133	194.512	195.131	
174.17	185.975	189.617	192.1	193.939	195.065	195.141	195.145	194.504	
174.209	185.999	189.634	192.113	193.948	195.065	195.089	194.511	195.161	
174.209	185.999	189.643	192.119	193.953	195.074	195.184	195.156	194.427	
174.248	186.011	189.651	192.132	193.961	195.088	195.186	195.154	194.388	
174.248	186.023	189.659	192.139	193.966	195.092	195.083	194.502	195.152	
174.248	186.023	189.659	192.139	193.966	195.093	194.464	195.161	195.131	
174.248	186.035	189.668	192.145	193.97	195.089	195.129	194.526	195.148	
174.248	186.035	189.668	192.145	193.974	195.094	195.155	195.175	194.506	
174.248	186.047	189.676	192.152	193.983	195.102	195.157	194.542	195.123	
174.248	186.047	189.684	192.158	193.991	195.11	195.207	195.194	194.45	
174.248	186.059	189.693	192.165	193.996	195.117	194.525	195.185	195.144	
174.248	186.059	189.701	192.171	194	195.117	195.154	194.555	195.172	
174.248	186.059	189.701	192.171	194	195.116	194.509	195.197	195.219	
174.248	186.059	189.701	192.171	194.004	195.113	195.192	194.585	195.196	
174.286	186.071	189.709	192.178	194.008	195.12	195.19	195.14	194.538	
174.324	186.083	189.717	192.19	194.017	195.127	195.175	194.559	195.155	
174.324	186.083	189.717	192.19	194.021	195.131	194.547	195.209	195.176	
174.324	186.083	189.717	192.196	194.025	195.129	195.184	195.216	194.498	
174.362	186.106	189.734	192.209	194.034	195.139	194.543	195.197	195.156	
174.362	186.106	189.734	192.209	194.034	195.137	195.23	194.585	195.127	
174.362	186.106	189.734	192.209	194.034	195.132	195.156	194.596	195.239	
174.4	186.118	189.742	192.216	194.038	195.139	195.25	194.593	195.115	
174.4	186.118	189.742	192.222	194.046	195.144	195.195	195.223	194.551	
174.438	186.13	189.758	192.234	194.054	195.15	194.554	195.141	195.172	
174.476	186.142	189.766	192.241	194.059	195.143	195.168	195.198	194.546	
174.476	186.142	189.766	192.241	194.063	195.15	195.191	195.21	194.548	
174.476	186.142	189.766	192.241	194.063	195.153	195.207	194.587	195.185	
174.476	186.142	189.783	192.253	194.071	195.156	194.572	195.226	195.196	
174.476	186.142	189.783	192.253	194.071	195.153	194.585	195.242	195.218	
174.476	186.142	189.791	192.259	194.075	195.154	195.275	194.574	195.155	
174.55	186.165	189.807	192.272	194.084	195.168	195.244	194.582	195.116	
174.55	186.165	189.815	192.278	194.088	195.162	195.156	195.22	194.613	
174.55	186.177	189.823	192.284	194.092	195.166	194.583	195.221	195.19	
174.55	186.177	189.831	192.29	194.1	195.158	195.15	194.613	195.262	
174.587	186.188	189.839	192.297	194.104	195.168	194.62	195.234	195.122	
174.587	186.2	189.855	192.309	194.112	195.166	195.244	194.609	195.124	
174.587	186.2	189.855	192.315	194.116	195.17	194.576	195.23	195.2	
174.587	186.212	189.863	192.327	194.124	195.153	195.161	194.612	195.255	
174.587	186.212	189.863	192.327	194.124	195.158	195.272	195.256	194.539	
174.587	186.212	189.863	192.327	194.124	195.171	195.303	194.646	195.13	
174.587	186.212	189.878	192.339	194.132	195.179	195.205	194.638	195.219	
174.587	186.235	189.894	192.351	194.14	195.19	195.279	194.644	195.134	
174.587	186.235	189.894	192.351	194.14	195.192	195.23	195.241	194.611	
174.587	186.235	189.902	192.357	194.144	195.194	195.211	194.647	195.26	
174.587	186.235	189.902	192.357	194.147	195.189	195.213	194.652	195.286	
174.587	186.235	189.902	192.363	194.155	195.196	195.318	194.682	195.117	
174.623	186.246	189.91	192.369	194.159	195.203	195.224	194.661	195.235	
174.623	186.258	189.918	192.375	194.163	195.199	195.216	194.633	195.282	
174.66	186.281	189.934	192.387	194.171	195.203	195.228	195.255	194.587	
174.696	186.304	189.949	192.399	194.179	195.213	195.277	194.606	195.122	
174.696	186.315	189.957	192.405	194.183	195.217	195.211	194.628	195.203	
174.696	186.327	189.965	192.411	194.187	195.22	194.609	195.238	195.202	
174.696	186.327	189.965	192.411	194.187	195.217	195.225	194.629	195.224	
174.696	186.327	189.973	192.417	194.191	195.214	195.192	194.653	195.265	
174.696	186.327	189.973	192.423	194.194	195.21	194.586	195.267	195.286	
174.696	186.327	189.98	192.435	194.202	195.205	195.225	194.673	195.26	
174.696	186.327	189.996	192.446	194.209	195.209	195.256	194.675	195.243	
174.696	186.327	189.996	192.446	194.213	195.207	194.625	195.273	195.299	
174.696	186.327	190.004	192.452	194.22	195.194	194.617	195.298	195.332	
174.696	186.327	190.004	192.452	194.22	195.188	195.242	194.713	195.34	
174.696	186.327	190.004	192.452	194.22	195.196	195.303	195.265	194.697	
174.732	186.338	190.011	192.463	194.227	195.209	195.355	194.728	195.199	
174.732	186.338	190.011	192.463	194.23	195.215	195.3	195.307	194.693	
174.732	186.338	190.019	192.469	194.234	195.219	195.267	194.667	195.336	
174.768	186.349	190.027	192.475	194.238	195.224	195.295	195.318	194.685	
174.768	186.349	190.027	192.475	194.241	195.24	195.366	195.338	194.617	
174.768	186.349	190.027	192.475	194.241	195.248	195.325	194.74	195.289	
174.803	186.361	190.034	192.481	194.245	195.254	195.302	194.729	195.293	
174.803	186.361	190.042	192.487	194.248	195.251	194.665	195.33	195.354	
174.838	186.372	190.05	192.493	194.252	195.25	195.286	195.326	194.717	
174.838	186.372	190.05	192.498	194.256	195.255	194.728	195.338	195.288	
174.838	186.383	190.057	192.504	194.26	195.252	194.668	195.339	195.364	
174.838	186.383	190.057	192.504	194.26	195.25	195.318	194.735	195.336	
174.838	186.405	190.072	192.516	194.265	194.698	194.908	195.528	195.5	
174.838	186.417	190.08	192.527	194.269	194.735	195.474	195.519	194.916	
174.873	186.428	190.088	192.533	194.271	194.779	194.953	195.512	195.38	
174.873	186.428	190.088	192.538	194.274	194.819	195.455	195.496	194.827	
174.908	186.439	190.095	192.544	194.276	194.859	195.455	194.878	195.436	
174.908	186.439	190.095	192.549	194.278	194.898	195.495	194.891	195.359	
174.908	186.45	190.11	192.56	194.283	194.931	195.43	194.871	195.404	
174.908	186.461	190.118	192.566	194.286	194.958	194.839	195.453	195.424	
174.908	186.461	190.125	192.572	194.289	194.988	194.887	195.401	195.357	
174.943	186.472	190.133	192.577	194.292	195.008	195.397	194.834	195.413	
174.943	186.483	190.148	192.588	194.297	195.03	195.347	194.839	195.442	
174.943	186.483	190.148	192.588	194.3	195.051	195.398	194.856	195.329	
174.977	186.494	190.155	192.594	194.303	195.064	195.39	194.831	195.359	
174.977	186.516	190.17	192.605	194.309	195.084	194.791	195.387	195.374	
175.012	186.527	190.185	192.616	194.315	195.098	195.354	194.74	195.356	
175.046	186.538	190.193	192.621	194.318	195.105	195.306	194.788	195.386	
175.046	186.549	190.2	192.627	194.321	195.113	195.298	195.376	194.802	
175.046	186.56	190.207	192.638	194.327	195.132	195.348	194.784	195.33	
175.046	186.571	190.215	192.648	194.333	194.562	195.296	195.364	195.381	
175.046	186.571	190.215	192.648	194.333	194.62	194.942	195.527	195.525	
175.046	186.582	190.222	192.654	194.335	194.65	195.502	194.909	195.532	
175.08	186.592	190.237	192.665	194.338	194.695	195.482	195.51	194.92	
175.08	186.592	190.237	192.67	194.34	194.749	195.486	194.935	195.471	
175.08	186.592	190.237	192.67	194.341	194.785	195.472	194.93	195.487	
175.08	186.592	190.237	192.675	194.343	194.829	195.468	194.93	195.488	
175.08	186.592	190.244	192.68	194.345	194.864	195.477	194.867	195.473	
175.114	186.603	190.252	192.685	194.347	194.892	194.838	195.481	195.506	
175.114	186.614	190.259	192.691	194.351	194.917	194.814	195.467	195.513	
175.114	186.614	190.266	192.701	194.356	194.937	194.821	195.476	195.508	
175.114	186.614	190.266	192.706	194.358	194.959	195.438	195.482	194.881	
175.114	186.614	190.274	192.711	194.362	194.986	195.46	194.906	195.444	
175.114	186.614	190.274	192.711	194.364	195.01	195.453	194.896	195.46	
175.114	186.614	190.281	192.721	194.369	195.042	195.506	194.862	195.384	
175.148	186.625	190.288	192.732	194.374	195.063	195.436	195.462	194.858	
175.181	186.635	190.295	192.737	194.377	195.087	195.493	194.862	195.327	
175.181	186.646	190.303	192.742	194.38	195.107	195.416	195.417	194.84	
175.215	186.668	190.317	192.753	194.386	195.128	195.402	195.418	194.808	
175.215	186.668	190.317	192.753	194.386	195.14	195.474	195.434	194.751	
175.215	186.678	190.325	192.758	194.389	195.156	194.846	195.368	195.384	
175.248	186.689	190.332	192.768	194.394	195.164	194.814	195.404	195.391	
175.248	186.689	190.339	192.778	194.4	195.171	195.355	194.848	195.395	
175.248	186.71	190.354	192.788	194.406	195.184	194.808	195.395	195.383	
175.248	186.71	190.354	192.793	194.409	195.189	195.374	194.84	195.397	
175.248	186.71	190.354	192.798	194.414	195.192	194.77	195.423	195.448	
175.248	186.721	190.361	192.803	194.417	195.197	195.386	194.856	195.406	
175.248	186.721	190.361	192.803	194.417	195.204	195.404	194.873	195.408	
175.248	186.721	190.361	192.803	194.417	195.214	195.415	194.857	195.419	
175.281	186.742	190.375	192.813	194.423	195.226	195.459	195.437	194.701	
175.314	186.752	190.382	192.818	194.426	195.235	195.401	194.831	195.369	
175.314	186.763	190.397	192.828	194.432	195.246	194.819	195.408	195.382	
175.314	186.763	190.397	192.828	194.432	195.247	194.825	195.405	195.4	
175.347	186.773	190.411	192.838	194.438	195.249	194.871	195.416	195.319	
175.347	186.773	190.418	192.843	194.441	195.252	195.379	195.413	194.835	
175.347	186.773	190.418	192.843	194.441	195.257	195.411	194.865	195.387	
175.347	186.773	190.418	192.848	194.444	195.267	195.405	195.432	194.84	
175.347	186.773	190.418	192.853	194.446	195.274	195.42	194.885	195.402	
175.347	186.773	190.418	192.857	194.449	195.282	195.48	195.433	194.793	
175.347	186.784	190.425	192.862	194.452	195.287	194.809	195.45	195.455	
175.347	186.794	190.432	192.867	194.455	195.285	195.313	194.894	195.489	
175.379	186.804	190.439	192.872	194.458	195.285	194.818	195.442	195.469	
175.379	186.804	190.439	192.872	194.461	195.28	195.372	194.906	195.491	
175.379	186.804	190.439	192.872	194.461	195.285	195.498	195.476	194.824	
175.379	186.804	190.439	192.877	194.464	195.293	194.913	195.472	195.436	
175.412	186.815	190.446	192.887	194.47	195.297	195.434	194.911	195.448	
175.412	186.815	190.446	192.887	194.47	195.299	194.9	195.471	195.451	
175.412	186.815	190.446	192.896	194.475	195.295	195.399	194.938	195.522	
175.412	186.815	190.446	192.896	194.475	195.296	195.425	194.95	195.468	
175.444	186.825	190.454	192.901	194.478	195.303	194.914	195.491	195.467	
175.476	186.835	190.461	192.906	194.481	195.307	195.447	194.931	195.444	
175.508	186.856	190.475	192.915	194.487	195.311	195.396	194.912	195.47	
175.508	186.856	190.482	192.92	194.49	195.319	195.505	195.46	194.817	
175.508	186.866	190.489	192.925	194.493	195.327	194.961	195.482	195.359	
175.508	186.866	190.489	192.93	194.496	195.327	195.45	195.465	194.911	
175.508	186.876	190.503	192.939	194.502	195.332	195.42	194.931	195.474	
