0.227988 0.219884
0.382776 0.39836
0.423337 0.398895
0.397818 0.428079
0.468634 0.48771
0.503667 0.470654
0.422466 0.506723
0.376598 0.4538
0.441278 0.412917
0.470187 0.440724
0.384986 0.412083
0.338391 0.370276
0.252843 0.284137
0.174934 0.240947
0.391441 0.106495
0.423833 0.576125
0.473045 0.526946
0.474976 0.524994
0.986006 0.000186543
0.176542 0.0770934
1.70845e-07 1.25088e-06
0.0131974 0.00206196
0.00631072 0.0089518
0.0537528 0.0438815
0.0839781 0.0786555
0.239419 0.241771
0.131057 0.201419
0.634641 0.195267
0.669252 0.176528
0.632657 0.197761
0.677912 0.148077
0.679082 0.192764
0.598722 0.194468
0.468287 0.229468
0.374769 0.163077
0.316409 0.182707
0.327497 0.219943
0.273906 0.227842
0.162047 0.229369
0.244637 0.334813
0.27938 0.149552
0.744271 0.253868
0.929407 0.0704774
0.99998 2.00648e-05
0.999921 7.54947e-05
0.146246 0.782755
0.011839 0.211745
0.000305313 0.182198
0.0790707 0.579984
0.177139 0.476915
0.147055 0.402564
0.0814966 0.171399
0.0543443 0.150599
0.369418 0.279343
0.504533 0.266111
0.465081 0.234763
0.30425 0.434245
0.370495 0.481588
0.435429 0.286468
0.179824 0.428065
0.110503 0.313516
0.129246 0.174671
0.205346 0.30004
0.12232 0.334048
0.113998 0.300592
0.139002 0.311358
0.0348987 0.285251
0.095016 0.222159
0.167073 0.03225
0.618825 0.000930268
0.152569 0.056559
0.0775421 0.00911158
0.00444149 0.010854
0.0465932 0.166621
0.412982 0.229603
0.362821 0.228258
0.286944 0.186622
0.0316239 0.146896
0.0295235 0.139542
0.142431 0.192795
0.192863 0.230228
0.34584 0.259787
0.356201 0.457818
0.19678 0.435347
0.15093 0.305836
0.154098 0.301077
0.0969903 0.260337
0.13532 0.316799
0.223413 0.354172
0.159663 0.280784
0.120439 0.311274
0.0499173 0.106944
0.0748716 0.0661095
0.000926045 0.0542973
0.16748 0.0203663
0.00138805 2.96726e-05
3.53007e-06 9.52969e-06
5.7225e-06 0.00693112
0.0277419 0.31599
0.378573 0.28823
0.119768 0.0730569
0.126487 0.119736
0.118706 0.16399
0.0143524 0.115035
0.0324641 0.145657
0.053326 0.106075
0.162873 0.2278
0.100155 0.220241
0.187512 0.261832
0.15046 0.304237
0.109011 0.510719
0.138684 0.405307
0.117575 0.199135
0.124356 0.223966
0.167091 0.276444
0.126457 0.228818
0.164279 0.305544
0.0128964 0.0561535
6.60521e-05 0.00124963
2.55964e-05 0.00128849
1.3059e-06 4.87638e-06
3.32201e-09 4.33366e-08
2.00984e-08 3.28369e-06
0.000490318 0.999484
0.132466 0.0025588
0.121901 0.0701107
0.0160338 0.147408
0.0341586 0.143641
0.0426665 0.183781
0.026347 0.240864
0.0674043 0.190595
0.0274299 0.0575194
0.0836536 0.255945
0.140238 0.251477
0.157205 0.184219
0.129259 0.204628
0.120021 0.229553
0.201184 0.30311
0.147982 0.404301
0.144604 0.229281
0.234586 0.294904
0.127632 0.184648
0.116956 0.214339
0.00978139 0.000372411
4.92069e-06 0.00106571
4.53147e-06 0.00301701
0.029762 0.00395836
0.0887012 0.788404
1.02327e-09 0.0342943
0.00438263 1.05673e-05
0.872295 0.127573
0.0809041 0.140791
0.0350823 0.255513
0.0311113 0.204431
0.0607067 0.493552
0.0891935 0.317541
0.16977 0.374162
0.0214289 0.06386
0.0798881 0.241605
0.104944 0.131878
0.107017 0.341798
0.236337 0.178234
0.113837 0.247576
0.141839 0.283035
0.10602 0.305303
0.141843 0.257452
0.125672 0.245432
0.0610882 0.147901
0.0715122 0.16345
0.00035737 0.0133138
3.07448e-05 0.000330093
0.019212 0.000420215
0.181912 0.188019
0.000204625 0.0177624
0.00115877 0.998748
0.0690973 0.45855
0.00518524 0.0409411
0.433253 0.237617
0.0432569 0.124334
0.0239083 0.106499
0.00472089 0.0564049
0.202185 0.300136
0.236118 0.295598
0.0337491 0.157287
0.0785561 0.276687
0.0560249 0.144056
0.0786128 0.220397
0.0473164 0.201525
0.115772 0.257485
0.0765153 0.205855
0.0956479 0.198999
0.10292 0.190897
0.0980612 0.181641
0.0537143 0.204347
0.0532626 0.266396
0.0311419 0.00878349
0.00119073 0.0612255
0.299897 0.0101524
0.333333 0.333333
0.344306 0.310342
0.333333 0.333333
0.0104137 0.41723
0.000531413 0.0102346
0.0595238 0.287256
0.0710375 0.803132
0.0541531 0.702421
0.044149 0.947669
0.210159 0.354433
0.271409 0.362498
0.169537 0.391602
0.0967633 0.401151
0.0610452 0.327585
0.104445 0.566787
0.0747946 0.580061
0.119906 0.526049
0.122281 0.469252
0.125982 0.511111
0.086316 0.522885
0.104568 0.334761
0.135977 0.473385
0.144181 0.43682
0.133851 0.800723
0.270047 0.359493
0.339732 0.339732
0.341375 0.329313
0.342075 0.301062
0.342833 0.314334
0.324694 0.341108
0.180829 0.817048
0.116462 0.435938
0.449204 0.242644
0.418533 0.260733
0.621321 0.191165
0.367559 0.316402
