238.925
239.67
242.197
244.409
246.012
247.168
246.501
248.75
251.426
255.522
264.473
276.622
283.76
278.74
278.842
277.615
278.647
281.342
282.441
282.278
276.345
272.596
263.924
253.14
245.011
239.239
239.465
239.846
242.294
244.591
245.807
247.663
248.281
249.465
253.05
257.011
263.861
275.73
284.643
280.346
284.51
281.658
281.067
285.086
286.527
284.733
288.585
281.413
261.324
247.763
241.457
240.284
240.48
239.813
242.335
246.192
250.066
250.608
252.298
252.699
255.353
260.68
264.598
276.374
286.354
284.754
295.197
298.337
294.636
288.444
296.05
300.764
313.466
273.932
254.169
244.474
240.42
241.925
242.341
240.979
243.474
247.443
251.291
253.345
253.601
256.78
258.537
260.096
265.349
277.421
287.042
288.5
290.674
295.791
299.02
313.112
333.352
342.583
304.981
266.934
252.847
244.648
242.414
245.506
245.404
243.565
245.701
251.504
253.902
255.601
257.688
258.102
261.756
264.087
267.374
279.258
287.957
286.928
293.812
310.438
323.691
369.796
370.106
313.649
301.554
269.145
264.35
251.489
246.488
248.165
247.971
247.41
249.986
252.703
255.701
259.09
260.237
260.905
263.65
265.906
269.238
281.758
289.4
289.943
310.308
367.163
408.661
397.449
369.481
418.019
321.489
274.925
270.529
257.243
249.461
248.85
249.458
251.578
253.339
256.445
258.723
259.768
261.696
263.495
265.782
268.587
272.582
285.219
291.609
296.481
363.953
442.891
457.879
451.415
452.001
477.824
448.522
275.485
273.481
262.166
256.922
249.076
249.527
255.103
255.725
259.216
261.591
263.09
264.232
266.147
267.521
270.132
274.292
286.489
293.319
313.803
449.801
482.497
500
498.083
500
489.661
469.193
278.272
274.839
264.257
258.799
249.404
249.62
255.218
256.721
260.215
263.079
265.24
266.61
267.868
269.499
271.938
275.531
287.121
293.918
418.023
495.021
499.231
500.118
499.926
499.324
499.529
471.682
278.812
275.842
264.706
260.542
249.058
