0.00763292 0.00597069 3.24191e-07 0.00688775 0.0157453 2.55906e-07 0.510673 0.453019
0.0492227 2.42831e-05 6.95276e-07 0.0552611 1.93824e-05 1.00135e-06 0.89488 0.000585856
0.11826 0.0041138 0.00190581 0.184075 0.00804212 0.00242645 0.652418 0.0249348
0.0797026 0.021835 0.0699143 0.0766671 0.0323155 0.0889822 0.328382 0.0871248
0.00171599 0.00317034 0.123531 0.00247107 0.00338317 0.232419 0.00436367 0.0143801
1.31517e-07 1.8679e-05 0.0594756 1.80131e-07 2.63869e-05 0.0379902 1.62533e-06 0.000291263
3.39886e-09 1.70998e-07 2.99195e-06 2.42866e-09 1.31411e-07 5.60217e-07 0.000312013 0.031755
0.0631576 0.00955229 2.51162e-09 0.607219 0.156837 9.28346e-06 0.00030168 2.33553e-05
0.00171901 1.24697e-07 1.76683e-09 0.117445 3.76777e-06 1.90219e-08 0.880813 1.86448e-05
0.0282033 0.000757621 0.000188841 0.444943 0.00396588 0.000540172 0.508616 0.00840245
0.0390817 0.00906713 0.0464848 0.278048 0.0263382 0.120185 0.194813 0.143052
0.000127364 0.000331561 0.0437398 0.000450209 0.00164716 0.214163 0.00205342 0.0029456
1.36584e-09 2.95692e-07 0.00928253 1.57067e-08 7.03871e-06 0.11292 7.4133e-08 2.78897e-05
7.53321e-19 1.13504e-21 1.9505e-21 2.24541e-14 1.22814e-15 1.78707e-14 0.999817 5.01112e-07
0.272805 0.725327 4.55528e-09 0.000272484 1.98664e-05 6.20023e-05 0.00118 3.52914e-05
0.0154445 2.94185e-08 6.08272e-11 0.15835 1.62555e-07 2.03766e-10 0.826194 1.14485e-05
0.0187524 2.42778e-05 2.05814e-06 0.0404668 7.02537e-05 2.51295e-05 0.931969 0.0062714
0.00224444 0.000226966 0.00165085 0.00484217 0.00139416 0.0023815 0.488357 0.0939349
1.98025e-06 1.41979e-05 0.0108369 1.13704e-05 1.62714e-05 0.0315316 0.00078488 0.00932565
1.31019e-12 1.64622e-09 6.63246e-05 5.55914e-12 1.029e-08 0.000717724 4.71128e-09 9.37387e-07
1.04548e-15 1.62931e-21 2.10508e-20 1.29791e-08 7.88997e-11 1.32751e-09 2.34971e-12 0.0261
1.37408e-05 2.54113e-05 7.48063e-09 0.00157853 5.59263e-05 0.0735413 0.173108 0.751676
0.00244434 1.18291e-09 1.33507e-13 0.00685959 1.03002e-06 5.96582e-10 0.990596 6.93187e-06
0.000260761 1.46711e-08 4.28123e-09 0.0578366 6.18452e-05 2.646e-06 0.838895 0.0559941
4.2909e-08 1.05204e-08 1.87321e-08 8.78971e-05 3.89906e-06 7.75412e-05 0.482458 0.140894
7.77705e-09 1.79679e-08 0.000316471 5.38987e-06 6.09402e-05 0.108754 0.0984889 0.0942843
5.26703e-14 1.96892e-09 1.29036e-05 5.08787e-10 1.58482e-06 0.550939 1.29511e-05 3.5346e-06
5.31411e-11 2.25606e-15 5.52065e-15 3.08349e-14 0.0349871 0.495835 3.89039e-09 0.067763
0.248671 0.458586 0.00801637 0.0522787 0.21335 0.0127767 4.38726e-09 4.96604e-09
0.0891665 1.21896e-06 2.02042e-11 0.891078 6.10786e-06 7.04012e-06 7.43314e-06 3.10949e-05
0.00646401 3.00695e-11 2.3772e-14 2.69215e-06 7.66243e-16 1.4899e-09 0.993533 1.17774e-08
6.40136e-14 1.24396e-19 6.38823e-17 4.51727e-25 4.3884e-20 1.71484e-05 4.64909e-10 9.63767e-20
1.66217e-43 1.2224e-39 2.24323e-13 4.96505e-63 1.13755e-53 1 1.12894e-62 5.2747e-42
1.72346e-13 8.45118e-09 0.700559 4.21278e-08 3.86063e-08 0.299435 5.72877e-06 5.09665e-07
3.69406e-16 0.00903742 0.934116 5.32153e-06 0.0154626 0.0413784 5.37062e-13 2.60023e-14
0.545009 0.454314 7.90933e-05 1.72245e-06 2.35219e-06 0.000520016 1.42191e-06 2.10534e-06
0.663315 0.000220612 6.18638e-05 0.000212432 0.000652121 0.186725 0.000199787 0.00250228
1.97312e-05 2.29687e-06 0.999964 9.05387e-06 5.28541e-10 3.5662e-07 4.32332e-06 2.69232e-10
1.76039e-22 1.66587e-16 1 2.10833e-26 4.5505e-26 1.5009e-25 2.63789e-26 3.62025e-26
2.03096e-33 1.91559e-30 1 1.98705e-24 6.40269e-25 7.02014e-15 4.36853e-24 3.17927e-24
1.24967e-08 2.73519e-08 0.999976 8.94948e-06 3.34331e-07 4.19578e-08 1.4167e-05 1.71598e-07
3.16665e-05 0.270096 0.72926 0.000376604 1.2048e-06 9.71376e-07 0.000232119 6.76586e-07
