4000,4000,4000,4000,4000,4000,4000,4000,4000
4000,4000,4000,4000,4000,4000,4000,4000,4000
4000,4000,4000,4000,4000,4000,4000,4000,4000
3781.98,3780.21,3775.22,3778.24,3776.02,3748.21,3778.31,3777.13,3752.88
2979.1,2978.52,2978.51,2980.3,2960.03,2977.83,2954.92,3095.21,2980.54
1248.9,1251.17,2771.88,1260.22,1260.22,1260.22,1260.22,1260.22,1260.22
2904.23,2916.22,3121.13,2928.39,2928.39,2928.39,2930.32,2928.39,2928.39
3178.85,3225.36,3179.27,3179.73,3179.43,3178.9,3178.26,3178.15,3179
3169.74,3166.71,3169.43,3219.06,3169.34,3170.18,3169.82,3169.7,3169.5
3326.98,3319.26,3320.44,3320.45,3319.79,3319.66,3320.55,3319.09,3320.17
3949.36,3947.26,3944.8,3942.45,3947.76,3942.99,3945.06,3945.22,3949.07
4000,4000,4000,4000,4000,4000,4000,4000,4000
4000,4000,4000,4000,4000,4000,4000,4000,4000
4000,4000,4000,4000,4000,4000,4000,4000,4000
4000,4000,4000,4000,4000,4000,4000,4000,4000
4000,4000,4000,4000,4000,4000,4000,4000,4000
4000,4000,4000,4000,4000,4000,4000,4000,4000
3473.34,3497.67,3505.53,3504.82,3503.71,3506.79,3472.07,3507.12,3504.13
747.878,735.826,735.294,745.109,738.302,734.688,745.511,2831.17,748.142
252.322,261.789,261.787,262.274,261.658,252.453,253.163,256.558,2859.29
2117.42,2117.57,2093.29,2118.26,2117.51,2117.21,2117.51,3117.82,2115.69
3154.29,3154.48,3153.56,3153.83,3151.33,3154.27,3155.8,3153.71,3150.75
3177,3176.01,3175.58,3176.43,3175.2,3176.48,3176.18,3176.4,3177
3368.33,3368.42,3369.39,3367.86,3368.7,3369.11,3367.1,3367.63,3369.49
3944.76,3946.33,3942.22,3947.75,3951.42,3948.61,3951.16,3949.97,3945.29
4000,4000,4000,4000,4000,4000,4000,4000,4000
4000,4000,4000,4000,4000,4000,4000,4000,4000
4000,4000,4000,4000,4000,4000,4000,4000,4000
4000,4000,4000,4000,4000,4000,4000,4000,4000
4000,4000,4000,4000,4000,4000,4000,4000,4000
4000,4000,4000,4000,4000,4000,4000,4000,4000
3562.26,3569.55,3571.77,3563.48,3572.05,3571.97,3548.06,3560.99,3567.93
2883.15,1529.8,1529.58,1533.19,1532.1,1528.75,1535.69,1537.54,1531.03
2435.75,2440.24,2430.15,2990.27,2447.25,2447.25,2447.25,2447.25,2447.25
3175.61,3176.77,3175.23,3176.44,3173.34,3175.65,3176.12,3176.18,3175.39
3174.36,3174.14,3174.74,3174.74,3168.1,3169.97,3174.67,3174.32,3174
3195.1,3191.94,3195.66,3194.57,3195.49,3195.39,3195.7,3191.95,3194.96
3483.58,3479.64,3483.53,3477.67,3481.14,3481.68,3484.32,3484.19,3477.72
3966.43,3966.75,3962.07,3958.27,3961.71,3958.18,3966.8,3960.47,3962.77
4000,4000,4000,4000,4000,4000,4000,4000,4000
4000,4000,4000,4000,4000,4000,4000,4000,4000
4000,4000,4000,4000,4000,4000,4000,4000,4000
4000,4000,4000,4000,4000,4000,4000,4000,4000
4000,4000,4000,4000,4000,4000,4000,4000,4000
4000,4000,4000,4000,4000,4000,4000,4000,4000
3746.34,3739.2,3745.6,3742.9,3742.54,3719.3,3726.91,3743.11,3740.73
2708.65,2707.96,2706.94,2700,2707.47,2709.61,2711.6,2711.66,2797.56
2889.07,2861.88,2865.83,2864.45,2858.17,2858.3,2861.19,2993.98,2889.11
3247.2,3240.6,3244.54,3243.8,3237.9,3243.95,3247.33,3242.96,3247.07
3290.59,3285.44,3285.11,3290.65,3288.22,3289.72,3290.18,3289.79,3290.11
3272.34,3271.81,3272.08,3272.43,3271.27,3272.89,3273.22,3270.34,3270.34
3712.62,3707.3,3708.41,3706.44,3706.55,3709.75,3707.85,3712.1,3709.38
3987.12,3985.73,3983.71,3986.88,3984.61,3981.9,3986.48,3987.98,3982.51
4000,4000,4000,4000,4000,4000,4000,4000,4000
4000,4000,4000,4000,4000,4000,4000,4000,4000
4000,4000,4000,4000,4000,4000,4000,4000,4000
4000,4000,4000,4000,4000,4000,4000,4000,4000
4000,4000,4000,4000,4000,4000,4000,4000,4000
4000,4000,4000,4000,4000,4000,4000,4000,4000
3809.56,3815.68,3819.98,3812.34,3818.62,3817.39,3821.09,3820.66,3794.04
2774.98,2697.65,2707.02,2688.15,2694.47,2693.79,2701.02,2708.21,2690.8
3038.84,3017.33,3024.97,3013.51,3038.07,3037.36,3022.67,3036.96,3039.29
3212.64,3213.2,3197.81,3208.04,3210.59,3212,3210.84,3210.86,3210.22
3334.8,3332.3,3332.85,3330.17,3333.24,3332.07,3332.46,3333.94,3334.51
3339.54,3338.52,3339.36,3335.08,3327.69,3335.74,3339.05,3340.54,3340.22
3861.83,3866.33,3866.61,3859.89,3860.21,3863.25,3862.35,3865.44,3862.24
3999.86,3999.76,3994.66,3992.76,3991.46,3990.7,4000,4000,4000
4000,4000,4000,4000,4000,4000,4000,4000,4000
4000,4000,4000,4000,4000,4000,4000,4000,4000
4000,4000,4000,4000,4000,4000,4000,4000,4000
4000,4000,4000,4000,4000,4000,4000,4000,4000
4000,4000,4000,4000,4000,4000,4000,4000,4000
4000,4000,4000,4000,4000,4000,4000,4000,4000
3249.36,3243.78,3271.46,3272.3,3243.65,3273.75,3247.5,3271.95,3268.64
2619.35,2604.8,2610.42,2616.77,2606.9,2610.47,2606.12,2620.12,2728.86
2864.05,2864.26,2864.39,2863.41,2857.32,2864.28,2863.15,2864.19,2873.91
3238.81,3242.53,3239.08,3240.08,3242.31,3240.44,3239.81,3241.79,3239.9
3354.47,3358.68,3358.81,3353.65,3358.25,3355.74,3357.56,3355.42,3356.35
3559.65,3560.77,3557.43,3559.33,3558.94,3557.07,3559.35,3558.95,3562.28
3896.32,3895.75,3891.05,3894.24,3883.67,3889.52,3894.07,3895.15,3891.47
3995.55,3993.25,3990.57,4000,4000,4000,4000,4000,4000
4000,4000,4000,4000,4000,4000,4000,4000,4000
4000,4000,4000,4000,4000,4000,4000,4000,4000
4000,4000,4000,4000,4000,4000,4000,4000,4000
4000,4000,4000,4000,4000,4000,4000,4000,4000
4000,4000,4000,4000,4000,4000,4000,4000,4000
4000,4000,4000,4000,4000,4000,4000,4000,4000
3592.69,3580.21,3603.68,3572.67,3608.32,3606.34,3579.36,3604.61,3600.89
1530.75,1531.86,1529.54,1533.49,1534.9,1529.47,1539.87,1529.74,2700.02
2314.84,2318.16,2328.17,2334.5,2333.5,2752.12,2320.55,2336.12,2319.68
3192.11,3183.8,3193.89,3194.17,3188.88,3193.73,3193.51,3190.25,3193.75
3364.34,3364.22,3367.7,3363.99,3356.31,3366.52,3367.48,3368.64,3366.36
3476.7,3469.13,3479.9,3480.03,3478.21,3474.04,3478.1,3479.95,3479.04
3766.37,3772.19,3771.07,3765.5,3763.58,3771.68,3772.12,3772.05,3770.42
3997.14,3995.78,3994.07,3994.56,3994.83,3991.63,3989.36,3989.71,3990.41
4000,4000,4000,4000,4000,4000,4000,4000,4000
4000,4000,4000,4000,4000,4000,4000,4000,4000
4000,4000,4000,4000,4000,4000,4000,4000,4000
4000,4000,4000,4000,4000,4000,4000,4000,4000
4000,4000,4000,4000,4000,4000,4000,4000,4000
4000,4000,4000,4000,4000,4000,4000,4000,4000
3630.35,3636,3633.01,3635.2,3634.96,3633.76,3637.92,3633.08,3632.2
2017.55,2021.87,2839.25,2007.52,2013.89,2006.91,2007.72,2026.57,2022.44
1972.92,1973,1958.92,1956.89,1963.3,1957.78,2762.5,1973.18,1973.18
2710.03,2707.61,2974.13,2711.48,2705.5,2688.11,2710.7,2700.87,2704.8
3237,3246.73,3235.21,3237.19,3234.81,3232.94,3236.52,3235.7,3234.05
3311.57,3311.81,3313.81,3313.85,3310.36,3312.23,3314.35,3312.8,3325.22
3535.1,3534.24,3536.37,3537.06,3538.84,3538.93,3537.15,3536.01,3535.6
3980.82,3980.46,3970.16,3980.88,3980.82,3977.55,3976.7,3977.73,3977.78
4000,4000,4000,4000,4000,4000,4000,4000,4000
4000,4000,4000,4000,4000,4000,4000,4000,4000
4000,4000,4000,4000,4000,4000,4000,4000,4000
4000,4000,4000,4000,4000,4000,4000,4000,4000
4000,4000,4000,4000,4000,4000,4000,4000,4000
4000,4000,4000,4000,4000,4000,4000,4000,4000
3273.67,3255.7,3273.88,3271.77,3273.85,3262.63,3274.17,3273.77,3273.16
343.635,343.406,2613.21,342.215,336.363,344.187,344.295,344.597,339.576
-945.034,2598.34,-944.597,-944.597,-944.597,-944.597,-944.597,-944.597,-944.597
372.677,357.062,360.845,367.318,367.355,2782.57,367.446,367.446,367.446
3161.29,3160.05,3169.01,3162.38,3162.39,3162.16,3163.19,3158.6,3163.25
3177.47,3178.69,3178.98,3177.04,3173.71,3177.61,3177.73,3176.61,3178.8
3299.29,3299.83,3297.69,3297.87,3297.47,3298.27,3296.74,3298.06,3300.3
3951.81,3944.79,3945.77,3949.39,3946.48,3950.67,3952.93,3952.99,3951.04
4000,4000,4000,4000,4000,4000,4000,4000,4000
4000,4000,4000,4000,4000,4000,4000,4000,4000
4000,4000,4000,4000,4000,4000,4000,4000,4000
4000,4000,4000,4000,4000,4000,4000,4000,4000
4000,4000,4000,4000,4000,4000,4000,4000,4000
4000,4000,4000,4000,4000,4000,4000,4000,4000
3234.55,3234.11,3222.16,3238.99,3238.96,3236.66,3235.05,3238.58,3222.69
205.549,214.245,214.533,211.276,211.719,214.494,214.587,214.768,2673.42
2718.14,-423.848,-423.71,-423.848,-423.848,-423.848,-423.848,-423.848,-423.848
868.584,852.653,2785.22,851.992,849.244,855.606,856.371,854.072,855.333
3103.94,3103.71,3103.76,3081.83,3103.4,3104.4,3104.1,3103.71,3112.83
3103.08,3096.51,3102.09,3103.19,3103.15,3101.96,3102.89,3102.46,3150.23
3179.18,3176.84,3178.32,3177.81,3183.58,3179.53,3177.39,3178.38,3179.46
3919.3,3915.67,3922.16,3920.98,3916.47,3919.84,3918.95,3914.26,3916.76
4000,4000,4000,4000,4000,4000,4000,4000,4000
4000,4000,4000,4000,4000,4000,4000,4000,4000
4000,4000,4000,4000,4000,4000,4000,4000,4000
4000,4000,4000,4000,4000,4000,4000,4000,4000
4000,4000,4000,4000,4000,4000,4000,4000,4000
4000,4000,4000,4000,4000,4000,4000,4000,4000
3428.18,3439.68,3434,3441.92,3437.11,3440.62,3441.25,3436.58,3440.6
2208.59,2780.03,2194.6,2194.95,2203.94,2188.37,2194.83,2209.83,2196.63
909.085,909.527,914.375,910.185,912.016,912.535,911.316,2855.46,909.983
574.021,561.457,563.953,573.991,2738.87,574.046,574.046,574.046,574.046
3071.87,3062.91,3069.63,3072.06,3072.06,3072.25,3072.66,3072.41,3071.68
3080.38,3080.8,3079.68,3080.08,3080.68,3080.05,3079.65,3078.66,3078.62
3141.98,3139.46,3139.7,3138.92,3139.23,3137.25,3137.3,3138.83,3136.56
3897.96,3889.72,3897.33,3892.95,3891.89,3893.37,3889.49,3896.36,3896.35
4000,4000,4000,4000,4000,4000,4000,4000,4000
4000,4000,4000,4000,4000,4000,4000,4000,4000
4000,4000,4000,4000,4000,4000,4000,4000,4000
4000,4000,4000,4000,4000,4000,4000,4000,4000
4000,4000,4000,4000,4000,4000,4000,4000,4000
4000,4000,4000,4000,4000,4000,4000,4000,4000
3446.6,3444.74,3443.15,3433.99,3415.33,3446.15,3446.68,3442.94,3445.77
2371.85,2371.79,2950.58,2357.84,2368.27,2357.51,2366.88,2372.33,2371.83
-58.4883,2851.97,-76.0654,-76.0206,-76.0871,-76.3729,-80.1992,-76.0266,-82.8041
1925.14,1932.3,1936,1936.51,1937.1,1936.9,1921.94,1941.97,3079.16
3171.54,3130.67,3130.73,3129.91,3130.17,3129.62,3129.56,3130.69,3128.16
3133.06,3166.36,3131.3,3131.91,3129.34,3130.45,3132.99,3131.98,3132.69
3236.41,3216.53,3217.24,3216.83,3217.38,3217.09,3216.92,3217.77,3217.36
3909.85,3912.79,3916.18,3912.15,3908.75,3907.51,3914.75,3915.28,3913.43
4000,4000,4000,4000,4000,4000,4000,4000,4000
4000,4000,4000,4000,4000,4000,4000,4000,4000
4000,4000,4000,4000,4000,4000,4000,4000,4000
4000,4000,4000,4000,4000,4000,4000,4000,4000
4000,4000,4000,4000,4000,4000,4000,4000,4000
4000,4000,4000,4000,4000,4000,4000,4000,4000
3754.24,3752.34,3758.61,3757.47,3756.82,3754.92,3755.45,3753.3,3753.59
1473.68,1474.08,1462.18,1454.39,1454.41,1474.05,1474.11,2967.39,1464.69
1085.59,1097.6,1085.59,1085.56,1085.49,1085.4,1076.18,3029,1085.6
2047.17,2033.09,2039.89,2032.08,2033.01,2053.72,3167.99,2060.93,2040.25
3084.89,3085.22,3085.04,3172.89,3077.23,3085.08,3071.46,3058.4,3083.9
3137.55,3136.94,3135.39,3136.53,3135.7,3136.72,3266.62,3136.76,3136.37
3222.42,3224.8,3224.24,3224.37,3222.64,3224.56,3230.27,3224.83,3223.51
3905.03,3903.57,3908.65,3899.72,3903.95,3903.65,3902.66,3903.36,3905.58
4000,4000,4000,4000,4000,4000,4000,4000,4000
4000,4000,4000,4000,4000,4000,4000,4000,4000
4000,4000,4000,4000,4000,4000,4000,4000,4000
4000,4000,4000,4000,4000,4000,4000,4000,4000
4000,4000,4000,4000,4000,4000,4000,4000,4000
4000,4000,4000,4000,4000,4000,4000,4000,4000
3372.54,3374.97,3379.11,3384.02,3400.51,3394.73,3398.27,3400.74,3398.74
2252.26,2930.23,2251.96,2270.45,2271.11,2260.91,2255.05,2257.45,2274.79
-246.798,-247.346,-241.356,-243.35,-241.314,-243.853,-236.897,-244.713,2613.84
1552.12,1569.05,1552.78,3074.87,1554.7,1554.93,1549.91,1554.01,1538.55
3152.91,3154.24,3153.94,3153.59,3148.22,3152.97,3182.63,3153.69,3153.56
3178.22,3180.85,3181.62,3182.47,3180.49,3188.86,3182.28,3182.4,3179.08
3433.86,3435.11,3435.12,3434.53,3434.48,3432.54,3435.02,3434.36,3435.44
3964.27,3961.61,3963.84,3966.86,3954.1,3963.13,3963.47,3963.66,3961.05
4000,4000,4000,4000,4000,4000,4000,4000,4000
4000,4000,4000,4000,4000,4000,4000,4000,4000
4000,4000,4000,4000,4000,4000,4000,4000,4000
4000,4000,4000,4000,4000,4000,4000,4000,4000
4000,4000,4000,4000,4000,4000,4000,4000,4000
4000,4000,4000,4000,4000,4000,4000,4000,4000
3418.24,3400.13,3415.99,3416.76,3417.8,3416.48,3402.99,3417.89,3418.6
2836.83,2828.91,2833.75,2837.07,2837.35,2835.32,3044.22,2833.02,2827.67
2785.83,2805.45,2781.51,2798.82,2803.66,2803.58,2788.51,2902.16,2788.26
3206.15,3204.66,3203.3,3179.09,3203.1,3209.84,3206.45,3203.68,3205.03
3223.55,3220.66,3222.06,3219.96,3219.75,3223.86,3224.23,3223.18,3222.17
3217.41,3216.85,3216.92,3215.83,3217.37,3216.51,3217.22,3221.02,3217.18
3691.95,3694.2,3695.59,3691.38,3695.75,3693.22,3692.03,3700.12,3694.34
3986.34,3982.4,3981.2,3978.29,3987.68,3981.97,3985.63,3983.12,3985.48
4000,4000,4000,4000,4000,4000,4000,4000,4000
4000,4000,4000,4000,4000,4000,4000,4000,4000
4000,4000,4000,4000,4000,4000,4000,4000,4000
4000,4000,4000,4000,4000,4000,4000,4000,4000
4000,4000,4000,4000,4000,4000,4000,4000,4000
4000,4000,4000,4000,4000,4000,4000,4000,4000
3722.28,3723.71,3725.3,3719.56,3724.74,3720.59,3721.11,3723.51,3718.11
2459.77,2471.71,2461.65,2458.85,2461.99,2465.31,2466.35,2456.66,2746.71
2805.25,2821.27,2823.43,2812.5,2822.95,2819.25,2822.79,2977.17,2814.67
3176.2,3175.91,3177.2,3175.5,3177.06,3149.2,3177.51,3175,3177.2
3320.46,3318.9,3320.25,3319.17,3318.57,3320.78,3318.31,3317.1,3319.33
3370.57,3365.74,3369.6,3370.41,3370.58,3372.04,3371.92,3366.5,3369.63
3855.26,3857.47,3852.13,3855.83,3859.98,3857.72,3853.36,3852.76,3858.2
3996.37,3995.12,3999.03,3989.31,3992.95,4000,4000,4000,4000
4000,4000,4000,4000,4000,4000,4000,4000,4000
4000,4000,4000,4000,4000,4000,4000,4000,4000
4000,4000,4000,4000,4000,4000,4000,4000,4000
4000,4000,4000,4000,4000,4000,4000,4000,4000
4000,4000,4000,4000,4000,4000,4000,4000,4000
4000,4000,4000,4000,4000,4000,4000,4000,4000
3487,3494.71,3487.95,3480.83,3460.32,3493.43,3489.97,3487.74,3486.8
2543.86,2684.5,2557.66,2538.43,2554.82,2535.9,2557.45,2547.1,2553.32
2991.47,2986.65,2968.07,2995.09,2991.49,2989.8,2972.51,2989.83,2991.35
3274.96,3275.71,3272.69,3276.05,3277.15,3272.88,3276.07,3278.53,3277.39
3361.74,3363.48,3362,3360.13,3347.72,3361.83,3362.53,3362.82,3363.04
3536.86,3534.78,3535.2,3537.54,3527.88,3536.57,3538.3,3537.21,3538.23
3902.27,3899.53,3897.18,3897.96,3902.94,3900.09,3896.05,3901.03,3897.42
3990.47,4000,4000,4000,4000,4000,4000,4000,4000
4000,4000,4000,4000,4000,4000,4000,4000,4000
4000,4000,4000,4000,4000,4000,4000,4000,4000
4000,4000,4000,4000,4000,4000,4000,4000,4000
4000,4000,4000,4000,4000,4000,4000,4000,4000
4000,4000,4000,4000,4000,4000,4000,4000,4000
4000,4000,4000,4000,4000,4000,4000,4000,4000
3375.76,3373.71,3377.93,3372.64,3367.16,3376.19,3376.82,3373.4,3378.91
1982.6,1979.51,2841.01,1976.89,1974.11,1981.77,1967.57,1974.34,1982.01
1575.18,1558.62,1568.9,1575.44,1559.33,1557.89,1555.24,1555.31,2811.99
3068.67,3066.93,3069.57,3069.3,3046.09,3042.38,3067.49,3068.99,3066.33
3346.03,3346.41,3348.51,3345.97,3345.22,3346.31,3346.28,3345.89,3347.1
3472.14,3473.52,3473.45,3472.75,3472.4,3472.23,3471.05,3471.63,3473.46
3770.64,3774.9,3770.45,3770.72,3760.97,3770.75,3771.85,3772.84,3768.76
3994.88,3995.66,3996.98,3992.69,3993.96,3990.28,3990.98,4000,4000
4000,4000,4000,4000,4000,4000,4000,4000,4000
4000,4000,4000,4000,4000,4000,4000,4000,4000
4000,4000,4000,4000,4000,4000,4000,4000,4000
4000,4000,4000,4000,4000,4000,4000,4000,4000
4000,4000,4000,4000,4000,4000,4000,4000,4000
4000,4000,4000,4000,4000,4000,4000,4000,4000
3693.82,3708.79,3710.63,3701.66,3708.75,3706.94,3708.21,3710.85,3704.88
2649.99,1698.04,1695.27,1698.22,1695.26,1697.61,1703.76,1693.51,1703.11
2007.59,2002.27,2705.32,2001.78,2001.28,2003.7,1992.45,1991.01,2002.41
1696.56,2954.49,1690.74,1690.82,1690.52,1699.46,1713.24,1693.16,1693.36
3206.63,3209.26,3208.85,3208.65,3209.5,3208.32,3206.61,3207.75,3205.28
3323.03,3323.44,3322.55,3322.82,3321.16,3324.15,3322.22,3323.42,3325.96
3576.21,3572.88,3576.97,3573.35,3573.3,3573.05,3576.07,3574.49,3578.35
3982.1,3975.45,3977.44,3984.62,3982.29,3981.47,3983.22,3983.74,3980.53
4000,4000,4000,4000,4000,4000,4000,4000,4000
4000,4000,4000,4000,4000,4000,4000,4000,4000
4000,4000,4000,4000,4000,4000,4000,4000,4000
4000,4000,4000,4000,4000,4000,4000,4000,4000
4000,4000,4000,4000,4000,4000,4000,4000,4000
4000,4000,4000,4000,4000,4000,4000,4000,4000
3725.31,3730.18,3731.67,3716.74,3712.78,3733.04,3729.08,3727.6,3730.59
2903.16,2931.48,2917.02,2927.35,2909.47,2931.14,2930.41,2932.38,2903.55
3040.06,3055.4,3039.55,3056.23,3032.38,3057.07,3056.42,3051.34,3031.81
3175.57,3186.02,3201.43,3203.95,3205.58,3204.5,3205.28,3199.9,3202.74
3313.87,3315.7,3311.36,3314.39,3315.45,3315.39,3313.3,3315.87,3314.72
3230.19,3228.88,3230.03,3230.27,3229.86,3225.99,3249.91,3229.31,3225.64
3378.99,3375.23,3378.29,3374.64,3377.23,3376.56,3387.32,3377.69,3378.79
3960.32,3957.96,3957.93,3962.93,3961.26,3958.34,3963.27,3962.57,3953.5
4000,4000,4000,4000,4000,4000,4000,4000,4000
4000,4000,4000,4000,4000,4000,4000,4000,4000
4000,4000,4000,4000,4000,4000,4000,4000,4000
4000,4000,4000,4000,4000,4000,4000,4000,4000
4000,4000,4000,4000,4000,4000,4000,4000,4000
4000,4000,4000,4000,4000,4000,4000,4000,4000
3051.99,3072.33,3072.68,3044.64,3054.51,3052.49,3068.4,3072.19,3041.98
-200.263,-203.658,-198.995,-203.645,2774.01,-203.122,-202.65,-203.336,-201.271
99.7348,99.848,99.8552,99.8602,94.0857,95.5848,2721.74,99.8655,99.8655
2644.62,2935.03,2641.46,2648.55,2643.52,2658.81,2635.77,2653.26,2645.98
3160.98,3160.63,3163.44,3160.91,3160.96,3163.41,3160.58,3163.61,3178.57
3175.02,3175.02,3174.97,3175.12,3174.91,3173.58,3172.46,3172.92,3172.07
3290.5,3289.32,3288.41,3288.61,3287.19,3289,3289.64,3291.48,3290.89
3954.49,3946.66,3956.72,3950.06,3955.18,3956.41,3956.94,3951.93,3951.85
4000,4000,4000,4000,4000,4000,4000,4000,4000
4000,4000,4000,4000,4000,4000,4000,4000,4000
4000,4000,4000,4000,4000,4000,4000,4000,4000
4000,4000,4000,4000,4000,4000,4000,4000,4000
4000,4000,4000,4000,4000,4000,4000,4000,4000
4000,4000,4000,4000,4000,4000,4000,4000,4000
3297.38,3297.02,3291.49,3296.75,3297.78,3287.12,3266.51,3297.37,3301.98
711.477,713.467,708.893,2802.96,714.397,709.104,712.299,709.536,714.004
2863.1,-40.2789,-41.5094,-34.9072,-39.8504,-41.3322,-35.042,-39.5503,-39.8601
2112.31,2113.1,2125.23,2923.49,2118.11,2111.23,2112.04,2115.44,2120.72
3136.26,3134.84,3138.51,3135.88,3135.69,3135.51,3134.66,3136.39,3135.46
3157.81,3158.33,3157.73,3157.79,3158.88,3158.8,3157.78,3158.77,3174.57
3244.23,3243.6,3241.23,3244.36,3244,3242.82,3244.1,3275.11,3244.32
3952.41,3949.35,3954.64,3956.9,3948.84,3957.35,3951.99,3956.58,3952.69
4000,4000,4000,4000,4000,4000,4000,4000,4000
4000,4000,4000,4000,4000,4000,4000,4000,4000
4000,4000,4000,4000,4000,4000,4000,4000,4000
4000,4000,4000,4000,4000,4000,4000,4000,4000
4000,4000,4000,4000,4000,4000,4000,4000,4000
4000,4000,4000,4000,4000,4000,4000,4000,4000
3434.24,3430.98,3432.08,3424.81,3433.05,3434.57,3434.19,3433.28,3432.74
589.779,608.117,577.849,589.913,587.07,2959.42,589.945,589.945,589.945
671.818,671.868,671.849,671.864,658.83,660.453,659.254,662.086,3322.41
2110.68,2124.06,2123.55,3263.31,2125.69,2123.84,2124.65,2123.8,2123.83
3070.1,3080.37,3285.08,3095.6,3097.05,3097.31,3097.56,3096.13,3096.14
3112.31,3113.33,3111.88,3369.35,3110.64,3112.81,3110.34,3112.17,3111.81
3181.04,3180.99,3178.52,3181,3181.25,3288.45,3180.32,3180.7,3181.7
3913.3,3913.48,3909.79,3914.2,3912.45,3917.2,3909.96,3914.18,3909.93
4000,4000,4000,4000,4000,4000,4000,4000,4000
4000,4000,4000,4000,4000,4000,4000,4000,4000
4000,4000,4000,4000,4000,4000,4000,4000,4000
4000,4000,4000,4000,4000,4000,4000,4000,4000
4000,4000,4000,4000,4000,4000,4000,4000,4000
4000,4000,4000,4000,4000,4000,4000,4000,4000
3201.37,3204.17,3181.72,3179.25,3201.49,3201.02,3198.55,3172.34,3204.03
-96.4923,-72.7402,-96.6237,3038.3,-95.3389,-92.6567,-96.8921,-96.765,-96.7617
2970.61,-227.427,-222.747,-224.742,-227.101,-226.132,-224.501,-225.971,-195.435
1523.86,1520.75,1523.73,1517.3,1523.73,3130.78,1524.7,1514.93,1523.6
3033.18,3024.49,3034.31,3033.45,3033.39,3032.72,3034.14,3029.58,3265.19
3120.35,3121.39,3121.33,3121.24,3120.99,3120.42,3325.56,3120.67,3121.3
3230.17,3228.33,3229.6,3229.25,3223.85,3241.35,3228.43,3229.84,3228.87
3928.46,3924.49,3918.75,3928.25,3924.53,3926.09,3931.53,3929.71,3926.21
4000,4000,4000,4000,4000,4000,4000,4000,4000
4000,4000,4000,4000,4000,4000,4000,4000,4000
4000,4000,4000,4000,4000,4000,4000,4000,4000
4000,4000,4000,4000,4000,4000,4000,4000,4000
4000,4000,4000,4000,4000,4000,4000,4000,4000
4000,4000,4000,4000,4000,4000,4000,4000,4000
3303.17,3302.73,3279.23,3299.27,3279.28,3302.54,3303.55,3302.65,3299.63
1009.8,1018.92,1007.58,2903.14,1007.47,1007.51,1016.13,1008.44,1017.3
1039.01,2852.78,1044.1,1044.1,1044.1,1044.1,1044.1,1044.1,1044.1
2001.81,2021.52,2022.54,3086.31,2021.74,2021.95,2022.36,2019.29,2022.38
3137.45,3135.45,3137.46,3236.25,3136.88,3137.42,3137.06,3136.28,3137.8
3154.48,3153.84,3156.49,3156.26,3155.01,3324.74,3156.77,3156.36,3156.1
3409.39,3410.53,3411.59,3411.63,3411.87,3410.7,3447.16,3410.6,3411.76
3953.27,3952.73,3947.2,3947.59,3951.85,3951.22,3944.62,3944.13,3945.83
4000,4000,4000,4000,4000,4000,4000,4000,4000
4000,4000,4000,4000,4000,4000,4000,4000,4000
4000,4000,4000,4000,4000,4000,4000,4000,4000
4000,4000,4000,4000,4000,4000,4000,4000,4000
4000,4000,4000,4000,4000,4000,4000,4000,4000
4000,4000,4000,4000,4000,4000,4000,4000,4000
2725.02,2728.44,2721.4,2803.93,2710.73,2718.5,2725.89,2727.1,2728.77
-767.775,-768.185,-767.011,-767.836,2313.66,-766.93,-767.166,-767.491,-768.127
-633.513,-636.016,-633.503,-633.491,-634.882,2552.34,-633.638,-635.519,-636.321
2985.62,2062.3,2059.87,2063.54,2048.25,2050.2,2062.07,2063.31,2061.02
3204,3204.19,3203.55,3204.2,3203.67,3191.35,3203.16,3201.96,3319.8
3264.78,3264.95,3265.44,3265.24,3259.76,3264.26,3375.01,3265.35,3265.25
3665.98,3659.46,3669.32,3663.63,3665.53,3667.93,3667.92,3662.68,3707.73
3984.52,3986.35,3988.3,3986.54,3984.63,3986.09,3984.31,3984.85,3984.52
4000,4000,4000,4000,4000,4000,4000,4000,4000
4000,4000,4000,4000,4000,4000,4000,4000,4000
4000,4000,4000,4000,4000,4000,4000,4000,4000
4000,4000,4000,4000,4000,4000,4000,4000,4000
4000,4000,4000,4000,4000,4000,4000,4000,4000
4000,4000,4000,4000,4000,4000,4000,4000,4000
3237.38,3268,3262.83,3267.69,3239.71,3266.84,3272.31,3263.01,3242.19
1258.45,1260.04,1271.92,1266.69,1265.95,1258.61,1262.67,2942.38,1272.1
-528.878,-528.956,-528.81,-528.787,-528.766,-528.789,-528.788,-532.353,2236.5
2021.99,1998.86,2022.04,2022.15,2021.75,2020.64,2022.19,2980.01,2021.21
3291.42,3290.71,3290.46,3339.65,3289.47,3289.2,3281.02,3289.77,3290.7
3374.45,3374.28,3372.04,3374.03,3373.82,3549.8,3373.91,3374.71,3372.31
3840.27,3841.44,3842.91,3840.45,3835.64,3838.96,3838.35,3847.25,3840.34
3991.66,3985.23,3994.37,3994.71,3995.15,3991.64,3990.75,3990.44,3988.46
4000,4000,4000,4000,4000,4000,4000,4000,4000
4000,4000,4000,4000,4000,4000,4000,4000,4000
4000,4000,4000,4000,4000,4000,4000,4000,4000
4000,4000,4000,4000,4000,4000,4000,4000,4000
4000,4000,4000,4000,4000,4000,4000,4000,4000
4000,4000,4000,4000,4000,4000,4000,4000,4000
3101.83,3123.57,3106.42,3108.26,3098.51,3098.74,3119.33,3116.29,3102.45
1994.53,1994.6,1994.58,1994.7,1993.95,1994.43,1993.95,1994.29,2762.56
2870.95,2887.76,2870.89,2871.12,2868.65,2870.49,2863.56,2870.15,2845.73
3201.73,3205.12,3207.04,3205.59,3203.56,3205.15,3234.88,3206.87,3203.91
3330.56,3333.15,3331.03,3331.71,3333.18,3331.83,3563.43,3332.8,3330.82
3526.42,3523.89,3527.97,3527.33,3743.54,3525.4,3527.08,3527.76,3523.81
3876.34,3871,3876.33,3873.57,3875.5,3877.22,3878.31,3877.96,3877.98
3990.56,3993.25,4000,4000,4000,4000,4000,4000,4000
4000,4000,4000,4000,4000,4000,4000,4000,4000
4000,4000,4000,4000,4000,4000,4000,4000,4000
4000,4000,4000,4000,4000,4000,4000,4000,4000
4000,4000,4000,4000,4000,4000,4000,4000,4000
4000,4000,4000,4000,4000,4000,4000,4000,4000
4000,4000,4000,4000,4000,4000,4000,4000,4000
2604.42,2600.14,2606.07,2657.29,2604.58,2603.71,2598.57,2590.05,2598.63
-201.994,-202.062,-202.555,-201.562,-202.368,2644.63,-197.291,-202.833,-201.372
833.917,824.39,833.774,833.494,831.921,833.356,822.523,830.845,2518.35
3091.85,3093.25,3093.59,3095.04,3094.1,3084.9,3067.58,3094.37,3087.55
3291.53,3260.85,3292.57,3290.92,3291.42,3289.18,3279.61,3289.57,3291.08
3379.83,3379.99,3380.83,3379.92,3375.45,3379.36,3380.42,3378.05,3378.82
3721.12,3722.26,3718.74,3718.31,3719.16,3718.26,3722.88,3721.08,3722.87
3996.59,3994.5,3992.85,3991.25,3988.08,4000,4000,4000,4000
4000,4000,4000,4000,4000,4000,4000,4000,4000
4000,4000,4000,4000,4000,4000,4000,4000,4000
4000,4000,4000,4000,4000,4000,4000,4000,4000
4000,4000,4000,4000,4000,4000,4000,4000,4000
4000,4000,4000,4000,4000,4000,4000,4000,4000
4000,4000,4000,4000,4000,4000,4000,4000,4000
3096.64,3101.49,3103.87,3086.43,3101.38,3100.95,3104.79,3102.62,3083.97
-334.37,-333.633,-333.24,2552.33,-333.448,-333.572,-332.394,-334.964,-318.446
-881.792,-881.686,-881.594,-881.581,-881.828,-881.8,-881.486,2570.8,-876.267
1126.49,2856.84,1113.54,1112.3,1122.31,1115.83,1114.36,1119.67,1118.14
3183.09,3181.59,3183.78,3182.69,3182.38,3182.8,3184.76,3183.51,3230.11
3278.51,3278.04,3282.66,3279.09,3276.85,3275.85,3279.43,3274.95,3279.46
3528.7,3533.11,3533.37,3533.17,3530.91,3530.77,3529.8,3533.18,3527.49
3988.57,3983.71,3984.05,3983.5,3988.68,3984.64,3986.16,3987.26,3983.06
4000,4000,4000,4000,4000,4000,4000,4000,4000
4000,4000,4000,4000,4000,4000,4000,4000,4000
4000,4000,4000,4000,4000,4000,4000,4000,4000
4000,4000,4000,4000,4000,4000,4000,4000,4000
4000,4000,4000,4000,4000,4000,4000,4000,4000
4000,4000,4000,4000,4000,4000,4000,4000,4000
2319.47,2312.56,2331.55,2468.99,2329.96,2329.04,2310.23,2318.37,2324.71
-783.251,-783.141,-783.216,-783.242,-784.446,-783.188,-783.599,2126.46,-783.598
-885.911,-885.832,-885.936,2757.16,-886.183,-885.961,-885.815,-885.782,-886.03
1654.4,1654.48,1653.78,1654.43,1654.25,1654.37,1634.08,1652.06,2932.6
3222.02,3220.16,3221.96,3220.56,3220.38,3252.3,3221.68,3221.27,3219.48
3243.38,3244.2,3244.24,3241.19,3244.18,3243.99,3240.49,3242.54,3242.22
3420.61,3425.33,3419.78,3421.15,3420.1,3423.53,3421.5,3423.55,3425.27
3976.4,3972.04,3976.5,3975.94,3974.26,3967.8,3967.24,3969.73,3968.16
4000,4000,4000,4000,4000,4000,4000,4000,4000
4000,4000,4000,4000,4000,4000,4000,4000,4000
4000,4000,4000,4000,4000,4000,4000,4000,4000
4000,4000,4000,4000,4000,4000,4000,4000,4000
4000,4000,4000,4000,4000,4000,4000,4000,4000
4000,4000,4000,4000,4000,4000,4000,4000,4000
3391.99,3393.64,3394.6,3391.4,3366.85,3392.04,3392.59,3399.41,3391.41
1512.87,2789.97,1515.76,1508.57,1511.21,1515.77,1511.24,1512.24,1516.82
212.065,202.426,212.051,212.05,203.028,209.275,2879.69,212.083,212.083
2400.14,2393.4,2401.57,2382.32,2400.66,2400.08,2381.4,2382.18,2887.55
3219.28,3220.16,3217.88,3220.76,3220.01,3248.16,3220.64,3220.9,3220.73
3225.11,3224.65,3225.93,3226.67,3225.53,3225.06,3224.08,3223.27,3224.04
3371.94,3356.12,3357.8,3359.51,3357.7,3358.58,3360.15,3358.96,3359.23
3970.05,3966.21,3969.45,3969.22,3973.75,3970.23,3967.05,3972.39,3969.41
4000,4000,4000,4000,4000,4000,4000,4000,4000
4000,4000,4000,4000,4000,4000,4000,4000,4000
4000,4000,4000,4000,4000,4000,4000,4000,4000
4000,4000,4000,4000,4000,4000,4000,4000,4000
4000,4000,4000,4000,4000,4000,4000,4000,4000
4000,4000,4000,4000,4000,4000,4000,4000,4000
3463.13,3459.26,3463.17,3462.39,3462.88,3462.9,3461.63,3462.75,3462.42
2563.5,2568.23,2564.54,2565.11,2559.95,2567.94,2566.97,2565.35,3308.36
1607.97,1627.95,1607.02,1607.73,1625.07,2982.83,1627.98,1627.98,1627.98
2161.41,2172.94,2991.05,2175.88,2176.54,2154.22,2178.94,2155.4,2153.97
3134.88,3133.89,3134.42,3134.87,3134,3134.63,3133.39,3134.79,3252.64
3164.99,3165.3,3165.81,3165.57,3164.95,3164.36,3164.58,3165.14,3211.91
3279.67,3279.97,3276.43,3281.71,3280.57,3281.67,3281.86,3279,3281.62
3953.61,3963.92,3953.39,3958.72,3963.79,3953.67,3958.43,3959.48,3958.11
4000,4000,4000,4000,4000,4000,4000,4000,4000
4000,4000,4000,4000,4000,4000,4000,4000,4000
4000,4000,4000,4000,4000,4000,4000,4000,4000
4000,4000,4000,4000,4000,4000,4000,4000,4000
4000,4000,4000,4000,4000,4000,4000,4000,4000
4000,4000,4000,4000,4000,4000,4000,4000,4000
3320.78,3319.58,3322.76,3320.4,3320.33,3322.38,3320.24,3322.32,3366.89
3293.21,2632.23,2643.77,2617.34,2622.52,2642.45,2618.5,2642.1,2643.1
2099.14,2102.38,2102.21,2101.35,3137.54,2099.71,2102.96,2102.78,2102.4
2906.41,2903.59,2883.93,2885.25,3249.15,2907.09,2905.55,2903.06,2905.43
3110.36,3107.06,3082.29,3110.2,3420.36,3110.33,3108.07,3109.98,3109.42
3104.76,3104.74,3102.73,3105.25,3104.95,3102.29,3548.14,3103.49,3104.44
3152.49,3153.79,3153.15,3153.69,3152.78,3153.51,3381.86,3152.37,3153.29
3929.58,3927.45,3933.99,3930.69,3930.83,3937.12,3929.01,3930.58,3936.2
4000,4000,4000,4000,4000,4000,4000,4000,4000
4000,4000,4000,4000,4000,4000,4000,4000,4000
4000,4000,4000,4000,4000,4000,4000,4000,4000
4000,4000,4000,4000,4000,4000,4000,4000,4000
4000,4000,4000,4000,4000,4000,4000,4000,4000
4000,4000,4000,4000,4000,4000,4000,4000,4000
3533.84,3554.39,3535.2,3550.16,3553.77,3550.83,3552.57,3555.34,3540.46
1023.54,1015.52,2842.93,1016.02,1010.1,1007.46,1009.49,1023.41,1007.63
224.283,224.301,224.322,224.32,218.765,3432,224.326,224.326,224.326
2697.86,2693.51,2704.2,2703.17,2702.65,2703.55,3453.78,2692.81,2704.64
3130.63,3136.6,3129.38,3130.85,3126.94,3130.55,3130.77,3129.35,3379.32
3143.15,3141.57,3142.73,3140.33,3137.06,3244.36,3142.06,3143.39,3142.92
3291.97,3293.04,3289.51,3292.56,3321.75,3293.55,3292.58,3293.08,3289.98
3943.93,3943.77,3950.25,3946.55,3949.48,3951.75,3953,3950.52,3945.66
4000,4000,4000,4000,4000,4000,4000,4000,4000
4000,4000,4000,4000,4000,4000,4000,4000,4000
4000,4000,4000,4000,4000,4000,4000,4000,4000
4000,4000,4000,4000,4000,4000,4000,4000,4000
4000,4000,4000,4000,4000,4000,4000,4000,4000
4000,4000,4000,4000,4000,4000,4000,4000,4000
3338.03,3334.09,3333.97,3307.63,3333.8,3334.83,3335.58,3336.45,3348.39
881.957,868.227,2350.4,870.166,881.926,876.868,882.365,876.386,873.978
-834.336,-834.315,-835.176,-835.456,-835.343,-835.047,-834.89,-828.464,3082.64
1848.47,1819.51,1815.75,1838.13,1818.83,1818.96,4846.39,1877.3,1891.76
3152.77,3386.83,3150.03,3150.58,3149.97,3150.82,3151.37,3152.41,3153.24
3163.04,3161.03,3159.89,3161.18,3160.5,3340.34,3161.84,3162.84,3157.83
3421.59,3418.03,3423.95,3424.02,3422.61,3423,3463.21,3421.4,3423.6
3949.34,3953.46,3948.63,3953.89,3943.66,3947.76,3948.07,3945.01,3951.88
4000,4000,4000,4000,4000,4000,4000,4000,4000
4000,4000,4000,4000,4000,4000,4000,4000,4000
4000,4000,4000,4000,4000,4000,4000,4000,4000
4000,4000,4000,4000,4000,4000,4000,4000,4000
4000,4000,4000,4000,4000,4000,4000,4000,4000
4000,4000,4000,4000,4000,4000,4000,4000,4000
2751.18,2751.09,2766.37,2772.58,2766.41,2795.77,2759.37,2774.74,2772.35
-122.613,-125.938,-119.466,-120.411,-126.165,-119.35,2440.9,-121.791,-119.358
905.146,890.007,905.067,905.236,904.296,905.75,905.114,3025.75,905.236
3103.59,3092.75,3102.89,3100.76,3104.09,3302.39,3103.23,3104.38,3101.3
3185.95,3185.75,3182.6,3185.84,3182.13,3184.64,3185.77,3185,3499.62
3239.53,3236.95,3495.2,3239.16,3236.91,3237.39,3237.16,3236.93,3238.06
3605.59,3606.21,3602.18,3605.41,3602.29,3799.12,3604.7,3604.96,3603.09
3970.63,3973.92,3969.63,3974.02,3968.75,3973.87,3973.78,3972.43,3975.47
4000,4000,4000,4000,4000,4000,4000,4000,4000
4000,4000,4000,4000,4000,4000,4000,4000,4000
4000,4000,4000,4000,4000,4000,4000,4000,4000
4000,4000,4000,4000,4000,4000,4000,4000,4000
4000,4000,4000,4000,4000,4000,4000,4000,4000
4000,4000,4000,4000,4000,4000,4000,4000,4000
2976.66,2991.99,2984.31,2990.24,2978.02,2998.44,2999.24,2999.78,3030.07
426.364,426.167,426.413,432.556,427.116,427.083,2990.04,426.885,426.474
1819.49,1799.43,1819.44,1813.07,1805.77,1799.86,3240.88,1819.53,1819.53
3096.98,2504.05,2522.6,2505.76,2517.16,2522.43,2522.82,2522.05,2520.84
3252.06,3245.14,3252.97,3250.52,3250.15,3248.24,3251.61,3587.48,3253.5
3393.94,3397.71,3396.56,3394.99,3394.25,3397.57,3395.08,3395.27,3576.28
3812.51,3811.12,3808.78,3808.82,3808.78,3809.86,3810.73,3807.66,3924.55
3997.39,3996.12,3994.31,3994.28,3991.52,3991.56,4000,4000,4000
4000,4000,4000,4000,4000,4000,4000,4000,4000
4000,4000,4000,4000,4000,4000,4000,4000,4000
4000,4000,4000,4000,4000,4000,4000,4000,4000
4000,4000,4000,4000,4000,4000,4000,4000,4000
4000,4000,4000,4000,4000,4000,4000,4000,4000
4000,4000,4000,4000,4000,4000,4000,4000,4000
3116.7,3126.27,3105.36,3125.43,3107.77,3100.3,3125.2,3122.4,3124.78
1259.62,1259.9,1259.28,1259.97,1259.52,2601.89,1242.77,1242.14,1259.78
542.702,542.689,542.64,542.656,542.63,530.573,537.715,2787.96,542.722
2793.44,2776.6,2792.1,2784.66,2794,2793.15,2781.36,2899.67,2794.25
3293.82,3291.69,3290.47,3291.55,3291.88,3289.89,3294.41,3295.05,3293.37
3466.04,3464.27,3462.32,3463.03,3455.53,3464.69,3465.72,3464.67,3461.51
3801.99,3801.5,3802.77,3798.58,3790.07,3803.66,3801.02,3804.51,3800.6
4000,4000,4000,4000,4000,4000,4000,4000,4000
4000,4000,4000,4000,4000,4000,4000,4000,4000
4000,4000,4000,4000,4000,4000,4000,4000,4000
4000,4000,4000,4000,4000,4000,4000,4000,4000
4000,4000,4000,4000,4000,4000,4000,4000,4000
4000,4000,4000,4000,4000,4000,4000,4000,4000
4000,4000,4000,4000,4000,4000,4000,4000,4000
2408.29,2409.04,2398.5,2414.88,2403.41,2412.35,2409.07,2600.82,2413.58
-6.53078,-8.15468,-3.91162,-6.39975,-4.68978,2721.75,-5.70809,-7.24102,-3.72389
1659.64,1660.37,2691.57,1668.86,1660.53,1667.32,1661.05,1661.95,1660.42
2984.54,2956.46,2985.54,2995.36,2984.28,2985.52,2984.7,2979.19,2962.73
3251.01,3253.24,3250.88,3252.77,3254.31,3251.07,3254.55,3254.79,3254.78
3321.05,3323.95,3324.03,3322.66,3325.64,3323.04,3324.23,3324.03,3321.9
3628.68,3626.1,3628.3,3628.47,3623.54,3619.38,3628.75,3625.29,3627.49
3993.93,3990,3985.53,3990.35,3993.78,3984.7,3995.36,3986.7,3987.55
4000,4000,4000,4000,4000,4000,4000,4000,4000
4000,4000,4000,4000,4000,4000,4000,4000,4000
4000,4000,4000,4000,4000,4000,4000,4000,4000
4000,4000,4000,4000,4000,4000,4000,4000,4000
4000,4000,4000,4000,4000,4000,4000,4000,4000
4000,4000,4000,4000,4000,4000,4000,4000,4000
1959.15,2255.8,1948.69,1952.01,1956.97,1958.32,1952.86,1956.73,1958.04
-961.932,-961.947,2480.05,-961.95,-962.106,-961.951,-958.347,-961.95,-962.01
-996.625,-995.015,-995.538,-996.642,-996.638,-996.626,-996.64,2765.99,-996.625
54.9834,52.9069,52.4759,50.3443,66.8775,47.5522,49.7046,51.6299,3421.73
3092.93,3092.56,3072.17,3093.83,3228.26,3093.55,3090.79,3094.08,3094.38
3150.87,3151.32,3149.09,3149.51,3150.59,3151.99,3151.82,3150.85,3238.73
3348.61,3346.26,3348.7,3344.94,3348.78,3348.99,3706.83,3348.05,3348.37
3956.5,3944.77,3950.14,3950.97,3949.9,3949.93,3954.66,3954.14,3949.91
4000,4000,4000,4000,4000,4000,4000,4000,4000
4000,4000,4000,4000,4000,4000,4000,4000,4000
4000,4000,4000,4000,4000,4000,4000,4000,4000
4000,4000,4000,4000,4000,4000,4000,4000,4000
4000,4000,4000,4000,4000,4000,4000,4000,4000
4000,4000,4000,4000,4000,4000,4000,4000,4000
2866.78,2911.35,2894.05,2894.34,2890.74,2869.26,2865.56,2893.61,2881.14
-659.099,-658.199,-658.066,-658.056,-658.052,2668.78,-658.534,-658.337,-659.974
-969.537,-969.536,-969.536,-969.536,-969.537,-969.539,-969.773,-969.536,2523.66
1477.39,1477.3,1477.19,1477.38,1477.03,1483.1,3200.38,1481.33,1477.39
3107.21,3107.42,3106.43,3105.92,3105.87,3107.18,3107.39,3240.98,3103.93
3121.15,3121.58,3122.34,3136.96,3122.28,3120.29,3122.68,3122.67,3121.65
3217.95,3218.45,3218.73,3218.55,3218.88,3220.17,3217.04,3226.38,3219.11
3945.09,3946.48,3938.96,3947.66,3944.89,3947.8,3941.72,3939.41,3947.98
4000,4000,4000,4000,4000,4000,4000,4000,4000
4000,4000,4000,4000,4000,4000,4000,4000,4000
4000,4000,4000,4000,4000,4000,4000,4000,4000
4000,4000,4000,4000,4000,4000,4000,4000,4000
4000,4000,4000,4000,4000,4000,4000,4000,4000
4000,4000,4000,4000,4000,4000,4000,4000,4000
3168.2,3169.13,3169.34,3161,3144.2,3168.93,3144.04,3170.88,3171.07
43.6689,38.0198,43.6778,43.6439,42.3543,2782.5,43.7949,43.7142,43.7142
152.395,2809.53,145.946,148.19,146.931,149.192,145.827,144.542,152.2
1735.62,1735.42,3301.39,1735.57,1713.87,1735.1,1735.41,1735.63,1735.56
3124.9,3125.18,3124.46,3121.35,3125.17,3123.21,3124.81,3484.01,3124.78
3099.44,3099.37,3096.79,3099.37,3097.84,3098.74,3098.67,3098.51,3506.49
3185.39,3186.33,3186.43,3185.92,3187.22,3432.95,3186.24,3185.92,3184.47
3908.27,3909.87,3909.77,3905.88,3908.12,3903.24,3904.79,3902.52,3905.75
4000,4000,4000,4000,4000,4000,4000,4000,4000
4000,4000,4000,4000,4000,4000,4000,4000,4000
4000,4000,4000,4000,4000,4000,4000,4000,4000
4000,4000,4000,4000,4000,4000,4000,4000,4000
4000,4000,4000,4000,4000,4000,4000,4000,4000
4000,4000,4000,4000,4000,4000,4000,4000,4000
3405.01,3404.73,3405.06,3401.78,3406.56,3404.67,3402.49,3454.19,3404.51
3008.35,1424.98,1423.2,1423.22,1423.43,1421.86,1421.81,1421.81,1422.29
1070.69,1071.13,1071.25,1071.26,1054.74,1058.82,1067.64,3410.56,1071.27
2319.84,2328.53,2331.34,2332.8,2328.75,2312.91,2333.21,2329.57,3223.67
3100.85,3100.99,3099.91,3100.01,3100.96,3099.13,3100.91,3099.57,3697.06
3105.08,3106.29,3107.08,3106.62,3105.97,3737.28,3106.29,3107.19,3102.74
3199.53,3201.03,3200.31,3610.22,3202.76,3201.62,3202.13,3201.52,3202.44
3935.53,3935.67,3933.55,3937.47,3936.92,3935.06,3931.45,3930.88,3932.34
4000,4000,4000,4000,4000,4000,4000,4000,4000
4000,4000,4000,4000,4000,4000,4000,4000,4000
4000,4000,4000,4000,4000,4000,4000,4000,4000
4000,4000,4000,4000,4000,4000,4000,4000,4000
4000,4000,4000,4000,4000,4000,4000,4000,4000
4000,4000,4000,4000,4000,4000,4000,4000,4000
3289.3,3290.14,3289.44,3295.19,3288.67,3290.82,3288.16,3277.72,3289.66
2623.48,2627.53,3492.85,2597.06,2603.05,2601.4,2598.44,2616.62,2597.62
1215.22,1215.22,1215.24,1200.35,1207.72,3684.4,1215.24,1215.24,1212.67
1171.07,1171.12,1153.79,1164.1,3477.72,1171.16,1171.16,1171.16,1171.16
3087.84,3493.71,3081.83,3087.77,3083.35,3087.95,3087.4,3086.5,3086.9
3097.8,3099.61,3097.73,3097.37,3686.61,3097.67,3097.36,3097.55,3097.53
3131.93,3131.02,3128.46,3131.56,3132.56,3132.83,3133.02,3650.24,3132.99
3917.64,3916.64,3910.81,3919.35,3915.58,3917.16,3912.39,3915.9,3918.76
4000,4000,4000,4000,4000,4000,4000,4000,4000
4000,4000,4000,4000,4000,4000,4000,4000,4000
4000,4000,4000,4000,4000,4000,4000,4000,4000
4000,4000,4000,4000,4000,4000,4000,4000,4000
4000,4000,4000,4000,4000,4000,4000,4000,4000
4000,4000,4000,4000,4000,4000,4000,4000,4000
2916.93,2904.07,2896.85,2895.95,2920.59,2953.32,2905.09,2916.86,2896.53
-553.446,-553.459,-557,-556.656,-556.03,-554.177,3049.36,-553.429,-553.429
-515.433,-515.708,-515.44,-515.436,-517.645,-511.704,3342.05,-515.426,-515.426
1237.39,1237.57,1237.62,3381.19,1237.62,1237.62,1237.62,1237.62,1237.62
3116.67,3116,3118.9,3125.53,3120.7,3112.94,3119.19,3122.83,4843.44
3120.07,3119.26,3117.58,3119.96,3120.29,3120.19,3118.34,3120.31,3656.25
3221.22,3218.92,3220.86,3221.22,3220.96,3219.64,3218.54,3390.51,3218.91
3934.26,3931.68,3926.76,3929.7,3935.67,3934,3926.21,3931.84,3932.46
4000,4000,4000,4000,4000,4000,4000,4000,4000
4000,4000,4000,4000,4000,4000,4000,4000,4000
4000,4000,4000,4000,4000,4000,4000,4000,4000
4000,4000,4000,4000,4000,4000,4000,4000,4000
4000,4000,4000,4000,4000,4000,4000,4000,4000
4000,4000,4000,4000,4000,4000,4000,4000,4000
2963.25,2906.45,2903.67,2907.12,2905,2903.3,2905.55,2909.44,2903.13
-320.477,-320.281,2768.02,-315.644,-315.644,-315.644,-298.392,-315.644,-315.644
-948.869,4849.98,-935.75,-952.604,-968.592,-977.408,-875.392,-952.844,-887.629
-6.87893,-22.9677,-22.7035,-29.2681,-22.7063,-30.087,3723.03,-6.7708,-22.661
2945.59,2945.56,2944.78,2943.99,2944.76,3851.98,2944.82,2946.52,2946.08
3141.72,3141,3700.61,3141.18,3140.77,3141.31,3142,3140.48,3140.92
3350.16,3350.41,3347.18,3351.18,3349.5,3352.05,3350.67,3351.24,4146.91
3952.64,3952.56,3951.35,3951.25,3951.73,3951.67,3950.7,3951.3,3953.94
4000,4000,4000,4000,4000,4000,4000,4000,4000
4000,4000,4000,4000,4000,4000,4000,4000,4000
4000,4000,4000,4000,4000,4000,4000,4000,4000
4000,4000,4000,4000,4000,4000,4000,4000,4000
4000,4000,4000,4000,4000,4000,4000,4000,4000
4000,4000,4000,4000,4000,4000,4000,4000,4000
2709.23,2712.2,2700.31,2713.97,2694.79,2712.36,2694.1,2919.22,2710.25
-449.102,-449.068,-448.082,-447.927,-448.681,-448.897,-448.335,3415.99,-448.87
-979.09,-951.589,-979.05,3445.74,-979.18,-979.141,-979.171,-979.062,-979.196
983.082,979.268,970.595,3658.2,983.05,976.377,977.657,967.58,983.224
3093.65,3090.19,3091.84,3592.22,3093.51,3093.51,3093.27,3092.09,3093.03
3223.7,3221.54,3219.95,3222.59,3217.25,3929.82,3223.02,3220.25,3223.23
3509.63,3509.55,3509.09,3511.67,3505.35,3507.3,3510.16,3509.79,3662.18
3990.3,3987.27,3988.64,3987.9,3988.97,3994.83,3994.55,3987.31,3993.31
4000,4000,4000,4000,4000,4000,4000,4000,4000
4000,4000,4000,4000,4000,4000,4000,4000,4000
4000,4000,4000,4000,4000,4000,4000,4000,4000
4000,4000,4000,4000,4000,4000,4000,4000,4000
4000,4000,4000,4000,4000,4000,4000,4000,4000
4000,4000,4000,4000,4000,4000,4000,4000,4000
3382.81,3381.45,3382.98,3384.77,3382.37,3380.54,3375.92,3388.56,3370.18
2574.33,2813.77,2580.11,2585.31,2564.62,2585.98,2582.76,2576.78,2590.25
3140.45,3142.81,3112.72,3142.51,3138.14,3142.81,3142.9,3301.46,3141.17
3126.9,3127.99,3127.01,3127.82,3129.08,3128.23,3128.28,3112.42,3363.21
3239.82,3241.76,3241.57,3241.28,3234.45,3241.53,3240.35,3745.48,3238.05
3332.77,3333.46,3330.13,3332.71,3329.63,3332.29,4022.55,3333.24,3332.57
3725.59,3731.59,3730.88,3728.38,3836.22,3728.37,3733.11,3731.79,3732.1
3986.06,3995.88,3988.9,3986.42,3995.99,3992.89,3991.94,3990.03,3992.94
4000,4000,4000,4000,4000,4000,4000,4000,4000
4000,4000,4000,4000,4000,4000,4000,4000,4000
4000,4000,4000,4000,4000,4000,4000,4000,4000
4000,4000,4000,4000,4000,4000,4000,4000,4000
4000,4000,4000,4000,4000,4000,4000,4000,4000
4000,4000,4000,4000,4000,4000,4000,4000,4000
2978.81,2982.19,2985.03,3029.94,2976.74,2974.58,2985.01,2983.99,2965.84
2084.25,2087.51,2092.87,2092.79,2094.69,2899.71,2093.07,2094.82,2093.18
2180.64,2180.58,2180.7,2180.61,2180.77,2936.46,2155.42,2159.37,2180.69
2862.78,2860.4,2858.16,3012.94,2877.83,2879.25,2875.92,2879.4,2853.79
3272.88,3273.52,3273.1,3273.83,3274.28,3373.52,3272.92,3273.17,3272.61
3363.26,3364.79,3365.82,3364.75,3359.41,3365.33,3883.22,3366.32,3364.23
3586.13,3588.29,3589.39,3582.51,3588.86,3589.36,3934.44,3589.28,3585.71
3996.16,3986.23,3988.79,4000.44,4000,4000,4000,4000,4000
4000,4000,4000,4000,4000,4000,4000,4000,4000
4000,4000,4000,4000,4000,4000,4000,4000,4000
4000,4000,4000,4000,4000,4000,4000,4000,4000
4000,4000,4000,4000,4000,4000,4000,4000,4000
4000,4000,4000,4000,4000,4000,4000,4000,4000
4000,4000,4000,4000,4000,4000,4000,4000,4000
2937.49,2936.88,2948.94,2936.48,2922.23,2921.92,2949.5,2949.48,2994.03
1282.43,1289.86,1287.99,1290.35,1286.71,2818.27,1276.79,1290.52,1283
1949.73,1963.99,1963.74,1963.2,1963.98,2994.3,1964.83,1964.83,1972.04
3004.06,3004.07,2985.92,3002.89,3002.9,2988.05,3002.53,3482.23,2996.11
3220.89,3221.31,3222.97,3223.59,3221.46,3221.59,3223.78,3223.71,3858.01
3238.62,3239.58,3239.33,3239.89,3233.34,3239.75,4256.7,3239.97,3238.08
3476.43,3477.05,3472.36,3882.74,3474.75,3472.61,3476.98,3475.52,3476.76
3957.44,3951.3,3955.2,3954.55,3955.43,3956.53,3954.08,3956.78,3962.27
4000,4000,4000,4000,4000,4000,4000,4000,4000
4000,4000,4000,4000,4000,4000,4000,4000,4000
4000,4000,4000,4000,4000,4000,4000,4000,4000
4000,4000,4000,4000,4000,4000,4000,4000,4000
4000,4000,4000,4000,4000,4000,4000,4000,4000
4000,4000,4000,4000,4000,4000,4000,4000,4000
2058.74,2066.21,2065.82,2060.41,2052.87,2046.83,2066.28,2066.12,2574.9
-894.892,2581.43,-890.245,-894.806,-895.118,-894.828,-894.775,-894.719,-895.102
-986.293,2907.12,-985.903,-985.929,-986.391,-986.292,-986.39,-986.348,-986.293
191.269,191.009,191.332,189.998,189.966,3265.65,190.154,191.284,186.697
3081.24,3083.49,3083.34,3617.23,3081.08,3082.7,3080.02,3083.31,3083.49
3152.84,3152.92,3152.1,3925.05,3151.23,3152.68,3150.84,3153.11,3152.96
3344.55,3342.24,3340.88,3830.75,3342.99,3344.21,3344.41,3344.56,3343.79
3963.99,3959.66,3966.93,3962.5,3964.54,3966.06,3969.87,3969.05,3969.73
4000,4000,4000,4000,4000,4000,4000,4000,4000
4000,4000,4000,4000,4000,4000,4000,4000,4000
4000,4000,4000,4000,4000,4000,4000,4000,4000
4000,4000,4000,4000,4000,4000,4000,4000,4000
4000,4000,4000,4000,4000,4000,4000,4000,4000
4000,4000,4000,4000,4000,4000,4000,4000,4000
3126.04,3105.1,3134.52,3132.12,3131.48,3135.46,3133.84,3134.28,3107.2
602.301,601.681,590.666,590.291,592.378,2870.09,591.267,590.851,611.013
-347.292,-347.303,-347.321,-347.279,-347.27,-349.187,-347.29,2982.46,-344.146
-403.832,-405.531,-405.504,-405.506,-407.488,3328.95,-405.49,-405.49,-394.57
3046.43,3046.85,3046.31,3044.17,3044.91,3046.41,3045.63,4057.97,3046.24
3072.42,3071.41,3072.83,3076,3070.64,3072.44,4314.54,3071.17,3073.08
3562.63,3151.3,3152.56,3152.16,3152.42,3153.16,3152.52,3151.14,3148.89
3915.01,3919.03,3914.31,3920.71,3920.81,3922.96,3920.67,3922.86,3924.06
4000,4000,4000,4000,4000,4000,4000,4000,4000
4000,4000,4000,4000,4000,4000,4000,4000,4000
4000,4000,4000,4000,4000,4000,4000,4000,4000
4000,4000,4000,4000,4000,4000,4000,4000,4000
4000,4000,4000,4000,4000,4000,4000,4000,4000
4000,4000,4000,4000,4000,4000,4000,4000,4000
2438.72,2430.62,2433.96,2430.14,2698.3,2432.68,2428.43,2435.46,2447.85
-449.397,-453.759,-449.402,-450.079,-450.969,-450.653,-449.643,-450.006,3137.6
2771.2,-981.249,-981.278,-980.979,-981.298,-981.291,-979.771,-981.267,-981.285
-537.6,-534.253,-536.505,-537.331,-536.505,-536.684,3601.34,-534.196,-534.196
2993.93,2991.47,3688.02,2976.61,2989.94,2992.04,2993.94,2993.88,2993.22
3038.17,3410.99,3041.86,3036.98,3037.73,3038.1,3037.83,3035.23,3038.39
3141.65,3142.46,3142.13,3139.9,3140.16,3142.42,3139.48,3142.11,3519.32
3927.79,3928.34,3929.27,3931.59,3937.93,3928.36,3930.48,3935.85,3933.1
4000,4000,4000,4000,4000,4000,4000,4000,4000
4000,4000,4000,4000,4000,4000,4000,4000,4000
4000,4000,4000,4000,4000,4000,4000,4000,4000
4000,4000,4000,4000,4000,4000,4000,4000,4000
4000,4000,4000,4000,4000,4000,4000,4000,4000
4000,4000,4000,4000,4000,4000,4000,4000,4000
3191.4,3220.63,3219.95,3221.27,3221.05,3295.07,3220.65,3220.85,3220.28
877.648,877.353,874.234,875.385,863.105,874.57,3432.43,877.649,877.649
468.472,471.79,499.058,469.038,467.97,469.582,477.726,3560.56,479.729
2613.91,2613.31,3300.2,2613.98,2614.14,2601.92,2612.96,2599.74,2593
3078.59,3079.56,3079.65,3079.31,3080.22,3077.54,3078.61,3658.74,3079.35
3084.1,3083.59,3082.46,3320.3,3084.71,3080.81,3083.65,3081.64,3084.66
3347.23,3221.27,3221.54,3222.35,3220.94,3221.69,3219.37,3220.26,3220.26
3967.55,3971.04,3960.95,3966.09,3970.55,3963.54,3963.19,3966.89,3972.01
4000,4000,4000,4000,4000,4000,4000,4000,4000
4000,4000,4000,4000,4000,4000,4000,4000,4000
4000,4000,4000,4000,4000,4000,4000,4000,4000
4000,4000,4000,4000,4000,4000,4000,4000,4000
4000,4000,4000,4000,4000,4000,4000,4000,4000
4000,4000,4000,4000,4000,4000,4000,4000,4000
3422.55,3421.86,3419.66,3422.29,3418.31,3505.86,3421.43,3406.4,3422.63
427.494,436.463,3202.91,436.351,436.677,436.673,435.939,444.208,425.331
-450.007,-450.05,-449.993,-450.009,-450.004,-444.864,3314.8,-450.092,-450.107
1572.25,1566.22,1582.42,1576.06,1571.02,3571.68,1573.01,1582.12,1578.56
3102.74,3106.61,3106.01,3103.82,3106.09,3107.09,3107.03,3106.71,3848.63
3106.78,3108.84,3108.86,3108.69,3667.55,3109,3109.3,3109.24,3108.91
3264.36,3264.34,3264.17,3264.94,3264.67,3264.26,3263.13,3264.66,3477.2
3965.92,3964.36,3968.16,3965.62,3961.5,3960.36,3965.81,3966.16,3968.46
4000,4000,4000,4000,4000,4000,4000,4000,4000
4000,4000,4000,4000,4000,4000,4000,4000,4000
4000,4000,4000,4000,4000,4000,4000,4000,4000
4000,4000,4000,4000,4000,4000,4000,4000,4000
4000,4000,4000,4000,4000,4000,4000,4000,4000
4000,4000,4000,4000,4000,4000,4000,4000,4000
3076.65,3056.89,3048.25,3053.24,3076.05,3203.81,3059.14,3071.61,3073.3
-183.562,-184.317,-177.872,-182.275,-181.768,2999.71,-177.757,-177.757,-177.757
-840.827,-839.57,-839.613,-839.57,-839.667,-839.584,3159.27,-839.568,-839.568
-174.765,-169.3,-169.303,-167.341,-169.299,-175.768,-175.773,3623.76,-175.04
3635.29,3052.32,3057.43,3056.4,3027.89,3057.5,3057.09,3027.21,3054.66
3094.78,3094.95,3962.52,3094.27,3094.23,3092.24,3092.3,3093.7,3093.94
3193.04,3193.09,3192.49,3193.93,3194.42,3194.2,3192.42,3194.41,3564.64
3955.33,3954.08,3954.52,3951.24,3956.12,3955.04,3955.32,3953.55,3950.12
4000,4000,4000,4000,4000,4000,4000,4000,4000
4000,4000,4000,4000,4000,4000,4000,4000,4000
4000,4000,4000,4000,4000,4000,4000,4000,4000
4000,4000,4000,4000,4000,4000,4000,4000,4000
4000,4000,4000,4000,4000,4000,4000,4000,4000
4000,4000,4000,4000,4000,4000,4000,4000,4000
2610.01,2608.3,2607.79,2613.56,2610.18,2604.76,2789.59,2614.73,2604.91
2908.83,-627.19,-626.238,-627.709,-625.338,-627.34,-628.094,-626.56,-628.004
-923.801,-923.533,3419.24,-916.839,-923.116,-924.102,-924.165,-923.961,-924.294
807.021,799.425,816.47,785.226,799.512,799.512,798.784,4018.37,799.512
3147.67,3128.18,3143.36,3116.63,3135.16,4838.83,3129.43,3139.49,3151.64
3644.21,3145.5,3143.35,3144.45,3144.24,3144.02,3145.25,3144.82,3145.76
3328.04,3328.28,3329.36,3325.85,3326.39,3326.88,3326.46,3328.86,3770.56
3976.25,3974.13,3975.46,3974.24,3975.52,3974.89,3979.34,3976.52,3991.14
4000,4000,4000,4000,4000,4000,4000,4000,4000
4000,4000,4000,4000,4000,4000,4000,4000,4000
4000,4000,4000,4000,4000,4000,4000,4000,4000
4000,4000,4000,4000,4000,4000,4000,4000,4000
4000,4000,4000,4000,4000,4000,4000,4000,4000
4000,4000,4000,4000,4000,4000,4000,4000,4000
2481.01,3008.27,2471.13,2490.61,2492.12,2480.35,2492.15,2486.16,2472.43
-918.069,-918.039,-901.31,-917.901,-918.269,-918.073,3850.58,-917.779,-882.216
4853.41,-475.652,-387.377,-381.725,-379.416,-440.372,-438.545,-436.372,-475.652
1994.16,1994.78,1994.78,1994.78,2001.33,1994.78,1994.78,1994.78,3978.38
3131.88,3130.16,3170.93,3130.34,3142.14,3153.4,3151.61,3144.4,4835.88
3206.78,3214.74,3202.84,3201.86,3203.7,3195.01,3215.35,3203.64,4775.18
3516.56,3519.57,3515.52,3519.89,3514.59,4094.19,3518.31,3520.29,3519.79
3982.66,3985.66,3980.16,3981.95,3981.42,3989.03,3980.26,3979.97,3984.56
4000,4000,4000,4000,4000,4000,4000,4000,4000
4000,4000,4000,4000,4000,4000,4000,4000,4000
4000,4000,4000,4000,4000,4000,4000,4000,4000
4000,4000,4000,4000,4000,4000,4000,4000,4000
4000,4000,4000,4000,4000,4000,4000,4000,4000
4000,4000,4000,4000,4000,4000,4000,4000,4000
3246.5,3258.78,3260.76,3251.42,3327.03,3255.74,3231.69,3260.41,3247.67
1824.86,1825.01,1853.5,1827.36,1839.02,1825.22,4783.69,1847.24,1884.03
1153.29,1142.48,1142.96,1177.33,1214.88,1154.75,4858.76,1146.03,1143.03
1055.23,1045.19,1052.91,4086.15,1074.71,1053.53,1046.04,1053.24,1053.27
3164.43,3141.16,3168.98,3167.72,3169.17,3166.78,3169.74,4287.22,3169.61
3289.36,3301.97,3302.05,3292.73,3306.01,3286.01,3311.26,3297.03,4771.27
3746.95,3746.93,3746.12,3744.26,3725.88,3744.36,3743.89,3744.13,4228.7
3994.2,3990.23,3991.03,3989.36,3990.81,3987.02,3990.36,4009.08,4000
4000,4000,4000,4000,4000,4000,4000,4000,4000
4000,4000,4000,4000,4000,4000,4000,4000,4000
4000,4000,4000,4000,4000,4000,4000,4000,4000
4000,4000,4000,4000,4000,4000,4000,4000,4000
4000,4000,4000,4000,4000,4000,4000,4000,4000
4000,4000,4000,4000,4000,4000,4000,4000,4000
2570.04,2578.45,2572.35,2571.53,2578.26,2582.24,2572.77,2573.95,3281.77
102.7,102.741,102.727,95.6915,96.7334,127.223,3433.44,102.75,128.874
1735.52,1734.77,1735.45,1735.21,1735.34,1735.5,3171.51,1735.5,1719.67
3154.92,3152.52,3154.99,3545.52,3151.01,3146.57,3154.75,3151.81,3147.85
3256.35,3257.73,3258.46,3259.76,3255.47,3255.67,3257.46,4151.5,3257.56
3213.87,3213.25,3212.43,3216.57,3216.7,3214.71,3216.21,4411.14,3214.1
3241.47,3241.33,3241.25,3845.82,3234.92,3241.38,3238.58,3241.59,3240.17
3994.83,3995.39,3991.8,3992.34,3989.57,4000,4000,4000,4000
4000,4000,4000,4000,4000,4000,4000,4000,4000
4000,4000,4000,4000,4000,4000,4000,4000,4000
4000,4000,4000,4000,4000,4000,4000,4000,4000
4000,4000,4000,4000,4000,4000,4000,4000,4000
4000,4000,4000,4000,4000,4000,4000,4000,4000
4000,4000,4000,4000,4000,4000,4000,4000,4000
3432.54,3431.15,3435.98,3433.07,3434.63,3429.9,3432.5,3416.41,3435.21
2581.38,2574.61,2576.38,2582.44,2566.41,2575.83,2583.67,2571.15,2870.43
2888.6,2888.86,2888.33,2888.78,2858,2858.43,2888.34,2858.32,3184.74
3222.74,3225.65,3223.61,3217.77,3212.71,3218.91,3428.05,3223.97,3222.55
3112.95,3114.97,3112.83,3328.72,3114.39,3114.35,3112.96,3114.87,3111.76
3238.56,3239.47,3235.79,3239.75,3237.35,3238.27,3238.1,3470.59,3237.76
3505.77,3507.63,3508.07,3507.73,3507.11,3505.8,3507.38,3507.19,3504.63
3980.17,3975.93,3975.29,3974.33,3982.54,3984.38,3981.38,3977.42,3981.91
4000,4000,4000,4000,4000,4000,4000,4000,4000
4000,4000,4000,4000,4000,4000,4000,4000,4000
4000,4000,4000,4000,4000,4000,4000,4000,4000
4000,4000,4000,4000,4000,4000,4000,4000,4000
4000,4000,4000,4000,4000,4000,4000,4000,4000
4000,4000,4000,4000,4000,4000,4000,4000,4000
3584.43,3584.29,3582.27,3575.04,3551.75,3582.72,3576.83,3601.78,3586.27
2700.5,2699.43,2676.72,2700.54,2702.9,2693.33,2847.43,2678.69,2680.47
3032.08,3027.31,3039.11,3038.89,3021.61,3011.1,3038.38,3263.47,3039.19
2966.66,2964.51,3235.94,2951.38,2942.35,2966.69,2966.91,2966.22,2959.22
3001.8,3004.67,3004.16,3003.49,3004.27,3003.71,3984.35,3003.8,3004.84
4027.63,3092.41,3092.51,3092.8,3092.35,3092.66,3093.4,3093.15,3093.57
3219.19,3220,3219.75,3219.12,3219.93,3220.43,4345.19,3221.8,3218.79
3959.44,3946.9,3942.78,3953.23,3953,3952.92,3948.69,3945.11,3953.23
4000,4000,4000,4000,4000,4000,4000,4000,4000
4000,4000,4000,4000,4000,4000,4000,4000,4000
4000,4000,4000,4000,4000,4000,4000,4000,4000
4000,4000,4000,4000,4000,4000,4000,4000,4000
4000,4000,4000,4000,4000,4000,4000,4000,4000
4000,4000,4000,4000,4000,4000,4000,4000,4000
2077.94,2085.81,2089.45,2077.65,2067.06,2535.26,2075.01,2079.94,2086.99
2698.6,-883.103,-883.114,-883.096,-868.123,-883.189,-883.14,-882.931,-883.008
-882.756,-882.723,3575.13,-882.724,-883.554,-882.722,-883.559,-882.734,-883.565
177.131,3836.67,177.643,177.704,168.438,177.67,177.637,177.626,173.904
3009.46,3883.54,3008.91,3008.67,3008.45,3009.23,2997.85,3007.75,3008.3
4065.41,3028.61,3029.01,3029.21,3028.86,3027.62,3028.3,3029.17,3028.11
3255.84,3251.92,3253.32,3253.67,3253.94,3754.02,3255.32,3253.24,3256.21
3970.23,3957.21,3947.54,3952.8,3955.98,3959.46,3953.65,3956.96,3956.33
4000,4000,4000,4000,4000,4000,4000,4000,4000
4000,4000,4000,4000,4000,4000,4000,4000,4000
4000,4000,4000,4000,4000,4000,4000,4000,4000
4000,4000,4000,4000,4000,4000,4000,4000,4000
4000,4000,4000,4000,4000,4000,4000,4000,4000
4000,4000,4000,4000,4000,4000,4000,4000,4000
2910.39,2920.03,2936.81,2938.77,2911.49,3037.46,2938.37,2910.41,2937.48
2857.43,1390.28,1392.93,1391.86,1392.28,1408.85,1395.61,1408.9,1401.82
3239.35,2114.53,2101.67,2092.69,2116.33,2093.13,2092.87,2092.69,2093.02
2913.29,2913.73,2913.27,2912.96,2909.37,3946.79,2903.39,2894.82,2890.44
3035.62,3035.83,3035.06,3035.37,3031.24,3036.19,3034.18,3034.94,4241.84
3074,3072.94,3073.59,3073.02,3069.85,3072.15,3069.71,4403.69,3072.43
3180.95,3180.99,3179.15,3181.01,3179.28,3180.46,4530.78,3180.66,3179.4
3966.09,3971.19,3972.59,3970.34,3977.63,3969.47,3971.25,3971.38,3971.86
4000,4000,4000,4000,4000,4000,4000,4000,4000
4000,4000,4000,4000,4000,4000,4000,4000,4000
4000,4000,4000,4000,4000,4000,4000,4000,4000
4000,4000,4000,4000,4000,4000,4000,4000,4000
4000,4000,4000,4000,4000,4000,4000,4000,4000
4000,4000,4000,4000,4000,4000,4000,4000,4000
3164.42,3166.72,3157.35,3165.26,3164.85,3282.05,3165.96,3164.93,3167.47
232.559,3364.49,225.458,223.807,222.856,224.312,239.57,222.958,228.704
-113.706,-113.635,-113.588,-113.591,-108.269,-120.142,-116.555,-116.803,3783.93
1557.63,1558.27,1557.97,1558.06,1558.36,3506.01,1551.99,1558.87,1558.44
3027.92,3027.2,3028.76,3027.93,3028.66,3028.7,4155.57,3022.22,3028.16
3013.7,3014.52,3014.35,3013.02,3013.3,3939.78,3014.35,3013.86,3012.95
3091.7,3089.54,3089.92,3091.04,3089.83,3091.58,3090.71,3681.94,3091.57
3962.06,3961.44,3960.88,3974.27,3957.19,3962.22,3951.67,3955.15,3959.08
4000,4000,4000,4000,4000,4000,4000,4000,4000
4000,4000,4000,4000,4000,4000,4000,4000,4000
4000,4000,4000,4000,4000,4000,4000,4000,4000
4000,4000,4000,4000,4000,4000,4000,4000,4000
4000,4000,4000,4000,4000,4000,4000,4000,4000
4000,4000,4000,4000,4000,4000,4000,4000,4000
3160.71,3155.42,3153.66,3185.63,3152.4,3152.26,3159.04,3175.27,3151.16
405.279,405.275,3147.42,394.388,395.431,395.131,404.777,394.221,395.983
-835.544,-835.536,3199.7,-836.673,-835.89,-835.88,-836.714,-817.991,-836.628
1280.33,1280.79,1273.6,1273.65,1274.48,1273.36,1272.56,1256.28,3619.29
3509.08,3103.97,3102.97,3103.56,3104.34,3104.32,3104.5,3079,3104.11
3421.92,3115.57,3115.51,3114.65,3112.55,3114.16,3113.43,3113.31,3111.8
3305.57,3387.38,3304.93,3305.61,3303.48,3302.81,3305.42,3304.02,3303.83
3974.24,3981.01,3977.29,3973.13,3973.37,3981.66,3973.77,3976.13,3972.79
4000,4000,4000,4000,4000,4000,4000,4000,4000
4000,4000,4000,4000,4000,4000,4000,4000,4000
4000,4000,4000,4000,4000,4000,4000,4000,4000
4000,4000,4000,4000,4000,4000,4000,4000,4000
4000,4000,4000,4000,4000,4000,4000,4000,4000
4000,4000,4000,4000,4000,4000,4000,4000,4000
3330.79,3330.04,3332.12,3332.63,3328.45,3306.36,3331.37,3506,3321.83
2164.35,2164.26,2189.65,2189.56,2179.69,2182.85,2182.31,2180.23,3369.31
1769.75,3076.93,1791.33,1791.33,1791.33,1791.33,1791.33,1791.33,1791.33
1376.59,1376.55,1376.34,1376.53,1376.42,1376.59,3260.51,1366.01,1376.6
3118.68,3122.94,3121.13,3123.05,3121.76,3122.33,3122.43,3121.86,3995.07
3115.49,3116.5,3673.32,3115.27,3110.69,3114.99,3114.87,3116.24,3114.69
3243.1,3246.17,3246.46,3245.47,3242.78,3245.18,3246.13,3669.42,3246.09
3950.76,3951.16,3954.62,3952.68,3957.67,3957.57,3952.34,3953.3,3957.15
4000,4000,4000,4000,4000,4000,4000,4000,4000
4000,4000,4000,4000,4000,4000,4000,4000,4000
4000,4000,4000,4000,4000,4000,4000,4000,4000
4000,4000,4000,4000,4000,4000,4000,4000,4000
4000,4000,4000,4000,4000,4000,4000,4000,4000
4000,4000,4000,4000,4000,4000,4000,4000,4000
2771.84,2781.7,2782.21,2786.99,2957.38,2779.94,2760.43,2772.17,2761.37
-349.737,-349.698,-349.684,-349.664,-350.082,-351.814,3490.33,-349.65,-349.65
-354.63,4018.99,-349.998,-349.998,-349.998,-349.998,-349.998,-349.998,-349.998
3560.44,1770.34,1768.94,1768.94,1768.94,1768.94,1768.94,1768.94,1768.94
3105.34,3105.86,3104.46,3106.98,3104.26,3105.43,3105.69,3104.85,4309.95
3134.76,3134.05,3132.18,3132.23,3134.12,3133.56,3628.96,3132.52,3134.66
3297.35,3298.44,3296.17,3298.24,3297.88,3297.27,3297.35,3297.45,3612.15
3952.77,3950.29,3954.11,3954.29,3954.05,3946.35,3948.33,3948.68,3955.48
4000,4000,4000,4000,4000,4000,4000,4000,4000
4000,4000,4000,4000,4000,4000,4000,4000,4000
4000,4000,4000,4000,4000,4000,4000,4000,4000
4000,4000,4000,4000,4000,4000,4000,4000,4000
4000,4000,4000,4000,4000,4000,4000,4000,4000
4000,4000,4000,4000,4000,4000,4000,4000,4000
2501.62,2576.19,2506.97,2530.16,2520.33,2511.36,4780.71,2500.63,2504.72
-580.226,4855.15,-557.881,-567.61,-571.413,-625.729,-598.329,-553.372,-605.895
3475.8,-800.251,-817.91,-817.91,-817.91,-817.91,-803.857,-817.91,-817.91
660.25,660.065,3908.8,660.211,658.316,650.775,658.351,671.374,660.143
3099.15,4777.08,3131.67,3101.68,3085.21,3110.6,3100.06,3105.58,3106.62
3202.88,3196.21,3202.29,3199.81,3201.6,3201.63,3201.32,3201.52,3840.59
3465.75,3466.63,3644.42,3465.66,3461.79,3469.78,3465.56,3469.84,3465.82
3990.52,3987.19,3983.5,3985.98,3986.22,3986.44,3986.52,3985.14,4002.66
4000,4000,4000,4000,4000,4000,4000,4000,4000
4000,4000,4000,4000,4000,4000,4000,4000,4000
4000,4000,4000,4000,4000,4000,4000,4000,4000
4000,4000,4000,4000,4000,4000,4000,4000,4000
4000,4000,4000,4000,4000,4000,4000,4000,4000
4000,4000,4000,4000,4000,4000,4000,4000,4000
2612.35,2616.55,2599.53,2619.29,2608.11,2624.61,2857.17,2607.28,2603.51
-54.8203,-56.2358,3467.49,-46.5638,-57.7814,-53.5163,-54.617,-55.689,-57.7652
701.877,706.642,715.013,3946.55,714.738,715,702.219,702.786,714.992
1842.23,4823.26,1870.23,1843.61,1912.14,1909.94,1851.53,1878.43,1847.28
3218.2,3248.43,3235.3,3247.27,3183.8,3249.05,3239.08,3262.55,4849.27
3230.82,4773.12,3245.34,3231.18,3219.7,3221.46,3222.19,3222.16,3221.63
3673.78,3679.61,3679.8,3676.9,3679.3,3677.14,3675.99,3676.12,3791.8
3996.76,3995.33,3994.05,3991.81,3990.66,3987.91,4000,4000,4000
4000,4000,4000,4000,4000,4000,4000,4000,4000
4000,4000,4000,4000,4000,4000,4000,4000,4000
4000,4000,4000,4000,4000,4000,4000,4000,4000
4000,4000,4000,4000,4000,4000,4000,4000,4000
4000,4000,4000,4000,4000,4000,4000,4000,4000
4000,4000,4000,4000,4000,4000,4000,4000,4000
3371.83,3374.19,3371.53,3373.4,3364.92,3371.62,3376.94,3463.36,3374.46
2860.86,3156.71,2864.44,2854.19,2856,2854.49,2858.53,2857.67,2864.81
2933.4,2914.83,2929.57,2918.41,2936.39,2929.92,2927.37,2925.04,4069.76
3167.1,3167.92,3162.41,3167.21,3167.79,3163.36,3179.99,3164.15,4558.27
3133.15,3150.43,3080.06,4845.15,3082.76,3206.3,3187.37,3144.13,3118.68
3158.61,3072.24,3004.16,3165.65,3107.25,4856.84,3099.48,3186.37,3067.6
3117.27,4270.39,3117.9,3117.32,3117.9,3119.35,3118.01,3119.23,3117.55
3989.79,3992.05,3986.09,3991.32,3992.62,3997.46,3993.24,3985.59,3992.74
4000,4000,4000,4000,4000,4000,4000,4000,4000
4000,4000,4000,4000,4000,4000,4000,4000,4000
4000,4000,4000,4000,4000,4000,4000,4000,4000
4000,4000,4000,4000,4000,4000,4000,4000,4000
4000,4000,4000,4000,4000,4000,4000,4000,4000
4000,4000,4000,4000,4000,4000,4000,4000,4000
3043.37,3022.57,3044.86,3025.98,3023.62,3018.83,3020.97,3274.53,3021.33
1833.98,1855.45,1847.15,1833.36,1833.24,3500.03,1834.33,1836.04,1843.35
2464.02,2464.02,2472.15,2491.66,2464.08,2491.53,2491.6,4075.95,2491.87
3115.84,3130.02,3126.18,3119.88,3129.24,3113.24,3159.86,3179.49,4828.57
3049.36,2996.88,3022.7,3047.49,3093.59,2990.59,3091.07,4857.45,3082.65
1476.96,1383.59,1161.42,4861.76,1302.56,1278.12,1408.64,1313.45,1315.57
3185.21,3132.25,3153.17,3143.56,3133.47,3149.05,3175.31,4846.03,3205.41
3940.53,3943.73,3943.77,3943.8,3935.84,3941.31,3931.6,3946.99,4000.23
4000,4000,4000,4000,4000,4000,4000,4000,4000
4000,4000,4000,4000,4000,4000,4000,4000,4000
4000,4000,4000,4000,4000,4000,4000,4000,4000
4000,4000,4000,4000,4000,4000,4000,4000,4000
4000,4000,4000,4000,4000,4000,4000,4000,4000
4000,4000,4000,4000,4000,4000,4000,4000,4000
2681.65,2666.2,2678.58,2676.64,2673.97,2683.56,2678.24,2683.14,3829.01
-741.425,-743.241,3633.25,-743.218,-743.303,-741.45,-741.428,-743.299,-700.877
-980.035,-980.07,-980.057,-980.075,4075.07,-980.075,-980.008,-979.963,-980.069
-158.998,-161.936,-162.159,-107.922,4394.02,-160.737,-161.246,-159.292,-138.586
2678.56,2684.89,2672.05,2685.32,4583.53,2689.51,2677.49,2683.54,2696.58
3144.34,3143.11,3145.68,3145.52,3145.42,3144.5,4673.18,3145.66,3144.04
3350.06,3806.55,3347.47,3346.46,3349.26,3349.21,3349.99,3350.01,3348.4
3978.77,3968.24,3969.86,3973.87,3967.79,3975.98,3970.15,3975.53,3976.88
4000,4000,4000,4000,4000,4000,4000,4000,4000
4000,4000,4000,4000,4000,4000,4000,4000,4000
4000,4000,4000,4000,4000,4000,4000,4000,4000
4000,4000,4000,4000,4000,4000,4000,4000,4000
4000,4000,4000,4000,4000,4000,4000,4000,4000
4000,4000,4000,4000,4000,4000,4000,4000,4000
3000.8,3002.42,2983.28,3002.48,3002.41,3001.77,4201.06,2979.93,3002.42
121.561,121.6,130.426,130.354,3800.89,128.952,130.42,129.83,121.632
-1000,-1000,-1000,-999.998,-1000,-1000,-1000,-1000,-1000
333.045,325.197,288.237,331.728,372.455,423.025,320.495,4836.04,325.43
3253.32,3220.33,3214.89,3299.57,3239.2,3240.25,4859.28,3270,3147.32
2570.51,2543.17,2561.97,2562.34,2542.8,2572.24,4851.84,2573.39,2600.86
3159.46,3158.66,3158.34,3159.48,3159.84,3156.94,4420.14,3156.64,3156.98
3944.68,3943.32,3936.23,3944.28,3938.83,3937.78,4004.21,3942.79,3941.17
4000,4000,4000,4000,4000,4000,4000,4000,4000
4000,4000,4000,4000,4000,4000,4000,4000,4000
4000,4000,4000,4000,4000,4000,4000,4000,4000
4000,4000,4000,4000,4000,4000,4000,4000,4000
4000,4000,4000,4000,4000,4000,4000,4000,4000
4000,4000,4000,4000,4000,4000,4000,4000,4000
3141.23,3156.39,3158.98,3128.35,3159.84,3151.47,3158.41,3550.58,3159.8
-262.57,-265.16,-264.207,-265.203,-264.76,4219.89,-265.38,-265.17,-262.724
-119.444,-119.494,-125.249,-120.403,-126.394,4164.37,-119.442,-119.442,-119.442
2707.96,2707.91,2707.8,2707.44,2707.01,4282,2708.11,2708.11,2708.11
3083.7,3112.24,3077.46,3107.14,4775.94,3095.13,3113.76,3125.59,3071.61
3068.7,3074.25,3062.69,3092.9,3052.08,3062.3,4773.36,3084.81,3072.42
2691.52,2690.84,2691.15,2691.58,2701.02,2689.19,4428.63,2692.7,2687.43
3973.77,3970.04,3974.38,3973.11,3984.49,3971.25,3973.52,3973.63,3974.76
4000,4000,4000,4000,4000,4000,4000,4000,4000
4000,4000,4000,4000,4000,4000,4000,4000,4000
4000,4000,4000,4000,4000,4000,4000,4000,4000
4000,4000,4000,4000,4000,4000,4000,4000,4000
4000,4000,4000,4000,4000,4000,4000,4000,4000
4000,4000,4000,4000,4000,4000,4000,4000,4000
2180.07,2186.37,2189.99,2174.36,2174.37,2189.02,3331.14,2174.13,2173.8
-802.161,-802.431,-802.498,3910.89,-802.354,-800.278,-802.397,-802.092,-802.103
-987.53,-987.531,-987.529,-987.53,-987.53,-987.53,3901.01,-987.529,-987.529
-638.376,-704.098,-613.928,-473.386,-549.655,-592.082,-401.206,-537.195,4781.03
4402.49,2953.84,2954.44,2931.95,2947.27,2952.31,2953.24,2953.45,2952.28
4364.49,2953.82,2955.02,2954.84,2952.52,2954.05,2953.92,2954.41,2955.07
2497.47,2498.33,2493.84,2510.62,2497.78,2496.49,4245.91,2496.31,2498.1
3936.62,3941.29,3938.11,3936.37,3936.41,3941.24,3938.35,3967.09,3937.22
4000,4000,4000,4000,4000,4000,4000,4000,4000
4000,4000,4000,4000,4000,4000,4000,4000,4000
4000,4000,4000,4000,4000,4000,4000,4000,4000
4000,4000,4000,4000,4000,4000,4000,4000,4000
4000,4000,4000,4000,4000,4000,4000,4000,4000
4000,4000,4000,4000,4000,4000,4000,4000,4000
3218.26,3214.98,3217.1,3217.74,3216.26,3214.75,3286.84,3216.6,3215.61
1669.5,3334.39,1681.34,1681.34,1685.49,1681.34,1681.34,1701.78,1685.33
452.342,452.438,452.356,446.355,452.441,452.352,443.429,3126.48,452.442
1524.42,1524.39,1524.24,1529.95,1524.14,1518.25,3320.88,1524.43,1524.43
3111.94,3109.86,3110.33,3109.88,3506.17,3109.3,3107.66,3104.46,3109.82
3559.54,3106.47,3108.95,3106.59,3108.52,3108.3,3107.41,3106.38,3109.13
3249.66,3250.77,3251.41,3250.49,3251.34,3249.42,3251.69,3250.44,3491.73
3985.84,3982.02,3983.39,3984.29,3978.29,3977.77,3980.29,3986.13,3986.9
4000,4000,4000,4000,4000,4000,4000,4000,4000
4000,4000,4000,4000,4000,4000,4000,4000,4000
4000,4000,4000,4000,4000,4000,4000,4000,4000
4000,4000,4000,4000,4000,4000,4000,4000,4000
4000,4000,4000,4000,4000,4000,4000,4000,4000
4000,4000,4000,4000,4000,4000,4000,4000,4000
3163.58,3119,3117.48,3111.37,3120.02,3119,3108.51,3119.06,3107.03
-798.442,-798.506,-797.588,-798.463,3165.47,-798.309,-797.935,-797.043,-796.937
-550.899,-550.893,-550.918,-550.883,-551.34,3689.47,-550.873,-550.873,-542.346
1416.49,1416.29,1416.58,1416.48,1416.6,1420.94,1416.65,1398.42,4032.31
3121.63,3123.61,3122.34,3125.38,3124.34,3807.78,3124.12,3123.01,3123.86
3129.45,3128.89,3129.5,3128.61,3128.7,3130.22,3527.99,3130.19,3128.84
3327.83,3328.16,3327.73,3327.66,3327.27,3536.88,3324.66,3327.64,3328.4
3980.51,3981.34,3971.45,3975.94,3973.51,3972.33,3973.42,3976.47,3972.3
4000,4000,4000,4000,4000,4000,4000,4000,4000
4000,4000,4000,4000,4000,4000,4000,4000,4000
4000,4000,4000,4000,4000,4000,4000,4000,4000
4000,4000,4000,4000,4000,4000,4000,4000,4000
4000,4000,4000,4000,4000,4000,4000,4000,4000
4000,4000,4000,4000,4000,4000,4000,4000,4000
3004.59,3002.28,3001.68,2997.73,3433.24,2990.08,2988.43,3004,3003.18
325.617,322.817,323.459,3647.29,323.901,325.373,322.833,324.805,323.919
-646.785,-599.326,-596.17,-603.355,-598.592,-481.214,-646.788,-649.594,4780.72
1189.52,1172.33,3885.17,1189.16,1189.57,1189.55,1183.24,1192.27,1189.38
3116.63,3116.06,3117.34,3116.51,3114.49,3115.15,3116.96,3115.98,4203.33
3651.74,3149.52,3153.87,3154.95,3155.27,3155.02,3155.11,3155.52,3152.45
3416.27,3415.27,3416.66,3413.89,3408.22,3415.42,3415.6,3414.38,3676.78
3983.83,3986.04,3983.7,3989.41,3983.64,3980.44,3989.55,3981.66,3980.1
4000,4000,4000,4000,4000,4000,4000,4000,4000
4000,4000,4000,4000,4000,4000,4000,4000,4000
4000,4000,4000,4000,4000,4000,4000,4000,4000
4000,4000,4000,4000,4000,4000,4000,4000,4000
4000,4000,4000,4000,4000,4000,4000,4000,4000
4000,4000,4000,4000,4000,4000,4000,4000,4000
3139.52,3158.02,3153.51,3158.25,3157.78,3136.11,3154.89,3292.93,3155.64
886.131,3237,900.133,886.357,900.267,900.366,900.348,886.667,891.114
-129.828,3710.39,-127.21,-131.737,-133.905,-127.169,-127.175,-133.053,-127.175
2619.68,4778.94,2643.61,2628.8,2671.78,2642.76,2645.62,2658.27,2690.67
3195.48,3194.9,3197.55,3198.36,4439.3,3197.73,3198.62,3193.73,3198.03
3245.94,3245.71,3245.14,3245.52,3244.39,4448.93,3246.81,3246.15,3242.85
3544.32,3543.8,3545.38,3543.36,3545.32,3543.69,3547.04,3541.48,3977.44
3994.35,3992.73,3987.28,3991.41,3988.88,3986.46,3994.43,3987.19,3990.85
4000,4000,4000,4000,4000,4000,4000,4000,4000
4000,4000,4000,4000,4000,4000,4000,4000,4000
4000,4000,4000,4000,4000,4000,4000,4000,4000
4000,4000,4000,4000,4000,4000,4000,4000,4000
4000,4000,4000,4000,4000,4000,4000,4000,4000
4000,4000,4000,4000,4000,4000,4000,4000,4000
3530.46,3529.6,3525.12,3498.04,3499.35,3548.91,3529.74,3526.56,3526.44
2894.09,2742.35,2725.65,2742.25,2719.98,2740.12,2720.32,2738.28,2727.19
3162.57,3158.39,3235.08,3145.16,3157.75,3159.07,3160.1,3160.52,3159.85
3159.54,3159.93,3155.98,3492.18,3142.85,3159.71,3155.17,3159.81,3158.7
3217.94,3218.28,3217.15,3218.35,3207.99,4276.39,3217.14,3218.63,3218.96
3323.02,3323.29,4453.09,3322.15,3321.52,3323.08,3322.42,3318.29,3324.61
3707.04,3709.29,3707.3,3707.53,3710.02,3711,3709.16,3706.41,4164.97
3999.89,3996.51,3994.69,3995.34,3990.76,3989.54,4004.93,4000,4000
4000,4000,4000,4000,4000,4000,4000,4000,4000
4000,4000,4000,4000,4000,4000,4000,4000,4000
4000,4000,4000,4000,4000,4000,4000,4000,4000
4000,4000,4000,4000,4000,4000,4000,4000,4000
4000,4000,4000,4000,4000,4000,4000,4000,4000
4000,4000,4000,4000,4000,4000,4000,4000,4000
3422.12,3418.79,3420.04,3400.27,3418.09,3422.07,3419.82,3420.33,3683.92
2617.92,2603.38,2601.91,2613.42,2602.56,4244.81,2617.01,2598.48,2596.87
2704.69,2700.99,2703.48,2693.69,4238.38,2705.37,2702.19,2704.59,2696.74
2941.59,2959.17,2941.94,2955.31,4853.94,2958.03,2942.33,2976.25,2972.93
3156.56,3227.45,3221.5,3164.77,3170.81,3218.62,3165.15,3198.92,4847.51
2825.04,2758.53,2847.69,2860.02,2706.4,2754.49,2918.86,4855.57,2861.21
2944.57,2942.03,2938.78,2948.01,2942.45,2943.35,2941.56,4669.85,2942.28
3984.99,3983.1,3983.36,3988.14,3980.99,3978.78,3976.42,3980.13,3982.88
4000,4000,4000,4000,4000,4000,4000,4000,4000
4000,4000,4000,4000,4000,4000,4000,4000,4000
4000,4000,4000,4000,4000,4000,4000,4000,4000
4000,4000,4000,4000,4000,4000,4000,4000,4000
4000,4000,4000,4000,4000,4000,4000,4000,4000
4000,4000,4000,4000,4000,4000,4000,4000,4000
3153.22,3176.98,3174.05,3176.43,3171.92,3160.81,3171.23,3170.81,4416.28
2276.72,2273.55,4102.48,2273.52,2273.14,2275.44,2264.26,2284.66,2275.65
2073.99,2062.08,2061.91,2068.89,2059.84,2061.9,2038.79,2069.15,4600.52
2336.12,2315.09,2284.59,2131.31,2225.32,4842.41,2310.55,2307.32,2447.09
2689.9,2599.87,2700.47,2712.42,2818.56,2694.07,2725.27,4852.09,2747.97
3227.05,3204.77,3200.4,3267.32,4841.87,3178.46,3224.76,3176.8,3213.44
2116.92,2015.07,2034.81,2077.11,2038.81,2102.05,4862.81,2039.59,2062.75
3960.33,3958.28,3955.95,3959.48,3960.51,3961.5,3958.85,3958.56,3994.93
4000,4000,4000,4000,4000,4000,4000,4000,4000
4000,4000,4000,4000,4000,4000,4000,4000,4000
4000,4000,4000,4000,4000,4000,4000,4000,4000
4000,4000,4000,4000,4000,4000,4000,4000,4000
4000,4000,4000,4000,4000,4000,4000,4000,4000
4000,4000,4000,4000,4000,4000,4000,4000,4000
2525.67,2518.3,2504.36,2504.76,2502.38,2549.73,2561.85,2531.02,4817.68
687.593,523.225,493.028,357.703,284.531,292.981,483.628,447.053,4832.5
374.342,261.264,31.0464,236.793,4825.29,-86.833,-39.0613,-78.3774,58.7619
1540.01,1477.59,1463.77,1448.8,1452.14,4786.5,1469.17,1605.53,1546.55
2808.68,2857.3,2768.54,2699.74,4848.21,2774.02,2901.27,2925.48,2765.92
4859.13,3331.76,3389.26,3580.83,3323.37,3353.32,3394.67,3379.54,3367.61
4576.61,3064.08,3063.34,3057.19,3060.77,3062.68,3063.84,3062.36,3063.28
3917.63,3917.41,3918.62,3918.75,4014.16,3919.03,3918.21,3912.57,3914.56
4000,4000,4000,4000,4000,4000,4000,4000,4000
4000,4000,4000,4000,4000,4000,4000,4000,4000
4000,4000,4000,4000,4000,4000,4000,4000,4000
4000,4000,4000,4000,4000,4000,4000,4000,4000
4000,4000,4000,4000,4000,4000,4000,4000,4000
4000,4000,4000,4000,4000,4000,4000,4000,4000
1498.12,1535.57,1537.11,1512.53,1524.28,1623.18,4663.26,1514.75,1586.6
-723.393,-709.073,-781.124,-802.971,-727.191,-759.299,-757.867,-753.792,4776.22
-446.74,-495.869,-629.771,-625.754,4824.46,-423.285,-294.058,-400.85,-673.774
-199.541,4532.1,-114.758,-335.483,-174.085,-340.49,-46.1483,-110.306,-191.107
1776.22,1586.5,1534.91,4806.36,1648.59,1695.5,1765.37,1725.43,1714.66
1903.83,1878.39,1968.65,1882.53,1925.41,1822.33,4863.27,1877.73,1810.66
3142.81,4832.46,3132.56,3139.31,3121.36,3132.23,3138.78,3155.44,3134.25
3961.9,3958.93,3961.62,3961.18,3952.98,3963.23,3954.78,3964.23,3953.72
4000,4000,4000,4000,4000,4000,4000,4000,4000
4000,4000,4000,4000,4000,4000,4000,4000,4000
4000,4000,4000,4000,4000,4000,4000,4000,4000
4000,4000,4000,4000,4000,4000,4000,4000,4000
4000,4000,4000,4000,4000,4000,4000,4000,4000
4000,4000,4000,4000,4000,4000,4000,4000,4000
974.913,971.109,972.83,2920.36,972.652,972.672,974.253,969.288,972.753
-999.566,-999.566,-999.566,-999.567,3474.75,-999.566,-999.566,-999.566,-999.566
-955.284,-997.605,4783.66,-954.26,-816.211,-989.648,-963.516,-989.931,-885.7
-784.784,-785.251,-786.172,-757.869,-784.798,-784.995,-786.231,-785.496,4329.18
2496.22,2507.33,2493.28,2488.62,2496.46,4406.09,2494.28,2501.04,2504.05
2975.8,2975.97,2972.98,2975.64,2964.25,4311.79,2969.1,2975.98,2974.37
2007.57,2008.26,2010.55,2010.69,2011.12,2010.96,2005.44,3905.1,2010.67
3940.16,3937.67,3936.25,3946.53,3940.61,3941.61,3966.42,3939.23,3936.01
4000,4000,4000,4000,4000,4000,4000,4000,4000
4000,4000,4000,4000,4000,4000,4000,4000,4000
4000,4000,4000,4000,4000,4000,4000,4000,4000
4000,4000,4000,4000,4000,4000,4000,4000,4000
4000,4000,4000,4000,4000,4000,4000,4000,4000
4000,4000,4000,4000,4000,4000,4000,4000,4000
2953.83,4306.73,2947.37,2973.45,2976.04,2976.76,2975.57,2975.26,2976.35
1865.92,4162.79,1858.2,1867.2,1866.5,1850.15,1859.97,1855.15,1867.03
-97.1448,-102.22,-98.4978,3606.03,-97.0715,-97.0715,-97.0715,-97.0715,-97.0715
-729.015,-730.911,-729.302,-729.021,-729.007,-730.404,3823.76,-730.654,-729.049
4778.28,2771.76,2830.2,2800.19,2840.44,2814.7,2777.16,2818.47,2813.04
4476.87,2905.22,2908.25,2905.88,2906.5,2908.84,2908.05,2909.51,2909.49
1996.1,1997.97,1997.45,1996.1,1997.81,1995.36,4363.34,1997.98,1997.98
3916.61,3920.68,3917.49,3919.87,3919.89,3918.61,3920.83,3920.6,3953.02
4000,4000,4000,4000,4000,4000,4000,4000,4000
4000,4000,4000,4000,4000,4000,4000,4000,4000
4000,4000,4000,4000,4000,4000,4000,4000,4000
