200.383
201.111
201.17
187.42
122.768
82.4206
57.2902
42.2746
67.503
127.892
178.669
249.348
283.337
302.164
309.389
309.097
305.64
295.919
292.146
290.926
278.08
257.837
233.148
196.274
200.176
200.518
201.179
203.004
199.318
149.882
85.9033
29.674
168.653
183.413
246.37
239.582
280.151
300.461
307.655
307.637
309.322
302.563
279.536
275.232
274.932
247.667
211.14
194.953
203.642
200.691
201.345
203.371
215.659
215.773
184.787
176.474
223.47
244.69
249.96
285.756
291.899
299.036
309.032
278.517
309.927
303.18
286.472
266.444
256.996
230.668
210.207
199.551
215.468
204.086
200.55
207.612
219.572
227.449
229.261
224.401
214.883
242.179
252.18
268.725
283.157
295.068
305.431
309.454
308.962
302.576
292.763
277.049
259.263
216.319
211.259
211.952
214.442
203.264
207.155
214.786
222.792
227.261
230.671
236.833
242.389
246.936
251.49
259.385
265.226
276.829
289.441
301.301
303.747
301.619
288.555
274.589
246.446
218.27
216.165
208.064
215.178
202.41
210.984
218.457
228.982
230.289
240.876
244.134
246.117
248.496
252.541
258.671
262.492
265.613
270.559
283.14
290.026
286.995
288.309
260.929
253.508
219.972
217.24
218.412
228.531
218.382
221.118
223.07
234.41
242.812
246.387
248.756
249.433
253.123
246.8
251.479
257.561
261.948
268.059
270.185
277.31
293.015
305.211
265.043
223.804
226.461
232.426
220.861
260.004
232.335
222.99
224.494
231.641
243.054
248.165
249.49
254.604
258.541
245.768
249.914
252.732
261.368
267.342
276.514
289.657
315.208
308.557
261.575
231.043
240.429
260.322
239.084
280.401
233.306
229.239
229.323
236.546
246.143
249.126
256.674
257.464
266.262
263.799
246.116
250.712
259.925
275.419
285.199
317.222
329.042
309.573
255.2
235.792
266.7
294.439
339.499
258.471
263.721
250.366
233.527
267.449
275.317
276.569
275.334
272.84
299.922
314.371
245.486
251.456
262.105
286.47
323.369
337.971
359.397
303.08
257.663
239.569
344.377
411.17
425.292
475.341
245.902
262.258
366.376
388.26
421.333
412.759
352.216
375.732
472.453
534.761
245.592
251.835
271.757
306.195
322.505
361.078
371.204
313.506
255.652
299.213
529.694
540.971
477.332
558.943
519.6
547.529
577.574
583.951
579.107
590.442
582.355
592.759
604.177
613.927
248.717
250
274.873
319.414
347.645
381.568
368.209
327.81
261.159
555.77
595.774
590.327
521.693
567.256
567.575
569.109
569.738
571.214
575.291
577.77
580.416
589.338
601.68
608.639
242.418
260.301
282.363
310.701
327.048
355.698
379.759
324.562
262.173
590.956
588.829
576.114
568.241
566.605
568.01
570.297
585.376
593.362
596.439
596.977
597.301
597.126
603.564
612.988
245.061
251.065
286.428
321.202
375.244
414.023
416.122
348.056
255.97
587.576
587.852
577.05
566.314
560.023
583.473
586.286
586.296
604.482
604.666
608.695
609.427
607.435
611.493
616.666
245.097
253.952
286.069
348.8
393.505
420.562
431.908
352.665
261.431
379.552
601.747
575.285
562.978
