0.669705 0.257627
0.212193 0.21366
0.134135 0.126404
0.0786538 0.0565396
0.263331 0.342315
0.463783 0.383521
0.474845 0.269694
0.686354 0.257695
0.797173 0.199328
0.562037 0.42229
0.286861 0.674963
0.38552 0.525013
0.440716 0.421115
0.340972 0.435419
0.294516 0.320225
0.279639 0.255401
0.210701 0.201013
0.198535 0.195925
0.242289 0.22535
0.232508 0.214308
0.283364 0.277601
0.307247 0.292111
0.319976 0.315117
0.41863 0.329171
0.718072 0.174959
0.181551 0.455192
0.0490629 0.566517
0.0158181 0.0948454
0.0362927 0.0869716
0.233924 0.198998
0.687698 0.238436
0.879112 0.0901664
0.895918 0.0765029
0.780475 0.162312
0.654364 0.267273
0.64886 0.260377
0.71653 0.221003
0.660134 0.248975
0.455321 0.398525
0.262428 0.467469
0.117005 0.280826
0.0957066 0.212009
0.0928254 0.200416
0.117853 0.242716
0.143918 0.268466
0.228242 0.338624
0.266361 0.343438
0.494504 0.261209
0.385441 0.207198
0.530103 0.316744
0.422714 0.265208
0.150973 0.302727
0.0664221 0.138605
0.0445863 0.106982
0.196826 0.146892
0.211915 0.196166
0.418562 0.221813
0.491863 0.273354
0.609175 0.216524
0.606977 0.224357
0.692936 0.201818
0.745379 0.160934
0.732511 0.201637
0.625654 0.282199
0.307261 0.507033
0.141316 0.281157
0.104445 0.20181
0.0973388 0.271657
0.145144 0.212616
0.290489 0.240711
0.267369 0.243496
0.356392 0.223225
0.0181927 0.0387369
0.230886 0.13814
0.22805 0.219778
0.100024 0.114805
0.148476 0.232793
0.142139 0.238586
0.0852446 0.122801
0.0796427 0.0908659
0.167023 0.214714
0.178952 0.230699
0.290816 0.234193
0.374062 0.239585
0.399004 0.27713
0.559752 0.212528
0.764858 0.150781
0.766649 0.172127
0.707376 0.205484
0.311512 0.444517
0.105944 0.225869
0.123177 0.230076
0.0831101 0.175932
0.119787 0.224296
0.0577305 0.132764
0.0627625 0.091951
0.374508 0.573846
0.0891335 0.251147
0.06706 0.0945786
0.140547 0.222608
0.168667 0.232742
0.162102 0.188236
0.0757571 0.093609
0.0700699 0.111487
0.098472 0.165233
0.116646 0.246838
0.122073 0.245223
0.1648 0.289714
0.240993 0.243284
0.223627 0.249048
0.413021 0.243543
0.620745 0.181277
0.660742 0.1891
0.48967 0.260546
0.200054 0.22466
0.120754 0.324528
0.0652038 0.399288
0.139968 0.654436
0.159723 0.418787
0.0555923 0.203449
0.785716 0.0792872
0.377935 0.309443
0.127591 0.212909
0.120308 0.239816
0.134165 0.19892
0.108543 0.198469
0.0858247 0.140779
0.0634426 0.194125
0.0743893 0.208044
0.110804 0.23096
0.147302 0.253106
0.149067 0.262625
0.162613 0.241147
0.172847 0.26981
0.187074 0.252459
0.251708 0.248932
0.36099 0.19694
0.245892 0.204726
0.120304 0.155452
0.234845 0.381585
0.511349 0.43303
0.288001 0.48731
0.335045 0.423889
0.0121198 0.89217
0.093766 0.145717
0.265209 0.30724
0.179335 0.257244
0.171976 0.333489
0.186255 0.302748
0.125975 0.307867
0.108387 0.162152
0.0667377 0.171945
0.133031 0.231344
0.153546 0.214164
0.157856 0.313826
0.171824 0.257102
0.165639 0.233174
0.169366 0.241413
0.154266 0.227798
0.141307 0.2067
0.133222 0.214632
0.147769 0.209198
0.108622 0.245926
0.341821 0.346735
0.848216 0.0990326
0.329958 0.330574
0.17683 0.254224
0.499803 0.25605
0.076529 0.395956
0.162793 0.461353
0.211179 0.427319
0.235917 0.496655
0.29007 0.342294
0.244706 0.297079
0.146425 0.267932
0.15121 0.285212
0.193575 0.296373
0.151753 0.241255
0.174417 0.260996
0.1584 0.287882
0.163476 0.249984
0.12363 0.201312
0.108781 0.183808
0.110238 0.198223
0.175255 0.28345
0.167588 0.235049
0.177841 0.205437
0.330421 0.266485
0.785345 0.117837
0.171724 0.336551
0.155136 0.301136
0.347718 0.458953
0.00606667 0.991359
0.318968 0.547127
0.388276 0.421919
0.47596 0.344924
0.418837 0.331314
0.294224 0.398308
0.293012 0.326675
0.23676 0.340525
0.224607 0.339377
0.163765 0.246966
0.159309 0.227149
0.210975 0.27508
0.170396 0.301652
0.128952 0.223273
0.127491 0.219883
0.121529 0.209835
0.224204 0.314506
0.253472 0.322502
0.181559 0.301785
0.211644 0.288545
0.816393 0.111417
0.157836 0.293057
0.100982 0.244564
0.0828299 0.0523164
0.862249 0.0944048
0.441836 0.345282
0.504804 0.351626
0.514851 0.311996
0.384491 0.315231
0.32166 0.277184
0.32073 0.271507
0.288888 0.302402
0.213326 0.278736
0.170147 0.262364
0.117125 0.211362
0.183865 0.306744
0.183866 0.243786
0.173675 0.215402
0.126358 0.22497
0.140018 0.32383
0.264001 0.331552
0.305085 0.311975
0.244114 0.278537
0.16247 0.270917
0.632086 0.156811
0.111089 0.247007
0.0694541 0.188998
0.00388956 0.194945
0.0012541 0.907572
0.504015 0.403499
0.554829 0.238896
0.246375 0.219492
0.162808 0.196182
0.141333 0.187824
0.133702 0.197001
0.179071 0.286913
0.0993083 0.207501
0.063878 0.155931
0.0407044 0.131384
0.225031 0.316374
0.182348 0.282669
0.144523 0.22289
0.163056 0.292611
0.176568 0.345194
0.306999 0.350402
0.311766 0.27289
0.237188 0.332816
0.143615 0.339309
0.425856 0.213127
0.0276357 0.206706
0.0575695 0.241028
0.0135021 0.967567
0.0715364 0.128249
0.103962 0.178971
0.0443035 0.0828416
0.0215387 0.0581016
0.0234853 0.0727113
0.0264732 0.0941888
0.0198356 0.0629859
0.0238535 0.138252
0.0140993 0.0702106
0.00830355 0.087564
0.0053244 0.0757684
0.279498 0.319142
0.159902 0.290198
0.183674 0.278312
0.196906 0.242235
0.230094 0.350578
0.28127 0.387216
0.319699 0.362128
0.331011 0.343235
0.233223 0.434331
0.0312585 0.922475
0.0165764 0.121825
0.0380896 0.148786
0.274866 0.11567
1.40101e-05 0.999747
0.000781598 0.0273865
0.000847993 0.172377
0.000441664 0.99515
0.000998295 0.995012
0.00341254 0.965584
0.00320626 0.975802
0.00245262 0.990305
0.00138866 0.990331
0.00226901 0.985913
0.0023908 0.993098
0.277676 0.313856
0.237227 0.287415
0.162445 0.260253
0.22036 0.293184
0.233083 0.270065
0.343549 0.21545
0.293199 0.319568
0.361509 0.32763
0.452743 0.180287
6.31336e-05 0.999707
0.00094999 0.97397
0.00523332 0.038526
2.46123e-05 0.996854
0.0555103 0.811036
0.00389623 0.989318
0.00116531 0.99782
0.00101581 0.997837
0.00137771 0.997572
0.0069373 0.98302
0.0536309 0.914784
0.13172 0.818447
0.660261 0.291249
0.760497 0.212902
0.838652 0.143792
0.281309 0.374401
0.270265 0.311622
0.184456 0.31956
0.191509 0.326183
0.234219 0.375485
0.270036 0.364599
0.276007 0.358296
0.254831 0.430603
0.388424 0.384956
0.857323 0.106737
0.73465 0.25993
0.0021032 0.99705
0.000697332 0.0214172
0.00598248 0.0140214
0.00497106 0.0907815
0.0258248 0.72605
0.84605 0.0682155
0.787108 0.10349
0.65286 0.182127
0.63043 0.197357
0.659784 0.166348
0.713811 0.155903
0.729504 0.140883
0.680417 0.162412
0.307774 0.310065
0.315144 0.360791
0.244389 0.386765
0.274745 0.359525
0.311668 0.306288
0.316367 0.327027
0.328813 0.310859
0.365743 0.392367
0.512174 0.229511
0.615115 0.205394
0.732345 0.121241
0.83129 0.0806945
3.32839e-05 0.0532887
