619.915
281.253
478.668
483.391
277.109
651.389
296.25
582.195
484.223
630.849
489.098
382.731
470.172
281.912
635.079
393.505
482.709
598.795
602.717
385.353
620.394
592.115
633.492
482.852
596.432
635.152
600.821
637.126
631.958
640.292
278.573
628.852
481.901
562.044
650.995
646.183
631.459
634.993
482.456
644.949
483.47
385.556
394.075
377.592
652.369
613.79
583.107
639.635
589.253
607.942
638.062
628.791
644.898
630.031
625.217
375.596
589.557
648.64
646.786
278.364
483.245
582.241
643.961
642.681
620.951
580.863
378.991
499.208
394.028
482.85
654.26
653.453
627.406
636.192
614.157
385.551
640.51
386.642
384.354
582.639
603.163
641.965
642.141
630.178
388.815
631.659
581.941
644.604
278.218
631.817
616.379
481.305
642.027
645.218
495.516
483.747
643.984
387.644
653.029
623.019
642.18
645.202
636.143
659.481
642.688
649.565
387.152
651.185
387.475
382.295
625.99
643.61
637.593
388.734
640.768
584.8
653.852
639.008
646.251
388.027
280.147
372.677
644.369
629.868
643.623
379.216
395.711
649.016
279.578
491.964
484.289
595.296
647.779
651.764
647.826
646.932
642.838
617.588
653.023
644.528
650.35
388.78
643.624
634.912
479.251
480.9
638.683
279.366
644.685
642.845
482.758
482.136
652.17
641.462
385.222
595.49
640.048
641.476
653.131
648.351
644.754
641.26
384.654
474.669
385.145
603.273
661.484
656.235
386.293
647.305
589.201
583.388
641.579
643.526
642.017
386.152
646.997
642.843
648.069
639.747
647.883
642.678
637.211
638.239
586.161
643.781
654.524
586.281
639.364
638.268
387.609
652.479
387.108
588.604
644.261
644.708
376.062
390.199
648.021
644.634
647.265
387.597
585.771
641.921
635.702
385.43
638.261
646.876
619.688
609.513
387.236
281.619
656.793
632.421
647.493
642.493
385.643
649.998
652.696
645.56
583.289
639.961
656.538
635.62
282.198
648.933
603.297
582.697
485.785
588.17
629.976
636.412
645.446
278.774
480.497
388.005
644.203
649.744
390.162
381.359
636.274
583.877
640.6
651.378
596.767
638.976
648.646
491.263
648.161
648.853
376.131
651.289
641.16
643.995
642.683
651.992
651.297
394.227
644.117
652.703
642.478
649.604
386.452
631.028
659.837
652.206
646.301
280.047
633.993
650.928
377.56
643.846
650.719
386.844
644.809
642.784
617.384
645.87
642.509
653.103
390.274
481.181
383.834
395.783
599.936
388.177
651.629
480.563
647.929
581.871
645.206
653.841
639.145
644.949
636.064
484.315
640.448
652.031
652.045
392.486
588.6
647.919
585.573
649.265
378.568
635.415
582.126
486.241
384.594
651.792
647.444
645.255
655.888
372.081
648.38
285.184
658.381
593.315
646.662
375.96
647.674
645.714
630.334
650.978
648.383
641.962
650.861
392.437
643.908
645.206
376.16
647.713
650.271
642.379
375.355
380.147
649.384
645.291
482.452
637.215
398.165
653.498
645.492
582.028
635.109
631.018
385.292
384.019
644.789
648.619
635.817
608.316
628.36
652.748
643.056
647.179
607.989
384.691
388.625
643.475
374.295
491.133
586.241
652.556
646.285
642.707
622.801
584.076
485.809
645.129
375.122
587.61
650.173
643.783
387.266
279.243
387.209
653.304
650.028
646.287
484.673
383.065
485.659
643.228
644.119
582.43
480.82
278.631
583.605
645.31
646.337
643.284
480.224
647.51
583.703
485.375
639.17
584.972
648.925
652.788
641.665
581.042
581.439
485.932
639.682
281.324
644.891
582.795
645.546
640.96
649.912
647.11
481.149
581.749
385.056
622.93
652.925
594.851
626.589
642.337
650.697
631.958
636.666
645.174
649.685
376.078
644.306
648.078
645.979
654.288
494.508
644.556
648.878
645.216
647.638
387.396
652.196
589.777
483.117
640.417
645.75
374.547
582.956
648.624
645.896
582.828
650.184
482.725
638
477.537
282.714
481.984
638.711
652.693
648.644
644.93
634.366
649.165
481.406
595.877
489.251
641.717
588.235
651.675
494.893
650.392
641.843
643.892
647.408
651.363
377.895
625.132
280.123
584.428
381.992
645.732
594.183
645.326
391.754
482.028
646.615
582.072
374.007
369.928
582.303
644.989
505.414
582.413
598.295
389.073
645.166
585.612
391.074
645.048
651.247
578.496
584.041
643.368
541.828
641.591
643.92
652.398
636.989
488.256
649.795
634.73
652.311
645.973
640.252
643.302
481.028
582.508
638.736
651.124
276.626
647.013
653.804
654.561
645.926
583.053
280.007
647.974
642.105
657.963
281.837
278.28
655.979
649.571
641.884
378.646
651.742
589.826
650.135
644.333
284.13
649.461
641.21
652.368
649.947
618.835
385.88
601.841
387.013
636.983
647.004
489.65
582.715
646.103
647.728
631.242
480.035
649.956
390.318
585.793
584.566
643.69
389.897
389.623
652.979
644.859
646.196
657.69
387.746
479.491
647.685
583.369
644.062
645.298
621.933
382.081
377.877
650.831
388.401
647.399
376.416
582.458
653.628
643.243
389.418
635.806
649.049
645.019
385.899
645.29
482.969
650.263
636.055
627.258
644.95
647.24
386.904
583.6
647.82
646.557
483.218
387.588
641.015
651.64
647.855
483.144
482.752
629.061
653.744
612.809
478.932
632.87
381.796
641.209
479.842
647.669
583.973
282.195
378.966
389.68
647.986
651.482
616.987
644.684
374.959
386.98
653.357
392.084
645.423
654.767
647.766
645.242
651.648
648.03
649.252
487.073
589.993
376.848
482.282
640.766
621.375
630.143
483.156
586.566
645.088
648.67
655.044
626.594
393.459
387.829
647.896
584.349
649.817
376.538
625.286
641.133
638.237
643.38
630.78
650.981
475.548
388.783
646.588
638.396
492.991
639.503
480.184
485.952
648.503
380.202
652.163
641.519
378.109
647.946
654.597
286.588
583.574
654.019
636.754
648.327
634.202
646.297
646.985
607.763
648.183
652.092
483.278
653.902
596.069
647.185
484.024
490.492
476.323
487.901
380.48
390.588
387.119
657.049
642.509
651.91
385.809
374.393
642.792
646.349
492.178
625.745
389.022
636.849
502.484
648.513
385.878
646.116
640.702
659.821
387.495
630.96
636.733
649.477
278.071
371.967
279.438
641.825
642.541
647.801
644.357
387.13
644.117
652.757
649.797
649.275
593.492
377.741
476.4
585.753
387.881
579.74
647.028
638.976
644.414
643.347
486.807
486.947
484.663
594.925
582.352
617.744
644.813
653.751
640.275
278.5
642.851
583.069
650.606
280.603
635.126
280.171
635.778
648.065
584.55
653.526
375.428
487.732
386.461
387.955
601.316
280.116
652.485
376.868
652.171
643.139
278.78
386.752
585.123
382.946
649.083
657.942
372.882
660.904
583.724
636.705
487.169
640.477
653.743
280.4
374.796
649.809
390.59
647.284
483.25
392.722
590.029
645.173
649.587
583.719
648.744
376.063
647.373
374.04
583.645
387.48
651.06
652.286
642.271
646.168
584.967
581.684
647.973
387.2
387.585
650.765
485.074
388.685
642.364
484.027
373.177
645.789
375.603
479.46
585.193
582.801
644.504
653.001
653.75
279.138
276.83
485.963
491.583
645.508
646.123
599.242
393.354
584.265
387.918
642.813
652.668
635.544
474.376
585.319
644.03
659.983
646.605
641.068
390.98
651.57
388.481
619.244
647.288
652.419
382.301
379.544
615.515
651.518
388.836
643.14
496.22
278.809
385.277
647.471
662.191
649.088
653.004
375.203
647.184
636.68
642.913
654.066
659.794
649.267
581.633
585.394
644.063
279.232
388.38
650.765
646.58
649.12
611.664
484.802
391.379
646.053
645.427
651.24
583.446
626.065
386.305
644.295
632.744
651.299
595.388
649.824
592.191
648.754
641.739
647.043
654.095
375.424
283.361
653.75
650.964
646.063
648.276
650.813
649.781
483.833
649.774
389.084
641.692
583.338
584.002
652.351
654.88
386.525
585.163
392.657
661.275
650.297
650.835
280.096
278.117
643.08
372.644
388.353
649.761
485.049
489.151
649.63
649.209
383.052
587.97
579.344
647.845
390.194
489.225
637.526
377.798
646.135
650.51
655.227
655.559
644.34
645.002
493.175
649.323
643.784
657.854
584.024
655.425
652.2
647.013
645.06
646.124
638.64
482.881
384.694
388.506
383.905
645.725
584.093
648.904
633.393
646.552
486.917
385.559
625.028
371.961
489.003
648.741
655.084
381.852
389.02
651.234
582.994
383.02
650.326
660.396
648.379
648.771
651.824
649.818
651.092
646.921
653.16
666.993
648.154
381.548
635.684
482.222
649.145
649.842
381.282
386.352
487.3
615.568
653.094
640.525
636.634
483.251
620.796
629.226
481.726
626.352
586.711
386.91
644.934
485.613
649.518
583.69
612.285
643.609
644.678
636.158
482.144
645.643
290.391
640.492
649.981
650.22
640.44
643.89
650.065
592.55
611.105
485.276
641.14
644.401
630.538
649.119
647.52
378.604
389.135
278.955
654.767
482.853
645.394
584.961
656.93
648.416
649.501
625.765
652.001
375.201
386.508
644.343
647.321
646.118
548.006
644.214
647.003
384.573
391.427
582.388
643.475
396.529
482.667
385.58
658.341
647.347
649.345
641.709
627.415
483.435
581.985
649.772
379.032
483.345
582.608
392.8
663.527
388.254
650.954
651.031
586.273
283.52
641.839
388.973
651.052
647.198
639.904
281.335
584.029
648.841
584.509
650.627
388.145
641.929
650.575
584.415
279.587
279.08
373.353
579.55
283.143
649.368
651.568
614.663
647.92
378.872
651.956
378.251
646.527
647.37
385.812
652.804
633.8
482.647
646.339
646.101
482.967
650.806
650.391
650.465
649.256
583.107
387.682
582.288
642.037
390.002
490.596
642.324
388.03
646.203
583.81
584.775
647.072
641.692
648.237
376.461
585.55
388.779
649.659
647.104
377.587
656.433
653.121
484.416
652.139
642.682
652.427
587.182
655.08
649.98
481.906
392.049
384.606
653.137
385.215
650.705
645.479
376.789
631.287
652.82
274.073
647.237
603.309
656.447
651.387
647.941
639.577
656.772
647.547
375.986
385.929
638.232
375.979
625.791
646.566
651.112
394.039
584.995
585.554
637.755
377.306
390.334
580.642
647.125
648.241
380.272
484.383
278.093
485.487
647.732
626.666
644.782
644.267
646.872
372.919
601.935
650.169
278.422
648.611
386.504
482.427
483.997
482.876
654.9
649.689
388.067
484.532
639.779
650.618
481.82
280.615
290.095
390.85
651.802
639.583
650.154
651.274
648.452
646.821
388.425
652.503
641.811
644.817
648.873
653.26
374.324
639.905
650.699
377.904
381.677
649.676
649.957
375.633
384.956
378.441
641.44
619.736
650.297
582.006
658.195
279.227
383.554
494.927
386.321
481.628
590.491
650.246
583.129
377.511
389.033
592.422
272.84
279.5
385.438
653.065
651.453
620.884
388.013
649.278
394.171
653.093
660.21
388.877
387.682
652.572
650.346
388.999
650.025
648.768
649.86
581.074
651.589
483.119
484.454
645.459
651.355
586.797
487.84
651.056
384.482
374.713
585.006
484.562
653.477
648.724
483.329
652.912
487.285
484.604
392.055
284.167
655.962
649.8
372.71
394.131
644.434
652.935
281.017
278.978
650.035
388.368
649.696
653.281
373.706
486.527
373.542
483.321
652.906
596.276
484.524
386.377
662.429
374.888
648.322
375.161
653.496
393.854
651.301
592.339
650.032
652.61
649.474
583.639
648.63
589.302
653.686
388.652
648.456
640.526
279.397
649.435
494.651
483.473
642.559
388.041
282.915
652.525
650.267
577.494
483.709
648.188
496.064
388.503
386.9
386.908
667.478
483.756
655.167
385.75
582.629
477.367
649.412
651.782
285.892
487.207
650.469
376.15
378.633
621.213
375.334
382.461
283.114
644.521
395.21
650.516
380.992
480.36
651.647
388.125
654.396
658.676
376.019
490.178
498.986
645.28
375.707
378.534
644.683
651.947
629.726
649.819
386.88
652.904
592.507
648.905
649.872
654.62
391.659
599.294
483.565
648.189
472.54
482.552
663.584
644.686
648.492
647.046
651.967
278.972
650.273
375.141
388.045
646.502
655.2
652.975
374.193
583.692
585.159
640.408
385.853
400.513
643.839
655.495
387.377
583.027
653.765
484.36
650.124
664.347
387.462
660.242
386.946
649.868
485.295
651.259
504.186
638.925
388.198
470.497
652.824
640.559
649.82
581.358
589.178
637.016
649.355
371.502
650.742
397.536
651.279
644.525
393.437
372.477
387.203
653.805
493.681
643.55
282.657
584.276
378.981
391.426
388.163
374.166
274.518
388.04
376.177
390.445
641.156
621.324
648.587
653.513
654.247
279.513
650.046
283.037
653.47
487.768
585.087
278.892
645.2
375.394
377.036
651.881
649.422
593.098
649.505
495.95
279.235
374.459
582.896
650.361
648.429
646.712
375.813
655.322
646.381
373.1
644.137
644.857
474.562
641.362
583.118
388.527
583.372
388.426
572.736
482.354
483.375
648.567
650.477
648.653
278.702
661.499
622.682
644.565
652.716
390.68
650.896
652.479
582.445
631.019
627.721
399.846
649.971
641.403
497.808
645.735
652.859
388.896
640.368
386.704
487.699
657.263
648.71
650.063
482.691
378.472
644.672
493.671
650.342
280.439
474.63
647.545
650.613
386.327
375.204
643.794
652.955
487.448
654.048
652.09
374.287
646.335
651.019
487.78
385.134
615.273
646.044
646.937
279.175
484.458
650.449
389.805
393.349
646.606
484.178
377.577
492.471
602.01
394.606
602.61
654.498
483.636
389.029
644.647
590.663
386.015
385.624
483.507
663.219
502.092
278.415
644.258
648.717
653.778
391.225
650.946
652.502
482.197
588.947
278.177
377.154
610.916
280.416
392.211
648.17
293.711
482.34
596.975
482.758
637.981
406.882
282.571
480.933
648.641
390.586
486.48
644.398
648.815
376.443
652.606
387.63
476.739
623.498
652.669
483.381
649.372
502.152
645.298
583.334
651.773
583.231
280.935
485.141
656.609
651.43
582.549
646.66
646.428
583.213
374.159
389.122
484.772
392.898
493.274
581.485
654.87
388.625
659.371
484.757
642.12
655.418
488.456
385.266
650.124
655.029
390.564
485.065
646.737
483.411
661.001
589.166
652.119
375.642
647.625
285.423
654.788
648.97
483.829
648.889
479.653
474.929
614.958
652.439
376.139
649.186
648.503
374.812
483.04
655.34
653.186
645.525
488.488
375.565
654.821
647.251
652.795
657.592
595.94
484.946
582.118
376.42
652.485
488.981
646.851
278.925
582.339
496.85
627.504
387.845
649.519
662.775
388.198
597.541
643.016
484.051
482.208
378.562
642.736
281.616
649.739
655.079
483.142
654.163
618.883
649.279
620.549
648.189
390.51
652.717
655.072
385.356
388.868
388.106
390.381
380.739
636.988
656.831
375.492
649.118
390.064
584.546
650.749
655.717
649.111
620.691
650.86
280.081
654.076
653.263
279.316
496.456
482.868
650.646
584.659
652.714
645.851
654.811
584.053
393.616
654.22
485.351
593.462
485.169
652.267
481.647
649.399
649.951
583.428
655.102
374.898
650.069
612.042
377.706
487.939
583.585
484.797
652.774
647.821
591.309
387.811
584.926
646.905
656.056
648.04
648.161
644.966
393.209
653.974
387.9
647.483
385.125
659.531
650.233
481.609
485.598
655.167
646.298
389.805
374.327
648.778
385.582
385.777
655.094
584.849
387.807
583.752
659.287
652.115
406.604
482.6
650.989
647.363
656.06
581.919
649.395
654.732
656.589
586.777
653.11
639.916
652.889
650.884
583.398
393.432
654.847
650.045
656.353
603.377
587.89
645.436
636.647
652.981
485.65
653.189
651.471
665.794
651.908
653.584
653.402
284.112
384.664
474.164
644.3
650.55
390.415
653.079
278.461
642.226
572.569
656.288
624.624
582.152
385.496
651.567
654.084
648.769
374.674
278.547
648.367
651.452
652.582
645.605
650.901
612.873
586.436
483.871
647.058
657.535
664.362
653.37
606.73
655.589
643.065
651.515
374.693
656.21
478.329
651.029
655.963
649.936
645.795
384.667
653.225
387.177
653.238
650.291
387.275
616.584
655.158
646.585
628.639
653.919
648.473
654.333
654.193
390.356
654.497
494.311
389.641
643.456
392.376
484.264
646.086
494.737
658.456
649.839
658.143
653.785
379.324
481.297
654.669
650.88
492.901
649.277
392.24
646.036
654.987
652.439
585.753
650.147
650.354
280.107
387.727
583.391
379.566
654.544
652.768
651.691
661.861
653.077
654.135
646.922
646.688
482.874
376.681
375.669
649.778
658.031
583.24
656.795
659.801
648.132
660.655
648.58
477.204
646.558
651.883
648.775
638.097
281.39
658.764
649.857
490
373.75
662.082
647.815
380.709
649.102
645.18
646.519
657.056
650.004
483.525
386.847
652.48
375.337
648.846
654.235
647.378
375.27
583.952
378.196
667.217
474.572
654.98
390.778
278.224
646.194
585.384
651.225
591.885
648.67
646.806
583.819
277.519
657.138
649.88
392.565
652.484
282.414
648.006
385.121
391.311
662.744
385.606
590.223
646.716
650.399
647.501
480.445
651.427
655.066
374.49
399.318
652.878
654.602
384.414
379.396
651.614
646.4
655.831
489.319
389.75
576.52
649.098
655.613
646.97
653.292
588.941
645.217
642.543
481.802
661.456
653.162
626.641
643.186
655.061
390.981
387.202
653.696
652.159
653.999
487.315
655.416
392.789
647.775
651.694
653.955
483.849
388.768
279.357
623.337
649.427
651.957
629.275
647.349
588.66
647.877
484.241
666.809
653.625
489.827
605.391
653.891
387.62
649.04
383.733
649.755
397.819
654.422
648.92
650.96
645.412
644.915
653.207
653.077
647.669
484.122
646.391
649.243
389.226
282.127
651.683
653.468
635.715
638.526
374.674
649.134
389.401
279.385
654.455
488.698
651.746
477.035
653.412
386.52
282.407
654.21
386.074
388.135
647.013
646.731
649.026
375.279
610.82
654.603
396.124
639.62
653.311
648.03
643.846
642.053
484.573
641.96
652.65
387.664
591.484
485.761
582.702
652.434
375.042
387.353
651.268
629.966
387.248
654.984
654.337
644.498
491.19
648.831
651.721
654.089
476.976
607.44
377.887
485.008
372.646
651.887
652.977
278.164
278.315
653.483
644.912
584.334
651.762
653.798
655.315
651.299
374.732
389.091
386.766
652.114
648.524
606.169
388.334
648.552
653.315
654.715
653.339
374.011
658.719
485.474
651.899
387.891
387.544
482.497
478.144
643.466
656.619
280.088
655.717
390.113
386.865
482.376
392.52
647.221
653.401
390.21
390.959
652.77
650.426
283.153
650.764
656.409
642.451
382.987
648.572
650.163
629.484
478.838
644.187
374.353
494.303
653.859
388.5
483.299
582.449
278.586
647.479
388.101
392.77
652.027
388.277
590.141
486.741
484.728
577.236
652.333
482.858
657.687
654.431
653.827
651.264
646.632
485.389
646.115
653.312
656.033
581.352
654.178
655.103
653.792
591.451
395.427
584.94
482.604
650.99
651.253
403.773
651.628
657.182
646.834
584.201
390.354
649.933
396.528
654.488
650.357
652.289
482.669
612.468
650.206
642.346
482.486
654.009
375.192
653.482
648.005
279.345
585.097
279.322
483.874
649.311
480.05
645.285
648.711
607.386
384.77
483.378
648.193
391.314
491.504
645.249
388.112
637.273
582.871
394.305
643.861
498.31
278.632
629.81
374.093
650.343
652.066
645.379
653.263
653.932
392.879
646.985
615.663
655.345
649.09
390.972
583.315
584.06
383.892
488.875
583.602
395.723
648.945
644.898
650.722
649.524
392.1
647.432
655.661
650.705
650.08
657.322
385.262
652.162
654.359
396.104
658.363
583.373
611.938
643.409
383.269
479.992
649.039
656.074
486.444
654.415
655.755
598.562
486.091
644.323
380.791
376.794
582.713
654.741
378.587
641.018
652.498
651.968
653.475
607.748
654.837
395.663
388.08
377.442
659.572
651.608
653.865
648.574
653.266
655.524
482.03
651.326
642.44
485.879
492.665
582.235
475.631
583.819
383.917
483.461
652.002
484.925
654.787
388.61
648.402
478.22
387.427
582.772
653.896
388.181
483.463
594.401
615.817
645.306
591.71
651.409
377.152
653.291
589.17
486.773
651.912
393.498
643.39
655.483
632.091
583.844
387.126
483.475
653.359
657.494
483.883
658.449
482.808
656.358
633.586
655.475
652.526
661.917
647.181
647.664
389.011
652.982
378.134
654.564
374.903
393.088
374.441
651.608
487.759
653.634
652.355
483.039
639.918
649.721
619.111
654.33
656.92
389.166
489.212
654.442
477.834
650.902
635.25
583.925
374.813
648.309
616.135
647.159
483.499
562.096
648.422
653.345
652.511
482.322
649.583
585.784
647.625
651.962
656.216
482.379
656.668
382.456
647.133
648.513
648.991
277.446
584.733
389.514
481.623
655.557
654.435
647.593
648.79
374.753
615.236
623.841
646.999
653.718
651.836
388.657
387.272
650.549
285.928
383.643
649.685
652.517
375.804
389.763
651.225
654.165
661.79
277.469
653.826
388.986
649.786
619.905
586.453
653.976
374.858
278.71
655.502
653.466
646.012
649.952
643.54
651.484
650.542
651.915
652.301
391.066
377.272
584.019
650.735
388.466
651.143
662.977
488.386
652.387
280.168
647.694
647.503
374.468
656.655
651.281
375.357
649.497
490.579
659.664
583.865
647.911
587.375
390.154
655.235
388.95
483.677
483.48
389.56
390.799
386.189
279.142
650.595
632.703
644.387
392.307
378.616
372.718
654.291
278.285
645.084
290.266
650.659
648.507
391.058
374.423
477.59
281.4
391.276
654.292
494.29
649.14
390.319
620.735
476.703
582.336
656.498
660.863
390.153
281.566
486.241
651.264
653.412
654.869
389.789
379.106
655.874
482.108
378.017
583.876
384.802
655.861
282.927
653.731
653.023
278.62
638.117
542.031
383.14
651.656
652.149
483.14
651.642
482.303
474.423
653.235
484.808
645.817
484.758
376.679
647.201
585.656
646.834
386.329
386.024
647.063
652.975
374.642
584.562
644.532
494.306
654.473
654.286
653.985
397.553
655.447
376.077
389.328
653.386
657.865
652.411
584.069
652.905
482.759
652.659
597.509
646.798
645.977
386.597
646.789
375.181
650.193
645.355
653.642
636.318
387.377
386.701
652.564
649.697
651.551
645.194
656.509
388.984
654.934
389.984
481.614
387.671
387.97
643.136
386.52
287.208
655.813
651.064
379.585
483.859
646.666
647.564
647.281
485.211
652.279
625.717
653.005
650.647
583.184
654.103
489.39
583.049
652.958
652.346
590.221
648.617
651.062
384.556
386.861
654.56
652.525
651.39
611.202
649.201
393.094
651.401
389.999
645.753
376.175
654.239
648.121
646.82
385.225
654.583
642.887
380.771
373.293
281.675
583.995
650.787
652.814
388.574
646.309
651.071
642.221
484.024
661.133
648.079
649.85
278.383
487.513
388.857
653.369
279.448
650.794
652.583
389.437
385.942
647.767
652.924
643.91
631.419
646.745
646.687
652.977
373.197
650.417
392.463
376.734
390.971
374.255
382.061
647.548
651.443
648.121
646.593
652.133
654.213
388.571
650.824
487.847
381.37
388.69
653.91
481.914
650.65
386.315
651.611
649.901
652.538
278.654
280.633
652.258
647.858
653.743
653.161
278.448
649.888
482.589
649.667
284.151
585.596
582.805
649.188
653.862
654.166
389.75
652.693
654.051
650.065
401.99
589.516
652.506
582.761
484.262
479.843
390.313
656.322
381.118
649.711
385.118
651.274
648.356
653.062
486.914
382.339
629.226
476.748
654.707
651.616
586.215
653.784
652.792
391.627
653.93
281.934
482.963
486.07
654.231
583.569
376.131
372.71
389.688
655.687
385.624
496.762
388.604
654.854
583.079
401.269
659.268
648.43
392.95
385.829
388.54
651.309
613.14
645.077
390.501
384.889
649.523
385.783
583.347
582.316
378.598
655.477
387.503
388.779
583.512
583.616
650.922
618.407
373.965
656.155
392.562
378.675
650.678
374.484
581.242
387.266
388.247
650.946
486.242
582.263
649.506
649.747
583.602
653.142
650.756
583.395
585.805
655.434
643.24
489.359
587.882
645.591
649.435
652.24
649.355
485.454
632.275
655.594
378.686
653.187
278.273
387.891
390.496
650.306
484.161
388.525
479.416
654.866
279.684
583.307
650.485
653.45
654.465
652.935
645.82
392.07
483.772
649.214
483.261
388.252
649.913
650.949
663.5
388.291
390.717
390.315
583.125
489.213
386.941
654.738
649.805
652.964
387.732
642.412
653.938
650.249
375.225
656.459
480.451
620.575
374.138
388.221
483.437
651.992
605.301
583.134
646.506
380.544
485.39
386.558
641.658
483.763
482.764
485.407
374.635
278.724
583.498
648.096
639.469
652.937
645.069
392.234
653.268
476.665
647.03
585.14
387.168
656.49
483.112
653.867
281.37
583.394
646.52
388.102
390.962
651.28
388.123
484.253
637.258
585.084
582.5
636.331
392.393
484.382
483.506
655.344
651.837
377.251
654.642
583.243
284.752
485.917
392.698
388.49
384.068
655.239
650.793
389.906
378.382
390.6
473.014
392.665
654.607
645.23
484.004
654.353
482.695
656.048
492.086
484.808
584.62
651.924
654.906
650.815
649.522
585.591
653.147
387.38
655.218
390.899
402.343
655.67
583.007
654.656
646.237
281.765
647.403
657.665
583.15
481.746
487.867
392.331
650.625
656.276
483.285
644.997
384.887
655.958
650.896
484.665
491.416
651.365
378.763
485.323
651.25
652.386
652.21
652.444
649.614
651.118
375.13
492.07
653.917
484.19
646.722
648.837
633.871
642.53
649.197
648.995
642.194
649.349
655.423
651.838
586.21
648.178
491.308
648.982
584.826
653.207
584.96
584.292
651.811
645.52
607.486
645.044
291.745
647.251
641.456
654.5
583.356
651.61
485.331
393.444
473.849
656.071
373.641
652.487
645.303
651.462
378.958
651.095
484.266
652.422
653.983
653.263
650.435
651.166
653.212
589.315
582.045
634.071
644.072
585.633
604.907
651.192
377.21
649.95
583.048
408.299
483.013
648.202
651.834
652.993
651.173
646.368
387.871
379.666
656.611
387.043
657.343
653.774
649.553
384.951
653.885
645.276
657.478
482.889
482.865
589.047
374.959
648.644
617.809
647.361
651.78
650.255
653.869
388.415
389.033
652.414
652.979
387.291
654.288
278.082
651.143
653.189
651.936
651.145
647.461
652.878
383.424
375.272
650.881
647.161
387.067
650.442
568.772
588.82
376.87
279.496
387.893
656.595
649.385
655.375
653.964
653.67
645.887
651.02
651.366
485.33
279.435
279.763
647.288
655.895
653.195
584.461
650.09
650.305
652.539
393.511
392.393
586.245
584.675
651.447
584.385
648.224
660.151
652.73
648.795
402.673
387.963
646.236
590.854
481.853
392.681
583.271
655.655
391.546
651.594
669.824
582.221
647.828
581.981
486.399
381.812
651.545
647.721
384.3
484.458
654.72
653.425
385.558
645.459
583.823
651.379
640.123
653.014
591.309
387.322
374.394
649.588
652.474
650.848
390.203
653.28
633.035
284.895
490.792
648.896
652.126
578.616
649.396
590.046
395.887
651.418
651.898
649.167
278.322
653.476
646.567
375.349
490.783
387.217
633.364
647.134
650.61
387.636
651.041
651.091
483.332
382.979
582.33
647.224
648.783
650.603
382.492
378.566
634.846
482.468
625.43
385.044
652.755
651.708
378.427
584.343
375.582
651.808
651.764
652.646
372.082
387.307
621.193
582.922
652.309
649.316
484.727
644.942
650.833
478.693
396.958
391.462
405.868
655.06
650.562
282.982
486.336
653.637
387.837
602.745
487.075
647.538
653.707
658.948
654.55
654.595
649.066
652.95
648.064
654.18
664.307
585.719
661.983
648.009
650.125
583.018
648.817
391.169
643.838
655.048
641.555
654.554
583.91
651.532
279.778
649.068
655.156
645.227
645.86
653.884
583.869
376.417
279.342
391.65
653.923
645.557
655.319
653.975
646.266
655.094
583.137
589.614
390.794
480.19
630.975
473.141
279.013
386.801
653.836
626.43
391.761
646.833
584.546
390.925
588.773
279.806
588.816
651.513
652.72
651.579
650.68
280.365
648.532
388.109
653.309
482.858
388.186
378.476
627.399
481.784
375.796
649.955
651.54
476.38
279.874
386.488
645.93
388.038
652.635
647.92
642.754
650.87
647.681
654.419
652.302
664.422
647.995
650.154
655.098
584.327
280.303
646.378
579.905
587.781
374.639
654.983
652.558
288.059
384.655
583.465
380.449
649.389
632.611
646.666
650.934
649.715
654.467
582.54
387.109
390.66
603.735
654.99
653.419
654.028
398.115
483.069
585.088
647.923
654.428
387.44
485.126
391.596
653.001
654.221
649.609
651.917
654.842
646.644
649.59
647.462
653.855
390.886
665.075
391.286
487.043
653.098
650.685
488.789
653.568
490.258
291.752
480.083
659.187
650.99
478.039
649.94
649.669
592.617
653.645
655.326
589.426
654.286
647.843
656.433
388.96
484.528
650.341
588.568
647.492
657.455
653.41
654.319
651.779
393.302
278.34
594.696
598.929
646.38
653.328
388.521
377.874
387.428
375.593
583.839
652.441
599.643
668.098
654.688
656.378
652.273
393.773
652.701
595.033
651.033
277.762
499.975
280.214
387.634
659.363
650.439
650.168
652.102
484.184
583.398
644.729
652.882
389.052
387.72
656.764
653.519
586.951
642.813
651.784
650.093
646.5
481.491
648.756
640.299
583.894
379.795
649.815
378.272
652.698
375.021
384.734
390.411
586.3
377
482.456
653.829
622.129
389.567
386.707
388.618
584.044
393.485
390.555
660.005
648.572
652.752
482.605
649.251
379.669
650.252
484.644
647.646
584.126
374.594
386.886
583.044
647.423
583.396
279.404
379.603
647.789
654.039
653.695
376.109
278.859
649.295
652.377
282.023
381.454
376.595
645.708
582.556
655.187
653.324
649.899
646.876
651.74
582.771
484.179
645.937
388.966
390.338
632.879
582.638
489.631
642.452
386.969
646.364
652.418
661.02
385.26
486.228
656.137
377.59
589.461
481.704
605.801
393.637
651.522
389.989
278.894
582.852
650.307
384.815
650.513
648.552
387.634
655.93
372.711
658.782
653.742
482.394
483.244
643.821
389.84
655.399
389.048
649.053
652.735
485.812
623.13
389.561
484.932
650.224
665.621
653.629
375.545
500.368
651.215
380.066
652.432
387.397
384.711
388.007
670.959
655.709
639.714
636.514
654.249
386.429
388.395
659.852
386.575
483.493
632.106
484.056
390.378
655.495
648.776
641.981
648.625
648.75
653.627
651.978
657.921
374.906
482.852
659.648
657.909
664.11
626.462
645.098
653.67
385.162
592.067
387.572
647.822
654.394
583.057
386.534
657.766
656.127
386.765
663.879
653.297
582.252
646.349
388.919
651.565
651.897
649.223
484.318
655.687
648.955
651.751
652.4
647.883
379.243
394.606
644.822
647.209
650.825
389.209
653.7
476.026
646.515
588.382
652.819
656.178
655.361
387.973
283.704
278.512
280.057
654.575
484.316
584.183
386.5
385.294
390.243
586.111
483.065
648.634
650.86
389.005
654.356
388.895
652.343
649.301
651
650.245
280.602
619.72
655.957
393.967
371.131
475.908
372.2
388.897
650.386
484.941
279.726
648.091
651.62
641.343
494.209
390.926
649.043
583.088
650.252
374.246
654.397
585.629
379.92
641.073
654.723
650.066
651.339
390.825
482.388
385.378
483.409
646.208
483.023
647.481
647.564
656.634
620.821
592.705
582.873
584.902
482.513
489.593
650.258
392.53
587.758
648.554
593.326
649.536
635.739
385.695
596.877
648.212
652.203
649.236
646.724
648.349
386.073
653.445
278.454
650.686
653.726
394.417
649.858
397.507
652.354
650.046
663.019
655.275
646.313
375.388
376.012
654.626
286.017
655.839
656.185
654.828
387.185
613.074
487.895
652.08
649.553
651.863
396.906
391.509
651.483
652.197
656.858
391.783
379.317
393.747
652.493
647.961
280.225
278.356
482.097
386.254
652.576
648.813
583.475
485.066
652.337
583.379
655.842
646.491
386.741
654.862
485.19
622.567
654.44
649.204
641.37
397.049
623.824
390.867
650.471
650.366
651.308
472.827
282.056
278.237
654.834
646.645
385.562
582.513
583.832
649.236
652.072
280.923
653.474
374.711
652.626
388.902
481.886
483.779
390.089
654.342
388.019
649.887
654.311
654.463
651.731
654.332
658.933
279.358
282.146
586.342
585.921
644.441
489.063
652.084
650.477
489.129
484.829
653.932
623.326
652.964
651.484
653.285
648.485
644.017
582.661
582.715
585.413
642.052
648.209
648.668
654.884
375.356
483.52
377.65
632.942
648.384
386.842
644.443
488.908
485.536
582.481
481.288
653.549
654.495
471.829
279.473
651.589
609.141
377.467
581.745
655.532
651.744
485.446
655.035
658.687
650.37
585.945
652.828
654.906
386.599
653.62
482.159
654.596
656.44
578.431
651.593
587.468
377.463
652.968
585.728
653.935
650.65
390.447
396.592
652.438
387.238
389.579
281.9
655.349
583.725
375.155
483.258
650.2
650.91
483.412
484.082
583.188
658.912
648.37
279.001
652.822
650.301
650.849
652.921
655.712
391.352
477.589
488.175
375.271
653.084
661.799
654.914
586.094
489.89
282.435
654.115
648.217
654.143
655.095
482.12
501.357
646.624
387.994
650.537
649.603
655.608
478.904
390.925
651.057
652.504
649.563
649.279
642.127
653.172
476.954
650.754
391.566
483.994
650.842
482.64
485.601
374.652
652.267
587.672
647.863
648.098
650.566
582.724
637.003
653.794
582.712
660.029
485.904
655.164
584.554
374.283
389.806
648.363
616.539
586.315
651.142
629.054
651.902
614.074
654.608
655.016
654.137
648.762
651.464
654.239
647.872
650.049
648.115
586.619
483.1
648.473
652.06
654.609
647.197
399.216
651.584
653.261
482.639
394.275
651.47
655.348
611.728
651.857
389.543
636.962
651.269
374.848
658.969
654.318
483.581
583.203
649.449
654.6
392.408
651.381
650.669
653.244
654.873
651.451
387.547
650.113
648.426
647.118
395.699
648.147
278.577
649.949
653.452
652.458
649.592
648.648
646.761
651.587
483.046
651.81
654.246
483.355
583.152
647.922
647.235
282.673
374.887
657.549
652.564
654.776
653.253
588.125
653.666
390.622
654.637
483.764
391.821
280.659
583.817
649.604
651.301
652.582
653.568
648.678
483.437
586.118
649.067
386.487
655.334
652.553
279.112
490.848
645.042
655.248
654.695
651.784
482.364
483.674
389.39
651.349
650.322
651.761
655.866
649.896
648.327
632.901
391.608
650.463
656.476
483.921
655.226
651.127
582.628
651.62
651.256
654.362
648.919
647.615
654.194
290.327
375.33
375.415
584.04
648.005
477.494
651.044
653.569
650.35
484.346
582.72
653.874
387.981
650.688
658.249
387.555
278.823
655.175
280.012
649.143
500.676
660.351
647.361
387.545
650.438
623.64
655.548
486.874
583.079
658.184
653.172
