2974.94,2974.22,2969.95,2974.18,2973.47,2974.65,2974.83,2963.97,2974.98
2939.54,2939.82,2940.38,2939.94,2938.7,2940.12,2939.79,2926.37,2940.38
2790.03,2779.78,2775.98,2779.12,2771.71,2776.11,2776.97,2869.9,2793.94
2089.47,2693.56,2087.63,2083.11,2089.2,2070.84,2082.98,2068.59,2070.73
2141.77,2745.62,2142.71,2142.71,2142.71,2142.71,2142.71,2142.71,2142.71
2554.99,2565.6,2703.96,2581.35,2581.35,2581.35,2581.35,2581.35,2581.35
2951.19,2951.56,2951.27,2928.98,2949.67,2926.18,2923.99,2950.87,2951.26
2994.81,2994.6,2994.34,2993.3,2994.7,2994.88,2995.15,2994.17,2994.1
2995.56,2994.98,2994.76,2995.41,2995.03,2995.77,2995.28,2994.22,2994.68
2994.34,2993.39,2993.07,2993.72,2993.7,2993.63,2994.09,2992.49,2993.68
2979.54,2978.9,2977.95,2979.64,2979.92,2979.82,2979.84,2978.94,2978.93
2922.34,2923.19,2923.37,2923.46,2922.84,2923.17,2923.46,2923.64,2922.43
2906.69,2907.83,2908.08,2908.7,2908.42,2908.6,2908.73,2908.53,2908.09
2956.7,2956.89,2957.68,2956.38,2956.74,2957.67,2956.67,2957.21,2957.51
2981.42,2981.26,2981.15,2981.47,2981.53,2979.86,2980.65,2981.31,2980.73
2880.55,2880.87,2859.36,2880.75,2861.87,2880.06,2880.26,2888.39,2881.2
2850.72,2839.11,2813.66,2813.59,2811.57,2836.15,2813.66,2839.3,2838.03
2440.22,2414.66,2415.54,2851.6,2440.23,2440.23,2440.23,2440.23,2440.23
2214.96,2215.08,2215.48,2216.89,2217.12,2216.58,2233.58,2719.2,2238.7
2452.84,2449.14,2449.96,2592.86,2448.46,2472.96,2452.53,2454.28,2466.19
2954.55,2953.91,2954.45,2953.69,2954.38,2954.62,2954.33,2953.85,2925.78
2996.88,2997.07,2996.29,2997.25,2997.05,2997.1,2997.23,2996.87,2996.39
2995.73,2994.49,2994.34,2995.96,2994.97,2994.97,2995.32,2995.66,2995.7
2994.38,2994.78,2995.19,2994.62,2995.24,2993.94,2993.85,2994.69,2993.6
2981.19,2980.74,2981.71,2980.75,2980.03,2981.61,2981.53,2980.98,2980.33
2941,2940.76,2941.24,2940.64,2940.94,2941.32,2940.32,2940.2,2940.85
2920.02,2920.01,2919.82,2920.21,2918.68,2920.04,2920.04,2920.32,2920.34
2971.05,2971.12,2970.82,2971.07,2971.43,2971.45,2970.85,2970.68,2971.21
2987.55,2987.25,2987.45,2987.59,2987.54,2987.29,2986.6,2987.13,2987.31
2920.28,2891.05,2911.01,2909.99,2927.96,2920.4,2920.4,2920.4,2920.4
2775.52,2775.47,2773.32,2757.74,2790.42,2775.53,2774.93,2775.62,2774.31
2414.95,2420.95,2650.45,2407.18,2418.83,2415.3,2418.1,2415.06,2419.83
1832.15,1820.43,1840.08,2657.15,1820.63,1839.1,1840.71,1820.88,1820.81
2799.08,2722.16,2723.02,2700.62,2699.31,2700.39,2702.78,2697.65,2699.9
2994.3,2993.87,2993.79,2994.11,2994.58,2993.41,2993.42,2993.6,2992.4
2995.66,2994.55,2994.25,2995.47,2995.18,2995.74,2995.86,2994.25,2994.2
2995.78,2996.89,2995.92,2996.84,2996.72,2993.7,2996.69,2995.35,2994.04
2995.79,2995.24,2995.32,2995.59,2995.03,2994.64,2994.72,2994.27,2995.36
2985.38,2985.98,2984.63,2985.83,2985.85,2985.71,2985.37,2985.81,2986.41
2956.46,2955.77,2954.8,2955.87,2956.59,2955.9,2955.83,2955.32,2956.26
2947.05,2946.53,2944.76,2947.02,2943.61,2947.04,2944.95,2946.93,2946.37
2975.92,2975.75,2975.83,2975.94,2975.82,2974.84,2975.83,2975.83,2975.97
2966.6,2951.71,2966.28,2963.04,2965.16,2966.39,2966.18,2966.02,2966.6
2970.31,2976.5,2983.79,2985.66,2981.11,2984.34,2970.14,2985.67,2986.26
2816.84,2814.11,2838.47,2826.04,2841.03,2841.18,2854.5,2814.08,2813.6
2497.92,2494.09,2507.95,2513.63,2501.27,2658.45,2501.09,2513.04,2501.39
2398.48,1592.89,1593.71,1587.73,1578.15,1580.58,1591.84,1583.11,1578.3
2841.64,2838.81,2838.71,2846.45,2839.35,2838.68,2839.93,2840.85,2839.46
2996.2,2995.67,2996.47,2996.4,2994.08,2996.17,2996.12,2995.54,2994.24
2997.14,2992.61,2995.25,2996.18,2997.06,2992.46,2997.19,2996.51,2996.22
2998.72,2999.75,2999.78,2998.54,2999.43,2996.5,2998.64,2996.63,2996.9
2997.97,2996.9,2997.58,2997.29,2998.89,2995.83,2998.03,2999.36,2994.66
2988.19,2988.22,2987.48,2988.31,2988.38,2985.95,2988.72,2987.87,2988.71
2972.4,2969.94,2972.19,2972.39,2971.09,2967.33,2972.99,2969.22,2972.32
2951.6,2948.43,2951.71,2951.74,2951.37,2951.77,2951.32,2950.89,2951.89
2985.6,2974.81,2984.15,2985.36,2984.53,2982.12,2986.07,2985.29,2986.34
2984.85,2985.78,2986.68,2986.83,2986.45,2987.29,2986.78,2986.3,2985.34
2976.15,2978.48,2977.71,2977.94,2954.3,2978.27,2978.72,2978.07,2978.46
2915.84,2917.41,2915.18,2908.97,2914.76,2909.55,2916.59,2916.69,2916.79
2732,2705.18,2731.37,2731.06,2713.05,2730.29,2721.06,2730.53,2731.56
1834.54,1835.67,1833.56,2033.4,1829.97,1829.37,1844.79,1831.92,1832.24
2911.15,2910.78,2909.16,2912.15,2909.77,2907.89,2912.16,2911.65,2904.38
2996.69,2999.47,2999.31,2997.16,2998.67,2995.62,2998.57,2997.5,2997.42
2995.92,2999.45,2996.1,2998.84,2999.54,2999.32,2999.67,2995.49,2995.22
2996.84,2999.52,2999.29,2997,2996.01,2999.52,2998.04,2997.01,2997.63
2998.88,2999.42,2995.88,2999.47,2996.35,2994.15,2998.94,2996.09,2999.34
2993.03,2993.54,2993.53,2992.79,2993.58,2992.42,2992.21,2993.72,2993.41
2979.94,2980.31,2982.67,2981.91,2976.54,2981.47,2982.84,2981.65,2981.74
2934.05,2922.68,2934.23,2934.18,2933.2,2932.04,2934.14,2933.95,2934.13
2984.35,2987.22,2986.56,2987.09,2987.34,2987.13,2986.11,2987.15,2986.92
2983.47,2984.01,2983.35,2984.81,2984.26,2984.02,2984.54,2984.56,2984.74
2976.33,2977.73,2976.77,2976.78,2976.35,2974.55,2976.51,2977.79,2977.59
2917.54,2926.03,2924.08,2923.97,2924.31,2923.73,2925.78,2925.4,2926.28
2786.11,2771.76,2779.03,2776.45,2760.99,2782.08,2780.49,2780.52,2781.4
1665.97,1666.15,1663.27,1666.9,1667.78,1656,1837.61,1659.85,1665.74
2623.76,2595.5,2617.15,2616.46,2590.96,2593.49,2617.2,2616.65,2591.15
2999.39,2999.59,2999.62,2997.14,2996.78,2999.16,2999.04,2997.16,2999.57
2999.33,2998.76,2999.67,3000,3000,3000,3000,3000,3000
2997.1,2999.21,2999,2995.19,2993.39,2994.37,2995.58,2996.17,2996.87
2994.99,2999.39,2998.84,2999.47,2996.16,2996.86,2998.35,2995.43,2997.68
2994.09,2986.05,2994.78,2994.57,2997.21,2996.64,2997.11,2993.96,2996.84
2983.66,2983.54,2982.16,2982.95,2983.46,2983.32,2983.53,2981.24,2983.02
2954.72,2954.74,2953.7,2954.05,2953.57,2953.81,2954.46,2954.96,2954.15
2982.79,2982.29,2981.37,2983.21,2981.86,2982.82,2982.07,2981.24,2982.93
2984.21,2983.22,2984.52,2985.19,2961.84,2981.04,2985.11,2983.48,2984.54
2947.66,2947.6,2948.46,2948.49,2949.07,2948.48,2947.14,2947.75,2949.1
2890.18,2883.1,2886.89,2888.35,2886.27,2889.68,2890.09,2889.05,2863.24
2689.43,2708.98,2710.35,2705.58,2710.12,2710.82,2706.13,2708.57,2705.41
2084.57,2067.7,2079.31,2084.26,2189.86,2074.43,2067.68,2079.92,2084.69
2836.15,2837.39,2813.57,2835.82,2819.3,2837.74,2838.46,2838.7,2839.22
2997.74,2995.42,2995.02,2992.65,2998.48,2996.56,2998.59,2996.62,2998.19
2997.9,2996.93,2997.23,2996.21,2998.44,2997.17,2995.2,2996.21,2997.81
2994.3,2994.26,2995.55,2996.75,2995.93,2994.61,2991.55,2997.36,2997.29
2997.69,2995.5,2998.75,2998.88,2998.27,2998.05,2996.75,2997.69,2996.88
2993.43,2992.34,2993.8,2993.27,2993.47,2993.68,2993.33,2993.92,2991.31
2973.77,2969.02,2975.24,2975.88,2974.22,2975.86,2970.62,2974.7,2975.69
2968.38,2964.59,2968.51,2968.49,2967.59,2967.65,2967.43,2967.77,2965.73
2984.77,2986.01,2985.63,2985.8,2986.13,2985.14,2984.13,2986.42,2986.4
2986.88,2987.8,2987.25,2982.02,2988.01,2986.76,2987.83,2986.98,2987.79
2989.81,2988.95,2989.44,2986.84,2985.89,2989.72,2989.45,2989.72,2989.74
2792.25,2808.96,2784.75,2789.27,2807.53,2808.65,2811.03,2806.59,2789.57
2594.03,2590.47,2592.03,2591.48,2590.86,2606.17,2591.36,2585.26,2594.83
2248.5,2247.39,2587.63,2236.8,2247.26,2226.95,2247.86,2239.42,2232.89
2737.58,2783.75,2764.94,2764.32,2743.22,2737.68,2765.11,2743.23,2739.78
2990.24,2995.98,2997.71,2997.8,2998.38,2997.9,2993.8,2997.17,2998.01
2992.95,2996.56,2996.66,2995.65,2994.71,2996.97,2995.17,2996.66,2995.98
2998.33,2999.81,2996.93,2997.9,2997.09,2999.87,2997.58,2997.6,2997.09
2996.74,2997.18,2997.34,2996.27,2998.14,2997.89,2997.88,2997.73,2997.26
2986.37,2987.64,2986.97,2984.73,2985.89,2986.52,2987.68,2987.38,2985.64
2966.76,2965.63,2967.22,2967.24,2967.35,2967.24,2967.32,2966.72,2966.07
2962.14,2968.55,2968.64,2970.06,2968.66,2968.75,2968.35,2969.89,2967.64
2984.44,2984.48,2984.18,2983.96,2985,2983.21,2984.26,2983.91,2983.53
2985.69,2969.25,2983.53,2986.52,2986.37,2986.15,2986.52,2985.95,2985.15
2851.12,2850.99,2877.47,2854.05,2876.35,2851.31,2877.08,2887.12,2877.51
2775.55,2775.98,2777.29,2773.88,2774.19,2780.83,2780,2816.15,2779.16
2590.4,2590.4,2590.49,2600.3,2596.89,2592.79,2644.24,2607.91,2613.42
1483.18,2171.17,1494.1,1494.1,1494.1,1494.1,1494.1,1494.1,1494.1
2617.49,2615.11,2616.7,2590.59,2592.24,2669.38,2617.53,2617.53,2617.53
2954.73,2956.75,2956.09,2954.56,2930.31,2955.81,2955.67,2955.65,2956.64
2995.84,2997.32,2996.59,2997.47,2996.58,2997.2,2997.92,2996.83,2997.97
2998.53,2995.14,2997.8,2998.39,2998.54,2996.76,2997.58,2999.19,2999.05
2994.07,2991.79,2995.94,2993.7,2994.53,2996.05,2993.74,2995.51,2995.45
2983.02,2983.28,2981.09,2978.76,2981.85,2983.12,2983.56,2983.2,2982.56
2946.51,2944.56,2947.38,2946.83,2947.03,2946.86,2946.93,2947.31,2947.64
2952.56,2953.64,2954.34,2953.63,2952.13,2955.2,2954.54,2954.45,2954.22
2977.21,2975.62,2977.14,2976.48,2973.94,2976.35,2977.6,2977.06,2976.23
2909.76,2910.17,2909.67,2916.63,2910.07,2910.01,2909.93,2909.26,2909.89
2938.18,2937.35,2937.96,2922.08,2938.32,2938.9,2930.3,2938.44,2937.9
2591.77,2596.05,2617.18,2616.15,2715.25,2590.42,2617.2,2617.29,2617.1
2624.54,2606.85,2632.95,2611.29,2602.04,2603.63,2607.98,2614.09,2621.03
2048.41,2026.89,2036.32,2048.01,2032.04,2032.14,2038.93,2612.72,2049.37
2523.21,2520.51,2548.59,2524.87,2518.88,2520.09,2520.25,2520.49,2524.68
2953.29,2953.38,2952.22,2953.55,2953.11,2928.94,2929.05,2953.76,2951.98
2992.29,2996.25,2996.29,2993.2,2996.53,2996.23,2996.66,2996.62,2996.08
2993.42,2996.89,2996.14,2994.12,2994.84,2997.02,2995.91,2995.87,2996.92
2992.88,2991.46,2992.6,2992.8,2992.17,2992.47,2991.13,2992.74,2992.87
2978.69,2976.91,2979.13,2973.8,2971.9,2979.57,2977.91,2976.95,2977.93
2929.58,2929.95,2928.99,2927.54,2928.29,2929.94,2930.19,2929.94,2930.2
2930.93,2929.61,2929.8,2931.16,2931.01,2929.4,2931.15,2930.28,2929.92
2972.41,2971.83,2971.98,2972.55,2971.16,2971.5,2972.35,2972.45,2972.25
2986.28,2986.43,2983.72,2985.83,2986.71,2986.53,2986.64,2985.43,2984.84
2950.59,2950.69,2949.94,2949.59,2950.5,2950.64,2950.97,2949.24,2925.23
2727.61,2782.08,2702.37,2701.49,2700.84,2702.41,2702.79,2703.73,2702.08
2617.28,2590.4,2617.28,2608.89,2609.53,2617.44,2591.16,2840.8,2617.53
2057.35,2080.02,2057.82,2066.64,2074.25,2716.83,2080.17,2080.17,2080.17
2483.56,2484.98,2507.6,2502.01,2502.41,2483.58,2514.68,2483.53,2506.52
2915.1,2914.72,2913.95,2915.09,2915.34,2915.53,2914.83,2913.84,2915.26
2996.6,2996.45,2995.57,2996.4,2995.89,2995.84,2996.56,2995.54,2995.85
2993.34,2994.67,2995.51,2994.95,2995.32,2994.99,2995.55,2995.43,2994.65
2993.22,2993.89,2993,2994.11,2994.49,2994.06,2993.68,2992.66,2993.25
2973.24,2974.58,2974.28,2974.27,2973.59,2974.61,2972.14,2973.21,2971.94
2912.43,2914.23,2914,2912.92,2914.38,2913.35,2912.21,2912.67,2914.17
2914.16,2913.19,2915.35,2914.57,2915.31,2913.06,2915.23,2914.24,2915.08
2971.55,2972.21,2968.17,2971.94,2971.98,2968.96,2969.93,2972.27,2969.49
2913.1,2913.03,2913.16,2895.67,2911.68,2912.8,2912.88,2912.96,2912.83
2942.26,2921.44,2942.49,2941.61,2941.95,2942.42,2941.8,2942.31,2942.49
2581.18,2581.33,2581.21,2581.33,2581.18,2557.1,2559.33,2756.59,2581.35
2376.45,2371.68,2356.34,2351.92,2363.19,2854.22,2371.77,2371.77,2371.77
2018.87,2018.86,2018.82,2018.84,2698.39,2018.88,2018.88,2018.88,2018.88
2728.24,2728.04,2727.68,2705.43,2849.72,2728.26,2728.26,2728.26,2728.26
2955.23,2954.96,2954.89,2955,2955.14,2954.86,2955.22,2955.25,2954.39
2996.62,2997.03,2997.24,2996.88,2996.87,2997,2997.42,2996.8,2997.35
2994.32,2994.94,2994.08,2994.94,2994.57,2994.57,2995.22,2994.33,2995.24
2991.87,2993.62,2993.09,2992.4,2993.58,2992.86,2991.75,2992.81,2993
2973.4,2973.99,2973.98,2973.99,2974.34,2973.86,2973.33,2974.31,2973.93
2918.55,2918.97,2918.63,2918.96,2916.82,2918.29,2917.77,2918.08,2918.25
2906.43,2906.16,2906.54,2906.4,2906.46,2906.55,2906.65,2906.21,2906.43
2956.93,2956.11,2957.41,2957.09,2956.92,2957.19,2957.25,2955.7,2957.06
2977.7,2978.22,2976.72,2978.1,2977.75,2977.69,2978.19,2977.84,2978.12
2875.34,2875.28,2874.03,2882,2864.73,2853.7,2874.91,2849.92,2850.55
2739.54,2738.46,2749.86,2741.19,2737.68,2737.68,2740.45,2869.87,2749.59
2207.43,2206.91,2210.33,2206.43,2196.14,2202.99,2792.96,2205.44,2192.01
2271.57,2271.46,2271.38,2271.48,2271,2249.11,2251.92,2249.06,2713.94
2723.17,2494.08,2485.22,2493.88,2484.15,2487.01,2486,2491.29,2508.64
2993.16,2968.61,2992.82,2992.89,2993.79,2993.92,2993.15,2993.45,2992.86
2997.05,2997.32,2997.11,2996.87,2996.53,2996.43,2997.64,2996.33,2996.13
2995.96,2996.03,2996.71,2996.58,2996.5,2995.19,2995.98,2996.9,2995.56
2995.78,2995.42,2996.45,2995.5,2996.63,2996.84,2995.73,2995.86,2996.66
2981.13,2980.68,2981.37,2980.26,2981,2981.27,2980.99,2980.76,2980.84
2939.51,2938.91,2938.15,2939.77,2939.9,2939.28,2939.61,2939.46,2939.77
2923.62,2924.32,2922.77,2923.91,2923.83,2924.04,2923.34,2923.81,2922.82
2965.04,2965.2,2965.24,2964.6,2964.97,2964.63,2964.77,2964.9,2964.99
2988.26,2987.81,2987.93,2987.88,2988.23,2987.86,2988.03,2988.12,2987.83
2881.19,2881.16,2852.75,2863.78,2852.29,2880.73,2894.62,2881.2,2881.2
2813.57,2845.14,2812.34,2811.53,2813.57,2838.57,2839.16,2812.79,2814.04
2590.4,2589.99,2586.42,2590.31,2578.55,2590.42,2771.41,2590.45,2569.93
1947.52,2678.08,1956.87,1946.51,1943.74,1958.07,1937.87,1938.56,1958.45
2509.94,2509.94,2510.03,2667.34,2510.08,2510.08,2510.08,2510.08,2510.08
2957.13,2957.07,2957.11,2957.54,2955.86,2957.1,2956.67,2957.28,2955.79
2996.85,2997.13,2995.26,2996.62,2996.1,2996.84,2996.55,2995.51,2995.62
2997.77,2997.15,2992.28,2997.21,2998.33,2998.37,2997.03,2998.46,2997.12
2994.53,2994.44,2994.38,2994.47,2994.14,2992.68,2994.08,2995.49,2994.4
2984.12,2985.22,2982.51,2984.08,2985.16,2984.72,2983.99,2984.44,2984.63
2954.21,2955.08,2953.92,2954.74,2954.31,2953.7,2955.08,2953.66,2954.06
2946.67,2946.53,2946.37,2946.4,2946.42,2946.41,2946.37,2946.54,2946.41
2975.49,2976.34,2976.31,2975.92,2976.39,2975.55,2976.29,2976.64,2976.01
2987.68,2987.32,2987.21,2987.63,2986.78,2987.6,2987.33,2987.52,2986.7
2985.92,2985.83,2983.74,2986.28,2986.07,2985.59,2986.14,2986.01,2986.12
2926.75,2919.02,2927.21,2928.36,2927.71,2911.3,2927.65,2928.38,2928.35
2505.14,2518.25,2505.96,2518.55,2499,2519.13,2639.24,2514.84,2518.65
2227.11,2235.05,2247.21,2606.17,2247.3,2229.73,2231.33,2228.77,2238.68
2854.4,2852.07,2874.7,2859.85,2874.17,2874.52,2878.43,2873.74,2873.07
2957.33,2957.3,2954.24,2957.54,2957.33,2953.44,2957.13,2955.37,2956.47
2998.77,2997.75,2993.03,2996.32,2996.44,2995.65,2997.55,2997.48,2995.98
2999.9,2996.01,2995.87,2996.43,2998.92,2995.67,2997.98,2997.45,2997.25
2997.06,2996.47,2996.09,2995.22,2993.18,2996.65,2996.15,2995.15,2995
2992.59,2990.54,2992.6,2992.21,2992.15,2992.54,2992.7,2990.09,2992.4
2965.49,2961.38,2965.84,2967.88,2965.33,2966.39,2967.27,2966.51,2966.72
2965.71,2965.56,2964.96,2965.31,2965.61,2965.38,2965.49,2964.63,2957.98
2981.23,2981.48,2980.9,2981.22,2981.32,2981.32,2980.86,2973.71,2981.56
2985.39,2984.34,2985.61,2986.11,2985.69,2985.65,2986.17,2985.96,2984.08
2973.35,2981.99,2983.54,2981.91,2982.61,2983.47,2982.85,2981.89,2983.03
2878.82,2893.81,2892.55,2895.04,2876.46,2894.35,2897.96,2894.2,2894.61
2636.49,2641.86,2633.87,2635.7,2629.19,2617.61,2633.24,2627.61,2622.95
2136.38,1881.14,1891.06,1882.28,1868.74,1881.44,1869.02,1884.8,1885.19
2771.7,2765.31,2765.15,2765.16,2764.01,2760.02,2765.65,2764.62,2763.76
2999.17,2993.31,2995.34,2998.06,2994.05,2995.04,3000,3000,3000
2998.43,2999.75,2998.35,2996.32,2999.92,2997.02,2997.17,2997.93,2998.98
2998.61,2999.16,2997.35,2999.34,2999.67,2997.84,2997.36,2996.8,2999.26
2998.05,2998.96,2999.38,2999.36,2996.89,2996.96,2997.43,2996.09,2996.61
2991.42,2993.15,2990.81,2992.77,2991.94,2992.34,2990.54,2993.2,2992.68
2980.25,2980.11,2979.77,2979.25,2977.9,2979.1,2979.35,2978.37,2980.29
2975.72,2975.3,2975.01,2974.25,2972.46,2974.43,2974.93,2975.53,2975.37
2985.87,2986.87,2987.06,2986.24,2986.02,2984.97,2985.65,2985.21,2986.03
2981.39,2982.91,2981.26,2982.58,2983.06,2980.65,2981.62,2983.08,2982.85
2981.01,2981.27,2982.21,2980.98,2979.73,2981.5,2982.06,2981.37,2980.95
2935.76,2954.13,2956.91,2955.71,2955.97,2956.09,2955.54,2955.69,2956.85
2733.44,2759.48,2749.74,2757.65,2754.32,2758.26,2752.04,2758.22,2732.69
1500.41,1499.38,1500.91,1486.68,1887.81,1500.96,1498.68,1491.59,1501.21
2629.18,2624.17,2627.85,2656.23,2633.22,2627.04,2648.68,2648.23,2627.23
2995.45,2992.41,2995.75,2994.87,2995.92,2994.27,2995.19,2992.56,2995.07
2996.18,2997.02,2999.06,2997.29,2997.74,2996.56,3000,3000,3000
2999.58,2995.53,2999.2,2994.88,2996.46,2997.51,2998.63,3000,3000
2998.82,2999.49,2999.17,2997.48,2997.31,2997.24,3000,3000,3000
2996.37,2995.39,2994.38,2996.68,2995.12,2994.55,2995.35,2993.83,2994.99
2977.34,2979.16,2975.07,2978.5,2973.89,2978.88,2975.87,2975.91,2980.13
2978.46,2976.83,2978.41,2978.49,2976.65,2978.47,2976.7,2977.39,2978.2
2980.17,2980.34,2980.21,2980.96,2981.15,2977.77,2980.56,2979.72,2980.02
2986.25,2986.24,2986.25,2985.77,2982.69,2985.34,2986.37,2986.62,2986.95
2982.86,2954.18,2981.3,2982.69,2981,2983.15,2981.58,2983.3,2983.63
2954.91,2969.29,2969.63,2956.7,2957.66,2969.24,2968.37,2967.58,2969.29
2588.66,2610.36,2610.59,2609.75,2590.9,2609.64,2587.76,2609.99,2624.39
2219.13,2222.2,2206.42,2202.21,2201.61,2215.39,2216.6,2203.8,2451.4
2652.28,2652.52,2626.94,2626.94,2653.48,2703.51,2654.07,2654.07,2654.07
2997.14,2996.3,2996.8,2994.45,2996.46,2996.53,2993.27,2997.01,2996.5
2999.13,2996.78,2997.39,2993.95,2997.71,2998.16,3000,3000,3000
2997.44,2999.42,2996.62,2999.97,2997.55,2997.99,2999.01,2995.85,3000
2997.51,2995.68,2997.41,2997.9,2997.63,2998.18,2996.68,2997.57,2997.12
2990.42,2989.96,2988.38,2989.51,2987.7,2989.93,2988.71,2988.45,2989.57
2975.02,2974.79,2975.04,2975.17,2970.68,2974.92,2974.51,2974.21,2974.81
2974.85,2971.7,2974.23,2973.97,2973.17,2974.65,2973.9,2973.79,2974.36
2984.51,2984.39,2984.63,2981.7,2983.97,2983.7,2984.51,2984.75,2983.36
2950.74,2950.77,2954.14,2952.38,2953.41,2953.99,2952.89,2954.14,2953.72
2987.32,2987.01,2986.84,2987.45,2984.4,2985.98,2987.75,2988.06,2988.12
2868.27,2895.18,2895.43,2894.61,2896.71,2880.14,2891,2897.35,2887.3
2450.64,2448.65,2463.27,2453.2,2451.47,2520.25,2446.96,2466.59,2470.4
1996.24,1995.71,1996.27,1995.86,1996.79,1985.77,1993.96,1994.9,2615.32
2838.81,2813.34,2813.4,2811.51,2813.68,2813.66,2839,2839,2847.93
2997.08,2994.55,2995.06,2996.82,2996.97,2996.45,2995.63,2996.98,2996.48
2993.32,2997.45,2998.61,2995.84,2998.76,2997.63,2997.33,2998.19,2998.37
2996.89,2995.42,2996.53,2995.83,2994.61,2996.66,2994.24,2994.93,2996.72
2995.92,2995.41,2994.51,2996.53,2996.1,2995.91,2993.31,2995.74,2994.87
2986.43,2986.42,2986.88,2987.46,2986.67,2986.62,2985.2,2986.26,2986.97
2960.87,2961.29,2961.94,2961.34,2961.97,2960.62,2961.86,2957.78,2961.26
2968.61,2963.26,2967.5,2968.27,2968.28,2968.24,2968.38,2968.48,2968.17
2981.35,2982.87,2982.6,2982.43,2982.4,2981.44,2980,2982.39,2982.26
2985.75,2985.34,2985.21,2985.42,2985.37,2985.9,2985.98,2985.29,2984.62
2891.02,2889.44,2888.05,2915.37,2892.23,2891.21,2916.86,2915.49,2915.97
2687.48,2679.57,2664.2,2686.64,2687.53,2695.1,2663.12,2679.84,2663.27
2553.43,2554.49,2553.97,2552.73,2551.82,2553.13,2554.37,2553.99,2721.28
1649.19,1658.77,1657.32,1661.96,2608.67,1655.77,1656.88,1661.3,1656.65
2439.45,2414.43,2414.24,2439,2762.79,2414.07,2414.43,2439.14,2416.18
2952.92,2951.71,2953.62,2953.74,2953.79,2930.31,2953.39,2953.52,2953.13
2996.72,2996.77,2996.75,2996.25,2994.89,2996.65,2996.28,2996.47,2996.35
2992.73,2993.56,2996.24,2995.48,2995.84,2995.04,2995.85,2996.12,2994.89
2994.69,2990.93,2989.13,2994.91,2993.41,2992.52,2992.81,2992.46,2994.78
2981.75,2981.78,2983.82,2983.05,2982.05,2982.36,2982.67,2984.25,2984.18
2942.44,2942.62,2941.01,2940.69,2941.28,2942.63,2942.68,2942.5,2942.49
2950.48,2949.08,2951.24,2951.37,2949.22,2951.03,2950.78,2949.74,2950.87
2979.33,2978.91,2977.54,2978.77,2979.05,2979.37,2979.04,2978.41,2978.84
2980.68,2978.52,2981.19,2980.99,2980.82,2981.09,2980.3,2981.12,2980.77
2979.47,2967.41,2980.48,2980.1,2978.57,2979.74,2977.11,2979.31,2980.64
2792.34,2792.25,2768.51,2792.22,2771.04,2765.7,2792.34,2771.67,2810.77
2547.72,2552.33,2553.32,2553.43,2528.94,2553.13,2553.51,2684.95,2550.32
1655.82,2512.65,1656.61,1655.82,1655.82,1656.43,1656.72,1658.56,1656.06
2775.68,2788.33,2796.22,2809.34,2803.37,2803.02,2803.34,2803.09,2803.37
2956.8,2958.19,2957.15,2956.4,2957.3,2957.82,2957.87,2957.97,2956.44
2996.63,2995.46,2997.51,2995.84,2997.41,2997.41,2995.3,2996.96,2996.63
2995.73,2993.99,2996.62,2996.23,2996.51,2996.14,2995.19,2996.3,2995.97
2993.16,2992.39,2993.5,2990.77,2990.39,2993.12,2992.96,2992.98,2993.17
2973.84,2973.64,2973.62,2974.51,2973.6,2969.56,2973.28,2973.61,2974.33
2924.44,2923.34,2924.42,2923.32,2923.69,2923.81,2924.67,2924.34,2924.99
2922.35,2920.9,2920.92,2922.32,2919.24,2922.42,2922.13,2922,2921.89
2965.47,2966.16,2966.21,2966.37,2966.04,2965.64,2965.77,2963.1,2965.28
2942.18,2940.38,2942.38,2942.62,2941.74,2942.59,2942.02,2922.69,2942.5
2872.62,2889.59,2884.9,2897.56,2882.85,2898.62,2871,2898.5,2898.01
2691.75,2695.44,2697.57,2694.09,2694.18,2692.18,2693.19,2777.74,2716.14
2771.2,2537.84,2520.55,2521.08,2519.18,2537.63,2542.66,2523.63,2526.92
1107.93,1112.14,1118.07,1108.27,1107.75,2549.78,1107.8,1118.63,1108.41
2509.77,2756.05,2510.08,2510.08,2510.08,2510.08,2510.08,2510.08,2510.08
2988.87,2989.03,2989.14,2988.47,2988.45,2970,2988.91,2989.03,2988.14
2996.14,2995.08,2994.14,2996.19,2995.98,2995.62,2996.01,2995.17,2994.95
2994.72,2996.01,2994.75,2994.53,2995.32,2995.35,2995.64,2996.08,2995.04
2990.99,2992.27,2992.54,2992.15,2991.19,2992.58,2991.99,2991.89,2992.48
2968.08,2970.65,2970.73,2968.42,2969.08,2970.15,2971.1,2970.22,2970.65
2907.96,2907.16,2907.38,2907.74,2907.96,2907.69,2907.33,2907.6,2907.49
2907.13,2907.65,2908.18,2907.36,2905.22,2906.83,2908.14,2907.77,2908.11
2960.91,2961.06,2961,2960.72,2961.11,2961.32,2960.11,2961.13,2960.28
2973.58,2973.3,2973.53,2973.46,2972.77,2973.07,2973.37,2973.24,2972.52
2937.61,2931.25,2920.22,2938.35,2938.05,2925.1,2938.13,2917.45,2937.5
2636,2628.06,2640.26,2648.59,2630.41,2647.89,2628.45,2718.94,2646.71
2348.09,2353.93,2349.5,2356.97,2348.86,2658.88,2371.77,2371.77,2371.77
2462.75,2752.41,2474.98,2474.98,2474.98,2474.98,2474.98,2474.98,2474.98
2704.01,2677.16,2690.61,2690.92,2690.12,2690.87,2690.85,2690.29,2690.71
2995.89,2995.95,2994.85,2995.49,2996.11,2994.81,2996.04,2995.65,2995.72
2999.06,2998.53,2998.58,2999.14,2998.32,2998.62,2997.87,2998.49,2997.4
2995.64,2995.6,2996.41,2996.4,2995.74,2995.47,2995.28,2995.06,2995.67
2994.93,2995.99,2996.35,2995.35,2995.27,2995.4,2996.15,2996.24,2995.48
2975.76,2976.44,2976.56,2976.1,2976.59,2976.14,2976.77,2976.4,2974.57
2915.45,2916.41,2916.05,2916.11,2916.29,2914.64,2916.09,2916,2914.65
2909.42,2909.27,2909.41,2908.5,2908.94,2909.09,2909.41,2909.53,2909.38
2967.61,2966.74,2966.99,2966.89,2967.63,2967.17,2966.35,2966.83,2967.56
2973.66,2973.33,2973.56,2973.47,2973.67,2973.56,2972.7,2973.46,2973.53
2893.27,2873.55,2891.17,2892.14,2865.39,2893.22,2865.27,2892.57,2896.01
2826.88,2683.42,2685.71,2686.61,2686.98,2684.96,2677.25,2682.79,2690.53
1738.73,1737.59,1738.94,1739.38,1747.25,1744.85,1747.58,1746.58,2641.54
1118.29,1110.45,1113.35,1114.75,2688.8,1123.62,1123.62,1123.62,1123.62
2617.39,2601.05,2610.25,2676.57,2617.15,2608.73,2591.13,2611.53,2616.05
2992.77,2993.88,2993.14,2992.29,2993.03,2970,2993.2,2993.84,2992.11
2996.73,2996.81,2995.87,2995.62,2995.64,2995.43,2996.03,2996.6,2996.1
2995.17,2995.23,2995.38,2995.19,2995.38,2994.91,2994.66,2994,2992.84
2994.65,2993.03,2994.04,2993.64,2995.15,2994.05,2994.23,2993.78,2995.01
2981.94,2981.58,2982.01,2979.9,2981.21,2980.16,2979.98,2981.75,2980.62
2938.46,2938.14,2938.42,2938.58,2938.37,2938.06,2938.55,2938.52,2937.59
2917,2917.38,2917.15,2917.2,2916.1,2917.11,2917.08,2916.06,2917.53
2960.51,2960.8,2960.7,2960.04,2960.84,2960.24,2960.71,2960.31,2960.38
2985.8,2986.54,2984.79,2986.69,2986.64,2985.11,2986.54,2986.66,2986.04
2984.05,2985.23,2962.63,2985.36,2985.24,2982.9,2984.88,2962.61,2984.66
2676.29,2668.25,2689.97,2742.38,2663.61,2663.75,2690.36,2669.46,2673.31
2755.06,2509.53,2509.41,2483.76,2485.7,2491.35,2495.79,2502.96,2509.39
2186.7,2662.56,2182.56,2183.76,2183.4,2206.13,2203.64,2183.65,2206.01
2631.28,2652.74,2628.13,2653.52,2638.88,2632.86,2776.81,2654.07,2654.07
2994.9,2994.89,2994.64,2992.53,2993.95,2993.83,2995.17,2993.99,2995.14
2998.34,2998.02,2995.61,2998.12,2998.25,2997.92,2997.61,2997.95,2996.28
2996.35,2996.06,2995.99,2994.69,2995.72,2993.46,2996.47,2994.65,2996.28
2996.95,2993.91,2994.12,2997.25,2995.7,2997.21,2997.08,2997.72,2996.74
2986.21,2985.97,2986.09,2984.93,2985.17,2984.18,2985.16,2984.53,2985.94
2952.52,2951.85,2951.93,2952.43,2952.24,2952.45,2952.64,2951.57,2952.36
2941.01,2940.87,2941.26,2940.45,2939.96,2940.98,2940.58,2940.6,2938.29
2974.86,2974.07,2974.48,2974.86,2974.16,2974.5,2974.33,2974.9,2973.54
2990.43,2990.08,2990.33,2990.68,2989.46,2990.16,2989.96,2990.32,2990.52
2990.03,2989.69,2990.07,2988.75,2989.51,2989.49,2990,2989.04,2989.44
2865.83,2858.64,2879.11,2861.99,2877.4,2878.6,2859.94,2878.9,2878.84
2748.4,2487.25,2495.63,2483.85,2483.91,2484.76,2488.93,2484.12,2485.98
1860.61,1876.57,1878.12,1877.34,1857.57,1875.39,2576.39,1871.86,1878.25
2414.99,2681.13,2440.23,2440.23,2440.23,2440.23,2440.23,2440.23,2440.23
2919.9,2918.41,2915.38,2919.85,2918.8,2919.14,2918.56,2918.25,2918.44
2995.83,2996.58,2997.06,2996.82,2997.9,2995.3,2997.68,2997.57,2996.14
2999.73,2998.94,2998.45,2998.4,2999.59,2997.37,3000,3000,3000
2995.15,2994.32,2992.96,2997.21,2995.95,2996.72,2996.81,2995.39,2996.16
2992.03,2991.17,2991.08,2992.46,2992.7,2991.56,2990.24,2991.24,2991.33
2969.57,2969.69,2969.93,2968.41,2968.42,2968.5,2969.25,2969.64,2969.94
2963.64,2962.78,2962.66,2963.44,2962.61,2963.22,2962.58,2963.08,2963.75
2963.56,2963.6,2962.04,2963.63,2963.8,2963.83,2963.8,2963.71,2962.47
2985.37,2985.24,2984.13,2983.87,2986.64,2985.36,2985.29,2968.06,2982.96
2944.75,2926.46,2944.16,2944.02,2945.91,2926.7,2945.26,2945.24,2944.65
2932.99,2932.87,2923.75,2933.46,2933.3,2933.7,2933.1,2933.69,2921.82
2684.07,2695.51,2700.14,2699.27,2700.77,2699.17,2716.04,2691.84,2700.3
1974.97,1979.68,1975,1980.73,1973.64,1980.66,1981.68,2184.83,1974.94
2704.46,2663.58,2663.54,2663.58,2663.58,2663.58,2663.27,2638.52,2663.84
2917.64,2919.12,2916.5,2918.58,2917.17,2919.57,2919.75,2918.39,2919.84
2999.63,2997.37,2999.62,2997.47,3000,3000,3000,3000,3000
2996.56,2997.06,2997.62,2997.93,2997.98,2998.21,2998.43,3000,3000
2998.65,2997.21,2996.04,2997.74,2998.32,2998.21,2997.14,2997.91,2998.52
2990.36,2991.78,2986.62,2992.25,2989.66,2989.85,2990.88,2991.9,2992.35
2975.36,2975.41,2973.39,2975.53,2969.12,2973.91,2974.45,2975.53,2974.98
2965.29,2971.43,2971.44,2971.45,2967.47,2971.73,2971.67,2971.85,2968.47
2980.72,2982.07,2981.53,2982.38,2981.04,2983.08,2982.26,2980.8,2981.64
2982.92,2982.83,2981.44,2981.4,2982.41,2982.63,2983.21,2982.46,2982.72
2975.98,2974.47,2975.21,2973.62,2946.55,2974.38,2975.48,2974.79,2968.68
2832.21,2851.12,2850.37,2841.19,2849.65,2849.67,2850.15,2849.4,2850.88
2751.01,2744.42,2751.91,2753.02,2745.05,2728.25,2729.14,2752.85,2752.31
2071.63,2065.01,2070.85,2057.34,2075.54,2074.9,2055.22,2215.8,2068.77
2626.66,2626.66,2626.66,2652.1,2627.04,2627.23,2628.37,2652.2,2679.71
2954.63,2954.81,2955.98,2957.42,2956.83,2955.44,2957.62,2955.72,2957.74
2999.84,2995.75,2998.59,2998.75,3000,3000,3000,3000,3000
2999.62,2995.88,2999.43,2995.36,2998.31,3000,3000,3000,3000
2997.53,2996.62,2999.62,2999.98,2995.58,2996.75,2999.16,2999.41,2998.59
2994.84,2993.91,2995.86,2994.58,2991.49,2992.43,2991.19,2993.77,2994.81
2977.91,2977.67,2977.49,2976.1,2974,2978.3,2977,2977.1,2976.77
2974.17,2973.6,2973.24,2973.21,2973.22,2973.41,2974.61,2973.87,2972.65
2980.61,2978.95,2979.19,2980.02,2980.36,2979.94,2979.65,2980.08,2979.41
2984.22,2984.66,2984.93,2982.93,2984.49,2983.7,2984.87,2984.48,2984.79
2979.26,2980.07,2980.52,2978.04,2979.7,2980.73,2980.68,2977.92,2979.92
2964.75,2964.6,2953.31,2964.92,2951.5,2937.73,2965.41,2966.93,2966.79
2679.99,2680.35,2662.64,2680.73,2678.57,2671.11,2665.18,2685.92,2663.08
1884.66,2229.61,1881.39,1886.6,1887.73,1880.61,1872.55,1891.59,1879.57
2545.09,2520.27,2531.82,2545.21,2542.24,2576.93,2545.54,2545.54,2545.54
2956.32,2958.2,2958.2,2955.05,2958.29,2958.1,2956.63,2957.69,2957.18
2998.22,2997.49,2999.38,2997.33,2996.27,3000,3000,3000,3000
2999.26,2999.11,2998.94,2996.89,2998.91,2997.3,2997.53,2997.74,3000
2996.47,2995.38,2996.44,2995.96,2993.98,2996.8,2996.67,2995.87,2995.92
2992.49,2991.71,2992.96,2991.08,2989.69,2991.91,2992.27,2992.38,2990.78
2974.62,2974.95,2973.83,2974.91,2967.22,2974.82,2974.12,2974.84,2973.8
2972.13,2972.86,2972.95,2972.96,2971.87,2969.5,2971.91,2971.66,2973.15
2979.53,2979.64,2979.27,2977.74,2979.76,2979.54,2978.64,2978.19,2979.62
2984.48,2985.39,2985.33,2983.87,2984.66,2985.13,2985.45,2984.41,2985.14
2913.64,2889.34,2886.71,2913.41,2914.2,2913.94,2886.46,2913.92,2911.35
2908.6,2907.49,2888.24,2909.24,2908.26,2899.45,2909.4,2909.46,2910.32
2453.94,2452.3,2454.47,2436.35,2457.55,2439.37,2452.4,2455.47,2463.09
1842.07,1820.97,1820.97,1842.01,1842.09,1841.49,1829.22,1839.79,2572.8
2727.68,2727.58,2785.36,2700.49,2700.49,2706,2703.16,2700.88,2703.06
2994.98,2997.1,2996.21,2996.94,2995.23,2995.17,2995.11,2995.43,2996.56
2995.39,2996,2996.79,2995.14,2994.38,2997.21,2997.15,2995.7,2996.69
2997.96,2997.39,2995.73,2996,2995.94,2996.61,2996.78,2996.83,2995.57
2997.52,2997.58,2995.48,2996.67,2997.98,2998.06,2997.99,2996.68,2996.85
2984.3,2985.88,2985.85,2981.73,2986.05,2984.25,2985.92,2986.02,2985.63
2955.64,2955.05,2955.89,2956.7,2956.83,2957.27,2956.21,2956.99,2955.63
2964.72,2964.96,2962.98,2963.72,2964.49,2964.16,2965.36,2964.02,2964.66
2977.64,2975.72,2978.29,2976.75,2977.59,2977.7,2978.07,2978.34,2976.76
2968.08,2975.87,2976.15,2976.47,2975.9,2976.01,2975.98,2976.02,2961.93
2881.93,2849.06,2872.29,2871.15,2844.56,2872.32,2872.39,2872.54,2872.28
2687.28,2687.61,2679.8,2673.96,2674.91,2677.55,2702.61,2672.72,2686.46
2580.34,2580.02,2579.96,2580.45,2580.77,2559.82,2580.69,2580.39,2707.86
2423.8,2414.19,2414.27,2427.18,2433.16,2420.34,2438.42,2787.76,2414.02
2555.15,2559.16,2554.5,2580.74,2737.4,2555.43,2580.39,2580.55,2566.72
2995.4,2993.34,2994.14,2994.19,2995.12,2995.14,2995.26,2994.44,2994.02
2996.92,2997.08,2997.6,2997.52,2997.68,2994.61,2997.42,2996.58,2996.9
2996.97,2997.05,2997.66,2995.65,2996.92,2995.17,2997.67,2996.64,2997.17
2994.15,2992.75,2992.5,2992.35,2993.95,2994.11,2994.19,2992.6,2994.18
2975.94,2975.04,2975.12,2976.34,2977.11,2976.6,2976.31,2977.04,2977.17
2932.27,2932.14,2930.83,2931.84,2931.5,2932.19,2932.3,2932.47,2932.64
2940.3,2939.96,2940.62,2939.8,2940.71,2940.51,2940.23,2939.98,2940.41
2967.42,2967.82,2967.74,2966.59,2966.82,2967.06,2967.36,2967.54,2967.29
2943.3,2943.25,2943.63,2943.96,2943.62,2943.86,2943.73,2942.75,2941.11
2934.82,2934.29,2934.35,2920.41,2927.11,2934.55,2933.89,2933.6,2933.69
2587.07,2727.86,2600.12,2600.3,2587.7,2592.66,2585.82,2590.34,2588.18
2173.76,2151.31,2158.44,2172.58,2150.69,2173.87,2601.4,2173.89,2173.35
1775.41,1772.86,2707.01,1764.78,1768.66,1776.67,1765.1,1764.83,1765.47
2617.36,2590.49,2590.82,2590.79,2590.49,2788.95,2617.53,2617.53,2617.53
2992.9,2993.77,2968.75,2992.49,2992.8,2992.55,2993.83,2993.49,2993.59
2994.35,2996.28,2996.13,2996.77,2996.36,2996.35,2995.46,2995.56,2995.02
2996.18,2998.31,2998.46,2998.78,2998.48,2998.04,2997.41,2997.44,2996.92
2993.59,2992.11,2991.62,2993.9,2992.56,2993.33,2993.87,2992.52,2993.03
2970.37,2971.07,2970.4,2971.1,2970.72,2970.6,2970.57,2971.64,2970.66
2910.08,2908.75,2910.51,2910.26,2903.12,2910.42,2908.61,2909.28,2909.67
2916.47,2916.47,2915.95,2916.66,2916.13,2916.71,2916.36,2915.94,2915.94
2954.99,2954.74,2954.34,2955.09,2954.61,2954.71,2954.78,2954.22,2954.02
2901.22,2902.49,2902.29,2903.08,2902.39,2903.15,2902.56,2901.75,2902.94
2944.1,2944.53,2943.06,2917.98,2943.69,2944.1,2922.91,2944.51,2916.01
2588.04,2613.23,2613.56,2594.18,2647.4,2587.92,2590.23,2607.31,2613.24
2295.86,2296.27,2314.65,2314.04,2313.57,2313.02,2312.33,2308.22,2788.05
2494.91,2501.11,2509.39,2509.5,2488.69,2492.72,2509.56,2836.53,2489.99
2719.31,2590.35,2616.93,2617.2,2598.75,2603.84,2616.34,2596.85,2591.84
2917.41,2917.49,2917.6,2917.86,2890.43,2917.13,2916.84,2917.67,2917.9
2994.79,2996,2995.05,2992.28,2996.39,2996.34,2996.5,2995.26,2995.53
2995.5,2994.9,2995.76,2996.22,2995.96,2995.44,2996.33,2996.22,2995.5
2991.73,2992.26,2991.49,2989.68,2990.81,2991.23,2991.16,2991.99,2991.26
2967.53,2967.79,2966.32,2968.4,2968.29,2967.9,2967.52,2968.13,2968
2897.01,2896.38,2896.96,2897.29,2896.35,2897.22,2897.26,2897.35,2896.66
2902.54,2901.37,2902.43,2902.17,2902.57,2902.34,2902.64,2902.44,2902.31
2949.49,2949.71,2949.77,2949.19,2949.38,2949.65,2949.7,2948.88,2948.67
2937.25,2930.41,2936.87,2935.68,2937.48,2937.33,2937.12,2937.23,2937.62
2801.86,2803.78,2790.46,2784.92,2803.59,2786.49,2804.71,2826.95,2798.23
2737.68,2765.55,2745,2765.34,2739.84,2760.12,2784.58,2742.53,2757.3
2304.35,2304.65,2732.85,2304.67,2304.67,2304.67,2304.67,2304.67,2304.67
1570.23,1570.44,1570.3,1570.41,2608.48,1570.45,1570.45,1570.45,1570.45
2721.8,2727.72,2714.33,2702.61,2724.5,2814.01,2728.26,2728.26,2728.26
2953.87,2928.13,2954.21,2953.05,2953.72,2953.75,2954.09,2953.76,2954.38
2995.08,2993.99,2994.06,2994.04,2994.12,2993.99,2993.34,2994.78,2994.71
2994.64,2994.87,2995.33,2994.57,2995.18,2994.82,2995.06,2994.9,2995.86
2990.44,2991.25,2991.39,2991.61,2991.09,2990.69,2991.22,2991.11,2991.22
2966.01,2965,2965.64,2966.06,2965.08,2966.04,2966.27,2966.01,2965.73
2891.49,2891.95,2891.78,2892,2892.04,2890.66,2891.56,2891.35,2891.96
2893.59,2893.59,2893.67,2892.21,2893.35,2892.93,2892.89,2893.47,2892.93
2956.4,2955.99,2956.67,2954.89,2956.36,2956.67,2956.46,2955.58,2955.87
2981.7,2981.93,2980.24,2981.37,2981.64,2980.96,2980.3,2980.96,2981.31
2876.3,2877.28,2877.13,2876.81,2850.36,2879.47,2849.83,2876.8,2876.24
2552.4,2579.86,2551.3,2548.15,2535.02,2528.37,2537,2550.32,2550.59
2474.87,2474.82,2449.01,2466.1,2456.23,2449.46,2735.9,2474.98,2474.98
2841.23,2819.32,2841.83,2856.93,2842.38,2842.38,2842.38,2842.38,2842.38
2821.53,2728.26,2728.26,2728.26,2728.26,2728.26,2728.26,2728.26,2728.26
2957.19,2957.99,2956.23,2929.98,2957.93,2957.68,2957.1,2958.17,2957.4
2998.16,2998.4,2997.25,2995.82,2996.88,2997.62,2997.15,2997.46,2997.45
2994.99,2990.75,2994.26,2994.78,2993.54,2993,2994.75,2994.86,2994.4
2992.07,2991.32,2992.78,2992.35,2991.83,2989.82,2992.39,2989.8,2992.5
2974.37,2973.95,2975.02,2973.91,2974.65,2974.59,2974.31,2974.63,2972.83
2908.89,2910.02,2909.96,2910.34,2910,2910.24,2910.43,2910,2910.25
2911.44,2911.25,2911.12,2911.77,2910.23,2911.31,2911.64,2910.95,2911.1
2969.15,2969.32,2966.21,2968.47,2968.6,2969.55,2967.35,2967.67,2969.28
2985.96,2985.59,2986.11,2985.34,2985.75,2985.68,2985.14,2986.09,2986.24
2881.78,2876.34,2903.09,2878.57,2881.9,2890.24,2879.14,2905.06,2880.35
2642.11,2638.81,2659.77,2644.57,2662.65,2646.25,2817.29,2661.01,2637.58
1907.55,1907.53,1907.25,1895.95,1907.47,1907.54,2653.24,1892.63,1905.19
1965.86,1956.25,2581.44,1951.53,1966.93,1965.41,1966.5,1966.5,1966.5
2484.77,2486.69,2487,2484.21,2484.8,2509.75,2496.66,2484.4,2696.79
2918.36,2918.68,2918.9,2919.02,2918.89,2917.86,2918.86,2918.58,2918.87
2996.25,2997.33,2995.9,2997.68,2995.84,2995.41,2996.31,2996.23,2995.61
2997.72,2996.27,2997.34,2998.09,2997.37,2995.85,2998.21,2998.05,2997.35
2991.95,2994.11,2993.81,2993.96,2993.65,2992.64,2994.36,2992.65,2992.66
2982.42,2983.08,2982.59,2982.23,2983.39,2982.42,2983.4,2983.78,2983.22
2946.58,2946.52,2945.4,2945.95,2945.8,2945.38,2946.56,2946.44,2946.82
2939.55,2939.01,2939.04,2939.25,2939.4,2938.39,2938.46,2938.82,2939.59
2970.79,2971.32,2971.38,2971.49,2970.58,2971.34,2971.26,2971.65,2971.51
2980.61,2980.29,2964.63,2979.99,2978.06,2978.5,2980.7,2979.05,2965.65
2951.5,2951.09,2951.61,2951.23,2930.69,2929.34,2951.14,2950.2,2950.2
2882.2,2896.39,2891.02,2896.74,2890.05,2886.23,2890.66,2883.16,2896
2627.11,2626.7,2627.64,2626.66,2626.15,2626.95,2707.81,2609.97,2619.82
2440.18,2415,2439.34,2415.06,2415.51,2415.25,2415.25,2426.08,2637.94
2690.66,2663.3,2690.91,2667.75,2676.06,2690.65,2770.36,2690.98,2690.98
2917.71,2917.77,2914.92,2891.2,2917.52,2916.23,2916.73,2917.49,2917.42
2997.67,2995.69,2994.32,2995.76,2996.43,2995.9,2995.09,2996.37,2996.37
2997.78,2997.95,2997.54,2997.41,2998.17,2999.68,2998.25,2997.86,3000
2997.19,2997.31,2997.75,2997.95,2998.17,2996.09,2997.67,2997.13,2996.94
2990.42,2989.91,2989.59,2987.24,2990.01,2989.61,2989.95,2989.43,2989.68
2964.95,2963.67,2964.55,2964.63,2964.73,2963.06,2964.68,2964.28,2964.53
2960.17,2960.4,2956.11,2958.12,2955.75,2960.28,2960.83,2959.93,2960.94
2974.25,2973.51,2974.57,2973.84,2973.4,2974.38,2973.82,2974.5,2974.07
2948.8,2947.91,2948.46,2948.08,2947.42,2947.78,2948.28,2947.63,2946.96
2943.14,2942.21,2943.33,2943.1,2943.72,2942.78,2943.71,2942.59,2942.81
2918.21,2919.14,2890.14,2919.29,2910.49,2918.08,2917.81,2918.27,2918.36
2589.82,2589.59,2584.74,2590.4,2575.49,2582.83,2691.5,2590.4,2592.43
2462.14,2245.82,2243.86,2231.18,2240.54,2227.29,2224.77,2227.75,2229.83
2483.76,2483.85,2509.76,2484.15,2487.63,2509.01,2614.75,2510.08,2510.08
2930.4,2930.4,2956.74,2930.4,2955.38,2957.41,2956.99,2956.42,2954.2
2997.12,2998.84,2998.35,2996.71,2996.26,2997.21,2998.98,2997.85,2996.83
2999.68,2996.73,2997.08,2998.55,2996.4,2996.34,2998.59,2998.02,2998.15
2999.7,2999.73,2997.56,2996.41,2999.34,2996.55,2999.38,2998.26,3000
2991.14,2991.37,2991.94,2992.91,2993.06,2992.51,2992.21,2992.24,2992.81
2970.99,2970.98,2970.2,2970.57,2960.29,2971.12,2971.16,2971.28,2971.14
2964.11,2964.29,2965.01,2965.04,2964.43,2965.44,2964.88,2965.21,2963.89
2971.88,2970.09,2972.03,2971.13,2970.31,2972.08,2970.63,2972.31,2971.63
2974.97,2975.98,2974.43,2974.72,2974.15,2975.47,2974.44,2975.2,2975.45
2972.96,2971.97,2972.81,2970.92,2971.25,2972.47,2971.35,2972.54,2971.16
2959.08,2959.51,2956.72,2958.38,2957.56,2958.67,2958.26,2959.22,2957.75
2706.28,2692.49,2712.46,2712.45,2707,2706.71,2710.94,2720.24,2705.03
2004.77,2024.45,2006.65,2005.11,2004.53,2010.64,2008.38,2005.65,2238.81
2590.67,2590.86,2590.86,2607.05,2613.27,2633.17,2617.53,2617.53,2617.53
2999.5,2994.77,2998.01,2996.51,2995.82,2997.55,2999.49,2997.38,3000
2999.31,2997.27,2996.33,2997.24,2996.38,2998.95,2995.42,2997.24,2999.23
2998.9,2997.71,2997.35,2997.96,2996.68,2998.14,2998.43,2998.07,3000
2996.38,2996.41,2996.83,2998.85,2995.97,2999.53,2997.54,2998.29,2996.83
2994.25,2993.54,2992.55,2993.47,2990.08,2993.27,2992.21,2992.77,2991.74
2975.59,2975.69,2974.45,2974.36,2973.2,2972.16,2975.44,2974.88,2974.14
2968.79,2969.62,2969.59,2969.22,2969.88,2967.55,2969.1,2968.13,2969.2
2973.51,2972.88,2973.49,2973.29,2974.92,2973.54,2973.56,2970.9,2973.07
2975.58,2974.32,2976.19,2974.54,2975.35,2975.81,2975.56,2975.22,2976.07
2940.92,2941.17,2940.87,2941.47,2941.34,2941.33,2940.13,2939.15,2912.71
2846.13,2845.5,2835.69,2825.63,2843.77,2846.88,2846.61,2845.37,2819.47
2570.65,2584.55,2668.71,2566.95,2565.11,2564.95,2581.95,2570.13,2569.97
2099.92,2094.75,2105.9,2096.6,2101.57,2096.72,2101.88,2104.44,2473.66
2554.49,2554.49,2554.58,2554.67,2554.67,2554.95,2581.28,2559.9,2692.05
2955.75,2954.74,2956.32,2956.21,2957.24,2957.44,2956.45,2955.87,2957.48
2999.77,2997.54,2998.03,2994.1,2996.66,2997.78,2996.82,2996.62,2998.43
2998.89,2998.17,2998.84,2997.12,2997.31,2996.42,2995.75,2997.24,2998.65
2999.87,2997.72,2998.67,2996.63,2997.05,2998.09,2997.66,2996.96,2998.23
2986.8,2989.93,2988.35,2989.01,2989.83,2989.81,2989.47,2988.85,2987.6
2966.46,2966.6,2966.05,2963.82,2966.75,2966.25,2966.72,2966.45,2966.07
2969.32,2968.08,2968.25,2967.45,2966.07,2968.18,2967.19,2966.72,2968.74
2973.54,2971.73,2974.05,2973.83,2972.39,2973.99,2973.35,2973.64,2973.15
2940.22,2939.42,2940.19,2939.28,2938.94,2939.81,2939.01,2940.96,2940.17
2978.25,2963.09,2977.98,2978.45,2977.37,2978.76,2956.81,2965.75,2977.43
2830.07,2822.71,2834.02,2837.1,2838.58,2813.88,2835.59,2820.01,2833.2
2540.64,2534.32,2555,2549.21,2545.36,2551.14,2530,2533.03,2546.05
2255.66,2246.88,2247.2,2254.03,2248.97,2252.69,2247.1,2247.18,2660.74
2727.69,2700.49,2715.19,2700.98,2727.75,2799.66,2728.26,2728.26,2728.26
2917.12,2917.65,2918.16,2916.9,2917.84,2918.15,2918.07,2916.78,2918.12
2997.85,2997.5,2998.4,2996.97,2997.68,2997.39,2994.85,2998.04,2996.82
2993.75,2997.04,2996.29,2995.75,2993.93,2997.35,2995,2998.07,2998.1
2995.43,2996.04,2993.28,2993.54,2994.49,2994.76,2993.17,2995.62,2995.41
2979.56,2981.07,2979.9,2981.06,2981.08,2979.38,2979.38,2980.1,2980
2945.67,2945.4,2944.79,2946.28,2945.44,2946.41,2945.87,2945.48,2946.03
2959.89,2958.76,2959.63,2959.67,2957.98,2959.39,2959.6,2959.5,2958.89
2973.21,2973.67,2973.85,2973.54,2973.6,2973.52,2973.58,2973.15,2973.7
2838.29,2868.59,2838.41,2837.98,2837.85,2837.68,2837.77,2812.14,2838.33
2925.69,2922.41,2944.16,2944.72,2944.46,2921.55,2927.95,2944.15,2944.86
2544.29,2534.19,2679.57,2545.1,2518.97,2519.78,2540.67,2520.27,2520.16
2142.65,2142.5,2142.7,2119.15,2119.15,2127.43,2126.88,2119.97,2633.15
1756.8,1737.19,1738.34,1745.33,1750.47,2779.53,1757.8,1757.8,1757.8
2616.19,2616.19,2590.5,2616.21,2602.3,2591.47,2590.67,2749.78,2616.72
2991.25,2990.27,2989.23,2970,2989.95,2989.88,2990.93,2989.85,2990.34
2995.4,2994.28,2994.2,2994.09,2995.08,2995.05,2994.91,2995.57,2995.53
2996.58,2994.38,2995.43,2996.14,2996.58,2996.34,2995.75,2995.52,2996.57
2994.09,2993.54,2994.83,2993.03,2994.76,2994.01,2993.67,2995.07,2994.55
2968.5,2969.86,2967.32,2969.43,2969.38,2970.02,2968.82,2969.49,2969.08
2912.59,2914.18,2914.77,2914.48,2913.65,2915.07,2914.79,2914.39,2914.62
2936.97,2937.85,2938.24,2938.38,2938.08,2937.57,2937.4,2937.85,2938.16
2971.38,2971.47,2971.4,2970.84,2971.29,2970.18,2970.8,2971.16,2970.27
2929.1,2929.19,2928.97,2915.78,2929.34,2929.61,2914.2,2928.3,2929.65
2778.04,2839.95,2772.03,2773.14,2770.51,2796.51,2774.62,2797.28,2797.39
2450.4,2684.61,2443.92,2445.71,2463.82,2450.54,2449.45,2452.9,2448.98
2091.55,2094.48,2845.55,2110.71,2087.95,2111.11,2088.14,2087.95,2087.97
1899.74,2775.71,1899.92,1899.92,1899.92,1907.89,1899.92,1899.92,1899.92
2474.64,2460.97,2472.11,2472.46,2451.29,2790.38,2474.98,2474.98,2474.98
2991.73,2992.18,2992.22,2992.77,2992.29,2992.03,2992.62,2991.67,2992.62
2995.09,2994.95,2994.24,2995.25,2995.5,2995.65,2993.38,2995.21,2994.22
2996.81,2996.85,2995.72,2995.22,2996.4,2996.9,2992.14,2996.94,2995.99
2990.3,2990.49,2990.4,2988.41,2990.92,2991.3,2991.23,2990.88,2991.47
2971.08,2969.9,2969.33,2970.88,2971.06,2968.02,2971.05,2969.81,2969.77
2887.27,2887.31,2888.2,2888.5,2888.56,2888.41,2886.97,2887.13,2887.59
2904.95,2904.88,2904.01,2905.04,2904.5,2903.76,2905.03,2903.58,2904.64
2955.17,2955.36,2955.71,2956.52,2956.36,2956.14,2955.94,2955.8,2955.95
2931.92,2938.15,2939.17,2939.37,2938.87,2937.49,2938.24,2938.76,2939.33
2928.65,2928.63,2928.61,2928.74,2928.68,2928.8,2925.93,2928.58,2928.19
2617.02,2617.49,2591.72,2590.61,2593.96,2593.17,2828.3,2617.53,2617.53
2371.68,2371.43,2371.76,2370.83,2361.8,2360.5,2708.85,2371.77,2371.77
2474.93,2474.67,2474.97,2474.55,2474.58,2474.91,2474.46,2809.66,2474.98
2597.04,2592.57,2599.21,2589.94,2590.81,2595.46,2634.1,2588.67,2591.29
2875.8,2875.35,2852.02,2875.37,2847.58,2875.6,2874.57,2875.35,2875.36
2989.9,2990.77,2990.38,2989.95,2991.16,2988.16,2990,2990.08,2990.3
2992.69,2992.87,2993.12,2993.41,2992.23,2993.46,2991.94,2991.62,2992.6
2990.14,2990.39,2990.75,2990.63,2989.8,2990.12,2990.07,2989.64,2988.66
2962.68,2962.86,2963.17,2962.76,2963,2963.78,2963.78,2964.29,2964.26
2877.45,2877.37,2878.27,2878.25,2878.15,2878.32,2876.47,2876.03,2877.87
2891.1,2891.94,2891.87,2891.76,2890.8,2891.44,2891.81,2892.03,2890.91
2956.14,2956.1,2955.71,2955.39,2956.03,2956.17,2954.99,2955.58,2955.77
2965.33,2964.6,2964.98,2963.38,2964.82,2964.98,2963.99,2963.92,2965.03
2661.66,2683.68,2658.47,2658.19,2684.11,2682.82,2750.5,2684.26,2682.07
1861.29,1863.23,1862.01,1851.35,2713.69,1870.92,1870.92,1870.92,1870.92
1288.96,1291.71,1285.97,1301.31,1286.91,1301.29,2548.71,1297.29,1286.8
2696.06,1622.64,1622.64,1625.44,1622.64,1622.64,1626.72,1622.64,1622.64
2371.63,2371.46,2371.65,2371.54,2371.77,2371.65,2355.14,2727.89,2371.77
2953.36,2952.32,2953.36,2952.53,2952.84,2953.38,2952.66,2952.21,2950.93
2992.89,2992.46,2992.9,2992.95,2992.51,2993.43,2993.62,2993.64,2993.71
2995.24,2994.44,2995.16,2994.53,2993.51,2994.73,2994.24,2995.02,2994.42
2988.7,2988.29,2989.04,2987.19,2989.6,2987.16,2986.39,2988.34,2989.29
2959.17,2958.96,2959.92,2959.69,2959,2959.52,2958.76,2959.34,2959.63
2867.63,2867.19,2867.78,2866.59,2865.13,2867.38,2867.05,2867.5,2867.54
2880.58,2880.31,2880.29,2880.71,2880.19,2880.18,2879.97,2880.69,2879.97
2934.5,2934.98,2934.02,2934.1,2933.02,2934.41,2934.26,2934.95,2934.27
2930.2,2937.42,2938.21,2938.35,2937.54,2938.38,2938.14,2938.05,2930.3
2741.9,2818.74,2736.01,2735.22,2755.76,2737.46,2760.47,2737.63,2737.99
2786.5,2600.54,2605.21,2607,2599.12,2595.66,2603.6,2599.95,2589.97
1970.56,1982.26,1980.62,1976.39,1967.82,1967.73,2592.79,1973.84,1985
2095.69,2088.48,2111.1,2106.12,2623.11,2111.29,2111.29,2111.29,2111.29
2803.85,2803.87,2803.63,2803.63,2802.36,2793.51,2803.13,2850.14,2803.96
2994.39,2993.49,2994.61,2972.8,2994.16,2993.31,2993.43,2994.78,2992.53
2998.28,2998.66,2997.45,2997.46,2998.06,2998.44,2999,2998.02,2997.06
2996.34,2995.52,2995.37,2996.29,2992.05,2996.48,2996.18,2995.61,2994.69
2998.49,2998.06,2996.12,2997.57,2996.77,2996.85,2995.52,2997.36,2995.67
2977.93,2978.27,2978.46,2977.18,2977.47,2978.58,2978.02,2978.65,2978.22
2894.23,2894.47,2893.45,2894.76,2894.33,2894.78,2895.08,2895.01,2894.99
2903.5,2902.64,2903.13,2903.17,2903.76,2903.21,2903.04,2903.21,2903.34
2950.78,2951.14,2949.62,2950.04,2950.99,2951.2,2950.91,2950.86,2950.47
2981.1,2981.73,2981.63,2980.94,2981.05,2979.46,2980.67,2981.13,2980.28
2851.16,2842.92,2868.89,2838.81,2837.88,2864.18,2863.73,2863.67,2839.64
2363.7,2354.73,2370.41,2743.51,2346.49,2370.61,2348.48,2348.59,2349.59
2313.02,2314.16,2313.12,2317.42,2317.61,2315.02,2736.15,2313.99,2305.84
2313.02,2312.86,2313.02,2313.12,2312.83,2684.91,2313.02,2313.41,2313.19
2722.07,2727.35,2727.86,2841.76,2728.26,2728.26,2728.26,2728.26,2728.26
2916.18,2915.52,2916.23,2915.75,2916.2,2916,2915.73,2916.08,2916.37
2997.87,2996.34,2993.67,2997.15,2996.28,2997.64,2997.18,2997.57,2997.38
2993.56,2996.72,2998.11,2996.08,2995.99,2996.69,2996.84,2996.44,2997.34
2994.66,2994.81,2993.58,2995.21,2993.49,2994.98,2995.02,2994.16,2995.1
2980.55,2980.25,2980.84,2978.5,2979.34,2978.82,2980.11,2979.25,2979.23
2932.33,2932.56,2932.6,2931.37,2929.45,2931.69,2931.29,2931.33,2932.64
2926.2,2927.16,2926.27,2926.02,2927.19,2925.9,2926.71,2926.62,2926.67
2967.78,2968.39,2968.28,2968.92,2968.2,2969.05,2967.97,2968.59,2969.12
2975.48,2975.03,2974.61,2974.65,2974.79,2975.29,2974.53,2974.84,2973.84
2978.7,2978.36,2978.42,2952.7,2978.1,2978.27,2977.35,2976.95,2956.94
2744.27,2711.67,2710.92,2708.56,2713.69,2727.97,2731.45,2707.07,2714.03
2294.82,2290.26,2288.93,2636.1,2289.35,2292.88,2296.65,2289.8,2277.88
1965.31,1966.5,1966.5,1967.77,1960.21,1968.04,2781.92,1968.06,1961.42
2700.94,2700.3,2694,2700.85,2857.27,2686.88,2697.21,2698.93,2697.22
2891,2914.46,2915.92,2889.49,2917.84,2915.15,2916.22,2916.71,2916.25
2997.83,2997.14,2996.56,2997.24,2997.65,2995.76,2996.88,2997.77,2997.61
2997.18,2996.17,2996.37,2997.26,2998.34,2997.05,2997.26,2997.31,2998.33
2992.58,2995.94,2993.77,2994.27,2995.31,2994.24,2995.97,2995.5,2995.31
2981.96,2982.23,2982.2,2982.55,2981.83,2982.14,2982.48,2982.8,2983.01
2955.32,2954.4,2954.38,2954.2,2954,2954.92,2955.23,2954.79,2954.36
2944.05,2943.78,2943.77,2943.02,2940.42,2944.1,2944.28,2943.46,2944.22
2962.57,2962.12,2962.51,2961.67,2962.62,2962.54,2962.58,2962.4,2962.21
2966.57,2967.9,2967.33,2966.79,2967.18,2967.65,2967.06,2966.67,2967.38
2939.82,2940.81,2939.3,2939.71,2940.47,2940.26,2940.81,2940.75,2941.11
2917.84,2917.67,2917.48,2918.23,2917.68,2916.4,2918.56,2918.23,2916.88
2799.18,2782.56,2799.17,2782.2,2792.87,2791.47,2776.23,2798.26,2782.45
2182.56,2182.56,2182.55,2182.72,2182.8,2165.04,2183.5,2707.72,2170.29
2626.66,2628.38,2627.23,2627.23,2627.23,2627.33,2627.33,2709.76,2644.19
2954.84,2954.55,2954.06,2953.83,2954.47,2953.75,2954.73,2954.84,2954.63
2998.14,2996.65,2997.7,2998.05,2998.38,3000,3000,3000,3000
2997.79,2996.48,2998.42,2997.92,2996.39,2997.07,2997.54,2995.89,2996.45
2996.26,2996.12,2997.51,2996.09,2996.77,2995.04,2997.31,2995.66,2997.97
2991.63,2990.48,2991.25,2990.97,2990.09,2990.68,2991.87,2992.01,2991.85
2969.38,2968.72,2966.12,2967.18,2965,2969.24,2969.06,2968.91,2969.02
2951.74,2953.73,2953.7,2953.86,2952,2952.73,2953.71,2952.72,2953.39
2960.06,2959.06,2961.48,2959.88,2960.55,2959.42,2960.45,2960.84,2960.32
2964.9,2964.29,2965.6,2964.12,2963.93,2965.07,2964.95,2964.62,2963.7
2962.67,2961.72,2962.26,2962.5,2962.1,2961.44,2961.59,2962.78,2960.71
2937.56,2937.76,2935.5,2937.87,2936.26,2937.8,2934.82,2936.6,2937.17
2703.87,2712.38,2700.61,2698.98,2710.31,2693.55,2701.21,2734.49,2709.81
2214.62,2210.91,2214.58,2214.62,2676.78,2191.61,2199.8,2214.33,2197.33
2483.76,2483.76,2483.76,2483.76,2483.76,2458.32,2629.55,2459.28,2458.51
2918.45,2918.24,2919.42,2918.9,2919.35,2918.35,2917.8,2918.02,2919.31
2995.45,2996.29,2997.81,2998.94,3000,3000,3000,3000,3000
2999.77,2996.97,2997.65,2997.68,2996.97,2997.35,3000,3000,3000
2996.98,2996.64,2996.14,2995.85,2998.13,2996.51,2998.55,2996.32,2997.91
2994.2,2994.74,2994.5,2994.89,2994.67,2993.18,2994.87,2994.52,2993.18
2969.55,2968.8,2970.02,2969.99,2968.62,2969.6,2969.77,2969.89,2968.6
2962.36,2962.93,2962.46,2961.93,2961.51,2962.42,2962.29,2962.15,2962.4
2959.74,2960.36,2960.35,2960.33,2959.19,2960.35,2959.01,2959.74,2960.43
2973.34,2975.57,2947.25,2974.48,2975.59,2975.46,2973.96,2975.41,2975.59
2970.62,2971.49,2971.21,2970.14,2970.04,2960.07,2971.58,2971.17,2958.62
2878.93,2879.39,2878.97,2877.78,2879.14,2867.26,2876.15,2879.63,2879.61
2351.7,2334.24,2347.56,2337.94,2347.77,2353.4,2353.55,2695.54,2336.55
1563.73,1568.89,1564.08,1559.72,2738.54,1560.9,1571.31,1566.78,1563.76
2380.29,2381,2381.29,2538.4,2405.83,2405.83,2405.83,2405.83,2405.83
2957.23,2956.63,2957.66,2957.45,2955.68,2957.12,2957.02,2958.28,2956.58
2997.49,2998.88,2998.88,2999.16,2994.62,2999.03,2997.16,2997.82,3000
2999.82,2997.86,2998.09,3000,3000,3000,3000,3000,3000
2997.07,2997.99,2997.46,2995.59,2994.81,2996.51,2995.74,2996.13,2995.38
2989.12,2989.35,2989.14,2991.07,2988.13,2988.96,2990.05,2989.45,2990.92
2961.3,2960.26,2962,2961.67,2956.72,2961.47,2961.84,2961.21,2961.43
2960.81,2961.16,2961.71,2962.18,2961.58,2962.35,2961.15,2961.31,2962.25
2948.34,2948.87,2947.85,2948.79,2947.71,2948.65,2948.47,2948.93,2948.24
2951.05,2979.75,2951.09,2979.87,2950.76,2978.49,2979.43,2980.16,2977.56
2836.74,2861.82,2836.75,2836.15,2836.36,2834.8,2836.17,2836.2,2836.48
2649.98,2640.51,2696,2650.04,2659.67,2658.52,2656.98,2651.63,2663.27
2309.51,2322.55,2308.2,2313.02,2301.35,2557.6,2309.26,2307.8,2311.51
2057.48,2057.11,2048.51,2057.59,2057.22,2763.67,2059,2058.39,2057.15
2690.46,2663.3,2663.3,2689.2,2689.61,2667.1,2690.9,2690.95,2787.27
2970,2993.83,2994.53,2992.38,2992.04,2993.71,2994.28,2992.63,2994.54
2998.59,2996.55,2998.2,2998.41,2998.71,2998.7,2997.19,2997.03,2998.2
2995.35,2995.43,2995.71,2995.51,2996.13,2996.22,2996.04,2995.19,2995.44
2995.45,2994.12,2994.43,2994.27,2994.99,2993.76,2993.1,2993.54,2993.32
2983.89,2983.49,2984.24,2982.72,2982.99,2984.22,2983.1,2983.35,2982.08
2933.48,2933.07,2931.83,2933.06,2926.54,2932.84,2932.91,2932.67,2932.9
2947.27,2947.55,2947.24,2947.05,2946.61,2946.93,2948.05,2947.36,2947.7
2961.95,2962.37,2961.68,2962.5,2962.4,2962.73,2962.07,2962.51,2962.45
2877.88,2879.2,2879.28,2879.41,2878.55,2878.64,2877.61,2879.41,2879.22
2809.63,2807.51,2836.44,2833.85,2807.31,2807.57,2833.65,2832.27,2834.03
2699.9,2691.72,2700.53,2696.16,2700.33,2724.81,2678.73,2681.39,2699.87
2448.92,2448.93,2441.56,2449.02,2449.6,2449.19,2433.43,2449.55,2756.82
1928.8,1928.79,2801.4,1907.25,1928.93,1907.32,1928.94,1907.32,1908.21
2765.11,2764.69,2737.85,2764.46,2737.78,2830.33,2765.92,2765.92,2765.92
2951.38,2952.58,2952.7,2952.67,2952.25,2952.54,2951.77,2952.11,2951.78
2995.37,2996.08,2995.29,2995.59,2995.26,2995.69,2992.73,2993.92,2995.49
2994.63,2995.25,2995.24,2993.42,2994.18,2994,2994.38,2992.57,2993.84
2993.8,2993.01,2993.23,2992.19,2994.12,2992.83,2991.09,2992.37,2992.76
2972.44,2970.97,2972.43,2971.67,2969.47,2972.43,2972.79,2971.13,2972.27
2895.09,2896.69,2895.76,2894.64,2894.4,2893.89,2895.66,2896.16,2895.32
2923.67,2923.99,2923.36,2923.21,2923.74,2923.26,2923.92,2924.07,2923.14
2963.16,2963.04,2962.48,2962.99,2961.6,2961.49,2963.34,2962.44,2961.81
2927.23,2926.84,2926.19,2927.22,2927.15,2926.78,2926.91,2926.83,2927.05
2808.37,2823.9,2814.22,2799.86,2799.26,2813.69,2809.5,2812.32,2813.97
2483.9,2778.46,2468.57,2482.18,2483.76,2484.19,2486.38,2490.24,2467.5
790.088,776.752,789.964,776.714,776.948,778.347,781.628,786.556,2428.06
2018.28,2014.56,2021.87,2017.31,2016.67,2022.93,2015.6,2603.17,2008.49
2519.33,2519.34,2527.83,2529.68,2519.23,2638.7,2543.99,2519.43,2521.35
2913.52,2913.6,2913.36,2912.18,2913.11,2913.43,2914.27,2913.61,2913.27
2989.96,2993.87,2992.82,2994.14,2994.43,2993.99,2988.78,2993.99,2994.32
2992.83,2993.37,2993.6,2993.03,2991.54,2993.43,2993.27,2992.53,2992.13
2989.96,2990.34,2991.33,2990.51,2985.28,2991.09,2988.36,2985.92,2990.85
2969.21,2968.71,2968.73,2969.13,2968.45,2969,2968.31,2966.54,2968.68
2867.99,2867.33,2868.38,2867.52,2867.28,2868.28,2866.43,2867.23,2867.14
2894.32,2894.28,2893.47,2894.14,2894.52,2893.12,2894.47,2894.17,2893.36
2940.28,2940.22,2939.91,2938.39,2939.93,2939.3,2940.17,2939.97,2939.21
2889.42,2889.82,2885.71,2888.69,2888.84,2887.71,2888.67,2889.41,2888.91
2898.14,2910.51,2910.86,2911.02,2909.69,2886.63,2909.89,2910.21,2910.97
2872.3,2885.77,2885.79,2858.22,2885.72,2885.81,2886.51,2885.81,2884.47
2018.88,1996.24,1996.24,1996.31,1998.65,2002.09,2020.52,2009.49,2665.74
1450.65,1468.77,1450.64,1450.67,1469.13,2539.98,1451.63,1468.9,1452.04
2590.4,2590.4,2590.4,2583.39,2608.89,2607.73,2599.76,2608.81,2653.69
2989.37,2989.44,2989.82,2987.67,2966.41,2988.91,2987.67,2988.67,2963.84
2992.04,2992.6,2993.23,2992.47,2992.19,2992.77,2993.15,2992.69,2990.96
2993.09,2992.8,2993.14,2992.17,2992.97,2992.65,2991.54,2992.31,2991.64
2988.02,2988.35,2987.49,2987.51,2988.38,2987.82,2987.83,2988.29,2988.55
2959.9,2961.62,2961.86,2957.45,2960.78,2959.52,2961.21,2960.74,2960.95
2848.01,2845.91,2847.66,2847.7,2847.11,2847.2,2848.13,2848.06,2846.29
2868.99,2868.76,2869.47,2868.66,2869.38,2869.39,2868.6,2867.7,2869.48
2934.08,2934.16,2933.8,2934.38,2933.36,2934.45,2934.34,2933.91,2934.38
2943.82,2944.85,2944.59,2944.97,2944.62,2944.4,2944.13,2943.99,2943.95
2861.87,2833.98,2835.05,2862.09,2836.31,2838.32,2859.78,2861.45,2862.74
2079.88,2059.13,2065.56,2057.15,2078.42,2578.47,2080.17,2080.17,2080.17
271.939,271.847,271.897,271.941,271.933,271.834,265.333,2508.61,271.956
1863.19,2598.1,1870.92,1870.92,1870.92,1870.92,1870.92,1870.92,1871.9
2510.01,2484.15,2483.76,2493.21,2484.03,2500.34,2776.36,2510.08,2510.08
2954.32,2953.99,2953.76,2927.87,2953.08,2954.03,2954.04,2928.09,2925.23
2996.65,2996.19,2996.09,2995.86,2996.69,2996.11,2995.97,2996.6,2995.93
2995.77,2996.23,2996.44,2995.55,2996.15,2995.7,2996,2995.8,2996
2990.09,2990.78,2989.93,2990.39,2991.58,2991.23,2991.56,2991.2,2990.76
2975.74,2975.72,2976.24,2974.27,2974.83,2975.22,2974.75,2975.39,2973.46
2861.06,2861.1,2860.39,2859.62,2861.19,2861.23,2861.36,2860.79,2861.41
2857.46,2857.54,2857.82,2857.87,2856.35,2857.19,2857.42,2857.78,2857.72
2913.17,2913.66,2912.67,2912.05,2913.7,2913.5,2913.67,2913.34,2913.63
2924.67,2924.95,2924.83,2925.25,2925.55,2924.98,2925.25,2924.84,2925.3
2823.11,2823.67,2799.26,2823.09,2797.72,2805.66,2823.6,2823.66,2842.12
2057.07,2065.03,2056.98,2061.77,2061.66,2059.27,2062.07,2410.61,2046.23
2616.61,1544.74,1544.74,1544.74,1544.74,1544.74,1544.74,1544.74,1544.74
2800.11,2304.67,2304.67,2304.67,2304.67,2304.82,2304.67,2304.67,2304.67
2838.61,2811.44,2811.44,2838.47,2839.14,2839.61,2848.62,2839.27,2839.28
2993.05,2992.31,2992.18,2993.34,2993.55,2993.33,2991.89,2992.66,2993.01
2995.93,2995.24,2994.53,2996.06,2996,2995.09,2996.09,2995.4,2996.43
2994.99,2994.71,2995.77,2994.43,2995.9,2994.46,2995.2,2995.82,2995.75
2989.54,2990.64,2989.96,2989.9,2990.36,2988.93,2990.08,2990.29,2988.61
2965.72,2966.16,2964.98,2966.64,2965.61,2965.69,2965.22,2966.14,2966.66
2883.75,2883.86,2883.9,2882.72,2883.37,2884.26,2883.71,2884.23,2883.27
2884.01,2884.4,2884.53,2884.52,2882.67,2884.46,2884.35,2883.26,2884.47
2931.24,2931.1,2931.74,2931.87,2931.13,2931.66,2932.18,2932.21,2931.47
2977.7,2977.14,2976.96,2977.17,2976.65,2976.81,2977.76,2976.95,2977.61
2801.29,2801.18,2800.78,2801.86,2775.61,2817.65,2789.69,2776.6,2786.92
2640.93,2636.69,2719.28,2638.8,2637.56,2652.72,2650.04,2637.94,2637.41
2554.49,2554.56,2558.75,2554.98,2554.67,2811.06,2553.34,2555.59,2544.28
2142.63,2142.46,2142.37,2136.58,2119.39,2142.7,2754.8,2142.71,2142.71
2429.16,2440.03,2439.56,2422.26,2414.89,2418.05,2415.43,2847.5,2440.23
2994.08,2994.57,2995.03,2995.02,2995.48,2994.46,2995.2,2995.65,2994.29
2995.92,2997.09,2996.14,2997,2996.31,2995.58,2996.87,2996.32,2995.87
2997.21,2997.08,2996.34,2996.69,2994.54,2996.93,2996.82,2996.39,2997.24
2989.88,2993.31,2992.76,2992.23,2993.06,2993.81,2993.52,2993.03,2993.91
2976.97,2977.18,2975.89,2975.01,2976.05,2976.42,2975.88,2976.96,2977.09
2919.92,2919.32,2920.16,2919.9,2916.34,2919.73,2920.2,2920.22,2920.2
2910.21,2910.15,2910.01,2910.21,2908.03,2910.15,2910,2909.85,2909.84
2947.58,2947.1,2946.66,2946.41,2946.98,2946.47,2947.46,2947.37,2946.93
2948,2947.43,2948.23,2946.73,2947.56,2946.81,2948.22,2921.65,2947.11
2970.02,2942.17,2970.12,2969.42,2970.03,2969.72,2968.55,2957.92,2969.52
2630.14,2628.91,2651.82,2731.53,2626.81,2627.71,2650.36,2628.61,2651.48
2774.14,2554.58,2554.17,2549.94,2532.45,2530.05,2551.1,2554.46,2530.01
2189.6,2191.13,2186.65,2811.7,2202.14,2198.05,2188.7,2193.89,2194.57
2719.53,2727.43,2727.44,2728.19,2727.36,2727.64,2708.62,2857.47,2728.26
2957.47,2956.99,2956.04,2956.77,2956.41,2956.13,2957.35,2957.14,2955.45
2996.76,2997.69,2998.03,2997.8,2996.3,2996.35,2998.06,2996.97,2996.04
2998.15,2997.41,2996.62,2995.3,2997.98,2998,2997.16,2997.54,2995.65
2993.27,2995.38,2994.72,2994.61,2994.61,2995.95,2995.06,2995.39,2994.14
2984.83,2983.7,2984.52,2984.6,2985.21,2983.75,2985.36,2984.05,2984.95
2948.53,2946.48,2947.37,2946.81,2948.53,2948.58,2947.27,2947.49,2947.61
2930.63,2930.48,2930.14,2930.41,2931.11,2931.31,2931.18,2931.31,2931.17
2945.12,2944.56,2944.19,2944.24,2944.32,2944.23,2945.17,2944.65,2944.89
2950.32,2950.75,2951.46,2950.63,2950.38,2948.5,2938.02,2950.19,2950.45
2889.78,2889.07,2888.77,2889.37,2889.02,2889.41,2889.11,2889.1,2888.88
2883.69,2883.31,2882.97,2863.72,2880.36,2882.78,2883.16,2882.42,2882.11
2547.84,2550.75,2554.45,2552.75,2553.71,2725.99,2542.12,2552.91,2538.51
2057.07,2079.14,2079.76,2804.23,2057.07,2057.15,2057.6,2061.57,2057.47
2581.35,2554.58,2554.58,2581.04,2555.4,2556.06,2797.63,2581.35,2581.35
2813.57,2813.66,2841.79,2841.73,2840.66,2841.23,2845.26,2842.38,2842.38
2997.8,2996.58,2995,2997.05,2997.85,2998.11,2996.49,2997.94,2996.99
2997.42,2996.13,2998.49,2998.25,2998.61,2995.77,2998.77,2998.05,2997.53
2994.78,2995.16,2993.62,2994.1,2993.66,2994.2,2993.84,2995.03,2995.07
2992.95,2993.09,2993.53,2993.5,2992.53,2992.76,2992.65,2990.89,2993.51
2964.99,2965.68,2964.62,2965.64,2961.49,2965.64,2965.63,2965.57,2965.46
2943.36,2944.06,2943.65,2943.95,2942.31,2944.58,2944.36,2943.79,2943.98
2945.25,2944.1,2945.32,2944.72,2943.43,2945.31,2944.78,2945.35,2944.19
2948.83,2948.13,2947.9,2948.38,2948.78,2948.88,2948.95,2948.72,2949.01
2949.33,2949.54,2950.13,2948.95,2950.48,2949.86,2949.6,2942.6,2949.54
2886.52,2907.32,2906.84,2907.06,2907.36,2905.63,2907.14,2907.4,2906.47
2467.44,2473.63,2463.54,2475.37,2480.12,2745.01,2475.38,2477.85,2463.65
2036.75,2030.8,2026.58,2026.66,2030.04,2030.8,2526.82,2038.91,2030.9
2813.57,2813.76,2813.86,2815.02,2840.22,2843.06,2839.71,2841.28,2818.03
2879.5,2879.74,2878.6,2880.77,2878.94,2879.9,2879.64,2879.36,2879.69
2996.3,3000,3000,3000,3000,3000,3000,3000,3000
2998.26,2996.19,2998.3,2997.03,2997.59,2997.55,2999.09,2997,2997.04
2998.08,2998.43,2995.95,2998.4,2996.02,2997.1,2995.45,2996.65,2999.7
2994.16,2994.35,2993.08,2993.81,2993.74,2992.96,2993.24,2994.22,2992.57
2969.62,2969.27,2970.91,2970.68,2970.96,2970.7,2970.51,2970.6,2970.6
2954.65,2954.14,2954.16,2954.96,2954.33,2954.56,2954.64,2955.08,2954.72
2949.04,2946.97,2948.02,2947.11,2947.99,2947.63,2948.08,2945.86,2945.74
2935.51,2935.25,2934.49,2934.87,2935.94,2935.3,2935.38,2935.52,2935.36
2958.01,2957.45,2957.72,2958.62,2958.23,2958.42,2956.54,2958.6,2957.96
2903.6,2902.94,2904.61,2903.01,2903.72,2902.98,2904.13,2904.1,2902.51
2590.25,2576.39,2582.54,2591.39,2574.72,2590.88,2574.84,2588.7,2718.64
1816.25,1805.54,1812.23,1820.84,1817.94,1817.89,1820.71,2768.4,1802.11
2530,2519.13,2519.22,2519.22,2521.19,2519.31,2544.83,2833.11,2519.59
2958.29,2930.4,2957.52,2957.73,2958.27,2956.59,2958.12,2957.22,2957.21
2996.93,2994.8,2999.25,2996.49,2997.56,2997.89,2997.85,2997.74,2997.65
2999.59,2997.33,2998.81,2997.11,2996.81,2997.64,2998.03,2998.83,2998.03
2998.21,2998.4,2996.87,2996.89,2997.7,2997.5,2996.3,2997.09,2998.37
2989.83,2990.35,2990.3,2988.73,2988.32,2990.39,2990.38,2988.64,2989.88
2951.73,2951.83,2950.66,2950.63,2951.33,2950.47,2950.87,2949.62,2950.87
2949.49,2948.32,2949.49,2949.86,2948.13,2947.83,2947.07,2948.81,2947.69
2950.17,2950.4,2951.28,2950.9,2946.68,2951.15,2950.55,2951.4,2950.81
2935.83,2937.07,2937.23,2937.59,2937.07,2936.7,2937.45,2937.82,2937.44
2837.79,2817.05,2837.79,2837.39,2812.37,2837.32,2855.73,2837.72,2837.96
2822.7,2808.39,2804.3,2820.83,2813.57,2817.52,2822.08,2798.54,2822.71
2565.5,2299.45,2295.34,2296.48,2290.94,2294.75,2282.65,2283.34,2282.18
2347.22,2791.06,2346.38,2331.16,2346.51,2345.57,2347,2346.6,2330.87
2700.3,2703.32,2700.3,2773.18,2700.58,2700.68,2701.96,2700.88,2702.44
2993.5,2995.27,2997.3,2995.87,2997.39,2997.16,2997.1,2996.77,2996.24
2995.68,2997.64,2998.05,2996.79,2998.11,2997.77,2997.56,2997.37,2996.55
2995.54,2997,2995.89,2996.36,2996.45,2994.86,2996.2,2995.59,2995.84
2995.8,2994.26,2994.48,2995.37,2995.39,2995.63,2995.07,2995.94,2995.09
2981.76,2982.17,2982.85,2982.78,2981.72,2983.26,2982.13,2982.18,2981.8
2930.56,2930.21,2929.85,2930.48,2930.16,2929.58,2929.08,2929.94,2930.69
2939.01,2938.99,2939.13,2939.2,2938.35,2939.23,2938.91,2938.73,2938.67
2951.25,2953.44,2953.54,2952.8,2953.34,2953.23,2953.34,2953.62,2953.01
2917.35,2912.68,2911.83,2911.77,2912.56,2912.32,2912.58,2912.24,2912.38
2949.11,2937.23,2931.79,2949.37,2948.19,2949.62,2931.74,2949.31,2948.91
2802.44,2801.48,2799.4,2787,2798.81,2808.02,2776.04,2800.77,2794.81
831.415,841.388,2344.72,842.88,832.71,837.186,831.071,840.974,840.296
2089.97,2092.67,2089.58,2100.93,2096.55,2109.15,2549.6,2099.1,2107.54
2727.16,2728.15,2728.02,2700.49,2701.69,2703.28,2728.22,2818.01,2728.26
2954.95,2955.61,2955.61,2954.71,2954.36,2955.57,2954.51,2955.49,2953.69
2995.03,2998.25,2996.55,2998.65,2998.37,2997.8,2998.02,2993.48,2998.6
2997.15,2998.27,2998.55,2994.7,2992.63,2998.23,2997.69,2996.9,2995.57
2995.95,2994.87,2996.57,2996.6,2995.04,2995.56,2995.04,2994.95,2995.6
2984.44,2984.52,2984.52,2983.39,2984.44,2984.57,2982.2,2983.21,2984.74
2894.29,2894.28,2893.63,2894.08,2889.34,2894.38,2894.15,2893.92,2893.2
2905.17,2902.85,2905.23,2905.16,2904.28,2905.32,2904.12,2904.28,2904.62
2938.39,2937.77,2936.71,2938.4,2937.89,2937.9,2937.72,2937.01,2938.11
2965.75,2965.8,2965.51,2966.1,2963.3,2951.91,2964.86,2965.29,2965.07
2888.52,2872.33,2899.84,2898.81,2899.37,2899.98,2899.08,2877.16,2898.75
2736.23,2735.84,2808.71,2737.76,2735.71,2736.71,2763.23,2747.13,2763.41
2422.92,2414.66,2426.17,2414.5,2418.3,2414.89,2437.48,2687.49,2422.28
2059.56,2057.23,2057.23,2057.55,2058.94,2062.49,2062.52,2061.92,2656.74
2704.29,2715.17,2752.64,2728.26,2728.26,2728.26,2728.26,2728.26,2728.26
2995.94,2996.13,2995.65,2996.16,2995.71,2994.5,2995.84,2994.54,2994.92
2997.44,2996.48,2998.25,2996.26,2998.27,2997.1,2997.84,2998.05,2997.35
2997.59,2996.41,2996.92,2997.65,2997.35,2998.02,2997.5,2995.22,2997.33
2995.67,2995.81,2996.31,2994,2995.9,2994.71,2995.36,2996.25,2994.32
2969.14,2972.84,2971.76,2971.73,2970.24,2972.39,2971.68,2970.69,2970.89
2838.47,2838.72,2839.41,2838.69,2839.04,2840.05,2839.24,2839.13,2840.01
2868.97,2869.35,2869.07,2868.32,2868.47,2868.64,2868.76,2869.11,2868.56
2933.32,2934.15,2933.34,2934.22,2933.41,2932.17,2934.25,2933.62,2933.67
2896.96,2896.16,2897.12,2898.6,2897.92,2896.59,2896.91,2897.73,2897.86
2793.54,2813.16,2790.58,2813.25,2814.27,2812.78,2832.53,2813.88,2813.63
2441.11,2450.03,2448.31,2450.5,2448.78,2448.3,2448.92,2681.84,2449.46
832.09,833.984,832.689,831.118,832.457,831.464,2466.74,846.426,831.145
1988.51,1988.52,2624.35,1988.56,1966.27,1966.8,1988.37,1971.61,1982.62
2781.91,2775.43,2776.26,2775.77,2776.11,2779.58,2801.55,2792.33,2801.15
2957.27,2957.2,2955.99,2956.54,2956.9,2956.1,2954.22,2956.64,2955.55
2998.25,2997.15,2998.06,2997.76,2997.48,2995.74,2997.55,2997.79,2998.07
2997.33,2996.81,2997.56,2998.06,2997.51,2998.18,2998.5,2997.09,2998.33
2996.69,2997.04,2995.81,2996.71,2996.37,2996.01,2993.98,2994.69,2995.82
2974.5,2976.23,2976.52,2977.58,2976.69,2975.38,2975.48,2977.52,2976.18
2822.82,2822.21,2822.74,2820.2,2822.12,2820.7,2822.2,2823.02,2822.68
2839.26,2839.72,2839.48,2839.63,2838.82,2839.78,2839.25,2839.75,2839.15
2903.77,2903.7,2903.34,2904.43,2903.72,2903.74,2904.09,2903.68,2903.72
2951.6,2952.92,2950.52,2951.91,2952.63,2951.55,2952.39,2952.8,2952.73
2795.42,2796.01,2798.15,2773.27,2795.76,2779.28,2793.17,2788.59,2775.6
2018.61,2579.07,2018.67,1996.32,1997.59,2000.75,2000.87,2004.18,2002.38
497.651,2541.42,497.927,498.242,499.917,508.321,509.92,504.992,499.194
2188.63,2183.13,2186.19,2194.54,2195.21,2748.27,2182.45,2183.94,2195.14
2846.75,2848.62,2841.56,2846.34,2828.01,2823.37,2819.74,2820.38,2837.82
2955.24,2954.39,2954.88,2954.8,2954.3,2954.92,2955.34,2954.59,2954.84
2997.09,2997.14,2995.46,2994.78,2995.97,2993.61,2996.57,2995.61,2995.63
2995.19,2996.43,2994.65,2995.36,2994.7,2995.06,2994.97,2995.77,2995.38
2994.16,2993.5,2994.16,2994.08,2993.43,2992.4,2993.73,2992.5,2993.55
2967.15,2969.09,2968.49,2968.52,2968.07,2967.68,2967.88,2966.91,2968.84
2861.28,2860.98,2861.2,2860.17,2860.5,2861.7,2860.74,2861.7,2861.53
2863.22,2863.24,2863.38,2862.66,2863.2,2863.14,2863.3,2863.4,2863.05
2914.54,2914.72,2914.81,2915.52,2915.92,2915.62,2915.88,2915.95,2915.58
2950.87,2950.5,2950.75,2950.47,2949.05,2950.85,2950.11,2950.4,2950.32
2916.25,2902.19,2916.84,2917.36,2917.19,2916.53,2917.24,2917.33,2917.28
2295.44,2292.07,2304.28,2290.19,2289.64,2288.71,2743.5,2292.97,2309.37
1420.01,1412.26,1419.92,1419.06,1419.99,1402.52,2709.34,1420.02,1420.02
1364.78,1355.62,1371.55,1371.34,1371.12,2656.12,1371.87,1371.87,1371.87
2728.37,2405.1,2404.64,2404.76,2404.76,2404.47,2380.02,2405.14,2380.13
2949.69,2949.31,2949.52,2949.51,2928.05,2949.74,2949.82,2949.88,2949.75
2987.8,2989.73,2989.51,2988.85,2989.62,2989.09,2989.8,2988.98,2989.4
2989.28,2990.43,2990.43,2990.1,2991.28,2990.8,2990,2991.03,2991.21
2981.57,2985.73,2984.97,2985.23,2985.69,2985.52,2985.95,2984.89,2983.45
2963.68,2963.48,2963.23,2964.1,2963.7,2963.38,2963.26,2963.49,2963.3
2877.53,2877.68,2877.48,2877.03,2877.57,2877.67,2877.54,2877.57,2877.58
2878.66,2878.73,2878.75,2878.17,2878.74,2878.51,2878.32,2878.46,2878.53
2913.96,2914.99,2914.67,2914,2914.55,2914.75,2914.51,2914.14,2914.33
2955.64,2955.81,2955.87,2955.27,2954.19,2955.6,2935.8,2954.89,2954.79
2834.78,2825.11,2837.12,2837.38,2812.88,2834.69,2816.65,2848.94,2837.51
2829.48,2629.44,2626.94,2626.94,2626.95,2627.04,2630.53,2625.84,2630.47
1649.11,1649,1639.35,2734.47,1649.13,1649.13,1649.13,1649.13,1649.13
1292,1285.52,1300.04,1285.49,1284.72,1300.95,2740.14,1301.42,1301.42
2616.7,2590.49,2617.14,2852.8,2603.12,2616.37,2590.35,2591.35,2617.2
2989.78,2988.87,2990.05,2989.43,2989.7,2988.96,2989.95,2989.37,2988.26
2994.22,2994.31,2994.43,2994.08,2994.63,2994.31,2994.33,2994.6,2992.6
2996.05,2997,2994.5,2997.17,2997.1,2997.13,2996.78,2996.31,2996.42
2993.54,2992.92,2992.54,2990.12,2993.67,2992.83,2993.45,2993.92,2993.3
2970.85,2971.4,2971.28,2970.41,2971.6,2971.85,2971.58,2971.79,2970.96
2902.68,2902.64,2901.86,2902.58,2902.17,2902.08,2902.73,2902.74,2902.33
2899.47,2899.9,2899.66,2900.27,2898.23,2899.9,2899.71,2900.08,2898.47
2924.83,2924.48,2925.11,2924.83,2924.93,2924.65,2924.58,2924.48,2924.47
2947.06,2947.32,2946.08,2946.55,2946.9,2937.49,2947.59,2946.07,2946.97
2850.49,2866.1,2850.03,2850.44,2876.04,2852.91,2877.37,2877.87,2877.66
2653.7,2741.85,2653.34,2626.67,2626.67,2626.76,2653.44,2626.76,2653.58
2580.89,2581,2779.02,2554.58,2554.66,2565.67,2556.58,2556.09,2563.58
2183.19,2185.9,2182.72,2856.29,2206.52,2206.52,2206.52,2206.52,2209.73
2610.7,2611.26,2611.67,2586.14,2610.16,2611.79,2587.5,2600.36,2880.31
2918.59,2918.95,2918.17,2918.92,2918.79,2918.45,2919.06,2919.2,2918.9
2995.32,2995.27,2995.23,2995.16,2995.01,2995.29,2995.34,2994.62,2995.13
2994.23,2995.58,2996,2995.95,2995.51,2995.47,2995.91,2995.46,2995.34
2991.08,2991.14,2991.91,2991.9,2992.06,2990.83,2991.81,2992.35,2990.91
2982.08,2982.05,2981.26,2981.2,2981.32,2981.92,2980.86,2981.12,2981.01
2935.55,2935.37,2937,2936.94,2935.8,2935.29,2935.83,2937,2936.95
2920.22,2920.07,2919.9,2920.46,2919.04,2919.88,2920.55,2920.9,2920.91
2935.69,2935.32,2935.38,2935.66,2935.14,2935.79,2935.33,2935.78,2935.39
2942.48,2942.81,2941.65,2942.27,2942.68,2941.68,2941.44,2942.41,2942.1
2897.08,2897.56,2897.26,2897.59,2897.38,2897.7,2897.74,2897.8,2901.51
2812.42,2812.74,2818.05,2795.06,2813.49,2813.64,2799.47,2811.76,2813.46
2687.01,2685.01,2672.82,2679.88,2680.52,2684.89,2817.35,2679.84,2687.05
1730.01,1709.74,1710.31,1712.33,1727.15,2755.75,1730.22,1737.53,1730.22
2460.3,2460.05,2481.76,2483.53,2484.05,2617.74,2458.77,2483.13,2481.3
2995.49,2995.32,2996.45,2996.66,2995.06,2996.18,2995.16,2995.6,2996.72
2997.97,2998.62,2998.04,2998.47,2996.73,2997.32,2998.63,2997.76,3000
2999.49,2997.46,2999.37,2998.19,2997.17,3000,3000,3000,3000
2997.75,2997.22,2997.89,2996.95,2995.66,2998.46,2996.32,2998.35,2997.35
2989.52,2988.44,2990.48,2990.33,2988.44,2989.96,2990.37,2989.16,2989.09
2959.19,2960,2959.9,2957.42,2958.72,2960.01,2960.08,2959.72,2958.97
2934.65,2935.08,2934.74,2934.8,2932.42,2935.13,2935.26,2935.1,2934.05
2938.44,2937.43,2938.29,2938.84,2938.52,2938.28,2937.85,2938.4,2938.67
2926.14,2926.77,2926.99,2926.48,2926.34,2926.56,2927.14,2927.6,2926.62
2915.12,2915.42,2913.73,2915.05,2914.78,2915.18,2914.97,2914.88,2912.59
2859.29,2859.38,2851.03,2860.89,2858.06,2861.3,2861.58,2861.49,2861.47
2589.06,2600.3,2606.01,2602.52,2585.57,2589.51,2592.66,2606.7,2760.15
1376.95,1363.11,2755.56,1377.86,1377.86,1364.55,1362.87,1360.87,1360.88
2663.95,2696.72,2661.51,2660.99,2660.36,2664.24,2662.09,2656.25,2661.98
2996.78,2997.3,2997.53,2996.04,2996.43,2997.22,2997.42,2995.71,2996.71
2999.07,2997.88,2999.55,2995.86,2997.4,2997.89,2999.51,2997.69,3000
2998.62,2998.69,2997.33,2996.65,2999.18,3000,3000,3000,3000
2998.18,2998.7,2997.81,2998.91,2996.4,2997.39,2998.52,2998.37,2997.26
2993.73,2992.18,2993.78,2993.28,2989.94,2992.35,2993.27,2992.56,2991.44
2961.52,2962.15,2962.19,2960.58,2961.74,2961.27,2961.86,2961.81,2961.76
2943.43,2944.09,2943.59,2943.07,2944.11,2943.96,2944.15,2943.11,2944.06
2936.73,2936.28,2934.3,2936.23,2936.81,2936.17,2936.76,2936.9,2936.79
2946.06,2947.38,2947.17,2946.98,2947.16,2947.3,2946,2947.19,2946.15
2938.19,2937.96,2938.05,2937.55,2936.47,2938.32,2937.12,2937.86,2937.71
2850.87,2861.52,2861.97,2849.53,2858.09,2853.53,2860.78,2866.23,2850.85
2613.05,2622.26,2625.05,2635.67,2634.2,2620.83,2616.91,2617.58,2775.74
1401.88,1395.58,1402.35,2750.06,1400.33,1405.71,1402.72,1405.52,1394.66
2414.43,2439.21,2415.02,2439.91,2414.87,2415.15,2440.1,2438.68,2845.25
2917.17,2916.2,2918.69,2917.99,2919.15,2919.39,2919.74,2918.87,2920.33
2997.4,2998.1,2998.4,2997.17,2997.82,2997.71,2997.13,3000,3000
2997.84,2997.67,2997.79,2997.82,2997.61,2997.49,2996.58,2996.66,2998.32
2996.69,2995.08,2997.31,2996.69,2995.14,2996.21,2995.53,2997.13,2995.86
2988.26,2987.96,2988.38,2988.53,2986.02,2987.64,2986.62,2988.36,2986.91
2947.23,2944.98,2947.55,2947.33,2943.6,2948,2947.06,2947.51,2947.78
2941.99,2942.25,2941.49,2942.41,2940.14,2941.25,2942.1,2941.38,2940.35
2942.08,2942.75,2942.48,2942.55,2942.65,2942.79,2941.93,2942.15,2941.98
2958.83,2959.41,2959.81,2959.89,2953.26,2958.6,2959.67,2959.62,2959.63
2858.73,2858.73,2880.99,2859.31,2835.79,2857.5,2859.08,2858.64,2858.4
2765.35,2739.56,2740.69,2764.47,2763.98,2765.37,2762.12,2805.78,2741.56
1875.02,1871.57,1876.75,1856.46,1856.47,1859.98,1857.77,1876.74,2708.49
1330.8,1330.66,1316.98,1318.92,1330.84,1330.9,1331.57,1331.91,2596.86
2787.6,2510.08,2510.08,2510.08,2510.08,2510.08,2510.08,2510.08,2510.08
2917.25,2917.23,2917.55,2917.74,2915.99,2917.41,2917.71,2917.89,2917.19
2996.39,2997.95,2997.55,2996.94,2995.1,2994.3,2997.15,2998.02,2996.96
2997.37,2998.37,2998.64,2998.54,2997.33,2998.75,2998.44,2997.52,2998.12
2993.62,2993.35,2993.57,2994.96,2992.97,2994.6,2990.48,2994.72,2992.59
2981.58,2980.31,2981.95,2981.72,2978.89,2981.49,2979.87,2980.18,2981.83
2913.3,2912.93,2912.7,2912.6,2912.97,2913.46,2913.28,2913.75,2911.35
2920.24,2921.17,2919.55,2919.81,2918.89,2921.08,2921.62,2921.45,2920.98
2935.93,2935.29,2935.35,2935.09,2935.98,2935.68,2935.59,2935.41,2934.58
2948.62,2968.75,2971.29,2970.2,2971.63,2971.47,2971.3,2970.51,2970.96
2872.47,2872.28,2871.17,2871.96,2872.19,2871.48,2872.11,2871.83,2871.96
2693.75,2711.17,2699.72,2694.83,2714.41,2715.25,2715.25,2699.92,2776.84
823.35,2341.06,828.606,824.462,826.216,825.285,831.16,827.243,830.953
1846.21,1832.73,1828.52,2579.72,1829.56,1830.68,1832.98,1829.79,1829.11
2271.45,2271.3,2247.17,2247.43,2518.07,2271.63,2271.63,2271.63,2271.63
2990.87,2990.15,2990.21,2990.78,2991.1,2989.84,2990.22,2991.23,2988.9
2992.99,2993.88,2992.44,2992.46,2994.3,2993,2993.13,2993.79,2994.01
2994.98,2993.01,2995.01,2994.93,2994.72,2994.04,2995.13,2994.47,2993.95
2992.68,2992.04,2992.67,2991.36,2990.33,2989.37,2991.29,2987.58,2991.29
2973.09,2973.02,2972.14,2973.26,2970.54,2972.45,2973.64,2973.58,2971.48
2876.57,2874.86,2876.05,2876.45,2874.75,2875.97,2876.34,2875.16,2873.24
2888.72,2889.09,2889.24,2889.67,2888.25,2889.33,2888.97,2887.78,2889.67
2935.91,2936.48,2936.47,2936.21,2936.07,2936.37,2935.87,2937.08,2936.06
2909.14,2933.13,2932.34,2933.03,2932.77,2932.2,2932.68,2932.74,2932.57
2845.77,2774.48,2758.72,2774.55,2765.77,2774.74,2774.74,2774.76,2774.7
2313.13,2321.46,2732,2312.89,2308.16,2312.46,2312.75,2312.99,2313.02
138.675,138.604,133.525,2401.57,130.29,130.463,138.193,138.576,131.678
1682.71,1672.35,1683,1684.7,1683.8,1682.85,1684.08,1673.36,2543.66
2665.26,2664.38,2792.2,2690.98,2690.98,2690.98,2690.98,2690.98,2690.98
2996.3,2996.43,2997.11,2997.18,2997.36,2995.62,2997.47,2997.46,2997.5
2997.22,2998.38,2998.92,2995.43,2999.07,2999.11,2998.53,2996.93,2999.12
2997.8,2998.57,2997.12,2996.51,2998.16,2997.08,2991.29,2998.25,2997.51
2996.05,2996.07,2996.31,2994.09,2991.82,2996.92,2997.49,2995.52,2996.19
2973.98,2972.13,2971.83,2970.35,2973.2,2973.1,2973.44,2971.97,2973.5
2837.87,2837.12,2837.44,2837.99,2834.71,2837.25,2835.99,2836.43,2838.13
2845.56,2846,2844.59,2846.37,2845.07,2845.67,2845.43,2845.69,2845.32
2907.63,2906.55,2906.67,2908.33,2907.81,2907.42,2907.22,2908.17,2907.8
2899.93,2899.64,2900.22,2899.56,2900.35,2900.2,2900.4,2899.68,2899.93
2714.51,2713.16,2739.6,2725.52,2739,2738.91,2729.87,2712.93,2745.13
2518.2,2521.65,2509.32,2520.73,2498.91,2521.47,2508.08,2502.12,2635.42
568.994,575.12,575.817,570.502,2505.18,576.132,574.932,568.36,566.501
1123.62,1123.52,1123.44,1123.61,1123.62,2433.01,1123.62,1123.62,1123.62
2440.04,2439.85,2416.36,2415.34,2426.33,2439.7,2639.52,2440.23,2440.23
2991.54,2989.49,2991.39,2992.2,2991.08,2992.41,2992.35,2992.55,2989.89
2994.18,2989.08,2993.7,2994.36,2994.34,2993.06,2994.87,2992.7,2994.37
2991.13,2990.88,2991.99,2991.34,2990.64,2992.49,2991.95,2991.1,2990.78
2990.46,2989.37,2989.15,2990.8,2989.38,2989.74,2991.07,2990.08,2989.16
2956.54,2956.51,2957.67,2957.56,2956.89,2957.48,2955.07,2957.52,2957.57
2793.46,2791.7,2792.8,2792.86,2792.02,2793.2,2793.37,2793.29,2793.08
2807.31,2807.36,2807.63,2807.6,2806.71,2806.58,2807.14,2807.48,2806.96
2886.87,2886.01,2885.84,2886.54,2886.73,2886.27,2885.12,2885.78,2886.24
2930.72,2929.72,2930.81,2930.74,2930.45,2930.43,2930.64,2930.09,2930.63
2632.72,2628.83,2652.76,2793.28,2652.57,2652.11,2648.59,2627.78,2627.36
2380.29,2657.71,2381.71,2384.32,2383.23,2376.31,2380.73,2371.58,2384.22
2740.17,1712.94,1711.36,1700.28,1710.02,1711.28,1710.1,1710.17,1698.66
2449.49,2449.36,2473.35,2474.73,2470.22,2779.95,2449.2,2465.26,2469.98
2843.54,2870.96,2843.82,2871.08,2871.57,2871.39,2846.71,2872.18,2871.79
2956.14,2956.19,2957.51,2956.71,2957.23,2956.49,2957.43,2956.67,2956.05
2997.04,2997.04,2997.47,2998.84,2997.84,2998.72,2998.9,2997.91,2998.51
2999.59,2998.71,2998.84,2998.93,2998.87,2998.85,2998.28,2998.45,3000
2996.66,2996.55,2996.4,2996.22,2996.22,2997.14,2996.01,2996.02,2996.61
2982.03,2981.34,2983.32,2983.21,2982.24,2982.98,2983.42,2982.27,2980.32
2878.42,2878.21,2878.07,2878.09,2877.02,2878.03,2877.64,2877.79,2877.7
2859.9,2859.81,2859.76,2859.44,2860.04,2859.72,2859.25,2859.73,2858.73
2898.51,2898.14,2898.65,2898.18,2898.2,2898.66,2897.21,2898.57,2898.15
2887.22,2887.52,2885.55,2887.73,2887.7,2887.52,2887.56,2887.27,2887.69
2829.82,2833.38,2806.52,2831.95,2831.47,2847.57,2833.38,2812.21,2806.68
2485.47,2485.94,2820.4,2486.39,2484.03,2494.18,2485.19,2484.22,2485.68
2060.28,2064.42,2079.94,2068.32,2059.55,2790,2080.17,2080.17,2080.17
852.31,847.846,848.9,851.837,2416.5,861.143,861.113,850.679,849.18
2755.25,2439.83,2439.28,2439.59,2439.83,2426.5,2439.72,2439.61,2414.53
2991.02,2991.17,2992.08,2991.66,2992.18,2992.35,2992.02,2992.18,2991.37
2997.3,2997.47,2997.31,2997.25,2996.84,2997.45,2997.21,2996.99,2996.76
2994.92,2996.83,2997.16,2996.76,2996.06,2996.73,2996.89,2995.98,2997.28
2993.97,2993.48,2993.9,2993,2993.78,2992.72,2993.19,2993.56,2993
2978.28,2978.02,2978.04,2977.21,2977.69,2978.66,2977.4,2977.85,2978.7
2884.7,2884.64,2883.89,2884.18,2882.2,2884.43,2884.64,2882.29,2884.76
2876.89,2876.51,2876,2876.89,2876.93,2876.69,2877.02,2876.46,2876.98
2909.94,2909.9,2909.35,2909.48,2908.9,2909.14,2909.81,2906.79,2909.61
2948.06,2948.59,2948.66,2948.42,2948.76,2948.16,2948.4,2948.18,2948.8
2847.71,2855.72,2826.55,2847.28,2824.72,2847.47,2820.9,2847.04,2824
2589.31,2590.18,2588.44,2590.38,2581.59,2589.7,2792.04,2590.1,2588.82
1878.17,2779.36,1878.1,1878.25,1878.17,1861.13,1861.85,1862.86,1878.27
1402.1,1410.53,1404.83,1412.52,2578.07,1401.94,1407.96,1401.6,1409.38
2864.96,2689.99,2662.58,2689.9,2689.15,2662.6,2689.92,2689.92,2689.81
2991.92,2991.32,2991.72,2992.08,2992.31,2992,2992.17,2991.32,2990.39
2997.33,2997.54,2997.39,2998.04,2996.99,2997.95,2997.23,2997.02,2996.67
2997.85,2996.71,2997.5,2998.19,2996.45,2997.73,2996.67,2998.02,2997.64
2992.93,2993.44,2992.36,2993.95,2992.96,2993.71,2991.19,2993.59,2993.02
2977.82,2977.2,2978.77,2979.09,2978.88,2976.82,2977.85,2978.58,2977.98
2907.09,2906.8,2907.01,2905.31,2905.3,2906.6,2905.97,2906.84,2906.68
2895.57,2896.19,2896.49,2895.77,2894.68,2896.02,2896.04,2894.49,2896.19
2913.14,2912.7,2913.28,2912.32,2913.42,2912.92,2913.23,2912.55,2913.39
2940.28,2939.41,2939.44,2939.97,2940.09,2940.13,2940.26,2939.84,2911.1
2885.58,2884.99,2885.43,2858.18,2863.21,2885.54,2862.86,2858.03,2885.52
2737,2737.68,2758.84,2751.58,2737.68,2736.23,2771.41,2758.27,2737.77
2247.09,2246.49,2246.67,2720.33,2247.18,2243.22,2247.31,2247.18,2225.56
2205.98,2847.61,2206.52,2206.52,2206.52,2206.52,2206.52,2206.52,2206.52
2765.19,2763.79,2764.96,2765.62,2763.86,2765.48,2878.65,2765.79,2762.51
2956.03,2956.09,2954.63,2955.82,2955.93,2956.01,2954.41,2955.82,2956.51
2997.71,2997.87,2995.02,2996.96,2997.15,2997.59,2997.06,2997.79,2996.75
2997.09,2996.97,2996.32,2997.17,2997.04,2995.56,2996.7,2996.18,2996.77
2997.12,2996.75,2994.83,2997.37,2997.22,2995.75,2997.29,2997.35,2997.65
2985.87,2985.7,2985.86,2986.14,2985.61,2986.62,2985.47,2985.41,2985.77
2929.05,2929.94,2930.07,2929.93,2927.02,2930.11,2929.07,2927.93,2928.78
2911.07,2912.33,2911.71,2912.17,2912.11,2910.44,2912.16,2911.61,2912.02
2925.71,2925.99,2925.37,2925.58,2925.82,2925.19,2925.84,2925.56,2925.12
2922.35,2921.79,2921.91,2922.2,2922,2921.7,2921.67,2922.33,2922.36
2853.5,2827.25,2852.3,2853.61,2852.18,2853.12,2853.87,2853.48,2853.15
2828.13,2835.61,2828.1,2818.59,2828.01,2827.84,2827.5,2828.24,2827.79
2672.38,2652.23,2673.18,2667.94,2673.7,2667.9,2797.09,2674.2,2664.8
2279.98,2281.14,2280.23,2280.23,2280.41,2280.49,2866.57,2304.67,2304.67
2891.91,2764.38,2763.63,2765.34,2762.21,2764.43,2737.68,2737.68,2762.06
2954.99,2954.55,2955.21,2955.73,2955.22,2953.61,2955.18,2955.64,2955.01
2996.82,2996.56,2996.29,2996.77,2997.05,2996.46,2997.56,2997.72,2997.88
2998.06,2997.43,2996.38,2998.82,2997.38,2997.07,2997.87,2998.54,2998.89
2999.1,2998.23,2996.59,2998.44,2997.67,2998.48,2999,3000,3000
2993.41,2992.27,2992.59,2992.5,2993.78,2993.27,2993.4,2992.13,2992.73
2956.52,2954.91,2955.56,2956.11,2954.3,2956.72,2956.68,2955.94,2956.59
2925.33,2925.36,2926.11,2925.48,2925.13,2925.28,2926.04,2923.06,2925.97
2931.51,2931.69,2931.65,2931.41,2930.69,2930.44,2930.75,2930.51,2929.79
2908.5,2907.76,2907.7,2908.13,2908.04,2906.66,2908,2907.64,2908.15
2904.99,2905.09,2905.7,2905.28,2906.17,2905.36,2898.5,2906.25,2906.11
2889.75,2889.8,2893.29,2890.6,2890.1,2890.16,2890.34,2888.69,2889.97
2656.94,2668.61,2763.22,2660.2,2665.87,2673.8,2672.02,2673.81,2665.61
1849.47,1849.54,1849.76,1849.84,1863.28,1855.09,1862.68,2708.22,1870.92
2813.57,2813.57,2813.76,2839.79,2838.94,2839.65,2846.24,2839.16,2839.45
2998.23,2997.24,2998.59,2998.95,2996.93,2997.76,2999.07,2998.07,2997.93
2996.93,2999.09,2999.63,2997.22,2996.76,2997.73,2999.03,3000,3000
2996.37,2997.65,3000,3000,3000,3000,3000,3000,3000
2996.25,2996.85,2998.98,2996.88,2997.5,2998.61,2997.85,2998.32,3000
2994.17,2993.51,2995.55,2995.25,2993.26,2995.1,2994.91,2988.08,2995.82
2966.88,2967.2,2966.54,2967.1,2967.36,2966.81,2965.66,2965.6,2964.73
2944.14,2944.1,2943.53,2943.31,2942.35,2943.53,2942.47,2944.26,2943.96
2938.98,2938.37,2939.01,2938.96,2938.89,2938.68,2938.68,2938.91,2938.34
2931.18,2932.18,2931.76,2932.67,2932.01,2932.79,2931.82,2931.8,2932.8
2920.88,2921.8,2923.09,2920.56,2919.42,2920.43,2921.17,2922.17,2921.13
2872.42,2875.01,2872.74,2873.53,2869.75,2863.74,2862.1,2872.22,2873.91
2389.6,2396.58,2709.92,2397.89,2389.18,2389.56,2405.87,2403.44,2409.62
2313.02,2721.84,2313.03,2313.02,2313.1,2304.37,2312,2308.44,2298.68
2626.66,2626.85,2626.85,2628.07,2653.94,2627.43,2651.11,2649.14,2737.8
2996.46,2997.95,2998.06,2996.58,2997.65,2996.54,2996.95,2997.21,2998.32
2998.71,2998.8,2999.38,2997.41,2998.35,2999.04,3000,3000,3000
2996.21,2997.36,2996.43,2998.13,2997.63,2999.76,2998.14,2998.14,3000
2996.61,2996.44,2997.96,2997.53,2997.11,2998.1,2997.02,2997.83,2998.01
2989.14,2987.14,2988.66,2989.85,2988.05,2989.35,2988.15,2989.94,2989.73
2949.27,2949.67,2948.57,2949.58,2945.04,2949.67,2949.03,2948.91,2949.5
2934.47,2935.36,2935.55,2935.46,2932.71,2934.4,2934.06,2935,2934.65
2936.58,2936.29,2935.82,2935.7,2935.73,2936.28,2936.62,2932.91,2935.86
2929.2,2926.9,2927.43,2927.56,2926.98,2927.63,2926.55,2919.69,2926.73
2873,2848.47,2846.44,2865.92,2838.87,2854.25,2865.4,2857.29,2865.35
2605.71,2615.47,2615.2,2619.66,2614.74,2607.48,2623.23,2608.18,2700.46
2274.72,2272.64,2275.12,2267.43,2280.11,2279.9,2279.61,2279.48,2623.65
2413.3,2414.7,2415.31,2416.47,2419.08,2417.54,2418.27,2417.99,2793.47
2518.95,2518.95,2545.16,2518.95,2543.81,2545.08,2519.04,2873.72,2545.54
2949.9,2950.91,2951.08,2950.43,2951.01,2950.61,2949.93,2950.57,2951.07
2992.47,2990.96,2992.96,2994.33,2993.9,2993.87,2993.99,2994.2,2994.09
2995.3,2996.32,2995.83,2994.77,2995.62,2995.39,2995.97,2995.64,2995.37
2995.55,2995.2,2993.51,2993.8,2994.92,2994.52,2993.92,2995.6,2994.42
2980.94,2981.66,2979.7,2981.7,2980.99,2982.03,2980.56,2981.4,2982.02
2912.04,2911.98,2912.17,2910.85,2910.48,2912.2,2911.44,2911.12,2911.44
2910.1,2909.76,2909.28,2909.21,2907.87,2909.81,2910.32,2905.09,2910.25
2926.82,2926.53,2926.08,2926.54,2924.04,2926.87,2926.77,2925.94,2925.37
2942.66,2943.42,2941.77,2943.37,2942.6,2943.31,2943.43,2943.5,2943.21
2798.59,2797.91,2826.95,2792.31,2796.81,2797.16,2798.81,2777.1,2798.98
2554.22,2555.87,2554.75,2554.73,2563.98,2559.52,2690.56,2550.32,2564.53
1158.53,1171.39,2588.43,1171.43,1160.72,1170.99,1171.52,1171.27,1157.09
999.198,984.788,985.218,985.725,994.952,995.705,985.767,989.924,2594.96
2279.89,2279.89,2304.36,2280.3,2281.64,2280.32,2300.42,2698.95,2304.67
2986.14,2986.25,2986.02,2987.25,2987.23,2986.13,2987.2,2987.33,2985.64
2994.31,2992.72,2994.21,2993.26,2992.66,2993.94,2993.03,2994.54,2994.68
2996.71,2996.86,2997.9,2998.1,2997.16,2997.57,2998.08,2997.47,2996.24
2991.09,2995.33,2995.75,2991.6,2994.3,2995.45,2995.99,2995.01,2993.45
2978.8,2978.03,2978.66,2976.39,2976.8,2978.79,2978.24,2979.56,2977.47
2866.84,2863.67,2864.54,2865.82,2863.53,2865.71,2866.6,2864.4,2866.74
2866.17,2867.18,2865.56,2867.13,2866.63,2866.45,2874.56,2866.43,2866.27
2906.38,2903.74,2903.56,2904.27,2903.32,2903.91,2903.56,2903.48,2904.15
2899.32,2925.08,2923.29,2923.81,2923.69,2924.86,2924.93,2924.14,2923.31
2750.94,2727.16,2751.08,2789.91,2725.54,2751.06,2737.31,2731.65,2751.09
1966.14,1964.69,1969.34,1970.15,1966.25,2407.57,1966.27,1966.27,1966.28
2087.95,2087.95,2111.09,2109.77,2110.36,2638.61,2099.82,2087.95,2098.58
337.779,340.885,340.919,341.02,340.919,341.26,340.988,2360.58,341.059
2708.26,2238.58,2233.07,2237.93,2230.24,2216.96,2215.3,2231.22,2215.83
2988.63,2989.27,2988.89,2989.4,2987.26,2988.67,2988.79,2989.78,2988.95
2991.8,2992.12,2990.74,2992.37,2992.59,2990.89,2991.99,2991.44,2991.58
2995.62,2997.79,2996.54,2997.22,2995.68,2997.55,2997.36,2996.08,2997.03
2990.59,2992.98,2992.77,2992.82,2993.35,2992.45,2994.51,2992.16,2993.15
2969.5,2969.17,2970.84,2967.03,2969.7,2968.57,2967.49,2969.98,2969.87
2827.75,2827.79,2828.37,2828.12,2826.46,2828.11,2828.03,2826.81,2828.24
2825.29,2824.15,2825.5,2824.63,2824.56,2824.7,2824.18,2822.39,2825.49
2882.54,2881.62,2882.42,2882.41,2878.46,2882.59,2883.01,2882.57,2882.55
2913.55,2913.77,2913.34,2913.98,2914.2,2913.11,2914.28,2912.07,2914.48
2792.55,2766.47,2779.36,2783.08,2768.81,2792.07,2783.11,2792.24,2791.58
2004.87,2026.58,2012.7,2341.27,2026.85,2026.51,2013.75,2016.94,2026.8
1782.98,1792.75,2571.01,1793.29,1793.44,1774.63,1792.83,1793.43,1777.53
1307.23,1308.4,1309.35,1310.41,2310.83,1324.67,1324.67,1324.67,1324.67
2581.29,2581.34,2555.81,2580.97,2651.39,2581.35,2581.35,2581.35,2581.35
2993.37,2991.62,2992.35,2993.5,2992.2,2991.78,2990.09,2992,2993.23
2997.16,2996.53,2996.47,2996.7,2996.79,2997.38,2996.94,2995.75,2995.74
2993.13,2993.53,2995.17,2994,2993.89,2994.7,2994.82,2992.62,2995.29
2989.49,2991.04,2990.51,2992.04,2991.09,2990.31,2991.06,2990.82,2991.88
2969.63,2970.76,2970.26,2971.84,2971.19,2969.96,2971.78,2971.47,2970.22
2806.43,2804.53,2806.47,2806.06,2805.68,2805.03,2806.3,2805.81,2805.97
2789.86,2789.9,2789.59,2789.67,2788.45,2788.51,2789.43,2788.02,2789.89
2873.33,2872.32,2872.82,2872.73,2872.39,2872,2873.44,2873.06,2873.13
