Return	Episode_length
-634.988	151
-634.343	151
-662.547	145
-678.034	138
-691.921	129
-678.136	140
-714.107	122
-691.978	122
-665.724	140
-633.933	151
-643.37	149
-638.777	155
-640.04	148
-644.67	146
-658.924	143
-639.287	155
-693.465	140
-625.254	161
-657.745	152
-125.526	394
-681.13	121
-604.744	180
-679.912	120
-726.861	97
-756.673	84
-736.309	92
-681.592	124
-622.677	157
-715.69	102
-668.268	140
-733.386	94
-666.035	135
-620.385	169
-705.717	108
-679.055	135
-691.439	118
-608.621	168
-664.96	144
-585.057	185
-647.485	149
-652.429	154
-679.504	132
-700.414	125
-676.098	142
-672.993	147
-715.303	132
-673.912	139
-771.893	83
-680.78	135
-673.904	123
-635.274	169
-617.012	167
-623.106	161
-646.875	154
-630.541	160
-612.207	165
-632.338	156
-673.909	144
-572.367	195
-682.698	147
-504.665	226
-552.871	238
-17.3831	691
-619.187	148
-463.885	228
-746.744	89
-431.785	279
-11.2758	621
-344.089	246
-644.063	130
-141.176	509
-324.183	280
-758.731	90
-425.209	248
-504.021	223
-369.484	267
-596.698	161
-406.286	293
-438.547	225
-29.8343	514
-399.485	343
-772.134	81
-641.759	167
-750.959	91
-773.16	93
-185.442	351
-737.322	93
-654.446	129
-555.069	176
-594.383	157
-384.72	234
-364.583	285
-761.335	91
-697.069	112
-374.236	285
-763.421	91
-768.863	88
-520.009	220
-565.924	167
-306.809	286
-701.939	113
-502.519	225
-657.966	127
-573.005	179
-544.635	207
-655.951	130
-570.023	178
-701.226	140
-535.35	201
-605.366	165
-638.896	171
-706.626	119
-525.689	208
630.033	804
-588.216	178
-533.081	178
-507.195	308
-497.991	658
-648.223	129
-441.21	221
-472.759	452
463.856	804
-802.805	104
-806.292	97
-810.729	118
-805.13	101
-717.354	130
-818.15	93
-806.055	98
-785.778	120
-795.362	122
-739.863	112
-680.87	138
-712.66	129
-683.341	138
-793.683	95
-733.57	133
-700.153	127
-671.384	149
-669.452	152
-692.91	151
-685.636	149
-734.276	129
-713.253	129
-733.343	139
-724.499	124
-698.668	160
-784.868	122
-690.704	132
-738.887	127
-751.222	126
-770.65	121
-813.461	115
-747.106	138
-776.695	81
-750.792	134
-763.958	117
-804.554	116
-743.013	117
-766.075	117
-787.426	120
-769.831	98
-771.096	126
-683.228	137
-765.521	106
-784.151	113
-760.367	144
-795.797	110
-702.991	142
-716.652	145
-813.041	66
-679.052	133
-740.195	139
-667.459	142
-754.147	127
-680.033	152
-726.354	133
-681.786	145
-728.063	137
-690.898	148
-754.296	138
-759.655	123
-739.624	137
-701.259	151
-690.518	146
-740.867	145
-762.021	122
-670.877	150
-770.614	123
-706.501	137
-729.318	142
-745.951	117
-657.875	153
-751.235	129
-751.152	132
-725.586	117
-796.509	72
-718.267	145
-639.439	159
-893.416	40
-791.05	140
-847.96	54
-818.502	107
-705.229	132
-854.33	98
-802.966	104
-810.77	108
-735.425	134
-690.047	124
-859.249	110
-805.734	126
-825.55	99
-731.649	145
-629.303	180
-833.024	96
-721.912	114
-680.203	137
-747.98	126
-868.767	83
-652.212	147
-834.527	95
-809.641	110
-801.705	112
-824.382	94
-801.745	118
-826.302	113
-826.165	105
-824.944	85
-826.621	110
-827.613	88
-661.664	145
-735.776	118
-742.136	116
-736.665	112
-690.729	139
-757.849	131
-719.157	117
-725.072	117
-779.718	83
-759.889	92
-724.368	107
-704.218	119
-680.022	127
-726.533	103
-723.225	106
-756.407	105
-737.913	103
-739.289	100
-694.068	122
-657.238	157
-752.292	91
-727.841	105
-736.521	100
-762.053	88
-747.157	111
-774.856	86
-748.474	94
-707.254	113
-727.511	104
-718.371	108
-756.565	101
-759.961	92
-750.62	98
-704.141	114
-768.621	91
-758.554	95
-746.77	101
-687.92	124
-713.62	115
-739.844	103
-758.627	91
-679.596	131
-711.61	111
-756.201	92
-757.404	91
-721.415	108
-692.583	122
-676.818	147
-765.58	118
-727.327	103
-708.119	113
-740.685	129
-763.044	87
-748.102	96
-748.851	97
-738.259	106
-736.764	141
-687.731	130
-655.037	156
-671.535	132
-706.098	113
-704.986	114
-732.261	102
-745.284	96
-764.289	92
-744.665	119
-727.189	132
-731.156	125
-745.662	126
-753.868	118
-702.149	139
-768.171	134
-772.98	124
-687.532	162
-798.833	109
-790.931	78
-740.632	122
-705.525	109
-761.208	171
-743.282	119
-747.83	123
-745.85	120
-742.707	96
-713.808	156
-667.018	155
-703.747	154
-742.62	156
-683.534	222
-745.85	151
-737.123	133
-756.182	137
-669.495	203
-745.739	142
-780.696	133
-747.671	136
-700.251	177
-717.753	135
-781.678	121
-732.406	134
-744.6	123
-775.448	140
-658.13	141
-763.765	152
-641.101	152
-756.629	90
-647.944	191
-674.154	151
-720.21	148
-648.789	191
-676.698	178
-737.12	97
-758.145	91
-744.461	94
-639.955	155
-706.33	130
-665.076	185
-712.796	108
-709.903	173
-733.009	148
-724.768	149
-691.909	142
-726.569	138
-740.495	107
-716.027	149
-703.307	149
-645.334	182
-645.738	175
-750.79	94
-655.213	152
-648.082	166
-742.552	136
-696.552	149
-650.546	149
-764.094	146
-673.104	140
-683.653	161
-699.547	158
-724.505	134
-642.928	151
-691.869	156
-674.183	126
-701.573	171
-684.835	142
-781.419	136
-648.959	191
-718.783	111
-707.231	163
-728.873	148
-721.772	137
-663.275	203
-689.083	155
-717.911	155
-705.906	147
-657.695	169
-768.388	136
-695.501	161
-696.765	120
-656.83	175
-718.93	131
-773.178	118
-734.123	166
-649.854	167
-694.696	164
-752.035	93
-690.209	156
-825.757	127
-677.434	187
-647.618	213
-675.331	123
-698.386	162
-754.371	90
-616.337	164
-645.14	201
-694.507	125
-699.288	146
-591.447	192
-691.873	165
-728.193	141
-666.62	167
-714.422	147
-703.369	178
-631.851	160
-702.995	163
-684.646	149
-676.719	168
-837.32	69
-717.923	163
-694.87	154
-669.055	168
-685.117	154
-733.188	171
-659.673	196
-627.735	162
-732.012	148
-705.229	139
-719.611	162
-639.155	154
-680.656	181
-680.541	140
-706.316	151
-730.827	151
-708.605	163
-651.452	151
-632.242	202
-729.164	148
-627.851	177
-644.63	157
-747.755	157
-643.658	185
-784.186	126
-645.247	175
-668.805	179
-695.92	198
-612.807	207
-675.901	185
-634.389	157
-740.256	145
-720.992	156
-721.402	171
-644.201	169
-632.022	167
-741.022	145
-637.618	162
-709.778	131
-741.942	128
-714.494	137
-652.219	149
-706.101	167
-626.408	168
-636.064	148
-626.222	189
-634.108	150
-662.42	169
-678.809	155
-699.297	173
-669.758	176
-700.112	142
-717.196	105
-698.08	146
-676.308	131
-666.929	198
-604.917	177
-668.848	151
-573.244	195
-584.52	187
-661.716	173
-681.727	121
-548	220
-698.718	158
-589.953	194
-666.292	179
-719.13	154
-871.126	108
-760.879	133
-707.404	158
-752.945	127
-889.365	50
-644.696	157
-637.018	202
-589.924	191
-685.951	159
-593.294	178
-714.896	160
-593.772	194
-700.423	159
-659.793	171
-748.932	93
-548.532	219
-717.843	103
-667.483	154
-578.044	217
-700.319	157
-649.846	201
-656.048	138
-630.866	161
-619.524	161
-645.024	145
-680.909	174
-661.518	171
-683.247	174
-645.178	165
-621.442	208
-748.493	154
-688.165	192
-627.411	177
-624.734	187
-707.267	149
-697.193	157
-639.704	145
-606.812	190
-676.144	149
-704.255	139
-720.648	103
-668.134	149
-647.48	180
-699.775	153
-641.812	184
-923.871	29
-612.327	177
-568.839	195
-561.916	259
-581.92	187
-733.786	110
-659.545	189
-555.527	238
-678.614	162
-650.878	165
-637.147	151
-578.071	195
-715.975	171
-723.559	140
-738.714	150
-611.188	214
-569.573	201
-673.109	173
-590.336	186
-667.759	156
-601.014	180
-597.925	178
-670.836	179
-725.305	152
-670.837	126
-687.561	165
-679.729	135
-587.739	182
-573.437	193
-744.859	151
-586.053	183
-744.113	145
-680.234	148
-662.59	176
-754.986	179
-636.441	196
-701.971	149
-682.608	165
-711.957	137
-703.105	145
-744.458	164
-672.865	153
-763.231	136
-655.893	152
-669.308	166
-625.533	164
-712.279	150
-662.936	166
-704.174	134
-631.518	180
-702.85	114
-730.13	169
-699.281	125
-683.366	154
-682.884	176
-664.29	164
-660.086	170
-671.516	135
-669.599	145
-593.848	243
-613.035	170
-719.539	119
-676.891	123
-743.978	139
-687.896	182
-684.369	163
-707.551	151
-760.723	166
-753.624	153
-723.882	163
-603.939	174
-657.416	174
-690.645	125
-741.147	144
-636.098	181
-724.705	135
-728.613	163
-748.817	94
-719.733	169
-724.737	164
-780.007	147
-680.872	147
-744.519	151
-703.598	125
-685.745	159
-599.391	176
-660.777	137
-659.37	145
-685.502	118
-624.84	165
-675.095	153
-747.672	95
-688.069	187
-709.24	195
-703.748	136
-725.163	184
-755.033	176
-728.262	156
-655.062	213
-655.918	193
-742.945	177
-764.695	86
-621.899	162
-652.812	161
-725.912	101
-670.186	178
-621.743	163
-727.462	160
-721.722	104
-671.783	168
-709.186	170
-746.46	182
-705.167	212
-700.768	115
-649.99	137
-753.529	174
-674.219	179
-625.087	155
-665.958	161
-707.913	165
-690.82	170
-661.468	167
-588.808	186
-592.1	184
-599.597	221
-685.6	170
-634.569	165
-590.922	177
-632.252	182
-701.294	164
-622.58	166
-701.094	177
-708.287	199
-682.096	164
-719.668	165
-639.74	169
-677.707	176
-690.447	155
-638.219	194
-730.024	169
-636.898	189
-706.437	177
-573.098	193
-717.479	162
-659.369	162
-671.614	156
-707.188	163
-667.647	178
-744.565	169
-642.446	185
-620.227	171
-776.402	80
-696.004	174
-723.044	101
-636.186	156
-638.613	165
-703.677	172
-624.414	232
-632.104	175
-728.974	177
-639.717	175
-659.259	160
-690.157	175
-724.098	179
-614.898	193
-653.156	165
-675.634	156
-635.473	147
-646.27	196
-761.674	149
-722.079	205
-719.195	256
-630.437	169
-636.519	148
-719.363	150
-703.944	151
-602.217	171
-613.669	169
-597.973	171
-670.898	161
-724.086	182
-754.77	177
-739.386	154
-727.137	104
-889.967	39
-592.114	184
-688.071	193
-735.262	97
-635.719	171
-727.369	148
-716.873	107
-702.849	112
-731.835	107
-731.903	105
-679.888	123
-638.438	176
-618.852	164
-656.175	167
-669.992	164
-666.027	141
-649.819	138
-633.101	150
-706.73	113
-624.811	160
-710.873	104
-713.649	181
-550.225	210
-740.058	154
-706.896	109
-711.768	161
-587.456	171
-672.494	136
-732.809	102
-717.887	130
-713.587	126
-583.443	191
-635.443	150
-696.052	116
-641.472	340
-707.244	115
-687.411	638
-665.722	395
-668.639	669
-595.695	187
-610.032	178
-572.529	202
379.804	804
-713.051	345
-728.869	231
-589.017	178
-605.285	174
-701.626	113
-286.964	571
-595.508	169
-597.484	176
-609.95	213
-526.222	776
-605.6	214
-624.283	179
-596.243	184
750.871	804
350.737	804
-598.595	180
-603.428	170
-465.838	739
-473.913	254
-737.522	99
-607.866	168
-612.484	279
-708.301	231
-729.117	198
-656.905	180
-623.567	198
-581.696	196
-616.915	163
-709.418	194
-741.166	205
-616.284	164
-616.943	158
-646.639	171
-604.296	174
-696.545	111
-738.874	106
-678.932	124
-598.986	171
-675.372	300
-645.875	150
-691.648	121
-718.684	109
-652.119	145
-672.753	126
-717.81	106
-726.319	103
-610.122	218
-196.704	608
-625.442	148
-617.035	156
-655.204	135
-711.541	106
-626.579	153
-564.512	299
-684.356	120
-713.187	113
-666.514	149
-541.331	206
-651.797	133
-643.538	166
-611.461	159
-606.74	166
-692.905	115
-674.782	124
-717.877	109
-715.138	109
-625.753	154
-784.961	78
-633.719	156
-593.244	188
-611.441	164
-584.824	240
-595.143	176
-679.892	123
-513.632	359
-509.877	486
-651.36	145
-668.694	204
-613.475	161
-591.554	182
-284.157	756
-599.245	169
759.443	804
-636.801	360
-688.907	158
-712.874	261
-564.197	195
-612.628	176
-580.976	192
-695.084	247
-584.832	184
-695.325	114
-651.301	140
-690.645	118
-617.002	170
-686.325	119
-696.807	153
-743.059	150
-647.547	160
-582.781	191
-682.774	185
-557.27	206
-667.5	139
-661.188	209
-673.077	126
-665.481	169
-642.468	163
-667.887	294
-673.298	127
-719.849	149
-584.111	180
-644.689	287
-698.258	115
-688.288	146
-613.463	176
-614.913	170
-648.008	141
-658.348	217
-572.382	192
-660.464	267
-741.799	139
-651.09	174
-688.802	324
-589.967	188
-582.65	187
-602.119	180
-625.706	164
-603.875	181
-579.316	184
-579.94	192
-671.676	126
-666.525	235
-600.501	174
-659.23	137
-607.34	194
-683.838	119
-575.906	196
-708.546	109
-596.759	176
-575.972	192
-661.401	137
-710.075	108
-639.175	145
-597.651	174
-704.952	110
-668.973	129
-662.809	146
-635.097	187
-712.821	106
-707.063	111
-714.581	108
-658.116	147
-578.257	199
-569.87	199
-627.028	151
-649.829	140
-677.083	142
-664.825	139
-651.937	143
-585.058	190
-599.839	167
-112.232	625
-642.956	177
-601.02	180
-611.675	172
-646.493	160
-647.828	161
-566.978	195
-719.844	115
-666.373	160
-710.579	114
-592.813	183
-646.263	139
-584.243	188
-641.565	180
-610.999	184
-624.459	158
-629.707	175
-346.88	502
-611.928	161
-525.219	276
-674.526	160
-653.567	152
-701.264	143
-566.483	205
-723.539	109
-592.841	174
-696.771	127
-691.413	125
-585.051	181
-675.132	138
-678.558	180
-658.754	135
-573.674	202
-631.298	143
-650.008	152
-658.573	211
-587.265	180
-607.844	181
-549.263	231
-630.866	153
-670.824	159
-695.058	146
-602.703	173
-591.445	182
-673.67	257
-616.275	166
-680.077	195
-705.327	137
-609.482	169
-660.367	158
-596.942	178
-593.969	179
-716.551	106
-595.819	181
-713.902	191
-600.644	186
-603.508	181
-585.814	195
-589.627	184
-696.294	182
-595.339	180
-601.811	183
-579.128	196
-600.459	182
-708.766	124
-711.783	158
-594.202	181
-653.999	168
-638.802	177
-704.504	181
-655.24	187
-665.089	156
-634.684	210
-595.198	188
-488.461	338
-653.386	156
-664.091	173
-667.423	129
-632.475	198
-623.412	167
-620.876	160
-647.353	176
-600.553	187
-658.334	139
-658.728	227
-624.583	192
-632.033	172
-568.755	202
-672.753	185
-587.881	188
-690.395	117
-698.367	129
-618.387	199
-595.985	175
-641.549	184
-598.293	174
-685.239	146
-600.176	182
-709.469	131
-614.475	174
-575.016	194
-688.289	146
-592.104	181
-558.02	198
-678.177	136
-676.083	162
-582.52	191
-598.255	186
-655.062	146
-598.078	179
-594.501	179
-721.949	143
-619.047	163
-591.536	191
-683.501	158
-657.452	161
-602.516	171
-684.612	121
-605.656	181
-670.909	141
-604.571	171
-590.006	189
-652.527	146
-707.58	136
-584.351	185
-575.017	196
-705.456	112
-734.74	97
-597.384	189
-592.234	181
-684.696	121
-587.418	180
-635.367	162
-689.102	207
-533.759	217
-626.133	162
-641.136	148
-683.065	139
-641.551	156
-710.045	216
-587.66	188
-681.297	199
-683.729	154
-629.591	162
-750.143	92
-687.749	147
-657.73	171
-484.386	291
-615.346	158
-596.018	184
-681.794	133
-726.235	114
-723.907	115
-596.629	181
-706.579	128
-582.825	207
-640.653	176
-604.484	183
-522.571	216
-693.9	141
-593.551	202
-705.46	149
-723.899	164
-675.694	131
-699.643	156
-676.071	169
-625.321	180
-593.575	307
-588.756	190
-593.59	204
-635.99	209
-703.745	126
-638.403	218
-600.072	178
-681.884	132
-688.994	120
-587.63	293
-682.084	203
-706.408	176
-617.567	167
-599.406	178
-682.27	160
-728.547	108
-591.161	187
-710.741	169
-597.025	183
-630.7	156
-698.595	242
-693.011	226
-706.809	174
-698.227	294
-649.254	175
-640.681	262
-609.491	192
-680.77	162
-601.118	181
-679.602	184
-717.941	120
-688.971	275
-716.319	141
-625.893	169
-595.756	186
-642.425	366
-729.197	158
-664.08	141
-719.706	166
-607.157	177
-615.221	188
-674.762	149
-596.605	185
-706.34	161
-662.492	135
-611.628	167
-600.087	171
-576.482	193
-667.133	164
-597.28	186
-660.758	131
-690.954	127
-666.072	126
-607.643	177
-655.107	136
-728.522	120
-599.22	165
-604.42	169
-589.864	184
-680.666	150
-689.101	220
-616.874	172
-585.189	194
-721.982	107
-587.62	188
-714.584	109
-614.928	163
-694.428	122
-649.246	153
-707.552	130
-609.006	176
-712.52	126
-693.737	116
-644.567	223
-548.296	209
-691.74	175
-611.924	175
-598.526	183
-603.024	179
-654.201	138
-692.158	115
-659.687	175
-576.166	192
-595.854	186
-590.912	180
-595.366	181
-678.135	271
-604.728	170
-613.503	178
-688.069	121
-595.295	184
-609.737	175
-613.329	167
-649.278	280
-602.977	176
-693.241	176
-693.245	143
-627.964	154
-597.922	177
-642.04	177
-719.025	104
-723.046	119
-667.105	132
-579.113	192
-579.808	191
-679.782	124
-594.586	192
-671.565	125
-672.494	152
-655.528	132
-634.425	159
-609.103	171
-588.106	189
-605.984	177
-604.14	180
-583.126	192
-671.223	156
-482.886	248
-584.238	185
-594.539	182
-583.838	184
-612.502	172
-595.822	182
-687.398	129
-625.278	166
-659.522	132
-623.976	158
-661.251	167
-698.134	122
-707.958	152
-684.059	146
-569.721	194
-642.567	143
-597.77	197
-693.776	190
-715.963	127
-629.063	186
-670.175	156
-667.599	133
-609.51	177
-627.696	156
-582.339	197
-610.584	163
-632.021	158
-618.757	166
-734.822	291
-576.235	192
-597.891	180
-688.213	168
-697.652	225
-679.487	153
-705.92	113
-596.751	183
-676.26	152
-607.005	173
-659.456	163
-771.498	134
-718.385	177
-550.961	206
-557.705	209
-555.405	205
-643.129	192
-612.22	168
-643.527	141
-645.074	321
-644.737	142
-588.409	191
-661.597	203
-682.22	201
-646.431	177
-614.469	177
-590.329	190
-600.156	185
-628.898	186
-644.61	179
-579.253	187
-641.577	176
-647.835	141
-670.019	343
-619.205	156
-614.97	203
-600.007	188
-627.036	160
-596.941	189
-687.714	192
-590.165	186
-654.185	233
-602.016	184
-553.248	209
-643.08	178
-632.646	147
-656.337	140
-556.2	215
-606.768	166
-657.482	174
-690.938	121
-634.536	178
-620.703	168
-664.398	318
-577.616	192
-611.954	171
-658.341	206
-737.255	153
-706.45	161
-592.005	183
-701.337	359
-569.79	197
-608.92	166
-656.467	155
-691.751	205
-690.362	239
-614.379	177
-699.513	364
-680.181	219
-619.206	169
-663.76	488
-645.448	175
-605.219	178
-642.254	168
-586.913	187
-713.384	343
-589.766	185
-597.951	183
-712.761	175
-595.398	188
-608.591	306
-704.334	244
-647.361	167
-637.594	154
-654.522	138
-629.533	177
-729.447	365
-716.472	181
-617.987	165
-705.667	309
-668.069	143
-695.808	202
-530.137	216
-655.704	235
-660.284	139
-673.639	126
-741.969	228
-643.715	139
-563.046	190
-707.98	293
-648.434	165
-615.774	168
-648.863	140
-711.745	274
-699.143	167
-663.01	412
-643.45	447
-698.426	208
-590.948	188
-611.874	165
-705.492	294
-582.193	182
-611.784	163
-718.885	104
-594.276	185
-694.429	196
-623.812	175
-553.392	213
-578.455	189
-540.601	212
-513.503	226
-703.891	314
-597.722	184
-653.885	208
-672.097	200
-585.973	182
-549.342	209
-554.136	207
-710.162	161
-677.69	226
-594.185	181
-612.631	173
-637.483	156
-694.082	210
-740.157	95
-592.729	180
-579.735	283
-695.943	117
-737.795	390
-622.818	166
-598.362	182
-590.605	192
-591.988	177
-691.82	208
-674.8	256
-664.907	130
-636.445	169
-715.444	172
-700.114	139
-690.795	118
-708.831	107
-660.11	135
-612.751	169
-716.684	587
-563.605	204
-624.124	170
-668.522	166
-647.865	187
-623.622	189
-651.461	166
-704.623	550
-692.087	298
-599.256	179
-694.435	117
-729.216	152
-659.574	287
-663.342	194
-653.102	196
-666.784	154
-729.573	120
-719.924	115
-737.357	110
-642.209	146
-661.975	130
-651.309	177
-584.381	195
-659.937	144
-620.495	160
-757.13	111
-709.259	110
-695.071	164
-674.496	124
-649.846	159
-660.691	134
-690.583	119
-671.379	133
-635.607	176
-705.117	111
-682.248	123
-665.015	163
-596.209	187
-683.05	121
-669.547	128
-637.636	144
-667.277	149
-690.9	124
-608.907	178
-646.943	159
-652.895	138
-583.467	185
-580.859	187
-580.934	191
-641.214	144
-715.1	107
-670.75	154
-656.089	137
-686.38	124
-602.856	180
-729.488	101
-647.041	164
-595.17	185
-645.895	140
-610.202	174
-611.67	178
-664.543	157
-578.885	179
-653.446	161
-692.5	124
-648.308	140
-662.801	132
-637.909	162
-689.913	132
-716.875	105
-628.039	169
-579.658	191
-638.123	150
-601.626	188
-647.617	147
-593.451	188
-613.042	171
-593.93	181
-614.756	170
-680.706	143
-609.242	170
-648.335	161
-641.63	165
-621.694	173
-620.354	164
-622.903	173
-644.158	155
-694.898	144
-602.495	189
-644.16	135
-641.568	153
-601.052	175
-593.09	185
-630.548	162
-641.327	158
-602.274	171
-620.638	165
-858.063	51
-717.91	105
-767.115	95
-781.345	102
-601.79	174
-818.14	65
-628.126	176
-700.773	115
-763.933	84
-881.961	52
-845.21	56
-885.041	41
-671.578	130
-575.923	177
-827.251	62
-782.229	107
-620.285	175
-839.89	59
-818.002	76
-558.988	204
-857.59	55
-598.176	174
-635.033	138
-826.616	89
-666.901	118
-642.121	160
-698.271	117
-634.57	147
-899.775	39
-837.991	60
-636.382	156
-767.605	92
-747.783	99
-681.205	128
-704.606	111
-737.298	96
-754.125	98
-831.315	105
-696.392	138
-886.394	43
-782.076	104
-785.887	91
-882.64	45
-805.918	71
-618.897	164
-868.63	55
-774.265	92
-726.895	101
-767.176	88
-620.387	174
-812.871	73
-845.198	59
-621.128	152
-819.335	89
-689.017	119
-803.926	77
-693.502	134
-798.711	76
-799.551	80
-830.248	62
-748.489	123
-726.945	117
-875.597	49
-797.354	73
-616.301	172
-674.009	133
-842.686	55
-641.791	160
-745.254	109
-755.652	118
-878.722	59
-722.28	113
-739.769	104
-683.348	132
-719.001	138
-707.383	106
-857.137	52
-704.169	131
-562.173	192
-874.784	65
-753.468	92
-785.826	86
-796.768	90
-844.23	57
-920.546	32
-815.12	79
-828.443	68
-763.104	87
-819.716	69
-803.1	77
-590.735	181
-645.336	151
-752.002	102
-740.622	95
-550.737	214
-821.131	67
-775.177	81
-671.505	135
-889.313	42
-733.401	106
-754.382	89
-913.212	33
-541.606	188
-698.603	109
-683.116	150
-789.227	76
-644.32	148
-862.622	54
-713.72	99
-699.34	122
-679.102	143
-789.837	75
-892.948	40
-723.095	101
-771.249	90
-756.944	131
-730.986	107
-684.14	125
-626.633	161
-681.259	135
-779.167	84
-912.367	39
-650.517	151
-834.399	59
-584.422	178
-759.09	89
-713.522	110
-736.892	126
-765.852	88
-584.94	183
-902.485	37
-870.518	70
-750.601	91
-609.043	168
-803.871	79
-661.442	125
-767.292	121
-776.807	109
-618.007	191
-836.668	66
-683.919	176
-819.748	79
-658.639	182
-654.707	140
-521.309	211
-869.417	116
-767.971	98
-653.135	173
-917.992	85
-915.733	90
-929.644	43
-810.517	92
-860.617	69
-916.27	32
-923.018	32
-569.184	178
-911.431	34
-574.068	198
-658.5	174
-752.089	109
-664.822	171
-905.457	48
-707.699	149
-668.036	164
-666.928	168
-722.832	120
-676.1	158
-714.379	147
-801.7	96
-701.232	152
-701.341	148
-671.526	171
-688.797	156
-684.521	161
-693.124	148
-671.322	165
-690.666	155
-675.955	160
-687.107	160
-923.486	42
-684.686	157
-665.418	161
-745.602	132
-694.03	150
-737.768	139
-696.467	152
-698.369	148
-703.805	145
-712.484	138
-684.693	154
-714.646	141
-701.714	143
-708.428	145
-721.543	138
-725.444	133
-749.915	134
-709.682	145
-718.584	141
-728.86	133
-699.549	153
-703.398	153
-718.871	144
-753.503	130
-694.247	155
-713.958	142
-714.263	153
-806.398	100
-732.538	131
-704.123	161
-758.759	120
-832.717	78
-750.621	123
-792.973	91
-734.675	121
-741.208	121
-911.633	40
-790.746	88
-698.965	147
-809.148	83
-811.352	94
-924.176	54
-923.923	54
-923.944	54
-920.683	80
-924.041	57
-918.594	55
-909.871	83
-829.357	110
-918.893	57
-867.09	91
-871.126	95
-923.901	57
-922.033	57
-908.115	62
-841.247	104
-896.751	64
-857.734	88
-913.336	78
-924.933	64
-915.162	83
-924.905	57
-924.591	50
-916.988	76
-896.333	81
-886.129	70
-893.734	77
-875.541	68
-908.209	71
-923.784	55
-890.394	76
-923.955	59
-921.686	47
-887.704	89
-923.065	55
-919.754	53
-899.998	71
-918.85	70
-924.004	54
-923.239	54
-923.205	61
-923.253	59
-924.273	64
-923.096	64
-920.528	48
-900.335	70
-919.979	53
-923.41	70
-915.679	81
-920.213	71
-922.162	75
-922.455	66
-793.375	98
-921.872	72
-819.343	99
-906.323	77
-875.748	74
-759.658	132
-922.204	67
-921.343	88
-920.976	85
-922.432	77
-915.956	46
-824.34	82
-875.4	89
-922.347	51
-913.444	96
-919.805	78
-895.789	105
-913	89
-920.46	75
-915.263	90
-903.999	100
-920.147	77
-918.556	73
-897.279	85
-916.668	68
-921.515	64
-921.46	64
-921.451	69
-916.931	77
-850.452	126
-921.457	69
-917.426	82
-921.211	83
-921.444	64
-921.559	64
-857.591	103
-921.527	75
-920.812	65
-921.525	83
-911.877	80
-921.482	65
-916.979	75
-916.215	74
-921.497	71
-918.551	63
-917.528	65
-918.514	65
-914.048	79
-921.468	64
-921.676	64
-921.559	76
-920.248	74
-875.821	78
-921.619	61
-917.726	84
-921.09	68
-915.693	78
-921.514	60
-855.959	79
-842.885	79
-844.974	81
-903.591	92
-884.672	56
-918.43	78
-904.17	92
-911.405	95
-920.033	71
-915.792	77
-919.578	76
-889.718	108
-920.647	82
-908.926	105
-919.731	76
-920.529	82
-822.89	113
-918.34	88
-916.991	79
-919.443	85
-916.382	88
-919.611	73
-906.341	87
-918.877	95
-908.581	85
-918.359	74
-914.84	107
-897.55	103
-919.733	94
-920.758	91
-899.551	97
-908.496	90
-920.778	84
-905.334	96
-801.788	117
-907.795	87
-905.038	85
-900.773	104
-883.517	128
-872.926	124
-918.615	83
-919.969	68
-919.974	91
-920.046	82
-906.328	54
-919.967	75
-903.951	111
-920.207	81
-916.998	104
-920.096	78
-920.17	73
-920.012	80
-920.359	87
-920.75	86
-916.363	105
-912.251	82
-855.127	158
-900.358	106
-905.366	92
-914.909	102
-917.809	102
-914.788	86
-904.293	118
-901.821	108
-915.274	99
-920.598	80
-919.898	95
-898.139	105
-919.773	86
-919.521	79
-920.054	41
-919.008	92
-919.825	70
-914.923	78
-920.904	74
-920.072	70
-885.711	116
-920.555	87
-902.855	87
-901.102	99
-920.192	79
-920.234	76
-912.245	105
-888.453	119
-910.875	95
-909.28	89
-782.397	102
-919.72	91
-920.676	73
-920.601	83
-919.695	74
-920.204	84
-902.872	95
-909.957	95
-896.145	104
-896.205	116
-897.379	94
-919.9	74
-919.479	70
-758.591	120
-920.075	70
-907.557	103
-895.651	100
-886.633	108
-920.025	86
-908.3	100
-902.181	107
-763.994	126
-894.546	46
-901.67	107
-913.585	81
-919.078	76
-893.53	101
-916.039	88
-919.417	78
-896.799	103
-919.32	75
-911.47	90
-916.78	92
-887.4	63
-895.853	78
-916.541	95
-918.556	65
-912.074	105
-918.744	76
-886.479	109
-918.77	67
-865.239	112
-918.613	68
-918.023	75
-896.929	100
-908.845	87
-860.296	114
-907.998	88
-731.251	148
-918.537	79
-912.152	76
-917.138	79
-917.965	78
-860.482	78
-912.302	62
-895.383	114
-900.804	100
-846.531	97
-895.235	98
-895.698	107
-916.622	68
-902.314	92
-914.829	97
-918.752	84
-920.648	77
-920.828	68
-917.984	73
-913.344	91
-918.397	84
-918.136	79
-918.798	71
-886.824	101
-803.549	121
-854.807	64
-916.79	96
-894.52	86
-920.778	55
-914.644	82
-918.817	72
-918.919	78
-907.454	87
-889.715	99
-892.085	109
-897.161	88
-879.535	84
-867.09	98
-766.946	140
-919.989	77
-918.037	75
-870.517	128
-922.732	50
-912.5	63
-921.131	63
-918.703	72
-918.772	68
-896.204	105
-912.618	52
-917.224	86
-910.077	60
-913.714	81
-918.072	79
-919.419	77
-903.001	86
-921.926	52
-918.849	69
-894.074	87
-887.127	73
-918.646	73
-919.852	57
-918.585	82
-918.954	87
-918.95	94
-916.476	48
-920.903	84
-899.18	73
-900.215	88
-878.352	87
-908.479	79
-919.34	70
-845.074	91
-884.868	98
-917.486	45
-812.057	136
-914.305	84
-922.088	70
-917.338	83
-916.883	89
-922.783	47
-917.842	84
-900.935	74
-913.957	94
-918.321	66
-915.214	92
-918.21	69
-891.986	108
-915.556	78
-901.097	90
-915.399	74
-878.064	102
-915.707	68
-921.891	46
-918.344	69
-912.594	84
-918.284	70
-882.124	107
-825.901	92
-913.969	88
-889.275	79
-885.705	78
-917.954	69
-802.751	131
-920.652	66
-819.682	100
-896.962	47
-891.58	94
-847.629	87
-912.56	57
-878.308	94
-890.667	106
-917.06	71
-918.137	80
-915.055	94
-918.188	81
-915.775	81
-806.892	132
-918.644	69
-861.865	106
-909.394	69
-902.106	99
-834.479	152
-862.037	72
-878.042	89
-903.734	98
-897.388	88
-909.334	93
-899.724	91
-786.432	138
-914.875	79
-917.656	68
-919.948	69
-855.949	124
-841.099	132
-920.418	57
-920.341	62
-918.374	54
-917.551	68
-810.929	103
-893.709	92
-914.438	76
-899.068	98
-912.969	125
-901.799	83
-834.576	115
-895.416	91
-902.022	69
-905.978	96
-905.299	79
-719.673	113
-910.639	73
-906.819	92
-899.581	109
-899.049	87
-911.428	71
-897.632	84
-909.778	89
-914.36	92
-899.437	111
-895.607	118
-913.075	100
-898.484	96
-912.632	96
-869.957	123
-827.504	149
-902.242	98
-890.89	105
-895.114	123
-910.053	106
-897.602	95
-915.03	92
-902.225	83
-907.282	97
-914.966	96
-900.513	116
-879.338	137
-894.292	133
-902.728	100
-881.723	103
-899.191	103
-908.085	82
-905.957	101
-891.47	128
-892.253	129
-915.195	88
-892.987	112
-885.453	111
-913.222	90
-903.559	125
-880.009	117
-902.235	78
-907.14	96
-902.158	125
-897.966	109
-880.572	121
-902.216	76
-903.544	79
-904.042	118
-900.565	88
-909.466	103
-905.769	84
-885.635	86
-897.12	132
-897.41	92
-901.609	82
-631.405	157
-834.666	124
-879.346	93
-896.773	96
-864.466	51
-915.251	105
-903.366	90
-914.112	97
-901.945	77
-915.849	111
-920.529	57
-889.811	123
-920.917	72
-910.179	135
-887.842	111
-893.843	96
-913.791	99
-907.166	68
-910.703	117
-907.856	99
-903.105	100
-910.098	119
-899.09	103
-899.169	77
-900.374	76
-915.331	60
-905.843	124
-783.271	113
-911.676	70
-908.532	71
-922.365	59
-887.704	75
-923.278	47
-900.1	93
-891.052	106
-921.28	79
-893.282	82
-919.017	79
-920.935	77
-921.416	70
-922.923	51
-922.04	67
-918.045	65
-922.629	57
-923.128	49
-921.851	63
-886.819	75
-911.93	52
-917.504	69
-921.404	50
-904.531	73
-914.839	76
-899.413	78
-920.772	58
-824.372	145
-892.188	83
-920.541	59
-921.156	59
-921.296	56
-884.501	94
-919.824	52
-879.964	92
-902.138	63
-894.784	82
-921.397	98
-921.328	86
-921.639	74
-921.715	84
-921.757	72
-912.76	51
-720.445	135
-921.703	55
-922.794	54
-901.449	60
-911.125	67
-918.591	76
-916.751	74
-921.674	61
-922.154	47
-922.401	58
-920.035	65
-922.526	46
-915.846	61
-880.374	81
-911.937	116
-897.694	65
-906.444	57
-914.483	63
-913.855	64
-923.339	49
-907.167	59
-922.93	53
-912.183	62
-890.11	63
-922.981	50
-885.244	71
-921.336	59
-918.249	65
-923.339	56
-923.208	47
-897.366	64
-920.423	79
-922.56	54
-843.027	126
-846.37	102
-876.841	94
-864.441	103
-919.62	66
-882.891	107
-888.903	58
-891.174	114
-798.26	124
-804.212	113
-919.767	71
-911.487	76
-920.426	62
-891.853	75
-921.319	59
-921.79	63
-922.178	61
-920.693	46
-910.847	72
-917.14	57
-909.478	77
-883.858	82
-921.756	63
-919.816	63
-918.548	70
-921.801	58
-906.248	58
-922.439	57
-805.607	119
-922.348	62
-922.146	63
-921.198	66
-912.129	91
-919.415	77
-705.004	147
-909.441	80
-908.434	61
-904.628	67
-865.652	93
-922.791	65
-923.03	60
-923.063	62
-913.017	52
-923.48	55
-923.482	56
-922.893	60
-923.473	55
-916.865	55
-923.282	48
-923.484	53
-882.655	61
-888.655	58
-892.969	77
-920.152	45
-832.463	78
-898.189	75
-904.79	83
-814.958	84
-858.915	84
-775.369	130
-870.181	114
-809.797	106
-643.24	167
-876.986	86
-701.511	175
-902.919	57
-791.947	125
-864.889	150
-920.251	70
-919.682	60
-900.858	65
-919.888	58
-721.493	105
-888.086	82
-867.983	95
-887.528	104
-917.52	66
-898.339	85
-918.776	61
-900.95	79
-846.838	82
-779.663	108
-687.607	436
-849.708	68
-806.129	121
-921.224	47
-896.109	79
-871.361	90
-841.774	98
-896.506	77
-919.65	50
-822.566	118
307.926	804
-922.123	52
-777.928	100
-920.622	66
-875.414	88
-911.794	59
-897.837	86
-922.39	46
-905.675	61
-685.82	116
-884.47	72
-918.192	63
-911.569	84
-866.71	78
-888.919	62
-881.525	104
-803.831	110
-907.76	106
-915.646	67
-859.971	141
-611.651	225
-858.088	73
-831.933	97
-885.315	100
-833.25	107
-836.254	105
-919.601	60
-785.141	123
-876.827	95
-921.643	59
-898.493	85
-862.885	112
-892.516	70
-914.511	77
-910.861	65
-865.412	102
-923.069	49
-831.256	85
-921.628	51
-871.882	71
-800.082	100
-798.029	88
-886.856	84
-909.865	67
-852.48	107
-904.911	84
-919.98	62
-726.195	143
-922.595	43
-884.714	83
-919.395	51
-794.64	107
-913.995	50
-744.126	116
-834.25	93
-842.938	101
-762.02	113
-694.526	112
-759.736	92
-836.961	70
-919.563	55
-914.715	56
-814.509	88
-804.74	103
-866.767	49
-862.594	93
-783.244	84
-591.104	157
-748.076	105
-836.933	134
-811.247	96
-774.64	131
-907.684	37
-817.677	106
-920.506	57
-642.411	148
-656.987	160
-714.437	126
-836.122	102
-917.229	77
-680.861	142
-853.323	99
-899.781	61
-903.373	56
-772.962	108
-619.997	154
-855.681	74
-674.06	181
-787.109	111
-819.721	99
-817.673	91
-773.237	101
-818.554	89
-766.76	114
-662.201	144
-728.524	123
-727.099	119
-845.078	60
-725.9	138
-820.755	88
-681.941	142
-869.157	76
-682.371	136
-920.427	62
-884.798	50
-709.089	142
-745.816	110
-659.804	148
-755.555	141
-767.952	129
-863.728	58
-813.853	88
-605.866	151
-835.079	97
-810.973	84
-759.807	125
-920.33	36
-621.141	148
-622.585	187
-688.872	164
-488.867	234
-729.049	153
-670.868	153
-777.134	108
-785.976	117
-727.463	156
-609.937	180
-589.273	204
-696.124	150
-404.781	265
-582.861	209
-780.692	113
-727.229	141
-787.684	131
-619.935	175
-726.77	104
-474.021	232
-745.002	177
-661.271	150
-812.748	89
-594.936	166
-638.087	178
-646.669	242
-744.879	171
-703.568	171
-834.471	110
-705.219	176
-594.438	201
-745.408	152
-707.385	171
-812.659	145
-594.027	188
-642.562	160
-605.761	173
-600.654	201
-560.944	198
-685.896	146
-656.491	177
-652.82	185
-583.9	175
-732.664	96
-725.255	175
-529.731	225
-805.052	101
-587.874	172
-805.007	129
-630.414	176
-613.961	138
-632.105	166
-773.652	85
-528.456	215
-745.131	95
-768.464	131
-785.631	137
-717.256	142
-863.874	61
-552.932	203
-536.531	191
-755.51	112
-863.155	49
-783.519	109
-628.509	148
-631.82	171
-507.51	232
-855.021	67
-772.738	99
-561.818	178
-572.91	207
-783.595	149
-624.626	159
-643.429	185
-806.718	115
-787.976	119
-766.337	136
-856.9	81
-738.011	147
-612.537	184
-813.065	65
-468.443	235
-616.419	200
-752.954	123
-623.876	165
-728.906	113
-604.494	182
-820.368	162
-756.58	116
-875.301	55
-760.426	116
-567.47	200
-810.565	168
-734.862	183
-751.961	99
-716.861	114
-764.448	153
-670.318	146
-271.062	358
-789.574	127
-742.439	133
-692.209	122
-668.44	168
-575.716	182
-413.146	235
-848.458	125
-847.868	67
-718.325	138
-847.297	56
-842.446	151
-673.26	146
-894.902	44
-858.644	122
-801.023	95
-699.889	152
-631.188	195
-782.462	125
-866.362	110
-869.282	107
-861.933	107
-865.896	104
-738.896	159
-644.564	188
-641.752	151
-680.142	139
-830.273	112
-826.33	129
-841.907	137
-821.992	165
-614.94	157
-837.814	105
-879.635	50
-747.894	125
-708.865	135
-590.246	177
-727.544	118
-783.314	128
-749.742	141
-658.771	176
-793.397	138
-823.2	148
-596.289	186
-734.946	162
-808.609	130
-834.362	143
-640.208	156
-873.367	53
-834.553	138
-695.449	157
-706.339	192
-517.096	201
-824.503	153
-627.776	203
-819.937	75
-814.114	118
-690.627	126
-520.871	208
-816.519	91
-744.853	174
-797.239	106
-815.186	98
-779.895	136
-793.836	98
-730.935	169
-777.435	114
-599.848	165
-775.607	101
-662.775	148
-468.887	247
-713.879	182
-765.103	114
-787.826	95
-705.257	131
-800.328	99
-823.539	105
-900.328	43
-717.508	109
-653.557	155
-747.845	124
-869.043	95
-788.918	141
-869.922	98
-791.127	141
-727.337	150
-829.357	128
-751.827	114
-869.254	96
-858.406	101
-856.401	111
-677.186	164
-825.58	114
-869.204	94
-713.4	155
-612.83	192
-742.78	136
-647.847	166
-753.311	123
-753.272	130
-595.985	179
-764.711	136
-799.889	94
-827.769	84
-665.014	143
-561.26	203
-531.096	230
-762.233	109
-775.024	111
-682.974	129
-763.136	117
-868.033	80
-459.774	244
-621.097	170
-817.458	99
-887.217	51
-649.681	152
-663.427	145
-678.458	134
-653.839	168
-381.656	273
-716.982	150
-928.01	30
-706.281	122
-784.89	134
-645.424	176
-700.495	148
-556.96	202
-694.792	190
-415.491	311
-685.88	134
-680.508	160
-820.828	117
-587.651	173
-628.912	168
-795.88	84
-641.53	156
-630.652	157
-609.933	202
-674.922	193
-693.239	150
-696.281	128
-620.294	172
-761.354	129
-711.841	166
-644.682	176
-603.57	194
-616.313	201
-718	125
-615.85	216
-823.502	120
-646.553	174
-742.787	111
-739.514	146
-734.281	115
-819.77	130
-762.966	152
-555.235	191
-588.578	171
-745.594	162
-831.705	136
-921.427	31
-611.708	162
-814.567	103
-596.606	195
-788.531	146
-841.28	144
-839.992	103
-751.097	93
-751.633	114
-855.138	90
-562.435	196
-759.884	126
-692.79	141
-759.387	117
-674.573	161
-793.649	148
-776.429	176
-829.034	133
-699.813	209
-793.794	124
-813.646	127
-735.435	174
-815.902	150
-761.021	137
-810.006	118
-602.533	198
-755.626	151
-774.596	138
-818.995	131
-634.128	152
-748.748	107
-753.5	118
-760.36	129
-503.984	218
-675.903	187
-628.193	186
-753.489	123
-618.562	177
-775.672	171
-557.182	204
-706.557	169
-834.587	102
-742.45	167
-625.571	159
-779.326	94
-611.865	191
-581.656	192
-503.908	245
-832.362	101
-537.988	217
-668.019	158
-558.955	210
-681.171	164
-711.583	151
-509.582	202
-665.058	148
-781.47	152
-830.228	133
-859.524	99
-576.592	205
-571.932	228
-691.909	149
-729.854	151
-791.131	97
-845.67	83
-878.301	72
-832.514	131
-768.458	133
-883.133	95
-632.685	172
-781.822	136
-858.458	97
-751.758	108
-831.142	117
-838.219	136
-540.854	204
-823.841	114
-759.848	151
-589.138	185
-846.575	119
-578.896	198
-829.848	128
-509.876	255
-805.021	143
-659.115	164
-602.27	176
-609.013	184
-627.617	166
-702.364	142
-709.273	147
-618.749	180
-758.038	113
-465.634	243
-817.937	125
-610.247	175
-647.033	192
-634.681	167
-652.149	146
-592.508	169
-649.013	174
-575.747	200
-562.867	193
-778.412	161
-605.76	180
-792.155	100
-796.762	128
-815.963	92
-660.845	143
-863.884	60
-704.939	155
-823.862	84
-675.392	135
-872.148	56
-853.32	99
-858.885	52
-600.816	206
-750.506	116
-516.145	221
-817.595	116
-743.854	112
-384.963	271
-526.596	212
-612.427	161
-811.061	151
-818.968	92
-757.775	149
-839.41	126
-715.309	122
-778.642	80
-633.692	199
-627.374	174
-711.747	198
-797.031	95
-829.625	121
-674.348	138
-678.899	144
-596.171	169
-845.61	96
-891.532	41
-772.238	141
-826.189	115
-742.905	180
-652.421	159
-832.238	110
-454.379	248
-632.17	165
-817.372	93
-794.939	115
-648.917	147
-698.612	189
-834.475	113
-609.465	162
-770.322	137
-780.095	165
-786.347	110
-761.9	118
-642.779	175
-627.066	173
-788.347	104
-709.672	110
-760.103	122
-723.493	189
-840.689	59
-919.526	31
-693.93	141
-781.783	130
-688.41	155
-767.896	86
-748.199	143
-715.628	111
-755.108	131
-562.983	190
-730.987	167
-715.166	127
-783.272	136
-562.743	210
-775.736	180
-822.814	130
-819.85	121
-746.5	169
-688.263	203
-710.09	188
-768.981	151
-787.05	158
-784.333	96
-906.885	39
-758.159	89
-812.172	130
-643.509	154
-784.412	151
-764.386	161
-768.676	128
-576.815	181
-652.37	144
-626.219	170
-760.448	157
-783.226	140
-895.857	47
-840.295	119
-866.848	56
-824.993	79
-728.968	155
-590.707	187
-783.853	116
-722.055	180
-900.361	41
-704.462	192
-633.666	159
-811.735	109
-615.221	170
-734.593	116
-800.142	102
-877.564	50
-682.148	131
-857.165	78
-700.386	114
-576.174	198
-554.119	194
-638.895	165
-522.266	197
-773.608	84
-891.834	46
-617.408	147
-776.841	97
-556.496	204
-639.796	168
-656.678	171
-726.623	131
-692.771	124
-784.056	94
-562.967	189
-798.358	137
-718.985	130
-854.62	78
-486.916	244
-767.715	139
-539.393	253
-569.429	194
-588.486	203
-688.072	129
-759.475	111
-633.487	172
-859.488	85
-674.841	188
-773.398	118
-744.743	135
-676.813	148
-535.573	204
-652.012	162
-581.424	191
-726.547	148
-799.837	92
-567.269	198
-583.767	193
-633.648	185
-812.09	109
-807.643	116
-557.38	201
-685.17	156
-590.168	205
-771.99	115
-647.798	150
-682.41	135
-719.211	165
-562.156	184
-742.164	101
-503.445	218
-801.983	74
-752.187	130
-696.725	115
-854.266	95
-759.032	92
-768.715	115
-489.79	216
-703.561	122
-597.962	203
-558.533	192
-735.47	127
-749.6	139
-480.642	223
-578.641	227
-818.229	115
-681.273	147
-550.379	205
-474.974	233
-660.614	172
-815.955	139
-700.2	168
-763.833	131
-473.075	244
-772.525	110
-725.505	147
-787.467	99
-755.317	105
-737.586	142
-652.218	148
-621.007	166
-620.567	177
-632.621	175
-748.266	132
-673.512	138
-666.773	148
-692.239	205
-793.691	94
-806.021	144
-760.911	156
-711.126	143
-840.274	129
-716.82	173
-739.597	173
-631.252	163
-805.11	109
-666.503	175
-595.573	191
-686.16	131
-672.739	161
-702.253	143
-539.943	200
-610.612	157
-753.449	163
-811.836	94
-550.405	215
-383.665	309
-679.763	148
-799.886	150
-652.484	187
-731.056	141
-772.296	101
-501.951	222
-706.532	165
-650.827	151
-856.431	98
-620.865	169
-479.902	239
-607.873	173
-556.153	197
-575.575	194
-651.818	167
-647.475	187
-596.654	181
-635.446	173
-735.439	134
-644.512	175
-767.293	167
-618.27	159
-864.285	95
-657.517	143
-737.461	110
-782.879	133
-696.839	162
-606.102	188
-613.286	188
-580.123	196
-697.211	136
-809.517	120
-759.377	138
-536.264	201
-558.117	183
-489.356	234
-794.027	90
-836.098	133
-791.828	145
-818.97	116
-637.421	174
-722.896	137
-775.439	126
-829.669	84
-757.58	138
-795.843	130
-712.196	147
-864.297	82
-443.742	243
-863.088	71
-663.942	192
-640.128	154
-800.253	119
-749.261	127
-758.473	134
-598.935	179
-737.114	125
-675.371	133
-665.278	173
-765.575	118
-594.93	178
-844.088	126
-647.762	158
-625.647	152
-806.008	116
-713.171	134
-843.344	102
-787.365	101
-662.443	203
-485.336	237
-693.68	145
-758.609	147
-523.975	215
-585.99	186
-788.365	89
-711.088	159
-563.866	197
-588.106	197
-572.588	192
-857.059	114
-637.014	178
-635.206	163
-629.387	172
-815.679	93
-654.626	147
-849.395	59
-534.355	214
-725.443	109
-823.83	71
-879.322	54
-820.594	74
-765.308	111
-758.092	107
-527.318	222
-782.27	80
-454.579	227
-689.784	139
-509.6	221
-481.192	213
-835.048	119
-618.479	228
-492.69	243
-792.139	76
-411.274	264
-744.349	130
-443.389	234
-590.565	235
-589.696	192
-611.696	173
-438.558	253
-797.656	90
-522.862	225
-790.198	134
-463.314	233
-584.522	187
-610.779	171
-776.217	140
-668.599	163
-678.002	196
-675.401	156
-649.686	182
-628.808	153
-431.042	277
-614.665	193
-649.675	156
-751.07	137
-788.068	159
-779.173	148
-697.476	155
-456.676	256
-575.753	181
-569.307	186
-612.533	188
-577.796	187
-788.147	126
-871.131	114
-750.715	148
-581.402	216
-584.835	186
-809.448	102
-748.01	121
-569.29	188
-644.252	157
-636.398	166
-853.364	86
-677.665	174
-798.358	93
-770.088	114
-827.064	85
-878.291	95
-788.019	122
-875.989	89
-547.472	209
-834.846	118
-837.705	82
-659.798	143
-774.451	112
-637.644	159
-800.142	92
-732.777	166
-736.609	137
-670.846	184
-770.521	127
-718.193	141
-519.236	235
-684.848	149
-766.595	119
-660.228	167
-648.103	164
-809.153	105
-673.846	159
-712.076	133
-748.97	108
-705.838	140
-719.841	121
-705.45	123
-569.521	219
-581.592	192
-816.651	120
-738.009	127
-835.94	96
-654.453	188
-830.567	107
-598.99	175
-740.189	159
-849.839	99
-564.828	226
-809.896	114
-767.308	162
-823.512	121
-699.613	155
-801.405	114
-795.293	117
-700.163	179
-767.161	124
-849.548	113
-650.997	158
-859.633	69
-694.091	178
-785.671	131
-735.728	124
-776.099	124
-767.426	124
-497.268	242
-592.994	191
-723.413	155
-514.06	217
-788.464	112
-671.271	159
-537.476	206
-826.314	97
-763.302	151
-572.735	181
-731.291	149
-837.057	102
-681.208	145
-456.376	233
-722.896	186
-543.172	256
-633.319	185
-779.54	142
-545.329	204
-571.841	201
-588.245	207
-827.369	126
-567.674	176
-777.886	146
-547.293	187
-713.801	180
-564.68	192
-542.425	224
-792.439	126
-736.696	118
-584.164	173
-695.562	156
-738.508	130
-698.754	124
-559.41	197
-676.104	149
-500.176	210
-600.941	194
-750.897	160
-746.375	185
-739.685	122
-762.45	151
-782.248	113
-753.004	110
-443.432	226
-772.492	121
-652.698	181
-836.557	79
-660.284	166
-700.959	175
-748.917	150
-769.799	135
-830.407	127
-799.526	150
-860.955	94
-734.69	134
-813.612	147
-706.101	155
-749.778	178
-746.404	154
-814.6	116
-831.804	109
-581.76	189
-655.809	174
-703.705	135
-748.258	105
-690.268	144
-830.609	131
-821.545	143
-584.761	182
-841.835	109
-754.637	131
-599.636	169
-755.561	160
-804.894	142
-871.052	108
-780.899	154
-752.6	138
-608.734	200
-852.424	120
-697.3	161
-820.943	128
-701.877	166
-862.879	106
-808.175	115
-825.039	130
-800.503	146
-849.06	106
-859.592	94
-860.148	102
-724.019	119
-715.375	202
-825.553	130
-669.63	175
-816.639	135
-812.118	138
-786.075	137
-787.133	148
-813.8	132
-788.757	157
-836.648	133
-608.596	171
-597.594	215
-502.66	231
-847.774	110
-825.037	127
-701.177	168
-859.556	122
-789.784	150
-531.984	219
-619.354	202
-798.418	147
-814.241	137
-839.378	113
-722.24	144
-707.908	149
-604.873	194
-672.583	165
-580.133	215
-838.051	112
-835.477	119
-561.901	207
-859.373	122
-865.263	102
-843.401	121
-835.799	117
-669.235	164
-678.092	156
-749.361	160
-532.499	232
-759.311	167
-845.331	111
-703.226	166
-826.623	115
-854.011	90
-713.598	138
-791.028	115
-801.656	117
-824.531	139
-750.446	156
-864.943	90
-784.542	140
-675.581	154
-636.918	173
-565.872	190
-668.642	190
-671.808	180
-848.576	122
-543.052	231
-845.205	110
-808.637	146
-800.636	152
-809.038	150
-460.214	264
-708.249	151
-583.937	232
-762.48	137
-819.119	137
-808.118	93
-550.859	208
-646.921	170
-519.209	255
-851.388	133
-706.798	163
-768.692	183
-637.512	186
-670.317	201
-538.394	230
-632.08	194
-692.75	171
-511.018	223
-518.142	218
-870.488	82
-801.583	122
-768.05	115
-753.412	142
-801.788	152
-530.716	218
-752.057	168
-633.699	181
-511.14	260
-570.369	208
-677.531	172
-525.352	245
-872.99	87
-617.565	171
-830.5	118
-850.837	128
-578.617	196
-865.606	96
-590.396	184
-622.268	190
-692.418	162
-817.565	144
-692.695	168
-570.729	196
-604.437	174
-855.763	134
-860.884	110
-842.706	127
-853.811	129
-849.924	121
-820.517	147
-792.106	141
-701.376	134
-606.815	193
-707.314	176
-805.905	147
-838.103	158
-782.632	153
-842.54	132
-778.351	155
-802.457	135
-716.661	184
-875.442	101
-809.055	128
-813.003	124
-793.919	149
-855.12	104
-846.564	140
-747.316	152
-823.093	126
-611.476	188
-868.102	100
-669.896	187
-782.706	150
-781.791	200
-675.893	182
-707.621	123
-792.352	144
-793.772	134
-866.723	93
-727.691	158
-683.014	166
-697.445	166
-581.416	197
-781.989	112
-787.75	150
-673.181	171
-738.184	178
-762.288	172
-693.864	129
-597.159	188
-635.926	156
-653.598	187
-744.816	132
-700.038	144
-596.602	190
-831.484	112
-678.068	155
-631.388	177
-787.101	131
-807.652	140
-827.044	133
-605.397	191
-782.17	156
-786.963	145
-785.385	152
-829.232	135
-855.241	127
-764.826	147
-832.332	133
-822.732	138
-773.94	111
-858.634	107
-596.499	182
-770.461	141
-776.24	131
-799.62	161
-792.273	144
-728.754	129
-693.934	149
-617.225	205
-672.315	216
-837.772	138
-709.352	165
-816.093	134
-740.67	186
-811.582	133
-850.245	125
-511.948	217
-608.658	196
-812.023	156
-801.336	148
-843.228	107
-863.574	131
-664.397	150
-615.205	194
-765.304	155
-837.008	120
-780.541	139
-807.032	138
-813.519	139
-862.242	105
-870.972	74
-827.516	140
-866.085	116
-815.304	134
-855.294	127
-714.872	140
-865.79	113
-760.52	170
-717.597	135
-843.196	124
-829.221	126
-726.811	150
-630.757	175
-519.369	209
-821.014	154
-634.992	209
-565.445	233
-791.203	137
-858.25	119
-820.788	133
-800.929	137
-823.48	138
-809.864	141
-868.502	103
-564.688	198
-586.434	181
-812.059	143
-813.486	117
-848.956	134
-820.109	143
-736.027	186
-801.545	169
-820.248	138
-759.51	163
-833.843	126
-847.942	130
-821.439	146
-809.271	151
-749.773	175
-827.539	123
-816.077	135
-805.664	151
-792.537	162
-721.383	131
-712.087	135
-734.999	159
-761.584	166
-815.743	97
-799.449	149
-808.956	137
-856.045	140
-865.972	129
-762.785	133
-835.287	113
-847.347	132
-817.465	125
-834.875	123
-754.7	177
-640.557	166
-665.727	172
-745.382	138
-867.854	89
-751.286	105
-768.286	138
-744.799	174
-707.82	136
-838.745	138
-704.134	148
-624.545	181
-837.715	130
-682.946	166
-652.58	193
-836.438	137
-763.566	134
-777.446	164
-860.774	127
-638.096	213
-854.254	192
-781.204	170
-822.861	170
-683.285	177
-483.768	262
-852.729	131
-818.398	130
-851.453	130
-768.283	158
-665.854	152
-675.061	163
-546.322	205
-850.549	136
-718.705	141
-819.06	138
-503.439	237
-829.177	137
-806.623	151
-694.429	207
-828.499	148
-863.821	109
-728.425	184
-778.361	152
-861.734	101
-773.357	164
-852.037	107
-864.128	93
-769.99	167
-861.038	97
-872.816	105
-705.411	170
-746.581	167
-863.139	108
-770.549	169
-867.624	111
-857.881	99
-710.597	176
-785.909	160
-799.425	181
-752.512	173
-821.76	145
-829.134	144
-670.634	177
-862.073	108
-666.072	202
-809.392	175
-843.301	127
-836.495	126
-764.01	151
-736.186	180
-796.133	129
-840.847	113
-865.015	102
-843.065	103
-807.076	132
-776.112	177
-797.602	156
-774.221	154
-859.866	96
-818.903	77
-824.195	117
-838.504	131
-734.342	128
-779.736	145
-848.926	125
-787.23	103
-729.554	148
-697.842	183
-753.415	168
-780.181	148
-738.82	133
-824.353	134
-812.976	153
-837.758	133
-638.313	200
-656.009	172
-734.348	169
-839.548	123
-845.527	113
-669.543	174
-763.068	162
-827.451	150
-656.37	184
-718.486	130
-615.211	193
-599.443	209
-779.906	140
-684.115	234
-783.989	150
-587.991	208
-789.763	164
-860.269	115
-843.554	135
-672.262	162
-778.599	152
-707.717	139
-857.016	110
-770.394	153
-690.868	161
-860.552	107
-803.085	156
-841.783	139
-825.113	158
-639.495	170
-726.955	176
-762.012	149
-845.656	136
-791.172	147
-833.076	125
-707.276	195
-779.273	152
-688.977	180
-524.414	222
-786.293	114
-563.786	192
-799.442	161
-731.586	172
-569.988	213
-850.29	123
-841.705	134
-768.865	160
-859.06	113
-812.956	146
-687.697	175
-841.448	107
-849.739	125
-847.763	129
-864.73	112
-719.245	147
-816.827	136
-864.248	91
-591.717	186
-826.402	130
-602.587	197
-703.864	144
-853.713	143
-794.864	167
-800.811	168
-845.724	109
-839.926	129
-864.854	116
-804.072	137
-824.541	127
-806.072	172
-845.892	121
-831.559	127
-829.473	140
-851.94	99
-839.677	121
-870.21	109
-766.005	167
-721.637	199
-812.235	183
-840.4	116
-557.986	218
-862.757	114
-703.334	180
-821.394	135
-802.362	164
-816.442	136
-572.458	235
-858.514	113
-586.004	203
-781.906	176
-856.971	107
-645.22	176
-706.902	143
-676.331	168
-819.325	137
-533.362	217
-832.772	129
-800.086	157
-863.47	125
-821.88	136
-840.549	139
-707.425	172
-796.277	142
-541.79	199
-660.476	158
-837.659	132
-661.306	178
-726.377	188
-781.76	140
-827.653	117
-811.515	137
-826.94	144
-822.071	141
-849.748	125
-491.726	237
-814.838	142
-775.8	157
-863.758	99
-757.218	130
-857.827	108
-827.474	141
-804.145	95
-706.043	161
-865.082	99
-765.195	135
-730.145	149
-759.803	168
-862.854	113
-699.079	144
-743.057	172
-743.88	175
-620.383	217
-844.431	115
-809.9	141
-828.858	139
-783.509	176
-819.639	144
-777.377	178
-756.319	176
-708.646	149
-826.139	129
-818.48	130
-817.747	138
-807.887	159
-847.875	135
-829.363	139
-849.947	121
-862.78	107
-845.647	134
-856.399	118
-817.792	156
-841.078	133
-728.198	180
-810.536	153
-825.377	145
-831.4	131
-811.452	119
-792.623	140
-809.064	144
-828.24	126
-844.802	114
-704.716	137
-639.221	157
-779.016	176
-847.566	126
-703.218	207
-848.029	130
-845.646	113
-840.423	132
-853.916	112
-772.403	138
-852.822	133
-689.348	217
-784.451	165
-842.27	137
-775.676	160
-826.447	151
-682.836	180
-835.267	149
-843.911	145
-805.303	138
-807.389	173
-693.494	173
-783.411	174
-865.213	98
-700.45	229
-786.401	102
-850.927	113
-859.5	107
-791.632	153
-829.285	133
-643.872	151
-803.978	138
-792.36	186
-783.249	173
-723.585	274
-815.662	154
-809.611	144
-673.513	246
-823.411	144
-580.022	194
-795.332	114
-849.696	137
-786.976	176
-846.438	124
-853.731	125
-840.557	134
-840.796	128
-795.55	198
-794.362	129
-858.063	117
-711.47	209
-573.392	219
-809.934	134
-762.573	152
-792.405	122
-819.674	103
-778.788	163
-843.444	122
-848.44	102
-752.26	174
-734.022	161
-808.628	140
-868.803	107
-820.556	139
-754.184	174
-857.264	114
-774.094	173
-772.918	172
-812.468	145
-821.258	126
-819.011	153
-806.881	150
-749.538	185
-699.868	273
-750.045	171
-792.122	128
-759.654	174
-743.394	179
-812.812	187
-695.631	203
-708.617	217
-674.12	215
-819.631	124
-608.954	235
-852.645	111
-836.752	144
-849.08	128
-816.864	149
-849.537	121
-520.205	203
-793.262	152
-829.032	140
-679.656	167
-852.884	131
-820.33	131
-787.213	125
-822.175	148
-805.427	167
-816.579	178
-787.257	196
-790.187	152
-840.629	134
-662.738	211
-820.075	161
-760.704	156
-790.899	138
-775.331	161
-645.126	162
-804.423	147
-764.449	134
-820.134	134
-851.602	105
-753.33	153
-780.578	147
-835.14	134
-866.209	137
-801.882	173
-823.502	142
-833.676	129
-652.316	181
-824.479	126
-831.335	153
-601.565	182
-792.776	159
-811.859	151
-772.833	166
-866.445	116
-705.395	193
-817.611	143
-810.392	128
-506.22	238
-733.367	194
-816.544	149
-715.799	152
-595.799	186
-759.592	176
-790.135	167
-749.98	186
-797.003	144
-695.656	144
-775.377	157
-830.445	135
-764.314	178
-787.577	178
-751.028	193
-737.706	137
-848.893	114
-681.826	182
-700.648	201
-842.416	119
-845.603	119
-565.382	201
-799.212	158
-834.304	122
-839.081	161
-627.277	195
-782.759	155
-810.582	143
-832.523	137
-652.164	189
-834.012	132
-824.018	136
-682.693	187
-780.864	173
-538.944	206
-864.927	100
-858.926	105
-862.605	123
-854.252	111
-464.608	238
-844.224	136
-796.853	102
-843.509	109
-831.925	137
-837.764	127
-800.453	140
-801.266	143
-803.724	137
-809.401	145
-779.017	156
-810.769	151
-818.315	136
-731.917	123
-686.131	210
-783.915	161
-719.172	156
-780.306	159
-807.799	146
-628.695	199
-753.66	173
-836.03	119
-801.599	140
-836.045	126
-825.85	131
-803.947	146
-752.899	195
-816.288	133
-523.511	226
-764.491	146
-696.73	175
-779.148	123
-772.393	162
-735.194	199
-864.885	107
-861.178	134
-792.593	162
-812.841	110
-803.791	164
-849.751	140
-833.896	139
-830.457	152
-736.814	164
-554.904	230
-820.603	126
-784.65	151
-822.101	128
-797.565	158
-845.913	119
-829.551	130
-835.862	109
-592.523	196
-671.757	136
-627.991	172
-805.695	143
-795.482	154
-796.432	152
-761.155	137
-781.649	121
-654.143	167
-838.264	127
-743.857	169
-794.737	147
-758.606	211
-839.035	131
-801.578	148
-728.174	201
-807.4	147
-736.678	198
-802.659	128
-800.794	141
-608.144	227
-844.45	124
-722.378	120
-840.197	106
-764.9	163
-730.782	168
-654.586	187
-664.73	157
-812.413	151
-743.618	175
-755.571	149
-522.955	223
-802.853	134
-825.388	131
-823.451	162
-660.824	148
-776.928	175
-710.22	164
-859.683	105
-831.013	122
-647.701	179
-817.785	158
-734.713	170
-785.661	130
-784.46	159
-786.075	152
-735.324	194
-829.234	123
-606.589	200
-742.365	117
-789.559	150
-823.677	137
-594.055	196
-604.508	199
-783.298	163
-583.769	222
-576.257	194
-814.198	137
-855.923	112
-821.897	127
-849.898	123
-705.868	153
-825.931	135
-803.488	148
-554.884	196
-813.152	146
-808.106	157
-807.644	153
-851.767	110
-833.124	144
-776.19	161
-819.443	135
-674.279	153
-561.879	201
-720.796	138
-769.687	156
-717.919	172
-783.049	153
-812.102	143
-755.685	190
-741.976	179
-699.027	161
-750.218	193
-737.683	176
-716.057	158
-780.889	139
-819.069	147
-510.781	210
-802.488	144
-811.599	143
-853.142	120
-848.249	123
-796.56	153
-851.66	104
-835.763	127
-808.919	152
-788.228	128
-793.923	160
-827.292	133
-670.808	169
-678.593	192
-864.187	99
-751.106	162
-840.085	146
-824.39	131
-537.603	229
-819.921	143
-840.515	135
-850.186	122
-821.302	135
-812.939	135
-831.979	124
-769.313	157
-745.776	161
-760.074	104
-731.007	145
-778.973	166
-813.636	159
-732.905	186
-808.303	164
-759.675	176
-764.59	155
-767.675	115
-817.939	155
-863.376	104
-851.338	141
-746.443	174
-813.433	150
-760.822	194
-718.766	203
-866.317	115
-770.692	162
-242.233	353
-769.286	131
-812.264	147
-750.286	181
-814.609	142
-633.916	222
-783.426	159
-810.504	179
-816.007	154
-700.994	163
-845.855	138
-806.464	174
-856.614	141
-821.492	140
-831.593	175
-847.432	157
-715.263	201
-814.724	152
-851.321	128
-855.317	157
-762.884	176
-770.428	143
-824.842	164
-749.359	121
-776.089	122
-789.81	179
-694.226	189
-821.88	151
-825.006	142
-828.359	135
-723.217	143
-811.84	157
-778.789	166
-849.165	118
-845.241	118
-747.521	134
-835.762	137
-832.383	155
-766.756	172
-664.582	192
-812.686	146
-912.952	72
-846.286	66
-882.585	98
-904.345	90
-709.384	144
-833.541	66
-755.477	106
-670.22	146
-499.567	260
-836.292	68
-672.167	147
-601.742	153
-753.058	136
-530.176	208
-649.026	179
-768.38	135
-601.635	202
-605.237	204
-812.939	144
-652.776	166
-675.384	178
-767.927	120
-554.889	193
-547.124	232
-725.093	157
-849.894	94
-819.62	72
-574.866	179
-912.1	39
-758.949	151
-634.219	166
-637.085	151
-729.91	176
-596.666	175
-853.075	66
-667.647	160
-766.21	103
-672.538	136
-792.741	104
-695.385	125
-751.048	111
-789.483	93
-687.465	133
-680.942	133
-424.235	267
-860.195	61
-680.66	146
-615.23	158
-850.125	79
-683.487	167
-779.799	93
-852.569	71
-728.514	114
-654.265	142
-722.163	117
-648.402	156
-792.201	84
-228.556	367
-714.214	133
-644.663	151
-761.837	89
-595.617	164
-776.891	111
-556.251	186
-555.982	199
-873.765	60
-679.751	146
-660.987	133
-729.8	134
-721.734	148
-916.076	68
-842.686	68
-688.405	178
-860.907	85
-676.81	153
-838.108	74
-842.158	68
-923.813	51
-503.327	229
-633.715	157
-608.707	172
-645.708	156
-862.574	81
-836.083	103
-794.811	109
-632.843	146
-748.75	103
-838.541	97
-802.781	104
-646.153	155
-768.92	99
-566.612	174
-728.834	142
-662.191	146
-820.073	94
-576.826	195
-833.67	67
-703.991	127
-659.032	148
-575.917	186
-678.857	149
-553.845	185
-594.117	177
-640.203	155
-719.335	151
-631.699	167
-702.715	119
-386.374	247
-884.348	49
-767.709	147
-588.53	191
-628.498	172
-652.181	138
-855.187	63
-863.568	87
-737.028	119
-851.157	84
-832.11	78
-819.578	128
-740.607	114
-772.019	104
-785.701	94
-808.474	110
-758.721	124
-820.215	78
-607.819	173
-711.406	111
-710.971	123
-668.12	155
-547.654	213
-637.522	149
-823.659	69
-800.583	110
-603.637	176
-835.063	66
-592.528	162
-562.111	176
-562.477	193
-890.399	71
-834.387	64
-683.722	143
-620.503	167
-750.1	142
-657.3	147
-531.127	228
-460.168	284
-558.066	198
-702.219	150
-601.67	160
-543.707	204
-512.484	229
-803.817	100
-557.434	204
-600.269	193
-758.115	190
-822.625	82
-830.134	90
-782.43	143
-826.763	158
-775.614	106
-637.986	203
-679.816	135
-798.458	98
-777.486	170
-587.488	190
-588.105	182
-888.667	46
-829.157	109
-630.023	175
-796.864	154
-828.597	77
-826.963	81
-621.935	188
-852.777	56
-676.572	155
-862.422	131
-624.033	161
-650.401	163
-764.696	103
-454.015	273
-753.027	146
-778.634	147
-348.073	308
-582.244	157
-895.021	78
-856.272	60
-764.016	119
-555.88	184
-538.718	194
-744.555	118
-475.344	218
-554.032	191
-614.633	190
-641.913	155
-677.421	142
-873.741	54
-654.945	145
-807.657	84
-711.104	118
-590.744	183
-866.152	69
-553.481	197
-594.52	161
-842.17	73
-907.271	39
-403.952	250
-745.043	136
-892.8	45
-613.829	155
-707.968	141
-632.845	161
-555.583	206
-811.129	88
-707.261	114
-650.943	140
-822.238	99
-683.08	141
-726.533	109
-695.025	137
-888.18	50
-738.767	152
-612.834	158
-626.717	171
-776.793	95
-607.643	197
-735.093	137
-642.57	182
-689.269	123
-672.447	162
-811.355	88
-682.015	145
-619.114	193
-731.512	114
-876.974	57
-891.98	46
-825.516	103
-801.054	150
-564.349	205
-798.027	109
-521.463	229
-618.287	171
-613.143	184
-739.188	128
-809.868	93
-735.063	100
-701.158	122
-689.579	146
-607.233	202
-652.128	148
-718.404	133
-569.469	203
-724.725	113
-810.457	121
-773.557	112
-774	111
-628.736	149
-691.782	135
-602.201	155
-661.969	161
-802.515	105
-688.252	136
-767.855	113
-570.497	240
-823.395	114
-622.354	149
-603.711	177
-888.138	46
-603.472	163
-690.929	127
-717.011	123
-774.439	98
-687.171	137
-666.756	149
-726.67	123
-699.978	128
-550.878	197
-789.199	110
-712.324	122
-727.582	108
-672.737	148
-784.588	93
-901.051	79
-759.608	98
-728.727	101
-922.252	48
-922.381	56
-837.381	88
-721.033	122
-680.223	146
-497.323	242
-688.618	135
-731.444	136
-800.236	89
-738.63	127
-774.227	84
-721.605	100
-913.073	33
-614.31	165
-621.92	170
-814.959	79
-727.469	106
-648.839	158
-802.599	101
-745.615	102
-745.11	99
-645.705	171
-849.123	87
-806.008	108
-582.095	174
-673.914	144
-522.368	207
-606.684	196
-724.68	122
-668.99	133
-606.423	165
-843.607	92
-740.027	109
-812.251	79
-908.967	34
-574.171	231
-667.099	163
-727.558	121
-859.698	56
-761.395	101
-678.227	124
-914.114	41
-588.512	189
-766.752	115
-558.941	194
-881.457	65
-712.967	136
-772.206	110
-651.804	172
-402.182	292
-745.705	107
-399.242	268
-682.812	142
-900.469	41
-903.254	72
-630.479	172
-368.151	252
-666.797	160
-639.921	143
-623.755	180
-695.594	125
-675.158	132
-822.658	82
-571.761	193
-793.226	95
-742.334	132
-761.064	92
-788.283	143
-637.671	152
-662.093	166
-667.706	177
-545.344	222
-834.269	67
-536.961	193
-781.324	144
-446.838	241
-735.062	112
-778.548	100
-930.415	38
-567.158	181
-866.245	66
-810.572	105
-687.978	161
-564.066	230
-659.261	151
-603.979	166
-854.853	104
-608.239	155
-752.4	115
-695.664	147
-789.434	75
-742.322	130
-732.692	146
-744.112	129
-511.445	185
-526.374	223
-753.404	159
-735.49	130
-463.79	270
-882.912	83
-599.495	203
-584.441	165
-662.684	151
-668.343	175
-840.929	83
-697.277	183
-538.93	187
-749.858	120
-746.621	110
-798.277	132
-818.839	105
-803.773	168
-581.571	185
-870.205	52
-645.941	177
-744.189	119
-541.491	220
-549.429	175
-920.869	79
-866.002	104
-617.718	162
-636.433	138
-686.026	134
-661.923	152
-679.85	131
-706.582	134
-799.805	120
-660.316	163
-594.864	172
-742.418	121
-792.186	100
-546.413	194
-757.924	102
-851.005	75
-806.075	95
-507.762	235
-700.973	150
-445.156	256
-560.27	192
-689.393	136
-587.174	174
-875.551	76
-702.432	131
-850.88	74
-575.287	204
-779.273	108
-701.532	126
-790.528	115
-758.048	118
-664.37	154
-683.945	137
-783.339	99
-620.786	169
-759.008	88
-529.907	205
-528.053	195
-867.933	57
-876.518	93
-399.609	253
-687.07	182
-590.154	216
-793.133	95
-522.852	230
-837.613	64
-580.492	178
-688.035	176
-458.374	239
-689.633	198
-539.392	194
-756.006	171
-834.67	76
-887.821	66
-619.479	187
-712.552	167
-757.24	121
-833.993	91
-443.304	230
-614.056	174
-584.807	177
-509.962	204
-612.831	168
-603.895	175
-750.595	125
-744.87	118
-779.269	112
-767.353	120
-439.202	272
-625.075	162
-560.57	191
-711.462	117
-735.009	128
-893.389	53
-685.624	128
-842.589	72
-833.656	101
-714.531	109
-729.626	132
-649.01	155
-815.58	90
-661.843	150
-613.949	159
-780.764	101
-617.321	179
-559.068	181
-902.56	74
-743.731	129
-834.953	84
-658.765	133
-588.728	185
-500.709	226
-661.765	127
-685.63	129
-593.763	200
-679.509	132
-703.33	107
-764.789	96
-730.962	105
-833.021	76
-769.044	133
-834.971	83
-697.719	135
-720.89	132
-493.709	202
-621.735	177
-456.412	214
-439.579	256
-660.676	153
-586.619	190
-521.52	206
-679.975	137
-678.203	134
-653.771	139
-725.474	130
-786.217	95
-607.013	212
-545.591	201
-901.022	43
-600.929	177
-692.72	145
-639.694	161
-585.811	156
-707.946	112
-695.009	121
-603.803	196
-596.967	191
-545.442	233
-763.387	122
-563.765	182
-668.138	143
-488.963	222
-778.567	91
-680.493	150
-781.638	105
-681.005	141
-869.842	67
-817.512	104
-571.689	212
-430.79	244
-661.213	141
-526.003	194
-696.641	139
-650.539	136
-594.166	172
-872.583	56
-828.987	95
-674.895	129
-810.159	104
-585.501	190
-766.744	103
-714.415	134
-680.893	148
-720.95	160
-580.177	179
-787.273	119
-566.325	184
-611.302	158
-589.315	172
-246.8	320
-718.411	123
-446.782	271
-585.654	170
-660.147	168
-496.259	218
-669.31	160
-815.034	95
-838.248	72
-868.019	58
-513.511	204
-823.889	110
-744.263	112
-620.734	167
-732.601	122
-604.105	178
-872.133	59
-557.454	173
-517.34	181
-818.557	90
-789.763	98
-610.026	189
-708.606	110
-831.698	89
-822.077	99
-700.997	122
-820.827	78
-816.846	109
-482.349	257
-628.541	154
-709.833	129
-844.881	63
-907.995	38
-880.161	59
-523.257	203
-662.246	159
-745.982	143
-576.836	220
-730.234	111
-858.813	83
-767.14	90
-710.466	119
-665.298	127
-615.276	146
-666.512	144
-746.098	99
-671.479	135
-526.063	204
-813.065	71
-641.065	173
-692.309	142
-794.296	88
-708.752	130
-643.344	156
-896.98	45
-910.815	59
-645.665	181
-701.994	155
-579.295	169
-732.311	127
-848.848	83
-751.339	134
-687.018	134
-875.872	88
-581.012	177
-657.611	151
-824.979	109
-829.787	95
-900.888	62
-668.465	158
-846.303	116
-815.931	103
-777.031	90
-822.945	114
-646.087	146
-494.227	232
-666.5	130
-773.021	129
-581.125	192
-758.424	160
-527.006	194
-616.1	160
-749.567	121
-634.689	134
-361.17	253
-761.679	107
-561.456	180
-528.464	231
-440.452	225
-730.536	150
-719.691	154
-709.986	169
-681.65	206
-679.112	174
-695.243	202
-820.081	120
-744.897	161
-840.169	130
-650.797	171
-811.986	135
-648.082	171
-821.474	123
-630.006	191
-624.235	242
-810.372	110
-651.208	183
-688.939	170
-729.626	147
-789.108	111
-658.863	179
-777.756	140
-714.416	152
-582.582	208
-746.853	160
-822.653	118
-765.06	131
-868.217	108
-657.411	187
-752.907	134
-781.946	129
-817.845	122
-692.695	197
-840.404	115
-792.988	133
-684.263	157
-759.618	140
-875.224	88
-588.599	194
-766.954	141
-817.078	123
-672.581	184
-774.717	141
-777.432	111
-716.429	136
-690.028	167
-808.673	108
-705.816	152
-843.454	100
-664.276	183
-756.525	143
-617.085	232
-781.469	112
-536.491	234
-470.166	245
-476.157	231
-812.426	79
-669.432	166
-787.462	136
-510.965	224
-719.026	105
-753.747	167
-636.72	193
-705.209	126
-724.955	149
-554.184	203
-500.707	226
-837.067	124
-396.904	255
-761.084	128
-799.758	144
-735.315	194
-616.887	211
-708.958	153
-539.697	188
-790.867	106
-728.981	162
-674.411	175
-782.262	102
-648.141	179
-640.51	165
-835.081	118
-600.606	185
-683.253	156
-759.586	151
-663.389	158
-521.866	240
-654.445	183
-734.583	132
-677.625	152
-657.915	148
-564.421	211
-355.068	297
-688.713	167
-641.617	196
-653.195	152
-337.225	314
-689.02	137
-813.83	90
-642.556	177
-694.602	201
-731.304	152
-617.181	206
-759.611	107
-573.383	209
-534.889	214
-518.939	246
-585.929	207
-870.281	53
-548.432	201
-645.091	164
-698.647	145
-471.816	243
-767.984	151
-800.666	114
-865.962	122
-740.951	159
-751.476	146
-584.451	212
-645.427	199
-728.754	141
-498.534	241
-660.515	153
-695.447	171
-785.037	115
-583.007	206
-711.133	144
-608.858	212
-605.103	202
-846.762	112
-678.694	157
-808.075	132
-629.848	188
-684.312	160
-667.009	151
-656.69	162
-696.484	136
-526.62	216
-807.87	139
-634.975	158
-640.704	164
-735.133	137
-750.99	126
-673.651	207
-582.78	180
-778.201	125
-685.626	137
-607.27	186
-795.506	116
-613.457	194
-714.509	167
-772.831	124
-706.898	156
-762.783	150
-476.599	232
-835.695	91
-572.905	189
-656.54	209
-598.598	212
-773.657	99
-684.508	161
-715.51	155
-764.074	120
-684.46	159
-611.087	186
-814.776	89
-788.604	117
-615.028	171
-568.177	183
-544.344	213
-720.895	164
-654.977	151
-773.264	127
-551.108	186
-609.043	194
-593.388	201
-618.147	182
-630.662	177
-653.987	155
-787.618	131
-830.387	80
-775.801	116
-670.717	179
-754.494	113
-673.602	169
-580.296	214
-833.105	86
-697.085	141
-591.074	194
-638.36	178
-759.484	156
-683.518	167
-799.685	125
-681.571	155
-668.696	154
-434.432	248
-607.629	164
-750.418	143
-747.786	145
-583.141	197
-491.466	229
-731.549	121
-625.066	186
-531.558	241
-741.838	114
-711.837	163
-656.37	154
-697.566	148
-561.549	201
-522.425	233
-728.706	159
-669.021	180
-542.68	216
-370.772	295
-666.333	159
-696.958	141
-721.743	152
-713.102	165
-560.304	196
-524.391	208
-678.624	159
-604.15	210
-801.279	98
-495.71	235
-705.792	161
-750.587	131
-733.997	136
-700.116	151
-750.383	117
-785.668	154
-706.062	158
-589.567	189
-469.235	244
-540.343	211
-633.229	184
-574.835	212
-690.6	150
-665.404	168
-703.521	158
-749.611	147
-723.989	150
-738.099	122
-539.957	199
-602.881	204
-813.718	93
-597.7	192
-751.213	180
-763.079	123
-563.459	199
-703.556	129
-671.654	189
-431.149	259
-623.8	176
-766.291	105
-838.252	134
-714.099	147
-599.935	168
-790.116	84
-763.788	113
-738.938	136
-767.198	111
-775.105	141
-606.809	202
-694.795	183
-704.231	122
-699.018	127
-664.158	167
-746.745	116
-654.942	156
-644.062	177
-682.798	129
-749.921	135
-590.759	173
-594.151	177
-647.901	153
-639.321	200
-571.803	206
-644.324	147
-623.332	161
-751.809	188
-473.348	267
-765.635	172
-588.505	174
-581.75	209
-799.194	86
-804.514	136
-595.246	220
-466.265	241
-575.354	221
-661.469	209
-656.677	148
-686.636	141
-554.983	186
-609.288	170
-741.678	108
-865.655	51
-482.36	228
-714.543	138
-681.002	173
-702.399	160
-660.766	157
-625.958	183
-679.262	145
-785.246	130
-586.809	183
-505.004	251
-825.424	112
-801.119	104
-572.057	205
-504.812	224
-805.722	88
-534.915	242
-460.861	266
-506.398	232
-657.689	175
-583.416	171
-562.475	184
-486.288	227
-522.576	213
-800.279	82
-762.987	132
-691.731	142
-708.534	141
-445.102	246
-736.172	111
-745.465	154
-684.629	153
-780.151	137
-660.027	139
-548.752	215
-650.887	184
-598.933	208
-682.107	164
-673.064	183
-820.331	119
-593.654	213
-528.511	250
-559.052	204
-800.833	88
-677.381	164
-413.356	281
-615.44	167
-738.966	126
-641.247	158
-606.549	168
-690.328	137
-576.087	200
-808.143	115
-400.993	288
-672.17	148
-583.535	196
-509.59	229
-514.751	236
-755.305	114
-572.12	194
-712.216	136
-741.26	108
-720.356	152
-635.76	173
-610.501	184
-616.028	168
-717.807	196
-727.962	123
-581.879	215
-450.918	234
-752.693	178
-704.833	125
-452.634	260
-728.283	125
-557.412	220
-633.52	187
-601.578	185
-661.268	147
-623.476	166
-685.086	163
-565.032	261
-842.44	103
-654.336	155
-452.083	277
-680.794	149
-771.769	91
-740.837	139
-867.067	107
-524.738	237
-913.245	76
-615.433	171
-674.261	145
-303.963	307
-529.541	212
-636.692	194
-547.068	255
-401.853	260
-626.298	186
-511.369	241
-781.268	123
-697.911	133
-727.397	163
-763.775	107
-619.494	168
-617.326	185
-814.657	100
-653.682	163
-724.507	146
-553.494	199
-778.963	113
-713.674	157
-446.522	242
-684.615	176
-603.948	199
-501.735	228
-702.532	116
-772.4	133
-552.582	215
-559.591	200
-788.888	100
-549.544	227
-493.786	235
-777.874	106
-624.704	186
-849.926	126
-581.392	193
-667.147	183
-649.92	173
-852.519	117
-594.515	180
-697.254	162
-500.638	270
-578.442	207
-791.083	105
-580.157	223
-677.565	138
-182.351	346
-569.944	238
-746.003	158
-691.879	156
-648.258	180
-923.613	55
-695.907	135
-852.049	98
-660.467	150
-911.599	37
-639.527	183
-555.362	207
-451.209	256
-539.796	249
-524.72	256
-598.953	212
-786.11	137
-689.372	138
-743.01	149
-701.863	148
-539.056	205
-662.152	165
-518.418	214
-578.273	213
-539.522	196
-548.278	211
-592.043	188
-501.454	230
-363.177	311
-729.59	172
-585.793	166
-850.665	69
-521.631	250
-875.911	106
-527.388	205
-766.257	123
-641.803	201
-778.04	102
-609.244	162
-784.6	117
-853.785	84
-816.519	75
-589.306	195
-804.481	129
-812.633	102
-767.291	120
-797.056	123
-821.633	89
-662.666	159
-842.308	119
-748.223	135
-778.291	140
-631.964	160
-528.567	218
-862.645	104
-702.502	164
-755.311	146
-704.147	129
-540.851	196
-878.514	96
-577.271	203
-852.241	103
-790.511	144
-858.033	96
-744.923	131
-815.531	90
-687.488	118
-588.999	207
-572.387	197
-784.908	152
-705.326	162
-625.332	161
-613.355	169
-766.066	146
-706.174	138
-767.499	117
-603.171	187
-801.669	109
-812.843	141
-520.842	212
-680.874	130
-605.071	202
-771.411	112
-658.61	129
-787.581	117
-732.662	157
-727.408	118
-704.935	149
-795.237	133
-688.064	136
-657.191	149
-802.125	88
-597.613	180
-670.904	170
-656.196	173
-821.042	101
-449.47	262
-570.036	177
-817.617	72
-677.637	132
-627.182	175
-626.19	165
-561.772	218
-574.098	197
-564.737	184
-750.726	116
-849.121	121
-635.317	151
-598.098	163
-897.442	42
-718.093	133
-710.127	135
-629.607	170
-647.275	144
-691.746	143
-654.397	143
-795.488	110
-580.403	196
-701.344	144
-721.106	111
-600.054	174
-595.207	174
-794.134	82
-724.096	128
-425.386	298
-715.875	141
-580.304	179
-823.417	92
-762.612	115
-822.324	93
-632.741	172
-862.801	55
-768.851	123
-563.362	191
-593.519	180
-746.558	96
-620.668	162
-693.053	121
-671.056	129
-888.293	42
-654.342	159
-761.925	112
-515.178	232
-752.172	143
-535.351	198
-692.053	137
-630.594	168
-694.21	144
-489.938	227
-793.273	102
-820.398	74
-712.083	125
-579.77	188
-636.584	154
-711.218	124
-445.903	239
-649.375	167
-665.311	137
-417.108	269
-717.826	134
-792.419	120
-571.051	195
-510.364	206
-817.156	107
-817.305	78
-723.943	120
-906.019	75
-518.389	217
-910.566	79
-818.992	112
-613.034	183
-647.946	180
-564.122	230
-902.012	65
-757.508	134
-597.459	169
-536.063	211
-684.05	166
-546.068	206
-536.974	213
-600.951	182
-621.359	163
-756.732	117
-770.127	140
-711.586	125
-599.881	183
-656.597	151
-602.272	158
-668.227	155
-699.602	151
-569.139	182
-895.326	69
-803.121	115
-624.589	161
-476.218	248
-630.995	153
-690.066	143
-712.905	114
-609.622	219
-738.591	159
-800.312	139
-785.865	155
-736.479	128
-634.747	159
-600.919	237
-487.212	200
-635.96	140
-628.057	157
-667.984	170
-830.575	98
-745.546	103
-806.707	96
-695.808	144
-639.522	161
-560.43	188
-605.887	179
-489.453	249
-419.176	284
-658.597	160
-691.985	163
-700.202	177
-661.119	179
-387.014	314
-635.018	167
-461.136	279
-715.851	143
-639.014	166
-518.333	207
-767.628	157
-456.991	241
-702.583	164
-834.929	104
-719.056	149
-585.443	227
-803.327	132
-614.996	196
-586.819	209
-615.154	172
-669.108	235
-653.225	159
-693.731	143
-904.749	82
-647.886	197
-801.039	120
-693.133	160
-449.413	258
-708.28	183
-627.103	193
-756.756	112
-807.097	117
-741.95	115
-462.345	253
-624.503	183
-624.276	169
-579.416	199
-526.635	239
-653.989	139
-714.028	126
-818.788	84
-671.65	132
-746.637	158
-785.905	87
-592.379	203
-758.864	127
-545.651	225
-830.06	91
-539.643	217
-636.394	155
-804.055	137
-686.374	166
-534.63	188
-749.465	127
-732.795	142
-679.603	133
-421.147	245
-689.787	138
-622.081	185
-630.045	183
-763.034	103
-593.765	193
-725.521	130
-447.528	246
-502.781	226
-611.917	174
-729.318	153
-583.954	200
-487.16	254
-610.67	187
-783.562	113
-756.463	146
-804.298	85
-634.136	167
-645.507	177
-615.778	165
-559.172	212
-872.168	70
-618.346	192
-796.241	94
-589.555	177
-561.307	187
-657.077	174
-748.355	135
-511.174	228
-654.758	154
-637.743	152
-710.943	146
-217.636	389
-907.707	80
-638.023	176
-826.062	77
-857.696	108
-848.39	92
-639.262	183
-602.44	205
-474.322	245
-520	197
-587.396	161
-471.947	231
-765.526	110
-638.066	142
-684.414	168
-808.796	196
-833.407	158
-574.365	181
-853.462	82
-835.961	141
-730.208	138
-595.522	181
-648.184	155
-732.987	169
-622.825	168
-638.806	156
-817.807	156
-813.632	75
-563.968	199
-598.385	178
-822.338	95
-890.75	66
-854.907	89
-729.711	167
-795.027	183
-691.776	130
-828.886	141
-600.675	195
-719.723	163
-753.43	154
-544.772	224
-796.854	153
-774.677	114
-722.706	174
-727.679	120
-630.11	168
-503.132	232
-579.277	175
-488.763	276
-622.894	183
-790.212	101
-635.367	183
-840.966	71
-664.215	185
-529.326	220
-709.307	149
-646.836	148
-606.277	212
-822.439	93
-626.465	212
-664.518	162
-890.91	51
-885.746	75
-811.632	106
-616.661	170
-635.765	179
-729.78	146
-771.329	130
-852.519	78
-499.273	238
-577.209	171
-759.53	130
-754.898	98
-863.912	88
-709.537	155
-808.587	87
-650.534	157
-772.638	133
-730.362	155
-778.464	113
-743.38	123
-835.369	86
-704.906	150
-787.985	88
-782.105	158
-676.599	138
-783.778	133
-817.792	154
-682.394	142
-791.894	92
-596.885	161
-742.97	132
-773.17	89
-644.649	174
-566.952	177
-646.746	157
-505.471	237
-547.441	198
-348.023	447
-636.482	167
-862.97	83
-618.327	169
-635.913	223
-757.789	118
-835.415	131
-702.71	159
-751.142	132
-462.534	247
-792.146	105
-739.337	112
-622.914	166
-672.606	142
-606.498	174
-664.009	139
-610.152	179
-894.154	73
-738.51	120
-565.09	187
-695.381	165
-683.594	143
-531.863	197
-618.425	170
-764.617	119
-446.575	206
-733.085	122
-793.964	101
-659.237	185
-420.094	249
-857.256	95
-388.189	275
-392.413	271
-562.307	209
-595.358	181
-922.664	65
-852.263	109
-886.17	93
-856.114	65
-842.897	117
-782.935	127
-782.708	110
-708.528	163
-849.311	120
-880.874	82
-849.737	136
-794.462	126
-703.928	171
-879.615	52
-719.738	217
-634.494	190
-733.297	145
-709.451	137
-853.718	115
-666.179	160
-784.978	97
-922.831	61
-716.139	129
-815.147	143
-739.893	127
-482.071	256
-399.582	250
-516.705	208
-499.502	294
-611.345	186
-884.407	70
-643.156	156
-922.249	74
-694.944	159
-684.767	128
-721.966	121
-651.34	149
-600.246	219
-683.015	129
-788.217	94
-808.978	77
-855.176	77
-769.318	123
-641.138	188
-699.006	158
-712.24	141
-759.984	127
-714.237	130
-278.79	301
-855.105	61
-666.061	143
-681.86	139
-468.932	203
-468.471	236
-320.021	301
-658.523	164
-442.323	230
-545.562	212
-720.886	140
-659.574	171
-841.545	78
-734.181	143
-548.202	185
-667.621	169
-852.989	62
-745.073	118
-545.573	183
-233.758	345
-843.965	80
-769	95
-622.526	170
-554.709	210
-578.846	178
-686.944	142
-673.33	151
-518.478	196
-689.756	135
-529.397	207
-751.249	129
-662.411	157
-867.563	61
-505.649	221
-691.122	135
-913.891	70
-837.341	99
-660.654	147
-486.881	229
-619.637	181
-860.34	81
-758.323	131
-334.496	296
-625.97	166
-251.106	330
-704.437	135
-824.334	110
-848.932	99
-741.311	109
-690.372	131
-812.476	101
-306.175	316
-733.89	125
-881.687	61
-795.347	113
-484.651	240
-399.738	265
-753.611	113
-695.349	139
-558.594	182
-884.89	77
-643.812	152
-746.662	112
-597.693	198
-677.569	168
-812.411	87
-844.14	77
-590.744	172
-707.767	117
-729.481	128
-578.695	194
-808.267	116
-721.276	140
-318.711	271
-704.358	163
-811.74	132
-601.478	183
-632.388	169
-690.48	154
-441.163	230
-615.84	177
-573.419	181
-613.393	189
-743.854	179
-719.52	189
-758.307	147
-817.508	76
-693.216	150
-820.519	121
-757.728	127
-255.788	312
-784.555	193
-732.984	117
-413.171	255
-465.301	249
-841.772	135
-634.354	219
-789.996	179
-646.596	175
-570.207	192
-813.408	131
-666.506	149
-310.873	296
-741.32	136
-807.191	112
-833.383	82
-844.046	114
-611.483	195
-569.449	199
-753.395	112
-809.877	147
-817.044	135
-837.474	135
-489.851	251
-475.098	222
-818.577	138
-556.899	216
-689.944	132
-772.075	164
-542.767	315
-775.944	124
-795.18	181
-801.495	152
-781.356	99
-794.422	120
-823.169	81
-755.427	161
-706.221	120
-752.094	170
-823.431	71
-774.603	103
-700.648	140
-725.199	173
-698.227	231
-539.365	195
-496.186	243
-535.683	206
-802.052	113
-771.926	100
-601.932	235
-756.618	111
-691.66	151
-599.954	189
-619.514	156
-512.277	230
-509.306	209
-803.071	125
-654.578	138
-791.795	166
-686.642	149
-488.44	211
-638.242	150
-652.069	153
-596.678	231
-481.995	231
-851.806	69
-842.68	80
-562.102	177
-724.694	118
-164.929	407
-483.51	260
-544.499	218
-659.713	134
-539.002	188
-800.746	164
-608.579	181
-694.938	126
-542.784	207
-715.614	116
-772.16	100
-750.005	140
-712.32	139
-756.71	95
-759.155	112
-548.482	220
-536.93	199
-791.424	103
-729.653	176
-759.907	113
-800.399	128
-483.686	262
-656.972	184
-455.343	280
-836.645	100
-363.031	296
-715.88	127
-655.457	158
-679.735	127
-714.277	118
-859.027	85
-857.166	111
-749.465	146
-652.155	170
-835.791	75
-586.718	185
-756.787	114
-863.404	69
-603.72	183
-668.736	206
-715.731	163
-560.809	225
-766.851	133
-480.856	270
-443.989	261
-445.314	281
-577.038	182
-869.76	114
-819.103	86
-891.411	73
-805.678	94
-901.841	65
-819.037	92
-868.518	112
-714.698	153
-549.619	201
-853.595	102
-839.058	79
-830.855	99
-719.836	148
-829.788	102
-716.522	142
-801.337	132
-754.374	116
-795.244	88
-749.201	128
-637.778	183
-923.853	52
-883.995	94
-530.575	202
-811.339	102
-900.568	74
-775.291	133
-631.894	160
-698.292	153
-812.661	100
-653.299	181
-837.081	158
-665.427	153
-856.072	100
-688.032	189
-745.281	132
-773.989	150
-872.906	63
-634.729	166
-786.931	128
-735.114	160
-888.226	79
-914.496	51
-859.387	100
-828.683	111
-847.096	95
-899.487	80
-857.903	100
-771.341	126
-715.336	182
-806.84	141
-815.945	119
-710.914	169
-826.104	143
-750.041	137
-713.934	147
-704.016	179
-782.151	147
-771.085	144
-723.621	146
-710.015	151
-836.659	120
-552.073	241
-541.833	236
-736.778	151
-717.801	142
-635.726	199
-583.889	208
-673.004	176
-871.681	81
-767.706	134
-718.492	172
-738.663	203
-716.258	151
-635.625	196
-654.77	196
-784.511	151
-788.316	147
-800.435	147
-714.467	179
-765.106	145
-753.488	143
-557.264	259
-731.972	133
-653.683	178
-654.341	170
-791.443	122
-603.559	212
-777.54	157
-604.762	185
-699.084	220
-686.588	167
-720.479	183
-797.802	108
-693.586	156
-866.726	109
-814.703	104
-647.861	171
-681.264	148
-485.954	245
-519.238	214
-465.096	219
-693.344	169
-677.713	163
-790.677	145
-735.95	149
-854.019	77
-662.94	190
-717.48	139
-799.749	99
-699.461	198
-798.358	105
-700.012	222
-697.757	180
-373.227	318
-660.68	199
-722.424	168
-551.678	209
-719.116	201
-856.95	95
-799.494	176
-735.692	198
-794.878	133
-640.029	147
-619.539	168
-705.511	144
-661.006	217
-736.494	137
-627.578	183
-596.577	214
-805.528	151
-730.579	161
-690.671	180
-699.275	170
-736.447	116
-691.807	141
-597.713	211
-680.615	197
-654.217	172
-853.212	113
-741.5	180
-837.258	112
-853.419	64
-627.739	176
-724.657	196
-654.194	222
-818.762	130
-835.301	129
-776.489	115
-693.163	145
-785.626	136
-652.379	171
-808.563	95
-637.773	175
-577.899	207
-699.464	114
-756.693	133
-731.2	151
-717.73	138
-700.898	128
-831.636	71
-615.764	159
-607.596	160
-677.441	147
-855.661	80
-737.651	142
-595.505	157
-803.48	103
-608.913	181
-769.211	99
-699.992	146
-484.676	235
-582.526	190
-808.949	111
-693.447	122
-826.824	93
-532.389	204
-725.359	161
-878.508	118
-759.224	113
-402.879	255
-722.768	110
-816.515	84
-799.272	243
-884.462	118
-861.493	175
-587.216	195
-884.808	99
-585.602	187
-867.528	155
-574.449	163
-624.17	150
-516.615	194
-714.545	176
-470.319	226
-603.256	185
-316.721	322
-377.265	277
-752.889	194
-854.519	96
-743.663	186
-881.031	124
-666.137	197
-610.243	179
-808.465	110
-788.364	112
-740.62	109
-586.652	170
-871.637	85
-632.679	144
-540.137	219
-662.059	139
-674.804	145
-745.409	126
-621.592	208
-873.03	74
-830.712	129
-695.422	154
-604.359	202
-774.331	141
-702.875	131
-465.883	278
-636.117	173
-748.201	157
-749.305	123
-765.207	125
-802.463	151
-731.917	143
-603.625	190
-709.879	167
-741.505	154
-644.863	203
-683.74	184
-564.219	214
-711.164	174
-721.447	147
-662.32	198
-687.912	162
-683.106	196
-700.181	155
-644.686	178
-718.473	167
-815.002	82
-651.892	178
-641.136	157
-765.232	175
-690.546	120
-790.712	96
-839.089	69
-618.689	161
-808.852	82
-734.297	155
-722.391	149
-707.444	172
-741.537	151
-636.408	200
-716.716	159
-628.069	202
-682.229	156
-741.729	142
-744.302	143
-602.692	200
-741.703	141
-578.971	225
-727.512	128
-708.271	119
-566.521	187
-729.439	130
-601.645	178
-593.539	193
-679.485	158
-563.569	215
-599	198
-559.667	209
-711.308	123
-733.472	133
-460.745	245
-620.871	181
-577.512	232
-639.319	147
-712.944	198
-813.904	97
-387.903	285
-460.46	272
-843.103	75
-543.259	204
-565.512	190
-570.253	262
-764.593	121
-549.268	218
-766.998	140
-726.958	159
-743.961	151
-823.083	116
-740.703	142
-574.423	184
-865.615	92
-686.476	180
-705.94	169
-626.519	222
-753.992	121
-704.06	144
-711.743	161
-790.8	106
-687.764	161
-758.368	126
-869.274	93
-686.54	159
-675.876	171
-693.466	146
-869.721	75
-674.904	164
-613.241	204
-741.639	160
-694.242	153
-767.108	143
-731.679	177
-648.594	148
-841.032	68
-555.04	231
-874.666	85
-383.683	281
-329.473	280
-600.36	192
-473.736	247
-469.952	283
-624.672	193
-797.128	164
-765.776	117
-612.921	174
-603.06	202
-806.062	148
-584.431	205
-868.647	68
-688.481	195
-695.286	161
-652.572	201
-509.174	258
-425.66	272
-541.123	205
-464.279	255
-609.154	204
-599.913	180
-589.783	166
-426.23	244
-365.852	319
-462.607	253
-280.656	312
-772.986	127
-755.537	143
-688.213	140
-753.34	123
-551.407	202
-610.194	190
-679.473	137
-491.515	255
-600.635	227
-819.993	91
-861.583	118
-732.431	121
-555.029	204
-692.587	121
-704.447	158
-502.424	236
-827.799	73
-636.603	183
-588.901	240
-753.241	148
-660.047	173
-527.325	220
-535.462	199
-825.295	75
-626.781	170
-560.457	232
-610.603	180
-735.258	148
-736.611	175
-710.973	145
-522.735	221
-615.168	185
-666.679	166
-700.37	158
-585.009	230
-625.965	174
-447.964	234
-697.211	142
-717.762	109
-472.755	226
-813.729	114
-607.833	200
-765.398	136
-354.54	282
-462.911	240
-742.845	112
-576.564	197
-671.839	177
-488.142	241
-783.874	101
-624.601	211
-503.426	245
-871.719	69
-759.214	141
-568.191	232
-753.645	107
-583.861	173
-787.781	140
-672.576	138
-813.08	111
-685.159	175
-385.564	286
-612.364	212
-557.062	221
-597.97	213
-720.688	149
-796.801	149
-637.643	192
-778.001	170
-773.352	145
-716.58	144
-746.653	142
-684.804	156
-761.841	121
-756.88	121
-670.132	147
-457.596	234
-818.318	102
-786.258	108
-689.081	150
-800.304	126
-826.48	106
-582.578	200
-683.586	146
-773.459	101
-696.473	141
-885.657	62
-784.842	95
-772.372	125
-584.499	200
-703.198	150
-747.945	156
-475.856	257
-753.259	156
-724.053	149
-706.944	172
-648.56	200
-781.162	140
-758.459	141
-530.649	286
-745.44	138
-633.942	201
-513.205	229
-674.6	166
-684.881	155
-660.668	188
-774.279	129
-791.92	129
-677.621	229
-534.005	248
-802.14	117
-480.282	208
-679.628	180
-661.86	204
-525.116	254
-638.175	185
-847.464	69
-777.396	107
-668.221	151
-479.575	243
-708.024	144
-476.329	269
-806.545	120
-489.462	271
-722.569	152
-765.791	149
-808.892	99
-645.94	177
-784.099	113
-705.012	116
-752.867	117
-493.711	208
-538.771	232
-558.572	199
-556.18	212
-577.549	207
-730.068	154
-529.072	248
-717.811	128
-781.216	118
-801.211	131
-578.925	204
-574.004	203
-498.024	256
-505.693	251
-476.207	245
-485.983	262
-509.393	252
-426.225	253
-708.597	169
-605.553	196
-565.543	223
-550.173	205
-560.199	259
-651.44	190
-499.025	272
-600.591	173
-625.681	182
-614.131	182
-716.967	136
-653.18	170
-719.418	115
-531.016	216
-764.464	170
-709.891	176
-735.725	171
-856.769	62
-596.24	203
-608.166	211
-576.524	198
-837.76	107
-461.194	248
-619.144	184
-732.152	132
-693.411	176
-765.181	90
-849.431	66
-404.605	254
-798.71	118
-693.287	116
-618.502	172
-606.59	176
-434.037	260
-740.833	157
-744.98	121
-829.979	107
-838.526	126
-646.557	147
-705.264	137
-783.651	123
-822.864	146
-618.503	181
-679.732	169
-690.075	161
-828.337	84
-426.751	261
-849.245	67
-531.226	219
-792.23	96
-492.358	224
-660.939	151
-882.607	64
-644.728	182
-809.999	81
-649.238	162
-759.494	130
-666.575	185
-548.656	194
-355.647	282
-878.883	57
-553.569	207
-636.749	175
-636.716	174
-803.223	101
-810.724	109
-617.828	174
-547.085	198
-721.809	112
-783.718	130
-629.815	157
-691.899	147
-832.175	78
-557.567	202
-593.322	245
-548.185	216
-607.84	174
-772.841	126
-764.151	130
-653.529	189
-778.199	142
-812.875	118
-635.841	181
-741.439	140
-801.94	122
-839.71	120
-688.233	164
-803.123	131
-769.401	139
-791.816	112
-776.278	122
-558.941	239
-731.873	178
-710.221	174
-842.312	95
-713.017	153
-801.614	113
-684.58	168
-762.022	159
-672.804	175
-702.246	180
-811.073	130
-671.17	146
-549.182	204
-800.925	115
-697.919	131
-595.762	175
-745.005	108
-783.383	111
-670.441	165
-776.081	178
-736.92	137
-781.081	161
-781.512	143
-614.901	159
-554.936	183
-804.045	112
-749.609	103
-842.32	91
-515.833	225
-831.262	70
-318.968	298
-667.362	152
-559.914	189
-659.165	156
-693.642	124
-632.712	165
-672.992	133
-825.819	75
-835.914	67
-704.339	129
-678.087	147
-811.045	94
-535.058	243
-858.756	52
-740.41	153
-756.087	125
-522.001	184
-773.501	103
-571.781	200
-732.482	137
-587.801	181
-766.131	123
-713.076	118
-731.711	149
-825.57	77
-796.031	91
-796.677	87
-776.633	95
-660.233	147
-508.93	227
-615.118	177
-689.177	136
-836.648	103
-566.159	175
-646.67	156
-887.518	90
-683.849	141
-696.46	150
-699.37	115
-768.029	106
-772.839	112
-583.714	174
-820.801	82
-845.324	92
-696.273	127
-767.182	118
-658.888	172
-530.582	213
-416.062	252
-740.111	131
-701.995	165
-656.095	145
-629.402	201
-840.045	96
-706.868	135
-787.519	111
-629.224	177
-621.291	164
-793.492	121
-792.386	101
-743.387	142
-638.004	147
-764.591	101
-871.114	52
-743.442	112
-810.618	103
-693.255	157
-913.401	55
-715.655	150
-795.841	101
-731.82	127
-850.522	72
-507.797	206
-425.17	281
-849.595	103
-851.016	80
-503.628	219
-825.993	78
-665.874	121
-848.835	78
-736.846	116
-850.742	77
-724.599	135
-887.54	69
-820.148	102
-747.187	122
-766.748	115
-755.735	109
-394.892	253
-474.931	254
-887.88	52
-552.964	194
-622.019	163
-719.392	136
-824.294	84
-861.929	79
-772.421	112
-697.331	126
-914.323	52
-704.765	121
-620.586	190
-613.636	142
-722.147	124
-723.634	131
-743.647	123
-602.771	178
-756.484	166
-735.495	108
-710.526	135
-887.487	88
-927.532	65
-501.064	197
-640.104	166
-587.122	193
-822.938	81
-677.349	143
-560.785	223
-671.775	141
-860.053	78
