3000,3000,3000,3000,3000,3000,3000,3000,3000
3000,3000,3000,3000,3000,3000,3000,3000,3000
3000,3000,3000,3000,3000,3000,3000,3000,3000
2059.9,2059.79,2060.29,2060.3,2060.33,2060.13,2060.18,2059.68,2060.29
1154.07,1152.64,1144.99,1151.6,1145.96,1685.3,1155.58,1159.91,1159.8
-334.094,-380.706,-356.115,-358.983,-364.109,-367.674,-352.79,-351.47,1645.93
-852.285,-831.985,-836.56,-795.689,-843.679,-811.068,1902.51,-801.01,-835.197
1738.64,1738.77,1909.49,1738.4,1736.68,1738.63,1738.6,1738.5,1739.27
1749.32,1749.25,2024.57,1749.34,1749.38,1749.31,1749.13,1749.4,1749.48
1771.63,1771.91,1771.89,1771.92,1771.88,1771.89,1771.91,1771.92,1797.99
2620.97,2621.97,2621.71,2621.45,2622.31,2620.97,2622.61,2622.48,2622.13
3000,3000,3000,3000,3000,3000,3000,3000,3000
3000,3000,3000,3000,3000,3000,3000,3000,3000
3000,3000,3000,3000,3000,3000,3000,3000,3000
3000,3000,3000,3000,3000,3000,3000,3000,3000
3000,3000,3000,3000,3000,3000,3000,3000,3000
3000,3000,3000,3000,3000,3000,3000,3000,3000
1479.88,1475.13,1480.16,1479.31,1589.33,1480.68,1479.18,1477.79,1480.5
-966.611,-962.895,-964.654,-977.564,-965.544,-967.606,-958.886,1630.85,-962.121
-957.859,-929.333,-937.149,-932.544,-938.83,-937.927,1963.12,-943.068,-933.534
2059.64,-237.708,-276.35,-262.115,-269.394,-256.562,-219.74,-288.071,-270.792
1770.92,1770.83,2290.46,1771.02,1771.13,1771.19,1770.59,1770.97,1771.08
1772.58,1772.61,1772.7,1772.57,1772.34,2368.08,1772.7,1772.98,1772.69
1798.44,1798.5,1798.45,1798.34,1798.53,2092.44,1798.52,1798.25,1798.51
2713.53,2712.89,2713.77,2714,2713.19,2712.71,2712.84,2712.36,2711.91
3000,3000,3000,3000,3000,3000,3000,3000,3000
3000,3000,3000,3000,3000,3000,3000,3000,3000
3000,3000,3000,3000,3000,3000,3000,3000,3000
3000,3000,3000,3000,3000,3000,3000,3000,3000
3000,3000,3000,3000,3000,3000,3000,3000,3000
3000,3000,3000,3000,3000,3000,3000,3000,3000
1274.4,1401.75,1272.97,1273.77,1275.69,1273.68,1274.06,1273.56,1272.3
-933.616,-944.408,-918.382,1637.18,-942.269,-937.938,-938.515,-932.175,-946.468
-943.482,-931.053,-932.664,-927.464,-915.852,-904.551,-923.231,-919.449,1791.67
-236.538,1902.44,-223.578,-234.537,-238.981,-231.936,-243.27,-225.301,-226.219
1796.29,1796.06,2315.62,1796.17,1796.28,1796.72,1796.26,1796.28,1795.75
1812.7,1812.88,1812.92,1812.89,1812.84,2221.42,1812.88,1812.92,1813.22
1889.26,1889.47,1889.46,1889.38,1889.24,1889.29,1889.28,1889.45,2481.77
2831.3,2830.08,2831.23,2830.71,2829.95,2831.31,2831.82,2830.29,2830.89
3000,3000,3000,3000,3000,3000,3000,3000,3000
3000,3000,3000,3000,3000,3000,3000,3000,3000
3000,3000,3000,3000,3000,3000,3000,3000,3000
3000,3000,3000,3000,3000,3000,3000,3000,3000
3000,3000,3000,3000,3000,3000,3000,3000,3000
3000,3000,3000,3000,3000,3000,3000,3000,3000
1872.96,1872.98,1872.9,1872.96,1872.88,1872.35,1885.45,1872.86,1872.2
-390.712,-402.923,-393.971,-387.626,-403.65,-399.634,2134.78,-385.943,-387.632
-521.178,1996.09,-522.586,-547.693,-535.585,-552.05,-535.172,-523.134,-535.87
1389.47,1387.49,1384.51,1383.97,1385.85,1385.11,2102.58,1390.8,1385.87
1839.65,1839.86,1839.93,1840,1839.59,2868.87,1839.8,1839.51,1839.79
1855.52,1855.26,2763.98,1855.23,1855.46,1855.47,1855.42,1855.47,1855.47
2014.29,2014.08,2079.55,2014.25,2014.23,2014.01,2014.16,2013.93,2014.24
2910.91,2911.6,2912.29,2910.78,2911.68,2911.31,2911.08,2910.4,2911.24
3000,3000,3000,3000,3000,3000,3000,3000,3000
3000,3000,3000,3000,3000,3000,3000,3000,3000
3000,3000,3000,3000,3000,3000,3000,3000,3000
3000,3000,3000,3000,3000,3000,3000,3000,3000
3000,3000,3000,3000,3000,3000,3000,3000,3000
3000,3000,3000,3000,3000,3000,3000,3000,3000
2154.87,2154.64,2154.79,2154.72,2154.83,2154.48,2154.9,2154.45,2151.04
1191.46,1193.77,1190.09,1852.05,1187.48,1190.7,1188.14,1189.53,1187.47
1842.45,1842.38,1839.43,1842.48,1842.47,2269.56,1842.49,1842.19,1849.97
1837.85,1835.63,3281.9,1837.47,1837.07,1837.76,1837.91,1837.82,1837.65
1871.63,1869.93,1870.75,1870.09,1870.56,1870.18,1870.24,1870.24,4930.02
1952.86,1948.93,6106.78,1914.95,1912.52,1925.01,1915.24,1932.03,1925.51
2172.28,2172.76,2172.67,2172.65,2172.34,2903.12,2172.27,2173.33,2172.61
2658.26,2658.15,2657.16,2657.48,2679.72,2658.16,2657.76,2657.05,2657.81
3000,3000,3000,3000,3000,3000,3000,3000,3000
3000,3000,3000,3000,3000,3000,3000,3000,3000
3000,3000,3000,3000,3000,3000,3000,3000,3000
3000,3000,3000,3000,3000,3000,3000,3000,3000
3000,3000,3000,3000,3000,3000,3000,3000,3000
3000,3000,3000,3000,3000,3000,3000,3000,3000
2006.28,2016.34,6449.83,2012.62,2030.7,2013.17,2002.52,2005.81,2028.27
1292.2,1293.3,1295.02,1295.27,1298.94,5803.29,1298.71,1286.83,1298.76
1475.32,1480.83,1504.09,1481.95,1470.18,1494.94,1471.6,1473.21,5850.4
1869.98,1958.59,1889.25,1862.14,1874.78,1863.64,1796.52,1870.05,6129.27
2359.99,2432.58,2576.21,2364.98,2489.12,2409.95,2207.82,2444.79,6096.45
2240.75,2317.15,2309.91,2240,2430.2,6098.95,2217.93,2232.54,2287.58
1160.01,6118.39,1180.9,1068.28,1173.39,1169.35,1080.29,1123.8,1258.33
2810.98,2810.59,2810.39,2808.88,5478.14,2811.24,2813.31,2811.23,2810.86
3000,3000,3000,3000,3000,3000,3000,3000,3000
3000,3000,3000,3000,3000,3000,3000,3000,3000
3000,3000,3000,3000,3000,3000,3000,3000,3000
3000,3000,3000,3000,3000,3000,3000,3000,3000
3000,3000,3000,3000,3000,3000,3000,3000,3000
3000,3000,3000,3000,3000,3000,3000,3000,3000
1981.17,1968.27,1968.64,1966.97,1969.31,5607.04,1968.61,1968.41,1968.05
681.75,688.066,705.679,706.094,684.382,690.078,663.513,699.821,6109.47
5788.41,1667.99,1665.28,1664.95,1658.11,1658.41,1651.45,1665.12,1658.68
2125.07,2066.32,2061.49,2121.13,2088.99,6079.04,2045.85,2044.55,2088.57
2339.88,2409.01,6073.86,2455.03,2476.94,2390.82,2387.02,2532.81,2380.11
6099.76,2206.68,2262,2074.37,2025.02,2165.04,2232.74,2287.38,2199.92
1668.66,1785.61,1838.35,6117.28,1686.03,1690.39,1718.65,1651.4,1722.67
2763.38,2762.54,2763.2,2763.39,5669.24,2763.76,2763.47,2762.8,2763.75
3000,3000,3000,3000,3000,3000,3000,3000,3000
3000,3000,3000,3000,3000,3000,3000,3000,3000
3000,3000,3000,3000,3000,3000,3000,3000,3000
3000,3000,3000,3000,3000,3000,3000,3000,3000
3000,3000,3000,3000,3000,3000,3000,3000,3000
3000,3000,3000,3000,3000,3000,3000,3000,3000
1075.04,1118.04,1108.87,1101.05,1074.93,6114.42,1089.88,1103.53,1074.57
-103.402,-49.123,-93.3236,14.6822,-34.8795,74.336,-203.544,-168.469,6112.39
1053.76,1083.21,964.514,951.06,1008.6,5864.35,913.11,921.846,1060.93
883.397,1031.48,1009.74,961.277,6085.85,899.047,1025.99,872.277,962.144
1236.71,6097.59,1195.12,1128.37,1253.19,1239.68,1204.79,1232.66,1080.36
6096.79,2364.82,2297.9,2283.89,2265.89,2283.05,2236.84,2258.58,2342.03
2072.9,2140.37,2008.71,6089.61,1993.14,2133.21,1977.16,2052.83,2004.5
2822.84,2840.34,2865.94,2832.44,5981.88,2839.65,2830.87,2822.15,2830.99
3000,3000,3000,3000,3000,3000,3000,3000,3000
3000,3000,3000,3000,3000,3000,3000,3000,3000
3000,3000,3000,3000,3000,3000,3000,3000,3000
3000,3000,3000,3000,3000,3000,3000,3000,3000
3000,3000,3000,3000,3000,3000,3000,3000,3000
3000,3000,3000,3000,3000,3000,3000,3000,3000
1335.35,1312.67,1319.13,1321.96,5960.44,1306.17,1356.28,1330.39,1312.94
-1000,-1000,-1000,-1000,-1000,-1000,-1000,5592.42,-1000
-220.83,-118.282,-115.729,-207.319,-185.729,-119.975,-123.552,6093.72,-95.2876
1252.72,1183.86,1205.84,1188.36,1232.27,6108.28,1183.89,1133.94,1172.75
1870.63,1833.36,1838.03,6067.42,1837.67,1854.12,1861.06,1892.46,1861.34
1724.45,1661.94,1757.71,6041.4,1664.87,1713.81,1789.14,1706.98,1674.13
6104.68,2015.15,2000.26,1972.51,1929.7,2035.86,2000.87,2006.18,1984.87
2791.43,2791.11,2791.47,4978.43,2791.43,2796.67,2791.44,2791,2791.45
3000,3000,3000,3000,3000,3000,3000,3000,3000
3000,3000,3000,3000,3000,3000,3000,3000,3000
3000,3000,3000,3000,3000,3000,3000,3000,3000
3000,3000,3000,3000,3000,3000,3000,3000,3000
3000,3000,3000,3000,3000,3000,3000,3000,3000
3000,3000,3000,3000,3000,3000,3000,3000,3000
467.503,469.345,468.86,467.524,472.543,4635.76,468.306,466.906,468.394
-843.277,-867.008,-848.592,-827.566,-832.594,6124.39,-849.775,-854.601,-836.35
-857.612,-812.052,-835.049,-882.403,-815.608,6093.55,-871.87,-867.669,-843.589
59.8829,254.81,6099.93,140.949,-34.2058,85.3595,131.02,189.373,92.3825
1758.99,1685.14,1739.65,1651.31,1717.87,1652.01,6117.74,1726.79,1652.88
6106.1,2003.89,1973.09,2005.79,2024,2047.63,2047.6,2048.5,1960.63
6082.84,2128.82,2106.58,2081.96,2151.11,2058.39,2120.97,2089.09,2112.16
5375.33,2598.43,2599.03,2601.51,2601.26,2599.25,2598.94,2598.96,2598.56
3000,3000,3000,3000,3000,3000,3000,3000,3000
3000,3000,3000,3000,3000,3000,3000,3000,3000
3000,3000,3000,3000,3000,3000,3000,3000,3000
3000,3000,3000,3000,3000,3000,3000,3000,3000
3000,3000,3000,3000,3000,3000,3000,3000,3000
3000,3000,3000,3000,3000,3000,3000,3000,3000
683.423,681.535,680.938,682.17,681.131,683.428,2970.89,681.963,682.02
-979.178,-959.407,-978.832,-964.364,-964.35,6130.24,-940.944,-951.879,-967.455
-934.987,-971.196,-983.855,-927.935,-960.988,-975.057,-968.032,6116.87,-982.107
-705.911,-681.404,-781.403,-699.621,-739.587,6112.64,-742.014,-706.159,-803.668
6092.84,1934.25,1848.39,1872.85,1916.28,1918.64,1940.16,1844.7,1903.87
2071.88,2121.27,2153.08,6099.89,2019.59,2245.48,2165.16,2157.1,2040.29
6111.35,1921.32,1919.13,1873.01,1890.54,1924.56,1904.47,1862.2,1855.91
2607.77,2607.81,2610.89,2607.83,2607.89,2607.04,4089.93,2607.68,2607.09
3000,3000,3000,3000,3000,3000,3000,3000,3000
3000,3000,3000,3000,3000,3000,3000,3000,3000
3000,3000,3000,3000,3000,3000,3000,3000,3000
3000,3000,3000,3000,3000,3000,3000,3000,3000
3000,3000,3000,3000,3000,3000,3000,3000,3000
3000,3000,3000,3000,3000,3000,3000,3000,3000
1807.03,1806.95,1806.96,1804.14,1806.91,1821.7,1807.03,1806.75,1806.18
-912.891,-888.389,-893.71,-901.887,-910.069,1592.81,-878.079,-911.99,-913.047
-980.16,-983.507,-960.922,-962.476,-973.827,-962.841,1599.29,-968,-971.45
1931.44,-913.138,-892.459,-868.036,-882.841,-845.173,-868.655,-878.067,-879.23
1732.52,1732.54,2083.72,1731.71,1732.76,1732.61,1730.61,1729.3,1732.2
1746.22,1745.91,1829.5,1746.24,1746.16,1746.15,1746.21,1746.02,1745.98
1767.92,1768.05,1765.61,1770.13,1768.01,1767.97,1767.28,1767.95,1767.84
2588.72,2589.91,2588.91,2588.69,2588.87,2589.61,2590.02,2588.62,2588.84
3000,3000,3000,3000,3000,3000,3000,3000,3000
3000,3000,3000,3000,3000,3000,3000,3000,3000
3000,3000,3000,3000,3000,3000,3000,3000,3000
3000,3000,3000,3000,3000,3000,3000,3000,3000
3000,3000,3000,3000,3000,3000,3000,3000,3000
3000,3000,3000,3000,3000,3000,3000,3000,3000
1578.69,1579.4,1580.66,1579.1,1578.78,1579.34,1579.97,1622.92,1577.68
-972.136,-976.847,-977.159,1486.6,-969.456,-966.973,-960.764,-970.034,-966.94
-970.211,-964.076,-966.917,1688.58,-958.35,-960.928,-954.528,-960.893,-933.705
215.881,193.569,219.031,1761.36,210.164,197.717,191.855,198.846,218.159
1774.72,1774.7,1774.67,1774.57,1774.7,1794.04,1774.58,1774.7,1774.71
1779.46,1779.45,1808.06,1779.4,1779.4,1779.49,1779.49,1779.48,1779.42
1838.21,1826.99,1827.07,1827.03,1827.08,1826.93,1827,1826.83,1826.92
2751.81,2752.14,2750.3,2751.06,2750.85,2751.06,2751.46,2751.65,2750.75
3000,3000,3000,3000,3000,3000,3000,3000,3000
3000,3000,3000,3000,3000,3000,3000,3000,3000
3000,3000,3000,3000,3000,3000,3000,3000,3000
3000,3000,3000,3000,3000,3000,3000,3000,3000
3000,3000,3000,3000,3000,3000,3000,3000,3000
3000,3000,3000,3000,3000,3000,3000,3000,3000
1927.17,1928.48,1927.89,1928.26,1928.15,1928.1,1927.93,1928.22,1928.22
1812.39,-520.376,-541.611,-522.344,-524.469,-528.02,-522.26,-538.222,-525.237
2190.64,-906.214,-906.867,-905.688,-911.257,-898.291,-899.336,-900.559,-905.081
2216.63,222.804,220.105,233.504,223.613,235.248,251.868,212.603,235.537
1805.4,1805.29,1805.38,1805.24,1805.38,1805.52,1805.42,2119.67,1805.43
1817.47,1817.41,1816.93,1817.47,1817.33,1817.44,1817.42,1817.26,1970.99
1905.4,1905.26,1938.45,1905.43,1905.37,1905.6,1905.24,1905.51,1905.51
2835.24,2835.98,2836.12,2834.44,2835.75,2834.85,2836.59,2834.62,2835.71
3000,3000,3000,3000,3000,3000,3000,3000,3000
3000,3000,3000,3000,3000,3000,3000,3000,3000
3000,3000,3000,3000,3000,3000,3000,3000,3000
3000,3000,3000,3000,3000,3000,3000,3000,3000
3000,3000,3000,3000,3000,3000,3000,3000,3000
3000,3000,3000,3000,3000,3000,3000,3000,3000
1499.56,1294.18,1295.37,1291.29,1295.14,1293.57,1292.76,1293.72,1294.92
1546.07,-904.512,-891.285,-892.381,-891.107,-906.345,-887.244,-890.547,-900.879
1733.5,-912.385,-922.124,-935.208,-923.347,-904.555,-927.614,-919.304,-930.824
484.139,499.32,495.703,480.871,502.838,470.626,1975.91,478.028,474.859
1820.5,2847.64,1821.25,1821.23,1821.11,1821.21,1821.26,1821.19,1821.19
1882.03,1868.58,6110.12,1870.46,1918.68,1880.08,1857.16,1909.73,1868.92
1972.13,1972.27,2625.01,1972.13,1972.08,1972.27,1971.94,1972.11,1972.28
2894.79,2894.71,2894.09,2893.87,2893.72,2893.64,2894.45,2893.91,2893.82
3000,3000,3000,3000,3000,3000,3000,3000,3000
3000,3000,3000,3000,3000,3000,3000,3000,3000
3000,3000,3000,3000,3000,3000,3000,3000,3000
3000,3000,3000,3000,3000,3000,3000,3000,3000
3000,3000,3000,3000,3000,3000,3000,3000,3000
3000,3000,3000,3000,3000,3000,3000,3000,3000
2033.91,2029.48,2032.85,2033.23,2033.05,2033.21,2033.17,2033.17,2033.15
2036.24,439.378,426.467,433.116,434.354,435.525,433.011,431.85,444.443
119.888,114.803,105.368,108.526,1924.49,125.372,123.45,113.196,125.878
1746.68,1746.56,1745.55,1745.19,1746.02,1746.52,1746.71,1968.3,1747.06
1858.58,1859.33,3725.52,1858.46,1858.54,1858.55,1858.76,1858.51,1858.18
1897.96,3362.74,1898.05,1897.91,1897.8,1897.4,1897.89,1898.03,1897.86
2082.3,2248.27,2082.09,2082.48,2082.02,2082.22,2082.29,2082.26,2082.42
2954.06,2953.31,2953.65,2953.38,2953.33,2955.19,2954.34,2955.22,2955.23
3000,3000,3000,3000,3000,3000,3000,3000,3000
3000,3000,3000,3000,3000,3000,3000,3000,3000
3000,3000,3000,3000,3000,3000,3000,3000,3000
3000,3000,3000,3000,3000,3000,3000,3000,3000
3000,3000,3000,3000,3000,3000,3000,3000,3000
3000,3000,3000,3000,3000,3000,3000,3000,3000
1060.12,1061.39,1060.28,1063.08,1061.88,2346.02,1062.06,1061.05,1059.3
-364.117,-364.851,-359.04,-358.743,2650.17,-366.811,-374.284,-376.553,-375.971
890.048,886.362,891.949,886.35,887.396,2720.76,885.052,889.325,891.405
1798.02,1798.2,1797.94,1797.74,1796.44,4379.11,1797.9,1797.82,1797.87
1886.4,1886.38,5298.96,1886.42,1885.11,1886.64,1886.78,1886.27,1887.15
1926.89,1926.78,1930.69,1926.82,1926.65,5392.67,1926.97,1926.87,1927.11
2254.55,2255.36,2255.04,2255.04,4050.37,2255.08,2254.91,2254.92,2254.95
2972.19,2972.54,2973.07,2971.66,2973.57,2972.7,2972.55,2972.66,2972.55
3000,3000,3000,3000,3000,3000,3000,3000,3000
3000,3000,3000,3000,3000,3000,3000,3000,3000
3000,3000,3000,3000,3000,3000,3000,3000,3000
3000,3000,3000,3000,3000,3000,3000,3000,3000
3000,3000,3000,3000,3000,3000,3000,3000,3000
3000,3000,3000,3000,3000,3000,3000,3000,3000
1507.5,1506.74,5672.01,1514.7,1507.12,1505.48,1505.56,1506.41,1507.36
11.828,40.6005,11.6982,13.0238,50.6614,5782.4,14.5844,39.9627,35.6473
110.518,139.412,6126.21,102.559,189.781,166.212,118.24,121.471,134.676
1639.68,1730.46,6106.14,1547,1659.53,1627.33,1585.01,1670.52,1565.91
1599.66,1682.91,6088.38,1543.93,1600.92,1615.59,1500.85,1578.95,1475.31
6087.35,1963.63,1932.29,1864.59,1806.52,1919.23,1825.06,1874.44,1849.14
2082.51,2081.77,2082.1,3845.66,2081.99,2081.86,2082.05,2081.74,2082.06
2922.74,2922.38,2923.45,2922.18,2923.09,2923.08,2922.96,2923.21,2922.55
3000,3000,3000,3000,3000,3000,3000,3000,3000
3000,3000,3000,3000,3000,3000,3000,3000,3000
3000,3000,3000,3000,3000,3000,3000,3000,3000
3000,3000,3000,3000,3000,3000,3000,3000,3000
3000,3000,3000,3000,3000,3000,3000,3000,3000
3000,3000,3000,3000,3000,3000,3000,3000,3000
1686.76,1673.39,6107.83,1685.34,1675.67,1698.58,1674.87,1697.11,1673.86
-407.638,-386.747,-404.458,-318.769,-408.238,-409.318,-414.638,5673.56,-445.103
-41.8287,-44.1199,-12.1208,-46.1107,-21.1227,5877.66,-23.6288,-42.0488,-22.3844
1335.41,1339.53,1338.31,1342.71,5813.89,1338.81,1335.79,1335.58,1338.24
1869.15,6134.57,1873.14,1894.21,1892.96,1889.62,1872.04,1875.62,1882.22
5850.08,1849.71,1849.94,1850.61,1855.42,1849.57,1859.7,1855.14,1851.82
5872.08,1850.82,1863.43,1882.46,1858.37,1896.9,1855.74,1877.68,1874.75
2883.58,2883.57,3901.99,2883.54,2883.4,2883.52,2883.26,2882.97,2882.38
3000,3000,3000,3000,3000,3000,3000,3000,3000
3000,3000,3000,3000,3000,3000,3000,3000,3000
3000,3000,3000,3000,3000,3000,3000,3000,3000
3000,3000,3000,3000,3000,3000,3000,3000,3000
3000,3000,3000,3000,3000,3000,3000,3000,3000
3000,3000,3000,3000,3000,3000,3000,3000,3000
6116.47,385.879,381.31,378.267,405.046,383.018,396.225,380.437,398.011
-456.809,-429.816,6102.75,-445.335,-499.468,-454.875,-456.721,-399.253,-400.016
-561.541,-588.468,-471.645,-497.46,6085.7,-549.461,-442.271,-630.618,-664.96
167.234,59.467,143.044,-16.7381,192.056,115.624,29.7031,173.214,6099.93
6074.47,1916.74,1862.39,1815.96,1731.76,1841.9,1792.28,1897.51,1823.12
6097.83,2167.59,1927.21,2015.41,1992.16,2143.7,1865.29,1914,1968.46
18.6507,2.26388e-08,45.1534,6137.2,18.2959,29.6822,34.8142,29.8483,17.2012
2752.52,2752.78,2752.75,4739.36,2752.22,2752.3,2751.81,2752.3,2752.69
3000,3000,3000,3000,3000,3000,3000,3000,3000
3000,3000,3000,3000,3000,3000,3000,3000,3000
3000,3000,3000,3000,3000,3000,3000,3000,3000
3000,3000,3000,3000,3000,3000,3000,3000,3000
3000,3000,3000,3000,3000,3000,3000,3000,3000
3000,3000,3000,3000,3000,3000,3000,3000,3000
1576.21,1575.96,1574.56,1576.72,1575.94,1575.03,2584.86,1576.34,1575.25
-489.081,6126.12,-511.614,-490.64,-505.466,-524.909,-529.773,-475.758,-504.772
-1000,4859.01,-1000,-1000,-1000,-1000,-1000,-1000,-1000
-153.732,-185.955,-130.607,-175.576,6118.41,-173.074,-143.327,-161.339,-194.14
5869.73,1730.85,1731.88,1734.88,1735.17,1732.38,1737.7,1732.35,1731.24
6089.21,1906.63,1897.03,1871.24,1856.77,1901.52,1839.39,1855.76,1911.5
5760.35,1759.61,1758.35,1757.84,1757.5,1762.25,1757.76,1759.81,1759.92
3551.46,2760.26,2760.06,2760.15,2759.39,2759.94,2759.48,2760.28,2760.35
3000,3000,3000,3000,3000,3000,3000,3000,3000
3000,3000,3000,3000,3000,3000,3000,3000,3000
3000,3000,3000,3000,3000,3000,3000,3000,3000
3000,3000,3000,3000,3000,3000,3000,3000,3000
3000,3000,3000,3000,3000,3000,3000,3000,3000
3000,3000,3000,3000,3000,3000,3000,3000,3000
1253.08,1253.28,1252.55,2138.53,1250.74,1252.85,1249.94,1254.09,1251.97
3926.97,-951.879,-948.77,-960.766,-957.511,-960.067,-962.182,-961.707,-957.834
-993.833,-991.217,-994.708,-991.92,-994.443,-991.875,-993.032,4076.52,-995.062
-896.071,-862.136,-884.7,-867.996,-880.721,-895.057,-893.304,5076.61,-880.68
6120.74,1764.69,1753.65,1771.94,1755.33,1763.47,1786.68,1766.11,1768.94
6107.92,1810.16,1868.05,1829.46,1845.95,1838.94,1906.66,1808.68,1853.77
1808.72,1809.72,1808.77,1808.79,1808.7,1808.48,4782.96,1808.75,1809.17
2789.77,2789.29,2790.06,2994.34,2790.03,2789.51,2789.54,2789.55,2788.46
3000,3000,3000,3000,3000,3000,3000,3000,3000
3000,3000,3000,3000,3000,3000,3000,3000,3000
3000,3000,3000,3000,3000,3000,3000,3000,3000
3000,3000,3000,3000,3000,3000,3000,3000,3000
3000,3000,3000,3000,3000,3000,3000,3000,3000
3000,3000,3000,3000,3000,3000,3000,3000,3000
1846.53,1846.33,1846.26,1846.38,1846.06,1846.42,1844.98,1846.37,1843.66
-552.707,-561.414,-562.01,-549.079,-571.62,-562.294,-565.83,1618.38,-537.631
-956.57,-962.73,-969.587,-979.252,1528.96,-972.25,-974.651,-987.923,-971.608
-764.545,-767.851,-750.985,-779.817,-777.574,-765.936,-769.897,1688.11,-759.539
1745.39,1745.34,1745.42,1741.55,1745.47,1742.78,1745.45,1745.45,1868.1
1752.6,1752.15,1752.61,1752.27,1752.44,1752.63,1752.61,1752.48,1781.43
1774.24,1774.2,1787.03,1774.26,1774.18,1770.13,1774.33,1774.34,1774.37
2651.17,2651.82,2650.76,2651.36,2652.61,2650.86,2651.08,2652.59,2651.81
3000,3000,3000,3000,3000,3000,3000,3000,3000
3000,3000,3000,3000,3000,3000,3000,3000,3000
3000,3000,3000,3000,3000,3000,3000,3000,3000
3000,3000,3000,3000,3000,3000,3000,3000,3000
3000,3000,3000,3000,3000,3000,3000,3000,3000
3000,3000,3000,3000,3000,3000,3000,3000,3000
1921.07,1921.54,1921.39,1918.79,1920.8,1920.92,1921.55,1921.49,1921.36
-691.18,-673.419,-680.694,-672.676,-687.195,-686.262,-693.854,1457.15,-693.419
-98.9343,1649.42,-65.7709,-81.6948,-92.034,-76.4948,-93.9297,-90.3346,-76.5006
1716,1719.1,1719.32,1732.44,1719.27,1719.15,1719.25,1719.09,1719.14
1789.63,1790.5,1789.67,1789.44,1789.67,1789.56,1789.56,1789.53,1789.67
1788.37,1788.38,1841.56,1788.4,1788.36,1788.47,1788.45,1788.43,1788.36
1828.19,1829.07,1828.14,1828.01,1827.8,1827.95,1828.21,1828.1,1828.19
2780.75,2780.55,2778.85,2778.95,2780.43,2780.01,2780.63,2779.2,2779.1
3000,3000,3000,3000,3000,3000,3000,3000,3000
3000,3000,3000,3000,3000,3000,3000,3000,3000
3000,3000,3000,3000,3000,3000,3000,3000,3000
3000,3000,3000,3000,3000,3000,3000,3000,3000
3000,3000,3000,3000,3000,3000,3000,3000,3000
3000,3000,3000,3000,3000,3000,3000,3000,3000
1823.48,1821.76,1827.1,1827.1,1824.94,1826.91,1827.05,1823.74,1827.04
-464.416,-462.216,1574.29,-455.003,-441.516,-429.563,-457.933,-453.176,-464.162
-947.818,-959.834,-965.464,-954.385,-932.564,2204.12,-936.397,-916.205,-940.911
-708.506,-754.669,-755.772,-723.82,2738.47,-767.414,-765.38,-757.554,-727.347
1777.54,1777.43,3141.78,1777.42,1777.28,1777.51,1777.52,1777.58,1774.77
1824.47,1844.98,6113.22,1817.44,1838.95,1852.41,1810.13,1857.9,1821.68
1903.56,1903.24,2147.5,1903.54,1903.44,1903.18,1903.44,1903.32,1903.38
2853.7,2854.67,2853.94,2854.14,2855.02,2854.31,2853.31,2854.7,2854.96
3000,3000,3000,3000,3000,3000,3000,3000,3000
3000,3000,3000,3000,3000,3000,3000,3000,3000
3000,3000,3000,3000,3000,3000,3000,3000,3000
3000,3000,3000,3000,3000,3000,3000,3000,3000
3000,3000,3000,3000,3000,3000,3000,3000,3000
3000,3000,3000,3000,3000,3000,3000,3000,3000
2002.1,2001.7,2002.02,2001.78,2001.9,1998.81,2001.88,2001.7,2002.01
-426.839,-465.369,-440.479,-455.013,-464.905,-436.577,-454.724,-456.589,1763.49
2038.77,-955.349,-948.098,-940.879,-929.745,-927.397,-940.253,-942.3,-926.064
389.41,368.008,366.051,389.889,365.941,376.512,1961.93,378.566,377.899
1821.54,1964.89,1821.6,1821.44,1818.79,1821.61,1821.56,1821.65,1821.37
1837.94,1837.94,2252.97,1838,1837.9,1838.07,1838.09,1838.03,1838.05
1905.38,1927.67,1905.41,1905.54,1905.33,1905.48,1905.43,1905.55,1905.61
2845.59,2846.07,2850.69,2846.61,2846.26,2846.37,2844.94,2845.23,2845.98
3000,3000,3000,3000,3000,3000,3000,3000,3000
3000,3000,3000,3000,3000,3000,3000,3000,3000
3000,3000,3000,3000,3000,3000,3000,3000,3000
3000,3000,3000,3000,3000,3000,3000,3000,3000
3000,3000,3000,3000,3000,3000,3000,3000,3000
3000,3000,3000,3000,3000,3000,3000,3000,3000
1323.84,1323.87,2124.91,1320.4,1322.81,1324.49,1323.29,1320.39,1324.74
-604.926,-614.174,-600.598,-605.987,-607.561,-595.173,-588.141,1869.44,-606.349
604.518,1689.35,616.164,608.746,607.423,615.259,608.437,603.314,609.324
1800.11,1799.97,1799.99,1850.65,1800.14,1800.11,1800.08,1799.69,1800.14
1852.39,1852.5,1928.62,1852.61,1852.45,1852.61,1852.58,1852.54,1852.61
1892.12,1892.14,2305.29,1891.89,1892.06,1892.02,1892.17,1891.72,1892.12
2123.39,2123.12,2165.8,2123.16,2123.2,2123.41,2123.27,2123.48,2123
2950.89,2952.14,2950.32,2951.21,2950.24,2951.95,2952.16,2950.11,2950.44
3000,3000,3000,3000,3000,3000,3000,3000,3000
3000,3000,3000,3000,3000,3000,3000,3000,3000
3000,3000,3000,3000,3000,3000,3000,3000,3000
3000,3000,3000,3000,3000,3000,3000,3000,3000
3000,3000,3000,3000,3000,3000,3000,3000,3000
3000,3000,3000,3000,3000,3000,3000,3000,3000
2192.46,2193.89,2301.2,2196.34,2196.97,2196.73,2193.49,2196.85,2193.35
1704.11,1390.09,1394.19,1393.82,1393.54,1393.03,1391.79,1391.93,1394.2
1861.59,1861.42,2151.76,1861.67,1861.78,1861.43,1861.67,1858.46,1861.68
1834.49,1834.47,2741.41,1834.54,1834.53,1834.54,1834.22,1834.39,1834.51
1883.37,1883,1883.33,1883.46,2804.97,1883.28,1883.22,1883.35,1883.18
1934.73,1934.8,2027,1934.86,1934.51,1934.85,1934.8,1934.7,1934.81
2389.84,2389.96,2389.95,2389.61,2386.4,2389.31,2402.93,2389.83,2389.65
2985.01,2985.14,2985.03,2983.94,2984.78,2985.51,2983.72,2983.53,2983.79
3000,3000,3000,3000,3000,3000,3000,3000,3000
3000,3000,3000,3000,3000,3000,3000,3000,3000
3000,3000,3000,3000,3000,3000,3000,3000,3000
3000,3000,3000,3000,3000,3000,3000,3000,3000
3000,3000,3000,3000,3000,3000,3000,3000,3000
3000,3000,3000,3000,3000,3000,3000,3000,3000
1906.56,1907.27,1907.13,1905.45,1905.67,1937.52,1906.04,1906.33,1904.65
-439.593,-439.909,-430.253,-425.364,-441.867,-441.085,2152.02,-422.845,-434.702
482.17,3145.05,473.382,479.807,480.687,477.42,479.335,485.678,485.31
1764.8,1762.6,2384.45,1764.88,1764.58,1765.07,1765.08,1764.99,1764.86
1888.26,2525.07,1888.19,1888.05,1888.25,1888.01,1888.24,1888.11,1888.26
1923.13,3153.65,1923.27,1923.37,1923.38,1923.29,1923.51,1923.23,1923.29
2201.87,2901.77,2201.89,2201.68,2201.44,2202.15,2201.97,2201.55,2202.17
2963.76,2963.98,2963.77,2970.07,2963.9,2964.16,2963.21,2963.93,2963.32
3000,3000,3000,3000,3000,3000,3000,3000,3000
3000,3000,3000,3000,3000,3000,3000,3000,3000
3000,3000,3000,3000,3000,3000,3000,3000,3000
3000,3000,3000,3000,3000,3000,3000,3000,3000
3000,3000,3000,3000,3000,3000,3000,3000,3000
3000,3000,3000,3000,3000,3000,3000,3000,3000
3052.84,1576.15,1575.76,1574.53,1575.75,1578.48,1575.76,1574.52,1576.93
-888.348,-887.135,-875.096,-868.451,-893.102,-856.923,-885.138,4800.78,-880.851
-571.85,-619.715,5767.88,-621.22,-623.926,-600.735,-609.028,-640.518,-635.72
5987.83,1684.36,1694.98,1683.11,1677.1,1715.16,1680.97,1694.38,1676.67
4260.27,1860.04,1860.58,1860.26,1860.32,1860.31,1859.98,1860.18,1860.24
1854.3,1854.23,5136.18,1855.06,1854,1854.2,1854.24,1854.24,1854.35
1975.87,4713.06,1979.59,1983.26,1975.99,1976.21,1975.77,1976.01,1975.81
2854.7,2855.2,2855.54,2855.5,2855.43,2855.03,2854.23,2951.04,2854.66
3000,3000,3000,3000,3000,3000,3000,3000,3000
3000,3000,3000,3000,3000,3000,3000,3000,3000
3000,3000,3000,3000,3000,3000,3000,3000,3000
3000,3000,3000,3000,3000,3000,3000,3000,3000
3000,3000,3000,3000,3000,3000,3000,3000,3000
3000,3000,3000,3000,3000,3000,3000,3000,3000
1411.58,1415.54,1414.93,1413.1,1413.22,1414.03,1413.94,1414.82,1560.28
-885.167,-882.721,-882.065,3003.3,-875.428,-898.553,-889.571,-874.816,-894.317
-756.135,-755.31,-720.755,-739.374,-739.55,-732.223,-721.205,5902.05,-723.367
-391.187,-376.316,-377.196,-374.836,-376.856,-373.421,-404.286,-388.57,4683.4
1810.06,5899.21,1832.18,1809.92,1833.31,1818.15,1841.67,1830.03,1822.83
1729.11,5689.28,1739.5,1729.26,1728.78,1729.2,1729.21,1729.1,1729.04
1861.53,1862.05,1861.39,5167.34,1862.01,1863.32,1861.99,1861.98,1861.81
2869.1,2869.25,2935.3,2869.41,2868.9,2869.32,2867.94,2869.12,2868.1
3000,3000,3000,3000,3000,3000,3000,3000,3000
3000,3000,3000,3000,3000,3000,3000,3000,3000
3000,3000,3000,3000,3000,3000,3000,3000,3000
3000,3000,3000,3000,3000,3000,3000,3000,3000
3000,3000,3000,3000,3000,3000,3000,3000,3000
3000,3000,3000,3000,3000,3000,3000,3000,3000
4953.01,1618.64,1619.2,1621.15,1621.73,1619.54,1621.74,1621.64,1621.62
-644.477,-627.55,-629.117,-642.39,5337,-641.845,-637.702,-641.363,-636.948
-516.59,6125.09,-525.399,-571.853,-570.459,-590.767,-587.582,-621.573,-571.89
-290.708,-168.023,-173.048,-284.111,-229.09,-155.608,-311.728,-277.027,6094.79
6108.89,2115.23,2183.6,2179.32,2229.82,2144.71,2064.76,2095.07,2100
6098.23,2221.09,2203.99,2152.6,2158.36,2116.21,2105.36,2115.93,2152.03
5812.61,1800.37,1797.63,1797.27,1799.87,1795.05,1814.97,1783.1,1779.72
2764.93,2755.55,2755.32,2760.1,2771.89,2778.14,5905.36,2761.21,2769.09
3000,3000,3000,3000,3000,3000,3000,3000,3000
3000,3000,3000,3000,3000,3000,3000,3000,3000
3000,3000,3000,3000,3000,3000,3000,3000,3000
3000,3000,3000,3000,3000,3000,3000,3000,3000
3000,3000,3000,3000,3000,3000,3000,3000,3000
3000,3000,3000,3000,3000,3000,3000,3000,3000
1637.48,2386.54,1637.54,1637.31,1635.92,1634.9,1635.68,1637.57,1636.89
-849.629,-854.959,3525.26,-854.184,-849.115,-856.421,-850.688,-843.151,-861.287
-985.646,-984.49,-986.422,-985.881,-986.263,3945.99,-986.288,-985.272,-980.43
-956.695,-953.828,-959.28,-953.768,-954.724,-954.375,-945.869,-951.779,5056.5
6066.26,1759.05,1725.44,1737.96,1720.37,1722.33,1692.02,1759.12,1730.85
5765.27,1779.63,1781.57,1791.66,1779.8,1778.8,1779.12,1779.2,1779.2
1786.39,1786.27,1785.99,5345.57,1786.69,1786.55,1794.86,1786.51,1786.61
2809.86,2810.25,2810.01,2810.37,2810.22,3061.33,2808.9,2809.57,2809.52
3000,3000,3000,3000,3000,3000,3000,3000,3000
3000,3000,3000,3000,3000,3000,3000,3000,3000
3000,3000,3000,3000,3000,3000,3000,3000,3000
3000,3000,3000,3000,3000,3000,3000,3000,3000
3000,3000,3000,3000,3000,3000,3000,3000,3000
3000,3000,3000,3000,3000,3000,3000,3000,3000
1784.29,1787.19,1785.94,1787.3,1785.84,1784.12,1787.65,1787.49,1784.29
-796.374,-815.108,1531.08,-816.165,-799.804,-813.364,-819.481,-790.346,-790.824
-816.183,-819.465,-838.951,-833.017,-825.698,-831.97,1592.19,-823.497,-829.194
-314.057,-343.669,-319.49,-323.582,-325.619,-313.872,-303.977,-314.425,1721.46
1755.88,1754.42,1802.18,1756.01,1755.73,1755.99,1755.95,1756.01,1756.02
1765.37,1765.51,1765.41,1765.13,1765.5,1765.39,1765.35,1765.5,1766.79
1798.53,1798.54,1798.62,1798.4,1798.52,1798.48,1798.1,1801.26,1798.6
2745.94,2746.01,2746.82,2746.31,2746.28,2747.16,2746.34,2748.14,2747.34
3000,3000,3000,3000,3000,3000,3000,3000,3000
3000,3000,3000,3000,3000,3000,3000,3000,3000
3000,3000,3000,3000,3000,3000,3000,3000,3000
3000,3000,3000,3000,3000,3000,3000,3000,3000
3000,3000,3000,3000,3000,3000,3000,3000,3000
3000,3000,3000,3000,3000,3000,3000,3000,3000
1674.06,1672.1,1673.82,1674.5,1674.6,1674.17,1672.65,1673.83,1672.9
-976.932,-955.883,-977.789,-955.652,-972.268,-973.13,-974.142,-973.315,1453.73
-956.859,-970.08,1756.01,-952.839,-950.069,-954.131,-935.125,-955.644,-958.645
1859.64,-95.6532,-94.2832,-78.9056,-96.1926,-67.2067,-89.0706,-40.5488,-66.7964
1783.09,1783.07,1784.21,1783.09,1781.41,1919.11,1783.1,1783.03,1783.17
1790.15,1790.17,1789.88,1790.02,1789.84,1790.11,1790.15,1885.21,1790
1862.17,1862.3,1861.93,1862.06,1862.17,1862.29,1861.99,1875.63,1862.21
2825.9,2826.09,2824.12,2824.38,2824.17,2824.27,2824.36,2824.94,2820.45
3000,3000,3000,3000,3000,3000,3000,3000,3000
3000,3000,3000,3000,3000,3000,3000,3000,3000
3000,3000,3000,3000,3000,3000,3000,3000,3000
3000,3000,3000,3000,3000,3000,3000,3000,3000
3000,3000,3000,3000,3000,3000,3000,3000,3000
3000,3000,3000,3000,3000,3000,3000,3000,3000
1321.71,1321.8,1322.98,1319.89,1545.4,1322.85,1324.16,1322.57,1323.54
-775.445,-781.905,-768.757,1662.57,-768.42,-775.407,-779.425,-764.714,-788.93
-367.752,-364.795,-408.47,-381.201,-353.312,-345.322,-380.821,1777.29,-325.437
172.278,182.187,186.198,163.38,1987.39,194.4,194.704,162.888,189.374
1798.21,2295.76,1798.19,1798.09,1798.2,1795.31,1798.2,1798.19,1798.19
1802.15,1802.18,1996.56,1802.23,1802.09,1802.25,1802.19,1802.24,1802.2
1854.75,1854.72,1868.09,1855.06,1855.05,1854.97,1855.09,1854.7,1855.02
2810.49,2811.97,2810.95,2810.15,2809.94,2810.9,2810.68,2811.3,2810.45
3000,3000,3000,3000,3000,3000,3000,3000,3000
3000,3000,3000,3000,3000,3000,3000,3000,3000
3000,3000,3000,3000,3000,3000,3000,3000,3000
3000,3000,3000,3000,3000,3000,3000,3000,3000
3000,3000,3000,3000,3000,3000,3000,3000,3000
3000,3000,3000,3000,3000,3000,3000,3000,3000
1356.44,1355.11,1356.25,1357.46,1356.09,1354.01,1497.65,1356.56,1355.37
-907.379,-934.235,-932.843,-932.166,-932.399,-909.41,2049.34,-940.35,-915.45
2435.66,-883.569,-898.695,-866.013,-882.705,-863.154,-856.537,-894.934,-868.175
501.576,498.747,510.525,520.16,499.028,518.937,505.288,2054.39,529.068
6116.43,1862.11,1871.75,1838.1,1879.71,1828.03,1835.13,1841.61,1845.8
1825.61,1825.98,1825.98,1825.99,1995.5,1825.88,1825.95,1825.95,1825.91
1954.94,1955.2,1955.16,1955.15,1954.87,2013.74,1955.08,1955.07,1955.11
2883.14,2883.92,2884.15,2882.28,2883.38,2883.91,2882.16,2883.91,2882.6
3000,3000,3000,3000,3000,3000,3000,3000,3000
3000,3000,3000,3000,3000,3000,3000,3000,3000
3000,3000,3000,3000,3000,3000,3000,3000,3000
3000,3000,3000,3000,3000,3000,3000,3000,3000
3000,3000,3000,3000,3000,3000,3000,3000,3000
3000,3000,3000,3000,3000,3000,3000,3000,3000
751.273,741.078,749.327,741.611,749.763,746.456,1741.37,748.296,748.027
-945.289,-922.956,-950.829,2044.08,-958.098,-950.911,-928.718,-926.447,-945.127
-566.574,-583.548,-558.423,1758.44,-585.252,-574.418,-584.497,-570.076,-586.217
1698.07,1698.07,1698.02,1774.4,1698.08,1697.71,1695.67,1697.62,1698
1823.61,1820.96,1990.2,1823.67,1823.56,1823.3,1823.55,1823.69,1823.56
1864.61,2219.92,1864.53,1864.6,1864.61,1864.6,1864.42,1864.58,1864.52
2130.27,2166.01,2130.25,2130.2,2130.28,2130.27,2129.54,2130.3,2129.94
2945.86,2946.1,2947.64,2946.8,2947.89,2947.18,2946.17,2947.78,2946.33
3000,3000,3000,3000,3000,3000,3000,3000,3000
3000,3000,3000,3000,3000,3000,3000,3000,3000
3000,3000,3000,3000,3000,3000,3000,3000,3000
3000,3000,3000,3000,3000,3000,3000,3000,3000
3000,3000,3000,3000,3000,3000,3000,3000,3000
3000,3000,3000,3000,3000,3000,3000,3000,3000
1615.4,1715.35,1616.31,1614.83,1614.25,1613.96,1613.39,1616.16,1615
2110.98,-668.915,-676.061,-660.171,-681.914,-655.195,-678.131,-673.678,-684.414
-182.754,-193.065,-198.589,-184.131,-182.511,-188.133,1805.96,-192.382,-196.593
1341.39,1338.2,1344.83,1336.39,1342.43,1346.26,1796.5,1338.61,1333.53
1850.27,1845.28,1848.65,1848.57,1848.44,1848.51,1848.58,1848.29,1848.45
1917.82,1917.92,1920.34,1917.78,1917.15,1917.92,1917.79,1917.75,1917.86
2375.26,2374.81,2375.28,2375.44,2374.01,2375.43,2374.9,2375.49,2374.61
2983.65,2985.47,2984.61,2983.77,2985.22,2985.52,2982.38,2984.09,2985.86
3000,3000,3000,3000,3000,3000,3000,3000,3000
3000,3000,3000,3000,3000,3000,3000,3000,3000
3000,3000,3000,3000,3000,3000,3000,3000,3000
3000,3000,3000,3000,3000,3000,3000,3000,3000
3000,3000,3000,3000,3000,3000,3000,3000,3000
3000,3000,3000,3000,3000,3000,3000,3000,3000
2287.07,2287.39,2287.44,2286.68,2287.52,2287.83,2285.64,2287.51,2287.78
1598.25,1597.43,1598.83,1589.68,1597.76,1592.04,1597.94,1653.66,1598.41
1803.17,1803.82,1805.12,1804.81,1805.11,1805.18,1805.27,1805.31,1805.08
1891.14,1852.2,1852.24,1852.05,1852.18,1851.75,1852.07,1852.06,1852.03
1891.49,1891.68,1891.26,1891.49,1891.48,1891.23,1891.49,1891.47,1891.18
1921.46,1921.42,1921.32,1921.41,1921.48,1921.45,1921.23,1921.36,1921.45
2173.83,2173.67,2173.8,2174.46,2173.54,2173.93,2173.93,2174.02,2173.92
2965.47,2965.9,2965.59,2966.77,2967.38,2966.16,2965.19,2965.17,2964.96
3000,3000,3000,3000,3000,3000,3000,3000,3000
3000,3000,3000,3000,3000,3000,3000,3000,3000
3000,3000,3000,3000,3000,3000,3000,3000,3000
3000,3000,3000,3000,3000,3000,3000,3000,3000
3000,3000,3000,3000,3000,3000,3000,3000,3000
3000,3000,3000,3000,3000,3000,3000,3000,3000
2092.99,2092.95,2267.58,2092.98,2092.9,2093.42,2093.5,2093.03,2093.57
2891.45,-609.41,-614.617,-624.977,-623.267,-609.088,-610.484,-608.929,-617.595
-294.827,-306.563,-322.923,-319.735,-307.559,4968.54,-322.787,-307.067,-314.377
1758.93,1758.7,4623.24,1759.05,1762.88,1759.09,1758.87,1758.95,1761.92
1856.71,2758.68,1856.58,1856.62,1856.74,1856.87,1856.8,1856.84,1856.64
1865.11,2862.56,1864.91,1865.05,1864.56,1865.03,1864.95,1864.77,1865.07
3461.25,1962.75,1962.98,1962.99,1965,1962.58,1962.36,1963.01,1962.85
2995.66,2895.43,2895.02,2895.03,2895.26,2895.39,2893.76,2895.39,2894.6
3000,3000,3000,3000,3000,3000,3000,3000,3000
3000,3000,3000,3000,3000,3000,3000,3000,3000
3000,3000,3000,3000,3000,3000,3000,3000,3000
3000,3000,3000,3000,3000,3000,3000,3000,3000
3000,3000,3000,3000,3000,3000,3000,3000,3000
3000,3000,3000,3000,3000,3000,3000,3000,3000
1430.68,1431.59,1427.62,1431.16,1429.47,1430.86,1431.61,1728.92,1429.76
-778.659,5900.53,-729.35,-803.939,-805.943,-782.034,-807.967,-794.741,-801.374
-950.74,-962.646,-953.603,-952.505,-950.917,3687.08,-956.191,-941.335,-953.889
-765.898,4918.33,-774.125,-771.217,-746.159,-789.286,-788.339,-778.747,-783.331
1807.71,5903.67,1795.97,1812.47,1817.25,1800.35,1802.52,1801.47,1796.37
4656.24,1818.26,1818.19,1821.4,1817.14,1818.14,1818.09,1818.24,1818.19
1859.44,1859.43,1859.22,3437.48,1859.25,1859,1859.37,1859.3,1859.38
2843.76,2957.15,2843.58,2843.77,2843.67,2842.19,2843.38,2842.3,2842.84
3000,3000,3000,3000,3000,3000,3000,3000,3000
3000,3000,3000,3000,3000,3000,3000,3000,3000
3000,3000,3000,3000,3000,3000,3000,3000,3000
3000,3000,3000,3000,3000,3000,3000,3000,3000
3000,3000,3000,3000,3000,3000,3000,3000,3000
3000,3000,3000,3000,3000,3000,3000,3000,3000
1714.5,1710.84,2311.13,1717.08,1713.49,1713.2,1713.9,1713.3,1714.83
-328.719,-334.747,-332.125,-320.134,-301.161,-318.965,-325.71,3058.84,-330.947
-963.99,-946.892,-957.774,3106.85,-950.611,-951.698,-953.027,-959.76,-948.594
-749.155,-749.851,-746.815,-713.806,-767.495,-744.517,-734.335,4333.59,-751.215
1729.53,5557.44,1730.62,1730.68,1729.33,1731.83,1729.51,1729.52,1729.72
5367.2,1786.2,1786.06,1785.62,1786.01,1785.86,1787.87,1785.96,1785.69
4859.04,1817.1,1817.07,1816.83,1817.01,1816.93,1817.1,1816.88,1816.96
2999.97,2815.65,2813.85,2815.09,2815.25,2814.58,2814.75,2814.92,2815.12
3000,3000,3000,3000,3000,3000,3000,3000,3000
3000,3000,3000,3000,3000,3000,3000,3000,3000
3000,3000,3000,3000,3000,3000,3000,3000,3000
3000,3000,3000,3000,3000,3000,3000,3000,3000
3000,3000,3000,3000,3000,3000,3000,3000,3000
3000,3000,3000,3000,3000,3000,3000,3000,3000
1795.61,1797.22,1798.28,1797.59,1797.07,1795.71,1795.15,2837.08,1797.36
-222.248,-230.627,-239.108,-239.661,-200.116,-224.69,3627.27,-230.915,-221.09
-871.415,-903.802,-865.229,-856.69,-889.377,-743.696,-851.06,-826.81,6107.63
-856.234,-774.226,6069.63,-763.738,-830.733,-761.342,-770.075,-757.648,-832.705
6111.87,1844.71,1797.55,1756.93,1893.69,1854.66,1877.24,1799.74,1783.87
5812.39,1806.11,1819.18,1802.52,1807.8,1806.12,1819.74,1817.58,1808.43
6031.1,1757.01,1749.36,1750.1,1753.36,1754.4,1742.58,1761.07,1760.73
2822.31,2821.7,3110.66,2821.89,2822.2,2822,2820.62,2822.15,2822.55
3000,3000,3000,3000,3000,3000,3000,3000,3000
3000,3000,3000,3000,3000,3000,3000,3000,3000
3000,3000,3000,3000,3000,3000,3000,3000,3000
3000,3000,3000,3000,3000,3000,3000,3000,3000
3000,3000,3000,3000,3000,3000,3000,3000,3000
3000,3000,3000,3000,3000,3000,3000,3000,3000
1673.2,1671.78,1673.17,1673,1673.43,1677,1673.58,1674.34,1674.4
-934.194,-937.253,-944.305,-936.218,1535.78,-936.719,-930.681,-943.676,-931.624
-949.78,-928.972,-917.902,-948.614,-935.946,-945.457,-933.108,1588.64,-942.889
411.859,396.479,399.149,407.144,418.701,1699.39,402.615,403.61,394.826
1761.28,1761.28,1761.27,1761.13,1761.29,1778.55,1761.46,1761.22,1761.34
1773.74,1792.89,1773.68,1773.76,1773.83,1773.82,1773.77,1773.84,1773.78
1834.29,1834.32,1834.17,1834.47,1834.44,1834.36,1834.19,1834.21,1834.49
2835.49,2836.32,2836.59,2835.65,2834.89,2834.76,2837.02,2833.69,2835.2
3000,3000,3000,3000,3000,3000,3000,3000,3000
3000,3000,3000,3000,3000,3000,3000,3000,3000
3000,3000,3000,3000,3000,3000,3000,3000,3000
3000,3000,3000,3000,3000,3000,3000,3000,3000
3000,3000,3000,3000,3000,3000,3000,3000,3000
3000,3000,3000,3000,3000,3000,3000,3000,3000
1996.88,1997.11,1996.76,1996.82,1996.63,1996.25,1996.95,1997.03,1997.13
1202.95,1196.78,1201.79,1206.77,1199.54,1195.26,1705.44,1200.09,1195.23
1659.49,364.546,376.15,367.215,364.108,365.625,351.011,373.886,353.585
-170.908,-163.27,-152.937,-159.838,-167.033,-168.134,1694.16,-164.797,-161.865
1770.85,1770.73,1768.69,1770.83,1770.84,1834.78,1770.73,1770.84,1770.72
1772.97,1773.15,1875.11,1772.73,1771.74,1773.08,1773.14,1773.14,1772.98
1818.84,1831.23,1818.72,1818.69,1818.84,1818.56,1818.72,1818.8,1818.79
2806.33,2806.04,2805.88,2806.94,2807.88,2807.66,2806.67,2805.73,2807.54
3000,3000,3000,3000,3000,3000,3000,3000,3000
3000,3000,3000,3000,3000,3000,3000,3000,3000
3000,3000,3000,3000,3000,3000,3000,3000,3000
3000,3000,3000,3000,3000,3000,3000,3000,3000
3000,3000,3000,3000,3000,3000,3000,3000,3000
3000,3000,3000,3000,3000,3000,3000,3000,3000
1217.73,1215.48,1217.95,1217.69,1215.11,1218.25,1219.68,1588.66,1219.68
1537.2,-977.038,-966.53,-973.654,-962.632,-963.949,-967.282,-974.285,-956.55
1911.35,-923.518,-893.961,-888.17,-915.034,-916.317,-915.349,-932.202,-920.675
832.648,826.915,835.629,828.723,823.566,2072.03,831.688,811.028,849.542
1807.2,1811.36,1811.36,1811.39,1911.58,1811.38,1811,1811.17,1811.23
1810.58,1810.54,1810.58,1810.52,1810.58,1810.43,1810.56,1810.25,1983.04
1935.31,1935.27,1959.92,1935,1935.31,1935.11,1935.14,1935.2,1935.27
2887.53,2886.64,2887.9,2888.46,2888.11,2887.77,2888.02,2888.32,2887.56
3000,3000,3000,3000,3000,3000,3000,3000,3000
3000,3000,3000,3000,3000,3000,3000,3000,3000
3000,3000,3000,3000,3000,3000,3000,3000,3000
3000,3000,3000,3000,3000,3000,3000,3000,3000
3000,3000,3000,3000,3000,3000,3000,3000,3000
3000,3000,3000,3000,3000,3000,3000,3000,3000
1440.11,1442.31,1442.41,1444.32,1439.59,1442.91,1773.86,1440.84,1443.13
1810.26,-373.691,-401.408,-412.926,-364.578,-400.211,-392.187,-373.284,-362.059
-576.966,2300.25,-584.97,-566.786,-598.189,-560.795,-569.95,-594.366,-575.287
-120.521,-104.41,-124.9,-237.117,6123.14,-145.274,-159.751,-130.206,-262.381
1802.9,6119.76,1822.32,1810.88,1848.02,1812.12,1815.31,1827.82,1803.5
1817.44,1817.57,1817.72,1817.6,1817.65,1817.46,1817.7,1817.66,1817.62
1902.49,1902.48,1902.47,1902.39,1902.3,1902.28,1902.46,1902.18,1902.39
2906.45,2908.39,2908.27,2906.08,2907.43,2906.52,2906.69,2907.9,2906.59
3000,3000,3000,3000,3000,3000,3000,3000,3000
3000,3000,3000,3000,3000,3000,3000,3000,3000
3000,3000,3000,3000,3000,3000,3000,3000,3000
3000,3000,3000,3000,3000,3000,3000,3000,3000
3000,3000,3000,3000,3000,3000,3000,3000,3000
3000,3000,3000,3000,3000,3000,3000,3000,3000
1469.06,1144.96,1146.33,1145.35,1144.44,1145.93,1146.74,1145.37,1144.39
-406.112,1556.37,-398.936,-387.404,-401.96,-402.133,-398.598,-410.006,-400.429
-94.3607,-88.7837,-85.4565,1991.58,-57.1393,-97.4298,-112.283,-84.5916,-72.9198
1243.5,1248.35,1245.78,2052.8,1233.98,1238.24,1247.33,1238.87,1231.47
1832.6,1833.14,1832.5,1833.17,1833.04,1833.32,1833.18,2289.24,1833.4
1838.92,2108.61,1839.1,1839.01,1839.03,1838.9,1839,1838.68,1838.81
2060.76,2060.88,2060.84,2060.35,2060.53,2060.64,2060.66,2060.69,2060.67
2960.28,2961.37,2960.83,2962.09,2960.64,2961.47,2961.11,2959.98,2961.52
3000,3000,3000,3000,3000,3000,3000,3000,3000
3000,3000,3000,3000,3000,3000,3000,3000,3000
3000,3000,3000,3000,3000,3000,3000,3000,3000
3000,3000,3000,3000,3000,3000,3000,3000,3000
3000,3000,3000,3000,3000,3000,3000,3000,3000
3000,3000,3000,3000,3000,3000,3000,3000,3000
2166.31,2166.37,2166.1,2165.86,2163.88,2162.94,2162.13,2165.81,2165.74
1677.08,1678.76,1679.78,1712.82,1679.09,1676.26,1679.02,1676.9,1678.16
1807,1806.56,1806.96,1806.98,1806.49,1806.38,1806.42,1806.84,1806.96
1844.12,1843.73,1843.82,1843.85,1843.79,1843.81,1843.85,1843.93,1843.85
2019.03,1850.31,1850.2,1850.14,1850.19,1850.11,1850.09,1850.22,1850.16
1968.58,1899.63,1899.78,1899.5,1899.61,1899.71,1899.82,1899.81,1899.8
2360.03,2358.98,2360.29,2360.15,2359.66,2359.9,2360.08,2359.21,2360.07
2990.58,2990.05,2989.48,2989.25,2989.77,2988.87,2988.42,2989.54,2989.41
3000,3000,3000,3000,3000,3000,3000,3000,3000
3000,3000,3000,3000,3000,3000,3000,3000,3000
3000,3000,3000,3000,3000,3000,3000,3000,3000
3000,3000,3000,3000,3000,3000,3000,3000,3000
3000,3000,3000,3000,3000,3000,3000,3000,3000
3000,3000,3000,3000,3000,3000,3000,3000,3000
713.472,710.829,714.826,711.58,1491.3,711.441,710.306,710.69,715.651
-938.985,-938.367,-949.4,-922.373,-938.843,-945.497,-937.15,-923.659,1759.11
1669.4,-499.942,-490.182,-498.623,-502.097,-474.673,-480.745,-482.777,-483.645
1799.36,1608.49,1603.74,1607.8,1607.27,1604.03,1604.77,1602.61,1604.23
1887.14,1882.16,1882.12,1882.41,1882.12,1882.2,1882.02,1882.27,1882.08
1926.14,1926.18,1925.98,2092.16,1926.07,1926.02,1926.08,1926.17,1926.11
2151,2151.49,2151.29,2151.35,2151.23,2221.26,2151.21,2151.73,2151.55
2966.43,2966.1,2967.27,2967.14,2968.37,2967.15,2967.1,2967.85,2966.3
3000,3000,3000,3000,3000,3000,3000,3000,3000
3000,3000,3000,3000,3000,3000,3000,3000,3000
3000,3000,3000,3000,3000,3000,3000,3000,3000
3000,3000,3000,3000,3000,3000,3000,3000,3000
3000,3000,3000,3000,3000,3000,3000,3000,3000
3000,3000,3000,3000,3000,3000,3000,3000,3000
1650.63,1648.67,1649.54,1649.28,1650.28,1651.26,1651.71,1648.92,1654.15
-407.657,-403.485,-413.871,-421.137,-415.889,-427.702,-421.431,1448.42,-423.849
485.113,487.095,490.687,497.414,490.474,1628.17,473.561,492.222,493.972
1585.92,1585.49,1581.2,1582.5,1590.88,1591.58,1584.33,1592.46,1727.01
1853.34,1853.3,1931.4,1853.06,1853.3,1853.35,1853.38,1852.91,1853.2
1872.05,1871.71,1872.06,1872.11,1872.08,1872.14,1872.63,1870.29,1872.13
1938.84,1951.58,1938.73,1939.04,1938.96,1938.82,1938.99,1938.84,1938.83
2879.91,2878.84,2878.48,2880.51,2879.1,2880.24,2879.59,2880.47,2878.24
3000,3000,3000,3000,3000,3000,3000,3000,3000
3000,3000,3000,3000,3000,3000,3000,3000,3000
3000,3000,3000,3000,3000,3000,3000,3000,3000
3000,3000,3000,3000,3000,3000,3000,3000,3000
3000,3000,3000,3000,3000,3000,3000,3000,3000
3000,3000,3000,3000,3000,3000,3000,3000,3000
1268.66,1269.08,1270.24,1269.14,1618.66,1268.82,1270.75,1270.84,1271.26
-789.645,-780.409,-794.204,-793.063,-781.029,2084.69,-772.993,-773.404,-791.275
-959.785,-956.96,-957.791,-967.08,-964.177,-951.436,-960.976,2766.36,-953.16
-726.813,4060.6,-711.83,-713.752,-688.539,-712.455,-746.203,-724.904,-730.759
1777.05,3562.06,1776.85,1775.53,1777.23,1777.19,1777.22,1776.58,1777.17
3231.38,1819.15,1819.18,1819.35,1819.03,1819.18,1819.01,1819.05,1819.24
1879.11,1879.34,1878.9,1878.71,1878.81,1878.79,2383.65,1878.89,1878.89
2885.23,2885.08,2885.44,2885.1,2885.24,2885.66,2885.18,2884.48,2884.57
3000,3000,3000,3000,3000,3000,3000,3000,3000
3000,3000,3000,3000,3000,3000,3000,3000,3000
3000,3000,3000,3000,3000,3000,3000,3000,3000
3000,3000,3000,3000,3000,3000,3000,3000,3000
3000,3000,3000,3000,3000,3000,3000,3000,3000
3000,3000,3000,3000,3000,3000,3000,3000,3000
1634.1,577.284,574.62,572.786,570.055,575.159,575.772,574.262,571.933
-968.204,-967.207,-971.96,-974.952,-970.042,-959.609,-972.396,-979.978,2366.73
-910.531,-932.395,-916.881,3715.55,-913.733,-944.614,-918.198,-934.192,-930.339
-295.841,4429.43,-307.684,-322.596,-299.352,-334.835,-313.503,-306.514,-333.429
4111.71,1784.3,1782.6,1784.74,1784.57,1784.12,1784.32,1784.58,1784.48
1800.81,3570.32,1800.78,1800.61,1802.49,1800.59,1800.81,1800.77,1800.63
1844.72,1844.93,2902.74,1843.77,1844.4,1844.77,1844.81,1844.71,1844.73
2919.31,2886.14,2886.58,2885.59,2885.58,2884.78,2885.67,2883.98,2884.36
3000,3000,3000,3000,3000,3000,3000,3000,3000
3000,3000,3000,3000,3000,3000,3000,3000,3000
3000,3000,3000,3000,3000,3000,3000,3000,3000
3000,3000,3000,3000,3000,3000,3000,3000,3000
3000,3000,3000,3000,3000,3000,3000,3000,3000
3000,3000,3000,3000,3000,3000,3000,3000,3000
1569.46,1568.9,2159.87,1567.83,1568.61,1568.97,1568.11,1567.15,1569.85
-120.828,-114.303,-104.618,-114.349,-115.94,-110.363,2653.94,-114.827,-117.608
-847.149,6105.2,-770.032,-798.859,-807.092,-841.176,-838.777,-794.869,-795.181
5057.04,712.148,691.218,691.131,694.914,703.886,695.235,700.552,690.602
4819.21,1795.19,1796.6,1796.6,1796.94,1794.96,1797.01,1797.18,1796.82
1804.19,4111.43,1804.08,1804.37,1804.07,1803.73,1804.07,1804.05,1804.17
1864.66,1864.01,3219.48,1864.45,1868.57,1864.53,1864.84,1864.28,1863.94
2919.89,2905.42,2904.67,2904.84,2906.13,2905.69,2905.02,2905.05,2903.39
3000,3000,3000,3000,3000,3000,3000,3000,3000
3000,3000,3000,3000,3000,3000,3000,3000,3000
3000,3000,3000,3000,3000,3000,3000,3000,3000
3000,3000,3000,3000,3000,3000,3000,3000,3000
3000,3000,3000,3000,3000,3000,3000,3000,3000
3000,3000,3000,3000,3000,3000,3000,3000,3000
1781.17,1782.92,1783.18,1783.27,1783.35,1783.28,1783.18,1783.24,1782.68
1626.36,-764.457,-760.971,-745.396,-767.549,-744.775,-734.34,-732.893,-761.038
-934.382,-924.895,-916.961,-924.183,-929.05,-933.601,-918.632,1592.58,-904.354
-520.271,-526.713,-498.364,1682.53,-509.008,-494.89,-521.259,-526.882,-520.435
1775.46,1760.9,1760.92,1760.8,1760.79,1758.59,1760.89,1760.3,1760.83
1766.11,1766.13,1765.82,1763.39,1766.02,1766.1,1765.87,1765.7,1767.34
1813.3,1813.35,1813.32,1813.35,1813.09,1813.22,1813.35,1813.38,1813.08
2888.24,2888.48,2888.86,2887.52,2887.98,2889.53,2888.17,2888.58,2888.66
3000,3000,3000,3000,3000,3000,3000,3000,3000
3000,3000,3000,3000,3000,3000,3000,3000,3000
3000,3000,3000,3000,3000,3000,3000,3000,3000
3000,3000,3000,3000,3000,3000,3000,3000,3000
3000,3000,3000,3000,3000,3000,3000,3000,3000
3000,3000,3000,3000,3000,3000,3000,3000,3000
2200.13,2198.68,2199.05,2198.63,2198.78,2198.85,2199.31,2198.42,2199.32
1186.08,1184.38,1182.1,1184.59,1691.09,1187.2,1185.95,1184.78,1185.78
1708.51,1571.42,1573.97,1571.99,1575.28,1576.31,1573.45,1572.7,1572.82
1777.91,1771.64,1771.54,1771.29,1771.72,1771.55,1771.59,1771.71,1771.68
1806.58,1806.88,1868.89,1806.86,1806.85,1806.82,1806.86,1806.73,1806.6
1797.03,1796.94,1856.7,1797.04,1796.8,1796.97,1796.62,1796.62,1796.98
1898.92,1899.19,1899.24,1899.28,1898.97,1899.33,1899.3,1900.09,1897.07
2927.13,2927.39,2926.21,2927.15,2926.97,2926.86,2926.72,2927.17,2926.46
3000,3000,3000,3000,3000,3000,3000,3000,3000
3000,3000,3000,3000,3000,3000,3000,3000,3000
3000,3000,3000,3000,3000,3000,3000,3000,3000
3000,3000,3000,3000,3000,3000,3000,3000,3000
3000,3000,3000,3000,3000,3000,3000,3000,3000
3000,3000,3000,3000,3000,3000,3000,3000,3000
1637.52,1637.84,1639.32,1653.22,1640.04,1639.53,1639.15,1640.44,1640.06
-107.257,-101.421,-91.9441,-114.199,-109.432,-120.095,1689.22,-83.8884,-105.283
-59.3566,-26.9998,-26.4553,-67.0392,-58.0388,-96.9425,-111.189,6133.63,-17.354
574.321,559.433,6126.53,590.522,541.854,538.161,550.276,525.674,592.315
1803.25,1803.22,1800.07,1803.13,1803.27,2443.05,1802.99,1802.88,1802.71
1791.58,1791.55,1791.44,1791.5,1860.98,1791.57,1790.95,1791.24,1791.43
1915.55,1915.59,1915.55,1917.2,1915.37,1915.81,1915.32,1915.12,1915.68
2921.16,2919.86,2921.22,2921.34,2921.41,2920.34,2919.08,2920.02,2920.87
3000,3000,3000,3000,3000,3000,3000,3000,3000
3000,3000,3000,3000,3000,3000,3000,3000,3000
3000,3000,3000,3000,3000,3000,3000,3000,3000
3000,3000,3000,3000,3000,3000,3000,3000,3000
3000,3000,3000,3000,3000,3000,3000,3000,3000
3000,3000,3000,3000,3000,3000,3000,3000,3000
1921.28,1919.79,1921.4,1921.24,1917.79,1921.59,1920.45,1919.64,1921.59
506.344,516.21,506.506,509.885,511.836,512.598,1728.48,505.097,509.821
-19.2707,-47.4789,-13.3846,7.32041,2137.28,-9.27954,-21.8156,-9.29913,-19.3465
1535.28,1529.8,1528.51,1546.69,1529.2,1538.14,1529.67,2308.62,1531.71
1822.79,1822.69,2565.61,1822.78,1822.79,1822.63,1822.71,1822.86,1823.51
1828.88,1828.86,1828.93,2230.8,1828.76,1828.77,1828.76,1828.54,1828.51
1992.77,1993.1,1993.26,1992.51,1992.99,1993.13,1992.63,1993.06,1992.8
2952.22,2949.98,2952.11,2951.02,2951.86,2950.58,2950.88,2951.38,2950.88
3000,3000,3000,3000,3000,3000,3000,3000,3000
3000,3000,3000,3000,3000,3000,3000,3000,3000
3000,3000,3000,3000,3000,3000,3000,3000,3000
3000,3000,3000,3000,3000,3000,3000,3000,3000
3000,3000,3000,3000,3000,3000,3000,3000,3000
3000,3000,3000,3000,3000,3000,3000,3000,3000
1754.78,1754.15,1754.71,1755.88,1755.78,1753.65,1755.6,1755.73,1755.63
-300.664,-296.212,-302.474,-294.5,1642.24,-309.517,-290.608,-300.204,-313.051
579.191,556.822,573.875,1797.33,563.772,570.704,559.064,561.97,546.284
1676.6,1670.45,1671.19,1678.88,1676.4,1677.87,1772.74,1673.45,1664.01
1826.92,1827.03,1826.85,2278.33,1826.25,1826.87,1827.09,1827.12,1826.97
1838.92,1838.92,1838.79,1939.57,1838.86,1838.77,1838.92,1838.9,1838.81
1880.16,1880.36,1880.97,1880.53,1880.49,1880.67,1880.66,1880.53,1880.55
2963.24,2962.29,2964.49,2963.47,2962.59,2964.24,2963.58,2962.32,2962.69
3000,3000,3000,3000,3000,3000,3000,3000,3000
3000,3000,3000,3000,3000,3000,3000,3000,3000
3000,3000,3000,3000,3000,3000,3000,3000,3000
3000,3000,3000,3000,3000,3000,3000,3000,3000
3000,3000,3000,3000,3000,3000,3000,3000,3000
3000,3000,3000,3000,3000,3000,3000,3000,3000
1379.74,438.532,438.412,438.015,435.996,439.213,442.763,438.642,439.762
-251.883,-258.496,1322.5,-255.986,-255.797,-252.963,-252.58,-251.47,-255.143
1775.5,877.569,883.554,880.262,878.08,883.129,882.096,882.231,885.262
1148.28,1150.29,1144.25,1777.42,1152.03,1140.57,1144.42,1147.93,1146.28
1843.8,1843.89,1843.96,1843.95,1843.99,1843.11,1880.95,1843.7,1843.65
1864.69,1864.69,1864.69,1864.39,1864.13,1864.67,1864.36,1864.59,1864.61
2437.28,2436.91,2437.1,2437.12,2437.72,2437.81,2437.28,2437.33,2437.89
2991.26,2991.92,2991.54,2991.16,2990.77,2990.54,2990.12,2991.04,2992.28
3000,3000,3000,3000,3000,3000,3000,3000,3000
3000,3000,3000,3000,3000,3000,3000,3000,3000
3000,3000,3000,3000,3000,3000,3000,3000,3000
3000,3000,3000,3000,3000,3000,3000,3000,3000
3000,3000,3000,3000,3000,3000,3000,3000,3000
3000,3000,3000,3000,3000,3000,3000,3000,3000
146.054,129.221,1490.2,136.702,147.224,137.501,133.168,134.278,138.358
-957.332,1757.97,-952.715,-937.213,-950.196,-962.946,-964.054,-939.623,-944.741
-690.072,-696.282,-678.402,-698.65,1716.3,-681.862,-688.662,-687.646,-688.94
1041.57,1039.73,1038.76,1759.74,1041.36,1046.03,1033.42,1044.14,1044.63
1872.63,1993.24,1872.66,1872.54,1872.17,1871.95,1872.59,1872.57,1872.54
1986,1946.44,1946.5,1946.53,1946.21,1946.55,1946.36,1946.21,1946.48
2123.6,2123.7,2123.86,2123.57,2123.75,2123.75,2123.93,2123.2,2123.08
2976.14,2976.96,2974.83,2976.21,2976.17,2975.42,2976.56,2976.2,2975.39
3000,3000,3000,3000,3000,3000,3000,3000,3000
3000,3000,3000,3000,3000,3000,3000,3000,3000
3000,3000,3000,3000,3000,3000,3000,3000,3000
3000,3000,3000,3000,3000,3000,3000,3000,3000
3000,3000,3000,3000,3000,3000,3000,3000,3000
3000,3000,3000,3000,3000,3000,3000,3000,3000
1778.07,1777.27,1777.68,1777.24,1777.3,1790.24,1777.43,1777.4,1778.56
-808.478,-818.447,-812.589,-794.55,-796.558,-795.489,-813.553,1511.47,-827.5
-693.751,-655.956,1861.88,-708.767,-630.348,-672.397,-685.6,-668.741,-676.871
1093.49,1114.21,1133.03,1103.61,1684.28,1119.31,1115.21,1116.82,1108.62
1836.64,1836.52,1836.2,1836.63,1836.63,2054.78,1836.58,1836.3,1836.6
1890.81,1890.98,1890.87,2079.95,1890.77,1890.81,1888.93,1891.08,1890.95
2207.23,1969.23,1969.39,1969.26,1969.05,1969.35,1969.19,1969.02,1969.03
2935.81,2936.69,2937.22,2937.69,2936,2937.63,2936.1,2937.82,2935.36
3000,3000,3000,3000,3000,3000,3000,3000,3000
3000,3000,3000,3000,3000,3000,3000,3000,3000
3000,3000,3000,3000,3000,3000,3000,3000,3000
3000,3000,3000,3000,3000,3000,3000,3000,3000
3000,3000,3000,3000,3000,3000,3000,3000,3000
3000,3000,3000,3000,3000,3000,3000,3000,3000
1839.74,1839.3,1836.65,1839.8,1837.22,1916.08,1839.22,1839.27,1837.38
-187.745,-185.895,2166.59,-184.405,-199.804,-183.555,-174.974,-199.86,-196.628
-880.687,2067.13,-908.254,-900.108,-898.125,-905.426,-902.872,-886.886,-893.313
-138.564,2567.9,-131.462,-142.477,-117.853,-132.568,-102.451,-97.9412,-123.927
1812.6,1809.53,1812.58,1812.14,1812.59,2087.91,1812.68,1812.25,1811.97
1838.12,1867.07,1838.36,1837.9,1838.42,1837.8,1838.41,1837.74,1838.08
1899.46,1899.09,1899.4,1902.37,1899.59,1899.02,1899.06,1899.52,1899.5
2923.38,2922.56,2923.16,2922.8,2921.52,2922.91,2921.95,2921.59,2921.87
3000,3000,3000,3000,3000,3000,3000,3000,3000
3000,3000,3000,3000,3000,3000,3000,3000,3000
3000,3000,3000,3000,3000,3000,3000,3000,3000
3000,3000,3000,3000,3000,3000,3000,3000,3000
3000,3000,3000,3000,3000,3000,3000,3000,3000
3000,3000,3000,3000,3000,3000,3000,3000,3000
2036.38,2037.56,2103.26,2038.19,2039.75,2038.63,2039.32,2040.13,2039.73
59.79,53.6885,56.0422,63.5955,45.304,59.3112,54.7359,52.522,1750.56
392.67,388.849,388.184,382.436,382.459,372.788,370.182,379.116,2501.39
2612.16,1664.27,1665.97,1664.87,1663.61,1665.96,1664.68,1665.9,1666.07
1791.66,2195.71,1791.52,1791.69,1791.74,1791.87,1791.84,1791.72,1791.17
2473.03,1790.52,1790.15,1790.42,1790.54,1790.47,1790.33,1790.15,1790.3
2698.21,1825.57,1825.44,1825.31,1825.52,1825.5,1825.64,1825.46,1825.01
2929.47,2930.4,2931.56,2939.49,2930.35,2931.1,2931.58,2929.75,2930.25
3000,3000,3000,3000,3000,3000,3000,3000,3000
3000,3000,3000,3000,3000,3000,3000,3000,3000
3000,3000,3000,3000,3000,3000,3000,3000,3000
3000,3000,3000,3000,3000,3000,3000,3000,3000
3000,3000,3000,3000,3000,3000,3000,3000,3000
3000,3000,3000,3000,3000,3000,3000,3000,3000
1434.93,1658.61,1435.85,1435.28,1433.47,1432.98,1435.86,1434.61,1431.88
-985.81,-983.448,-963.297,-984.149,-983.338,-981.61,-985.995,-977.376,1348.51
-966.109,-983.907,-986.392,-981.425,2187.02,-982.098,-982.016,-979.674,-986.334
-862.358,-838.524,-849.58,-862.364,-843.367,-849.796,-838.328,-857.546,2486.43
1729.65,1732.51,3354.14,1732.28,1732.11,1731.96,1732.57,1732.23,1732.54
1756.74,1757.16,2916.8,1756.93,1756.8,1757.02,1756.98,1756.71,1757.11
1795.01,1794.86,2861.78,1794.22,1794.47,1794.95,1794.96,1794.49,1794.42
2915.86,2915.59,2915.67,2915.27,2915.4,2944.34,2915.28,2915.4,2915.26
3000,3000,3000,3000,3000,3000,3000,3000,3000
3000,3000,3000,3000,3000,3000,3000,3000,3000
3000,3000,3000,3000,3000,3000,3000,3000,3000
3000,3000,3000,3000,3000,3000,3000,3000,3000
3000,3000,3000,3000,3000,3000,3000,3000,3000
3000,3000,3000,3000,3000,3000,3000,3000,3000
1973.53,1973.81,1973.35,1973.68,1973.4,1973.71,1973.37,1973.61,1973.77
-631.293,1589.73,-638.679,-652.739,-629.325,-635.073,-642.323,-634.445,-633.312
-920.226,-928.791,-904.45,-924.684,-908.401,-906.497,1548.5,-914.081,-905.276
733.559,737.096,741.676,730.142,728.056,727.337,726.791,725.401,1709.86
1775.95,1775.93,1775.93,1776,1776.05,1775.92,1789.09,1775.93,1775.99
1784.55,1784.28,1784.47,1783.84,1784.54,1784.56,1784.55,1784.55,1784.4
1886.63,1886.72,1886.45,1887.01,1886.93,1887.05,1886.97,1886.84,1886.78
2936.52,2934.92,2934.76,2934.77,2935.59,2935.35,2934.49,2935.69,2936.22
3000,3000,3000,3000,3000,3000,3000,3000,3000
3000,3000,3000,3000,3000,3000,3000,3000,3000
3000,3000,3000,3000,3000,3000,3000,3000,3000
3000,3000,3000,3000,3000,3000,3000,3000,3000
3000,3000,3000,3000,3000,3000,3000,3000,3000
3000,3000,3000,3000,3000,3000,3000,3000,3000
1740.46,1740.64,1740.51,1740.47,1740.64,1740.24,1740.6,1739.01,1738.57
-536.865,-549.212,-544.073,-524.969,-545.228,-532.032,-542.798,-544.377,1450.58
50.7298,38.1383,76.4677,60.71,71.5167,1728.85,50.0689,45.0764,55.1545
1778.9,1778.98,1778.48,1779.01,1778.83,1782.84,1778.85,1778.66,1778.95
1809.87,1879.64,1809.95,1810.11,1809.81,1809.97,1810.19,1809.96,1810.13
1818.35,1818.14,1818.27,1818.04,1817.85,1818.28,1818.41,1818.44,1818.07
1991.29,1991.45,1991.27,1991.5,1991.15,1992.3,1991.25,1991.75,1991.36
2955.66,2955.67,2957.44,2957.74,2955.71,2956.05,2955.88,2955.56,2955.78
3000,3000,3000,3000,3000,3000,3000,3000,3000
3000,3000,3000,3000,3000,3000,3000,3000,3000
3000,3000,3000,3000,3000,3000,3000,3000,3000
3000,3000,3000,3000,3000,3000,3000,3000,3000
3000,3000,3000,3000,3000,3000,3000,3000,3000
3000,3000,3000,3000,3000,3000,3000,3000,3000
1780.17,1780.17,1780.21,1780.14,1780.14,1779.64,1780.2,1780.11,1779.83
-368.56,-377.988,-371.505,-373.129,-348.471,-368.412,-361.589,1620.67,-350.364
-684.625,-703.375,-694.694,-686.06,-688.563,-697.89,-678.154,-695.355,1553.8
1355.29,6130.02,1365.61,1365.42,1378.81,1380.43,1362.35,1341.43,1367.06
1821.18,1820.96,1821.06,1817.51,1820.44,1821.13,1821.04,1825.32,1820.6
1833.11,1832.83,1832.93,1832.82,1833.14,1832.93,1832.93,1832.75,1832.47
2073.35,2073.01,2072.66,2072.93,2073.4,2073.43,2073.04,2072.76,2072.76
2959.71,2960.61,2960.17,2961.68,2961.4,2959.91,2962.06,2961.12,2961.52
3000,3000,3000,3000,3000,3000,3000,3000,3000
3000,3000,3000,3000,3000,3000,3000,3000,3000
3000,3000,3000,3000,3000,3000,3000,3000,3000
3000,3000,3000,3000,3000,3000,3000,3000,3000
3000,3000,3000,3000,3000,3000,3000,3000,3000
3000,3000,3000,3000,3000,3000,3000,3000,3000
1873.38,1875.52,1875.49,1872.81,1875.22,1875.41,1874.94,1871.77,1875.24
643.305,636.258,622.907,635.358,631.779,631.524,1729.37,627.708,625.131
6137.29,453.124,519.342,527.62,575.82,438.821,447.185,461.525,499.212
2354.62,2.39961,-4.66921,13.1654,-5.90834,-23.5242,-40.8207,-80.4534,-81.6491
1807.08,1807.14,1806.76,1806.99,1807.09,1807.07,1807.13,1864.25,1807.05
1826.71,1826.55,1826.68,1826.51,1826.45,1854.03,1826.7,1826.47,1826.6
1955.45,1955.67,1955.38,1955.36,1954.44,1955.3,1955.56,1955.13,1955.3
2950.38,2951.21,2950.31,2951.67,2951.78,2952.18,2950.08,2949.75,2951.67
3000,3000,3000,3000,3000,3000,3000,3000,3000
3000,3000,3000,3000,3000,3000,3000,3000,3000
3000,3000,3000,3000,3000,3000,3000,3000,3000
3000,3000,3000,3000,3000,3000,3000,3000,3000
3000,3000,3000,3000,3000,3000,3000,3000,3000
3000,3000,3000,3000,3000,3000,3000,3000,3000
1968.75,1967.19,1970.67,1969.07,1971.01,1967.9,1970.99,1970.8,1970.79
-482.307,-469.116,-472.348,-472.119,-469.865,-452.952,-473.181,1380.45,-467.307
-873.419,-899.401,-924.608,-874.627,-895.424,-897.763,1737.92,-874.047,-915.282
885.861,876.005,870.044,1887.09,861.814,874.582,861.192,851.497,861.985
1897.25,1847.94,1847.87,1847.95,1847.56,1847.88,1847.85,1847.66,1847.88
1850.81,1850.76,1850.65,1850.77,1850.21,1913.06,1850.73,1850.61,1850.8
1934.95,1934.83,1934.59,1934.86,1934.12,1935,1934.84,1940.31,1934.91
2984.58,2984.32,2983.2,2983.62,2983.6,2982.98,2984.57,2982.96,2983.36
3000,3000,3000,3000,3000,3000,3000,3000,3000
3000,3000,3000,3000,3000,3000,3000,3000,3000
3000,3000,3000,3000,3000,3000,3000,3000,3000
3000,3000,3000,3000,3000,3000,3000,3000,3000
3000,3000,3000,3000,3000,3000,3000,3000,3000
3000,3000,3000,3000,3000,3000,3000,3000,3000
31.8316,1278.82,39.1962,32.7067,33.8319,32.9694,30.4325,36.3782,41.5287
-967.602,-981.331,1663.52,-964.865,-969.824,-952.933,-979.781,-956.485,-979.444
-818.177,-817.333,-819.98,-819.712,1264.39,-819.402,-807.949,-822.361,-819.392
923.749,1777.94,918.461,917.232,923.458,921.368,920.608,926.48,915.353
1854.93,1889.41,1855.15,1855.18,1855.13,1855,1855.11,1855.16,1855.21
1870.31,1870.56,1870.6,1942.62,1870.57,1870.56,1870.32,1870.55,1870.39
2490.66,2491.21,2489.88,2490.47,2488.83,2489.85,2490.95,2491,2490.42
2993.22,2995.11,2994.59,2994.97,2993.49,2994.48,2993.32,2994.45,2994.16
3000,3000,3000,3000,3000,3000,3000,3000,3000
3000,3000,3000,3000,3000,3000,3000,3000,3000
3000,3000,3000,3000,3000,3000,3000,3000,3000
3000,3000,3000,3000,3000,3000,3000,3000,3000
3000,3000,3000,3000,3000,3000,3000,3000,3000
3000,3000,3000,3000,3000,3000,3000,3000,3000
2346.99,2347.56,2347.73,2346.92,2345.97,2346.99,2346.62,2346.37,2347.17
1711.07,1712.12,1708.99,1710.38,1708.49,1711.34,1710.81,1709.01,1782.1
1904.5,1904.02,1904.36,1902.85,1904.64,1904.24,1904.47,1904.66,1904.09
1868.17,1868.05,1867.98,1891.2,1865.17,1868.22,1868.44,1865.67,1868.26
1875.9,1876.4,1876.47,1876.06,1876.48,1876.51,1876.32,1876.54,1876.44
1961.61,1961.54,1961.49,1961.3,1960.79,1961.58,1961.16,1961.13,1961.08
2072.28,2072.25,2072.45,2071.68,2072.49,2072.6,2072.41,2072.18,2072.35
2984.05,2984.8,2983.09,2984.2,2984.48,2983.76,2984.23,2984.38,2983.47
3000,3000,3000,3000,3000,3000,3000,3000,3000
3000,3000,3000,3000,3000,3000,3000,3000,3000
3000,3000,3000,3000,3000,3000,3000,3000,3000
3000,3000,3000,3000,3000,3000,3000,3000,3000
3000,3000,3000,3000,3000,3000,3000,3000,3000
3000,3000,3000,3000,3000,3000,3000,3000,3000
1694.76,1694.54,1692.25,1694.72,1694.63,1692.02,1693.5,1694.43,1694.68
-718.921,-725.483,-713.78,-715.239,-732.301,-728.908,-716.061,-704.41,1462.06
-399.18,-405.219,-406.243,-390.034,-413.153,-387.257,-401.981,-399.007,1622.13
1779.52,1776.65,1779.54,1779.53,1778.7,1781.64,1779.48,1779.5,1779.54
1904.41,1905.01,1904.9,1905.06,1905.02,1905.07,1904.85,1931.47,1904.51
1915.52,1915.77,1915.71,1915.61,1915.65,1927.76,1915.78,1915.37,1915.58
2085.22,2084.32,2085.25,2085.17,2084.73,2085.06,2084.64,2084.71,2084.86
2972.15,2973.04,2972.77,2973.49,2972.3,2972.14,2974.22,2971.83,2973.34
3000,3000,3000,3000,3000,3000,3000,3000,3000
3000,3000,3000,3000,3000,3000,3000,3000,3000
3000,3000,3000,3000,3000,3000,3000,3000,3000
3000,3000,3000,3000,3000,3000,3000,3000,3000
3000,3000,3000,3000,3000,3000,3000,3000,3000
3000,3000,3000,3000,3000,3000,3000,3000,3000
1890.42,1888.78,1890.39,1890.16,1890.42,1892.6,1890.44,1890.55,1890.48
-657.356,-662.416,-661.154,-650.902,-659.145,-662.374,1521.33,-658.912,-660.2
-884.637,-921.557,-911.191,-914.833,-883.1,1505.19,-916.109,-915.417,-893.334
-14.317,-6.02721,11.1289,-4.0069,6.4041,-30.0893,-0.994562,10.3328,1675.02
1798.07,1801.4,1801.31,1838.61,1801.41,1801.54,1801.53,1801.28,1800.95
1863.86,1840.06,1840.34,1840.26,1840.21,1840.19,1840.28,1840.22,1840.19
1949.28,1935.79,1936,1935.62,1935.79,1935.75,1935.96,1935.49,1935.05
2949.66,2948.52,2950.17,2950.39,2951.14,2949.14,2948.71,2951.07,2950.56
3000,3000,3000,3000,3000,3000,3000,3000,3000
3000,3000,3000,3000,3000,3000,3000,3000,3000
3000,3000,3000,3000,3000,3000,3000,3000,3000
3000,3000,3000,3000,3000,3000,3000,3000,3000
3000,3000,3000,3000,3000,3000,3000,3000,3000
3000,3000,3000,3000,3000,3000,3000,3000,3000
1583.86,1597.01,1585.28,1586.14,1586.14,1586.7,1586.12,1586.12,1586.24
-877.951,-897.757,1622.1,-876.389,-885.716,-873.698,-898.118,-890.642,-899.95
-988.36,-986.485,-990.404,-983.582,1361.83,-983.619,-989.522,-994.004,-984.984
-854.206,-858.458,1912.84,-843.067,-859.667,-859.289,-857.481,-877.457,-849.811
1748.17,1746.94,2338.45,1749.36,1749.39,1748.83,1749.06,1749.17,1749.2
1788.03,1787.35,1866.72,1787.61,1787.93,1787.14,1788.02,1787.81,1787.59
1879.09,1879.54,1879.72,1879.65,1879.94,1879.54,1896.51,1880.15,1879.63
2937.58,2937.03,2936.55,2936.94,2936.4,2935.24,2937.61,2936.08,2935.68
3000,3000,3000,3000,3000,3000,3000,3000,3000
3000,3000,3000,3000,3000,3000,3000,3000,3000
3000,3000,3000,3000,3000,3000,3000,3000,3000
3000,3000,3000,3000,3000,3000,3000,3000,3000
3000,3000,3000,3000,3000,3000,3000,3000,3000
3000,3000,3000,3000,3000,3000,3000,3000,3000
859.845,863.414,864.701,858.261,860.709,1565.85,863.37,860.718,859.956
-987.952,-989.676,-974.666,-974.67,-979.386,1438.56,-990.725,-981.872,-973.893
-952.256,-978.139,-982.026,1858.69,-975.599,-977.939,-968.42,-981.838,-983.212
-876.308,-867.221,-880.78,-859.069,2434.85,-849.855,-878.571,-864.893,-874.056
3043.83,1693.58,1694.78,1694.3,1694.18,1691.58,1692.7,1691.24,1694.61
1725.5,2959.17,1725.21,1724.93,1725.09,1725.04,1725.48,1725.31,1725.25
1741.62,1741.02,1741.74,1741.46,1741.57,2447.43,1741.63,1741.38,1741.88
2879.2,2879.85,2879.02,2880.29,2879.39,2879.42,2879.08,2881.02,2879.13
3000,3000,3000,3000,3000,3000,3000,3000,3000
3000,3000,3000,3000,3000,3000,3000,3000,3000
3000,3000,3000,3000,3000,3000,3000,3000,3000
3000,3000,3000,3000,3000,3000,3000,3000,3000
3000,3000,3000,3000,3000,3000,3000,3000,3000
3000,3000,3000,3000,3000,3000,3000,3000,3000
2001.9,2001.46,2001.65,2001.26,2001.64,2001.18,2001.36,2001.56,2001.56
1645.04,-149.356,-166.421,-158.868,-154.757,-167.989,-151.771,-166.288,-165.425
-956.241,-955.468,-962.192,-963.122,1562.68,-943.074,-965.044,-963.933,-953.979
-178.527,-175.836,-182.457,-196.084,-191.269,-195.597,1656.72,-170.042,-201.604
1774.18,1774.1,1773.97,1773.74,1774.18,1773.99,1774.25,1774.12,1774.01
1796.29,1781.81,1781.56,1781.76,1781.71,1781.61,1781.79,1781.69,1781.77
1888.58,1888.32,1888.67,1888.47,1888.41,1888.61,1888.58,1888.51,1888.45
2964.02,2963.37,2965.1,2964.06,2964.64,2964.71,2964.19,2965.52,2964.45
3000,3000,3000,3000,3000,3000,3000,3000,3000
3000,3000,3000,3000,3000,3000,3000,3000,3000
3000,3000,3000,3000,3000,3000,3000,3000,3000
3000,3000,3000,3000,3000,3000,3000,3000,3000
3000,3000,3000,3000,3000,3000,3000,3000,3000
3000,3000,3000,3000,3000,3000,3000,3000,3000
1952.17,1951.86,1951.97,1952.04,1951.86,1951.95,1951.96,1951.75,1949.64
1395.04,1762.16,1400.91,1402.02,1402.37,1398.5,1402.89,1402.56,1392.96
720.896,720.718,721.959,715.106,713.342,713.334,721.103,712.92,1598.76
494.759,483.118,484.93,490.169,1649.06,487.775,481.178,494.642,497.393
1784.19,1784,1784.07,1784.48,1784.23,1803.96,1784.25,1784.23,1784.22
1789.69,1789.71,1789.49,1789.86,1789.64,1789.49,1789.66,1789.4,1789.58
1946.77,1946.83,1946.89,1946.83,1946.46,1946.32,1946.37,1946.9,1946.2
2968.48,2970.95,2968.76,2970.22,2968.18,2969.63,2970.13,2968.73,2970.02
3000,3000,3000,3000,3000,3000,3000,3000,3000
3000,3000,3000,3000,3000,3000,3000,3000,3000
3000,3000,3000,3000,3000,3000,3000,3000,3000
3000,3000,3000,3000,3000,3000,3000,3000,3000
3000,3000,3000,3000,3000,3000,3000,3000,3000
3000,3000,3000,3000,3000,3000,3000,3000,3000
1617.49,1428.41,1428.42,1427.06,1427.07,1426.47,1426.79,1427.84,1426.62
-908.473,-915.048,-908.124,-923.076,-898.277,1475.15,-914.246,-924.492,-912.077
-669.995,-688.769,-685.573,-666.914,-680.781,-677.824,-674.945,-670.779,1741.85
1715.2,1714.75,1715.04,1762.61,1714.33,1715.17,1713.81,1713.34,1713.87
1854.92,1854.6,1854.74,1854.58,1919.05,1854.85,1854.46,1854.51,1854.7
1870.71,1870.42,1870.93,1870.9,1904.13,1870.81,1870.91,1870.58,1870.42
2188.93,2188.65,2188.61,2189.4,2188.52,2189.06,2189.34,2188.45,2188.93
2977.34,2978.1,2977.71,2979.18,2976.26,2977.65,2977.29,2978.57,2976.92
3000,3000,3000,3000,3000,3000,3000,3000,3000
3000,3000,3000,3000,3000,3000,3000,3000,3000
3000,3000,3000,3000,3000,3000,3000,3000,3000
3000,3000,3000,3000,3000,3000,3000,3000,3000
3000,3000,3000,3000,3000,3000,3000,3000,3000
3000,3000,3000,3000,3000,3000,3000,3000,3000
1443.55,1592.28,1444.46,1443.3,1444.19,1445.28,1444.75,1444.19,1445.71
-943.117,-936.699,-948.551,-919.243,-945.207,1462.14,-946.259,-922.433,-942.153
-914.888,-923.784,1695.19,-918.487,-945.05,-901.468,-921.266,-918.802,-923.395
82.5434,1967.52,87.3619,94.5453,80.1245,89.2013,121.211,93.8287,61.5845
1828.2,1882.81,1828.24,1828.24,1828.3,1826.93,1828.3,1828.04,1828.13
1886.72,1886.57,1886.75,1886.78,1886.47,1886.58,1886.53,1885.98,1892.52
2433.37,2434.07,2433.95,2433.45,2432.71,2432.96,2433.94,2434.07,2433.43
2988.07,2985.76,2987.66,2987.7,2986.06,2985.98,2986.2,2988.05,2988.09
3000,3000,3000,3000,3000,3000,3000,3000,3000
3000,3000,3000,3000,3000,3000,3000,3000,3000
3000,3000,3000,3000,3000,3000,3000,3000,3000
3000,3000,3000,3000,3000,3000,3000,3000,3000
3000,3000,3000,3000,3000,3000,3000,3000,3000
3000,3000,3000,3000,3000,3000,3000,3000,3000
632.872,633.427,629.88,635.999,633.798,1441.5,639.454,632.03,638.616
-971.979,-973.985,1600.11,-971.764,-971.561,-971.625,-961.831,-961.872,-968.424
-921.815,-942.73,-945.204,-941.27,-934.183,-927.43,-940.709,1520.77,-942.004
6140.58,855.88,849.017,847.584,835.409,852.376,851.706,840.065,836.682
1841.05,1840.86,1840.7,1841.07,1841.07,1840.55,1840.78,1840.45,1840.87
1921.41,1931.58,1921.53,1921.38,1921.02,1921.41,1921.32,1920.6,1921.28
2611.21,2609.71,2611,2610.43,2611.17,2609.84,2609.71,2613.46,2610.78
2995.78,2995.66,2995.34,2993.52,2996.33,2994.2,2996.56,2996.51,2996.52
3000,3000,3000,3000,3000,3000,3000,3000,3000
3000,3000,3000,3000,3000,3000,3000,3000,3000
3000,3000,3000,3000,3000,3000,3000,3000,3000
3000,3000,3000,3000,3000,3000,3000,3000,3000
3000,3000,3000,3000,3000,3000,3000,3000,3000
3000,3000,3000,3000,3000,3000,3000,3000,3000
966.187,966.785,966.682,968.845,971.452,967.014,970.825,971.304,1481.76
101.462,94.1546,102.247,93.0005,100.095,100.373,101.518,88.7041,1541.78
911.091,912.167,921.962,910.742,1641.78,922.495,914.115,917.035,919.341
1858.12,1831.49,1835.27,6143.49,1820.73,1852.49,1863.19,1823.3,1840.99
1853.57,1853.49,1853.4,1853.21,1852.96,1852.92,1853.57,1853.09,1853.57
1887.01,1905.01,1887.05,1887.08,1887.1,1887.03,1887.11,1886.73,1887.15
2670.74,2671.36,2671.95,2671.14,2670.06,2671.17,2670.49,2670.93,2671.23
2996.6,2998.2,2998.16,2996.09,2998.2,2997.84,2997.37,2997.72,2997.57
3000,3000,3000,3000,3000,3000,3000,3000,3000
3000,3000,3000,3000,3000,3000,3000,3000,3000
3000,3000,3000,3000,3000,3000,3000,3000,3000
3000,3000,3000,3000,3000,3000,3000,3000,3000
3000,3000,3000,3000,3000,3000,3000,3000,3000
3000,3000,3000,3000,3000,3000,3000,3000,3000
1327.2,1326.99,1497.75,1324.87,1325.11,1324.47,1325.67,1327.58,1324.19
-194.164,-187.847,1555.68,-173.22,-179.861,-183.648,-179.571,-192.409,-181.868
1110.95,1112.01,1112.03,1601.48,1111.9,1113.56,1113.69,1113.53,1108.82
1851.11,1851.15,1851.25,1923.45,1851.16,1851.29,1851.03,1851.08,1851.22
1875.23,1875.01,1875.37,1875.51,1875.29,1875.46,1875.51,1875.48,1875.16
1989.93,1989.87,1989.57,1989.89,1989.97,1990.24,1990.06,1989.04,1990.14
2448.55,2449.06,2448.43,2448.93,2449.01,2448.49,2449.51,2449.85,2449.21
2996.59,2996.95,2997.27,2996.95,2996.6,2995.95,2996.18,2995.52,2995.24
3000,3000,3000,3000,3000,3000,3000,3000,3000
3000,3000,3000,3000,3000,3000,3000,3000,3000
3000,3000,3000,3000,3000,3000,3000,3000,3000
3000,3000,3000,3000,3000,3000,3000,3000,3000
3000,3000,3000,3000,3000,3000,3000,3000,3000
3000,3000,3000,3000,3000,3000,3000,3000,3000
1492.85,1492.23,1492.55,1491.86,1574.52,1493.28,1490.32,1491.61,1491.99
-806.244,-815.296,-803.476,-827.368,-798.193,-809.467,-820.098,-807.725,1560
-899.72,-898.083,-911.783,-903.107,1611.22,-895.113,-897.666,-898.55,-917.909
283.502,271.204,1716.86,308.984,279.861,301.495,290.931,293.688,282.436
1852.07,1852.42,1851.66,1852.27,1852.3,1851.87,1852.08,1852.31,1852.3
1925.35,1925.39,1925.57,1925.11,1924.92,1925.41,1925.25,1925.18,1925.27
2192.82,2192.84,2192.5,2193.09,2192.34,2192.22,2192.96,2192.57,2193.05
2991.15,2992.01,2992.6,2992.55,2991.43,2993.23,2991.67,2991.25,2993.11
3000,3000,3000,3000,3000,3000,3000,3000,3000
3000,3000,3000,3000,3000,3000,3000,3000,3000
3000,3000,3000,3000,3000,3000,3000,3000,3000
3000,3000,3000,3000,3000,3000,3000,3000,3000
3000,3000,3000,3000,3000,3000,3000,3000,3000
3000,3000,3000,3000,3000,3000,3000,3000,3000
1676.48,1676.64,1675.05,1674.95,1676.61,1674.75,1675.56,1674.98,1674.3
-852.191,1487.19,-864.85,-852.049,-852.622,-839.833,-856.549,-865.317,-861.259
-866.854,1582.6,-866.321,-873.783,-885.368,-849.489,-831.626,-860.891,-865.314
959.523,959.669,961.01,1677.62,966.957,967.156,964.61,971.842,962.067
1841.38,1841.3,1841.46,1852.97,1839.54,1841.46,1841.4,1841.07,1841.43
1850.48,1850.02,1858.85,1850.63,1850.64,1850.25,1850.61,1849.3,1850.48
1996.93,1996.86,1997.04,1996.38,1996.86,1997.17,1997.17,1996.81,1996.17
2978.39,2978.35,2978.48,2977.02,2978.18,2977.06,2977.1,2978.79,2978.47
3000,3000,3000,3000,3000,3000,3000,3000,3000
3000,3000,3000,3000,3000,3000,3000,3000,3000
3000,3000,3000,3000,3000,3000,3000,3000,3000
3000,3000,3000,3000,3000,3000,3000,3000,3000
3000,3000,3000,3000,3000,3000,3000,3000,3000
3000,3000,3000,3000,3000,3000,3000,3000,3000
1795.36,1797.75,1798.77,1798.52,1798.87,1798.25,1798.22,1798.85,1798.3
-156.225,-166.514,-172.608,-161.642,-174.618,-165.445,-154.979,1591.99,-154.753
-284.477,-281.802,-274.089,-284.335,-257.866,-269.374,-271.161,-266.122,1559.18
185.456,189.3,186.718,188.767,1653.18,186.183,196.596,193.261,181.612
1771.89,1771.78,1771.61,1772.02,1772.12,1772.08,1772.07,1771.77,1771.84
1773.89,1773.86,1773.99,1774.11,1774.11,1773.62,1773.69,1773.99,1773.8
1854.19,1854.47,1854.3,1854.47,1853.54,1854.48,1854.38,1853.78,1854.2
2961.41,2963.2,2963.19,2963.38,2961.88,2963.99,2963.69,2962.43,2964
3000,3000,3000,3000,3000,3000,3000,3000,3000
3000,3000,3000,3000,3000,3000,3000,3000,3000
3000,3000,3000,3000,3000,3000,3000,3000,3000
3000,3000,3000,3000,3000,3000,3000,3000,3000
3000,3000,3000,3000,3000,3000,3000,3000,3000
3000,3000,3000,3000,3000,3000,3000,3000,3000
1827.19,1827.19,1827.13,1827.17,1826.59,1827.05,1826.9,1826.97,1826.97
-114.902,1612.22,-122.96,-135.899,-122.533,-129.514,-130.694,-124.241,-128.394
-902.387,-916.259,-918.647,-908.137,-921.907,-904.88,-909.479,1530.24,-884.524
-200.683,-211.113,-180.881,-202.992,-203.356,-190.945,-194.561,-184.141,1585.31
1740.26,1739.5,1740.26,1740.53,1740.23,1739.94,1740.77,1740.53,1740.72
1755.64,1755.12,1755.59,1755.56,1755.96,1755.81,1755.35,1755.28,1755.66
1829.04,1829.65,1829.56,1829.39,1829.49,1829.08,1829.7,1829.48,1829.85
2955.62,2956.61,2954.99,2954.59,2956.64,2955.51,2954.57,2955.02,2956.07
3000,3000,3000,3000,3000,3000,3000,3000,3000
3000,3000,3000,3000,3000,3000,3000,3000,3000
3000,3000,3000,3000,3000,3000,3000,3000,3000
