0.227988 0.219884
0.385078 0.396616
0.423769 0.399259
0.397818 0.428079
0.468634 0.48771
0.503667 0.470654
0.422466 0.506723
0.376598 0.4538
0.441278 0.412917
0.470187 0.440724
0.384986 0.412083
0.338391 0.370276
0.252843 0.284137
0.174934 0.240947
0.391441 0.106495
0.423833 0.576125
0.473045 0.526946
0.474976 0.524994
0.986006 0.000186543
0.176542 0.0770934
1.70845e-07 1.25088e-06
0.0131974 0.00206196
0.00631072 0.0089518
0.0537528 0.0438815
0.0839781 0.0786555
0.239419 0.241771
0.131206 0.202908
0.634877 0.195137
0.669252 0.176528
0.632657 0.197761
0.677912 0.148077
0.679082 0.192764
0.598722 0.194468
0.468287 0.229468
0.374769 0.163077
0.316409 0.182707
0.327497 0.219943
0.273906 0.227842
0.162047 0.229369
0.244637 0.334813
0.27938 0.149552
0.744271 0.253868
0.929407 0.0704774
0.99998 2.00648e-05
0.999921 7.54947e-05
0.146246 0.782755
0.011839 0.211745
0.000305313 0.182198
0.0790707 0.579984
0.177139 0.476915
0.146769 0.400838
0.0814966 0.171399
0.0543443 0.150599
0.369418 0.279343
0.50388 0.266478
0.464052 0.234539
0.30425 0.434245
0.370495 0.481588
0.435429 0.286468
0.179824 0.428065
0.110503 0.313516
0.129246 0.174671
0.205346 0.30004
0.12232 0.334048
0.113998 0.300592
0.139002 0.311358
0.0348987 0.285251
0.095016 0.222159
0.167073 0.03225
0.618825 0.000930268
0.152569 0.056559
0.0775421 0.00911158
0.00444149 0.010854
0.0465932 0.166621
0.412982 0.229603
0.36244 0.228095
0.286944 0.186622
0.0315461 0.146268
0.0294973 0.139327
0.139254 0.187806
0.192863 0.230228
0.34368 0.260442
0.353994 0.459727
0.19678 0.435347
0.15093 0.305836
0.154098 0.301077
0.0969903 0.260337
0.135042 0.315702
0.223413 0.354172
0.159302 0.279894
0.120668 0.307965
0.0499173 0.106944
0.0748716 0.0661095
0.000926045 0.0542973
0.16748 0.0203663
0.00138805 2.96726e-05
3.53007e-06 9.52969e-06
5.7225e-06 0.00693112
0.0277419 0.31599
0.378573 0.28823
0.118908 0.0726276
0.125841 0.119139
0.116529 0.160504
0.0122949 0.0899338
0.0304977 0.132416
0.0525897 0.104843
0.161647 0.225742
0.097959 0.210518
0.185938 0.2597
0.147325 0.294565
0.109052 0.51034
0.137506 0.417995
0.118091 0.204528
0.12349 0.223207
0.163254 0.266866
0.12196 0.220996
0.1638 0.304518
0.0128964 0.0561535
6.60521e-05 0.00124963
2.55964e-05 0.00128849
1.3059e-06 4.87638e-06
3.32201e-09 4.33366e-08
2.00984e-08 3.28369e-06
0.000490318 0.999484
0.132466 0.0025588
0.121901 0.0701107
0.0153821 0.144088
0.0341726 0.14374
0.0370596 0.15767
0.000805108 0.00835701
0.00907843 0.0145152
0.0246966 0.0517026
0.0832201 0.290344
0.142536 0.232852
0.168717 0.176025
0.124096 0.197947
0.115358 0.226801
0.198467 0.308604
0.14636 0.395859
0.144586 0.229668
0.23206 0.278883
0.118359 0.185198
0.113092 0.209563
0.00978139 0.000372411
4.92069e-06 0.00106571
4.53147e-06 0.00301701
0.029762 0.00395836
0.0887012 0.788404
1.02327e-09 0.0342943
0.00438263 1.05673e-05
0.872295 0.127573
0.0724718 0.133169
0.0337359 0.247676
0.0300285 0.191508
0.0259178 0.120371
2.11184e-05 0.0761396
0.0205276 0.21756
0.0146315 0.046847
0.0655455 0.233409
0.0821326 0.119241
0.0998178 0.306681
0.21462 0.163818
0.100731 0.23078
0.123067 0.267795
0.100899 0.261615
0.121408 0.25994
0.126749 0.222866
0.0435453 0.113225
0.063117 0.148156
0.00035737 0.0133138
3.07448e-05 0.000330093
0.019212 0.000420215
0.181912 0.188019
0.000204625 0.0177624
0.00115877 0.998748
0.0690973 0.45855
0.00518524 0.0409411
0.399392 0.230397
0.0256648 0.0662655
0.0120348 0.0467327
0.0028539 0.0277282
0.00878333 0.155651
0.0294937 0.0880074
0.0104295 0.047092
0.0175456 0.0539822
0.0246255 0.0495806
0.0413374 0.178865
0.0266293 0.153948
0.0539183 0.135052
0.038948 0.112569
0.0403575 0.0928381
0.0389648 0.0740979
0.0434693 0.0804598
0.0241983 0.103879
0.0240352 0.128772
0.0311419 0.00878349
0.00119073 0.0612255
0.299897 0.0101524
0.333333 0.333333
0.344306 0.310342
0.333333 0.333333
0.0104137 0.41723
0.000531413 0.0102346
0.0245219 0.169885
0.000907672 0.98945
9.94976e-05 0.996392
3.19027e-05 0.999841
0.0665177 0.353117
0.165249 0.416683
0.145003 0.276949
0.0259684 0.421775
0.0122764 0.227042
0.0159056 0.49503
0.0177707 0.736399
0.0140441 0.646989
0.0114191 0.534974
0.00744207 0.744784
0.00804038 0.641606
0.00924465 0.251471
0.00655836 0.433923
0.0302581 0.485888
0.133851 0.800723
0.270047 0.359493
0.339732 0.339732
0.341375 0.329313
0.342075 0.301062
0.342833 0.314334
0.324694 0.341108
0.180829 0.817048
0.0412771 0.480965
0.278552 0.347421
0.831742 0.0803523
0.781328 0.112255
0.499282 0.248129
