238.925
239.672
242.196
244.409
246.012
247.168
246.501
248.75
251.426
255.522
264.473
276.622
283.76
278.74
278.842
277.615
278.647
281.342
282.441
282.278
276.345
272.596
263.924
253.14
245.011
239.239
239.466
239.846
242.294
244.591
245.807
247.663
248.281
249.465
253.05
257.011
263.861
275.73
284.643
280.346
284.51
281.658
281.067
285.086
286.527
284.733
288.585
281.413
261.324
247.763
241.459
240.284
240.48
239.813
242.334
246.193
250.066
250.608
252.298
252.699
255.353
260.68
264.598
276.374
286.354
284.754
295.197
298.337
294.636
288.444
296.05
300.764
313.466
273.932
254.169
244.475
240.42
241.929
242.343
241
243.474
247.441
251.289
253.345
253.601
256.78
258.537
260.099
265.349
277.423
287.035
288.5
290.674
295.791
299.02
313.112
333.352
342.583
304.981
266.934
252.854
244.652
242.43
245.754
245.498
243.594
245.708
251.515
253.904
255.618
257.688
258.113
261.767
264.088
267.392
279.302
287.964
286.928
293.812
310.438
323.691
369.796
370.106
313.649
301.554
269.145
264.37
251.488
246.646
250.865
249.686
247.774
250.117
252.855
255.77
259.122
260.248
260.92
263.673
265.973
269.265
281.883
289.446
289.943
310.308
367.163
408.661
397.449
369.481
418.019
321.489
274.925
270.569
257.311
250.507
258.381
258.849
254.155
254.046
257.056
259.031
260.076
261.855
263.665
265.936
268.744
272.777
285.538
291.766
296.481
363.953
442.891
457.879
451.415
452.001
477.824
448.522
275.578
274.129
263.423
259.696
261.254
260.923
260.316
259.997
262.51
263.834
264.663
265.436
267.132
268.681
271.089
275.056
287.733
294.005
313.803
449.801
482.497
500
498.083
500
489.661
469.193
279.536
279.229
273.613
269.733
261.541
261.587
263.706
264.148
266.021
268.12
269.612
270.742
271.859
273.299
275.458
278.376
289.962
295.194
418.023
495.021
499.231
500.118
499.926
499.324
499.529
471.682
281.164
279.763
268.329
269.503
261.328
