4000,4000,4000,4000,4000,4000,4000,4000,4000
4000,4000,4000,4000,4000,4000,4000,4000,4000
4000,4000,4000,4000,4000,4000,4000,4000,4000
2528.7,2582.61,2575.12,2541.27,3613.03,2673.13,2661.29,2629.61,2673.72
1359.43,1200.18,1200.41,1200.44,1200.63,1207.15,4920.38,1200.63,1200.63
-778.65,-772.308,-772.184,-778.827,-773.99,-772.361,-772.215,4921.19,-736.974
-314.1,5609.76,145.796,-288.021,-288.021,-288.021,-288.021,-240.09,-288.021
2837.92,2839.31,2792.68,2832.38,2922.33,5733.12,2866.68,2832.89,2837.3
3134.18,3238.52,3133.68,3134.98,3129.8,5615.16,3138.42,3138.9,3137.77
3165.65,3170.84,3159.29,3164,3170.41,5123.54,3170.96,3169.69,3168.14
3958.08,4058.07,3958.84,3962.6,3946.87,3928.73,3936.42,3928.04,3960.54
4000,4000,4000,4000,4000,4000,4000,4000,4000
4000,4000,4000,4000,4000,4000,4000,4000,4000
4000,4000,4000,4000,4000,4000,4000,4000,4000
4000,4000,4000,4000,4000,4000,4000,4000,4000
4000,4000,4000,4000,4000,4000,4000,4000,4000
4000,4000,4000,4000,4000,4000,4000,4000,4000
1980.07,1981.73,1971.89,1983.34,1982.28,1976.65,1982.2,1980.25,2172.96
2236.81,2242.24,2170.86,2120.07,2225.62,4429.92,2185.93,2230.31,2186.69
2491.42,2491.44,2352.95,2491.54,2489.54,2490.74,2486.37,5046.69,2491.69
2881.98,2911.32,5483.82,2961.84,2859.62,2959.7,2963.25,2960.82,2961.46
3164.02,3162.34,3162.3,3243.47,3163.71,5663.96,3164.03,3257.26,3326.38
3081.44,2992.02,2988.79,2996.76,2992.48,5664.21,2996.23,2994.8,2994.08
3195.77,5639.78,3188.92,3191.38,3194.41,3195.83,3195.2,3194.19,3297
3953.45,3935.59,3937.12,3938.79,3941.91,3953.75,3930.35,4074.76,3937.38
4000,4000,4000,4000,4000,4000,4000,4000,4000
4000,4000,4000,4000,4000,4000,4000,4000,4000
4000,4000,4000,4000,4000,4000,4000,4000,4000
4000,4000,4000,4000,4000,4000,4000,4000,4000
4000,4000,4000,4000,4000,4000,4000,4000,4000
4000,4000,4000,4000,4000,4000,4000,4000,4000
4688.94,2029.41,2026.84,2061.58,1999.47,2082.05,2085.02,2115.91,2115.46
-268.566,5707.23,-412.2,-557.415,-869.46,-847.979,-844.922,-203.031,-819.814
-381.617,-756.268,-758.041,-569.007,5719.43,-797.848,-526.828,-706.182,-601.287
-33.2322,225.589,459.427,435.609,-179.008,471.901,5728.02,252.518,226.167
2706.56,2558.76,5752.72,2939.69,2593.72,2536.52,2609.89,2965.45,2601.75
3137.54,3340.43,3287.51,3288.74,3682.37,3128.24,3557.22,3452.56,5761.26
2917.11,3043.16,2913.6,5644.75,3021.15,2909.76,3003.29,3024.72,2909.36
3989.68,3978.93,3961.85,3960.01,3946.88,3972.27,4285.33,4000,4000
4000,4000,4000,4000,4000,4000,4000,4000,4000
4000,4000,4000,4000,4000,4000,4000,4000,4000
4000,4000,4000,4000,4000,4000,4000,4000,4000
4000,4000,4000,4000,4000,4000,4000,4000,4000
4000,4000,4000,4000,4000,4000,4000,4000,4000
4000,4000,4000,4000,4000,4000,4000,4000,4000
2368.9,2438.65,2486.14,3624.43,2491.69,2491.69,2491.69,2491.69,2491.69
5755.72,1465.51,1561.8,1734.47,1564.17,1519.83,1466.82,1510.89,1493.84
5735.56,747.932,851.45,816.972,1144.18,752.749,1075.81,781.711,744.25
3156.36,3428.29,3144.3,5738.96,3398.8,2978.97,3202.92,3372.22,3051.55
2948.06,2758.85,2825.31,5756.55,2828.54,3082.59,2744.4,3118.02,2976.16
2369.14,2406.33,5766.13,2652.86,2328.98,2586.79,2266.16,2459.96,2436.36
3277.65,3264.69,3365.12,3374.76,3278.7,3281.13,3456.68,3280.92,5762.28
3985.36,3972.95,3959.22,3962.05,3957.49,4000,4000,4000,4000
4000,4000,4000,4000,4000,4000,4000,4000,4000
4000,4000,4000,4000,4000,4000,4000,4000,4000
4000,4000,4000,4000,4000,4000,4000,4000,4000
4000,4000,4000,4000,4000,4000,4000,4000,4000
4000,4000,4000,4000,4000,4000,4000,4000,4000
4000,4000,4000,4000,4000,4000,4000,4000,4000
1955.21,1993.91,1973.79,1912.29,1999.85,1994.88,1997.01,2898.61,1981.99
615.042,558.512,552.4,552.969,589.198,2530.19,570.344,552.978,559.364
1741.05,1642.69,1667.26,1739.16,2954.37,1754.77,1668.54,1671.96,1741.11
3005.05,3043.49,3041.13,5155.96,3003.94,3037.44,3045.3,3044.08,3046.44
5750.77,2815.96,2921.04,2954.58,3097.89,2717.47,2924.66,3031.46,2905.09
2291.23,2331.4,5764.27,1818.55,2196.65,2294.89,2171.16,2520.04,2257.3
3281.81,3180.92,3172.38,3380.81,3183.56,3183.44,3183.97,3177.93,5769.2
3982.32,3951.58,3968.28,4000,4000,4000,4000,4000,4000
4000,4000,4000,4000,4000,4000,4000,4000,4000
4000,4000,4000,4000,4000,4000,4000,4000,4000
4000,4000,4000,4000,4000,4000,4000,4000,4000
4000,4000,4000,4000,4000,4000,4000,4000,4000
4000,4000,4000,4000,4000,4000,4000,4000,4000
4000,4000,4000,4000,4000,4000,4000,4000,4000
1991.11,1873.97,1991.64,2379.06,1991.2,1917.43,1959.06,1962.18,1973.86
316.466,313.709,2648.88,317.6,317.6,317.6,317.6,317.6,317.6
330.298,310.038,293.422,329.398,2844.3,329.59,329.894,328.924,330.053
2673.79,2644.73,2668.92,2668.66,2668.65,2676.06,2670.46,3974.72,2673.37
3216.33,3287.64,2792.5,3017.83,3147.75,2721.14,5761.28,2956.58,2809.54
5762.04,3023.58,2130.56,2643.69,2202.73,1783.61,2220.28,2053.45,2666.1
5665.12,3468.87,3449.4,3449.88,3463.84,3468.98,3454.05,3459.83,3466.25
4005,4000,4000,4000,4000,4000,4000,4000,4000
4000,4000,4000,4000,4000,4000,4000,4000,4000
4000,4000,4000,4000,4000,4000,4000,4000,4000
4000,4000,4000,4000,4000,4000,4000,4000,4000
4000,4000,4000,4000,4000,4000,4000,4000,4000
4000,4000,4000,4000,4000,4000,4000,4000,4000
4000,4000,4000,4000,4000,4000,4000,4000,4000
2376.3,2297.01,2286.97,2498.29,2257.66,2367.2,2256.86,2337.3,2347.99
88.7847,86.5641,84.5156,81.5977,84.2777,86.2352,98.1147,85.1014,2851.39
984.445,908.049,932.024,2632.75,986.072,986.072,986.072,986.072,986.072
2466.16,2464.98,2468.37,2449.85,2385.23,2627.55,2466.29,2342.86,2378.94
3077.51,3055.91,3070.86,3081.87,3079.37,3473.27,3074.96,3067.87,3070.38
3196.57,3180.87,3195.01,3193.56,3180.96,3194.15,4332.13,3186.75,3193.33
3610.34,3615.46,3609.85,4034.37,3604.06,3578.44,3614.4,3613.54,3610.47
4006.56,4000,4000,4000,4000,4000,4000,4000,4000
4000,4000,4000,4000,4000,4000,4000,4000,4000
4000,4000,4000,4000,4000,4000,4000,4000,4000
4000,4000,4000,4000,4000,4000,4000,4000,4000
4000,4000,4000,4000,4000,4000,4000,4000,4000
4000,4000,4000,4000,4000,4000,4000,4000,4000
4000,4000,4000,4000,4000,4000,4000,4000,4000
2864.25,2718.36,2863.18,2727.32,2718.33,2857.69,2847.43,2859.95,2732.65
1223.98,1220.61,1308.05,1307.26,1305.73,1308.75,1249.51,2668.49,1223.82
114.346,2651.14,129.678,129.678,129.678,129.678,129.678,129.678,129.678
2551.7,2657.99,2656.48,2671.43,2538.4,2561.93,2647.85,2544.43,2823.71
3094.32,3087.51,3095.69,3095.65,3090.24,3080.26,3424.31,3086.73,3077.09
3154.08,3149.54,3150.67,3154.82,3149.1,3133.82,3707.97,3155.19,3151.19
3663.35,3469.96,3472.95,3497.37,3488.44,3494.63,3496.76,3481.01,3494.75
3980.97,3958.55,4000,4000,4000,4000,4000,4000,4000
4000,4000,4000,4000,4000,4000,4000,4000,4000
4000,4000,4000,4000,4000,4000,4000,4000,4000
4000,4000,4000,4000,4000,4000,4000,4000,4000
4000,4000,4000,4000,4000,4000,4000,4000,4000
4000,4000,4000,4000,4000,4000,4000,4000,4000
4000,4000,4000,4000,4000,4000,4000,4000,4000
3069.05,3054.13,3065.24,3062.83,3082.86,3076.08,3072.82,3042.53,3064.58
1583.65,1593.76,1593.76,1586.99,1585.01,1637.47,1626.75,2578.02,1590.78
312.754,277.698,269.473,303.136,2207.32,317.6,317.6,317.6,317.6
2025.24,2121.61,2150.46,2149.65,2147.9,2130.49,2071.34,2148.8,3093
3091.34,3092.2,3093.3,3093.44,3100.5,3096.47,3244.2,3108.76,3097.69
3122.2,3122.85,3119.19,3118.8,3123.77,3120.24,3925.81,3119.6,3123.88
3123.96,3137.12,3137.5,3114.91,3109.25,3132.84,3425.54,3132.47,3135.32
3995.52,3968.96,3969.74,3951.99,4000,4000,4000,4000,4000
4000,4000,4000,4000,4000,4000,4000,4000,4000
4000,4000,4000,4000,4000,4000,4000,4000,4000
4000,4000,4000,4000,4000,4000,4000,4000,4000
4000,4000,4000,4000,4000,4000,4000,4000,4000
4000,4000,4000,4000,4000,4000,4000,4000,4000
4000,4000,4000,4000,4000,4000,4000,4000,4000
3839.27,3787.18,3860.25,3845.07,3875.25,3867.32,3800.02,3800.06,3739.63
2499,2491.46,2498.34,2431.62,2843.38,2385.51,2424.73,2501.72,2502.84
2694.34,1993.68,1993.68,1993.68,1993.68,1993.68,1993.68,1993.68,1993.68
2953.58,2932.86,2959.94,2832.07,2974.94,2959.35,2965.13,2972,2981.42
3080.33,3066.28,3053.14,3076.47,3070.39,3077.99,3133.92,3067.41,3043.18
3106.13,3031.79,3036.81,3023.84,3038.41,3024.39,3033.45,3035.59,3037.73
3059.39,3051.83,3059.5,3058.67,3058.57,3052.72,3060.13,3044.35,3047.89
3995.83,3982.43,3961.71,3963.86,3955.55,3962.13,3960.93,3944.61,4000
4000,4000,4000,4000,4000,4000,4000,4000,4000
4000,4000,4000,4000,4000,4000,4000,4000,4000
4000,4000,4000,4000,4000,4000,4000,4000,4000
4000,4000,4000,4000,4000,4000,4000,4000,4000
4000,4000,4000,4000,4000,4000,4000,4000,4000
4000,4000,4000,4000,4000,4000,4000,4000,4000
2994.38,2969.84,2993.49,2960.73,2993.57,2880.2,2944.51,2967.72,2998.7
-731.438,-731.403,-731.463,-731.695,-734.07,-732.768,2204.76,-731.332,-731.332
-862.122,-867.353,-866.665,-863.7,-862.974,2584.27,-862.082,-862.082,-862.082
27.668,21.5197,1.26864,24.4198,4.65678,2777.81,24.9753,8.59924,27.4808
3067.21,2987.69,2941.52,2990.75,2933.77,2982.64,2978.69,2987.13,2977.8
2916.38,2923.87,2902.44,2987.34,2924.88,2911.18,2924.6,2929.01,2917.31
2990,3005.7,3007,3005.67,3001.04,3016.67,3002.58,3003.56,2999.82
3924.73,3928.84,3910.4,3959.91,3892.79,3955.85,3947.15,3948.33,3952.41
4000,4000,4000,4000,4000,4000,4000,4000,4000
4000,4000,4000,4000,4000,4000,4000,4000,4000
4000,4000,4000,4000,4000,4000,4000,4000,4000
4000,4000,4000,4000,4000,4000,4000,4000,4000
4000,4000,4000,4000,4000,4000,4000,4000,4000
4000,4000,4000,4000,4000,4000,4000,4000,4000
2330.19,2323.52,2352.02,2325.67,2351.17,4919.63,2295.31,2314.18,2296.79
-149.863,-211.321,-211.885,-241.877,-215.182,4257.64,-211.104,-211.104,-211.104
-476.732,4956.24,-476.771,-477.437,-476.825,-476.683,-476.963,-477.019,-476.698
5344.26,2151.02,2110.25,2150.55,2142.13,2151.1,2151.09,2149.44,2149.41
3150.66,3150.6,5168.7,3151.6,3151.45,3143.56,3146.58,3150.15,3148.5
3144.89,4692.41,3146.05,3143.34,3146.21,3149.27,3147.9,3147.1,3148.37
4701.36,3225.66,3226.31,3223.94,3225.99,3226.4,3225.3,3222.67,3221.3
3920.13,3931.5,3941.63,3944.16,3938.15,3947.76,3936.94,3928.57,3925.68
4000,4000,4000,4000,4000,4000,4000,4000,4000
4000,4000,4000,4000,4000,4000,4000,4000,4000
4000,4000,4000,4000,4000,4000,4000,4000,4000
4000,4000,4000,4000,4000,4000,4000,4000,4000
4000,4000,4000,4000,4000,4000,4000,4000,4000
4000,4000,4000,4000,4000,4000,4000,4000,4000
2672.75,2674.22,2669.2,2673.31,2674.32,2668.69,2567.65,4498.37,2675.46
-337.969,-312.395,-338.026,-353.109,-374.073,-586.62,4673.24,-550.237,-576.823
188.84,188.758,185.016,141.999,177.293,141.57,253.653,5773.09,188.877
5555.1,576.22,412.926,579.243,360.11,414.657,447.474,413.266,941.31
2636.43,2763.25,5757.84,2412.98,2349.21,2393.7,2347.91,2108.65,2231.64
3041.92,3156.35,5732.58,3201.11,3030.81,3249.61,2911.23,2851.59,3358.24
3209.77,3207.42,5604.32,3207.06,3210.54,3211.93,3210.48,3208.38,3199.65
3981.96,3977.36,3972.46,3960.55,3956.72,3957.87,3940.77,4041.41,4000
4000,4000,4000,4000,4000,4000,4000,4000,4000
4000,4000,4000,4000,4000,4000,4000,4000,4000
4000,4000,4000,4000,4000,4000,4000,4000,4000
4000,4000,4000,4000,4000,4000,4000,4000,4000
4000,4000,4000,4000,4000,4000,4000,4000,4000
4000,4000,4000,4000,4000,4000,4000,4000,4000
3645.01,3560.03,3667.52,3654.07,3664.2,3553.45,3543.8,3662.18,3665.51
1992.83,1991.59,1992.1,1987.65,1947.46,1962.35,3129.87,1993.68,1993.68
1750.21,1779.06,4529.37,1827.64,1774.41,1779.52,1776.23,1736.88,1783.9
2951.13,2950.37,2886.56,5031.36,2950.25,2936.91,2909.88,2943.42,2826.2
3170.34,3277.72,3168.16,5757.27,3171.69,3280.96,3172.03,3276.57,3154.94
3192.82,3175.39,5768.15,3259.64,3176.13,3175.86,3175.91,3166.4,3278.02
3283.25,3266.24,5176.06,3276.67,3272.52,3282.18,3277.4,3280.52,3281.19
3958.07,3959.68,3953.35,4037.14,4000,4000,4000,4000,4000
4000,4000,4000,4000,4000,4000,4000,4000,4000
4000,4000,4000,4000,4000,4000,4000,4000,4000
4000,4000,4000,4000,4000,4000,4000,4000,4000
4000,4000,4000,4000,4000,4000,4000,4000,4000
4000,4000,4000,4000,4000,4000,4000,4000,4000
4000,4000,4000,4000,4000,4000,4000,4000,4000
3332.03,3399.1,3332.03,3332.71,3390.99,3394.65,3391.62,3388.26,3388.03
885.251,885.372,2751.12,885.087,813.684,822.679,839.488,862.044,860.955
1562.62,5757.64,1540.74,1564.43,1464.31,1565.99,1564.96,1708.81,1564.02
2412.34,5743.13,2097.38,2146.13,2110.47,2035.83,1990.31,1955.6,1995.15
2973.04,3041.37,3078.51,2796.67,2861.73,5757.87,3044.91,2920.41,3146.21
2888.08,5762.73,2206.43,2295.19,2570.39,2434.52,2448.21,2648.54,2257.48
3307.94,3407.14,3449.32,3402.68,3305.25,5761.84,3390.36,3307.09,3405.64
3980.92,3956.76,3961.39,3965.37,4176.04,4000,4000,4000,4000
4000,4000,4000,4000,4000,4000,4000,4000,4000
4000,4000,4000,4000,4000,4000,4000,4000,4000
4000,4000,4000,4000,4000,4000,4000,4000,4000
4000,4000,4000,4000,4000,4000,4000,4000,4000
4000,4000,4000,4000,4000,4000,4000,4000,4000
4000,4000,4000,4000,4000,4000,4000,4000,4000
2357.3,2487.65,2486.53,2373.92,2387.68,2387.8,2775.13,2491.69,2491.69
2314.6,2216.94,2193.64,2196.42,2211.12,2201.15,3796.83,2317.1,2317.1
1932.61,1932.06,2763.64,1859.71,1914.17,1931.11,1932.41,1857.27,1932.61
5741.58,3060.83,2960.09,3017.08,3040.68,2928.16,3111.2,2947.48,3006.54
2584.05,3004.47,2966.8,5761.82,3069.76,2971.45,3303.97,3024.92,2716.81
3267.62,3080.14,5762.4,3150.53,3331.44,3092.58,3143.08,3245.73,3147.7
3371.36,3469.12,3498.16,3366.12,3365.46,5761.37,3461.8,3493.45,3451.3
3968.89,3955.66,3957.7,4208.67,4000,4000,4000,4000,4000
4000,4000,4000,4000,4000,4000,4000,4000,4000
4000,4000,4000,4000,4000,4000,4000,4000,4000
4000,4000,4000,4000,4000,4000,4000,4000,4000
4000,4000,4000,4000,4000,4000,4000,4000,4000
4000,4000,4000,4000,4000,4000,4000,4000,4000
4000,4000,4000,4000,4000,4000,4000,4000,4000
2915.36,2897.76,2912.31,2911.29,2909.68,2991.34,2916.42,2900.15,2885.9
1699.72,1700.43,1697.13,1699.28,1685.52,2359.45,1701.8,1701.8,1701.8
2608.48,2612.9,2611.64,3517.02,2575.05,2490.07,2611.15,2613.38,2604.04
2987.97,3098.53,3105.12,4486.66,3111.11,3114.11,3110.07,3112.72,3097.19
3145.71,3160.18,3165.77,4894.98,3159.12,3160.38,3169.44,3166.19,3163.96
5764.27,3060.19,3053.82,3146.78,3059.66,3058.71,3043.11,3251.61,3231.99
3445.16,5759.46,3427.5,3450.32,3523.38,3439.01,3447.87,3445.94,3449.83
3947.49,3958.44,4000,4000,4000,4000,4000,4000,4000
4000,4000,4000,4000,4000,4000,4000,4000,4000
4000,4000,4000,4000,4000,4000,4000,4000,4000
4000,4000,4000,4000,4000,4000,4000,4000,4000
4000,4000,4000,4000,4000,4000,4000,4000,4000
4000,4000,4000,4000,4000,4000,4000,4000,4000
4000,4000,4000,4000,4000,4000,4000,4000,4000
3457.53,3445.27,3467.49,3339.68,3445.64,3454.31,3462.8,3301.25,3316.37
1087.05,1088.68,1089.81,1089.4,1085.12,1088.34,1087.97,1087.93,2309.72
2117.16,2197.73,2073.39,2119.96,2110.22,2119.25,2120.02,2120.92,2022.13
2848.36,2850.47,3029.94,2850,2846.1,2845.98,2847.57,2846.83,2851.19
3124.56,3125.98,3128.35,4054.47,3127.55,3125.08,3126.44,3125,3123.84
5102.5,3206.31,3205.04,3205.55,3193.87,3196.88,3200.43,3193.51,3205.41
3618.21,4007.73,3591.75,3617.99,3608.97,3609.53,3603.34,3598.45,3611.46
4000,4000,4000,4000,4000,4000,4000,4000,4000
4000,4000,4000,4000,4000,4000,4000,4000,4000
4000,4000,4000,4000,4000,4000,4000,4000,4000
4000,4000,4000,4000,4000,4000,4000,4000,4000
4000,4000,4000,4000,4000,4000,4000,4000,4000
4000,4000,4000,4000,4000,4000,4000,4000,4000
4000,4000,4000,4000,4000,4000,4000,4000,4000
2405.33,2385.21,2366.32,2512.1,2456.25,2359.5,2457.63,2433.38,2397.2
-422.687,-444.587,-422.35,-444.733,-445.195,-433.645,-443.276,-443.269,2731.56
-754.974,-746.081,-746.35,-746.312,-746.621,2566.52,-746.362,-755.17,-752.76
71.5196,70.4792,72.3821,69.4195,3101,70.0152,71.8106,71.9229,30.2755
3465.23,2853.54,2850.84,2849.02,2852.67,2853.08,2849.45,2852.48,2851.66
3161.53,3155.47,3151.24,3914.32,3152.75,3155.61,3143.14,3154.61,3156.85
3464.35,3453.89,3461.94,3455.37,3446.71,3455.48,4296.82,3455.11,3432.62
3978.24,4032.73,4000,4000,4000,4000,4000,4000,4000
4000,4000,4000,4000,4000,4000,4000,4000,4000
4000,4000,4000,4000,4000,4000,4000,4000,4000
4000,4000,4000,4000,4000,4000,4000,4000,4000
4000,4000,4000,4000,4000,4000,4000,4000,4000
4000,4000,4000,4000,4000,4000,4000,4000,4000
4000,4000,4000,4000,4000,4000,4000,4000,4000
2327.16,2319.98,2324.32,2581.26,2436.96,2335.16,2436.11,2437.84,2315.3
-916.164,-916.507,-913.206,-914.543,2100.22,-913.077,-913.077,-913.077,-913.077
-857.181,-857.31,-857.336,2405.01,-861.814,-862.355,-860.925,-857.233,-861.978
1122.85,1126.73,1121.33,1125.15,1119.12,1126.4,1088.11,1121.99,3079.77
3072.64,3072.13,3074.27,3079.59,3069.55,3073.53,3323.04,3069.08,3042.57
3106.38,3241.16,3101.88,3107.75,3102.38,3109.97,3109.16,3094,3106.08
3370.26,3249.15,3234.32,3243.43,3264.29,3232.98,3258.21,3258.49,3229.4
3982.6,3969.05,3973.94,3968.91,3972.41,3936.11,3938.81,4000,4000
4000,4000,4000,4000,4000,4000,4000,4000,4000
4000,4000,4000,4000,4000,4000,4000,4000,4000
4000,4000,4000,4000,4000,4000,4000,4000,4000
4000,4000,4000,4000,4000,4000,4000,4000,4000
4000,4000,4000,4000,4000,4000,4000,4000,4000
4000,4000,4000,4000,4000,4000,4000,4000,4000
2660.25,2658.51,2566.3,2644.56,2522.22,2647.11,2537.83,2648.8,2722.6
-893.411,-893.407,-893.444,-893.303,-895.569,-894.708,-896.578,2370.44,-893.281
-847.364,-847.293,-847.257,-847.241,-853.293,2331.51,-847.182,-847.182,-847.182
1112.08,1168.04,1169.52,1169.53,1166.1,2730.44,1168.47,1169.46,1169.89
3619.81,3027.34,3029.94,3020.03,3030.57,3035.31,3025.95,3016.45,3030.24
3023.42,3006.61,3016.77,3009.43,2989.38,3013.43,3017.77,3017.4,3014.12
3066.9,3057.02,3066.18,3061.34,3065.93,3055.22,3048.3,3062.7,3039.92
3944.38,3933.38,3927.31,3967.17,3925.38,3956.32,3967.67,3911.53,3950.65
4000,4000,4000,4000,4000,4000,4000,4000,4000
4000,4000,4000,4000,4000,4000,4000,4000,4000
4000,4000,4000,4000,4000,4000,4000,4000,4000
4000,4000,4000,4000,4000,4000,4000,4000,4000
4000,4000,4000,4000,4000,4000,4000,4000,4000
4000,4000,4000,4000,4000,4000,4000,4000,4000
3244.98,3188.58,3232.68,3159.02,3239.95,3237.56,3215.06,3234.22,3214.36
-119.257,-121.686,2430.67,-115.704,-126.854,-106.446,-117.029,-116.506,-116.852
-999.676,-999.629,-999.676,-999.676,-999.676,-999.676,2485.94,-999.679,-999.676
-702.414,-702.506,-702.909,-702.427,-702.309,-714.173,-704.121,-708.728,2441.46
2357.87,2941.37,2420.36,2415.56,2323.82,2417.63,2413.75,2421.44,2422.06
2923.87,2968.75,2913.01,2928.52,2931.05,2917.17,2918.94,2920.18,2922.36
2976.4,2984.65,2975.98,2984.36,2988.05,2971.34,2986.8,2989.41,3001.81
3905.84,3916.18,3918.89,3902.31,3916.61,3906.02,3909.05,3942.4,3930.42
4000,4000,4000,4000,4000,4000,4000,4000,4000
4000,4000,4000,4000,4000,4000,4000,4000,4000
4000,4000,4000,4000,4000,4000,4000,4000,4000
4000,4000,4000,4000,4000,4000,4000,4000,4000
4000,4000,4000,4000,4000,4000,4000,4000,4000
4000,4000,4000,4000,4000,4000,4000,4000,4000
2399.39,2394.95,2385.4,2390.07,2761.63,2396.94,2310.8,2393.27,2392.25
-1000,-1000,-1000,-1000,-1000,-1000,-1000,-1000,-1000
504.875,502.949,504.686,712.013,504.642,505.021,504.577,690.625,5760.57
3119.92,3016.76,5768.62,3023.41,3008.35,3024.95,3024.8,3033.26,3008.46
3168.82,3166.03,5718.17,3171.05,3170.4,3168.4,3166.56,3156.01,3155.3
3151.49,4901.27,3140.51,3136.68,3150.68,3150.26,3152.6,3153.64,3140.82
3223.62,3223.49,3223.51,3205.4,3878.45,3214.03,3224.01,3222.83,3221.59
3945.95,3954.22,3984.54,3977.23,3976.62,3982.19,3963.45,3967.01,3959.21
4000,4000,4000,4000,4000,4000,4000,4000,4000
4000,4000,4000,4000,4000,4000,4000,4000,4000
4000,4000,4000,4000,4000,4000,4000,4000,4000
4000,4000,4000,4000,4000,4000,4000,4000,4000
4000,4000,4000,4000,4000,4000,4000,4000,4000
4000,4000,4000,4000,4000,4000,4000,4000,4000
1873.96,1924.9,1983.81,1897.93,1975.32,1983.91,1981.14,2451.68,1978.21
-599.192,-587.192,-598.502,-598.405,-600.79,-610.702,-598.517,3809.44,-599.251
-211.829,-211.261,-211.259,33.4272,-211.155,-211.549,-211.228,-241.522,5772.05
2678.02,2792.67,2703.21,2651.08,2728.07,5769.28,2648.06,2713.38,2783.81
3163.16,5294.41,3157.61,3146.38,3164.07,3148.14,3155.39,3162.51,3148.74
3172.65,3171.87,4998.3,3173.87,3174.84,3174.8,3172.97,3151.75,3167.91
3317.91,4446.12,3315.67,3315.81,3303.12,3307.22,3301.78,3315.82,3302.11
3967.67,4000,4000,4000,4000,4000,4000,4000,4000
4000,4000,4000,4000,4000,4000,4000,4000,4000
4000,4000,4000,4000,4000,4000,4000,4000,4000
4000,4000,4000,4000,4000,4000,4000,4000,4000
4000,4000,4000,4000,4000,4000,4000,4000,4000
4000,4000,4000,4000,4000,4000,4000,4000,4000
4000,4000,4000,4000,4000,4000,4000,4000,4000
3152.09,3027.13,3082.38,3159.63,2999.83,3146.68,3156.18,3135.46,3149.87
2355.18,2426.09,2421.12,2417.22,2383.99,2423.54,3045.88,2419.69,2422.01
2495.16,3991.09,2471.31,2495.46,2476.09,2452.87,2458.69,2478.54,2496.27
2321.51,2360.75,5282.74,2337.79,2358.53,2357.19,2348.89,2352.51,2358.17
3269.73,5764,3143.3,3157.6,3171.7,3268.9,3170.01,3163.94,3204.94
5251.18,3188.67,3185.97,3172.77,3173,3186.88,3187.55,3181.71,3181.98
3388.12,3388.29,3389.37,3390.72,3388.98,4323.78,3387.81,3369.49,3388.51
3971.86,3965.31,4043.2,4000,4000,4000,4000,4000,4000
4000,4000,4000,4000,4000,4000,4000,4000,4000
4000,4000,4000,4000,4000,4000,4000,4000,4000
4000,4000,4000,4000,4000,4000,4000,4000,4000
4000,4000,4000,4000,4000,4000,4000,4000,4000
4000,4000,4000,4000,4000,4000,4000,4000,4000
4000,4000,4000,4000,4000,4000,4000,4000,4000
2854.68,2718.59,3045.76,2857.61,2716.19,2720.11,2745.48,2820.6,2857.83
1841.04,1840.28,1840.41,1840.84,1730.24,1825.82,3036.44,1844,1844
2130.94,2058.33,2129.05,2071.07,2081.85,2132.59,3798.51,2082.28,2136.57
2763.78,5216.49,2755.43,2752.67,2759.42,2760.46,2756.49,2753.48,2757.61
5765.62,3090.07,3077.04,3089.34,2933.56,3073.62,3084.97,3076.48,3085.23
3208.15,3210.07,5458.84,3205.18,3209.69,3209.11,3209.75,3208.52,3206.48
3484.67,3474.85,3484.73,3475.13,3482.43,3482.66,3479.14,3477.73,4352.27
3964.56,4000,4000,4000,4000,4000,4000,4000,4000
4000,4000,4000,4000,4000,4000,4000,4000,4000
4000,4000,4000,4000,4000,4000,4000,4000,4000
4000,4000,4000,4000,4000,4000,4000,4000,4000
4000,4000,4000,4000,4000,4000,4000,4000,4000
4000,4000,4000,4000,4000,4000,4000,4000,4000
4000,4000,4000,4000,4000,4000,4000,4000,4000
2910.38,3052.79,3048.63,3047.77,2916.57,3054.15,3058.04,2911.78,2944.42
1722.99,1677.25,1730.28,1680.52,1765.62,1730.29,1704.8,2599.54,1718.23
2628.44,2868.23,2624.25,2527.51,2623.41,2630.11,2625.77,2626.74,2619.4
3131.52,3601.86,3128.18,3025.18,3108.39,3128.68,3130.85,3098.94,3138.77
4077.22,3163.52,3156.9,3173.75,3169.21,3176.19,3159.2,3174.68,3170.77
3229.4,3223.52,3230.96,3227.15,3173.33,3822.82,3209.47,3228.06,3228.12
3623.86,3626.93,3626.45,3628.3,3787.37,3627.24,3624.47,3602.51,3611.48
4000,4000,4000,4000,4000,4000,4000,4000,4000
4000,4000,4000,4000,4000,4000,4000,4000,4000
4000,4000,4000,4000,4000,4000,4000,4000,4000
4000,4000,4000,4000,4000,4000,4000,4000,4000
4000,4000,4000,4000,4000,4000,4000,4000,4000
4000,4000,4000,4000,4000,4000,4000,4000,4000
4000,4000,4000,4000,4000,4000,4000,4000,4000
2528.47,2533.67,2641.17,2649.53,2529.71,2643.97,2549.83,2532.43,2648.3
2149.28,2091.25,2082.56,2147.49,2100.06,2099.79,2043.97,2101.47,2480.46
2896.49,2642.95,2734,2731.68,2710.57,2735.03,2728.36,2716.88,2711.78
2703.38,2714.94,2713.91,2708.25,2708.75,2912.61,2693.87,2714.77,2697.73
5767.56,3149.52,3151.31,3227.68,3156.12,3153.71,3132.81,3155.58,3155.67
3198.15,3190.37,4812.73,3197.33,3197.36,3190.91,3187.86,3181.32,3194.85
3718.76,3718.76,3718.96,3718.8,4478.15,3716.17,3714.96,3717.19,3722.35
3976.56,4000,4000,4000,4000,4000,4000,4000,4000
4000,4000,4000,4000,4000,4000,4000,4000,4000
4000,4000,4000,4000,4000,4000,4000,4000,4000
4000,4000,4000,4000,4000,4000,4000,4000,4000
4000,4000,4000,4000,4000,4000,4000,4000,4000
4000,4000,4000,4000,4000,4000,4000,4000,4000
4000,4000,4000,4000,4000,4000,4000,4000,4000
2515.35,2464.52,2464.09,2351.44,2349.96,2345.66,2369.81,2352.04,2467.83
1918.91,1924.82,1946.55,1986.31,1976.79,1941.69,1920.83,1921.16,2021.67
2669.45,2672.34,2668.12,2672.94,2617.7,2564.61,2642.38,2675.46,2675.46
3129.43,3130.14,3122.89,3130.93,3121.12,3129.06,3126.03,3128.8,3425.78
3133.7,3128.3,3114.35,3139.53,3118.75,3131.8,3138.91,3436.93,3120.46
4676.35,3186.41,3185.57,3173.14,3184.61,3176.15,3165.45,3184.35,3179.14
3726,3729.26,3735.05,3727.18,4648.27,3722.32,3731.19,3716.02,3705.6
4000,4000,4000,4000,4000,4000,4000,4000,4000
4000,4000,4000,4000,4000,4000,4000,4000,4000
4000,4000,4000,4000,4000,4000,4000,4000,4000
4000,4000,4000,4000,4000,4000,4000,4000,4000
4000,4000,4000,4000,4000,4000,4000,4000,4000
4000,4000,4000,4000,4000,4000,4000,4000,4000
4000,4000,4000,4000,4000,4000,4000,4000,4000
2895.03,3039.6,3042.02,3000.91,2994.02,3020.93,3023.01,3037.11,2892.16
-80.2026,-80.1758,-80.5396,-98.9952,-105.978,2278.78,-79.8704,-79.8704,-79.8704
-127.235,-126.806,-126.754,-127.248,-126.138,-125.885,-159.883,-152.756,2820.32
1926.93,1931.22,3036.74,1921.52,1929.49,1930.9,1932,1925.93,1924.73
3013.11,3087.68,3088.93,3272.71,3057.99,3063.17,3088.77,3072.8,3068.13
3164.65,3167.7,3165.07,3163.9,3145.45,3153.71,3748.57,3159.71,3167.11
3751.55,3440.44,3434.26,3422.91,3451.19,3434.61,3444.22,3430.69,3442.3
3976.78,4000,4000,4000,4000,4000,4000,4000,4000
4000,4000,4000,4000,4000,4000,4000,4000,4000
4000,4000,4000,4000,4000,4000,4000,4000,4000
4000,4000,4000,4000,4000,4000,4000,4000,4000
4000,4000,4000,4000,4000,4000,4000,4000,4000
4000,4000,4000,4000,4000,4000,4000,4000,4000
4000,4000,4000,4000,4000,4000,4000,4000,4000
2300.1,2338.19,2291.77,2264.42,2277.3,2314.99,2223.13,2311.85,2307.72
-635.021,-635.164,2528.22,-647.216,-634.958,-635.076,-635.217,-634.899,-649.087
-288.728,-288.235,3025.84,-288.021,-288.021,-288.021,-288.021,-269.464,-288.021
2013.58,2127.84,2126.96,2129.46,2126.63,2019.28,2123,3052.28,2129.04
3472.5,3077.28,3071.35,3079,3080.5,3067.75,3077.33,3067.27,3059.44
3089.85,3091.89,3084.86,3078.11,3081.75,3082.13,3549.82,3086.37,3080.9
3498.24,3228.65,3252.14,3233.67,3246.99,3246.09,3241.29,3233.89,3248.17
3975.77,3970.29,3947.99,3981.09,3948.75,3945.83,3952.27,4000,4000
4000,4000,4000,4000,4000,4000,4000,4000,4000
4000,4000,4000,4000,4000,4000,4000,4000,4000
4000,4000,4000,4000,4000,4000,4000,4000,4000
4000,4000,4000,4000,4000,4000,4000,4000,4000
4000,4000,4000,4000,4000,4000,4000,4000,4000
4000,4000,4000,4000,4000,4000,4000,4000,4000
3019.61,3031.72,3041.47,2934.07,3012.96,3036.11,2902.95,3005.98,3032.42
-527.737,-527.856,-527.755,-528.23,-542.042,2347.77,-527.659,-527.659,-527.659
-988.28,-988.244,2516.6,-988.25,-988.245,-988.547,-988.264,-988.245,-988.246
-250.93,-250.66,-250.683,-251.361,-280.525,2778.36,-250.549,-250.549,-250.549
3015.17,3016.49,3017.52,3461.84,3016.38,3006.7,3012.58,3017.26,3017.28
3184.43,3006.79,3009.51,3011.85,3004.43,3004.14,3001.65,3005.31,3015.34
3032.29,3034.19,3043.86,3116.25,3029.79,3027.68,3041.71,3029.85,3024.1
3995.78,3964.61,3966.5,3963.11,3939.14,3945.82,3972.33,4000,4000
4000,4000,4000,4000,4000,4000,4000,4000,4000
4000,4000,4000,4000,4000,4000,4000,4000,4000
4000,4000,4000,4000,4000,4000,4000,4000,4000
4000,4000,4000,4000,4000,4000,4000,4000,4000
4000,4000,4000,4000,4000,4000,4000,4000,4000
4000,4000,4000,4000,4000,4000,4000,4000,4000
1968.51,1902.21,1974.81,1980.37,2595.69,1909.22,1871.55,1911.7,1979.59
-978.269,-978.24,-978.816,-978.523,2347.28,-978.239,-978.239,-978.239,-978.239
-932.821,-932.797,2537.32,-932.89,-932.857,-935.465,-932.791,-932.845,-935.431
-731.419,-731.387,-731.421,-731.411,-731.404,2738.26,-731.38,-726.85,-731.506
2789.43,2758.1,2787.84,2795.6,2787.29,2654.69,2997.1,2789.06,2795.27
2905.69,2904.64,2909.63,2980.62,2906.76,2907.4,2907.73,2910.01,2909.63
2941.68,2950.93,2957.46,2956.29,2955.69,2951.1,2946.32,2939.95,2950.97
3904.26,3914.58,3935.42,3915.15,3923.86,3921.78,3909.03,3916.2,3936.01
4000,4000,4000,4000,4000,4000,4000,4000,4000
4000,4000,4000,4000,4000,4000,4000,4000,4000
4000,4000,4000,4000,4000,4000,4000,4000,4000
4000,4000,4000,4000,4000,4000,4000,4000,4000
4000,4000,4000,4000,4000,4000,4000,4000,4000
4000,4000,4000,4000,4000,4000,4000,4000,4000
2801.99,2895.87,2808.88,2888.55,2835.15,2906.94,2897.54,3034.77,2839.81
-36.1983,-35.7591,-36.3569,3124.05,-73.8802,-36.0391,-35.7446,-35.9645,-36.7755
-254.797,-254.854,-254.786,-255.874,-284.481,-256.295,-254.782,-254.793,2796.18
1315.92,1315.73,1316.2,3807.01,1316.46,1316.46,1351.92,1316.46,1316.46
2923.92,2924.95,5019.94,2926.29,2778.36,2925.9,2916.26,2925.32,2925.58
3126.84,4622.43,3127.99,3117.47,3122.83,3127.54,3126.61,3122.7,3125.18
3185.82,3185.17,4245.36,3181.72,3185.44,3186.4,3186.08,3168.34,3184.42
3995.68,3978.25,3972.15,3971.57,3959.74,4000,4000,4000,4000
4000,4000,4000,4000,4000,4000,4000,4000,4000
4000,4000,4000,4000,4000,4000,4000,4000,4000
4000,4000,4000,4000,4000,4000,4000,4000,4000
4000,4000,4000,4000,4000,4000,4000,4000,4000
4000,4000,4000,4000,4000,4000,4000,4000,4000
4000,4000,4000,4000,4000,4000,4000,4000,4000
2644.95,2656.12,2660.49,2652.89,2520.55,2633.08,2699.02,2640.47,2644.32
-31.7611,-31.5586,-32.4085,-31.6205,-70.0185,2285.11,-31.4426,-31.4426,-31.4426
-386.177,-364.187,-376.114,4271.59,-364.168,-364.168,-364.168,-364.168,-364.168
2192.89,2010.26,5758.38,1998.56,1910.04,2007.52,1932.33,2009,1999.65
3150.66,3151,3152.45,3150.58,3148.41,5319.24,3141.15,3147.4,3150.28
3131.99,3131.02,3130.13,3995.17,3106.81,3127.04,3109.61,3110.86,3125.37
3257.41,3274.91,3276.66,3259.54,3271.91,3240.29,3276.86,3268.93,3270.47
3967.05,4000,4000,4000,4000,4000,4000,4000,4000
4000,4000,4000,4000,4000,4000,4000,4000,4000
4000,4000,4000,4000,4000,4000,4000,4000,4000
4000,4000,4000,4000,4000,4000,4000,4000,4000
4000,4000,4000,4000,4000,4000,4000,4000,4000
4000,4000,4000,4000,4000,4000,4000,4000,4000
4000,4000,4000,4000,4000,4000,4000,4000,4000
2509.24,3117.93,2516.22,2565.55,2528.47,2514.75,2528.45,2578.25,2510.65
-33.5316,-33.0608,-33.4543,-33.1647,-33.1939,-33.7165,2522.36,-33.2892,-33.282
-666.458,-653.012,-652.985,-652.911,-666.014,3017.91,-652.786,-652.786,-652.786
1566.37,1566.49,1565.8,1563.71,1563.62,1535.46,4684.49,1566.71,1566.71
3012.8,3154.66,5768.82,3155.92,3153.84,3155.63,3152.04,3150.97,3127.53
3176.68,3168.57,5286.36,3178.45,3151.18,3159.98,3178.06,3174.47,3138.97
3373.51,4927.17,3402.74,3398.96,3405.84,3365.28,3395.5,3390.87,3380.39
3959.6,3973.71,3943.2,4000,4000,4000,4000,4000,4000
4000,4000,4000,4000,4000,4000,4000,4000,4000
4000,4000,4000,4000,4000,4000,4000,4000,4000
4000,4000,4000,4000,4000,4000,4000,4000,4000
4000,4000,4000,4000,4000,4000,4000,4000,4000
4000,4000,4000,4000,4000,4000,4000,4000,4000
4000,4000,4000,4000,4000,4000,4000,4000,4000
2147.1,2142.47,2044.16,2082.21,2058.48,2099.29,2085.65,2294.68,2151.25
2189.11,2228.08,2178.61,2220.31,2271.04,2273.13,2508.43,2269.21,2273.06
-670.148,-670.241,-670.206,-683.34,-683.029,1962.23,-670.147,-670.147,-670.147
1866.58,4894.63,1849.73,1869.3,1866.95,1854.84,1868.52,1855.66,1856.6
3193.49,3197.79,3195.47,3146.83,3127.54,3197.81,3313.15,3196.72,3181.88
3206.19,3213.25,3227.18,3229.05,3046.77,3218.81,3228.41,3229.78,3209.84
3534.53,3534.47,3546.57,3529.02,3546.04,3526.97,3533.76,3542.28,3527.34
4000,4000,4000,4000,4000,4000,4000,4000,4000
4000,4000,4000,4000,4000,4000,4000,4000,4000
4000,4000,4000,4000,4000,4000,4000,4000,4000
4000,4000,4000,4000,4000,4000,4000,4000,4000
4000,4000,4000,4000,4000,4000,4000,4000,4000
4000,4000,4000,4000,4000,4000,4000,4000,4000
4000,4000,4000,4000,4000,4000,4000,4000,4000
2484.56,2396.27,2399.56,2421.18,2510.8,2505.26,2409.07,2434.69,2510.65
-107.836,-118.667,-117.092,-12.2948,-128.196,2005.62,-105.404,-119.487,-110.354
-822.988,-821.936,-821.935,-821.565,1775.71,-821.76,-805.464,-821.76,-821.76
1682.54,1684.01,1683.73,1683.87,1682.49,1679.68,2838.34,1679.16,1682.99
3164.98,3179.48,3070.03,3181.03,3174.29,3176.85,3180.07,3147.8,3159.75
3254.31,3281.77,3810.41,3279.79,3272.2,3280.54,3270.2,3256.67,3276.28
3749.22,3744.19,4406.71,3744.1,3731.82,3744.62,3724.96,3753.43,3749.87
4000,4000,4000,4000,4000,4000,4000,4000,4000
4000,4000,4000,4000,4000,4000,4000,4000,4000
4000,4000,4000,4000,4000,4000,4000,4000,4000
4000,4000,4000,4000,4000,4000,4000,4000,4000
4000,4000,4000,4000,4000,4000,4000,4000,4000
4000,4000,4000,4000,4000,4000,4000,4000,4000
4000,4000,4000,4000,4000,4000,4000,4000,4000
1561.1,1564.2,1686.43,1576.71,1576.33,1547.93,1573.99,1516.32,1514.19
-357.884,-358.333,-358.111,-359.414,-383.119,1857.51,-357.439,-357.439,-357.439
1008.83,2055.3,1013.62,1006.29,1007,1032.39,1024.69,1022,1058.33
3086.19,3085.31,3080.9,3074.99,3075.11,3086.22,3053.67,3085.08,3077.47
3115.81,3130.53,3133.97,3100.19,3131.1,3124.6,3128.56,3134.93,3134.13
3263.35,3173.55,3176.89,3166.35,3171.73,3175.91,3178.87,3161.07,3179.4
3806.66,3807.05,3816.59,3820.55,3812.84,3813.49,3800.64,3827.91,3793.83
3957.04,4000,4000,4000,4000,4000,4000,4000,4000
4000,4000,4000,4000,4000,4000,4000,4000,4000
4000,4000,4000,4000,4000,4000,4000,4000,4000
4000,4000,4000,4000,4000,4000,4000,4000,4000
4000,4000,4000,4000,4000,4000,4000,4000,4000
4000,4000,4000,4000,4000,4000,4000,4000,4000
4000,4000,4000,4000,4000,4000,4000,4000,4000
1747.23,1823.69,1801.75,1748.31,1835.84,1812.3,2108.02,1742.82,1770.19
-812.59,-812.422,-812.507,-819.883,-812.745,-812.454,-812.482,1837.86,-812.379
-324.572,-323.931,2525,-323.62,-323.62,-323.62,-323.62,-323.62,-323.62
2695.94,2689.05,3156.86,2695.88,2638.96,2695.35,2687.85,2688.09,2691.94
5770.34,3119.24,3114.81,3120.91,3120.95,3118.67,3122.46,3122.21,3122.36
3164.71,3244.07,3163.74,3214.48,5776.52,3163.9,3166.03,3163.44,3165.17
4063.18,3617.16,3611.12,3620.32,3629.75,3596.28,3621.6,3625.19,3608.27
4000,4000,4000,4000,4000,4000,4000,4000,4000
4000,4000,4000,4000,4000,4000,4000,4000,4000
4000,4000,4000,4000,4000,4000,4000,4000,4000
4000,4000,4000,4000,4000,4000,4000,4000,4000
4000,4000,4000,4000,4000,4000,4000,4000,4000
4000,4000,4000,4000,4000,4000,4000,4000,4000
4000,4000,4000,4000,4000,4000,4000,4000,4000
2528.47,2539.63,2538.63,2544.61,2687.87,2599.29,2534.59,2644.26,2658.14
-277.294,-253.672,-281.082,-275.743,-280.74,-265.274,-267.253,2529.34,-267.711
982.812,983.261,972.792,2600.22,986.072,986.072,986.072,986.072,986.072
3094.09,3095.86,3078.01,3085.83,3091.87,3091.7,3070.52,3041.58,3266.1
3113.4,3110.84,3114.18,3110.29,3091.78,3108.29,3110.24,3612.9,3102.15
3163.57,3136.41,3142.05,3447.78,3148.06,3159.01,3153.16,3161.61,3162.96
3451.46,3659.21,3447.91,3460.79,3422.14,3458.45,3460.4,3456.23,3443.38
3979.35,3968.95,4000,4000,4000,4000,4000,4000,4000
4000,4000,4000,4000,4000,4000,4000,4000,4000
4000,4000,4000,4000,4000,4000,4000,4000,4000
4000,4000,4000,4000,4000,4000,4000,4000,4000
4000,4000,4000,4000,4000,4000,4000,4000,4000
4000,4000,4000,4000,4000,4000,4000,4000,4000
4000,4000,4000,4000,4000,4000,4000,4000,4000
3229.5,3232.57,3203.55,3238.75,3228.5,3215.94,3225.84,3217.81,3219.15
1428.8,1428.57,1377.32,1429.41,1427.89,1425.81,1389.71,1374.62,2559.03
-577.259,-576.685,2470.07,-576.738,-587.868,-577.537,-592.085,-587.611,-576.692
974.806,3254.96,975.88,976.438,898.358,913.403,974.943,974.486,902.308
3329.02,2820.28,2812.49,2810.59,2813.6,2816.34,2821.82,2778.87,2821.64
3095.1,3098.18,3079.65,3111.74,3097.25,3108.46,3102.29,3167.36,3112.51
3264.96,3275.05,3244.48,3274.91,3245.73,3257.32,3263.8,3266.39,3258.17
3996.81,3949.62,3955.93,4000,4000,4000,4000,4000,4000
4000,4000,4000,4000,4000,4000,4000,4000,4000
4000,4000,4000,4000,4000,4000,4000,4000,4000
4000,4000,4000,4000,4000,4000,4000,4000,4000
4000,4000,4000,4000,4000,4000,4000,4000,4000
4000,4000,4000,4000,4000,4000,4000,4000,4000
4000,4000,4000,4000,4000,4000,4000,4000,4000
2744.91,2645.13,2526.86,2577.91,2652.93,2654.05,2626.39,2530.42,2654.34
187.369,188.016,188.305,188.68,181.816,2809.57,189.134,189.134,189.134
2093.11,2637.96,2020.5,1987.27,2090.45,1988.39,2101.96,2104.91,2098.62
2660.29,2649.72,2527.49,2654.68,2653.6,2661.95,2636.33,2663.08,2692.91
3008.84,3021.16,3010.56,2938.34,3010.25,3026.51,3081.67,3025.48,3018.9
2989.02,3017.83,2971.62,2989.73,2990.98,2977.89,2985.06,2999.57,2996.57
2990.15,2985.23,2986.47,2987.8,2986.04,2996.7,2995.77,2992.96,2995.57
3953.9,3971.51,3971.76,3925.59,3919.19,3953.52,3960.89,3946.63,3949.9
4000,4000,4000,4000,4000,4000,4000,4000,4000
4000,4000,4000,4000,4000,4000,4000,4000,4000
4000,4000,4000,4000,4000,4000,4000,4000,4000
4000,4000,4000,4000,4000,4000,4000,4000,4000
4000,4000,4000,4000,4000,4000,4000,4000,4000
4000,4000,4000,4000,4000,4000,4000,4000,4000
2787.92,2778.27,2686.25,2786.75,2781.63,2654.19,2783.12,2987.75,2716.91
-172.066,-172.074,-172.091,2561.78,-172.953,-173.497,-171.14,-171.865,-171.278
-513.066,-518.562,-515.851,-503.991,-522.409,2767.23,-502.799,-502.799,-502.799
1874.02,1932.93,1927.11,2947.3,1933.29,1933.97,1843.77,1933.66,1844.92
3132.32,2997.29,2992.72,3004.53,3001.95,2984.23,3003.46,3004.61,3002.41
2999,3000.84,2999.05,3001.02,2998.93,3006.72,2997.83,2988.5,3004.37
3051.95,3066.14,3070.34,3071.42,3059.76,3054.09,3047.71,3064.06,3064.86
3952.22,3936.61,3953.57,3950.35,3964.55,3923.61,3963.42,3960.74,3961.52
4000,4000,4000,4000,4000,4000,4000,4000,4000
4000,4000,4000,4000,4000,4000,4000,4000,4000
4000,4000,4000,4000,4000,4000,4000,4000,4000
4000,4000,4000,4000,4000,4000,4000,4000,4000
4000,4000,4000,4000,4000,4000,4000,4000,4000
4000,4000,4000,4000,4000,4000,4000,4000,4000
2856.99,2844.62,2855.01,2856.79,2859.4,2851.89,2857.29,2967.99,2856.83
1993.65,1993.2,1990.76,1976.75,1935.21,1983.63,2725.95,1993.68,1993.68
1977.67,3147.87,1989.9,1991.95,1991,1951.36,1990.33,1991.22,1983.45
2454.13,2454.3,2445.85,2440.69,2455.84,2854.42,2452.89,2452.11,2453.01
3381.95,3115.82,3106.42,3118.38,3114.53,3115.95,3108.34,3117.01,3117.13
3429.37,3089.27,3085.49,3088.07,3089.58,3086.49,3089.28,3088.19,3089.91
3084.24,3106.43,3336.06,3112.68,3114.22,3105.03,3106.92,3110.63,3111.29
3962.18,3960.31,4000,4000,4000,4000,4000,4000,4000
4000,4000,4000,4000,4000,4000,4000,4000,4000
4000,4000,4000,4000,4000,4000,4000,4000,4000
4000,4000,4000,4000,4000,4000,4000,4000,4000
4000,4000,4000,4000,4000,4000,4000,4000,4000
4000,4000,4000,4000,4000,4000,4000,4000,4000
4000,4000,4000,4000,4000,4000,4000,4000,4000
2898.42,2994.1,2807.36,2890.7,2869.24,2907.22,2892.6,2898.27,2901.68
-31.4895,-32.0102,-31.7619,-70.1849,-32.9065,-35.1708,2505.24,-31.4426,-31.4426
-717.304,-728.504,-717.339,-719.278,-717.281,-717.317,2339.12,-717.192,-717.192
1769.89,1862.81,3991.82,1860.09,1762.46,1767,1763.06,1870.19,1872.22
4481.95,3081.79,3107.51,3106.51,3106.35,3083.83,3097.08,3107.28,3094.42
3099.34,3095.95,4931.86,3091.55,3080.23,3095.07,3083.58,3094.1,3095.95
3163.73,3163.34,4287.76,3160.35,3163.46,3167.7,3160.03,3158.48,3154.31
3993.19,3966.76,3954.18,3922.43,4000,4000,4000,4000,4000
4000,4000,4000,4000,4000,4000,4000,4000,4000
4000,4000,4000,4000,4000,4000,4000,4000,4000
4000,4000,4000,4000,4000,4000,4000,4000,4000
4000,4000,4000,4000,4000,4000,4000,4000,4000
4000,4000,4000,4000,4000,4000,4000,4000,4000
4000,4000,4000,4000,4000,4000,4000,4000,4000
2525.79,2664.8,2664.33,2542.41,2527.09,2656.2,2764.91,2560.89,2663.59
636.279,697.756,632.127,693.03,634.846,697.753,697.772,1800.69,634.701
2013.74,2025.6,2107.33,2069.98,2091.44,2024.98,2870.77,2105.93,2076.84
3163.58,3179.37,3129.17,3196.21,3192.56,3179.05,3199.26,3165.74,3199.98
3349.38,3149.5,3155.35,3166.91,3166.08,3141.64,3163.09,3161.37,3151.48
3111.77,3143.86,3143.9,3141.98,3132.07,3130.69,3141.68,3271.04,3141.35
3371.11,3365.81,3360.27,3341.72,3360.79,3368,3349.91,3372.93,3354.5
3972.1,3973.37,4000,4000,4000,4000,4000,4000,4000
4000,4000,4000,4000,4000,4000,4000,4000,4000
4000,4000,4000,4000,4000,4000,4000,4000,4000
4000,4000,4000,4000,4000,4000,4000,4000,4000
4000,4000,4000,4000,4000,4000,4000,4000,4000
4000,4000,4000,4000,4000,4000,4000,4000,4000
4000,4000,4000,4000,4000,4000,4000,4000,4000
2582.77,2529.9,2522.81,2525.23,2528.45,2530.41,2553.46,2542.65,2500.34
-449.792,-450.371,-465.272,-449.851,-462.389,1777.33,-469.378,-470.829,-370.897
-420.805,-420.475,-443.249,-420.498,-420.331,-420.461,-420.195,-420.224,2421.6
1280.2,1223.92,1314.56,1313.86,1275.04,1314.96,3276.49,1313.38,1313.55
3139.35,3148.61,3098.31,3159.55,3140.13,3099.61,3129.73,3125.45,3139.94
3259.1,3251.29,3254.36,3261.92,3255.87,3259.01,3217.76,3259.22,3237.16
3521.51,3523.31,3519.5,3521.34,3483.66,3504,3492.85,3516.19,3506.55
4000,4000,4000,4000,4000,4000,4000,4000,4000
4000,4000,4000,4000,4000,4000,4000,4000,4000
4000,4000,4000,4000,4000,4000,4000,4000,4000
4000,4000,4000,4000,4000,4000,4000,4000,4000
4000,4000,4000,4000,4000,4000,4000,4000,4000
4000,4000,4000,4000,4000,4000,4000,4000,4000
4000,4000,4000,4000,4000,4000,4000,4000,4000
1464.15,1544.8,1464.06,1544.01,1994.54,1459.28,1465.4,1465.41,1477.07
-449.714,-449.547,-449.528,-449.294,-449.284,-449.091,-449.399,-449.147,1490.09
1699.14,1695.7,1691.28,2347.9,1696.63,1699.52,1612.15,1697.51,1693.75
2718.33,2720.18,2717.55,2628.05,2597.93,2708.65,2713.71,2644.48,2624.36
3048.5,3116.92,3131,3125.49,3044.98,3140.88,3125.54,3135.54,3130.72
3315.63,3306.52,3303.45,3312.65,3297.96,3302.1,3311.18,3306.41,3277.25
3805.55,3804.32,3797.08,3800.84,3785.38,3791.01,3800.34,3790.6,3794.24
4000,4000,4000,4000,4000,4000,4000,4000,4000
4000,4000,4000,4000,4000,4000,4000,4000,4000
4000,4000,4000,4000,4000,4000,4000,4000,4000
4000,4000,4000,4000,4000,4000,4000,4000,4000
4000,4000,4000,4000,4000,4000,4000,4000,4000
4000,4000,4000,4000,4000,4000,4000,4000,4000
4000,4000,4000,4000,4000,4000,4000,4000,4000
1883.01,1884.16,2102.63,1878.95,1918.26,1878.92,1878.96,1905.8,1903.55
2249.47,2327,2563.55,2312.34,2272.65,2289.25,2208.25,2229.33,2246.79
2285.47,2191,2575.99,2289.82,2272.7,2280.11,2250.5,2282.26,2285.69
2938.96,2947.67,2939.88,2945.48,2949.59,2947.58,2942.67,2946.81,2996.92
2946.34,2956.7,2946.2,2920.85,2935.22,2923.13,2956.23,2938.37,2953.64
3207.43,3206.02,3250.5,3205.29,3195.46,3206.22,3183.76,3196.4,3204.59
3793.07,3792.41,3767.7,3789.02,3765.33,3781.9,3782.69,3793.99,3771.88
4000,4000,4000,4000,4000,4000,4000,4000,4000
4000,4000,4000,4000,4000,4000,4000,4000,4000
4000,4000,4000,4000,4000,4000,4000,4000,4000
4000,4000,4000,4000,4000,4000,4000,4000,4000
4000,4000,4000,4000,4000,4000,4000,4000,4000
4000,4000,4000,4000,4000,4000,4000,4000,4000
4000,4000,4000,4000,4000,4000,4000,4000,4000
2549.57,2530.51,2536.28,2555.01,2594.3,2865.03,2579.98,2480.35,2564.74
-575.345,-584.163,2123.21,-575.17,-576.197,-592.032,-575.537,-575.48,-591.067
1580.11,1607.12,1608.03,1635.81,1643.39,1593.92,2122.28,1611.7,1575.62
3079.94,3105.95,3107.66,3099.27,3068.14,3114.75,3109.86,3014.2,3116.84
3052.93,3078,3086.59,2992.66,3057.26,3078.63,3086.53,3247.95,3084.98
3136.81,5781.96,3138.77,3140.27,3129.66,3139.88,3136.63,3141.02,3259.67
3525.51,3597.56,3522.24,3519.88,3518.9,3512.56,3526.18,3522.09,3509.38
3980.18,4000,4000,4000,4000,4000,4000,4000,4000
4000,4000,4000,4000,4000,4000,4000,4000,4000
4000,4000,4000,4000,4000,4000,4000,4000,4000
4000,4000,4000,4000,4000,4000,4000,4000,4000
4000,4000,4000,4000,4000,4000,4000,4000,4000
4000,4000,4000,4000,4000,4000,4000,4000,4000
4000,4000,4000,4000,4000,4000,4000,4000,4000
2800.51,2832.34,2820.5,2892.08,2829.12,2817.44,2823.46,2877.61,2795.46
-569.548,-561.448,-552.638,-569.67,-563.002,-569.224,-566.164,-552.415,2738.32
-595.252,-590.673,-595.15,-608.353,2725.67,-595.026,-595.026,-595.026,-595.026
2508.09,1838.97,1839.79,1840.56,1838.74,1763.4,1840.66,1840.66,1838.92
3651.18,3119.83,3134.19,3135.68,3093.61,3135,3139.14,3139.2,3140.23
3144.41,3152.55,3138.99,3605.04,3152.59,3140.97,3140.15,3152.01,3144.63
3475.8,3472.97,3452.07,3487.86,3465.59,3454.45,3468.88,3466.85,3471.97
3986.32,4000,4000,4000,4000,4000,4000,4000,4000
4000,4000,4000,4000,4000,4000,4000,4000,4000
4000,4000,4000,4000,4000,4000,4000,4000,4000
4000,4000,4000,4000,4000,4000,4000,4000,4000
4000,4000,4000,4000,4000,4000,4000,4000,4000
4000,4000,4000,4000,4000,4000,4000,4000,4000
4000,4000,4000,4000,4000,4000,4000,4000,4000
2631.51,2629.53,2498.7,2628.08,2624.54,2631.59,2630.29,2515.08,2650.57
886.361,885.506,812.327,2674.43,886.768,886.768,886.768,886.768,886.768
1089.36,2773.52,1089.03,1088.15,1089.39,1088.5,1086.48,1089.47,1089.09
2951.03,3013.01,2970.91,2970.1,2827.47,2970.04,2965.73,2832.84,2956.93
3289.52,3103.08,3115.24,3108.44,3066.76,3095.98,3111.53,3109.47,3109.34
3112.8,3104.15,3107.58,3159.61,3102.68,3105.89,3111.35,3100.14,3112.67
3243.7,3230.04,3241.41,3244.01,3240.73,3238.74,3242.71,3244.53,3231.57
3992.33,3975.29,3949.4,4000,4000,4000,4000,4000,4000
4000,4000,4000,4000,4000,4000,4000,4000,4000
4000,4000,4000,4000,4000,4000,4000,4000,4000
4000,4000,4000,4000,4000,4000,4000,4000,4000
4000,4000,4000,4000,4000,4000,4000,4000,4000
4000,4000,4000,4000,4000,4000,4000,4000,4000
4000,4000,4000,4000,4000,4000,4000,4000,4000
3164.17,3150.79,3163.62,3027.8,3164.53,3163.04,3163.23,3164.11,3153.36
1168.7,1199.34,1194.2,2591.44,1198.25,1112.62,1194.73,1198.81,1171.1
2678.72,701.379,699.176,700.798,653.704,701.341,677.148,682.915,656.842
2477.87,2471.69,2477.81,2479.41,2990.84,2473.34,2472.39,2475.76,2476.67
3032.22,3053.19,3056.69,3057.92,3063.71,3060.51,3069.6,3044.31,3058.66
3060.88,3050.22,3059.49,3060.9,3062.36,3057.57,3077.54,3062.69,3061.67
3236.26,3232.2,3248.53,3247.63,3245.73,3247.8,3246.99,3250.06,3224.14
3978.89,3976.44,3979.68,3966.81,3950.01,3946.73,4000,4000,4000
4000,4000,4000,4000,4000,4000,4000,4000,4000
4000,4000,4000,4000,4000,4000,4000,4000,4000
4000,4000,4000,4000,4000,4000,4000,4000,4000
4000,4000,4000,4000,4000,4000,4000,4000,4000
4000,4000,4000,4000,4000,4000,4000,4000,4000
4000,4000,4000,4000,4000,4000,4000,4000,4000
3379.78,3387.59,3410.03,3396.52,3387.24,3396.94,3408.75,3405.41,3387.49
1090.01,2599.74,1089.55,1089.95,1008.07,1007.09,1089.45,1090.14,1006.94
-925.497,-925.502,-925.51,-925.493,-925.516,2334.26,-925.55,-925.506,-925.487
1278.32,1277.87,1214.02,1218.88,1248.27,1273.2,1218.4,1217.61,2391.76
3032.27,3023.5,3016.43,3031.36,3013.62,3022.74,3046.28,3027.55,3021.67
3026.73,3022.29,3026.79,3024.82,3014.43,3024.28,3010.34,3025.3,3031.99
3142.53,3165.95,3143.06,3134.69,3133.45,3136.14,3148.44,3149.68,3136.37
3983.4,3970.18,3952.73,3951.75,4000,4000,4000,4000,4000
4000,4000,4000,4000,4000,4000,4000,4000,4000
4000,4000,4000,4000,4000,4000,4000,4000,4000
4000,4000,4000,4000,4000,4000,4000,4000,4000
4000,4000,4000,4000,4000,4000,4000,4000,4000
4000,4000,4000,4000,4000,4000,4000,4000,4000
4000,4000,4000,4000,4000,4000,4000,4000,4000
2929.95,2940.61,3014.35,2901.56,2997.95,2943.24,3004.48,3002.62,2990.98
-988.848,-988.836,-988.83,-989.091,1894.42,-988.829,-988.829,-988.829,-988.829
-991.251,-990.952,-991.267,-991.265,-991.254,-990.965,2034.67,-991.018,-991.296
-217.57,-166.674,-218.18,3256.4,-222.704,-219.517,-217.841,-172.613,-248.2
3055.16,3042.9,3985.22,3054.27,3055.65,3052.09,3060.5,3061.07,3043.74
3050.77,3390.79,3049.36,3051.72,3038.01,3032.39,3049.71,3048.8,3042.67
3102.34,3108.99,3113.08,3102.74,3100.66,3091.98,3115.64,3110.56,3101.1
3973.73,3979.31,3945.82,4000,4000,4000,4000,4000,4000
4000,4000,4000,4000,4000,4000,4000,4000,4000
4000,4000,4000,4000,4000,4000,4000,4000,4000
4000,4000,4000,4000,4000,4000,4000,4000,4000
4000,4000,4000,4000,4000,4000,4000,4000,4000
4000,4000,4000,4000,4000,4000,4000,4000,4000
4000,4000,4000,4000,4000,4000,4000,4000,4000
2852.35,2848.84,2705.01,2849.58,2852.61,2874.31,2707.41,2846.18,2846.18
731.393,785.756,784.028,2602.51,715.495,783.572,785.088,784.66,785.784
-420.565,-420.268,-423.477,2891.05,-420.089,-420.089,-420.089,-420.089,-420.089
3220.52,866.926,900.785,864.73,897.001,885.904,899.674,900.304,887.002
3010.85,2950.66,3111,3025.7,2992.62,3022.73,3008.08,3010.52,3005.89
3079,3084.09,3086.61,3166.2,3016.51,3087.41,3065.15,3068.4,3084.99
3218.57,3205.14,3197.44,3196.15,3229.93,3208.69,3204.29,3189.8,3226.24
3960.9,4000,4000,4000,4000,4000,4000,4000,4000
4000,4000,4000,4000,4000,4000,4000,4000,4000
4000,4000,4000,4000,4000,4000,4000,4000,4000
4000,4000,4000,4000,4000,4000,4000,4000,4000
4000,4000,4000,4000,4000,4000,4000,4000,4000
4000,4000,4000,4000,4000,4000,4000,4000,4000
4000,4000,4000,4000,4000,4000,4000,4000,4000
2775.46,2911.1,2913.65,2905.62,2885.13,2920.43,2911.73,2855.5,2899.62
884.496,880.597,883.76,2556.86,811.306,884.026,884.243,859.778,884.696
1200.1,1199.94,1198.51,1200.59,1200.53,1199.32,1197.79,1992.92,1200.63
1842.87,1841.78,1842.62,3066.35,1842.26,1839.18,1842.29,1793.84,1842.3
3416.79,3110.37,3100.4,3102.58,3119.94,3123.34,3119.11,3122.05,3122.33
3144.6,3136.78,3137.41,3125.31,3157.76,3137.8,3132.96,3133.23,3146.56
3409.53,3387.74,3393.48,3402.13,3376.16,3411.49,3390.77,3394.35,3395.03
3982.32,4000,4000,4000,4000,4000,4000,4000,4000
4000,4000,4000,4000,4000,4000,4000,4000,4000
4000,4000,4000,4000,4000,4000,4000,4000,4000
4000,4000,4000,4000,4000,4000,4000,4000,4000
4000,4000,4000,4000,4000,4000,4000,4000,4000
4000,4000,4000,4000,4000,4000,4000,4000,4000
4000,4000,4000,4000,4000,4000,4000,4000,4000
2839.53,2840.49,2816.78,2716.88,2725.24,2845.34,2708.67,2711.92,2853.1
1198.96,1112.61,1141.91,1197.2,2641.38,1200.63,1200.63,1200.63,1200.63
2313.33,2316.01,2314.6,2316.15,2317,2315.87,2708.14,2317.1,2317.1
2977.61,2971.6,2971.34,2969.94,2970.13,2957.55,2969.21,2959.4,2948.49
3176.82,3144.97,3180.61,3170.89,3169.37,3177.63,3129.42,3167.1,3169.17
3273.09,3249.57,3265.37,3267.02,3241.84,3274.27,3257.83,3265.17,3272.6
3566.65,3581.85,3591.78,3584.93,3580.8,3581.78,3578.01,3600.24,3601.66
4000,4000,4000,4000,4000,4000,4000,4000,4000
4000,4000,4000,4000,4000,4000,4000,4000,4000
4000,4000,4000,4000,4000,4000,4000,4000,4000
4000,4000,4000,4000,4000,4000,4000,4000,4000
4000,4000,4000,4000,4000,4000,4000,4000,4000
4000,4000,4000,4000,4000,4000,4000,4000,4000
4000,4000,4000,4000,4000,4000,4000,4000,4000
1233.76,1669.42,1221.5,1230.62,1219.78,1223.81,1227.77,1249.27,1213.99
1755.37,-866.295,-867.615,-862.274,-862.459,-862.417,-865.473,-866.32,-866.083
-242.639,-242.866,-213.478,-213.581,-213.584,-240.636,-213.292,2400.88,-213.613
2855.94,2856.79,2787.61,2861.51,2781.27,2859.56,2860.23,2851.57,2857.44
3132.25,3160.12,3131.16,3152.6,3118.22,3156.9,3155.82,3164.35,3147.88
3311.59,3292.88,3317.8,3312.89,3285.92,3322.99,3312.4,3306.79,3326.72
3790.75,3783.97,3787.25,3762.59,3745.21,3789.12,3769.13,3761.33,3786.77
4000,4000,4000,4000,4000,4000,4000,4000,4000
4000,4000,4000,4000,4000,4000,4000,4000,4000
4000,4000,4000,4000,4000,4000,4000,4000,4000
4000,4000,4000,4000,4000,4000,4000,4000,4000
4000,4000,4000,4000,4000,4000,4000,4000,4000
4000,4000,4000,4000,4000,4000,4000,4000,4000
4000,4000,4000,4000,4000,4000,4000,4000,4000
1593.74,1543.09,1577.85,2192.84,1518.71,1552.95,1590.89,1528.98,1568.52
-567.489,-569.227,-564.029,-552.084,-554.44,-569.222,-552.269,1925.02,-565.439
535.88,535.547,536.478,535.996,475.314,485.933,519.639,533.83,2104.78
2737.59,2664.1,2746.08,2743.92,2634.2,2671.41,2883.01,2731.1,2745.13
3137.26,3123.48,3131.87,3106.63,3121.23,3142.26,3137.2,3113.64,3142.6
3184.65,3178.87,3172.51,3190.49,3189.75,3186.72,3182.9,3188.97,3185.4
3817.43,3817.83,3828.37,3790.84,3809.48,3821.96,3825.29,3796.49,3799.09
4000,4000,4000,4000,4000,4000,4000,4000,4000
4000,4000,4000,4000,4000,4000,4000,4000,4000
4000,4000,4000,4000,4000,4000,4000,4000,4000
4000,4000,4000,4000,4000,4000,4000,4000,4000
4000,4000,4000,4000,4000,4000,4000,4000,4000
4000,4000,4000,4000,4000,4000,4000,4000,4000
4000,4000,4000,4000,4000,4000,4000,4000,4000
3261.07,3238.25,3103.31,3251.87,3248.89,3252.11,3257.08,3250.47,3258.52
1985.95,1983.87,2499.91,1983.79,1983.56,1869.48,1984.35,1984.1,1984.52
2035.33,2147.05,2144.24,2131.06,2139.53,3100.25,2147.36,2117.23,2146.72
2811.44,2894.19,2897.98,2897.75,2810.65,2862.59,2880.08,2905.69,3170.58
3106.72,3193.77,3122.13,3121.76,3119.87,3092.13,3122.59,3108.08,3102.8
3135.82,3126.64,3122.18,3142.08,3087.49,3128.9,3126.22,3159.42,3130.94
3531.63,3627.22,3533.27,3529.35,3523.92,3529.83,3517.24,3523.91,3521.6
4000,4000,4000,4000,4000,4000,4000,4000,4000
4000,4000,4000,4000,4000,4000,4000,4000,4000
4000,4000,4000,4000,4000,4000,4000,4000,4000
4000,4000,4000,4000,4000,4000,4000,4000,4000
4000,4000,4000,4000,4000,4000,4000,4000,4000
4000,4000,4000,4000,4000,4000,4000,4000,4000
4000,4000,4000,4000,4000,4000,4000,4000,4000
3018.97,3102.88,3115.44,3127.53,3001.48,3131.21,3122.68,3094.49,3130.09
2028.78,2051.77,2146.07,2144.69,2023.9,2880.37,2144.45,2061.43,2061.35
1315.31,1314.96,1315.99,1316.35,1226.85,3039.17,1316.46,1316.46,1316.46
2390.79,2410.72,2403.68,2350.76,2348.97,2412.75,2405.92,2409.52,3124.41
2879.57,2870.21,2878.76,2868.91,2777.89,3055.68,2861.61,2880.01,2882.4
5784.98,3122.34,3127.16,3126.69,3116.84,3127.36,3125.36,3127.11,3119.65
3351.08,3346.02,3342.48,3451.39,3347.09,3337.03,3336.48,3334.26,3344.53
3978.95,3961.69,4000,4000,4000,4000,4000,4000,4000
4000,4000,4000,4000,4000,4000,4000,4000,4000
4000,4000,4000,4000,4000,4000,4000,4000,4000
4000,4000,4000,4000,4000,4000,4000,4000,4000
4000,4000,4000,4000,4000,4000,4000,4000,4000
4000,4000,4000,4000,4000,4000,4000,4000,4000
4000,4000,4000,4000,4000,4000,4000,4000,4000
2487.23,2414.4,2444.2,2907.64,2393.73,2388.69,2490.32,2395.63,2494.72
-706.235,-710.608,-712.779,-704.569,-704.213,2701.92,-702.307,-702.307,-702.307
-881.783,-881.85,-881.781,-881.785,2483.52,-881.798,-881.765,-881.764,-886.418
1592.49,1644.72,1556.14,1639.64,1644.83,1652.21,2923.88,1650.82,1642.03
3351.34,3071.54,3061.85,3073.38,3067.44,3072.79,3067.61,3064.97,3070.76
3103.33,3108.64,3108,3110.32,3110.12,3102.61,3225.2,3106.76,3105.89
3352.52,3341.86,3330.95,3336.27,3330.95,3354.14,3351.89,3351.68,3340.43
3969.64,4000,4000,4000,4000,4000,4000,4000,4000
4000,4000,4000,4000,4000,4000,4000,4000,4000
4000,4000,4000,4000,4000,4000,4000,4000,4000
4000,4000,4000,4000,4000,4000,4000,4000,4000
4000,4000,4000,4000,4000,4000,4000,4000,4000
4000,4000,4000,4000,4000,4000,4000,4000,4000
4000,4000,4000,4000,4000,4000,4000,4000,4000
3158.68,3210.91,3174.19,3180.09,3120.97,3118.6,3181.4,3144.24,3186.04
-127.211,-126.326,-132.014,-159.228,-138.061,-160.804,2748.97,-129.884,-133.926
250.81,201.654,229.096,204.744,230.044,2597.99,229.301,205.568,201.907
2487.84,2490.98,2491.02,2490.85,2490.19,2489.52,3101.5,2491.02,2490.44
3110.9,3104.87,3097.31,3108.92,3107.77,3113.24,3111.89,3097.59,3105.57
3067.85,3062.55,3065.59,3063.23,3071.41,3061.32,3072.4,3066.4,3066.77
3246.59,3258.63,3242,3257.93,3261.05,3261.32,3250.03,3239.48,3257.37
3952.55,4000,4000,4000,4000,4000,4000,4000,4000
4000,4000,4000,4000,4000,4000,4000,4000,4000
4000,4000,4000,4000,4000,4000,4000,4000,4000
4000,4000,4000,4000,4000,4000,4000,4000,4000
4000,4000,4000,4000,4000,4000,4000,4000,4000
4000,4000,4000,4000,4000,4000,4000,4000,4000
4000,4000,4000,4000,4000,4000,4000,4000,4000
3178.54,3147.21,3169.06,3177.69,3172.31,3175.12,3168.87,3172.48,3177.6
-646.069,-636.292,-649.45,-617.08,2605.6,-636.614,-649.573,-648.333,-636.298
-898.689,2258.22,-898.617,-898.617,-898.617,-898.617,-898.617,-898.617,-898.617
459.788,448.524,422.68,459.309,449.556,459.221,2815.81,459.945,459.945
3029.39,3030.33,3032.59,3031.49,2966.34,3032.46,3023.49,3030.86,3058.92
3028.25,3025.7,3019.99,3026.7,3022.33,3015.27,3026.48,3028.15,3020.93
3153.77,3133.95,3147.44,3153.81,3151.43,3127.82,3142.77,3157.23,3132.03
3959.41,3941.57,4000,4000,4000,4000,4000,4000,4000
4000,4000,4000,4000,4000,4000,4000,4000,4000
4000,4000,4000,4000,4000,4000,4000,4000,4000
4000,4000,4000,4000,4000,4000,4000,4000,4000
4000,4000,4000,4000,4000,4000,4000,4000,4000
4000,4000,4000,4000,4000,4000,4000,4000,4000
4000,4000,4000,4000,4000,4000,4000,4000,4000
3021.32,3100.63,3155.34,3108.49,3132.39,3108.24,3106.62,3169.32,3098.15
615.085,617.304,617.314,554.082,554.791,563.395,575.172,578.021,2043.47
-999.581,-999.581,-999.59,956.315,-999.581,-999.581,-999.581,-999.581,-999.581
531.218,2855.44,530.208,470.424,527.92,530.215,530.969,530.363,529.035
3080.75,3088.45,3074.03,3081.58,3075.56,3084.97,3080.57,3070.41,3068.81
3087.69,3084.68,3075.9,3038.76,3088.16,3070.7,3077.45,3058.47,3074.62
3268.83,3232.7,3256.54,3260.98,3264.87,3259.64,3248.43,3269.91,3260.89
4000,4000,4000,4000,4000,4000,4000,4000,4000
4000,4000,4000,4000,4000,4000,4000,4000,4000
4000,4000,4000,4000,4000,4000,4000,4000,4000
4000,4000,4000,4000,4000,4000,4000,4000,4000
4000,4000,4000,4000,4000,4000,4000,4000,4000
4000,4000,4000,4000,4000,4000,4000,4000,4000
4000,4000,4000,4000,4000,4000,4000,4000,4000
2489.33,2384.99,2357.77,2352.03,2466.09,2459.02,2485.22,2900.69,2487.16
616.854,617.34,617.539,556.778,554.647,2542.49,617.668,617.668,617.668
609.609,608.653,609.531,609.114,624.205,2608.67,548.154,609.379,607.614
2855.73,2947.53,2857.41,2853.02,2853.34,2845.92,2856.58,2820.77,2856.97
3148.52,3132.39,3120.86,3158.36,3145.31,3112.27,3157.46,3146.91,3157.06
3108.37,3136.72,3122.85,3124.67,3117.63,3139.32,3140.54,3131.08,3136.88
3278.63,3266.03,3283.36,3265.53,3278.57,3277.98,3258.77,3286.39,3253.24
3995.4,3980.1,3944.6,4000,4000,4000,4000,4000,4000
4000,4000,4000,4000,4000,4000,4000,4000,4000
4000,4000,4000,4000,4000,4000,4000,4000,4000
4000,4000,4000,4000,4000,4000,4000,4000,4000
4000,4000,4000,4000,4000,4000,4000,4000,4000
4000,4000,4000,4000,4000,4000,4000,4000,4000
4000,4000,4000,4000,4000,4000,4000,4000,4000
2879.75,2314.59,2316.24,2257.13,2323.07,2294.44,2251.35,2305.31,2247.84
-898.631,-898.649,-898.648,-898.619,-902.626,1987.94,-898.617,-898.617,-898.617
2426.93,-821.819,-828.772,-821.782,-828.132,-821.784,-825.271,-826.568,-825.737
1555.18,2421.12,1623.39,1622.68,1650.06,1585.82,1632.76,1630.07,1632.05
3157.42,3152.49,3150.97,3150.27,3157.51,3151.62,3132.74,3156.9,3154.27
3195.65,3206.22,3198.75,3203.13,3204.55,3184.12,3200.3,3204.58,3165.59
3432.52,3428.98,3424.55,3415.82,3392.96,3401.22,3417.03,3414.88,3425.58
4000,4000,4000,4000,4000,4000,4000,4000,4000
4000,4000,4000,4000,4000,4000,4000,4000,4000
4000,4000,4000,4000,4000,4000,4000,4000,4000
4000,4000,4000,4000,4000,4000,4000,4000,4000
4000,4000,4000,4000,4000,4000,4000,4000,4000
4000,4000,4000,4000,4000,4000,4000,4000,4000
4000,4000,4000,4000,4000,4000,4000,4000,4000
2295.82,2271.82,2328.88,2290.15,2283.37,2227.3,2663.68,2314.09,2229.56
-613.521,-598.733,1926.81,-604.726,-612.305,-613.616,-611.223,-611.627,-598.193
72.6726,73.1693,64.7635,2446.56,73.1938,73.1938,73.1938,73.1938,148.034
2866.36,2980.04,2978.61,2926.01,2899.08,2973.44,2970.16,2978.48,2979.12
3145.78,3142.18,3162.08,3160.14,3158.97,3146.91,3163.14,3162.35,3139.97
3235.35,3221.39,3246.2,3247.77,3246.24,3248.86,3244.48,3249.91,3241.09
3578.76,3555.8,3586.05,3584.76,3587.99,3589.1,3578.71,3600.97,3605.55
4000,4000,4000,4000,4000,4000,4000,4000,4000
4000,4000,4000,4000,4000,4000,4000,4000,4000
4000,4000,4000,4000,4000,4000,4000,4000,4000
4000,4000,4000,4000,4000,4000,4000,4000,4000
4000,4000,4000,4000,4000,4000,4000,4000,4000
4000,4000,4000,4000,4000,4000,4000,4000,4000
4000,4000,4000,4000,4000,4000,4000,4000,4000
2791.78,2807.18,2891,2911.74,2898.09,2897.18,2856.35,2904.87,2902.4
701.381,2140.52,634.709,701.388,670.138,700.699,641.898,649.071,634.803
239.611,238.621,238.796,2673.35,235.69,200.424,239.538,239.278,238.023
2929.19,3056.37,2982.21,3047.07,3050.68,3040.57,3062.53,3033.02,3005.36
3194.08,3190.09,3194.73,3191,3171.04,3190.01,3199.8,3174.23,3189.15
3287.59,3286.2,3283.04,3285.97,3284.85,3291.6,3286.72,3277.67,3292.41
3774.72,3799.4,3775.5,3799.44,3750.71,3793.68,3787.34,3799.29,3809.39
4000,4000,4000,4000,4000,4000,4000,4000,4000
4000,4000,4000,4000,4000,4000,4000,4000,4000
4000,4000,4000,4000,4000,4000,4000,4000,4000
4000,4000,4000,4000,4000,4000,4000,4000,4000
4000,4000,4000,4000,4000,4000,4000,4000,4000
4000,4000,4000,4000,4000,4000,4000,4000,4000
4000,4000,4000,4000,4000,4000,4000,4000,4000
1991.71,1986.24,1991.34,1988.87,1873.94,1954.31,1992.24,1903.89,2468.64
316.243,2018.1,277.598,291.394,312.929,265.219,316.45,316.143,264.968
896.208,948.678,952.81,950.635,951.985,952.851,2615.76,943.286,887.382
3012.54,3028.36,3021.78,2932.43,2999.31,3020.91,3023.79,3014.57,2999.97
3111.16,3100.68,3115.51,3112.16,3112.38,3115.42,3089.95,3115.82,3097.06
3189.95,3192.84,3185.41,3182.25,3189.44,3193.67,3185.25,3190.75,3194.53
3772.77,3761.89,3781.38,3775.4,3722.35,3792.2,3785.93,3784.62,3775.62
4000,4000,4000,4000,4000,4000,4000,4000,4000
4000,4000,4000,4000,4000,4000,4000,4000,4000
4000,4000,4000,4000,4000,4000,4000,4000,4000
4000,4000,4000,4000,4000,4000,4000,4000,4000
4000,4000,4000,4000,4000,4000,4000,4000,4000
4000,4000,4000,4000,4000,4000,4000,4000,4000
4000,4000,4000,4000,4000,4000,4000,4000,4000
3051.42,2915.46,2932.76,2949.52,2974.5,2918.24,3031.06,3051.57,3055.39
1312.32,1315.7,1315.61,1315.7,1316.3,2713.16,1316.46,1316.46,1316.46
2307.27,2307.39,2278.38,2303.74,2189.91,2306.93,2306.79,2305.08,2875.85
2785.34,2952.97,2872.85,2836.71,2868.03,2866.44,2863.59,2851.89,2803.7
3089.83,3003.89,5787.84,3089.33,3088.92,3098.48,2997.07,3011.11,3087.58
3131.77,3119.35,3225.47,3131.42,3116.44,3123.11,3131.12,3124.56,3132.06
3534.23,3524.69,3517.09,3528.66,3493.02,3541.16,3534.73,3530.44,3541.1
3995.73,4000,4000,4000,4000,4000,4000,4000,4000
4000,4000,4000,4000,4000,4000,4000,4000,4000
4000,4000,4000,4000,4000,4000,4000,4000,4000
4000,4000,4000,4000,4000,4000,4000,4000,4000
4000,4000,4000,4000,4000,4000,4000,4000,4000
4000,4000,4000,4000,4000,4000,4000,4000,4000
4000,4000,4000,4000,4000,4000,4000,4000,4000
812.3,884.744,883.594,881.429,2455.74,886.768,886.768,886.768,886.768
-324.485,-324.586,-350.666,-344.299,-350.915,2309.34,-324.886,-350.673,-326.369
-368.678,-573.768,-338.87,-573.773,-567.652,-575.872,-583.973,5807.4,-573.712
1731.89,3000.04,1710.18,1684.92,1701.1,1726.82,1756.48,1755.98,1728.2
3100.49,3105.11,3105.22,3095.37,3098.01,3099.97,3089.07,3268.39,3103.25
3098.23,3094.64,3103.57,3218.43,3105.08,3109.32,3103.87,3105.87,3104.37
3319.84,3299.78,3308.74,3320.86,3319.73,3351.57,3324.12,3313.5,3302.49
3972.93,4000,4000,4000,4000,4000,4000,4000,4000
4000,4000,4000,4000,4000,4000,4000,4000,4000
4000,4000,4000,4000,4000,4000,4000,4000,4000
4000,4000,4000,4000,4000,4000,4000,4000,4000
4000,4000,4000,4000,4000,4000,4000,4000,4000
4000,4000,4000,4000,4000,4000,4000,4000,4000
4000,4000,4000,4000,4000,4000,4000,4000,4000
2490.48,2488.57,2490.49,2352.05,2352.02,2368.6,2367.78,2954.41,2491.69
-995.086,-995.084,-963.924,-995.204,2219.5,-995.083,-995.083,-995.083,-995.083
-929.226,-929.247,-929.212,-929.211,-929.203,-929.215,-929.207,-929.236,2472.1
866.878,868.186,871.355,802.236,811.207,833.576,866.23,3171.95,866.778
3389.28,2922.62,2958.8,2956.93,2959.28,2960.05,2919.07,2952.55,2955.6
3080.5,3076.93,3071.81,3075.15,3078.98,3078.57,3161.5,3079.91,3071.71
3247.76,3219.46,3223.65,3206.62,3212.97,3225.25,3208.98,3212.11,3206.03
3952.83,4000,4000,4000,4000,4000,4000,4000,4000
4000,4000,4000,4000,4000,4000,4000,4000,4000
4000,4000,4000,4000,4000,4000,4000,4000,4000
4000,4000,4000,4000,4000,4000,4000,4000,4000
4000,4000,4000,4000,4000,4000,4000,4000,4000
4000,4000,4000,4000,4000,4000,4000,4000,4000
4000,4000,4000,4000,4000,4000,4000,4000,4000
3476.15,3572.49,3566.13,3553.82,3562.42,3544.31,3567.38,3561.69,3564.83
2490.84,2490.75,2491.63,2491.17,2487.32,2491.21,2352.02,2488.15,2965.33
2099.45,2973.68,2151.25,2151.25,2151.25,2151.25,2151.25,2151.25,2151.25
1519.8,1522.47,2862.48,1521.31,1521.97,1522.26,1520.58,1521.73,1521.3
3070.31,3070.69,2929.76,3058.57,3068.49,3086.28,3069.44,3071.87,3071.38
3081.79,3054.21,3053.92,3054.71,3058.24,3057.29,3056.06,3057.91,3058.99
3161.3,3161.13,3164.3,3166.17,3169.14,3157.28,3194,3156.67,3160.68
4000,4000,4000,4000,4000,4000,4000,4000,4000
4000,4000,4000,4000,4000,4000,4000,4000,4000
4000,4000,4000,4000,4000,4000,4000,4000,4000
4000,4000,4000,4000,4000,4000,4000,4000,4000
4000,4000,4000,4000,4000,4000,4000,4000,4000
4000,4000,4000,4000,4000,4000,4000,4000,4000
4000,4000,4000,4000,4000,4000,4000,4000,4000
3367.24,3336.62,3264.91,3356.45,3362.75,3357.66,3338.87,3350.62,3342.71
343.164,375.546,369.142,346.999,349.768,331.737,378.916,366.954,2263.33
-867.563,2233.3,-862.606,-862.651,-862.627,-862.632,-862.557,-862.588,-862.563
1684.04,1642.96,1701.13,1701.61,1599.02,2929.12,1701.8,1701.8,1701.8
3025.88,3024.55,3008.11,3088.99,2989.8,3025.08,3023.25,3029.79,3024.29
3025.23,3012.03,3026.03,3026.32,3015.3,3025.69,3019.53,3027.35,3019.85
3125.78,3129.81,3122.56,3125.37,3126.92,3122.82,3121.22,3113.12,3121.25
3960.69,3948.2,4000,4000,4000,4000,4000,4000,4000
4000,4000,4000,4000,4000,4000,4000,4000,4000
4000,4000,4000,4000,4000,4000,4000,4000,4000
4000,4000,4000,4000,4000,4000,4000,4000,4000
4000,4000,4000,4000,4000,4000,4000,4000,4000
4000,4000,4000,4000,4000,4000,4000,4000,4000
4000,4000,4000,4000,4000,4000,4000,4000,4000
2970.28,2861.95,2986.02,2983.54,2983.16,3048.6,2979.83,2981.58,2985.58
1081.4,1079.23,1082.76,1081.77,1080.79,1082.43,1082.58,1082.48,2669.76
1315.91,1315.34,1314.75,3048.5,1371.39,1316.46,1316.46,1316.46,1316.46
2354.62,2491.65,2489.32,2359.18,2491.21,2485.46,2491.2,3068.32,2491.6
3132.88,3143.88,3127.01,3135.39,3137.67,3119.56,3126.15,3133.54,3146.44
3140.31,3096.3,3120.12,3131.48,3141.32,3137.76,3141.2,3128.13,3143.41
3246.47,3192.2,3235.49,3239.42,3243.94,3238.41,3248.26,3236.08,3229.82
4000,4000,4000,4000,4000,4000,4000,4000,4000
4000,4000,4000,4000,4000,4000,4000,4000,4000
4000,4000,4000,4000,4000,4000,4000,4000,4000
4000,4000,4000,4000,4000,4000,4000,4000,4000
4000,4000,4000,4000,4000,4000,4000,4000,4000
4000,4000,4000,4000,4000,4000,4000,4000,4000
4000,4000,4000,4000,4000,4000,4000,4000,4000
2913.42,2855.85,2830.65,2871.35,2899.17,2886.74,2830.87,2883.53,2900.86
-529.398,-546.373,1854.84,-529.262,-545.618,-529.34,-529.364,-529.447,-547.912
789.986,791.347,792.142,792.264,748.052,2037.61,792.43,844.857,792.43
2648.42,2645.22,2648.96,2649.19,2851.1,2648.31,2649.35,2648.61,2647.88
3117.62,3087.74,3107.99,3082.23,3114.2,3119.72,3111.9,3119.39,3087.93
3175.69,3177.62,3177.51,3176.19,3175.01,3175.83,3166.97,3149.84,3169.22
3331.5,3316.64,3329.67,3324.09,3320.75,3333.35,3331.78,3325.62,3314.49
3984.8,4000,4000,4000,4000,4000,4000,4000,4000
4000,4000,4000,4000,4000,4000,4000,4000,4000
4000,4000,4000,4000,4000,4000,4000,4000,4000
4000,4000,4000,4000,4000,4000,4000,4000,4000
4000,4000,4000,4000,4000,4000,4000,4000,4000
4000,4000,4000,4000,4000,4000,4000,4000,4000
4000,4000,4000,4000,4000,4000,4000,4000,4000
2485.7,2352.03,2485.91,2484.59,2402.88,2482.82,2485,2484.98,3121
2871.33,984.524,985.902,984.832,985.702,985.004,985.722,927.807,919.174
2357.47,250.033,249.08,225.089,248.213,226.909,201.316,237.681,250.364
2607.45,2499.49,2611.44,2624.74,2618.36,2547.28,2624.77,2993.4,2507.73
3130.61,3133.8,3134.74,3126.37,3129.88,3140.85,3127.82,3137.06,3122.55
3177.97,3183.51,3183.87,3182.01,3179.88,3186.23,3185.06,3169.41,3187.3
3462.46,3482.56,3450.05,3443.16,3478.32,3464.26,3465.1,3482.19,3466.52
4000,4000,4000,4000,4000,4000,4000,4000,4000
4000,4000,4000,4000,4000,4000,4000,4000,4000
4000,4000,4000,4000,4000,4000,4000,4000,4000
4000,4000,4000,4000,4000,4000,4000,4000,4000
4000,4000,4000,4000,4000,4000,4000,4000,4000
4000,4000,4000,4000,4000,4000,4000,4000,4000
4000,4000,4000,4000,4000,4000,4000,4000,4000
2297.23,2264.27,2298.58,2184.43,2197.49,2301.25,2184.42,2347.37,2301.11
2148.6,2149.92,2149.98,2150.07,2149.44,2148.13,2946.87,2151.25,2151.25
3032.67,3028.73,3016.83,3005.71,2987.55,2909.63,2966.14,2910.1,3026.2
2881.91,2873.16,2884.43,2883.53,3073.53,2887.1,2883.22,2878.45,2883.69
3128.49,3114.06,3100.09,3116.84,3135.53,3139.21,3136.19,3136.81,3142.13
3243.37,3242.18,3221.35,3236.76,3250.05,3247.88,3234.02,3205.14,3245.17
3612.39,3637.42,3640.11,3625.71,3602.01,3628.65,3635.67,3633.48,3622.17
4000,4000,4000,4000,4000,4000,4000,4000,4000
4000,4000,4000,4000,4000,4000,4000,4000,4000
4000,4000,4000,4000,4000,4000,4000,4000,4000
4000,4000,4000,4000,4000,4000,4000,4000,4000
4000,4000,4000,4000,4000,4000,4000,4000,4000
4000,4000,4000,4000,4000,4000,4000,4000,4000
4000,4000,4000,4000,4000,4000,4000,4000,4000
2151.72,2184.42,2181.4,2135.93,2123.88,2083.51,2611.72,2180.26,2125.27
-250.703,-280.218,-251.428,-251.924,2439.93,-250.549,-250.549,-250.549,-250.549
1544,2818.46,1543.25,1544.16,1541.57,1508.08,1453.32,1542.79,1543.33
3120.16,3112.56,3139.58,3080.24,3120.26,3132.97,3140.95,3133.66,3139.31
3177.12,3192.06,3192.49,3176.74,3161.5,3182.57,3188.43,3193.17,3195.34
3273.4,3276.62,3279.05,3287.13,3283.95,3260.84,3287.19,3286.76,3283.13
3785.04,3775.24,3783.76,3763.11,3792.06,3795.61,3771.98,3767.79,3772.05
4000,4000,4000,4000,4000,4000,4000,4000,4000
4000,4000,4000,4000,4000,4000,4000,4000,4000
4000,4000,4000,4000,4000,4000,4000,4000,4000
4000,4000,4000,4000,4000,4000,4000,4000,4000
4000,4000,4000,4000,4000,4000,4000,4000,4000
4000,4000,4000,4000,4000,4000,4000,4000,4000
4000,4000,4000,4000,4000,4000,4000,4000,4000
2187.08,2294.52,2185.9,2298.45,2292.76,2503.31,2294.17,2297.45,2188.4
1994,1961.21,2023.71,2477.66,2073.68,1962,2050.94,2011.06,2052.59
2804.45,2935.46,2864.02,2947.04,2815.67,2951.66,2944.03,2917.52,2837.84
2996.37,2997.69,2987.61,2984.11,3039.33,2998.81,2985.07,2998.52,5815.21
3137.49,3150.34,3124,3153.33,3157.57,3156.98,3142.97,3157.46,3147.64
3238.06,3239.4,3241.92,3222.56,3231.04,3295.11,3232.33,3230.62,3232.23
3798.66,3782.98,3796.52,3808.54,3671.42,3810.81,3806.69,3778.89,3785.86
4000,4000,4000,4000,4000,4000,4000,4000,4000
4000,4000,4000,4000,4000,4000,4000,4000,4000
4000,4000,4000,4000,4000,4000,4000,4000,4000
4000,4000,4000,4000,4000,4000,4000,4000,4000
4000,4000,4000,4000,4000,4000,4000,4000,4000
4000,4000,4000,4000,4000,4000,4000,4000,4000
4000,4000,4000,4000,4000,4000,4000,4000,4000
1308.79,1308.45,2684.32,1236.14,1249.14,1233.59,1223.49,1226.77,1226.31
-981.919,-981.348,-981.673,-981.866,2489.76,-981.343,-981.343,-981.343,-981.343
143.83,117.997,2589.37,141.841,151.201,121.602,121.7,149.106,130.77
2831.22,2828.11,5813.08,2830.99,2829.65,2829.85,2831.67,2903.39,2831.66
2987.32,2877.27,2990.94,2990.71,2871.57,2990.97,2982.22,2853.91,3234.94
3135.16,3139.74,3135.4,3130.03,3140.24,3132.02,3132.2,3134.54,3228.76
3599.1,3591.67,3580.43,3587.19,3597.95,3582.36,3593.69,3550.01,3596.82
4000,4000,4000,4000,4000,4000,4000,4000,4000
4000,4000,4000,4000,4000,4000,4000,4000,4000
4000,4000,4000,4000,4000,4000,4000,4000,4000
4000,4000,4000,4000,4000,4000,4000,4000,4000
4000,4000,4000,4000,4000,4000,4000,4000,4000
4000,4000,4000,4000,4000,4000,4000,4000,4000
4000,4000,4000,4000,4000,4000,4000,4000,4000
3117.82,3120.23,3142.19,3135,3036.73,3074.52,2996.71,3058.62,3137.89
1044.73,1092.95,1004.16,1032.16,1073.08,1007.82,2492.11,1007.26,1078.13
-449.551,5807.63,-449.419,-449.548,-450.304,-449.418,-449.568,-449.479,-449.82
2516.6,2453.59,2477.9,2465.86,5797.7,2472.48,2601.89,2352.4,2474.86
5790.58,3095.68,3099.12,3101,3214.24,3101.39,3101.7,3092.81,3097.52
3091.69,3088.72,3090.71,3095.44,3092.77,3091.16,3248.15,3095.26,3095.57
3371.83,3371.48,3358.12,3370.88,3369.3,3367.28,3374.35,3372.3,3354.5
4000,4000,4000,4000,4000,4000,4000,4000,4000
4000,4000,4000,4000,4000,4000,4000,4000,4000
4000,4000,4000,4000,4000,4000,4000,4000,4000
4000,4000,4000,4000,4000,4000,4000,4000,4000
4000,4000,4000,4000,4000,4000,4000,4000,4000
4000,4000,4000,4000,4000,4000,4000,4000,4000
4000,4000,4000,4000,4000,4000,4000,4000,4000
2602.09,2595.1,2606.09,2602.69,2499.59,2495.02,2677.55,2611.14,2539.46
-477.782,-478.056,-477.37,-497.973,-477.334,-477.194,-497.848,2763.06,-477.721
-31.815,2920.4,-31.7602,-31.9298,-32.2128,-32.3308,-46.4996,-31.8337,-31.8916
929.023,1039.66,954.566,953.283,3011.82,914.017,958.502,901.295,910.398
2984.59,2983.33,2988.08,3444.49,2985.55,2986.58,2987.76,2986.65,2986.59
3066.98,3075.17,3068.57,3144.98,3066.97,3072.33,3075.67,3062.23,3073.16
3218.5,3205.74,3224.53,3223.89,3220.79,3227.21,3230.47,3217.55,3214.74
4000,4000,4000,4000,4000,4000,4000,4000,4000
4000,4000,4000,4000,4000,4000,4000,4000,4000
4000,4000,4000,4000,4000,4000,4000,4000,4000
4000,4000,4000,4000,4000,4000,4000,4000,4000
4000,4000,4000,4000,4000,4000,4000,4000,4000
4000,4000,4000,4000,4000,4000,4000,4000,4000
4000,4000,4000,4000,4000,4000,4000,4000,4000
2884.36,2644.84,2650.24,2650.94,2649.75,2637.89,2649.29,2643.14,2650.23
-280.628,-270.684,2569.88,-272.799,-264.485,-251.654,-259.974,-280.768,-280.573
-951.005,-950.854,2486.05,-950.84,-950.871,-952.553,-950.838,-950.841,-952.562
247.34,247.638,247.33,247.284,247.449,247.538,245.604,2925.98,206.204
3072.39,3033.18,3021.72,3032.75,3032.61,3034.76,3006.68,3014.85,3033.65
3033.15,3041.63,3038.52,3033.46,3037.8,3035.81,3039.33,3032,3021.86
3207.06,3210.24,3204.12,3201.44,3210.56,3208.52,3197.49,3196.63,3208.98
4000,4000,4000,4000,4000,4000,4000,4000,4000
4000,4000,4000,4000,4000,4000,4000,4000,4000
4000,4000,4000,4000,4000,4000,4000,4000,4000
4000,4000,4000,4000,4000,4000,4000,4000,4000
4000,4000,4000,4000,4000,4000,4000,4000,4000
4000,4000,4000,4000,4000,4000,4000,4000,4000
4000,4000,4000,4000,4000,4000,4000,4000,4000
2854.03,2861.69,2859,2856.46,2856.26,2853.17,2858.75,2967.26,2855.79
-314.423,-288.547,-314.117,-316.263,-288.443,-293.474,2345.46,-288.361,-288.913
249.383,251.448,251.223,2568.55,251.609,251.604,251.402,251.583,251.535
2867.57,2868.36,2868.04,2868.51,2868.34,2726.21,2831.74,2811.39,2981.8
3068.15,3069.36,3077.41,3069.18,3077.49,3077.67,3078.47,3060.55,3073.12
3048.54,3030.42,3034.65,3033.15,3036.21,3035.05,3031.8,3034.03,3028.65
3197.16,3191.94,3200.85,3196.47,3185.17,3196.96,3184.33,3189.92,3174.15
4000,4000,4000,4000,4000,4000,4000,4000,4000
4000,4000,4000,4000,4000,4000,4000,4000,4000
4000,4000,4000,4000,4000,4000,4000,4000,4000
4000,4000,4000,4000,4000,4000,4000,4000,4000
