4000,4000,4000,4000,4000,4000,4000,4000,4000
4000,4000,4000,4000,4000,4000,4000,4000,4000
4000,4000,4000,4000,4000,4000,4000,4000,4000
2049.42,2048.91,2049.1,2049.45,2048.76,2048.9,1.86218e+52,2049.32,2049.4
-721.86,6.12577e+49,-723.099,1.18153e+52,-725.556,3.65728e+49,-723.622,2.75447e+49,-724.997
-875.923,-876.752,-878.331,5.01995e+49,-877.004,1.14352e+52,-878.23,6.35481e+49,2.9984e+49
-881.63,-886.789,1.3338e+50,5.58497e+49,1.1831e+52,6.2998e+49,-887.591,4.67214e+50,9.56997e+48
5.05035e+49,1.26026e+52,1.67224e+50,1946.8,8.73513e+49,6.56577e+49,1948.48,6.78353e+49,8.08289e+49
1.26132e+52,2.83115e+50,2074.62,2074.73,1.30878e+49,2074.3,2074.72,2074.75,2074.84
2111.19,7.63322e+49,1.7646e+50,9.28065e+49,2.56321e+50,1.28027e+52,4.76302e+50,2111.16,6.29167e+49
3634.19,3633.62,3633.68,3633.45,3634.43,3633.33,3633.79,3633.02,2.23019e+52
4000,4000,4000,4000,4000,4000,4000,4000,4000
4000,4000,4000,4000,4000,4000,4000,4000,4000
4000,4000,4000,4000,4000,4000,4000,4000,4000
4000,4000,4000,4000,4000,4000,4000,4000,4000
4000,4000,4000,4000,4000,4000,4000,4000,4000
4000,4000,4000,4000,4000,4000,4000,4000,4000
1720.3,1722,1723.28,2.19949e+52,1723.41,1721.5,1722.73,1720.59,1.18432e+49
-989.781,-987.885,2.53831e+49,-990.217,7.03158e+49,-989.918,-987.458,1.09722e+52,1.48039e+49
7.8303e+48,4.12948e+49,3.12762e+49,4.67814e+49,6.65226e+48,1.85533e+49,2.63144e+49,1.12731e+52,1.79945e+49
-872.594,3.0035e+49,1.17675e+52,-878.74,1.39384e+50,8.35353e+49,1.91158e+50,5.09451e+49,7.03507e+49
2066.58,2.51969e+50,1.23326e+52,2.14507e+50,2.07769e+50,2066.1,2.54238e+50,7.11956e+48,1.52244e+50
2.96715e+50,4.37128e+50,1.7532e+50,2122.7,1.22755e+52,6.02457e+48,1.84031e+49,2122.69,2122.6
1.55599e+50,1.99162e+50,6.98891e+49,2172.68,2172.43,2172.72,3.7885e+50,1.60075e+50,1.26751e+52
3643.48,3643.41,3642.85,3643.14,3640.73,3641.01,3641.76,3640.75,2.30808e+52
4000,4000,4000,4000,4000,4000,4000,4000,4000
4000,4000,4000,4000,4000,4000,4000,4000,4000
4000,4000,4000,4000,4000,4000,4000,4000,4000
4000,4000,4000,4000,4000,4000,4000,4000,4000
4000,4000,4000,4000,4000,4000,4000,4000,4000
4000,4000,4000,4000,4000,4000,4000,4000,4000
2.05213e+52,1870.76,1870.16,1869.01,1871.64,1871.7,1869.22,1871.13,1869.9
-831.428,-827.697,-837.091,-835.04,4.79308e+49,7.42498e+49,-834.15,1.12768e+52,1.04479e+50
7.07046e+48,1.05245e+52,6.90687e+48,1.80133e+49,-999.893,3.63369e+48,3.28068e+48,3.48933e+48,6.35131e+48
2.31229e+49,2.18473e+49,7.05064e+49,1.16013e+52,3.01151e+49,5.4187e+49,2.95733e+49,1.28331e+50,-981.998
2.69659e+50,1.36054e+50,3.36187e+50,2087.46,2.27447e+50,1.214e+52,1.87444e+50,1.08038e+49,2087.63
2203.13,2202.38,2203.18,1.2041e+50,2203.01,2203.12,2203.12,2203.18,1.22676e+52
2310.86,2310.47,1.38792e+52,2310.43,1.22527e+50,6.72261e+49,2311.03,3.51245e+49,1.0223e+50
3733.17,3733.92,3735.38,3734.81,3732.83,3734.47,1.45799e+52,3732.41,3734
4000,4000,4000,4000,4000,4000,4000,4000,4000
4000,4000,4000,4000,4000,4000,4000,4000,4000
4000,4000,4000,4000,4000,4000,4000,4000,4000
4000,4000,4000,4000,4000,4000,4000,4000,4000
4000,4000,4000,4000,4000,4000,4000,4000,4000
4000,4000,4000,4000,4000,4000,4000,4000,4000
2842.32,2839.42,2.1657e+50,2841.04,2.29137e+52,9.44512e+49,2841.35,2838.71,2841.26
2.47313e+50,1.90835e+49,3.00405e+49,678.473,2.34399e+50,678.95,5.46034e+49,1.1715e+52,3.00376e+50
2.43656e+50,1.16833e+52,1.42829e+50,8.58619e+49,5.22724e+49,5.61294e+49,2.20571e+50,6.03989e+48,6.29986e+49
1.63325e+49,872.26,4.59292e+49,4.00249e+49,1.17411e+52,1.29024e+50,4.04265e+50,1.15702e+50,2.87561e+50
2.26533e+50,1.4376e+50,1.18268e+52,1.91999e+50,4.915e+50,3.44905e+50,1.61238e+50,5.2209e+50,4.78799e+49
1.41373e+50,2.12256e+50,2254.75,4.57174e+50,9.97046e+49,2.61073e+50,1.40745e+50,1.19557e+52,2254.68
2512.56,1.10638e+50,9.12663e+49,2512.94,2512.89,5.91108e+50,2513.16,1.12339e+50,1.23711e+52
2.50147e+52,3813.5,3815.93,3815.89,3815.5,3813.7,3815.87,3814.3,3815.61
4000,4000,4000,4000,4000,4000,4000,4000,4000
4000,4000,4000,4000,4000,4000,4000,4000,4000
4000,4000,4000,4000,4000,4000,4000,4000,4000
4000,4000,4000,4000,4000,4000,4000,4000,4000
4000,4000,4000,4000,4000,4000,4000,4000,4000
4000,4000,4000,4000,4000,4000,4000,4000,4000
1964.51,1964.93,1964.41,1.33358e+49,1.74033e+52,1964.35,1964.13,1964.58,1964.17
-59.3247,8.03197e+49,1.15368e+52,-58.3865,-59.4909,-59.7257,-61.2677,8.3344e+49,-60.3688
868.243,3.4703e+49,869.038,868.358,2.32448e+49,6.122e+49,1.2862e+52,869.499,868.327
1742.93,5.90977e+49,1.25493e+52,1740.32,3.64698e+50,2.04972e+50,9.73048e+49,1741.96,1742.61
3.38317e+49,3.3377e+50,2.10354e+50,1.09649e+50,2159.76,9.92866e+48,2.14232e+49,1.18911e+52,1.43089e+50
1.42536e+50,2333.99,2334.09,2334.12,2333.35,1.53538e+52,1.26465e+50,2.22137e+50,7.92467e+49
2867.42,2866.64,2866.29,2866.49,2864.29,2866.39,2866.4,2.29928e+52,2867.06
3917.58,3917.72,3917.97,3917.57,3.85345e+51,3917.45,3918.07,3916.37,3918.12
4000,4000,4000,4000,4000,4000,4000,4000,4000
4000,4000,4000,4000,4000,4000,4000,4000,4000
4000,4000,4000,4000,4000,4000,4000,4000,4000
4000,4000,4000,4000,4000,4000,4000,4000,4000
4000,4000,4000,4000,4000,4000,4000,4000,4000
4000,4000,4000,4000,4000,4000,4000,4000,4000
1.7623e+52,1841.59,1840.81,1841.07,1838.81,1841.47,1839.59,1839.54,1841.3
1.27119e+49,-432.227,1.56104e+49,-431.642,-431.689,1.13819e+52,-432.212,-431.588,-432.026
3.09911e+49,731.018,729.896,1.23716e+52,7.45194e+49,1.74677e+49,730.29,730.397,4.81294e+49
3.12896e+50,1.59398e+50,1509.69,5.11343e+50,1.74675e+50,4.8913e+49,2.04582e+50,1.15517e+52,1.44949e+50
2.85478e+50,5.93323e+50,1.71619e+51,5.8341e+50,2.36187e+50,7.52847e+50,1.14208e+52,3.16406e+50,3.34932e+50
1.05496e+51,7.29259e+50,6.49455e+50,6.49701e+50,3.25831e+50,1.20657e+51,4.41641e+50,1.14161e+52,1.17769e+51
9.7943e+49,1.19214e+49,2891.49,6.08733e+49,1.27147e+52,2891.76,3.04641e+49,7.46114e+49,1.20611e+50
3948.75,3947.62,3948.31,3949.17,3948.67,3947.91,3948,3950.86,1.98405e+52
4000,4000,4000,4000,4000,4000,4000,4000,4000
4000,4000,4000,4000,4000,4000,4000,4000,4000
4000,4000,4000,4000,4000,4000,4000,4000,4000
4000,4000,4000,4000,4000,4000,4000,4000,4000
4000,4000,4000,4000,4000,4000,4000,4000,4000
4000,4000,4000,4000,4000,4000,4000,4000,4000
1881.13,1884.29,7.21033e+49,1.89336e+52,1883.28,1884.12,1880.47,1884.2,1884.13
2.09631e+50,3.94089e+49,2.39005e+50,9.66611e+48,6.46703e+49,1.12355e+52,4.51035e+49,1.59093e+50,6.51603e+49
3.61139e+49,1.11936e+50,-348.734,-350.423,3.0299e+50,1.14018e+52,8.10181e+49,1.42703e+50,1.09745e+50
2.28825e+50,1149.39,1.17302e+52,2.26679e+50,5.17058e+49,2.31906e+50,1.80536e+50,7.31384e+49,9.28711e+49
2.87847e+50,4.24445e+49,2.81956e+50,1.16272e+52,2.51001e+50,2033.62,1.08554e+50,9.8532e+49,1.56426e+50
2216.44,1.71579e+50,1.94512e+50,1.23679e+49,1.22181e+52,3.75905e+49,7.36181e+49,2216.6,2216.44
2409.92,2410.05,1.31884e+50,1.22956e+50,2409.11,2410,2410.12,2.18257e+52,2409.9
3843.24,3.91713e+51,3843.78,3842.28,3842.3,3841.83,3844.19,3843.16,3841.59
4000,4000,4000,4000,4000,4000,4000,4000,4000
4000,4000,4000,4000,4000,4000,4000,4000,4000
4000,4000,4000,4000,4000,4000,4000,4000,4000
4000,4000,4000,4000,4000,4000,4000,4000,4000
4000,4000,4000,4000,4000,4000,4000,4000,4000
4000,4000,4000,4000,4000,4000,4000,4000,4000
1339.3,1338.52,1340.01,1339.73,1339.85,1339.9,1.39458e+52,1338.87,1339.87
1.01673e+49,1.95218e+49,2.36098e+49,2.79038e+49,1.06746e+52,5.96944e+48,3.48418e+49,2.98878e+49,3.75229e+49
4.73573e+49,4.46905e+49,4.5001e+49,7.07812e+48,9.61522e+49,2.7189e+49,3.75177e+49,1.10995e+52,4.06417e+49
2.61898e+50,386.768,1.03696e+50,7.91684e+49,1.24664e+50,1.64155e+50,1.15091e+52,9.09912e+49,3.24338e+49
1.59016e+50,2026.55,1.43236e+50,2027.25,4.90677e+49,1.35823e+50,4.66417e+49,2027.33,1.19697e+52
5.29645e+49,2173.89,2174,2174.06,2173.99,2174.15,1.23164e+52,8.67177e+48,2174.23
2244.22,2243.86,2244.11,2244.15,2243.79,2244.04,2.26783e+52,2243.97,2244.18
3635.77,3636.36,3634.83,3635.28,3636.4,3635.02,3635.79,6.76489e+51,3635.72
4000,4000,4000,4000,4000,4000,4000,4000,4000
4000,4000,4000,4000,4000,4000,4000,4000,4000
4000,4000,4000,4000,4000,4000,4000,4000,4000
4000,4000,4000,4000,4000,4000,4000,4000,4000
4000,4000,4000,4000,4000,4000,4000,4000,4000
4000,4000,4000,4000,4000,4000,4000,4000,4000
2837.22,2836.95,2837.56,2.20415e+52,2837.3,2833.17,2836.4,2837.84,2836.64
5.41469e+49,1.06972e+50,835.628,2.31732e+50,833.894,835.03,830.191,1.34498e+49,1.15543e+52
2.64887e+49,1.11496e+50,1.84668e+49,7.34539e+49,8.51986e+49,1.09847e+49,-706.464,1.11491e+52,-708.059
1.04898e+50,7.39983e+49,1.11924e+50,2.48029e+49,6.11352e+49,1.13606e+52,2.72085e+49,4.63516e+49,3.53201e+49
1.16762e+52,2.5938e+50,4.99503e+50,2060.52,1.97381e+50,2.26963e+50,1.29589e+50,1.28361e+50,3.67821e+50
3.38185e+50,2.39601e+50,2.74821e+50,2.36645e+49,1.83654e+50,1.15365e+52,1.08196e+50,4.26246e+50,4.26095e+50
2.16132e+49,1.15753e+52,3.27939e+50,2178.87,1.58188e+50,2178.69,3.77902e+50,3.58695e+50,2.71162e+50
3508.64,3508.7,3508.94,3506.97,3507.37,1.60738e+50,1.40711e+50,2.16462e+52,3506.73
4000,4000,4000,4000,4000,4000,4000,4000,4000
4000,4000,4000,4000,4000,4000,4000,4000,4000
4000,4000,4000,4000,4000,4000,4000,4000,4000
4000,4000,4000,4000,4000,4000,4000,4000,4000
4000,4000,4000,4000,4000,4000,4000,4000,4000
4000,4000,4000,4000,4000,4000,4000,4000,4000
1530.77,1.10749e+50,6.55452e+49,1.82395e+50,7.30144e+49,1.01732e+50,8.84969e+49,2.04226e+50,1.19874e+52
2.26986e+50,6.15659e+49,4.33727e+49,5.33573e+49,5.04561e+49,3.83626e+49,3.06186e+49,2.59879e+49,1.10919e+52
3.92227e+47,1.45887e+48,8.26282e+47,2.3334e+48,1.05343e+52,3.13616e+47,-999.999,5.09891e+48,1.38505e+48
1.26114e+49,2.51139e+49,2.42844e+49,1.72341e+49,2.8721e+49,2.78192e+49,1.11626e+52,2.4314e+49,2.38981e+49
2.14818e+50,4.07126e+50,2.24146e+50,2.12839e+50,3.7175e+50,3.0248e+50,1.14983e+52,3.30696e+50,2.79128e+50
1.15748e+52,2.04488e+50,5.95766e+49,4.65095e+50,2.40822e+50,4.00375e+50,1.0247e+50,3.98323e+50,1.95605e+50
3.87893e+50,1.71947e+49,1.15982e+50,1.52832e+50,2174.07,1.19354e+52,8.58726e+49,2174.22,4.87848e+50
3558.11,3558.17,3560.37,3559.19,2.42289e+52,3558.52,3560.13,3559.55,3560.59
4000,4000,4000,4000,4000,4000,4000,4000,4000
4000,4000,4000,4000,4000,4000,4000,4000,4000
4000,4000,4000,4000,4000,4000,4000,4000,4000
4000,4000,4000,4000,4000,4000,4000,4000,4000
4000,4000,4000,4000,4000,4000,4000,4000,4000
4000,4000,4000,4000,4000,4000,4000,4000,4000
2047.37,2047.29,1.74999e+52,2047.47,2047.6,2047.45,6.08225e+49,2047.36,2047.42
6.17174e+49,285.791,6.33402e+49,1.21116e+50,1.17519e+50,289.949,288.692,1.16092e+52,2.07894e+50
2.16944e+50,6.79493e+49,8.58636e+48,1.97443e+50,1.15603e+52,1.83804e+49,2.88957e+49,3.34359e+49,2.93374e+49
3.26591e+49,1.17899e+50,1.18496e+52,1.10412e+50,-11.39,1.57818e+50,3.50467e+49,6.12478e+48,3.28668e+49
1.19968e+52,1.02535e+50,6.75266e+49,1.99759e+50,2.36587e+50,8.57186e+48,2097.13,3.49382e+49,2096.95
2147.44,2147.36,9.59808e+49,8.93334e+49,1.25111e+52,2147.47,6.69542e+49,2147.53,1.46786e+49
2182.62,2182.64,2182.63,1.02849e+50,1.33581e+52,1.27386e+50,9.52466e+49,2182.76,1.30646e+50
3554.06,1.86627e+52,3553.58,3553.9,3551.47,3554.35,3551.8,3552.36,3552.3
4000,4000,4000,4000,4000,4000,4000,4000,4000
4000,4000,4000,4000,4000,4000,4000,4000,4000
4000,4000,4000,4000,4000,4000,4000,4000,4000
4000,4000,4000,4000,4000,4000,4000,4000,4000
4000,4000,4000,4000,4000,4000,4000,4000,4000
4000,4000,4000,4000,4000,4000,4000,4000,4000
1478.2,1.60268e+52,1475.72,1478.27,1478.26,1476.63,7.68367e+49,1477.6,9.37547e+48
2.98331e+49,1.65318e+49,2.85922e+49,-998.21,1.11702e+49,1.5765e+49,-998.626,1.06928e+52,-998.513
1.41543e+49,3.36583e+49,3.75741e+49,8.3278e+48,2.62171e+49,-998.929,-998.312,1.0602e+52,7.05453e+48
1.18874e+52,6.08284e+48,-860.1,-859.382,1.14285e+50,2.52294e+49,-856.981,8.12581e+49,6.48493e+48
8.70523e+48,1967.9,2.97023e+49,1.35333e+50,1.22758e+52,1.69525e+50,4.49232e+49,7.44299e+49,1.00922e+50
2077.04,8.68861e+48,1.24964e+52,6.75408e+49,9.82168e+49,4.65984e+49,1.78112e+50,4.28223e+49,1.02352e+50
1.46255e+50,2116.8,2116.96,1.45258e+50,2116.7,2117.13,2116.86,2117.07,1.27983e+52
3662.27,1.65163e+52,3663.94,3663.18,3661.42,3662.45,3663.24,3661.6,3661.45
4000,4000,4000,4000,4000,4000,4000,4000,4000
4000,4000,4000,4000,4000,4000,4000,4000,4000
4000,4000,4000,4000,4000,4000,4000,4000,4000
4000,4000,4000,4000,4000,4000,4000,4000,4000
4000,4000,4000,4000,4000,4000,4000,4000,4000
4000,4000,4000,4000,4000,4000,4000,4000,4000
1213.79,1212.88,2.08299e+52,1212.12,5.38211e+49,1212.23,1212.67,1213.88,1213.79
1.36876e+49,-998.507,-998.691,1.02116e+52,8.56845e+48,-998.131,-998.628,-998.614,-998.631
1.39607e+49,6.42812e+48,1.05986e+52,5.7415e+48,1.11404e+49,1.63544e+49,1.67132e+49,2.37958e+49,2.04226e+49
-363.5,3.19639e+49,-364.671,-362.263,1.91653e+50,3.56431e+49,1.36437e+50,1.19008e+52,8.45762e+49
2077.25,2077.39,2.92721e+50,7.65983e+49,2077.41,2077.23,4.68413e+49,2077.19,1.39607e+52
2141.7,2141.61,2141.51,2141.7,2.31245e+52,2141.73,2141.29,2141.43,2141.5
4.57082e+49,2191.5,2191.85,9.34943e+49,2191.54,2191.33,2.77337e+52,2191.28,2191.08
3726.02,3725.14,3727.88,3725.71,3726.79,3725.8,3727.97,7.36933e+51,3726.97
4000,4000,4000,4000,4000,4000,4000,4000,4000
4000,4000,4000,4000,4000,4000,4000,4000,4000
4000,4000,4000,4000,4000,4000,4000,4000,4000
4000,4000,4000,4000,4000,4000,4000,4000,4000
4000,4000,4000,4000,4000,4000,4000,4000,4000
4000,4000,4000,4000,4000,4000,4000,4000,4000
5.04402e+49,1.72851e+52,1306.48,1306.13,1305.95,1305.95,1306.06,1306.24,1304.65
1.11323e+52,1.85303e+49,-995.68,4.04196e+49,3.3642e+49,1.27902e+49,2.39322e+49,1.89361e+50,4.56691e+49
1.48253e+49,2.24753e+49,2.50043e+49,3.108e+49,7.98376e+48,1.12376e+49,1.11209e+52,2.87272e+49,2.81764e+49
1.75916e+50,1.75565e+50,7.14106e+49,1.52088e+50,1.51845e+49,1.35667e+50,1.17057e+52,1.86323e+50,2.03934e+50
2.27034e+50,2.22689e+50,2155.04,2.36191e+50,2.52966e+50,1.21301e+52,2156.05,2155.71,1.36028e+49
5.82189e+49,1.21427e+52,2.6041e+50,2.75284e+50,2201.36,1.18446e+49,6.65104e+49,2201.21,2201.54
2286.13,1.28648e+52,2286.38,2285.81,2.14048e+50,7.33414e+49,1.24467e+50,2286.34,4.1124e+50
3736.3,3736.91,3737.14,3736.54,3737.57,3737.04,2.19861e+52,3736.59,3734.71
4000,4000,4000,4000,4000,4000,4000,4000,4000
4000,4000,4000,4000,4000,4000,4000,4000,4000
4000,4000,4000,4000,4000,4000,4000,4000,4000
4000,4000,4000,4000,4000,4000,4000,4000,4000
4000,4000,4000,4000,4000,4000,4000,4000,4000
4000,4000,4000,4000,4000,4000,4000,4000,4000
2010.61,2008.09,4.49644e+49,2011.05,2011.02,1.44231e+52,2010.7,2009.31,2010.62
4.3062e+49,1.61467e+50,4.72667e+49,1.14516e+52,4.76217e+49,7.06638e+49,1.13964e+50,-668.336,3.76851e+49
5.4807e+49,1.05705e+50,1.47903e+50,2.07503e+50,1.15027e+52,6.48426e+49,7.53581e+49,6.52913e+49,2.0277e+50
4.0458e+50,3.77726e+50,2.64399e+50,7.31734e+48,1.16098e+52,9.86405e+50,2.8221e+50,4.28656e+50,3.88448e+50
3.0505e+50,1.17926e+52,3.85814e+50,1.79238e+50,3.47294e+50,5.4269e+50,2.95742e+50,2.36824e+51,4.21161e+50
1.8124e+50,1.58386e+50,3.00324e+50,2.38467e+50,1.14013e+50,1.1553e+52,1.09663e+50,6.85503e+50,3.72228e+50
2.90381e+50,1.21245e+52,3.69672e+50,1.19377e+50,9.18463e+49,5.48434e+50,9.5911e+49,2482.16,2.08025e+50
3827.58,3828.05,3825.43,3827.85,2.77761e+52,3827.11,3826.77,7.78522e+48,3826.8
4000,4000,4000,4000,4000,4000,4000,4000,4000
4000,4000,4000,4000,4000,4000,4000,4000,4000
4000,4000,4000,4000,4000,4000,4000,4000,4000
4000,4000,4000,4000,4000,4000,4000,4000,4000
4000,4000,4000,4000,4000,4000,4000,4000,4000
4000,4000,4000,4000,4000,4000,4000,4000,4000
1828.14,1.72342e+52,1828.4,1828.41,1828.83,1828.53,1828.47,1828.65,1828.07
287.321,286.277,7.05604e+49,287.664,288.645,1.1555e+52,287.366,289.09,288.325
6.6695e+49,1649.72,1649.58,1649.47,1649.61,1649.69,2.50161e+49,1.21193e+52,1649.59
3.27563e+49,8.45036e+50,8.32941e+49,2.92005e+50,3.99046e+50,1.14909e+52,4.1112e+49,5.28155e+50,3.2108e+50
2.97191e+50,1.04292e+51,1.44697e+50,9.93729e+50,2.07485e+50,2.87587e+50,1.88986e+50,1.43837e+50,1.14192e+52
3.16961e+50,2279.88,2.52621e+50,4.2775e+50,8.192e+50,1.15788e+52,2.89403e+50,9.6646e+49,1.17762e+51
2839.65,2839.33,4.97833e+50,2839.65,2.96904e+49,5.34571e+50,1.82687e+50,1.2921e+52,3.39162e+50
2.27643e+52,3923.98,3923.53,3920.93,3923.45,3921.14,3923.74,3922.9,3921.96
4000,4000,4000,4000,4000,4000,4000,4000,4000
4000,4000,4000,4000,4000,4000,4000,4000,4000
4000,4000,4000,4000,4000,4000,4000,4000,4000
4000,4000,4000,4000,4000,4000,4000,4000,4000
4000,4000,4000,4000,4000,4000,4000,4000,4000
4000,4000,4000,4000,4000,4000,4000,4000,4000
6.91785e+49,1085.61,1085.82,3.35859e+49,2.8616e+50,1087.04,1.15189e+52,1.21812e+50,1087.81
1.22296e+50,8.06495e+49,4.94181e+49,1.10165e+50,1.08734e+52,1.20999e+50,1.21597e+50,3.17893e+49,2.94729e+49
6.76423e+49,2.63602e+49,1.13797e+52,2.00992e+50,3.15447e+50,6.72216e+49,2.57622e+50,3.35584e+49,5.54677e+49
1.72947e+50,5.2116e+50,1.32707e+50,1.33047e+50,3.73536e+50,2.00769e+50,1.12453e+52,1.48739e+50,8.92951e+50
9.53081e+50,6.90945e+50,1.12806e+51,1.18222e+51,1.32348e+51,1.81554e+51,1.13369e+52,1.05231e+51,5.11477e+50
1.66387e+51,1.13965e+52,1.85286e+51,2.11201e+51,1.46481e+51,1.58118e+51,1.01134e+51,1.98898e+51,2.17248e+51
1.93411e+49,1.29629e+50,1.70075e+50,2914.9,1.38811e+50,3.38554e+49,1.39577e+52,2914.36,2915.38
3954.05,3953.35,3953.27,3951.79,3952.81,2.17891e+52,3953.67,3953.83,3953.71
4000,4000,4000,4000,4000,4000,4000,4000,4000
4000,4000,4000,4000,4000,4000,4000,4000,4000
4000,4000,4000,4000,4000,4000,4000,4000,4000
4000,4000,4000,4000,4000,4000,4000,4000,4000
4000,4000,4000,4000,4000,4000,4000,4000,4000
4000,4000,4000,4000,4000,4000,4000,4000,4000
1876.24,1875.97,1875.42,1875.61,1.73064e+52,1875.76,1875.7,1875.73,1875.96
1.78046e+50,5.44205e+49,-132.314,1.04307e+50,1.20159e+50,-131.885,-131.752,-133.081,1.12174e+52
9.61491e+49,1.28823e+50,1.12601e+50,1.03042e+50,1.18087e+50,3.09541e+49,9.44477e+49,7.15755e+49,1.1304e+52
1.08582e+50,1.1914e+50,9.1897e+49,7.92288e+49,1.13217e+52,8.19008e+49,9.54073e+49,3.34026e+50,1.18741e+50
5.88368e+50,2.38692e+49,2039.89,1.17749e+52,1.10579e+49,2039.95,7.32141e+49,2.92591e+49,1.09819e+50
8.20368e+50,8.5852e+49,7.86588e+49,2219.14,1.08431e+50,2.01227e+50,1.16862e+49,1.20513e+52,2219.05
1.27573e+52,2435.26,2435.22,2435.12,2434.89,1.30676e+49,2435.12,2435.32,2435.11
3852.48,3852.75,1.54894e+50,3851.2,2.39479e+52,3853.09,3852.43,3852.23,3851.13
4000,4000,4000,4000,4000,4000,4000,4000,4000
4000,4000,4000,4000,4000,4000,4000,4000,4000
4000,4000,4000,4000,4000,4000,4000,4000,4000
4000,4000,4000,4000,4000,4000,4000,4000,4000
4000,4000,4000,4000,4000,4000,4000,4000,4000
4000,4000,4000,4000,4000,4000,4000,4000,4000
2572.94,2569.34,2572.23,2573.68,2573.54,2573.23,2.45795e+52,2573.1,2572.47
252.842,1.38323e+50,1.18662e+49,5.03456e+49,9.81711e+49,1.14582e+52,2.22635e+49,258.188,1.53236e+50
8.51915e+49,2.0863e+49,1.10511e+50,6.62332e+49,4.41646e+49,2.50555e+49,3.33725e+49,1.11299e+52,5.8323e+49
1.85234e+50,2.09087e+50,6.39391e+49,2.02029e+50,7.8534e+49,1.13148e+52,1.53615e+50,2.72787e+50,4.00027e+49
1.16122e+52,1.0599e+50,5.93759e+50,3.22883e+50,7.18927e+49,2.05859e+50,6.44526e+50,5.80415e+50,2.51768e+50
4.02137e+50,2177.44,1.17563e+52,1.0581e+51,1.85992e+50,2177.52,1.7589e+50,2.67538e+49,1.41961e+50
7.04216e+49,2245.01,8.24758e+49,2245.05,1.51193e+50,2244.91,1.48617e+52,2244.49,4.62517e+49
3649.48,3649.18,3649.65,3650.66,3647.9,3648.42,1.23053e+52,3650.83,3648.38
4000,4000,4000,4000,4000,4000,4000,4000,4000
4000,4000,4000,4000,4000,4000,4000,4000,4000
4000,4000,4000,4000,4000,4000,4000,4000,4000
4000,4000,4000,4000,4000,4000,4000,4000,4000
4000,4000,4000,4000,4000,4000,4000,4000,4000
4000,4000,4000,4000,4000,4000,4000,4000,4000
403.461,1.09788e+50,403.01,1.20708e+49,1.19341e+52,403.484,403.705,6.36638e+48,403.327
2.25909e+49,1.83698e+49,1.03957e+49,1.06251e+49,1.45054e+49,1.85197e+49,7.00804e+48,1.93963e+49,1.08215e+52
1.71912e+49,1.29854e+49,1.08024e+52,1.56128e+49,8.29645e+48,1.46346e+49,4.79567e+48,7.84997e+48,1.24045e+49
9.18319e+49,1.12483e+52,8.97924e+49,3.80826e+49,2.60031e+49,1.68337e+49,2.47895e+49,4.12663e+49,3.27886e+49
3.36028e+50,6.54413e+50,5.59904e+50,1.14951e+52,2.98478e+50,3.49023e+50,5.36702e+50,3.77785e+50,3.74881e+50
5.36199e+50,1.71884e+50,3.03486e+50,2.5615e+50,4.41771e+50,4.47436e+50,8.01485e+50,1.1487e+52,3.95379e+50
7.60553e+50,2.81912e+50,2.03639e+50,2180.58,3.41448e+50,6.48896e+50,1.73995e+50,1.16007e+52,2.53713e+49
1.24584e+50,3541.92,3544.29,3542.61,3542.02,3543.86,2.59809e+50,2.22346e+52,3543.53
4000,4000,4000,4000,4000,4000,4000,4000,4000
4000,4000,4000,4000,4000,4000,4000,4000,4000
4000,4000,4000,4000,4000,4000,4000,4000,4000
4000,4000,4000,4000,4000,4000,4000,4000,4000
4000,4000,4000,4000,4000,4000,4000,4000,4000
4000,4000,4000,4000,4000,4000,4000,4000,4000
1133.63,1131.78,1.23784e+52,1134.15,1132.25,1131.39,1133.23,1132.29,1132.22
3.95538e+49,4.12669e+49,5.1332e+48,1.23129e+49,3.72532e+49,4.40741e+49,1.09259e+52,3.39727e+49,4.43867e+49
6.89515e+48,2.00763e+48,2.57913e+48,2.06249e+48,3.32356e+48,1.08592e+52,1.14418e+48,6.36039e+48,1.8276e+48
5.02706e+49,1.12204e+52,5.01546e+49,1.13271e+50,4.76146e+49,7.19794e+49,3.96997e+49,3.18968e+49,2.86098e+49
5.71168e+49,4.52047e+50,1.05287e+50,5.37241e+50,1.13843e+52,5.12034e+50,5.47435e+50,5.77017e+50,5.19475e+50
7.67611e+50,1.99831e+50,3.05669e+50,1.05236e+51,1.14126e+52,1.00467e+51,4.10424e+50,1.48695e+51,6.19e+50
3.027e+50,1.12548e+50,4.55589e+50,4.6865e+50,1.14954e+52,3.30167e+50,4.23643e+50,1.61448e+50,3.69262e+50
3578.2,2.36407e+49,3578.52,5.52098e+49,5.28764e+49,3575.77,3577.39,3576.3,2.06348e+52
4000,4000,4000,4000,4000,4000,4000,4000,4000
4000,4000,4000,4000,4000,4000,4000,4000,4000
4000,4000,4000,4000,4000,4000,4000,4000,4000
4000,4000,4000,4000,4000,4000,4000,4000,4000
4000,4000,4000,4000,4000,4000,4000,4000,4000
4000,4000,4000,4000,4000,4000,4000,4000,4000
905.824,906.138,907.497,907.473,906.678,1.31852e+52,907.695,907.38,4.18743e+49
1.1654e+49,2.82858e+49,2.27386e+49,1.08159e+52,2.38445e+49,1.88801e+49,1.05037e+49,3.39479e+49,1.2153e+49
9.12913e+48,1.09054e+49,4.80587e+48,2.16845e+48,9.69651e+48,2.2201e+48,1.07981e+52,7.03262e+48,5.11042e+48
1.23785e+50,8.94457e+49,1.65792e+50,1.12544e+52,1.47317e+50,1.25628e+50,6.81627e+49,1.02133e+50,5.97501e+49
1.16201e+52,9.66155e+49,1.80671e+50,9.80971e+49,1.1134e+50,2.74155e+49,1.94238e+50,2011.92,6.63656e+49
2.44811e+50,6.3955e+48,1.62305e+50,6.26986e+50,1.16599e+52,3.43983e+50,2.88405e+50,6.24323e+49,4.01227e+50
1.10169e+49,5.10316e+49,5.84119e+49,1.17838e+52,2.05771e+50,2200.96,1.51264e+50,1.1639e+50,1.28218e+50
3645.7,2.28259e+52,3643.59,3645.1,3645.61,3643.12,1.07419e+50,7.51724e+48,3643.06
4000,4000,4000,4000,4000,4000,4000,4000,4000
4000,4000,4000,4000,4000,4000,4000,4000,4000
4000,4000,4000,4000,4000,4000,4000,4000,4000
4000,4000,4000,4000,4000,4000,4000,4000,4000
4000,4000,4000,4000,4000,4000,4000,4000,4000
4000,4000,4000,4000,4000,4000,4000,4000,4000
1.65824e+52,1543.1,1540.41,1542.93,1542.92,1543.07,1543.09,1543.04,1543.01
8.85246e+48,1.01861e+50,3.84167e+49,3.72614e+49,1.09989e+50,1.10884e+52,5.38816e+49,6.50402e+49,-993.274
4.5658e+48,1.08297e+49,9.35831e+48,1.38973e+49,1.37476e+49,1.37771e+49,8.6569e+48,8.07007e+48,1.07991e+52
1.56482e+50,1.16055e+52,1.14211e+50,1.78275e+50,2.08265e+50,1.21267e+50,9.77164e+49,8.14062e+49,3.04189e+49
2.35423e+50,2.2669e+50,8.85143e+49,2.00798e+50,6.22934e+50,2.35866e+50,2.50688e+50,1.15878e+52,3.60853e+50
2.71643e+50,2057.07,5.14469e+49,1.17342e+52,2.64715e+50,2.4923e+49,2.06507e+50,2.3583e+50,3.05404e+50
1.29585e+50,4.78374e+49,6.09757e+50,2091.98,1.215e+52,2.70885e+50,2091.96,5.60822e+49,1.18379e+50
3637.42,3637.74,3638.25,3636.26,3636.44,2.45539e+52,3636.93,3635.23,6.98619e+48
4000,4000,4000,4000,4000,4000,4000,4000,4000
4000,4000,4000,4000,4000,4000,4000,4000,4000
4000,4000,4000,4000,4000,4000,4000,4000,4000
4000,4000,4000,4000,4000,4000,4000,4000,4000
4000,4000,4000,4000,4000,4000,4000,4000,4000
4000,4000,4000,4000,4000,4000,4000,4000,4000
1.92362e+52,1112.84,1112.7,1112.34,1112.06,1111.93,1111.68,1113.1,1111.1
1.03753e+52,7.13005e+48,6.89721e+48,5.43441e+48,1.87081e+49,5.21272e+48,6.45333e+49,2.12882e+49,6.55013e+48
4.54375e+48,1.24306e+49,1.09557e+52,2.092e+49,6.04648e+48,1.28984e+49,2.20349e+49,1.69052e+49,1.70125e+49
6.36671e+49,7.13303e+49,6.58375e+49,1.14819e+52,1.36442e+50,7.97796e+49,7.24448e+49,7.57543e+49,7.07094e+48
2.8511e+50,4.92706e+50,1.69348e+50,6.21853e+50,2.73575e+50,1.1882e+52,6.78515e+49,1.6012e+49,2.92024e+50
2.95558e+49,2096.36,1.01662e+49,2.48166e+50,2095.75,1.7192e+50,1.11707e+50,2096.38,1.19471e+52
6.76786e+49,2147.73,4.62269e+49,2147.83,3.4692e+49,2148.06,2147.86,1.36914e+52,2147.57
3648.45,3648.05,3650.89,3648.29,3649.46,3650.99,3650.65,3650.35,2.17112e+52
4000,4000,4000,4000,4000,4000,4000,4000,4000
4000,4000,4000,4000,4000,4000,4000,4000,4000
4000,4000,4000,4000,4000,4000,4000,4000,4000
4000,4000,4000,4000,4000,4000,4000,4000,4000
4000,4000,4000,4000,4000,4000,4000,4000,4000
4000,4000,4000,4000,4000,4000,4000,4000,4000
1518.6,1517.03,1518.61,1.18555e+50,1518.93,2.03427e+52,1516.1,4.95609e+49,1517.97
1.04309e+52,8.75179e+48,-981.422,1.96547e+49,-981.135,8.30825e+48,2.22805e+49,6.11597e+49,3.65018e+49
-999.962,2.77115e+48,5.51756e+48,5.7029e+48,3.29353e+48,1.10749e+49,7.88164e+48,6.07418e+48,1.03478e+52
7.14746e+49,1.02345e+50,5.06026e+49,5.86842e+49,1.14029e+52,6.09642e+48,3.49352e+49,1.8906e+49,-932.205
1.69891e+50,5.52004e+50,1.18124e+52,2.92627e+50,5.50359e+50,3.04046e+49,6.22046e+50,1.25697e+50,1928.54
4.84453e+50,1.18435e+52,2.7001e+50,6.91052e+50,2165.14,2.46682e+50,3.47244e+50,4.37387e+50,8.32376e+49
2259.56,4.50972e+50,1.19087e+52,7.43911e+49,2.46033e+50,1.84641e+50,6.70187e+50,1.31283e+50,6.11574e+48
3759.48,1.44036e+50,3758.79,3760.47,3761.52,3758.94,2.70587e+52,3760.85,3761.12
4000,4000,4000,4000,4000,4000,4000,4000,4000
4000,4000,4000,4000,4000,4000,4000,4000,4000
4000,4000,4000,4000,4000,4000,4000,4000,4000
4000,4000,4000,4000,4000,4000,4000,4000,4000
4000,4000,4000,4000,4000,4000,4000,4000,4000
4000,4000,4000,4000,4000,4000,4000,4000,4000
2093.84,2094.41,2.10348e+52,2094.06,2094.59,2093.93,2093.92,2091.19,2094.29
-693.614,3.43679e+50,4.88041e+49,1.10795e+52,4.28497e+49,-696.562,5.12232e+49,1.06241e+50,2.36932e+49
7.83678e+49,9.29467e+49,3.98048e+49,9.80475e+49,6.76373e+49,5.76763e+49,8.79186e+49,1.10468e+52,7.61621e+49
8.17613e+50,5.92224e+50,5.77705e+50,4.18773e+50,1.12721e+52,2.36714e+50,4.05886e+50,3.89532e+50,4.21223e+50
6.43912e+50,7.80939e+50,6.80788e+50,5.37167e+50,4.63216e+50,1.4351e+51,1.08755e+51,6.13524e+50,1.14219e+52
2204.87,8.6598e+49,7.11367e+50,1.18043e+52,4.80823e+50,1.73768e+50,9.58808e+49,1.06624e+50,2.64274e+50
2429.79,2429.96,1.48711e+50,2429.6,2429.74,9.74396e+49,2.17486e+52,2430.1,2429.71
3845.31,2.99618e+49,3844.4,1.42206e+52,3845.41,3845.16,3843.63,3841.89,3841.98
4000,4000,4000,4000,4000,4000,4000,4000,4000
4000,4000,4000,4000,4000,4000,4000,4000,4000
4000,4000,4000,4000,4000,4000,4000,4000,4000
4000,4000,4000,4000,4000,4000,4000,4000,4000
4000,4000,4000,4000,4000,4000,4000,4000,4000
4000,4000,4000,4000,4000,4000,4000,4000,4000
1.4862e+50,2.73292e+49,1357.12,1357.14,4.70066e+50,1357.33,1.16516e+52,1357.43,1356.94
7.18981e+49,6.30398e+49,-232.188,5.80213e+49,7.79193e+49,3.68099e+50,1.36678e+50,1.08477e+52,1.01413e+50
1.34315e+51,6.95338e+50,3.06074e+50,7.28392e+50,9.59228e+50,5.86081e+50,7.9363e+50,1.1164e+52,7.13389e+50
2.13076e+51,2.75781e+51,2.04371e+51,2.92155e+51,3.43715e+51,2.7001e+51,3.71191e+51,3.06362e+51,1.12235e+52
8.08234e+51,6.58283e+51,8.19552e+51,8.88816e+51,8.49454e+51,6.96215e+51,9.53318e+51,1.14183e+52,9.42679e+51
3.08755e+51,2.4761e+51,3.52665e+51,2.02265e+51,4.24085e+51,5.10629e+51,1.14615e+52,3.60794e+51,2.22594e+51
1.47146e+50,2607.49,2608.02,2607.77,2605.91,1.93566e+50,6.3152e+49,1.33014e+52,7.1181e+49
3917.65,3.18389e+52,3919.07,3919.03,3916.3,3917.18,1.57031e+50,3918.25,3919.11
4000,4000,4000,4000,4000,4000,4000,4000,4000
4000,4000,4000,4000,4000,4000,4000,4000,4000
4000,4000,4000,4000,4000,4000,4000,4000,4000
4000,4000,4000,4000,4000,4000,4000,4000,4000
4000,4000,4000,4000,4000,4000,4000,4000,4000
4000,4000,4000,4000,4000,4000,4000,4000,4000
2.04269e+52,1271.99,1273.25,1274.1,1272.71,5.12094e+49,1271.92,1272.16,1273.17
64.8996,64.6683,1.2938e+49,64.2067,63.9313,1.15676e+50,1.34212e+52,63.8464,64.8548
1691.08,1693.47,1.25782e+52,1.66706e+50,3.2092e+50,7.94917e+49,1692,7.47193e+49,9.24798e+49
2.88972e+50,3.67982e+49,3.68157e+50,2.24812e+50,7.09157e+49,1.62591e+50,5.784e+49,1.1389e+52,7.34665e+49
2.1494e+51,2.06496e+51,8.15398e+50,1.1348e+52,2.40036e+50,8.41254e+50,8.73199e+50,1.67001e+51,4.22105e+50
1.51767e+51,1.13828e+52,9.96518e+50,1.34734e+51,8.68629e+50,1.6105e+51,7.99191e+50,9.52308e+50,8.19087e+50
2757.71,3.76357e+49,1.23618e+52,3.90195e+50,2757.8,3.20725e+50,2757.94,1.07103e+50,2.505e+50
3953.93,3951.51,3952.48,3952.87,3950.47,3953.93,3954.02,2.453e+52,3952.41
4000,4000,4000,4000,4000,4000,4000,4000,4000
4000,4000,4000,4000,4000,4000,4000,4000,4000
4000,4000,4000,4000,4000,4000,4000,4000,4000
4000,4000,4000,4000,4000,4000,4000,4000,4000
4000,4000,4000,4000,4000,4000,4000,4000,4000
4000,4000,4000,4000,4000,4000,4000,4000,4000
2395.43,5.41434e+49,2395.81,2395.82,2394.17,2.39852e+52,2395.81,2395.32,3.21221e+49
-542.197,1.02314e+50,4.92768e+49,3.94665e+49,-545.34,3.71264e+49,1.14241e+52,-546.566,4.39544e+49
5.84134e+48,-999.057,-998.544,1.02451e+49,2.23221e+49,1.60753e+49,1.59004e+49,2.14364e+49,1.1059e+52
-320.33,1.14415e+52,1.34072e+50,3.10202e+49,6.22436e+49,5.09909e+49,2.66444e+50,1.67878e+49,7.63789e+49
1.14147e+52,3.14067e+50,3.5719e+50,1.8292e+50,2.33337e+50,9.99637e+49,3.89477e+50,3.80049e+50,4.42053e+50
5.3352e+50,1.13335e+50,2.94995e+50,1.1591e+52,2.70893e+50,8.88574e+48,4.28204e+50,2222.33,3.96932e+50
1.25944e+50,4.62715e+49,2.01309e+50,1.22445e+52,2529.24,5.96485e+49,9.76077e+49,4.2482e+49,1.14179e+50
6.73477e+49,3907.24,3907.72,3909.7,3909.6,3909.76,4.15009e+52,3909.69,3907.05
4000,4000,4000,4000,4000,4000,4000,4000,4000
4000,4000,4000,4000,4000,4000,4000,4000,4000
4000,4000,4000,4000,4000,4000,4000,4000,4000
4000,4000,4000,4000,4000,4000,4000,4000,4000
4000,4000,4000,4000,4000,4000,4000,4000,4000
4000,4000,4000,4000,4000,4000,4000,4000,4000
1400.22,1400.93,4.63787e+49,1400.83,7.36332e+49,1.2805e+52,1400.8,5.55601e+49,1.24516e+50
8.24125e+48,9.63682e+49,1.18589e+50,1.86373e+49,2.96996e+49,1.10928e+52,3.22892e+49,4.89462e+49,1.82813e+50
-981.156,2.83669e+49,5.18597e+49,1.63373e+49,1.53654e+49,8.36887e+49,2.92324e+49,7.43114e+49,1.11609e+52
2.8993e+50,1.14191e+52,2.14116e+50,8.54546e+49,2.27965e+49,3.90704e+49,8.59562e+49,9.38339e+49,1.93161e+50
7.9864e+49,4.82614e+49,8.32943e+49,1.14466e+52,1.30529e+50,2.03889e+49,1861.38,8.42678e+49,2.23874e+50
3.95575e+50,4.51174e+49,2181.07,2.34444e+50,2.57958e+50,2180.93,1.18022e+52,2180.98,2181.04
2289.55,2289.34,1.72752e+52,2289.28,2289.24,2289.49,4.93708e+50,2289.24,2288.83
3784.92,3786.47,3785.11,3785.75,8.02614e+51,3786.23,3786.2,3783.52,3783.85
4000,4000,4000,4000,4000,4000,4000,4000,4000
4000,4000,4000,4000,4000,4000,4000,4000,4000
4000,4000,4000,4000,4000,4000,4000,4000,4000
4000,4000,4000,4000,4000,4000,4000,4000,4000
4000,4000,4000,4000,4000,4000,4000,4000,4000
4000,4000,4000,4000,4000,4000,4000,4000,4000
1.62671e+50,1.99834e+50,7.3498e+49,711.918,710.428,1.2456e+52,4.86391e+49,5.46659e+49,2.07776e+49
3.19946e+49,1.08323e+52,2.77235e+49,1.39291e+49,2.40441e+49,2.06619e+49,3.17794e+49,2.95564e+49,4.00378e+49
2.57277e+49,2.25586e+49,1.10555e+52,5.35391e+49,2.03854e+49,3.38064e+49,3.47093e+49,3.40075e+49,4.18527e+49
1.41696e+50,1.25671e+50,1.31188e+50,1.75559e+50,1.11182e+50,1.46832e+50,1.14441e+50,1.66597e+50,1.13471e+52
4.13117e+50,1.34855e+50,2.15583e+50,1.14606e+52,9.72183e+50,2.11309e+50,2.99471e+50,2.43822e+50,5.96968e+50
4.27575e+50,1.14791e+52,6.00439e+50,5.11748e+50,7.39017e+50,1.69631e+50,1.33539e+50,5.03422e+50,3.94225e+50
1.39597e+50,1.70699e+50,3.07776e+50,2.65836e+50,4.76703e+50,2.79478e+50,8.88657e+50,1.15743e+52,1.61284e+50
3673.67,3673.59,3674.83,3673.28,3674.09,1.82629e+50,3673.65,2.02641e+52,3674.16
4000,4000,4000,4000,4000,4000,4000,4000,4000
4000,4000,4000,4000,4000,4000,4000,4000,4000
4000,4000,4000,4000,4000,4000,4000,4000,4000
4000,4000,4000,4000,4000,4000,4000,4000,4000
4000,4000,4000,4000,4000,4000,4000,4000,4000
4000,4000,4000,4000,4000,4000,4000,4000,4000
891.436,892.749,1.43664e+52,892.944,892.22,891.644,892.573,891.824,893.15
9.04072e+48,5.10427e+48,9.60237e+48,1.4786e+49,1.47873e+49,1.52377e+49,1.4332e+49,1.03472e+49,1.08658e+52
5.74795e+48,1.095e+52,7.10284e+48,6.11418e+48,5.57037e+48,5.70018e+48,9.83619e+48,1.28923e+49,1.66807e+49
2.14091e+50,1.27238e+50,1.7355e+50,1.19351e+50,2.95837e+50,6.05009e+49,1.0321e+50,1.14198e+52,1.44165e+50
4.80249e+49,1.53865e+50,1.80455e+50,1.15835e+52,3.41481e+50,4.18658e+50,2.59276e+50,3.58305e+50,1.10408e+50
5.82236e+49,5.66517e+50,2.4651e+50,1.16273e+52,1.14341e+50,2.46307e+50,2.08601e+50,2140.57,2.0535e+50
1.18039e+52,2183.88,1.77748e+50,1.43366e+50,1.05047e+50,3.25569e+49,2183.88,1.38726e+50,3.69536e+50
3673.29,3673.64,2.06423e+52,3673.9,3671.85,3672.13,3672.04,3672.13,3673.67
4000,4000,4000,4000,4000,4000,4000,4000,4000
4000,4000,4000,4000,4000,4000,4000,4000,4000
4000,4000,4000,4000,4000,4000,4000,4000,4000
4000,4000,4000,4000,4000,4000,4000,4000,4000
4000,4000,4000,4000,4000,4000,4000,4000,4000
4000,4000,4000,4000,4000,4000,4000,4000,4000
1.67891e+52,2132.6,7.55865e+49,2132.78,2132.75,2132.61,2132.71,2132.39,2132.44
1.00093e+50,6.40465e+49,-485.147,-485.56,3.95406e+49,1.16601e+52,7.80556e+49,-487.109,9.70103e+49
-790.5,1.06303e+50,9.07457e+49,-787.024,1.21966e+50,-792.804,3.02788e+49,3.38325e+49,1.12255e+52
2.5402e+49,1.08035e+50,7.31176e+49,1.0926e+50,5.05846e+49,4.35471e+49,4.37023e+49,-875.496,1.13674e+52
5.03852e+50,1.17694e+52,9.20393e+48,5.53343e+49,2.10803e+50,1.33511e+50,3.52734e+50,5.23752e+49,1.35644e+49
2122.37,2.13716e+50,1.18951e+52,1.72518e+50,1.92556e+50,2.21618e+50,1.17741e+50,2.32973e+50,1.52643e+50
7.02089e+49,2152.4,2.08651e+49,3.37618e+49,1.26285e+52,2152.32,5.79011e+49,1.66676e+50,1.56758e+50
3564.49,3565.29,3564.12,3565.47,3564.67,3564.04,1.746e+52,3563.64,3565.48
4000,4000,4000,4000,4000,4000,4000,4000,4000
4000,4000,4000,4000,4000,4000,4000,4000,4000
4000,4000,4000,4000,4000,4000,4000,4000,4000
4000,4000,4000,4000,4000,4000,4000,4000,4000
4000,4000,4000,4000,4000,4000,4000,4000,4000
4000,4000,4000,4000,4000,4000,4000,4000,4000
1664.88,1.37435e+52,9.73201e+49,1665,1664.85,1664.86,1664.91,1.15713e+50,1664.77
2.77344e+49,1.11084e+52,3.79356e+49,5.67738e+48,4.5792e+49,1.25341e+50,1.13067e+49,4.03562e+49,4.73274e+49
8.16613e+48,8.30638e+48,4.05042e+48,1.83115e+49,3.61781e+48,1.06669e+52,8.17347e+48,2.12474e+49,7.91166e+48
1.18628e+50,1.14568e+52,1.94597e+50,1.02833e+50,1.54377e+50,2.70623e+50,5.40706e+49,5.81455e+49,7.11414e+49
3.40964e+50,2.15381e+50,4.54689e+50,5.66901e+50,4.78272e+49,2.89883e+50,1.13725e+52,1.37932e+50,3.97762e+50
5.88115e+50,3.65845e+50,5.10686e+49,7.57835e+50,1.15584e+52,3.07711e+50,1.52509e+51,5.07976e+50,4.81616e+50
5.53379e+49,1.18899e+52,4.31561e+50,1.53737e+50,1.02697e+50,3.98174e+49,1.14522e+50,2.7085e+50,2.45451e+50
3771.15,3772.26,3770.79,3771.32,3771.54,3771.19,3772.78,3771.1,2.76121e+52
4000,4000,4000,4000,4000,4000,4000,4000,4000
4000,4000,4000,4000,4000,4000,4000,4000,4000
4000,4000,4000,4000,4000,4000,4000,4000,4000
4000,4000,4000,4000,4000,4000,4000,4000,4000
4000,4000,4000,4000,4000,4000,4000,4000,4000
4000,4000,4000,4000,4000,4000,4000,4000,4000
1971.38,1.55893e+49,1973.19,1.8752e+50,1973.32,1972.21,1971.82,1.62448e+52,1972.95
6.80922e+49,1.11582e+52,9.37506e+49,1.74823e+50,7.05186e+48,1.58225e+49,-910.102,-909.527,-906.573
7.73931e+46,8.80456e+47,1.01368e+52,5.54018e+48,5.60427e+46,1.28922e+47,1.69261e+48,4.20082e+47,2.82336e+47
4.44258e+49,6.94333e+49,4.7485e+49,5.9693e+49,3.6131e+49,1.75112e+49,1.10075e+52,9.46111e+49,5.88483e+49
6.84324e+50,6.90905e+50,6.93123e+50,6.0227e+50,2.52641e+50,1.14539e+52,4.04769e+50,5.66205e+50,4.41855e+50
1.52495e+50,1.144e+50,1.2135e+52,3.90607e+50,4.83778e+50,1.34362e+50,9.27875e+49,5.02501e+49,5.75077e+49
2162.79,1.47272e+52,7.24685e+49,2163.28,2163.25,4.54999e+50,2162.97,2162.89,2162.67
3742.32,1.85881e+52,3743.9,3743.85,3745.06,3743.3,3745.08,3743.7,3744.57
4000,4000,4000,4000,4000,4000,4000,4000,4000
4000,4000,4000,4000,4000,4000,4000,4000,4000
4000,4000,4000,4000,4000,4000,4000,4000,4000
4000,4000,4000,4000,4000,4000,4000,4000,4000
4000,4000,4000,4000,4000,4000,4000,4000,4000
4000,4000,4000,4000,4000,4000,4000,4000,4000
1.3669e+52,1226.94,1226.81,1227.06,1227.24,1226.93,1226.06,1226.94,1226.39
9.62994e+47,-999.903,1.58333e+48,5.64016e+48,3.38777e+48,1.06243e+48,1.12397e+48,9.99852e+51,5.66273e+48
3.237e+48,1.10204e+49,1.15641e+49,1.09777e+49,6.90742e+48,1.24365e+49,1.07122e+52,1.22008e+49,7.2295e+48
3.73909e+50,3.48164e+50,1.10996e+50,3.04406e+50,4.88015e+50,1.1226e+52,4.43686e+50,2.51054e+50,4.20065e+50
1.45006e+51,1.5839e+51,1.14921e+52,6.60233e+50,1.93233e+51,3.8822e+50,1.44491e+51,2.39191e+51,1.14028e+51
1.6913e+51,7.67918e+50,1.33852e+51,1.34997e+51,1.72929e+51,1.00519e+51,2.00874e+51,1.25459e+51,1.1382e+52
8.50982e+50,1.11622e+50,1.49424e+50,5.61479e+50,1.70768e+50,1.16632e+52,2223.68,4.13919e+50,1.47737e+50
3706.52,3704.44,3704.71,3706.09,3703.78,2.75591e+52,3707.05,8.21267e+49,3704.68
4000,4000,4000,4000,4000,4000,4000,4000,4000
4000,4000,4000,4000,4000,4000,4000,4000,4000
4000,4000,4000,4000,4000,4000,4000,4000,4000
4000,4000,4000,4000,4000,4000,4000,4000,4000
4000,4000,4000,4000,4000,4000,4000,4000,4000
4000,4000,4000,4000,4000,4000,4000,4000,4000
1262.43,1260.43,1262.27,1262.45,1.4504e+52,1262.06,1261.28,1260.92,1262.24
1.48842e+50,6.69938e+49,9.90123e+49,4.07755e+49,1.99665e+49,4.11267e+49,1.08053e+52,8.04627e+49,2.17078e+49
2.47766e+49,1.09373e+52,2.0089e+49,1.87098e+49,1.75098e+49,1.55731e+49,1.53703e+49,1.96422e+49,1.80611e+49
2.33811e+50,1.29876e+50,3.8315e+50,1.1283e+52,2.09259e+50,1.95901e+50,7.04592e+49,1.92648e+50,1.36507e+50
7.50757e+50,4.37645e+50,2.04094e+51,1.08856e+51,3.32666e+50,1.12032e+51,1.48186e+51,1.13749e+52,8.65646e+50
2.03293e+51,2.19721e+51,2.32233e+51,1.138e+52,2.60538e+51,1.9199e+51,1.66709e+51,1.12472e+51,1.10035e+51
3.03265e+50,3.93782e+50,7.51008e+50,2.85912e+50,3.71471e+50,1.65567e+50,3.70671e+50,4.68634e+50,1.16638e+52
3830.41,3831.03,3832.1,3830.22,3832.2,1.21898e+50,3830.17,2.997e+52,3831.91
4000,4000,4000,4000,4000,4000,4000,4000,4000
4000,4000,4000,4000,4000,4000,4000,4000,4000
4000,4000,4000,4000,4000,4000,4000,4000,4000
4000,4000,4000,4000,4000,4000,4000,4000,4000
4000,4000,4000,4000,4000,4000,4000,4000,4000
4000,4000,4000,4000,4000,4000,4000,4000,4000
5.75579e+49,1.20034e+52,1545.78,1546,4.76178e+49,4.80169e+50,1544.02,3.69672e+50,1543.29
1.64993e+50,2.00237e+50,1.78363e+50,2.71437e+50,2.92896e+50,2.59376e+50,1.10225e+52,9.69984e+49,2.67903e+50
2.08646e+50,2.43197e+50,3.4534e+50,2.63759e+50,1.10451e+52,3.88278e+50,4.35591e+50,2.23404e+50,5.49523e+50
1.32067e+51,1.78292e+51,1.13809e+51,1.24466e+51,2.5162e+51,1.12099e+52,1.88917e+51,1.63078e+51,3.02341e+51
1.14429e+52,4.43588e+51,5.73369e+51,3.20907e+51,5.35567e+51,4.80814e+51,4.75317e+51,1.14451e+52,1.14453e+52
1.92147e+51,1.24698e+51,1.13744e+52,3.63706e+51,2.06868e+51,2.71031e+51,2.01005e+51,3.19481e+51,1.83533e+51
2204.42,1.80612e+50,1.12979e+49,2204.44,2204.32,1.38697e+50,2204.39,1.18985e+52,2.9961e+50
3808.34,3808.31,3808.47,3806.16,3808.73,3.20649e+52,3806.77,3806.47,3806.99
4000,4000,4000,4000,4000,4000,4000,4000,4000
4000,4000,4000,4000,4000,4000,4000,4000,4000
4000,4000,4000,4000,4000,4000,4000,4000,4000
4000,4000,4000,4000,4000,4000,4000,4000,4000
4000,4000,4000,4000,4000,4000,4000,4000,4000
4000,4000,4000,4000,4000,4000,4000,4000,4000
1.49501e+52,1674.05,1673.96,5.0953e+49,2.87439e+50,1672.42,1670.13,1.49809e+49,2.00431e+50
3.50216e+50,2.9059e+50,3.57768e+50,1.47093e+50,1.24566e+50,2.02469e+50,6.68023e+50,2.44685e+50,1.12783e+52
2.31094e+51,1.70796e+51,1.51554e+51,1.37122e+51,2.20438e+51,1.69206e+51,1.11733e+52,1.47988e+51,2.16282e+51
2.84372e+51,2.82325e+51,2.80653e+51,4.18177e+51,4.79464e+51,2.33908e+51,1.12304e+52,2.87477e+51,2.64202e+51
1.16143e+52,1.16143e+52,1.11105e+52,1.16143e+52,1.10355e+52,1.15385e+52,1.13796e+52,1.13537e+52,1.16145e+52
1.18738e+52,1.18738e+52,1.18738e+52,1.18736e+52,1.18736e+52,1.18738e+52,1.18738e+52,1.18736e+52,1.18739e+52
7.00177e+50,1.00327e+51,1.18515e+52,1.4989e+51,4.57925e+50,1.44319e+51,2.19784e+50,6.11067e+50,8.76729e+50
3871.45,3869.44,3870.54,3870.04,3869.28,3870.65,3872,3871.86,4.30762e+52
4000,4000,4000,4000,4000,4000,4000,4000,4000
4000,4000,4000,4000,4000,4000,4000,4000,4000
4000,4000,4000,4000,4000,4000,4000,4000,4000
4000,4000,4000,4000,4000,4000,4000,4000,4000
4000,4000,4000,4000,4000,4000,4000,4000,4000
4000,4000,4000,4000,4000,4000,4000,4000,4000
1.73536e+52,753.335,752.415,750.261,750.84,751.727,752.598,750.882,751.432
2.43874e+49,1.79649e+49,6.25525e+48,2.29215e+49,1.03755e+52,-999.566,2.38479e+49,-999.351,-999.907
8.58939e+48,1.08982e+52,1.62227e+48,1.88569e+48,3.07421e+48,3.17893e+48,9.58817e+48,1.12568e+49,1.62258e+49
1.14823e+49,6.14622e+49,1.16291e+52,1.06203e+50,4.67076e+49,6.91016e+48,-450.882,1.79133e+49,-453.821
2130.34,2130.07,2130.25,1.19682e+52,2130.13,2130.22,7.14125e+49,2130.25,5.95467e+48
6.21662e+50,7.1304e+48,2206.14,1.17313e+52,2206.2,4.22984e+50,4.87174e+50,2.84146e+50,1.57641e+49
1.40609e+52,2484.91,2485.02,2485.32,2484.3,2484.64,2484.8,2485.46,2485.38
3912.01,3913.87,3912.97,3911.91,3908.52,3911.86,9.07396e+51,3913.49,3911.85
4000,4000,4000,4000,4000,4000,4000,4000,4000
4000,4000,4000,4000,4000,4000,4000,4000,4000
4000,4000,4000,4000,4000,4000,4000,4000,4000
4000,4000,4000,4000,4000,4000,4000,4000,4000
4000,4000,4000,4000,4000,4000,4000,4000,4000
4000,4000,4000,4000,4000,4000,4000,4000,4000
1527.44,8.40869e+49,1527.16,1528.38,7.24171e+49,4.48751e+49,1.73813e+49,1.25672e+52,1.58584e+50
4.75133e+49,3.91436e+49,4.67062e+49,7.01473e+49,1.48547e+50,2.10055e+49,5.01115e+49,1.07945e+50,1.11063e+52
7.70378e+48,7.36227e+47,4.46308e+48,1.08869e+52,1.0872e+49,3.37176e+48,6.24544e+48,3.52343e+48,3.62333e+48
3.03911e+49,7.99117e+49,1.13624e+52,2.24687e+49,2.1531e+49,1.43308e+50,1.46871e+50,9.75663e+49,-890.537
1927.61,4.52933e+49,2.04885e+50,7.93402e+49,1.27375e+52,1927.64,3.97733e+49,7.74464e+49,1927.37
1.5413e+52,2191.98,2191.96,8.63516e+49,2191.77,2192.08,7.66701e+49,2191.73,2191.79
2315.53,2316.03,2316.02,2315.69,2315.77,2315.74,5.12024e+52,2315.72,2315.81
3802.66,3804.12,3800.71,3801.1,3801.58,3804.02,3802.26,3803.94,6.04996e+51
4000,4000,4000,4000,4000,4000,4000,4000,4000
4000,4000,4000,4000,4000,4000,4000,4000,4000
4000,4000,4000,4000,4000,4000,4000,4000,4000
4000,4000,4000,4000,4000,4000,4000,4000,4000
4000,4000,4000,4000,4000,4000,4000,4000,4000
4000,4000,4000,4000,4000,4000,4000,4000,4000
8.81235e+49,1.42578e+50,9.46924e+49,1861.94,1.26915e+52,1859.38,1.47114e+50,1860.19,2.87142e+50
2.86185e+50,1.00683e+50,-397.088,1.5475e+50,4.62281e+49,1.13912e+52,2.95798e+50,2.569e+50,2.87596e+50
5.80274e+49,9.43297e+49,4.50208e+49,1.122e+52,9.89079e+49,-912.974,1.08059e+50,1.05131e+50,4.54852e+49
366.526,1.13906e+52,3.33995e+50,1.8861e+50,1.25595e+50,1.74055e+50,1.28648e+50,1.76985e+50,367.847
2.2605e+50,3.19485e+50,2.9446e+50,2.87139e+50,4.17651e+50,1.15444e+52,4.79841e+50,5.22695e+50,4.44924e+50
9.53077e+49,4.22304e+50,2.02343e+50,1.40211e+50,6.63471e+50,1.15561e+52,1.08727e+51,4.53621e+50,6.23488e+50
1.35881e+50,2213.89,1.31903e+49,1.93224e+50,4.86511e+50,3.40123e+50,3.31126e+50,1.17583e+52,1.34456e+50
2.77884e+52,3739.78,3739.27,3741.32,3741,3742.33,3739.15,3739.27,3740.12
4000,4000,4000,4000,4000,4000,4000,4000,4000
4000,4000,4000,4000,4000,4000,4000,4000,4000
4000,4000,4000,4000,4000,4000,4000,4000,4000
4000,4000,4000,4000,4000,4000,4000,4000,4000
4000,4000,4000,4000,4000,4000,4000,4000,4000
4000,4000,4000,4000,4000,4000,4000,4000,4000
7.02212e+49,1922.46,1922.37,1922.62,1922.44,1922.2,1.02975e+49,1.23373e+52,1922.49
2.94555e+50,1.13196e+52,1.91339e+50,6.92444e+49,2.91396e+50,7.45129e+49,9.09033e+49,1.08346e+50,3.14027e+50
2.58085e+50,6.61209e+49,9.76823e+49,2.40526e+50,1.24214e+50,1.05113e+50,4.55665e+49,7.17531e+49,1.13923e+52
6.53357e+49,8.29608e+49,2.21831e+49,1.01552e+50,5.85162e+49,1.0254e+50,6.97114e+49,1.13875e+52,1.6905e+50
1.14856e+52,3.2966e+50,2.51899e+50,3.04827e+50,3.06422e+50,3.08527e+50,1.14227e+50,3.31436e+50,1.78273e+50
5.79732e+50,1.15269e+52,4.07535e+50,4.80484e+50,2.66388e+50,4.75175e+50,2.0529e+50,6.70779e+50,9.02375e+49
2.21045e+50,1.16473e+52,4.12643e+50,9.93681e+49,1.98451e+50,3.91478e+50,3.00539e+50,2144.5,6.28724e+50
3585.32,3584.29,3583.61,3582.73,2.51564e+52,3584.75,3584.41,3584.02,1.63435e+50
4000,4000,4000,4000,4000,4000,4000,4000,4000
4000,4000,4000,4000,4000,4000,4000,4000,4000
4000,4000,4000,4000,4000,4000,4000,4000,4000
4000,4000,4000,4000,4000,4000,4000,4000,4000
4000,4000,4000,4000,4000,4000,4000,4000,4000
4000,4000,4000,4000,4000,4000,4000,4000,4000
920.231,918.727,921.474,918.943,919.523,5.29307e+49,920.649,919.475,1.27862e+52
6.60357e+48,1.22611e+49,1.19157e+49,1.68713e+49,1.05754e+49,3.1042e+49,1.08001e+52,1.09801e+49,5.48592e+49
7.43447e+47,5.5262e+48,-999.994,2.53555e+48,1.00079e+48,1.06704e+52,5.74684e+48,1.60595e+48,1.07154e+48
5.70565e+49,5.13778e+49,1.12722e+52,6.25527e+49,1.12505e+50,5.63664e+49,1.1719e+50,1.30597e+50,6.12518e+49
1912.56,4.16828e+50,1.76898e+50,1.15623e+52,1.47403e+50,1.79021e+50,2.86272e+50,4.61191e+50,2.89369e+50
2.25489e+50,3.66995e+50,3.12682e+50,3.55039e+50,1.16223e+52,5.1796e+50,1.21884e+50,2.06349e+50,1.68228e+50
2.0406e+50,3.45356e+49,2150.71,7.00688e+49,5.77056e+50,9.00687e+49,2150.79,1.43422e+49,1.1898e+52
3615.15,3614.04,3613.07,3614.79,3615.34,3613.81,3615.12,2.55796e+52,3614.44
4000,4000,4000,4000,4000,4000,4000,4000,4000
4000,4000,4000,4000,4000,4000,4000,4000,4000
4000,4000,4000,4000,4000,4000,4000,4000,4000
4000,4000,4000,4000,4000,4000,4000,4000,4000
4000,4000,4000,4000,4000,4000,4000,4000,4000
4000,4000,4000,4000,4000,4000,4000,4000,4000
8.52309e+49,1535.09,1536.33,1536.14,1.5136e+52,1535.06,7.11406e+49,7.04413e+49,1533.29
1.65801e+49,4.90111e+49,2.52488e+49,6.06015e+49,1.29584e+50,1.07213e+52,1.31339e+50,-888.594,1.28079e+50
1.0702e+49,7.66751e+48,1.4785e+49,8.92637e+48,1.16659e+49,1.01171e+52,7.86202e+48,-999.889,6.01452e+48
4.65054e+49,2.23264e+49,3.95213e+49,3.32059e+49,3.00832e+49,3.70043e+49,2.51606e+49,1.06481e+52,1.89059e+49
4.17657e+50,7.99777e+50,3.7164e+50,2.71849e+50,6.61883e+50,1.81749e+50,8.18723e+50,5.92994e+50,1.116e+52
5.96938e+50,1.15213e+52,1.52942e+50,5.02159e+50,8.15289e+50,4.59903e+50,7.78776e+50,5.90645e+50,2.71616e+50
1.99309e+50,1.12142e+51,4.51052e+49,1.93218e+50,1.14131e+52,5.41411e+50,2.39353e+50,2.82097e+50,3.2351e+49
3623.27,3625.01,3625.08,1.04376e+50,3625.1,3624.44,3625.19,3623.72,2.6586e+52
4000,4000,4000,4000,4000,4000,4000,4000,4000
4000,4000,4000,4000,4000,4000,4000,4000,4000
4000,4000,4000,4000,4000,4000,4000,4000,4000
4000,4000,4000,4000,4000,4000,4000,4000,4000
4000,4000,4000,4000,4000,4000,4000,4000,4000
4000,4000,4000,4000,4000,4000,4000,4000,4000
1.5002e+52,952.192,952.384,952.792,953.249,952.446,953.599,953.295,952.083
1.02957e+52,2.44991e+49,6.56694e+48,2.3034e+49,-997.523,-997.542,4.57298e+49,5.19631e+48,1.21228e+49
1.0242e+52,-999.989,5.62645e+47,2.9097e+48,5.06737e+48,1.29544e+48,6.98218e+48,-999.998,2.19571e+48
5.77114e+49,8.10238e+49,7.846e+49,1.10569e+52,1.71311e+50,3.98932e+49,1.79639e+49,2.61671e+49,9.33703e+49
2.78849e+50,2048.35,1.0376e+50,1.00234e+50,1.34119e+50,2.70158e+50,2048.27,1.14228e+52,2048.43
1.31965e+49,3.86101e+49,4.80854e+50,2121.71,1.84062e+50,1.61355e+49,2122.37,1.16141e+52,1.85241e+50
2209.92,2210.34,7.05548e+49,2210.21,2209.87,1.25689e+52,2209.92,1.07622e+49,2.19538e+49
3809.08,3807.7,3806.64,3808.14,3807.34,1.82291e+52,3808.88,3809.15,3807.59
4000,4000,4000,4000,4000,4000,4000,4000,4000
4000,4000,4000,4000,4000,4000,4000,4000,4000
4000,4000,4000,4000,4000,4000,4000,4000,4000
4000,4000,4000,4000,4000,4000,4000,4000,4000
4000,4000,4000,4000,4000,4000,4000,4000,4000
4000,4000,4000,4000,4000,4000,4000,4000,4000
-113.212,-112.008,-113.157,9.37471e+49,4.13353e+49,-112.096,1.13198e+52,-112.2,-112.008
2.77535e+48,9.80228e+51,3.98027e+46,1.67128e+46,2.86718e+46,3.42697e+46,1.714e+46,3.34247e+47,1.23019e+46
1.08658e+52,5.03436e+48,5.01472e+48,7.36163e+48,5.35615e+48,7.98531e+48,1.14884e+48,7.30605e+48,1.02704e+48
2.22343e+50,1.76653e+50,4.06426e+50,2.67144e+50,4.16541e+50,3.03825e+50,3.82418e+50,1.11901e+52,4.88757e+50
2.14826e+50,2092.71,1.08181e+50,2092.88,2.60829e+50,6.074e+50,3.48731e+50,1.13379e+52,2092.93
1.6685e+49,4.26952e+49,8.98431e+48,7.83202e+49,1.13719e+52,1.10287e+49,2150.24,3.15888e+50,2150.17
2183.2,2182.98,1.18241e+52,5.55945e+48,2183.34,1.23037e+50,2183.31,2183.28,8.14297e+49
3756.43,3755.22,3753.82,3755.63,3756.45,3756.73,3754.91,3755.16,2.10123e+52
4000,4000,4000,4000,4000,4000,4000,4000,4000
4000,4000,4000,4000,4000,4000,4000,4000,4000
4000,4000,4000,4000,4000,4000,4000,4000,4000
4000,4000,4000,4000,4000,4000,4000,4000,4000
4000,4000,4000,4000,4000,4000,4000,4000,4000
4000,4000,4000,4000,4000,4000,4000,4000,4000
3.63389e+50,1950.31,5.32463e+49,1950.86,1951.05,1.22926e+52,2.49391e+49,7.7173e+49,1.93419e+50
1.99094e+50,6.46169e+48,7.83169e+49,1.58698e+50,7.19725e+49,1.27047e+50,1.1099e+52,1.09696e+50,2.04145e+50
1.12034e+52,3.26531e+50,3.8343e+50,7.82758e+50,5.52377e+50,2.11551e+50,4.80998e+50,2.7038e+50,1.89352e+50
5.37084e+50,4.09516e+50,5.72527e+50,2.02152e+50,4.11817e+50,4.19192e+50,4.07732e+50,3.10719e+50,1.12836e+52
3.63256e+50,7.46652e+50,9.03571e+50,1.99393e+50,8.64328e+50,1.13117e+52,6.16722e+50,1.58527e+51,1.32042e+50
1.34838e+51,2.6781e+50,1.13598e+52,2.93785e+50,1.63594e+50,5.4989e+50,8.68793e+50,7.58088e+50,3.01114e+50
3.06438e+50,4.01891e+50,2.98225e+50,2.32552e+50,2250.02,1.15736e+50,1.13276e+52,1.07615e+50,5.07462e+50
3811.39,3811.18,3812.37,3810.28,3809.75,2.69813e+52,3812.6,3812.03,3812.39
4000,4000,4000,4000,4000,4000,4000,4000,4000
4000,4000,4000,4000,4000,4000,4000,4000,4000
4000,4000,4000,4000,4000,4000,4000,4000,4000
4000,4000,4000,4000,4000,4000,4000,4000,4000
4000,4000,4000,4000,4000,4000,4000,4000,4000
4000,4000,4000,4000,4000,4000,4000,4000,4000
1.68625e+50,1248.09,4.11732e+50,1246.01,1.15597e+52,1247.96,3.68289e+49,3.41202e+49,7.56373e+49
3.49132e+50,4.1297e+50,3.4937e+50,4.98747e+50,6.12143e+50,5.61485e+50,1.10265e+52,4.54373e+50,1.03759e+51
1.02035e+51,9.32914e+50,8.84846e+50,6.95069e+50,1.07362e+51,1.21153e+51,1.11822e+52,9.4694e+50,1.28729e+51
1.92094e+51,1.93525e+51,1.38863e+51,1.47734e+51,1.85888e+51,2.23947e+51,1.12219e+52,1.95615e+51,2.30344e+51
5.60535e+51,5.12268e+51,6.18717e+51,5.69124e+51,1.12791e+52,6.70348e+51,5.24233e+51,5.80086e+51,9.31787e+51
1.14326e+52,1.14329e+52,1.14329e+52,1.14328e+52,1.14328e+52,1.14329e+52,1.14329e+52,1.14329e+52,1.14329e+52
3.45363e+51,2.01873e+51,1.98648e+51,1.81093e+51,2.93321e+51,1.15266e+52,2.43731e+51,8.63359e+50,1.95693e+51
2.39314e+50,3515.48,2.05964e+50,2.5039e+50,3516.84,3515.79,3515.36,3516.88,1.67054e+52
4000,4000,4000,4000,4000,4000,4000,4000,4000
4000,4000,4000,4000,4000,4000,4000,4000,4000
4000,4000,4000,4000,4000,4000,4000,4000,4000
4000,4000,4000,4000,4000,4000,4000,4000,4000
4000,4000,4000,4000,4000,4000,4000,4000,4000
4000,4000,4000,4000,4000,4000,4000,4000,4000
2464.91,2461.79,2464.78,2464.86,4.99112e+49,2465,2464.37,2.60225e+52,2465.15
1.15665e+50,1.48783e+50,3.97812e+49,1390.14,4.38733e+49,1.67344e+50,1.17793e+52,3.30659e+50,3.94895e+49
1666.33,3.64946e+49,1666.29,1669.72,1.17441e+52,8.8527e+49,6.58834e+50,1666.85,4.20202e+49
1486.11,3.58925e+49,3.51901e+49,1.1473e+52,5.15039e+50,5.83283e+49,2.04519e+50,1.75639e+49,6.78364e+49
1.6903e+51,2.03505e+50,3.4678e+50,5.52236e+48,3.71719e+50,2.71861e+49,4.96386e+50,1.13403e+52,1.25184e+50
1.31512e+51,1.6717e+51,7.93047e+50,1.0653e+51,1.42634e+51,2.21645e+51,1.62581e+51,3.24327e+51,1.14943e+52
1.88273e+51,1.16278e+52,1.74758e+51,6.83356e+50,7.36826e+50,4.72648e+50,4.70801e+50,8.02486e+50,4.59138e+50
2.60202e+50,3915.41,3915.85,3916.46,2.96443e+52,1.27616e+49,3916.39,3914.66,3915.63
4000,4000,4000,4000,4000,4000,4000,4000,4000
4000,4000,4000,4000,4000,4000,4000,4000,4000
4000,4000,4000,4000,4000,4000,4000,4000,4000
4000,4000,4000,4000,4000,4000,4000,4000,4000
4000,4000,4000,4000,4000,4000,4000,4000,4000
4000,4000,4000,4000,4000,4000,4000,4000,4000
7.23808e+49,1.04404e+50,1.76488e+50,973.493,1.10758e+50,973.501,9.35826e+50,7.61169e+49,1.23358e+52
2.24359e+50,1.47309e+50,2.53968e+50,7.99776e+49,1.10421e+52,5.16038e+49,1.05747e+50,1.38219e+50,1.06132e+50
9.12324e+49,1.96234e+50,1.55067e+50,1.43363e+50,1.70261e+50,1.05739e+50,3.15508e+50,5.62426e+49,1.13995e+52
1.47878e+50,4.77201e+49,2.11394e+50,3.38237e+49,1086.26,1.73062e+49,1.14339e+52,8.60432e+49,1.00778e+50
1.36171e+50,1.51236e+50,3.48035e+50,2.31462e+50,2.51762e+51,1.94054e+50,1.14506e+52,3.0444e+50,1.90421e+50
1.69393e+49,1.07788e+50,2177.02,2176.9,1.52345e+49,1.7994e+50,1.18221e+52,3.51444e+50,1.31622e+50
2437.29,5.41829e+49,2437.27,2437.51,2437.48,2437.42,2437.05,2437.73,1.53691e+52
3914.8,3912.97,3913.23,1.86189e+52,3911.26,3911.92,3913.01,3913.65,3911.51
4000,4000,4000,4000,4000,4000,4000,4000,4000
4000,4000,4000,4000,4000,4000,4000,4000,4000
4000,4000,4000,4000,4000,4000,4000,4000,4000
4000,4000,4000,4000,4000,4000,4000,4000,4000
4000,4000,4000,4000,4000,4000,4000,4000,4000
4000,4000,4000,4000,4000,4000,4000,4000,4000
4.94256e+49,2494.48,2495.12,2494.41,2492.38,2495.29,4.92446e+49,2495.37,1.70778e+52
2.06279e+50,1.57923e+50,1.90062e+50,1.3628e+50,2.47712e+50,1.66289e+50,3.02272e+50,279.28,1.14861e+52
2.13148e+50,5.6457e+49,1.13656e+52,1.52304e+50,1.95246e+50,1.39435e+50,2.01612e+50,2.33488e+50,2.64808e+50
9.33613e+49,2.2473e+50,2.76992e+50,5.74754e+49,1.15063e+52,2.50411e+50,9.44849e+49,2.08841e+50,2.23729e+50
3.98326e+50,5.84193e+50,4.09824e+50,4.21489e+50,7.59696e+50,1.14572e+52,3.70413e+50,3.98731e+50,2.6526e+50
3.39254e+50,7.96546e+50,8.09791e+50,1.31982e+51,1.15926e+52,6.66468e+50,3.4597e+50,9.51724e+50,6.67194e+50
7.85057e+49,2.61308e+50,2.20577e+50,5.28787e+49,4.47884e+50,3.5635e+50,2237.09,1.20076e+52,2236.79
3.22073e+52,3739.53,3738.11,3739.56,3739.69,3737.96,3740.48,3737.93,3738.84
4000,4000,4000,4000,4000,4000,4000,4000,4000
4000,4000,4000,4000,4000,4000,4000,4000,4000
4000,4000,4000,4000,4000,4000,4000,4000,4000
4000,4000,4000,4000,4000,4000,4000,4000,4000
4000,4000,4000,4000,4000,4000,4000,4000,4000
4000,4000,4000,4000,4000,4000,4000,4000,4000
972.907,973.893,1.01402e+50,4.03123e+49,973.417,973.558,972.44,1.30705e+52,4.79843e+49
2.06985e+49,2.66852e+49,3.06052e+49,7.28618e+48,1.70348e+49,4.25739e+49,1.08939e+52,3.82397e+49,2.02111e+49
1.08138e+52,8.24412e+48,1.54433e+49,2.53913e+48,1.95161e+48,1.10122e+48,2.99536e+48,4.88001e+48,9.64577e+48
5.78256e+49,3.47422e+49,3.87523e+49,1.12238e+50,1.12981e+52,7.4864e+49,1.0946e+50,6.94357e+49,9.222e+49
2.3686e+50,7.92211e+50,4.98749e+49,1.15794e+52,2.90924e+50,7.70629e+50,1.13089e+51,4.16718e+50,3.9622e+50
9.67588e+50,1.15755e+52,3.41242e+50,2.58396e+50,3.36321e+50,7.36581e+50,6.1348e+50,1.44236e+50,5.55979e+50
1.56149e+50,5.91191e+49,2.51821e+50,8.8656e+49,2.10107e+50,6.5502e+49,1.94046e+50,1.18218e+52,9.85595e+49
3744.45,3741.95,3743.63,3742.19,3742.55,3744.65,1.89135e+50,2.72667e+52,3745.05
4000,4000,4000,4000,4000,4000,4000,4000,4000
4000,4000,4000,4000,4000,4000,4000,4000,4000
4000,4000,4000,4000,4000,4000,4000,4000,4000
4000,4000,4000,4000,4000,4000,4000,4000,4000
4000,4000,4000,4000,4000,4000,4000,4000,4000
4000,4000,4000,4000,4000,4000,4000,4000,4000
350.1,348.712,1.27536e+52,7.86079e+49,3.61352e+49,351.014,349.936,350.219,350.798
4.49239e+49,2.34962e+49,1.53743e+49,2.41461e+49,8.16342e+48,1.09619e+52,2.82198e+49,4.66209e+49,5.7873e+49
3.26222e+49,3.07681e+49,1.62426e+49,4.8114e+49,3.51095e+49,4.92097e+49,3.47587e+49,1.10298e+52,3.3801e+49
1.14627e+50,1.26097e+50,8.55463e+49,6.6005e+49,4.81713e+49,4.60505e+49,1.12554e+52,6.02871e+49,7.83325e+49
1.15147e+52,7.72588e+48,2.75893e+50,1.24024e+50,6.99187e+49,5.75968e+50,2.55738e+50,5.25488e+50,2.07862e+50
5.43061e+49,5.94689e+50,1.81021e+50,1.15884e+52,1.22251e+50,5.84479e+50,5.17055e+50,5.04162e+50,7.1513e+50
1.4666e+50,2.27938e+50,4.82493e+49,3.63907e+50,1.17134e+52,1.65362e+50,1.75261e+49,1.93041e+50,1.29032e+50
3613.49,3613.55,3613.48,3611.25,3610.81,3611.82,2.69937e+52,3612.03,3612.6
4000,4000,4000,4000,4000,4000,4000,4000,4000
4000,4000,4000,4000,4000,4000,4000,4000,4000
4000,4000,4000,4000,4000,4000,4000,4000,4000
4000,4000,4000,4000,4000,4000,4000,4000,4000
4000,4000,4000,4000,4000,4000,4000,4000,4000
4000,4000,4000,4000,4000,4000,4000,4000,4000
3.86835e+49,1010.27,1009.49,5.01842e+49,1.2783e+52,1010.3,1.79949e+49,1010.07,9.66379e+49
2.67278e+49,6.87621e+49,1.09106e+52,4.3768e+49,8.66798e+49,5.12568e+49,2.37082e+49,9.55092e+49,9.90543e+48
7.85643e+48,2.16522e+49,4.89403e+49,6.60176e+48,2.24465e+49,2.88318e+49,2.77011e+49,5.08066e+48,1.11886e+52
6.98274e+49,5.56206e+49,8.55858e+49,4.66157e+49,8.33801e+49,1.17664e+50,8.02289e+49,1.19711e+50,1.1447e+52
5.29191e+50,1.15577e+52,3.77024e+50,2.06469e+50,2.00797e+50,5.42754e+50,3.07109e+50,4.23589e+50,1.84418e+50
2.94843e+50,6.07103e+50,1.57296e+50,1.89707e+50,4.06205e+50,1.16357e+52,1.50471e+50,2095.37,5.52114e+50
2.75453e+50,1.17433e+52,7.26898e+49,2.9386e+50,5.40952e+50,3.54424e+50,9.26288e+48,9.24827e+49,5.61298e+50
3604.34,3602.94,3604.07,3604.29,3602.94,3604.84,2.55081e+52,3603.55,3603.56
4000,4000,4000,4000,4000,4000,4000,4000,4000
4000,4000,4000,4000,4000,4000,4000,4000,4000
4000,4000,4000,4000,4000,4000,4000,4000,4000
4000,4000,4000,4000,4000,4000,4000,4000,4000
4000,4000,4000,4000,4000,4000,4000,4000,4000
4000,4000,4000,4000,4000,4000,4000,4000,4000
4.40503e+49,1678.66,1.16619e+50,1675.53,1678.69,1.31784e+52,9.3362e+49,1677.45,1675.88
6.71205e+49,2.53245e+49,1.77315e+49,1.9414e+49,2.1123e+49,1.05315e+52,1.95189e+50,2.53471e+49,9.27779e+49
1.01086e+52,8.50888e+48,-999.921,6.3164e+48,1.00264e+49,4.30797e+48,9.99136e+47,7.13387e+48,4.75369e+48
1.08781e+52,1.63315e+49,4.83684e+49,2.72268e+49,4.02037e+49,-990.26,2.64203e+49,7.97834e+48,9.83562e+48
1.34848e+50,3.27441e+50,2.11786e+50,1.56261e+50,2.54035e+50,1.12514e+52,2.53413e+50,1.26554e+50,4.34891e+50
2070.82,5.39088e+49,1.1515e+52,2070.6,2071.13,1.16796e+51,1.75529e+50,3.47468e+50,8.72879e+50
2094.25,5.90168e+49,2094.16,1.21899e+52,2093.98,8.41513e+49,2094.15,2094.04,2094.25
3805.3,1.70061e+52,3805.06,3805.4,3807.05,3806.62,3804.89,3804.66,3804.52
4000,4000,4000,4000,4000,4000,4000,4000,4000
4000,4000,4000,4000,4000,4000,4000,4000,4000
4000,4000,4000,4000,4000,4000,4000,4000,4000
4000,4000,4000,4000,4000,4000,4000,4000,4000
4000,4000,4000,4000,4000,4000,4000,4000,4000
4000,4000,4000,4000,4000,4000,4000,4000,4000
-297.748,7.89371e+49,-296.993,-298.633,1.09175e+52,1.42967e+50,2.68573e+49,-297.218,2.48218e+49
5.49304e+47,1.11427e+48,1.19912e+48,1.02561e+48,6.26681e+47,1.75443e+48,2.92739e+48,9.90744e+51,5.08577e+47
5.56028e+47,5.97481e+47,9.17005e+46,2.45329e+47,1.00119e+52,2.19093e+47,1.93811e+48,8.07127e+47,1.45896e+47
9.22223e+49,7.03207e+49,8.02359e+49,8.79054e+49,4.28838e+49,7.93151e+49,5.64586e+49,1.09327e+52,4.52722e+49
2.18777e+51,1.51323e+51,1.85242e+51,1.22036e+51,1.2125e+51,2.46475e+51,1.20921e+51,1.04017e+51,1.12337e+52
1.62809e+51,1.84951e+51,5.74529e+50,5.90121e+50,1.08268e+51,5.69884e+50,1.50998e+51,1.0235e+51,1.11937e+52
5.5405e+49,4.69949e+50,3.91894e+50,5.30491e+50,1.39825e+51,5.74541e+50,7.88433e+50,1.12086e+52,6.87262e+50
3805.71,1.21747e+50,3805.77,2.90021e+52,3805.66,3807.14,3806.94,3804.64,3804.9
4000,4000,4000,4000,4000,4000,4000,4000,4000
4000,4000,4000,4000,4000,4000,4000,4000,4000
4000,4000,4000,4000,4000,4000,4000,4000,4000
4000,4000,4000,4000,4000,4000,4000,4000,4000
4000,4000,4000,4000,4000,4000,4000,4000,4000
4000,4000,4000,4000,4000,4000,4000,4000,4000
4.09436e+49,-927.304,2.04658e+49,-927.254,1.62332e+49,1.6992e+49,1.60245e+49,1.03095e+52,2.69241e+49
6.45978e+44,1.06126e+52,1.47638e+48,9.48875e+47,1.05397e+48,3.05667e+48,2.61331e+48,6.94537e+47,3.54867e+48
1.946e+49,1.39414e+49,8.49184e+48,1.63096e+49,1.10603e+49,1.1835e+49,1.1006e+52,1.32908e+49,1.65067e+49
4.79134e+50,5.12276e+50,4.10404e+50,3.15537e+50,5.4469e+50,1.11595e+52,5.19537e+50,2.63861e+50,4.58418e+50
3.33107e+50,2.22366e+50,7.38705e+50,6.75288e+50,1.81573e+50,1.12504e+52,6.52527e+50,3.32395e+50,1.03012e+51
8.4697e+50,7.26116e+50,1.38328e+50,1.61209e+50,6.96223e+50,1.12782e+52,7.23102e+50,6.62194e+50,7.64215e+50
2.76357e+50,2163.18,1.15171e+52,2163.08,1.5984e+49,4.1082e+50,2.34699e+49,6.73047e+49,7.64712e+49
3779.32,2.21059e+49,3780.89,3779.01,3778.93,1.82718e+50,3781.18,3.0085e+52,3781.67
4000,4000,4000,4000,4000,4000,4000,4000,4000
4000,4000,4000,4000,4000,4000,4000,4000,4000
4000,4000,4000,4000,4000,4000,4000,4000,4000
4000,4000,4000,4000,4000,4000,4000,4000,4000
4000,4000,4000,4000,4000,4000,4000,4000,4000
4000,4000,4000,4000,4000,4000,4000,4000,4000
1.92111e+50,1.89889e+50,2.87282e+50,3.28828e+50,8.63363e+49,2.78396e+50,1.08651e+52,2.43959e+50,1.52415e+50
6.70168e+48,8.71288e+48,1.11005e+49,1.0954e+52,8.17813e+48,1.23118e+49,8.41749e+48,1.12807e+49,1.24451e+49
1.1459e+49,7.03785e+48,3.25412e+48,9.22766e+48,1.11145e+52,1.49915e+49,1.18711e+49,8.84183e+48,2.00736e+49
3.82263e+49,3.14694e+49,3.64919e+49,2.98396e+49,1.11691e+52,3.17677e+49,3.17039e+49,2.77641e+49,3.22531e+49
2.13551e+51,2.33945e+51,2.08468e+51,2.09894e+51,1.12366e+52,2.03489e+51,1.98199e+51,3.46524e+51,3.85479e+51
1.13226e+52,1.13226e+52,1.13227e+52,1.13226e+52,1.13226e+52,1.13226e+52,1.13227e+52,1.13226e+52,1.13226e+52
2.08964e+51,2.06098e+51,3.89892e+51,2.49764e+51,1.74548e+51,1.13527e+52,1.58064e+51,1.13526e+52,2.96339e+51
3412.68,3412.79,3414.04,3412.27,2.11134e+50,3.41355e+49,1.99116e+50,3413.68,1.38382e+52
4000,4000,4000,4000,4000,4000,4000,4000,4000
4000,4000,4000,4000,4000,4000,4000,4000,4000
4000,4000,4000,4000,4000,4000,4000,4000,4000
4000,4000,4000,4000,4000,4000,4000,4000,4000
4000,4000,4000,4000,4000,4000,4000,4000,4000
4000,4000,4000,4000,4000,4000,4000,4000,4000
4.34868e+49,1.61164e+50,2096.92,1.59709e+50,1.37359e+52,2096.58,7.91173e+49,2096.94,2096.01
1.18302e+49,6.0475e+50,2.03577e+50,5.49868e+50,3.20452e+50,4.89138e+50,1.11687e+52,3.73062e+50,1.06894e+50
8.69311e+50,1.2576e+51,1.49979e+51,1.06651e+51,1.13877e+52,1.19269e+51,1.13879e+52,1.22456e+51,1.56435e+51
2.87229e+50,1.75606e+50,2.51173e+50,1.14422e+52,5.59676e+49,4.88585e+50,1.95071e+50,2.06546e+50,1.27807e+50
9.10728e+49,4.74787e+50,5.01192e+49,5.00423e+50,3.6717e+50,1.04385e+51,1.11765e+52,7.79806e+50,2.5154e+50
4.52012e+50,6.05654e+50,7.12861e+50,1.72056e+51,1.11851e+52,5.35851e+50,2.02948e+51,1.47721e+51,9.29078e+50
1.32377e+51,1.14927e+52,6.94143e+50,8.30691e+50,7.69377e+50,5.25894e+51,8.29025e+50,1.86551e+51,9.4595e+50
3870.09,3869.62,2.04305e+52,1.08255e+50,3871.96,3869.05,3870.03,3869.91,3871.3
4000,4000,4000,4000,4000,4000,4000,4000,4000
4000,4000,4000,4000,4000,4000,4000,4000,4000
4000,4000,4000,4000,4000,4000,4000,4000,4000
4000,4000,4000,4000,4000,4000,4000,4000,4000
4000,4000,4000,4000,4000,4000,4000,4000,4000
4000,4000,4000,4000,4000,4000,4000,4000,4000
6.02256e+49,1.16108e+50,1251.43,1253.19,1255.33,1.23624e+52,6.06306e+49,6.92615e+49,1.09792e+50
2.45708e+50,4.03146e+50,1.13122e+50,2.23852e+50,2.45543e+50,1.48259e+50,1.11286e+52,6.42887e+50,6.9251e+49
1.11788e+52,3.30842e+50,5.17276e+50,9.00339e+50,7.73245e+50,3.45283e+50,6.91761e+50,5.36738e+50,4.63181e+50
3.98399e+50,4.13915e+50,2.37089e+51,2.73595e+50,1.11689e+52,5.23847e+50,3.8493e+50,4.42375e+50,3.63349e+50
3.4666e+50,1.59611e+50,6.61202e+50,4.70862e+50,1.1176e+52,5.23422e+50,1.13939e+51,4.66334e+50,4.80055e+50
1.06935e+50,1.14874e+52,4.03729e+50,4.18047e+50,7.97449e+50,1.40985e+50,5.1684e+50,3.25935e+50,1.43496e+50
2552.11,2552.4,1.27673e+52,4.60251e+49,7.27948e+49,2552.41,2552.47,5.64566e+49,2552.29
3943.9,3.4791e+52,3943.81,3944.35,3943.01,3942.18,3942.91,3941.52,3944.18
4000,4000,4000,4000,4000,4000,4000,4000,4000
4000,4000,4000,4000,4000,4000,4000,4000,4000
4000,4000,4000,4000,4000,4000,4000,4000,4000
4000,4000,4000,4000,4000,4000,4000,4000,4000
4000,4000,4000,4000,4000,4000,4000,4000,4000
4000,4000,4000,4000,4000,4000,4000,4000,4000
6.60025e+49,1337.69,1337.87,1337.51,1336.19,1.26582e+52,1337.58,1337.77,1337.51
1.57677e+50,4.59643e+49,2.2245e+50,8.77493e+49,3.7766e+49,1.12555e+52,1.64289e+50,9.36262e+49,8.62673e+49
2.33761e+50,2.02028e+50,1.12142e+50,1.75123e+50,1.15516e+52,1.70267e+50,7.97819e+49,6.10564e+50,1.62306e+49
8.00878e+50,2.88244e+50,1.1515e+52,2.07214e+50,2.16958e+50,2.68815e+50,1.21303e+50,4.98106e+50,2.54726e+50
5.96175e+50,9.00157e+50,1.06414e+51,7.08437e+50,1.1508e+52,2.78631e+50,5.49515e+50,5.57197e+50,8.2355e+50
8.45199e+49,6.55603e+50,1.15447e+52,2.1203e+50,5.71733e+49,1.2831e+51,6.7468e+49,3.58125e+50,6.49018e+49
5.25046e+49,6.93608e+49,2482.5,1.01299e+50,2482.42,1.41387e+52,2483.08,2482.67,7.29335e+49
3936.32,3936.42,3937.16,3937.74,1.00926e+52,3937.84,3937.25,3938.67,3938.03
4000,4000,4000,4000,4000,4000,4000,4000,4000
4000,4000,4000,4000,4000,4000,4000,4000,4000
4000,4000,4000,4000,4000,4000,4000,4000,4000
4000,4000,4000,4000,4000,4000,4000,4000,4000
4000,4000,4000,4000,4000,4000,4000,4000,4000
4000,4000,4000,4000,4000,4000,4000,4000,4000
8.67024e+50,141.214,1.2446e+50,2.95265e+50,8.70748e+49,1.18056e+52,140.079,142.89,1.66375e+49
1.13043e+49,2.3463e+49,1.56249e+49,2.35255e+49,2.38532e+49,1.09523e+52,1.31325e+49,2.51633e+49,2.64747e+49
1.10267e+49,1.41194e+49,3.05749e+49,2.63285e+49,5.53509e+49,5.24186e+49,2.62693e+49,9.01974e+48,1.10907e+52
2.09569e+50,3.44502e+49,1.17311e+50,8.27954e+49,1.14587e+52,1.43611e+50,2.19929e+50,9.83781e+49,2.45863e+50
1.16809e+52,1897.09,1898.85,2.73772e+49,3.26701e+50,1.81569e+50,2.77855e+50,5.27853e+50,5.26348e+49
1.17295e+52,1.50456e+50,8.50148e+49,8.99373e+48,2.44163e+50,2158.97,3.21489e+50,1.45517e+50,9.23067e+49
1.88746e+50,1.77321e+50,1.47734e+50,2.70368e+50,1.52488e+51,1.37343e+50,1.25626e+52,1.53227e+50,5.98409e+49
3852.79,2.60229e+52,3851.9,3852.53,3850.83,3850.71,3851.59,3849.5,3850.07
4000,4000,4000,4000,4000,4000,4000,4000,4000
4000,4000,4000,4000,4000,4000,4000,4000,4000
4000,4000,4000,4000,4000,4000,4000,4000,4000
4000,4000,4000,4000,4000,4000,4000,4000,4000
4000,4000,4000,4000,4000,4000,4000,4000,4000
4000,4000,4000,4000,4000,4000,4000,4000,4000
-171.519,-170.374,1.196e+52,7.82214e+49,-173.783,1.02437e+50,9.87104e+49,7.3381e+49,8.89432e+49
3.0592e+49,3.60626e+48,5.77719e+48,2.41831e+49,2.55205e+49,1.42584e+49,2.14335e+49,2.18764e+49,1.10464e+52
2.71466e+47,1.07346e+52,8.96771e+48,4.2769e+48,3.43672e+48,2.89329e+48,3.2542e+48,2.13377e+48,6.28439e+48
3.92439e+49,4.96544e+49,1.11772e+52,2.38816e+49,2.85612e+49,6.91723e+49,1.84089e+49,4.94305e+49,1.95457e+49
9.46955e+49,2.50637e+50,1.16081e+52,1.24988e+51,1.73209e+51,2.90878e+50,6.52193e+50,8.17129e+50,1922.5
2127.02,4.94126e+50,6.43667e+50,1.19824e+52,2.29268e+49,5.97704e+49,5.80504e+48,1.60699e+50,1.72429e+50
1.32899e+52,2176.44,2176.16,2176.55,2176.28,2176.54,2176.4,5.37975e+49,2176.54
3766.4,3766.09,3764.68,9.04245e+49,3765.11,3765.68,1.41812e+52,3764.87,3766.1
4000,4000,4000,4000,4000,4000,4000,4000,4000
4000,4000,4000,4000,4000,4000,4000,4000,4000
4000,4000,4000,4000,4000,4000,4000,4000,4000
4000,4000,4000,4000,4000,4000,4000,4000,4000
4000,4000,4000,4000,4000,4000,4000,4000,4000
4000,4000,4000,4000,4000,4000,4000,4000,4000
520.981,1.5186e+52,4.5637e+49,7.03147e+49,3.66871e+49,521.075,2.47436e+50,520.549,521.224
3.41756e+49,2.30031e+49,1.76051e+49,7.4621e+48,2.34933e+49,1.42682e+49,8.01531e+48,1.0764e+49,1.07113e+52
1.28774e+48,5.6706e+48,7.77284e+47,1.02203e+52,1.05704e+48,1.94203e+48,1.06073e+48,-999.998,7.01909e+47
8.84153e+49,1.00611e+50,1.12738e+52,1.15344e+50,2.29052e+49,1.91955e+49,7.46605e+49,1.79534e+50,8.4489e+49
2.34417e+50,1.70109e+50,1.1695e+52,1.61299e+50,1931.35,4.69649e+50,1.93104e+50,2.36801e+50,1.69824e+50
8.86458e+49,3.38763e+50,2.66299e+49,1.91163e+50,2114.16,1.23052e+50,8.31382e+49,1.40982e+50,1.22031e+52
2178.3,2178.59,1.29111e+52,1.36868e+50,2178.77,6.95499e+49,1.53076e+50,2178.44,2178.74
3812.71,3813.75,3813.34,3812.37,3810.67,3812.49,3813.52,1.58778e+52,3811.08
4000,4000,4000,4000,4000,4000,4000,4000,4000
4000,4000,4000,4000,4000,4000,4000,4000,4000
4000,4000,4000,4000,4000,4000,4000,4000,4000
4000,4000,4000,4000,4000,4000,4000,4000,4000
4000,4000,4000,4000,4000,4000,4000,4000,4000
4000,4000,4000,4000,4000,4000,4000,4000,4000
1106.33,1107.29,4.7086e+49,1107.01,1.56489e+52,1107.47,1107.84,9.77811e+49,1107.39
4.62516e+49,-999.094,6.1454e+48,1.01021e+49,1.08891e+52,1.7764e+49,1.78086e+49,6.61996e+48,-998.137
7.89556e+48,7.9536e+48,2.50032e+49,1.07118e+52,2.00528e+49,4.35227e+48,2.27242e+49,1.18529e+49,2.04125e+49
1.49075e+50,9.61194e+49,2.16728e+49,2.02977e+49,4.97131e+49,2.68136e+50,6.05273e+48,1.18927e+50,1.16579e+52
1.17037e+52,2.60194e+50,9.7318e+49,7.88191e+48,2000,4.36659e+50,1.25476e+50,2.45662e+50,4.157e+50
2106.35,2106.31,1.19333e+52,2106.31,2106.27,2.18354e+50,2106.29,6.91215e+49,4.72865e+49
5.00582e+49,2156.88,2156.84,2156.56,1.13305e+49,4.00711e+49,1.3052e+52,1.73312e+50,2156.52
3782.38,3782.24,9.81905e+51,3782.16,3783.75,3783.36,3781.76,3781.09,3782.43
4000,4000,4000,4000,4000,4000,4000,4000,4000
4000,4000,4000,4000,4000,4000,4000,4000,4000
4000,4000,4000,4000,4000,4000,4000,4000,4000
4000,4000,4000,4000,4000,4000,4000,4000,4000
4000,4000,4000,4000,4000,4000,4000,4000,4000
4000,4000,4000,4000,4000,4000,4000,4000,4000
1562.5,1562.3,1562.63,1562.48,1.8144e+52,1561.19,1562.46,3.90523e+49,1559.55
2.6529e+49,1.91442e+49,3.02773e+49,1.54291e+50,-786.261,2.13831e+49,1.05063e+52,4.31723e+49,1.87419e+49
6.40242e+48,1.93888e+49,4.85515e+48,1.79092e+49,1.0226e+52,1.62691e+49,1.65421e+49,1.67379e+49,9.54189e+48
1.74792e+49,1.10089e+52,2.05945e+50,-802.16,5.76302e+49,-801.344,-800.796,4.25878e+49,2.22174e+49
1970.31,9.86048e+49,1.96124e+50,1.63254e+50,1.75358e+50,1970.28,4.55819e+50,1.12389e+52,2.93376e+50
3.75221e+50,3.299e+50,2085.85,2.83327e+50,2.66899e+50,1.12765e+52,1.29418e+50,2.93983e+50,3.85964e+50
7.12274e+50,4.28909e+49,1.15173e+52,9.3661e+48,2129.12,1.32297e+50,1.66664e+50,8.95083e+49,1.10983e+50
3831.62,3833.52,3831.65,2.0526e+52,3832.06,3831.69,3833.2,3832.07,3833.36
4000,4000,4000,4000,4000,4000,4000,4000,4000
4000,4000,4000,4000,4000,4000,4000,4000,4000
4000,4000,4000,4000,4000,4000,4000,4000,4000
4000,4000,4000,4000,4000,4000,4000,4000,4000
4000,4000,4000,4000,4000,4000,4000,4000,4000
4000,4000,4000,4000,4000,4000,4000,4000,4000
6.18778e+49,921.322,920.296,922.17,920.693,3.90891e+49,920.428,1.19042e+52,920.533
8.22018e+48,9.96483e+51,7.59786e+48,2.4721e+48,4.29233e+48,-999.867,2.69661e+48,5.72934e+48,1.03667e+49
1.04537e+52,3.13399e+48,1.5132e+48,4.73616e+47,3.0364e+47,2.93078e+48,2.7962e+47,2.83541e+47,4.71772e+48
9.17646e+49,1.10676e+52,1.33045e+50,1.54207e+50,7.17355e+49,7.73753e+49,9.89059e+49,1.14568e+50,1.30676e+50
2.35104e+51,3.98734e+51,3.37383e+51,3.30476e+51,1.91604e+51,1.1211e+52,2.59249e+51,3.03844e+51,4.10362e+51
1.61177e+51,6.53541e+50,1.39063e+50,1.07705e+51,1.23404e+51,1.11966e+52,2.1735e+51,1.00328e+51,1.81704e+51
2.64691e+50,3.85741e+50,2.13131e+50,1.13488e+52,5.50885e+49,1.29951e+50,1.74199e+50,3.5789e+49,1.92157e+50
3789.35,3791.96,3789.87,2.99889e+52,3790.69,3791.28,3790.42,3790.27,3789.25
4000,4000,4000,4000,4000,4000,4000,4000,4000
4000,4000,4000,4000,4000,4000,4000,4000,4000
4000,4000,4000,4000,4000,4000,4000,4000,4000
4000,4000,4000,4000,4000,4000,4000,4000,4000
4000,4000,4000,4000,4000,4000,4000,4000,4000
4000,4000,4000,4000,4000,4000,4000,4000,4000
3.6664e+49,1.07369e+52,4.78382e+49,4.88126e+49,3.58099e+49,4.4671e+49,9.64748e+49,1.89566e+49,9.14727e+49
1.67171e+49,1.05427e+52,2.08628e+49,1.07626e+49,1.73346e+49,6.44229e+48,3.36821e+48,9.10194e+48,2.98759e+48
1.15482e+49,5.28389e+48,6.23889e+48,1.52918e+49,1.07563e+52,6.29022e+48,8.97963e+48,5.21416e+48,1.36328e+49
1.68508e+50,1.6234e+50,6.46294e+49,1.88369e+50,1.10386e+52,7.97628e+49,1.79549e+50,1.45639e+50,1.05058e+50
3.51617e+51,1.09758e+51,1.1256e+52,1.53737e+51,2.20382e+51,1.7663e+51,2.21042e+51,1.29659e+51,2.16772e+51
3.48041e+51,4.12322e+51,1.1219e+52,3.01032e+51,5.50337e+51,2.28313e+51,5.01838e+51,2.35182e+51,2.64718e+51
5.65944e+50,4.86079e+50,5.75026e+50,2.15852e+51,7.26655e+50,2.29504e+51,9.72115e+50,6.44506e+50,1.10843e+52
3728.04,3727.24,3728.45,8.18129e+49,3727.35,3726.16,1.99491e+52,3726.06,3728.14
4000,4000,4000,4000,4000,4000,4000,4000,4000
4000,4000,4000,4000,4000,4000,4000,4000,4000
4000,4000,4000,4000,4000,4000,4000,4000,4000
4000,4000,4000,4000,4000,4000,4000,4000,4000
4000,4000,4000,4000,4000,4000,4000,4000,4000
4000,4000,4000,4000,4000,4000,4000,4000,4000
1.03771e+50,3.99991e+50,2.2093e+50,1.37756e+50,2.07765e+50,1.76383e+50,1589.26,5.01207e+49,1.14631e+52
3.14571e+50,2.0882e+50,2.82169e+50,1.60515e+50,2.40734e+50,1.26932e+50,2.00794e+50,1.08073e+52,1.50281e+50
5.27151e+49,4.97826e+49,3.22686e+49,8.86331e+49,1.08377e+52,6.8255e+49,6.15724e+49,4.42482e+49,6.59574e+49
2.93405e+50,1.63214e+50,1.73235e+50,2.86262e+50,1.66753e+50,1.94651e+50,2.48717e+50,1.09397e+52,2.74047e+50
1.28864e+51,1.12757e+52,5.78401e+50,8.55645e+50,2.12164e+51,1.48939e+51,5.77629e+50,9.21665e+50,1.08645e+51
1.07769e+51,8.14509e+50,8.98413e+50,9.46982e+50,7.27099e+50,1.1323e+52,6.95214e+50,9.2006e+50,9.30832e+50
1.13795e+52,2.85338e+50,2267.98,1.40334e+50,2.3008e+50,7.16575e+50,1.33439e+50,1.31264e+50,3.43171e+50
3864.07,3864.11,3863.07,3864.44,3862.24,3863,3862.49,2.48067e+52,3860.81
4000,4000,4000,4000,4000,4000,4000,4000,4000
4000,4000,4000,4000,4000,4000,4000,4000,4000
4000,4000,4000,4000,4000,4000,4000,4000,4000
4000,4000,4000,4000,4000,4000,4000,4000,4000
4000,4000,4000,4000,4000,4000,4000,4000,4000
4000,4000,4000,4000,4000,4000,4000,4000,4000
728.692,728.946,1.22849e+52,729.936,1.83829e+50,728.565,729.367,728.014,729.214
2.04348e+50,2.03533e+49,6.16084e+49,3.68079e+49,1.25315e+50,2.78416e+49,1.08818e+52,4.34595e+49,1.1108e+50
7.7133e+49,1.65353e+50,8.79239e+49,1.12156e+52,5.22045e+49,2.09326e+50,2.78289e+49,9.04828e+49,1.58525e+50
1.12475e+52,3.85136e+51,1.12475e+52,2.41041e+51,2.95463e+51,2.68924e+51,3.49095e+51,3.34497e+51,4.66853e+51
2.26723e+51,1.53547e+51,1.12324e+52,1.3946e+51,1.47179e+51,8.74899e+50,2.36077e+51,1.33568e+51,1.27534e+51
1.01764e+51,5.04743e+50,3.83138e+50,8.89281e+50,8.58225e+50,6.01071e+50,6.61496e+50,3.25315e+50,1.13116e+52
5.94931e+49,1.03819e+50,2355.26,2355.1,1.77623e+50,2354.9,2.03503e+50,1.19186e+52,2355.12
2.59215e+50,3889.75,3890.83,2.60475e+52,3891.18,3891.77,3889.76,3892.04,3890.06
4000,4000,4000,4000,4000,4000,4000,4000,4000
4000,4000,4000,4000,4000,4000,4000,4000,4000
4000,4000,4000,4000,4000,4000,4000,4000,4000
4000,4000,4000,4000,4000,4000,4000,4000,4000
4000,4000,4000,4000,4000,4000,4000,4000,4000
4000,4000,4000,4000,4000,4000,4000,4000,4000
944.074,4.50792e+49,1.19144e+52,943.86,1.02465e+50,941.593,1.04198e+50,942.359,7.8567e+49
-602.109,4.23819e+49,4.10524e+49,-602.499,1.19021e+52,2.67698e+49,-603.158,2.80433e+49,-601.614
619.921,621.106,618.666,2.24507e+49,621.495,2.18728e+49,619.761,2.04218e+52,619.055
1918.26,1917.11,1916.49,1915.45,1918.56,4.17284e+49,1918.49,1.71818e+52,1918.16
2.03606e+52,2141.55,2141.46,7.38553e+49,3.73064e+50,2141.52,2141.52,2141.53,2141.54
1.84724e+52,2179.93,2179.89,2179.52,2.06744e+49,2180,2179.67,2179.94,2179.78
2897.35,2896.62,2897.5,2896.78,2895.56,2896.77,5.52426e+51,2897.58,2897.18
3975.52,3975.28,3973.92,3976.33,3975.23,3976.4,3974.86,6.77706e+50,3973.96
4000,4000,4000,4000,4000,4000,4000,4000,4000
4000,4000,4000,4000,4000,4000,4000,4000,4000
4000,4000,4000,4000,4000,4000,4000,4000,4000
4000,4000,4000,4000,4000,4000,4000,4000,4000
4000,4000,4000,4000,4000,4000,4000,4000,4000
4000,4000,4000,4000,4000,4000,4000,4000,4000
2740.7,2739.93,2740.76,7.54696e+51,2740.2,2736.1,2739.54,2739.52,2740.35
1891.3,1890.06,2.71079e+52,1892.33,1891.86,1890.6,1892.94,1891.14,1889.33
2133.39,2133.56,2133.29,2132,2133.1,2.80452e+52,2133.52,2131.74,2133.56
2.2851e+52,2092.85,2092.63,2089.9,2092.81,2090.98,2092.83,2092.75,2092.84
2142.17,2142.2,2142.16,1.44194e+52,2142.13,2142.21,2142.27,2142.31,2140.22
2183.16,2.77374e+50,2183.29,1.49106e+50,3.85994e+49,1.73538e+50,1.0097e+50,1.28728e+52,2183.17
1.9018e+50,1.74855e+50,1.30822e+52,2508.16,8.80498e+49,2508.89,1.40132e+50,2508.89,2508.81
3953.18,3953.04,3953.8,3956.2,1.1696e+52,3954.45,3954.37,3955.05,3954.67
4000,4000,4000,4000,4000,4000,4000,4000,4000
4000,4000,4000,4000,4000,4000,4000,4000,4000
4000,4000,4000,4000,4000,4000,4000,4000,4000
4000,4000,4000,4000,4000,4000,4000,4000,4000
4000,4000,4000,4000,4000,4000,4000,4000,4000
4000,4000,4000,4000,4000,4000,4000,4000,4000
1725.1,2.54799e+50,2.59518e+52,1726,1726.65,1725.82,1726.35,1725.57,1725.94
-937.476,-942.377,-943.549,-943.598,-942.25,1.16892e+52,-938.933,6.84941e+49,3.67536e+49
-898.96,1.15842e+52,4.99298e+49,-900.278,-906.006,-903.198,1.26374e+49,-913.414,5.51551e+49
-555.649,6.95617e+49,1.45093e+50,5.09955e+49,1.0553e+50,4.88572e+49,1.24282e+52,8.47814e+49,2.53875e+50
1.24197e+52,2057.26,2057.32,3.31024e+49,1.24895e+50,1.16819e+50,1.36369e+50,5.09798e+49,2057.4
2159.15,1.47031e+50,3.82256e+50,2156.09,2159.12,2158.94,2159,1.77937e+52,1.29352e+50
2250.9,2250.64,2250.7,3.22928e+52,2250.97,2250.32,2250.84,2250.63,2250.51
1.07798e+51,3850.45,3851.44,3852.89,3852.61,3853.16,3850.72,3851.95,3850.46
4000,4000,4000,4000,4000,4000,4000,4000,4000
4000,4000,4000,4000,4000,4000,4000,4000,4000
4000,4000,4000,4000,4000,4000,4000,4000,4000
4000,4000,4000,4000,4000,4000,4000,4000,4000
4000,4000,4000,4000,4000,4000,4000,4000,4000
4000,4000,4000,4000,4000,4000,4000,4000,4000
1.17869e+50,461.038,1.55101e+52,462.397,460.217,460.576,459.644,459.598,9.60323e+49
-999.601,3.32007e+49,1.05304e+52,3.90642e+49,1.68316e+49,1.21991e+49,1.86614e+49,8.64812e+48,9.20505e+48
-999.787,2.13645e+49,1.07938e+52,7.0551e+48,8.34425e+48,2.14409e+49,7.21843e+48,3.72774e+48,1.10466e+49
1.87133e+50,3.58572e+50,8.56314e+49,2.40804e+50,4.84738e+49,1.16862e+52,-798.105,1.97936e+50,3.05803e+50
7.00962e+49,2.05041e+50,1.2025e+52,3.29971e+50,1.49023e+50,8.04159e+50,5.49328e+50,3.68061e+49,6.38556e+49
2.0996e+50,3.08827e+49,4.66153e+49,2139.13,2.37944e+50,1.69434e+50,2.47477e+49,1.233e+52,5.09615e+50
2195.21,1.35154e+50,1.21213e+52,7.08212e+49,1.02859e+50,3.24024e+50,3.36686e+50,2195.22,2195.17
2.38328e+52,3810.6,3811.14,3809.77,3812.19,3810.05,3811.89,3812.61,3812.6
4000,4000,4000,4000,4000,4000,4000,4000,4000
4000,4000,4000,4000,4000,4000,4000,4000,4000
4000,4000,4000,4000,4000,4000,4000,4000,4000
4000,4000,4000,4000,4000,4000,4000,4000,4000
4000,4000,4000,4000,4000,4000,4000,4000,4000
4000,4000,4000,4000,4000,4000,4000,4000,4000
1.09397e+50,1.58143e+50,555.294,557.922,559.54,1.20068e+50,557.863,557.48,1.37681e+52
2.4054e+49,2.93546e+49,3.69658e+49,1.06592e+52,1.30536e+49,1.49971e+49,1.78325e+49,1.27227e+49,-999.698
7.86106e+48,5.25334e+48,5.32928e+48,4.15632e+48,9.15084e+48,1.3097e+49,1.10534e+52,5.28154e+48,1.02064e+49
1.12858e+52,4.22803e+49,1.25037e+50,8.299e+49,8.28909e+49,9.43981e+49,3.46571e+49,1.27815e+50,9.04317e+49
1.71772e+50,5.71931e+50,5.6888e+50,1.18915e+52,1.70406e+50,1.06858e+50,4.60608e+50,9.33163e+49,1.50562e+50
1.93669e+50,2.1966e+50,1.50145e+50,1.20845e+52,1.04874e+51,1.29784e+50,2.81085e+50,1.20933e+50,1.58661e+50
1.3682e+50,2142.53,1.73749e+50,1.49487e+50,1.29161e+52,2142.39,7.12222e+48,7.51967e+49,2142.59
3736.07,1.63569e+52,3736.93,3737.39,3736.8,3737.66,3736.37,3736.56,3738.09
4000,4000,4000,4000,4000,4000,4000,4000,4000
4000,4000,4000,4000,4000,4000,4000,4000,4000
4000,4000,4000,4000,4000,4000,4000,4000,4000
4000,4000,4000,4000,4000,4000,4000,4000,4000
4000,4000,4000,4000,4000,4000,4000,4000,4000
4000,4000,4000,4000,4000,4000,4000,4000,4000
1.54342e+50,1565.02,1562.88,1.53659e+52,1565.3,1565.94,1563.75,1564.76,1565.71
4.25614e+49,1.09272e+52,1.10669e+50,1.13888e+49,5.85615e+49,-998.026,-996.666,5.61514e+49,3.53521e+49
9.2571e+48,1.34915e+49,1.83871e+49,8.4337e+48,8.29141e+48,1.10096e+52,4.68166e+48,9.80039e+48,1.85634e+49
2.90549e+49,6.75548e+49,6.52619e+49,1.15619e+52,1.15955e+50,5.35429e+49,5.20245e+49,2.91076e+49,9.30544e+49
1.27192e+50,3.10773e+50,4.05918e+50,4.48124e+50,2.1911e+50,3.99491e+50,7.26388e+48,1.11092e+50,1.21252e+52
7.14249e+49,6.99053e+49,3.1393e+50,2.20766e+50,1.45681e+50,1.20288e+52,4.98583e+49,3.45643e+50,3.01826e+50
6.67346e+49,1.82487e+50,2145.67,1.34827e+49,1.48338e+49,1.84698e+50,2.53876e+50,1.25706e+52,2145.83
3746.15,1.69951e+52,3745.13,3745.9,3745.86,3743.19,3743.98,3745.26,3745.19
4000,4000,4000,4000,4000,4000,4000,4000,4000
4000,4000,4000,4000,4000,4000,4000,4000,4000
4000,4000,4000,4000,4000,4000,4000,4000,4000
4000,4000,4000,4000,4000,4000,4000,4000,4000
4000,4000,4000,4000,4000,4000,4000,4000,4000
4000,4000,4000,4000,4000,4000,4000,4000,4000
5.39704e+48,1598.76,1.6183e+50,1599.33,1598.47,1599.61,1599.4,1599.63,1.2587e+52
1.87962e+49,1.56533e+49,2.15391e+49,1.05599e+52,-969.453,2.17015e+49,-968.797,-969.756,1.30397e+49
2.39461e+49,1.03381e+52,-960.481,-956.681,6.59564e+49,3.15992e+49,9.09693e+49,9.38957e+48,-959.15
-697.874,1.09855e+52,2.8766e+50,1.43945e+50,2.89508e+49,1.06863e+50,1.40949e+49,-699.186,1.46925e+50
1.13076e+52,1926.47,2.21472e+50,7.19876e+49,2.01015e+50,1.1436e+50,4.38311e+50,2.65821e+50,3.15684e+50
1.13209e+52,2.52517e+50,3.23614e+50,2090.1,3.08174e+50,5.71457e+50,2.86711e+50,4.42818e+50,2.04429e+50
5.40337e+49,1.7426e+49,1.96384e+50,2171.77,2.14132e+50,1.904e+50,2.17288e+50,2171.77,1.16209e+52
3915.15,3916.7,1.23454e+52,3917.17,3915.79,3918.38,3917.65,3916.14,3917.77
4000,4000,4000,4000,4000,4000,4000,4000,4000
4000,4000,4000,4000,4000,4000,4000,4000,4000
4000,4000,4000,4000,4000,4000,4000,4000,4000
4000,4000,4000,4000,4000,4000,4000,4000,4000
4000,4000,4000,4000,4000,4000,4000,4000,4000
4000,4000,4000,4000,4000,4000,4000,4000,4000
1.73723e+52,1071.44,1071.43,1.13442e+49,1071.21,1071.42,1069.83,1071.35,1068.73
6.35038e+48,-997.345,-997.476,4.7977e+48,8.83835e+51,1.11667e+49,1.18939e+49,7.75671e+48,-997.534
1.73038e+47,2.20912e+48,7.22475e+46,2.69674e+48,2.73011e+47,9.43172e+51,5.66552e+47,2.39786e+48,3.3344e+48
4.99894e+49,8.11395e+49,3.10497e+49,1.0864e+52,4.29185e+49,1.15021e+49,9.39563e+49,7.42401e+49,8.71897e+49
3.72065e+50,2.94476e+50,6.00486e+50,2.39481e+50,3.58228e+50,1.11444e+52,3.58543e+50,7.95218e+50,9.82323e+50
1.17172e+50,5.21802e+50,1.13777e+52,3.47558e+50,1.99173e+50,1.76027e+50,4.3349e+49,2.91318e+50,3.52085e+50
2243.57,5.25127e+49,1.1005e+50,2243.21,2243.02,4.7585e+49,2.21047e+50,1.16118e+52,5.33183e+49
3925.19,3925.18,3923.03,3924.6,3925.74,3924.11,3924.82,2.08498e+52,3922.73
4000,4000,4000,4000,4000,4000,4000,4000,4000
4000,4000,4000,4000,4000,4000,4000,4000,4000
4000,4000,4000,4000,4000,4000,4000,4000,4000
4000,4000,4000,4000,4000,4000,4000,4000,4000
4000,4000,4000,4000,4000,4000,4000,4000,4000
4000,4000,4000,4000,4000,4000,4000,4000,4000
1.09152e+50,-306.171,-306.514,3.20459e+49,4.08226e+49,2.95471e+49,-307.413,-306.273,1.06898e+52
5.09976e+47,4.77537e+46,1.98173e+47,4.22759e+47,4.86986e+46,2.86238e+47,7.4422e+47,9.75136e+51,3.15683e+47
5.88557e+47,4.56029e+46,4.43703e+48,1.02767e+52,2.47572e+48,9.99001e+46,3.72094e+48,3.12532e+48,3.53057e+46
6.07393e+49,7.28972e+49,1.09783e+52,1.57677e+50,8.71387e+49,1.46805e+50,5.36491e+49,1.11931e+50,2.40913e+50
1.78974e+50,7.18517e+49,1.28466e+50,1.12085e+52,1.17917e+50,1.2571e+50,4.2433e+49,6.06092e+49,1.69399e+50
1.14562e+52,2.5347e+50,1.40078e+50,1.57203e+50,2132.67,3.80817e+50,9.45169e+49,2.36899e+50,1.62284e+50
2261.94,1.22643e+52,2262.21,2.49466e+50,2261.94,1.17754e+50,2262.08,2262,3.14323e+50
1.85019e+52,3908.55,3908.24,6.39494e+49,3908.94,3908.55,3909.22,3908.66,3907.49
4000,4000,4000,4000,4000,4000,4000,4000,4000
4000,4000,4000,4000,4000,4000,4000,4000,4000
4000,4000,4000,4000,4000,4000,4000,4000,4000
4000,4000,4000,4000,4000,4000,4000,4000,4000
4000,4000,4000,4000,4000,4000,4000,4000,4000
4000,4000,4000,4000,4000,4000,4000,4000,4000
1.72994e+49,5.17652e+49,2.19367e+49,6.38227e+49,1.06381e+52,1.21266e+50,5.54907e+49,2.31573e+50,2.3792e+49
2.97533e+49,1.70224e+49,2.50781e+49,1.05426e+52,1.89437e+49,2.52425e+49,2.29189e+49,1.85645e+49,1.91125e+49
3.77862e+49,1.03863e+50,7.11682e+49,1.07518e+52,6.13371e+49,6.75014e+49,4.57958e+49,7.80119e+49,4.70251e+49
3.67488e+50,3.92485e+50,9.77101e+49,3.18706e+50,1.1026e+52,2.70164e+50,3.36206e+50,2.3837e+50,1.73276e+50
3.07032e+50,1.76092e+51,8.38424e+51,9.297e+50,4.62184e+50,1.11966e+52,5.58422e+50,7.20062e+50,1.11122e+51
5.11357e+50,1.11307e+52,8.97586e+49,1.19601e+51,6.1383e+50,3.97652e+50,8.27901e+50,3.24962e+50,1.08126e+51
3.52118e+49,2393.77,6.85952e+50,2.99957e+50,1.00295e+51,7.72798e+49,3.77025e+50,2.74792e+50,1.15557e+52
3918.76,3918.95,3920.61,3920.13,3920.88,4.58106e+49,3921.58,2.63511e+52,3.86992e+49
4000,4000,4000,4000,4000,4000,4000,4000,4000
4000,4000,4000,4000,4000,4000,4000,4000,4000
4000,4000,4000,4000,4000,4000,4000,4000,4000
4000,4000,4000,4000,4000,4000,4000,4000,4000
4000,4000,4000,4000,4000,4000,4000,4000,4000
4000,4000,4000,4000,4000,4000,4000,4000,4000
2315.07,2318.02,4.2874e+50,4.39978e+49,9.76349e+49,1.27386e+52,6.15202e+49,3.30173e+50,2318.88
5.15627e+49,716.668,6.77088e+49,1.08341e+52,1.58831e+50,1.28836e+50,5.80038e+49,2.68424e+50,6.25443e+50
1.22056e+49,3.92976e+49,2.12295e+50,4.06779e+49,1.12041e+52,1.62522e+50,994.112,6.622e+48,1.0916e+50
1.11973e+52,5.05594e+49,1694.37,2.08843e+50,8.07684e+50,8.89983e+50,1.95686e+50,2.85554e+50,1.05985e+50
2.28003e+51,1.12566e+52,2.27083e+51,1.7804e+51,1.0791e+51,3.45798e+51,2.12527e+51,1.60984e+51,2.66852e+51
4.22041e+50,1.78888e+50,2.63153e+50,1.05746e+50,2.36831e+51,1.1395e+52,3.1802e+50,2.4171e+50,5.2555e+50
2778.81,2778.5,1.64123e+50,1.53082e+50,1.41372e+49,1.49769e+50,1.29206e+50,1.38052e+50,1.19285e+52
3969.36,2.44564e+52,3968.55,7.55221e+49,3971.51,3970.59,3968.91,3971.33,3972.01
4000,4000,4000,4000,4000,4000,4000,4000,4000
4000,4000,4000,4000,4000,4000,4000,4000,4000
4000,4000,4000,4000,4000,4000,4000,4000,4000
4000,4000,4000,4000,4000,4000,4000,4000,4000
4000,4000,4000,4000,4000,4000,4000,4000,4000
4000,4000,4000,4000,4000,4000,4000,4000,4000
1278.34,1.25751e+52,6.15661e+49,1279.36,1279.84,6.37978e+49,1279.2,1.72353e+50,1279.52
1.10999e+52,9.68881e+49,4.07197e+49,9.309e+49,8.0179e+48,8.07157e+49,3.60761e+49,7.17612e+49,5.04356e+49
8.46165e+49,4.67538e+49,4.32488e+49,2.84386e+50,9.77521e+49,4.46019e+49,2.26159e+50,79.8004,1.19232e+52
1.41843e+51,1.02479e+51,9.67491e+50,1.62674e+51,1.13519e+52,1.97059e+51,9.79256e+50,1.13556e+52,1.97072e+51
1.12223e+52,1.95734e+51,2.0304e+51,1.47059e+51,1.98886e+51,1.74929e+51,2.92926e+51,3.26617e+51,2.14815e+51
3.28679e+51,1.99472e+51,2.15491e+51,2.17345e+51,1.12815e+52,1.86605e+51,1.12815e+52,5.24449e+51,9.50594e+51
2961.7,2962.87,2961.62,7.78819e+49,4.33437e+49,6.53e+49,1.21557e+52,3.26183e+50,1.15239e+51
3957.1,3957.02,1.27303e+52,3957.44,3956.76,3955.95,6.08004e+49,3956.61,3957.12
4000,4000,4000,4000,4000,4000,4000,4000,4000
4000,4000,4000,4000,4000,4000,4000,4000,4000
4000,4000,4000,4000,4000,4000,4000,4000,4000
4000,4000,4000,4000,4000,4000,4000,4000,4000
4000,4000,4000,4000,4000,4000,4000,4000,4000
4000,4000,4000,4000,4000,4000,4000,4000,4000
2.31674e+52,2292.9,2290.01,2289.03,5.86e+48,2292.58,2292.7,2290.73,2293.1
388.087,1.39742e+50,378.308,1.16633e+52,1.19938e+50,6.77533e+49,6.88403e+49,3.21948e+49,5.2928e+49
-341.105,-316.981,-307.195,4.83558e+49,-324.326,8.69725e+49,-310.591,-328.998,1.26112e+52
5.50946e+49,2.06128e+50,1.25769e+52,312.126,312.094,322.248,319.381,314.463,323.014
2123.99,2120.79,1.36856e+52,1.2346e+50,3.92543e+50,1.21431e+50,2123.8,2123.94,7.54202e+49
2184.74,2184.66,2184.56,1.64203e+52,6.25124e+49,2184.56,2184.69,4.32796e+49,2184.55
2637.95,2637.97,2637.73,3.609e+52,2637.08,2637.01,2637.56,2637.6,2637.73
3974.55,3973.45,3972.08,3972.15,3973.9,5.98683e+50,3973.15,3974.64,3972.3
4000,4000,4000,4000,4000,4000,4000,4000,4000
4000,4000,4000,4000,4000,4000,4000,4000,4000
4000,4000,4000,4000,4000,4000,4000,4000,4000
4000,4000,4000,4000,4000,4000,4000,4000,4000
4000,4000,4000,4000,4000,4000,4000,4000,4000
4000,4000,4000,4000,4000,4000,4000,4000,4000
1479.47,1478.41,1479.99,1478.41,1477.6,2.12031e+52,1477.7,1478.59,1480.21
4.90249e+49,1.13476e+52,2.10406e+49,2.03337e+49,3.51717e+49,1.6573e+50,-975.593,7.75935e+49,6.43299e+49
3.17721e+49,-877.322,1.22524e+52,-879.149,-892.128,-886.414,6.62848e+49,5.12108e+49,-876.364
1492.22,9.21085e+49,1495.16,1494.1,1498.58,1.36549e+52,4.19638e+49,1.57193e+50,1499.16
2.71508e+50,6.57298e+49,2129.84,1.50667e+50,2127.84,2129.64,2126.88,2129.08,1.39618e+52
1.35919e+52,2163.1,2162.84,1.14001e+50,2162.92,7.7821e+49,1.0688e+50,2162.8,2163.17
2.16296e+50,2316.22,9.63297e+49,2316.52,2316.47,2316.15,2316.45,1.58946e+52,2316.5
3943.87,3944.33,3945.84,3945.55,3945.05,5.05016e+51,3945.43,3944.07,3944.6
4000,4000,4000,4000,4000,4000,4000,4000,4000
4000,4000,4000,4000,4000,4000,4000,4000,4000
4000,4000,4000,4000,4000,4000,4000,4000,4000
4000,4000,4000,4000,4000,4000,4000,4000,4000
4000,4000,4000,4000,4000,4000,4000,4000,4000
4000,4000,4000,4000,4000,4000,4000,4000,4000
1692.72,4.80528e+49,1694.18,1692.38,1695.14,1694.62,1694.94,1695.49,1.91349e+52
-905.605,7.43914e+49,1.06909e+50,-904.386,3.50098e+49,2.17374e+49,1.14895e+52,1.04137e+50,3.88157e+49
-999.114,-999.55,1.08044e+52,6.99794e+48,1.66188e+49,6.1733e+48,-998.939,2.0666e+49,-999.065
1.2008e+52,1.23133e+50,9.89611e+49,1.39601e+50,2.32727e+50,5.26409e+49,8.33496e+49,1.26021e+50,5.97239e+49
3.43055e+50,1.18499e+49,4.96049e+49,7.84543e+49,1.56882e+50,1.26835e+52,2097.9,1.08013e+50,1.56607e+50
7.01534e+49,5.50086e+49,2142.61,1.30104e+52,1.11143e+50,2142.61,2142.39,6.24346e+49,2142.45
8.46383e+49,6.71947e+49,1.35071e+52,2209.77,2209.54,2209.91,2.63567e+49,1.18786e+50,2209.95
3907.84,3906.98,3906.05,3909.26,3906.35,3908.53,7.22731e+51,3905.62,3906.52
4000,4000,4000,4000,4000,4000,4000,4000,4000
4000,4000,4000,4000,4000,4000,4000,4000,4000
4000,4000,4000,4000,4000,4000,4000,4000,4000
4000,4000,4000,4000,4000,4000,4000,4000,4000
4000,4000,4000,4000,4000,4000,4000,4000,4000
4000,4000,4000,4000,4000,4000,4000,4000,4000
6.82647e+49,6.34393e+49,1.35561e+52,1992.91,1993.33,5.62148e+49,2.7294e+51,1992.73,8.84113e+49
1.24091e+50,1.77275e+50,1.31685e+50,3.78732e+50,1.23159e+50,1.21436e+52,864.575,2.99322e+50,1.66021e+50
1.71487e+50,1.19281e+52,1.56851e+50,7.21418e+49,5.64911e+49,289.129,1.7737e+50,284.746,1.34984e+50
2.03695e+50,7.69412e+49,7.02549e+49,3.76111e+49,1.22568e+52,222.357,1.23364e+50,227.315,8.33403e+49
2.07593e+50,6.63108e+49,4.57271e+49,8.23525e+49,1.92056e+50,1.22414e+52,1993.6,1.29225e+50,2.22977e+50
5.23643e+49,2124.73,1.23163e+50,1.50896e+50,1.21827e+52,2.80047e+50,7.46842e+48,1.49208e+49,3.25374e+50
1.88193e+50,7.20173e+49,2.37521e+50,1.83098e+49,2.90474e+50,2170.2,1.29574e+50,1.28443e+52,1.17026e+50
3878.07,6.84487e+51,3875.89,3876.44,3877.75,3874.88,3876.52,3874.92,3875.89
4000,4000,4000,4000,4000,4000,4000,4000,4000
4000,4000,4000,4000,4000,4000,4000,4000,4000
4000,4000,4000,4000,4000,4000,4000,4000,4000
4000,4000,4000,4000,4000,4000,4000,4000,4000
4000,4000,4000,4000,4000,4000,4000,4000,4000
4000,4000,4000,4000,4000,4000,4000,4000,4000
2.86272e+50,1.35098e+52,1.3358e+50,1591.58,1592.28,1.67654e+49,6.53027e+48,2.21543e+50,1592.19
1.4366e+50,-810.334,3.67659e+49,5.2779e+49,2.05227e+50,1.16012e+50,2.47712e+50,1.193e+52,1.36179e+50
1.16787e+52,2.18574e+50,8.60059e+49,9.12222e+49,9.87368e+49,4.97391e+49,1.6355e+50,1.3207e+50,6.65918e+49
7.45649e+49,1.35007e+50,2.17826e+50,5.44553e+50,1285.75,1.35428e+50,1.21374e+52,4.48764e+49,3.00265e+50
1.94232e+50,5.21321e+49,1.45507e+50,1.22688e+52,1.62294e+50,2015.86,1.56752e+50,2015.81,1.14881e+50
1.84334e+50,2135.65,3.51163e+50,1.49898e+50,2.17496e+50,1.2228e+52,2.12343e+50,9.83571e+48,2.09339e+50
1.09241e+50,1.25827e+52,2185.43,1.87038e+50,5.34736e+49,6.40173e+50,2185.78,2185.63,2185.52
3877.63,3876.29,3879.43,3878.71,3878.25,9.79628e+51,3879.28,3877.45,3877.44
4000,4000,4000,4000,4000,4000,4000,4000,4000
4000,4000,4000,4000,4000,4000,4000,4000,4000
4000,4000,4000,4000,4000,4000,4000,4000,4000
