4000,4000,4000,4000,4000,4000,4000,4000,4000
4000,4000,4000,4000,4000,4000,4000,4000,4000
4000,4000,4000,4000,4000,4000,4000,4000,4000
675.522,676.406,675.395,676.37,676.159,676.171,676.379,676.173,676.368
302.952,-879.722,-896.16,-899.522,-873.177,-892.676,-893.872,-888.412,-892.913
-928.09,-918.908,310.91,-907.291,-924.172,-918.801,-922.406,-930.712,-917.943
349.798,-471.951,-469.928,-474.69,-478.135,-478.854,-476.261,-484.379,-473.834
505.467,505.269,505.495,505.589,504.976,505.553,505.654,505.546,505.393
541.626,540.823,542.241,542.06,541.878,542.069,542.193,541.899,541.976
559.615,559.68,559.693,559.715,559.968,559.328,559.355,559.994,560.055
2238.85,2239.09,2242.31,2241.67,2242.46,2241.92,2242.78,2241.09,2238.72
4000,4000,4000,4000,4000,4000,4000,4000,4000
4000,4000,4000,4000,4000,4000,4000,4000,4000
4000,4000,4000,4000,4000,4000,4000,4000,4000
4000,4000,4000,4000,4000,4000,4000,4000,4000
4000,4000,4000,4000,4000,4000,4000,4000,4000
4000,4000,4000,4000,4000,4000,4000,4000,4000
272.236,-3.36954,1.49614,-2.9657,-4.69833,-4.9511,-4.69434,-1.50628,-5.01752
-992.444,-993.333,158.963,-997.017,-995.65,-996.167,-993.071,-997.007,-994.646
-999.998,-1000,-999.61,-999.939,-999.807,81.9201,-999.091,-998.797,-999.999
-987.538,-995.661,-998.748,-995.208,-995.238,-997.974,284.203,-999.438,-991.303
485.605,485.906,485.536,486.386,486.513,486.119,486.425,486.223,486.529
525.215,525.024,524.745,524.941,524.984,525.281,525.274,524.948,525.238
558.348,558.947,558.671,558.96,558.499,558.726,558.633,558.993,558.699
2456.6,2457.21,2456.44,2460.61,2460.46,2456,2456.43,2456.31,2460.49
4000,4000,4000,4000,4000,4000,4000,4000,4000
4000,4000,4000,4000,4000,4000,4000,4000,4000
4000,4000,4000,4000,4000,4000,4000,4000,4000
4000,4000,4000,4000,4000,4000,4000,4000,4000
4000,4000,4000,4000,4000,4000,4000,4000,4000
4000,4000,4000,4000,4000,4000,4000,4000,4000
-925.845,-926.065,-925.997,67.2656,-925.645,-925.863,-922.767,-921.833,-924.355
-999.995,-1000,-999.949,-999.999,-999.958,-1000,-999.944,77.714,-999.773
152.349,-999.98,-999.201,-999.938,-999.881,-999.253,-1000,-999.311,-999.06
334.817,-957.173,-977.139,-976.274,-971.001,-971.816,-965.995,-968.63,-966.927
543.21,541.816,542.928,543.061,541.869,542.887,543.017,543.224,543.322
564.749,564.845,564.78,564.091,564.572,564.679,564.707,564.907,564.535
579.674,580.119,580.234,580.272,579.862,580.251,580.18,580.378,580.38
2242.37,2246.42,2246.64,2242.85,2246.49,2246.43,2242.37,2242.91,2243.21
4000,4000,4000,4000,4000,4000,4000,4000,4000
4000,4000,4000,4000,4000,4000,4000,4000,4000
4000,4000,4000,4000,4000,4000,4000,4000,4000
4000,4000,4000,4000,4000,4000,4000,4000,4000
4000,4000,4000,4000,4000,4000,4000,4000,4000
4000,4000,4000,4000,4000,4000,4000,4000,4000
1318.43,1318.12,1318.45,1318.61,1320.03,1317.82,1317.77,1319.98,1318.88
377.872,-327.087,-333.861,-332.736,-335.373,-320.313,-327.3,-331.067,-327.421
-983.39,-992.763,-985.848,-981.898,-988.873,330.101,-983.452,-985,-980.05
-694.28,-679.712,-690.798,-698.8,-678.08,-682.317,410.566,-691.325,-715.84
552.446,552.379,552.783,552.789,551.861,552.379,552.47,552.78,552.768
562.424,562.254,562.174,562.084,562.252,562.561,562.214,562.609,562.402
566.156,566.726,566.567,566.693,566.541,566.702,566.729,566.773,566.805
2457.9,2458.3,2458.2,2460.15,2456.99,2456.32,2455.39,2457.09,2458.6
4000,4000,4000,4000,4000,4000,4000,4000,4000
4000,4000,4000,4000,4000,4000,4000,4000,4000
4000,4000,4000,4000,4000,4000,4000,4000,4000
4000,4000,4000,4000,4000,4000,4000,4000,4000
4000,4000,4000,4000,4000,4000,4000,4000,4000
4000,4000,4000,4000,4000,4000,4000,4000,4000
-69.8807,-70.0094,301.312,-67.9078,-70.8541,-72.4933,-71.057,-74.5064,-72.045
-992.045,-998.914,-999.914,-998.592,235.423,-995.962,-997.996,-999.326,-996.904
-998.847,-998.983,-995.682,310.07,-996.45,-995.416,-995.497,-991.385,-994.608
392.012,-221.568,-228.865,-230.705,-239.4,-229.843,-216.287,-223.879,-230.707
589.768,589.438,590.188,590.285,590.348,590.228,589.478,590.116,590.195
588.657,588.738,588.72,588.848,588.754,588.325,588.8,588.797,588.719
637.319,637.165,637.108,636.774,636.366,637.547,637.398,637.269,637.393
3023.15,3028.89,3028.81,3028.17,3028.75,3027.47,3028.37,3028.7,3028.79
4000,4000,4000,4000,4000,4000,4000,4000,4000
4000,4000,4000,4000,4000,4000,4000,4000,4000
4000,4000,4000,4000,4000,4000,4000,4000,4000
4000,4000,4000,4000,4000,4000,4000,4000,4000
4000,4000,4000,4000,4000,4000,4000,4000,4000
4000,4000,4000,4000,4000,4000,4000,4000,4000
272.758,171.953,174.415,173.686,172.643,171.578,177.109,176.284,177.201
-636.571,-637.188,313.195,-639.519,-639.653,-639.826,-639.152,-638.198,-639.754
479.355,479.212,479.469,479.596,479.266,479.343,479.321,479.421,479.292
587.328,587.535,587.634,587.353,587.435,587.503,587.349,586.532,587.586
599.787,599.817,599.581,599.157,599.942,599.945,599.717,599.723,599.975
623.755,623.58,623.617,623.055,623.722,623.291,623.597,623.674,623.515
721.164,720.531,721.286,720.409,720.956,721.257,720.812,721.15,720.179
3683.8,3674.96,3681.26,3683.73,3682.36,3679.76,3683.56,3675.29,3683.64
4000,4000,4000,4000,4000,4000,4000,4000,4000
4000,4000,4000,4000,4000,4000,4000,4000,4000
4000,4000,4000,4000,4000,4000,4000,4000,4000
4000,4000,4000,4000,4000,4000,4000,4000,4000
4000,4000,4000,4000,4000,4000,4000,4000,4000
4000,4000,4000,4000,4000,4000,4000,4000,4000
-636.945,332.915,-623.295,-626.346,-635.229,-627.656,-627.581,-636.16,-632.655
-995.698,-996.466,-998.827,-998.513,-999.75,-992.449,-999.591,-999.701,343.88
-986.979,361.739,-993.899,-992.147,-992.198,-982.535,-994.02,-993.466,-990.255
-246.569,-244.774,-254.046,-245.583,-253.53,-251.411,-256.523,-247.025,454.928
621.923,621.88,621.972,621.735,621.523,621.769,621.777,622.181,622.201
668.297,667.348,668.902,668.867,668.798,668.788,668.485,668.886,668.777
834.743,834.571,835.053,834.41,834.624,834.726,834.898,834.501,835.054
3633.8,3632.78,3632.58,3632.4,3637.81,3637.63,3637.9,3632.04,3639.93
4000,4000,4000,4000,4000,4000,4000,4000,4000
4000,4000,4000,4000,4000,4000,4000,4000,4000
4000,4000,4000,4000,4000,4000,4000,4000,4000
4000,4000,4000,4000,4000,4000,4000,4000,4000
4000,4000,4000,4000,4000,4000,4000,4000,4000
4000,4000,4000,4000,4000,4000,4000,4000,4000
1722.93,1723.02,1723.76,1723.66,1724.45,1723.21,1722.7,1724,1722.99
403.54,65.0288,63.6989,63.108,64.7246,61.2732,62.8931,60.7407,67.8507
-377.525,446.646,-386.382,-375.053,-380.645,-376.517,-381.998,-377.829,-377.713
218.327,468.482,223.901,222.053,219.471,219.247,214.398,224.253,220.673
628.515,628.62,628.429,628.824,628.7,628.505,628.656,628.673,628.664
668.528,668.753,668.787,668.856,668.859,668.775,668.885,668.814,668.923
775.951,775.202,775.613,775.476,775.396,775.475,775.193,775.348,775.394
3494.56,3493.63,3489.73,3494.39,3489.85,3493.38,3490.22,3491.26,3491.57
4000,4000,4000,4000,4000,4000,4000,4000,4000
4000,4000,4000,4000,4000,4000,4000,4000,4000
4000,4000,4000,4000,4000,4000,4000,4000,4000
4000,4000,4000,4000,4000,4000,4000,4000,4000
4000,4000,4000,4000,4000,4000,4000,4000,4000
4000,4000,4000,4000,4000,4000,4000,4000,4000
837.165,835.754,836.601,836.545,837.308,836.888,836.667,836.845,837.436
-992.296,-987,-996.799,-978.998,-997.449,-982.33,-983.457,-996.014,365.347
-973.755,-974.31,391.668,-963.182,-972.469,-967.436,-974.481,-960.494,-973.835
279.928,438.303,280.133,280.31,280.06,277.367,281.063,279.117,279.975
622.88,621.189,622.376,622.845,622.845,622.588,622.871,622.578,622.512
645.469,645.216,645.472,645.098,645.365,645.237,645.356,645.173,645.108
710.294,709.754,710.214,710.541,709.987,710.492,710.539,710.234,710.262
3167.01,3169.93,3170.86,3165.67,3170.2,3165.78,3170.41,3170.15,3172.05
4000,4000,4000,4000,4000,4000,4000,4000,4000
4000,4000,4000,4000,4000,4000,4000,4000,4000
4000,4000,4000,4000,4000,4000,4000,4000,4000
4000,4000,4000,4000,4000,4000,4000,4000,4000
4000,4000,4000,4000,4000,4000,4000,4000,4000
4000,4000,4000,4000,4000,4000,4000,4000,4000
544.547,544.266,544.533,544.404,543.381,544.154,544.367,544.294,544.474
396.595,-994.885,-998.061,-990.878,-991.093,-997.95,-994.107,-986.98,-994.73
-997.26,-990.54,-988.51,-996.726,-996.749,392.281,-997.973,-998.53,-991.197
-957.253,-947.695,-950.155,-961.475,451.103,-941.892,-963.176,-965.396,-955.134
541.886,541.915,542.035,541.875,542.045,542.031,541.436,541.959,541.647
596.927,596.704,597.052,596.761,596.635,596.912,596.739,596.502,596.894
629.669,629.383,629.602,629.574,629.642,629.673,629.558,629.577,629.481
2685.17,2687.29,2686.37,2686.52,2686.92,2687.49,2685.3,2684.9,2690.66
4000,4000,4000,4000,4000,4000,4000,4000,4000
4000,4000,4000,4000,4000,4000,4000,4000,4000
4000,4000,4000,4000,4000,4000,4000,4000,4000
4000,4000,4000,4000,4000,4000,4000,4000,4000
4000,4000,4000,4000,4000,4000,4000,4000,4000
4000,4000,4000,4000,4000,4000,4000,4000,4000
676.714,676.842,676.909,676.839,676.756,676.363,676.547,676.909,676.821
412.456,-960.777,-966.061,-966.28,-962.381,-954.905,-959.968,-958.239,-962.345
-999.988,348.12,-993.62,-992.267,-997.246,-999.919,-998.474,-999.899,-998.844
-998.646,-989.185,-999.074,-998.752,-996.292,-994.98,-990.374,384.199,-997.342
527.458,527.466,527.361,527.318,527.405,527.337,527.392,527.449,527.513
556.355,556.189,556.251,556.078,556.202,555.995,556.198,556.052,555.928
582.326,582.545,582.304,582.45,582.22,582.356,582.482,582.385,582.594
2403.26,2407.05,2407.23,2407.1,2402.25,2402.25,2407.38,2406.9,2402.27
4000,4000,4000,4000,4000,4000,4000,4000,4000
4000,4000,4000,4000,4000,4000,4000,4000,4000
4000,4000,4000,4000,4000,4000,4000,4000,4000
4000,4000,4000,4000,4000,4000,4000,4000,4000
4000,4000,4000,4000,4000,4000,4000,4000,4000
4000,4000,4000,4000,4000,4000,4000,4000,4000
-75.3279,-74.9994,-75.7389,-75.6426,-77.7515,-72.9921,347.66,-80.3418,-71.8356
-998.49,-996.104,-995.25,228,-999.817,-996.455,-999.254,-999.753,-999.835
-999.762,-999.755,-999.985,-999.963,165.778,-999.989,-1000,-999.998,-999.998
-989.277,-999.584,-993.6,-996.491,-995.145,-999.912,-993.464,288.284,-991.299
433.644,433.632,433.676,433.538,433.539,433.663,433.266,433.534,433.449
483.407,483.322,483.272,483.594,483.548,483.552,483.514,483.577,483.485
499.717,499.93,499.539,499.677,499.759,499.75,499.769,499.906,499.871
2080.68,2084.51,2080.64,2083.84,2080.65,2083.16,2081.4,2082.17,2081.16
4000,4000,4000,4000,4000,4000,4000,4000,4000
4000,4000,4000,4000,4000,4000,4000,4000,4000
4000,4000,4000,4000,4000,4000,4000,4000,4000
4000,4000,4000,4000,4000,4000,4000,4000,4000
4000,4000,4000,4000,4000,4000,4000,4000,4000
4000,4000,4000,4000,4000,4000,4000,4000,4000
813.247,813.367,812.927,812.819,813.411,813.394,812.96,812.655,812.836
-778.061,-807.019,-792.301,-805.495,374.283,-799.853,-795.561,-792.462,-805.23
-773.116,-759.4,-763.585,343.193,-767.486,-761.375,-750.354,-765.508,-770.662
-212.014,-196.028,-206.776,-209.2,394.79,-191.442,-207.866,-198.06,-201.722
523.503,523.239,523.333,523.1,523.6,523.506,523.376,523.624,523.389
530.334,530.472,530.461,530.336,530.503,530.543,530.354,530.457,530.552
536.783,537.236,537.363,537.455,537.316,537.495,536.955,537.058,537.424
2349.5,2348.37,2349.07,2345.79,2349.17,2349.54,2348.7,2344.79,2345.75
4000,4000,4000,4000,4000,4000,4000,4000,4000
4000,4000,4000,4000,4000,4000,4000,4000,4000
4000,4000,4000,4000,4000,4000,4000,4000,4000
4000,4000,4000,4000,4000,4000,4000,4000,4000
4000,4000,4000,4000,4000,4000,4000,4000,4000
4000,4000,4000,4000,4000,4000,4000,4000,4000
-917.265,-918.796,-920.377,-920.392,-920.252,-920.574,-920.387,120.945,-920.427
-999.937,102.961,-999.988,-999.955,-999.996,-1000,-999.97,-997.347,-999.939
-1000,-999.994,-1000,-1000,-1000,-998.688,-998.899,381.123,-997.926
-999.999,-999.993,-999.998,-999.873,465.461,-1000,-999.998,-999.982,-999.959
223.814,223.953,223.549,224.421,226.971,218.871,222.203,220.282,551.704
522.834,522.807,522.754,522.636,522.632,522.325,522.447,522.829,537.436
487.501,487.687,487.327,487.489,487.431,487.639,487.32,487.657,487.648
1946.11,1948.59,1949.07,1948.76,1949.25,1948.29,1949.01,1948.88,1946.25
4000,4000,4000,4000,4000,4000,4000,4000,4000
4000,4000,4000,4000,4000,4000,4000,4000,4000
4000,4000,4000,4000,4000,4000,4000,4000,4000
4000,4000,4000,4000,4000,4000,4000,4000,4000
4000,4000,4000,4000,4000,4000,4000,4000,4000
4000,4000,4000,4000,4000,4000,4000,4000,4000
803.03,802.367,801.519,803.335,802.786,802.865,803.225,803.144,802.876
-534.497,-528.514,-529.968,409.355,-537.56,-524.348,-527.958,-527.386,-521.518
-754.14,-772.385,-756.069,-765.99,-772.257,-758.443,419.484,-766.567,-763.235
-602.31,-583.845,-604.136,-592.601,427.047,-597.221,-571.312,-618.348,-590.414
543.935,544.051,543.944,543.878,544.11,544.263,544.257,543.943,544.11
544.603,545.241,545.419,544.873,545.207,545.005,545.22,545.177,545.289
538.303,538.46,537.964,538.276,538.048,538.253,538.29,538.317,538.442
1751.68,1752.62,1754.01,1752.48,1754.57,1753.7,1752.22,1753.91,1754.06
4000,4000,4000,4000,4000,4000,4000,4000,4000
4000,4000,4000,4000,4000,4000,4000,4000,4000
4000,4000,4000,4000,4000,4000,4000,4000,4000
4000,4000,4000,4000,4000,4000,4000,4000,4000
4000,4000,4000,4000,4000,4000,4000,4000,4000
4000,4000,4000,4000,4000,4000,4000,4000,4000
584.36,584.102,584.494,584.882,583.996,584.783,584.611,584.916,584.571
-849.037,-832.26,-818.715,-827.745,-835.551,376.207,-817.443,-847.146,-839.586
-394.054,-374.913,-371.695,-391.128,-390.2,-392.495,-399.654,-384.193,412.442
525.895,526.289,526.199,526.486,525.978,526.332,526.436,526,526.388
553.222,553.235,553.297,553.148,553.475,553.268,553.448,553.497,553.449
549.142,549.205,549.139,549.062,548.93,549.135,549.261,549.138,548.859
546.304,546.443,546.71,546.249,546.148,546.462,546.359,546.279,546.243
2423.68,2422.78,2424.73,2425.09,2423.69,2423.97,2420.53,2420.58,2420.4
4000,4000,4000,4000,4000,4000,4000,4000,4000
4000,4000,4000,4000,4000,4000,4000,4000,4000
4000,4000,4000,4000,4000,4000,4000,4000,4000
4000,4000,4000,4000,4000,4000,4000,4000,4000
4000,4000,4000,4000,4000,4000,4000,4000,4000
4000,4000,4000,4000,4000,4000,4000,4000,4000
554.254,554.007,554.271,553.958,553.277,553.751,554.124,553.887,553.061
-913.621,-920.129,363.299,-923.327,-915.409,-904.232,-932.546,-918.486,-918.777
-65.4228,-66.9304,-71.2019,419.599,-71.0438,-57.1575,-68.7958,-64.0847,-69.345
529.561,529.908,530.022,530.084,530.097,529.866,529.892,529.892,530.071
583.234,583.19,583.149,582.848,583.21,582.884,582.768,583.167,583.122
589.108,589.363,589.142,589.187,588.988,589.294,589.251,589.148,589.286
647.963,647.938,648.071,648.155,647.864,647.985,648,648.104,648.1
3575.98,3575.87,3576.02,3575.63,3576.33,3575.86,3575.79,3576.06,3582.95
4000,4000,4000,4000,4000,4000,4000,4000,4000
4000,4000,4000,4000,4000,4000,4000,4000,4000
4000,4000,4000,4000,4000,4000,4000,4000,4000
4000,4000,4000,4000,4000,4000,4000,4000,4000
4000,4000,4000,4000,4000,4000,4000,4000,4000
4000,4000,4000,4000,4000,4000,4000,4000,4000
751.699,752.092,751.835,751.812,750.681,751.586,751.363,751.513,751.51
-804.61,-792.193,-806.819,-812.027,-803.39,-796.999,-799.981,-805.591,408.819
-710.799,-708.788,-697.149,-704.992,-696.713,455.682,-701.359,-711.934,-693.762
540.889,540.647,540.826,540.907,540.823,540.894,540.974,540.672,540.826
610.481,610.408,610.551,610.389,610.387,610.238,610.299,610.627,610.203
645.26,645.544,645.04,645.544,645.467,645.41,645.513,645.298,645.361
787.153,787.809,787.359,787.769,787.752,787.898,787.924,787.421,787.674
3604.72,3597.75,3603.89,3606.07,3601.17,3599.04,3597.64,3603.83,3605.36
4000,4000,4000,4000,4000,4000,4000,4000,4000
4000,4000,4000,4000,4000,4000,4000,4000,4000
4000,4000,4000,4000,4000,4000,4000,4000,4000
4000,4000,4000,4000,4000,4000,4000,4000,4000
4000,4000,4000,4000,4000,4000,4000,4000,4000
4000,4000,4000,4000,4000,4000,4000,4000,4000
214.541,216.204,215.082,213.593,213.144,213.597,214.04,211.628,427.506
-998.73,-999.307,-985.275,-993.615,-992.054,-993.423,-996.507,-987.894,387.599
-995.725,-990.315,-996.432,-997.981,-985.434,377.82,-994.811,-993.789,-999.453
-986.184,-993.686,-987.929,-988.145,-984.241,-992.813,-993.759,-986.786,436.775
567.681,567.653,567.347,567.399,567.645,567.548,567.621,567.535,567.617
638.969,639.138,639.027,639.107,638.199,639.073,639.06,639.193,639.093
735.575,735.324,735.206,735.435,735.234,735.732,735.594,735.164,735.547
3192.26,3192.04,3196.59,3192.5,3192.05,3196.99,3197.59,3192.15,3197.5
4000,4000,4000,4000,4000,4000,4000,4000,4000
4000,4000,4000,4000,4000,4000,4000,4000,4000
4000,4000,4000,4000,4000,4000,4000,4000,4000
4000,4000,4000,4000,4000,4000,4000,4000,4000
4000,4000,4000,4000,4000,4000,4000,4000,4000
4000,4000,4000,4000,4000,4000,4000,4000,4000
170.203,174.319,174.07,175.917,452.043,174.055,174.447,174.476,170.285
-992.96,-983.573,-995.432,-998.731,359.792,-993.352,-990.997,-990.502,-991.861
-991.982,-999.636,-989.514,-999.941,-987.721,-999.202,370.484,-999.849,-982.974
-730.436,-749.627,-736.645,439.142,-751.899,-745.987,-739.19,-729.753,-747.924
592.672,592.502,592.585,592.255,592.416,592.563,592.557,592.599,591.689
613.294,613.552,613.604,613.545,613.408,613.375,613.516,613.601,613.338
641.604,641.536,641.444,641.555,641.701,641.104,641.487,641.378,641.589
2840.83,2838.41,2840.58,2838.87,2840.77,2835.9,2840.73,2841.18,2840.56
4000,4000,4000,4000,4000,4000,4000,4000,4000
4000,4000,4000,4000,4000,4000,4000,4000,4000
4000,4000,4000,4000,4000,4000,4000,4000,4000
4000,4000,4000,4000,4000,4000,4000,4000,4000
4000,4000,4000,4000,4000,4000,4000,4000,4000
4000,4000,4000,4000,4000,4000,4000,4000,4000
759.745,759.524,759.614,759.832,760.122,760.273,759.884,759.559,759.973
-951.678,-960.993,-967.738,-973.236,-949.736,366.247,-970.274,-966.961,-972.156
-953.459,-953.986,-950.699,-952.921,-949.542,410.734,-945.379,-949.168,-948.744
395.621,391.14,394.068,391.044,390.445,390.885,449.988,392.45,394.816
578.46,578.621,578.377,578.588,578.676,578.387,578.538,578.445,578.094
588.425,588.502,588.671,588.589,588.416,588.484,588.587,588.721,588.593
603.807,603.92,603.886,603.835,603.918,604.038,603.694,603.989,603.716
2776.48,2779.23,2776.39,2776.19,2775.85,2776.43,2781.72,2776.32,2775.49
4000,4000,4000,4000,4000,4000,4000,4000,4000
4000,4000,4000,4000,4000,4000,4000,4000,4000
4000,4000,4000,4000,4000,4000,4000,4000,4000
4000,4000,4000,4000,4000,4000,4000,4000,4000
4000,4000,4000,4000,4000,4000,4000,4000,4000
4000,4000,4000,4000,4000,4000,4000,4000,4000
-166.803,-169.23,-167.17,398.928,-166.583,-165.333,-167.014,-169.307,-162.325
-994.835,-999.645,-999.859,-996.121,-999.031,326.394,-997.57,-995.601,-999.948
-999.763,-999.953,-996.824,-999.982,-984.476,-994.056,-997.96,324.182,-995.589
-978.771,427.367,-988.227,-965.47,-962.746,-987.469,-982.801,-989.097,-985.242
513.251,513.007,513.224,512.986,513.146,513.078,513.16,513.013,513.237
551.735,551.88,551.937,551.893,551.924,552.065,551.905,551.796,551.835
570.401,570.236,570.221,570.428,570.239,570.326,570.259,570.408,570.022
2436.43,2433.92,2432.8,2434.22,2436.19,2432.08,2433.35,2433.59,2434.04
4000,4000,4000,4000,4000,4000,4000,4000,4000
4000,4000,4000,4000,4000,4000,4000,4000,4000
4000,4000,4000,4000,4000,4000,4000,4000,4000
4000,4000,4000,4000,4000,4000,4000,4000,4000
4000,4000,4000,4000,4000,4000,4000,4000,4000
4000,4000,4000,4000,4000,4000,4000,4000,4000
241.754,315.855,243.762,242.741,241.258,243.787,241.966,243.592,243.099
-887.368,-882.389,-888.828,-879.169,-876.588,-883.875,297.719,-873.17,-863.759
-979.308,-985.292,-964.77,-985.254,-977.77,274.926,-984.738,-969.933,-978.965
260.238,-992.289,-994.667,-991.549,-991.024,-996.754,-999.328,-992.928,-997.155
457.384,457.374,457.158,457.147,457.192,457.402,457.392,457.358,457.223
470.53,470.698,470.519,469.256,470.795,470.84,470.698,470.753,470.728
457.628,457.702,457.613,457.732,457.675,457.272,457.1,457.523,457.712
2023.42,2022.96,2024.82,2024.81,2024.32,2024.54,2024.74,2025.61,2022.72
4000,4000,4000,4000,4000,4000,4000,4000,4000
4000,4000,4000,4000,4000,4000,4000,4000,4000
4000,4000,4000,4000,4000,4000,4000,4000,4000
4000,4000,4000,4000,4000,4000,4000,4000,4000
4000,4000,4000,4000,4000,4000,4000,4000,4000
4000,4000,4000,4000,4000,4000,4000,4000,4000
-625.929,-622.221,-624.743,-624.31,-625.785,-626.286,117.367,-624.708,-625.499
-998.68,-1000,-999.986,-999.927,-1000,-999.819,-1000,94.6426,-997.635
-1000,-1000,225.697,-999.975,-1000,-999.468,-1000,-999.998,-999.984
-976.069,-973.943,-962.081,337.961,-973.62,-970.121,-961.268,-962.055,-971.527
490.534,490.23,490.162,490.105,490.402,490.412,490.472,490.313,494.065
514.659,515.136,515.137,515.136,515.189,515.099,515.019,514.549,514.886
544.208,544.17,544.111,544.186,544.106,544.136,544.246,543.954,543.989
2660,2664.35,2664.15,2659.51,2661.12,2663.83,2663.72,2659.91,2660.47
4000,4000,4000,4000,4000,4000,4000,4000,4000
4000,4000,4000,4000,4000,4000,4000,4000,4000
4000,4000,4000,4000,4000,4000,4000,4000,4000
4000,4000,4000,4000,4000,4000,4000,4000,4000
4000,4000,4000,4000,4000,4000,4000,4000,4000
4000,4000,4000,4000,4000,4000,4000,4000,4000
-972.841,28.6601,-972.938,-972.391,-970.721,-972.054,-972.464,-972.566,-971.871
-997.869,-1000,-1000,208.183,-999.973,-999.912,-999.972,-999.586,-999.999
-999.999,-998.84,-999.997,-999.998,-999.998,-999.997,361.225,-999.997,-999.997
-999.276,-999.872,-998.817,-995.67,-999.236,517.049,-999.991,-999.914,-996.395
324.626,325.014,324.933,325.359,325.233,325.497,324.659,323.473,590.439
538.791,539.117,539.003,539.161,539.062,539.071,539.113,539.015,574.199
498.104,498.166,498.291,498.226,498.105,498.665,498.329,498.288,498.283
2103.06,2100.65,2102.2,2103.7,2104.41,2103.77,2103.61,2104.01,2100.55
4000,4000,4000,4000,4000,4000,4000,4000,4000
4000,4000,4000,4000,4000,4000,4000,4000,4000
4000,4000,4000,4000,4000,4000,4000,4000,4000
4000,4000,4000,4000,4000,4000,4000,4000,4000
4000,4000,4000,4000,4000,4000,4000,4000,4000
4000,4000,4000,4000,4000,4000,4000,4000,4000
-767.988,-768.296,-768.357,-767.998,-766.9,198.212,-768.692,-768.523,-768.659
-1000,-999.999,-1000,-999.999,-1000,-1000,-999.994,310.943,-999.998
-1000,-1000,-1000,-999.996,-1000,-1000,-997.954,383.684,-1000
482.074,-1000,-999.864,-999.695,-999.999,-999.997,-998.199,-998.191,-999.959
-258.32,-259.53,-253.798,-255.7,557.028,-244.988,-251.854,-256.375,-263.677
547.007,546.829,546.874,546.899,547.013,546.739,546.915,547.091,577.966
513.597,513.736,513.593,513.75,512.866,513.741,513.631,513.55,519.074
1028.07,1028.41,1027.91,1028.43,1028.63,1028.34,1028.75,1028.29,1028.29
4000,4000,4000,4000,4000,4000,4000,4000,4000
4000,4000,4000,4000,4000,4000,4000,4000,4000
4000,4000,4000,4000,4000,4000,4000,4000,4000
4000,4000,4000,4000,4000,4000,4000,4000,4000
4000,4000,4000,4000,4000,4000,4000,4000,4000
4000,4000,4000,4000,4000,4000,4000,4000,4000
-604.932,-604.07,-603.821,123.545,-603.821,-604.353,-604.043,-604.547,-604.527
-967.436,-965.864,-967.848,-966.309,-967.449,-963.352,123.185,-967.957,-967.97
347.911,-147.758,-144.122,-144.969,-140.724,-144.513,-141.086,-142.105,-144.609
504.065,503.994,503.907,504.191,504.096,504.108,503.915,503.703,503.869
557.756,557.927,558.22,558.018,557.469,557.846,557.951,558.037,558.062
552.757,552.777,552.565,552.587,552.649,553.309,552.325,552.675,552.338
520.903,520.855,521.048,520.95,520.909,520.917,520.943,520.866,521.002
1789.58,1787.22,1786.77,1787.13,1787.24,1786.56,1787.82,1786.85,1787.68
4000,4000,4000,4000,4000,4000,4000,4000,4000
4000,4000,4000,4000,4000,4000,4000,4000,4000
4000,4000,4000,4000,4000,4000,4000,4000,4000
4000,4000,4000,4000,4000,4000,4000,4000,4000
4000,4000,4000,4000,4000,4000,4000,4000,4000
4000,4000,4000,4000,4000,4000,4000,4000,4000
770.074,769.956,769.442,769.238,770.18,770.239,769.017,770.16,769.974
377.238,-354.846,-360.208,-366.088,-367.096,-370.849,-366.257,-368.509,-356.879
-332.414,-334.2,447.406,-329.279,-338.906,-343.483,-350.437,-322.59,-345.855
520.849,521.111,521.419,521.526,521.284,521.203,521.368,521.136,520.883
572.791,572.572,572.534,572.694,572.273,572.742,572.416,572.794,572.682
560.667,560.554,561.448,560.707,560.76,560.865,560.7,560.684,560.871
581.518,581.811,581.439,581.379,580.729,581.397,581.475,581.367,581.291
3204.02,3209.9,3203.34,3207.11,3210.26,3203.83,3203.45,3203.94,3210.25
4000,4000,4000,4000,4000,4000,4000,4000,4000
4000,4000,4000,4000,4000,4000,4000,4000,4000
4000,4000,4000,4000,4000,4000,4000,4000,4000
4000,4000,4000,4000,4000,4000,4000,4000,4000
4000,4000,4000,4000,4000,4000,4000,4000,4000
4000,4000,4000,4000,4000,4000,4000,4000,4000
1057.06,1057.67,1057.63,1057.75,1057.46,1058.23,1058.41,1058.57,1057.93
256.516,438.202,252.303,261.589,257.7,256.813,256.452,255.913,256.916
540.077,540.022,540.061,538.963,539.876,538.984,540.068,540.024,539.281
571.326,571.197,571.17,571.124,571.335,571.311,571.394,570.908,571.184
598.884,598.827,598.859,598.92,598.812,598.825,598.73,598.825,598.631
612.121,612.246,612.257,612.306,612.274,612.152,612.299,612.036,612.249
733.504,733.434,733.778,733.546,733.222,733.723,733.454,733.887,733.427
3623.91,3630.89,3627.8,3627.72,3626.57,3630,3632.48,3631.95,3631.25
4000,4000,4000,4000,4000,4000,4000,4000,4000
4000,4000,4000,4000,4000,4000,4000,4000,4000
4000,4000,4000,4000,4000,4000,4000,4000,4000
4000,4000,4000,4000,4000,4000,4000,4000,4000
4000,4000,4000,4000,4000,4000,4000,4000,4000
4000,4000,4000,4000,4000,4000,4000,4000,4000
344.657,340.846,345.522,341.787,346.325,344.547,345.166,346.3,427.084
-987.23,-990.413,-971.84,-983.351,-960.789,-985.235,-964.631,383.085,-984.02
-994.589,-988.343,-994.093,-988.252,-995.698,384.332,-988.075,-997.092,-990.083
-968.225,-966.751,-968.526,-955.736,412.257,-950.639,-958.426,-961.181,-945.564
569.808,569.549,568.926,569.778,569.811,569.617,569.682,569.76,569.603
628.39,628.588,628.66,628.675,628.695,628.55,628.635,628.733,628.482
714.802,715.2,715.274,714.806,714.882,715.209,715.021,715.043,715.072
3290.4,3288.38,3289.14,3287.46,3287.16,3290.2,3287.38,3291.7,3294.42
4000,4000,4000,4000,4000,4000,4000,4000,4000
4000,4000,4000,4000,4000,4000,4000,4000,4000
4000,4000,4000,4000,4000,4000,4000,4000,4000
4000,4000,4000,4000,4000,4000,4000,4000,4000
4000,4000,4000,4000,4000,4000,4000,4000,4000
4000,4000,4000,4000,4000,4000,4000,4000,4000
49.616,48.4665,430.923,51.9062,48.1915,49.1255,52.1641,56.0594,51.055
-984.748,-996.113,-993.066,-993.916,-997.484,372.988,-990.015,-995.696,-998.865
-989.513,-999.977,-995.017,-992.921,-992.74,372.826,-981.891,-999.941,-993.427
434.375,-976.367,-989.691,-974.274,-970.915,-984.02,-988.889,-992.022,-974.515
539.042,539.127,539.283,539.058,539.251,539.268,539.275,539.383,539.285
584.268,584.309,584.416,584.213,584.272,583.964,584.387,584.273,584.316
621.74,621.666,621.452,621.555,620.868,621.521,621.589,621.415,621.424
2929.77,2928.84,2929.02,2929.07,2934.68,2928.87,2930.77,2935.01,2929.43
4000,4000,4000,4000,4000,4000,4000,4000,4000
4000,4000,4000,4000,4000,4000,4000,4000,4000
4000,4000,4000,4000,4000,4000,4000,4000,4000
4000,4000,4000,4000,4000,4000,4000,4000,4000
4000,4000,4000,4000,4000,4000,4000,4000,4000
4000,4000,4000,4000,4000,4000,4000,4000,4000
185.999,185.292,438.79,183.925,187.404,185.91,187.062,187.28,186.498
-998.684,-993.549,376.696,-991.403,-998.857,-993.698,-999.715,-999.824,-988.057
-993.783,-999.089,-995.301,-997.54,-995.447,-995.566,-995.55,-993.124,338.852
-976.784,-997.287,-971.12,-998.205,418.205,-989.841,-998.705,-983.496,-978.847
503.726,503.898,503.845,503.781,503.684,503.707,503.708,503.903,503.635
533.435,533.505,533.381,533.214,533.485,533.492,533.565,533.312,533.371
554.052,553.718,553.994,553.972,554.063,553.76,553.996,553.664,554.033
2476.16,2474.58,2474.59,2476.36,2474.8,2477.88,2474.75,2473.33,2475.77
4000,4000,4000,4000,4000,4000,4000,4000,4000
4000,4000,4000,4000,4000,4000,4000,4000,4000
4000,4000,4000,4000,4000,4000,4000,4000,4000
4000,4000,4000,4000,4000,4000,4000,4000,4000
4000,4000,4000,4000,4000,4000,4000,4000,4000
4000,4000,4000,4000,4000,4000,4000,4000,4000
241.506,243.932,245.725,245.562,244.823,245.79,242.514,408.805,240.489
-996.481,-996.889,-996.442,-996.777,-985.347,-997.066,339.396,-983.244,-990.428
-998.255,-1000,-997.071,-999.994,-999.996,-999.924,281.784,-998.053,-996.825
-987.373,-999.624,-999.878,-999.848,-996.68,-997.529,-999.237,-989.786,352.375
487.467,487.193,486.974,487.421,487.419,487.323,487.375,487.415,487.008
520.131,520.006,519.994,519.974,520.007,520.023,519.993,520.03,520.109
538.275,538.266,538.09,538.101,538.159,538.241,538.13,538.049,538.128
2406.45,2405.71,2406.41,2406.14,2404.98,2404.46,2406.35,2404.92,2406.17
4000,4000,4000,4000,4000,4000,4000,4000,4000
4000,4000,4000,4000,4000,4000,4000,4000,4000
4000,4000,4000,4000,4000,4000,4000,4000,4000
4000,4000,4000,4000,4000,4000,4000,4000,4000
4000,4000,4000,4000,4000,4000,4000,4000,4000
4000,4000,4000,4000,4000,4000,4000,4000,4000
151.535,-532.161,-530.817,-528.759,-532.437,-534.455,-532.746,-533.618,-530.987
-999.938,-999.914,-999.651,-998.633,-999.976,-999.766,-999.979,119.015,-999.981
-1000,-1000,151.458,-999.903,-1000,-1000,-999.871,-999.847,-999.999
-995.085,-988.049,-996.934,-997.223,326.145,-995.245,-996.65,-996.078,-993.026
466.996,467.188,467.164,467.164,466.928,466.898,467.198,467.312,467.033
477.166,477.132,477.034,477.129,477.131,477.123,476.35,476.671,477.058
464.238,463.908,464.231,464.07,464.219,464.114,464.124,464.063,464.094
2428.75,2424.86,2429.7,2427.66,2426.3,2425.85,2426.08,2425.25,2425.23
4000,4000,4000,4000,4000,4000,4000,4000,4000
4000,4000,4000,4000,4000,4000,4000,4000,4000
4000,4000,4000,4000,4000,4000,4000,4000,4000
4000,4000,4000,4000,4000,4000,4000,4000,4000
4000,4000,4000,4000,4000,4000,4000,4000,4000
4000,4000,4000,4000,4000,4000,4000,4000,4000
-377.159,-376.286,-376.373,114.047,-375.91,-377.244,-378.101,-376.548,-377.056
-1000,-999.735,-999.599,-1000,-999.999,-999.552,-999.702,125.444,-999.833
-999.964,-999.977,-999.991,-999.991,-1000,319.984,-999.922,-999.971,-1000
-994.425,-986.08,-993.121,-991.387,-989.286,-993.057,421.726,-983.183,-990.743
527.098,527.639,527.527,527.568,527.307,527.546,527.532,527.403,536.174
504.272,503.87,503.797,504.043,503.533,504.557,504.174,504.216,504.228
516.553,516.179,516.549,516.811,516.544,516.618,516.545,516.809,516.708
2889.49,2892.16,2891.18,2887.28,2891.46,2890.52,2889.92,2891.56,2887.39
4000,4000,4000,4000,4000,4000,4000,4000,4000
4000,4000,4000,4000,4000,4000,4000,4000,4000
4000,4000,4000,4000,4000,4000,4000,4000,4000
4000,4000,4000,4000,4000,4000,4000,4000,4000
4000,4000,4000,4000,4000,4000,4000,4000,4000
4000,4000,4000,4000,4000,4000,4000,4000,4000
-994.358,173.872,-993.793,-993.422,-994.334,-994.367,-993.608,-994.064,-994.343
-1000,-1000,-1000,-1000,-1000,226.633,-1000,-1000,-1000
-1000,-999.024,385.554,-1000,-1000,-1000,-1000,-1000,-1000
-999.979,558.053,-998.397,-999.519,-999.289,-996.922,-999.497,-995.616,-997.735
338.668,354.265,354.533,348.575,353.093,358.366,350.588,360.822,606.904
549.618,549.566,549.549,549.464,549.486,549.544,549.37,549.737,575.019
499.516,499.518,499.54,499.471,498.977,499.085,499.003,499.479,503.608
1478.29,1477.54,1478.96,1479.11,1476.25,1478.72,1477.44,1479.02,1479.08
4000,4000,4000,4000,4000,4000,4000,4000,4000
4000,4000,4000,4000,4000,4000,4000,4000,4000
4000,4000,4000,4000,4000,4000,4000,4000,4000
4000,4000,4000,4000,4000,4000,4000,4000,4000
4000,4000,4000,4000,4000,4000,4000,4000,4000
4000,4000,4000,4000,4000,4000,4000,4000,4000
-1000,-999.999,-1000,-1000,-999.999,247.277,-1000,-999.915,-999.992
-999.959,-999.992,-1000,366.595,-1000,-1000,-1000,-999.999,-1000
-1000,-1000,-1000,-1000,-1000,389.248,-999.659,-1000,-1000
-999.899,-998.154,-996.908,-998.675,-999.708,-999.982,486.858,-997.007,-999.995
71.1193,78.5271,78.2792,74.4347,81.5268,79.3755,69.7107,583.71,77.1268
562.358,562.242,562.371,562.125,562.329,562.427,562.326,562.351,594.995
511.296,511.163,511.166,511.263,511.307,511.313,511.173,511.307,527.527
882.18,882.913,882.469,882.3,882.165,882.144,882.941,882.362,882.899
4000,4000,4000,4000,4000,4000,4000,4000,4000
4000,4000,4000,4000,4000,4000,4000,4000,4000
4000,4000,4000,4000,4000,4000,4000,4000,4000
4000,4000,4000,4000,4000,4000,4000,4000,4000
4000,4000,4000,4000,4000,4000,4000,4000,4000
4000,4000,4000,4000,4000,4000,4000,4000,4000
-999.707,-999.909,-999.918,-999.654,-999.918,-999.835,-999.917,195.215,-999.891
-1000,-999.166,-999.993,-999.53,-999.89,-999.888,-998.094,-1000,309.567
369.754,-1000,-1000,-999.745,-999.929,-1000,-1000,-1000,-1000
-999.999,-999.991,-999.998,-999.999,-999.999,-999.998,478.902,-997.774,-999.999
-474.967,-479.81,-481.424,-476.196,543.191,-473.877,-488.001,-472.422,-479.474
553.254,553.086,553.182,553.012,553.117,553.242,553.325,586.038,553.333
520.884,521.052,521.028,521.093,520.898,521.018,521.045,521.024,527.205
1134.22,1133.84,1134.1,1134.53,1134.79,1134.25,1133.58,1134.25,1134.64
4000,4000,4000,4000,4000,4000,4000,4000,4000
4000,4000,4000,4000,4000,4000,4000,4000,4000
4000,4000,4000,4000,4000,4000,4000,4000,4000
4000,4000,4000,4000,4000,4000,4000,4000,4000
4000,4000,4000,4000,4000,4000,4000,4000,4000
4000,4000,4000,4000,4000,4000,4000,4000,4000
515.906,516.004,515.995,515.998,515.995,515.898,516.122,515.418,515.927
-903.023,-910.837,-903.215,-910.695,-910.786,-903.185,-899.159,-900.528,368.759
-136.744,-144.73,-141.522,452.449,-147.454,-145.442,-145.54,-147.54,-145.559
447.87,447.646,448.057,447.504,448.01,447.042,513.423,448.808,447.838
557.211,556.933,557.153,557.162,557.096,557.068,557.083,557.115,556.882
556.853,556.754,556.834,557.019,556.57,556.857,556.743,556.819,556.633
532.099,532.127,532.066,532.021,531.99,532.104,532.172,531.764,531.87
2290.31,2291.43,2290.89,2288.84,2291.4,2291.34,2293.32,2290.69,2291.53
4000,4000,4000,4000,4000,4000,4000,4000,4000
4000,4000,4000,4000,4000,4000,4000,4000,4000
4000,4000,4000,4000,4000,4000,4000,4000,4000
4000,4000,4000,4000,4000,4000,4000,4000,4000
4000,4000,4000,4000,4000,4000,4000,4000,4000
4000,4000,4000,4000,4000,4000,4000,4000,4000
829.185,829.709,829.849,829.345,829.147,828.905,829.23,829.515,829.574
-568.874,-572.478,-566.49,-570.928,390.303,-566.922,-566.34,-570.767,-571.455
-268.649,-268.038,-268.326,-267.416,-265.468,393.238,-266.319,-264.753,-264.173
416.672,420.1,420.188,453.778,420.238,419.942,417.181,419.837,420.201
572.007,572.113,572.271,572.239,572.163,572.318,572.307,572.215,572.323
590.615,590.572,590.558,590.597,590.487,590.366,590.605,590.465,590.696
688.572,688.255,688.326,688.155,688.375,688.497,688.476,688.397,688.28
3689.13,3687.67,3691.33,3691.06,3693.54,3686.94,3689.69,3691.09,3694.21
4000,4000,4000,4000,4000,4000,4000,4000,4000
4000,4000,4000,4000,4000,4000,4000,4000,4000
4000,4000,4000,4000,4000,4000,4000,4000,4000
4000,4000,4000,4000,4000,4000,4000,4000,4000
4000,4000,4000,4000,4000,4000,4000,4000,4000
4000,4000,4000,4000,4000,4000,4000,4000,4000
283.332,284.329,285.951,284.299,285.729,417.749,284.004,283.346,284.222
-977.948,-986.706,-994.28,-983.398,-987.527,393.08,-967.918,-991.006,-986.556
-951.917,-936.714,-964.705,-967.271,-960.917,373.059,-955.183,-961.013,-961.426
56.6425,434.025,63.1466,58.7303,59.6166,57.9054,61.5037,59.3383,61.1495
574.733,574.825,574.991,574.957,574.988,574.675,574.936,574.854,575.038
637.049,637.085,636.855,636.946,636.843,636.716,637.158,636.837,637.023
718.622,718.644,718.604,718.656,718.58,718.541,718.444,718.843,718.565
3338.44,3333.01,3332.85,3331.3,3338.49,3334.75,3337.92,3332.98,3332.81
4000,4000,4000,4000,4000,4000,4000,4000,4000
4000,4000,4000,4000,4000,4000,4000,4000,4000
4000,4000,4000,4000,4000,4000,4000,4000,4000
4000,4000,4000,4000,4000,4000,4000,4000,4000
4000,4000,4000,4000,4000,4000,4000,4000,4000
4000,4000,4000,4000,4000,4000,4000,4000,4000
514.409,514.476,514.509,514.627,514.641,514.562,514.327,514.568,514.567
-985.149,-985.294,-985.11,-984.891,-985.164,369.558,-985.529,-992.758,-986.163
-997.63,-997.717,-987.312,-986.914,-994.005,-984.056,-985.003,359.319,-994.897
-967.363,-958.862,414.206,-959.346,-952.183,-957.334,-945.183,-947.753,-960.868
534.324,534.318,534.13,534.436,534.337,534.408,534.143,534.374,534.253
589.643,589.688,589.62,589.466,589.687,589.608,589.701,589.7,589.616
630.899,631.008,631.067,630.611,630.99,630.661,630.994,630.765,630.749
3059.23,3053.55,3058.76,3058.95,3059.32,3058.81,3057.18,3058.97,3058.96
4000,4000,4000,4000,4000,4000,4000,4000,4000
4000,4000,4000,4000,4000,4000,4000,4000,4000
4000,4000,4000,4000,4000,4000,4000,4000,4000
4000,4000,4000,4000,4000,4000,4000,4000,4000
4000,4000,4000,4000,4000,4000,4000,4000,4000
4000,4000,4000,4000,4000,4000,4000,4000,4000
-601.435,-598.651,-604.71,-603.766,-603.544,284.181,-605.476,-603.922,-604.824
-997.396,-999.226,-999.996,-999.725,-999.561,-999.949,263.239,-995.038,-999.992
-999.057,-996.788,-997.248,-999.673,-999.736,326.53,-997.516,-997.517,-998.647
-965.856,-968.259,403.178,-963.521,-969.997,-975.02,-951.821,-959.295,-967.117
519.879,520.16,520.17,520.139,520.078,519.919,520.047,520.146,520.023
569.258,569.58,569.615,569.522,569.149,569.562,569.441,569.502,569.406
601.144,600.906,601.172,600.847,600.853,601.062,600.922,600.845,600.985
3060.81,3055.81,3060.92,3060.41,3057.56,3058.64,3056.4,3062.02,3060.97
4000,4000,4000,4000,4000,4000,4000,4000,4000
4000,4000,4000,4000,4000,4000,4000,4000,4000
4000,4000,4000,4000,4000,4000,4000,4000,4000
4000,4000,4000,4000,4000,4000,4000,4000,4000
4000,4000,4000,4000,4000,4000,4000,4000,4000
4000,4000,4000,4000,4000,4000,4000,4000,4000
130.667,134.301,387.625,136.255,134.213,139.219,140.622,138.012,140.717
-991.052,-999.736,-999.799,317.349,-994.271,-999.79,-998.439,-999.268,-999.788
-998.563,252.596,-997.065,-999.987,-1000,-998.591,-999.68,-999.953,-1000
-998.658,-994.754,-996.868,-999.293,-998.593,-995.528,-999.266,369.243,-999.441
461.755,461.916,461.868,461.92,461.822,461.724,461.911,461.762,461.915
505.028,504.88,504.979,504.946,505.05,504.793,505.024,504.994,504.979
520.668,520.809,520.918,520.599,520.892,520.532,520.848,520.567,520.851
2416.43,2418.04,2420.5,2417.03,2418.46,2420.68,2418.15,2420.64,2420.38
4000,4000,4000,4000,4000,4000,4000,4000,4000
4000,4000,4000,4000,4000,4000,4000,4000,4000
4000,4000,4000,4000,4000,4000,4000,4000,4000
4000,4000,4000,4000,4000,4000,4000,4000,4000
4000,4000,4000,4000,4000,4000,4000,4000,4000
4000,4000,4000,4000,4000,4000,4000,4000,4000
156.693,-575.671,-578.21,-578.505,-578.127,-578.284,-579.334,-577.733,-578.005
-1000,-999.989,-1000,-999.958,-999.953,-999.974,28.1563,-1000,-999.966
-999.999,-999.989,-999.4,-999.974,-999.635,-1000,-999.959,148.88,-999.966
-998.252,-999.456,-999.905,323.732,-999.171,-999.557,-997.471,-999.011,-999.999
423.845,424.164,424.205,424.363,424.403,424.377,424.031,424.358,440.479
473.13,473.245,473.793,472.426,473.075,473.435,473.445,473.237,473.421
448.521,448.515,448.223,448.324,448.471,452.004,448.301,448.429,448.095
1953.26,1950.75,1951.42,1953.62,1949.98,1951.1,1952.2,1952.26,1952.08
4000,4000,4000,4000,4000,4000,4000,4000,4000
4000,4000,4000,4000,4000,4000,4000,4000,4000
4000,4000,4000,4000,4000,4000,4000,4000,4000
4000,4000,4000,4000,4000,4000,4000,4000,4000
4000,4000,4000,4000,4000,4000,4000,4000,4000
4000,4000,4000,4000,4000,4000,4000,4000,4000
-344.656,277.863,-346.418,-345.964,-346.561,-347.965,-347.299,-344.935,-348.08
-999.915,-999.99,-999.614,195.838,-999.965,-1000,-999.711,-999.723,-1000
232.214,-999.875,-999.987,-999.904,-999.984,-1000,-999.555,-999.999,-999.964
-999.663,-999.373,-998.065,-998.674,-999.163,496.611,-999.681,-999.697,-998.693
482.605,483.178,483.055,482.5,483.16,570.848,482.149,483.165,483.194
510.929,510.995,511.452,511.279,511.167,511.244,511.153,511.181,511.142
471.247,471.345,471.49,471.44,471.349,477.082,471.199,471.382,471.349
2512.59,2515.18,2512.31,2515.56,2515.32,2515.58,2512.78,2514.34,2514.96
4000,4000,4000,4000,4000,4000,4000,4000,4000
4000,4000,4000,4000,4000,4000,4000,4000,4000
4000,4000,4000,4000,4000,4000,4000,4000,4000
4000,4000,4000,4000,4000,4000,4000,4000,4000
4000,4000,4000,4000,4000,4000,4000,4000,4000
4000,4000,4000,4000,4000,4000,4000,4000,4000
-999.879,-998.632,-999.88,-999.83,-999.818,-999.764,279.693,-999.731,-999.739
-1000,-1000,-1000,-999.965,-1000,502.694,-1000,-999.999,-1000
-995.397,-999.994,-999.835,-996.986,-1000,599.873,-999.325,-998.128,-997.517
-998.788,589.104,-999.997,-998.474,-997.408,-997.955,-999.512,-993.101,-996.982
-305.709,-294.921,-291.928,-302.903,-303.112,-298.416,-304.88,-303.283,591.52
535.646,535.557,535.497,535.648,535.688,541.221,535.654,535.553,535.527
496.443,496.533,496.496,496.463,496.373,501.132,496.547,496.402,496.5
1480.93,1483.33,1483.53,1482.21,1482.07,1482.62,1483.84,1483.56,1481.72
4000,4000,4000,4000,4000,4000,4000,4000,4000
4000,4000,4000,4000,4000,4000,4000,4000,4000
4000,4000,4000,4000,4000,4000,4000,4000,4000
4000,4000,4000,4000,4000,4000,4000,4000,4000
4000,4000,4000,4000,4000,4000,4000,4000,4000
4000,4000,4000,4000,4000,4000,4000,4000,4000
-999.524,-997.061,-999.183,437.953,-999.229,-999.546,-999.434,-999.187,-998.128
-999.98,-999.783,-1000,-999.733,-998.783,443.122,-1000,-999.612,-999.545
-999.736,-999.998,-998.385,599.76,-996.659,-999.752,-999.737,-998.168,-998.632
-999.121,-993.123,-999.954,-994.353,-996.725,-996.462,-997.536,597.274,-996.699
-720.33,-697.535,-716.812,-722.803,-699.756,-701.129,-709.141,593.17,-696.233
556.965,557.26,557.44,556.7,556.738,579.007,556.842,556.936,557.61
507.506,507.52,507.403,507.529,507.716,507.937,507.812,507.639,522.989
571.351,571.409,571.456,571.342,571.549,571.26,571.523,571.321,571.486
4000,4000,4000,4000,4000,4000,4000,4000,4000
4000,4000,4000,4000,4000,4000,4000,4000,4000
4000,4000,4000,4000,4000,4000,4000,4000,4000
4000,4000,4000,4000,4000,4000,4000,4000,4000
4000,4000,4000,4000,4000,4000,4000,4000,4000
4000,4000,4000,4000,4000,4000,4000,4000,4000
-1000,-1000,-999.972,-1000,-999.999,-999.994,387.999,-1000,-1000
384.46,-1000,-997.892,-1000,-999.99,-999.823,-999.982,-999.728,-1000
-1000,-999.834,-999.523,-1000,-1000,-1000,482.61,-1000,-1000
-999.065,-998.036,-998.804,-998.537,-999.31,-997.13,-999.034,508.109,-998.219
-87.3215,-85.4297,-90.5539,-89.2249,-80.588,-82.8466,-87.2287,585.894,-83.0377
540.289,540.517,540.814,540.363,540.454,540.182,540.688,540.654,583.388
521.599,521.795,521.855,521.799,521.6,522.119,521.769,521.811,541.719
637.125,636.869,636.792,637.097,636.7,637.12,636.841,636.747,636.914
4000,4000,4000,4000,4000,4000,4000,4000,4000
4000,4000,4000,4000,4000,4000,4000,4000,4000
4000,4000,4000,4000,4000,4000,4000,4000,4000
4000,4000,4000,4000,4000,4000,4000,4000,4000
4000,4000,4000,4000,4000,4000,4000,4000,4000
4000,4000,4000,4000,4000,4000,4000,4000,4000
-999.999,-999.999,-999.995,352.617,-999.998,-999.999,-999.49,-999.991,-996.296
-1000,-1000,-1000,330.81,-1000,-999.981,-1000,-1000,-1000
141.178,-999.999,-1000,-1000,-999.999,-1000,-999.896,-1000,-1000
-966.873,-974.06,-969.485,312.302,-968.745,-976.719,-976.409,-979.289,-972.88
420.273,418.544,419.724,419.094,418.796,419.076,418.383,505.219,414.237
543.154,543.248,543.303,543.35,543.949,543.343,543.315,543.34,543.165
531.469,531.296,531.523,531.397,531.468,531.502,531.427,531.349,531.494
1458.32,1457.96,1457.54,1459.01,1458.71,1459.04,1457.77,1459.41,1457.94
4000,4000,4000,4000,4000,4000,4000,4000,4000
4000,4000,4000,4000,4000,4000,4000,4000,4000
4000,4000,4000,4000,4000,4000,4000,4000,4000
4000,4000,4000,4000,4000,4000,4000,4000,4000
4000,4000,4000,4000,4000,4000,4000,4000,4000
4000,4000,4000,4000,4000,4000,4000,4000,4000
496.888,496.874,496.91,496.978,496.508,496.386,496.915,497.047,496.951
365.522,-869.059,-873.53,-872.135,-864.401,-874.279,-862.328,-877.523,-875.888
-417.543,-424.764,-422.043,-418.955,-423.783,370.351,-419.767,-424.215,-419.035
531.429,531.42,531.403,531.433,531.292,531.358,531.289,531.088,531.289
574.445,574.891,574.748,574.534,574.425,574.753,574.703,574.956,574.707
585.82,585.499,585.669,585.768,585.698,585.466,585.641,585.632,585.658
721.534,721.547,721.679,721.31,721.548,721.211,721.421,721.689,721.116
3730.88,3730.34,3736.22,3730,3731.28,3732.89,3731.34,3737.62,3730.28
4000,4000,4000,4000,4000,4000,4000,4000,4000
4000,4000,4000,4000,4000,4000,4000,4000,4000
4000,4000,4000,4000,4000,4000,4000,4000,4000
4000,4000,4000,4000,4000,4000,4000,4000,4000
4000,4000,4000,4000,4000,4000,4000,4000,4000
4000,4000,4000,4000,4000,4000,4000,4000,4000
-315.558,-313.064,-313.585,-313.041,-311.933,-312.603,360.015,-314.784,-308.611
-998.57,-991.603,-989.95,-984.843,350.566,-980.416,-992.45,-991.491,-998.571
-968.553,-960.729,-968.549,-965.224,-966.602,379.337,-962.34,-953.202,-966.624
442.521,363.339,365.038,363.917,365.453,363.902,364.365,364.308,364.328
594.467,594.162,594.146,594.585,594.491,594.492,594.153,594.157,594.464
665.261,665.195,665.082,664.981,665.043,665.053,665.417,665.263,665.171
782.015,782.168,781.809,782.049,781.972,781.502,781.636,782.009,781.952
3603.57,3607.11,3605.85,3605.4,3604.69,3605.86,3604.92,3604.35,3604.9
4000,4000,4000,4000,4000,4000,4000,4000,4000
4000,4000,4000,4000,4000,4000,4000,4000,4000
4000,4000,4000,4000,4000,4000,4000,4000,4000
4000,4000,4000,4000,4000,4000,4000,4000,4000
4000,4000,4000,4000,4000,4000,4000,4000,4000
4000,4000,4000,4000,4000,4000,4000,4000,4000
-683.749,-684.572,349.082,-682.811,-682.564,-675.621,-683.806,-682.804,-683.208
-999.996,-999.996,-999.749,-997.344,-999.508,-996.71,272.626,-999.951,-999.966
-999.759,-999.998,-1000,-999.951,-999.905,-998.36,-996.979,-996.456,301.366
-964.874,423.667,-973.243,-966.877,-963.832,-963.251,-965.463,-953.317,-959.921
523.21,523.122,523.224,523.078,523.216,522.995,523.253,523.268,523.099
587.815,587.707,587.738,587.643,587.853,587.723,587.682,587.84,587.878
612.515,612.273,612.348,612.464,611.384,612.238,612.311,611.995,611.934
3155.33,3158.44,3156.37,3152.87,3152.78,3152.43,3155.36,3155.07,3159.7
4000,4000,4000,4000,4000,4000,4000,4000,4000
4000,4000,4000,4000,4000,4000,4000,4000,4000
4000,4000,4000,4000,4000,4000,4000,4000,4000
4000,4000,4000,4000,4000,4000,4000,4000,4000
4000,4000,4000,4000,4000,4000,4000,4000,4000
4000,4000,4000,4000,4000,4000,4000,4000,4000
-285.981,-284.548,-284.142,-284.198,-285.985,-283.855,-284.201,-284.275,359.23
-996.004,-997.273,-998.392,-999.823,235.715,-999.091,-999.998,-999.997,-999.476
-999.831,-999.745,-997.478,-1000,167.924,-999.751,-999.999,-999.654,-999.341
-990.689,-993.426,-998.768,-990.528,-997.367,-995.861,-990.649,351.907,-990.411
503.228,503.217,503.245,503.246,502.93,502.999,503.138,502.791,503.23
555.682,555.666,555.551,555.541,554.744,555.676,555.701,555.729,555.644
615.391,615.686,615.61,615.697,615.545,615.821,615.592,615.745,615.56
3243.55,3237.37,3237.73,3240.34,3237.82,3240.74,3237.79,3244.48,3244.09
4000,4000,4000,4000,4000,4000,4000,4000,4000
4000,4000,4000,4000,4000,4000,4000,4000,4000
4000,4000,4000,4000,4000,4000,4000,4000,4000
4000,4000,4000,4000,4000,4000,4000,4000,4000
4000,4000,4000,4000,4000,4000,4000,4000,4000
4000,4000,4000,4000,4000,4000,4000,4000,4000
509.854,510.013,508.921,509.965,510.016,509.983,509.892,510.088,508.981
-758.558,-747.434,-756.284,-747.202,-758.476,-755.341,360.041,-757.163,-758.729
-957.179,348.476,-961.96,-954.647,-961.322,-961.852,-954.156,-959.946,-957.424
-992.294,-995.384,-995.384,-988.803,-995.339,-990.438,-991.975,-993.89,367.162
445.252,445.354,444.988,445.354,445.378,445.255,445.197,445.334,445.821
513.622,513.835,513.952,513.811,513.789,513.816,513.616,513.726,513.709
527.82,527.76,527.874,527.906,528.134,528.101,528.103,527.927,527.93
2846.6,2841.91,2847.58,2847.86,2843.22,2842.89,2845.67,2845.59,2846.46
4000,4000,4000,4000,4000,4000,4000,4000,4000
4000,4000,4000,4000,4000,4000,4000,4000,4000
4000,4000,4000,4000,4000,4000,4000,4000,4000
4000,4000,4000,4000,4000,4000,4000,4000,4000
4000,4000,4000,4000,4000,4000,4000,4000,4000
4000,4000,4000,4000,4000,4000,4000,4000,4000
-567.828,-569,-567.274,150.222,-564.37,-568.405,-566.322,-567.93,-568.461
-999.803,-999.961,23.4751,-1000,-999.994,-999.999,-999.998,-999.999,-999.997
-999.994,102.414,-1000,-999.978,-999.654,-999.891,-1000,-999.998,-999.995
-982.573,316.298,-992.4,-989.393,-993.791,-991.62,-993.789,-993.429,-989.303
464.841,464.843,465.223,464.249,464.84,464.708,464.819,464.953,465.011
491.194,491.106,491.197,491.238,491.118,491.302,490.801,491.07,491.196
537.379,537.191,537.44,536.915,537.252,537.231,537.171,536.963,537.479
3245.3,3243.33,3246.13,3245.83,3245.36,3244.71,3244.92,3243.73,3247.43
4000,4000,4000,4000,4000,4000,4000,4000,4000
4000,4000,4000,4000,4000,4000,4000,4000,4000
4000,4000,4000,4000,4000,4000,4000,4000,4000
4000,4000,4000,4000,4000,4000,4000,4000,4000
4000,4000,4000,4000,4000,4000,4000,4000,4000
4000,4000,4000,4000,4000,4000,4000,4000,4000
-999.81,-999.809,-999.81,-244.979,-999.725,-999.81,-999.81,-999.81,-999.79
-1000,-1000,-1000,-1000,120.915,-1000,-1000,-1000,-1000
-999.917,-1000,-999.992,-999.975,-999.999,-999.98,-999.996,-999.977,337.625
-830.506,-830.393,-832.731,-826.834,-825.597,-826.435,-828.058,-821.391,448.864
467.83,468.284,468.22,468.143,468.155,490.793,468.196,467.927,468.191
490.578,490.234,490.604,490.169,490.597,490.392,490.425,490.315,490.589
473.558,473.609,473.295,473.481,473.415,473.233,473.401,473.469,473.223
3030.88,3033.61,3036.11,3035.49,3031.85,3036.05,3034.02,3034.59,3032.31
4000,4000,4000,4000,4000,4000,4000,4000,4000
4000,4000,4000,4000,4000,4000,4000,4000,4000
4000,4000,4000,4000,4000,4000,4000,4000,4000
4000,4000,4000,4000,4000,4000,4000,4000,4000
4000,4000,4000,4000,4000,4000,4000,4000,4000
4000,4000,4000,4000,4000,4000,4000,4000,4000
96.9025,373.081,97.5277,97.0547,96.5954,96.5321,97.5064,96.7209,95.9522
-988.876,-989.584,-987.518,302.975,-987.132,-989.709,-990.142,-987.661,-990.639
-999.313,393.021,-998.795,-999.995,-999.932,-999.675,-999.66,-999.923,-999.318
483.321,-999.997,-999.806,-999.992,-999.994,-999.987,-999.995,-999.998,-999.983
-586.355,-579.923,-583.964,-580.11,-582.609,586.95,-594.501,-573.016,-576.021
548.039,548.177,578.151,548.065,548.093,548.352,548.343,548.286,548.148
493.173,493.804,503.006,493.647,493.476,493.802,493.708,493.463,493.712
801.002,801.467,801.595,801.814,801.326,801.266,801.557,801.739,801.357
4000,4000,4000,4000,4000,4000,4000,4000,4000
4000,4000,4000,4000,4000,4000,4000,4000,4000
4000,4000,4000,4000,4000,4000,4000,4000,4000
4000,4000,4000,4000,4000,4000,4000,4000,4000
4000,4000,4000,4000,4000,4000,4000,4000,4000
4000,4000,4000,4000,4000,4000,4000,4000,4000
-999.885,-999.952,-999.999,-999.999,-999.871,319.65,-999.999,-999.999,-999.999
-999.998,-1000,-1000,-1000,-1000,-1000,427.688,-1000,-999.999
-999.942,-1000,-1000,-999.734,-999.999,-1000,511.718,-999.998,-999.999
-996.543,589.557,-997.33,-998.56,-991.786,-999.356,-999.257,-998.066,-999.196
-829.896,-810.315,-811.974,-822.758,-821.553,600.613,-821.552,-810.621,-814.303
542.939,542.683,585.631,542.475,542.847,543.254,542.554,542.821,542.981
511.256,511.499,527.59,511.41,511.221,511.426,511.411,511.215,511.341
531.326,531.646,531.57,531.635,531.553,531.495,531.655,531.623,531.634
4000,4000,4000,4000,4000,4000,4000,4000,4000
4000,4000,4000,4000,4000,4000,4000,4000,4000
4000,4000,4000,4000,4000,4000,4000,4000,4000
4000,4000,4000,4000,4000,4000,4000,4000,4000
4000,4000,4000,4000,4000,4000,4000,4000,4000
4000,4000,4000,4000,4000,4000,4000,4000,4000
-999.974,-999.975,-999.968,-999.963,-999.861,-999.996,453.433,-999.165,-999.941
-999.928,-999.967,-999.984,-999.999,-999.723,-1000,-999.89,-999.575,436.891
-999.769,-992.372,-999.546,-995.907,-999.159,-998.103,540.17,-999.979,-999.706
590.073,-989.239,-982.533,-989.561,-991.126,-990.523,-984.737,-986.242,-996.15
-912.681,-910.557,-900.976,-897.304,607.335,-890.004,-898.419,-916.916,-900.198
560.614,561.44,560.559,560.792,560.081,560.733,560.322,560.275,589.295
521.069,521.086,520.697,520.849,520.963,537.137,521.089,520.816,521.129
587.738,587.89,587.733,587.825,587.924,587.848,587.928,587.812,587.816
4000,4000,4000,4000,4000,4000,4000,4000,4000
4000,4000,4000,4000,4000,4000,4000,4000,4000
4000,4000,4000,4000,4000,4000,4000,4000,4000
4000,4000,4000,4000,4000,4000,4000,4000,4000
4000,4000,4000,4000,4000,4000,4000,4000,4000
4000,4000,4000,4000,4000,4000,4000,4000,4000
-999.902,357.974,-999.432,-997.987,-999.492,-999.568,-999.75,-999.996,-999.922
-1000,352.788,-999.999,-999.998,-999.995,-1000,-1000,-1000,-1000
502.811,-995.58,-994.459,-994.74,-995.397,-995.042,-995.272,-995.25,-994.243
-239.821,-245.045,-247.976,546.392,-235.134,-249.486,-244.483,-246.697,-249.599
428.572,427.77,425.249,592.273,426.204,423.634,426.537,426.795,425.13
563.15,562.967,562.554,582.256,563.054,562.703,563.089,562.429,563.025
525.232,525.151,524.966,525.019,525.17,525.124,525.23,540.164,525.206
1514.94,1512.79,1514.71,1512.9,1513.22,1514.14,1514.32,1512.46,1514.16
4000,4000,4000,4000,4000,4000,4000,4000,4000
4000,4000,4000,4000,4000,4000,4000,4000,4000
4000,4000,4000,4000,4000,4000,4000,4000,4000
4000,4000,4000,4000,4000,4000,4000,4000,4000
4000,4000,4000,4000,4000,4000,4000,4000,4000
4000,4000,4000,4000,4000,4000,4000,4000,4000
-626.327,-624.137,-625.046,347.855,-625.073,-621.226,-620.783,-623.911,-623.967
-999.964,-998.136,-1000,-990.736,-998.365,318.586,-999.632,-999.91,-1000
-995.879,-997.194,-995.514,-999.853,275.824,-999.796,-999.915,-994.016,-999.945
-774.877,-773.247,-779.908,-778.188,-772.102,-779.457,-767.839,407.652,-774.004
581.32,581.205,581.267,581.493,581.334,581.353,581.195,581.117,581.159
588.796,588.727,588.7,588.562,588.902,588.626,588.869,588.893,588.907
842.953,842.666,842.912,842.92,842.358,843.17,843.252,842.54,843.143
3863.73,3863.99,3865.41,3863.63,3860.23,3859.34,3858.27,3859.74,3864.52
4000,4000,4000,4000,4000,4000,4000,4000,4000
4000,4000,4000,4000,4000,4000,4000,4000,4000
4000,4000,4000,4000,4000,4000,4000,4000,4000
4000,4000,4000,4000,4000,4000,4000,4000,4000
4000,4000,4000,4000,4000,4000,4000,4000,4000
4000,4000,4000,4000,4000,4000,4000,4000,4000
-782.99,360.949,-783.648,-782.811,-783.141,-782.383,-783.071,-778.777,-782.864
-1000,-1000,-998.661,265.763,-999.919,-998.995,-998.576,-993.277,-996.946
-999.974,-997.189,-997.809,-995.451,-999.219,-1000,-999.497,323.559,-999.793
-558.216,-556.261,390.289,-547.024,-556.214,-555.443,-540.031,-555.083,-558.058
603.232,602.635,602.969,603.258,602.185,603.061,603.15,602.856,603.118
680.877,680.583,680.302,680.617,680.726,680.514,681.061,680.989,680.999
888.998,888.112,889.131,888.955,888.56,888.444,888.917,889.077,888.708
3793.54,3795.39,3794.51,3794.32,3795.54,3793.31,3793.75,3793.63,3788.58
4000,4000,4000,4000,4000,4000,4000,4000,4000
4000,4000,4000,4000,4000,4000,4000,4000,4000
4000,4000,4000,4000,4000,4000,4000,4000,4000
4000,4000,4000,4000,4000,4000,4000,4000,4000
4000,4000,4000,4000,4000,4000,4000,4000,4000
4000,4000,4000,4000,4000,4000,4000,4000,4000
319.856,321.838,323.416,318.888,320.391,322.354,324.412,320.087,423.38
-999.898,-999.998,-999.997,213.468,-999.996,-999.998,-995.475,-992.134,-999.996
-983.071,-995.718,-999.597,-999.65,-998.3,347.046,-995.052,-998.416,-995.958
-916.78,-914.157,-912.616,-926.323,-929.149,378.856,-910.952,-928.5,-911.578
530.416,530.505,529.502,530.52,529.975,530.483,530.526,530.493,530.564
584.423,584.117,584.299,584.448,584.239,584.02,584.502,584.194,584.482
644.562,644.543,644.777,644.707,644.695,644.831,644.777,644.618,644.308
3472.6,3473.36,3474.85,3475.29,3474.02,3479.65,3473.63,3475.04,3473.86
4000,4000,4000,4000,4000,4000,4000,4000,4000
4000,4000,4000,4000,4000,4000,4000,4000,4000
4000,4000,4000,4000,4000,4000,4000,4000,4000
4000,4000,4000,4000,4000,4000,4000,4000,4000
4000,4000,4000,4000,4000,4000,4000,4000,4000
4000,4000,4000,4000,4000,4000,4000,4000,4000
15.5899,16.6929,396.404,18.4878,13.1226,15.3334,18.3058,12.3201,20.5916
318.785,-996.848,-999.596,-982.909,-997.12,-999.444,-994.008,-999.749,-999.535
-998.168,252.687,-1000,-996.378,-1000,-999.876,-999.932,-998.228,-999.969
-995.614,-998.612,-997.736,-997.958,315.811,-995.431,-997.018,-999.518,-999.757
458.869,458.83,458.916,458.936,457.737,458.84,458.922,458.847,458.902
498.413,498.38,498.472,498.444,498.151,498.27,498.461,498.217,498.431
517.642,517.945,517.668,517.757,517.782,517.871,517.848,517.946,518.006
3148.02,3148.44,3154.59,3150.19,3150.35,3149.54,3149.07,3154.28,3150.46
4000,4000,4000,4000,4000,4000,4000,4000,4000
4000,4000,4000,4000,4000,4000,4000,4000,4000
4000,4000,4000,4000,4000,4000,4000,4000,4000
4000,4000,4000,4000,4000,4000,4000,4000,4000
4000,4000,4000,4000,4000,4000,4000,4000,4000
4000,4000,4000,4000,4000,4000,4000,4000,4000
510.946,511.942,511.43,511.81,511.954,511.608,511.419,511.779,511.783
-989.556,-977.922,-992.405,-989.165,-991.399,-991.51,-991.426,-990.79,359.716
-984.939,-984.922,-973.083,-980.864,-979.684,-978.244,326.861,-978.445,-975.179
-793.878,-783.394,387.49,-791.839,-784.913,-789.654,-792.006,-794.312,-790.758
517.551,517.865,517.989,517.781,517.009,517.776,517.875,517.995,517.941
544.413,544.376,544.289,544.262,544.378,544.208,544.279,544.501,544.461
584.481,584.368,584.405,584.338,584.064,584.07,584.344,584.127,584.451
3446.48,3442.42,3440.33,3445.25,3445.3,3445.97,3445.02,3439.56,3441.39
4000,4000,4000,4000,4000,4000,4000,4000,4000
4000,4000,4000,4000,4000,4000,4000,4000,4000
4000,4000,4000,4000,4000,4000,4000,4000,4000
4000,4000,4000,4000,4000,4000,4000,4000,4000
4000,4000,4000,4000,4000,4000,4000,4000,4000
4000,4000,4000,4000,4000,4000,4000,4000,4000
506.262,506.584,506.777,506.594,506.813,506.307,506.641,506.668,506.257
-992.03,-992.089,-992.137,-989.829,-989.838,-993.276,228.388,-988.717,-983.931
-996.984,-999.995,-998.287,156.357,-998.65,-999.927,-997.442,-998.905,-999.972
-999.604,-998.6,-996.789,-997.72,196.766,-994.094,-996.837,-996.038,-997.139
417.22,417.302,417.368,417.65,416.941,416.936,416.703,417.336,417.345
466.372,466.365,466.254,465.996,466.448,466.423,466.231,466.248,466.407
453.867,454.321,454.22,454.121,454.239,454.216,454.105,454.086,454.187
2908.89,2912.86,2909.88,2913.07,2908.59,2909.2,2907.29,2912.46,2909.95
4000,4000,4000,4000,4000,4000,4000,4000,4000
4000,4000,4000,4000,4000,4000,4000,4000,4000
4000,4000,4000,4000,4000,4000,4000,4000,4000
4000,4000,4000,4000,4000,4000,4000,4000,4000
4000,4000,4000,4000,4000,4000,4000,4000,4000
4000,4000,4000,4000,4000,4000,4000,4000,4000
-115.505,242.645,-115.455,-118.495,-115.693,-117.645,-115.488,-117.21,-116.161
-1000,-999.932,-999.849,-999.982,-77.1955,-999.874,-999.992,-999.914,-999.999
-999.978,-999.999,-999.982,-999.723,-999.943,-999.969,126.689,-999.918,-999.979
-966.336,-964.411,-956.411,-966.079,-963.324,415.434,-964.35,-966.354,-963.742
492.261,492.128,506.657,492.086,491.058,492.148,492.06,492.106,492.284
496.001,496.044,495.92,495.793,495.899,495.882,495.789,496.038,496.015
488.38,488.755,488.792,488.497,488.763,488.495,488.688,488.567,488.755
3170.86,3169.19,3169.72,3168.84,3165.13,3170.02,3168.19,3168.78,3169.99
4000,4000,4000,4000,4000,4000,4000,4000,4000
4000,4000,4000,4000,4000,4000,4000,4000,4000
4000,4000,4000,4000,4000,4000,4000,4000,4000
4000,4000,4000,4000,4000,4000,4000,4000,4000
4000,4000,4000,4000,4000,4000,4000,4000,4000
4000,4000,4000,4000,4000,4000,4000,4000,4000
284.989,-999.97,-999.999,-999.987,-999.999,-999.999,-1000,-999.849,-1000
-1000,-1000,-1000,-999.998,-1000,-999.804,-1000,-1000,303.577
-1000,-999.317,-1000,-999.812,-999.988,-998.88,-999.945,-1000,482.904
-997.611,-1000,-999.909,-1000,527.002,-993.051,-999.903,-999.942,-1000
-662.158,568.699,-664.483,-673.747,-658.17,-648.287,-666.003,-667.25,-659.98
529.627,529.768,550.766,529.852,529.862,529.838,529.826,529.644,529.869
489.727,489.236,499.358,489.434,489.708,489.753,489.455,489.507,489.637
1160.73,1159.98,1160.82,1160.36,1160.83,1160.06,1159.36,1159.34,1159.86
4000,4000,4000,4000,4000,4000,4000,4000,4000
4000,4000,4000,4000,4000,4000,4000,4000,4000
4000,4000,4000,4000,4000,4000,4000,4000,4000
4000,4000,4000,4000,4000,4000,4000,4000,4000
4000,4000,4000,4000,4000,4000,4000,4000,4000
4000,4000,4000,4000,4000,4000,4000,4000,4000
-999.897,-999.995,-998.374,-999.978,434.099,-1000,-999.979,-999.105,-996.92
-1000,-1000,-999.998,-1000,-1000,-1000,467.478,-1000,-999.907
-999.998,506.87,-1000,-999.28,-1000,-1000,-1000,-1000,-999.989
537.986,-999.328,-998.788,-999.971,-999.101,-997.723,-999.725,-999.42,-999.826
-467.182,-470.424,561.706,-462.421,-468.167,-461.102,-465.834,-474.108,-466.226
542.046,542.071,549.223,541.794,542.04,541.382,541.991,542.017,541.991
504.665,504.474,515.694,504.71,504.625,504.668,504.756,504.436,504.747
1471.15,1471.92,1471.21,1470.04,1471.6,1469.41,1469.85,1470.43,1469.89
4000,4000,4000,4000,4000,4000,4000,4000,4000
4000,4000,4000,4000,4000,4000,4000,4000,4000
4000,4000,4000,4000,4000,4000,4000,4000,4000
4000,4000,4000,4000,4000,4000,4000,4000,4000
4000,4000,4000,4000,4000,4000,4000,4000,4000
4000,4000,4000,4000,4000,4000,4000,4000,4000
-999.254,-999.253,-999.254,-999.253,-999.025,-998.719,-999.253,-998.646,98.9067
184.18,-999.967,-999.983,-999.942,-999.955,-999.957,-1000,-999.997,-999.981
-996.114,-998.271,-997.589,-994.06,118.693,-998.734,-998.183,-997.464,-996.602
-799.301,-799.01,-797.634,-793.622,260.248,-786.877,-798.7,-806.217,-804.015
543.598,543.296,543.641,543.558,543.223,542.679,543.498,543.475,543.083
541.315,541.359,541.156,541.168,541.327,541.208,541.421,541.483,541.034
530.416,530.292,530.266,530.296,530.435,530.273,530.435,530.403,529.663
2408.69,2409.61,2410.05,2410.01,2408.6,2413.05,2409.82,2411.64,2409.34
4000,4000,4000,4000,4000,4000,4000,4000,4000
4000,4000,4000,4000,4000,4000,4000,4000,4000
4000,4000,4000,4000,4000,4000,4000,4000,4000
4000,4000,4000,4000,4000,4000,4000,4000,4000
4000,4000,4000,4000,4000,4000,4000,4000,4000
4000,4000,4000,4000,4000,4000,4000,4000,4000
-999.136,349.989,-999.378,-999.826,-999.928,-999.996,-999.996,-999.998,-999.999
430.674,-1000,-1000,-999.903,-1000,-999.745,-999.891,-999.372,-1000
-1000,-998.698,-1000,-999.512,-1000,-1000,440.823,-1000,-999.164
546.765,-986.933,-980.774,-983.949,-984.172,-983.008,-981.892,-979.146,-982.7
592.926,323.074,290.931,312.339,323.775,297.825,332.155,317.577,313.384
570.851,592.276,570.609,570.609,570.834,570,570.75,570.458,570.047
527.879,527.583,527.886,527.675,527.762,528.027,527.609,542.936,527.794
1736.68,1735.51,1734.67,1733.61,1736.84,1735.13,1735.27,1736.3,1735.2
4000,4000,4000,4000,4000,4000,4000,4000,4000
4000,4000,4000,4000,4000,4000,4000,4000,4000
4000,4000,4000,4000,4000,4000,4000,4000,4000
4000,4000,4000,4000,4000,4000,4000,4000,4000
4000,4000,4000,4000,4000,4000,4000,4000,4000
4000,4000,4000,4000,4000,4000,4000,4000,4000
806.58,806.761,806.72,807.232,807.035,806.872,806.335,806.682,807.385
-681.347,-687.561,-687.441,-674.391,398.718,-683.015,-687.591,-673.158,-683.443
-505.971,-508.958,-508.172,-502.093,-508.856,-503.884,-508.709,-506.888,408.994
-5.56617,-7.40673,-4.2285,-5.30209,-13.7293,-12.0662,-7.93957,444.424,-9.41618
582.729,582.686,582.482,582.667,582.542,582.799,582.57,582.76,582.653
577.547,577.484,577.6,577.441,577.471,577.487,577.493,577.411,577.145
762.896,763.116,762.582,762.883,762.376,762.885,762.896,763.208,762.572
3863.65,3863.15,3868.78,3865.09,3868.9,3868.51,3869.06,3867.24,3860.99
4000,4000,4000,4000,4000,4000,4000,4000,4000
4000,4000,4000,4000,4000,4000,4000,4000,4000
4000,4000,4000,4000,4000,4000,4000,4000,4000
4000,4000,4000,4000,4000,4000,4000,4000,4000
4000,4000,4000,4000,4000,4000,4000,4000,4000
4000,4000,4000,4000,4000,4000,4000,4000,4000
-747.732,-747.827,-747.864,-747.294,-739.626,-747.839,-741.716,344.292,-739.401
-999.989,-999.624,299.765,-999.929,-992.272,-999.99,-999.081,-997.532,-995.263
-999.336,-998.366,-1000,-999.51,-998.822,-1000,-999.421,-999.986,316.83
-977.548,-978.684,407.476,-973.491,-980.588,-968.477,-960.589,-965.213,-977.133
532.152,532.413,532.002,532.252,532.32,531.757,532.493,532.324,532.308
638.03,638.209,638.623,638.223,638.588,638.523,638.554,638.633,638.625
800.683,800.221,801.028,800.312,799.019,800.863,800.727,801.092,801.023
3671.07,3678.27,3670.63,3671.74,3671.56,3678.44,3671.54,3678.91,3677.92
4000,4000,4000,4000,4000,4000,4000,4000,4000
4000,4000,4000,4000,4000,4000,4000,4000,4000
4000,4000,4000,4000,4000,4000,4000,4000,4000
4000,4000,4000,4000,4000,4000,4000,4000,4000
4000,4000,4000,4000,4000,4000,4000,4000,4000
4000,4000,4000,4000,4000,4000,4000,4000,4000
607.233,607.298,607.317,607.518,607.023,607.328,607.218,607.346,607.501
-599.688,-596.7,-591.83,-588.213,-587.731,-600.221,-599.581,341.196,-593.492
-769.714,-769.269,-766.551,-769.712,393.955,-758.688,-771.244,-765.664,-754.442
283.685,284.778,283.115,283.83,283.304,284.251,282.973,284.966,419.661
548.204,548.038,547.949,548.13,548.057,548.282,548.138,548.024,548.061
566.674,566.801,566.491,566.82,566.467,566.579,566.769,566.715,566.676
603.175,603.395,603.688,603.689,603.354,603.63,603.33,603.211,603.386
3490.31,3490.33,3495.08,3495.65,3495.85,3495.86,3489.72,3488.65,3493.82
4000,4000,4000,4000,4000,4000,4000,4000,4000
4000,4000,4000,4000,4000,4000,4000,4000,4000
4000,4000,4000,4000,4000,4000,4000,4000,4000
4000,4000,4000,4000,4000,4000,4000,4000,4000
4000,4000,4000,4000,4000,4000,4000,4000,4000
4000,4000,4000,4000,4000,4000,4000,4000,4000
372.957,373.415,370.549,386.208,372.981,371.564,373.017,372.332,369.213
-999.296,-993.572,-999.471,-999.674,-994.42,-989.144,315.317,-994.44,-999.673
-998.62,-997.366,-998.956,-996.531,280.385,-999.022,-1000,-999.999,-999.985
-958.57,-963.419,-952.514,-954.629,-954.852,374.188,-964.437,-957.414,-962.652
490.506,490.565,490.497,490.428,490.544,490.316,490.58,490.529,490.592
547.896,548.021,548.009,548.004,547.868,547.854,548.097,547.893,548.097
599.875,600.053,599.959,599.845,599.643,599.843,600.015,599.841,600.12
3473.35,3473.2,3472.08,3478.59,3479.38,3479.3,3472.06,3472.11,3479.24
4000,4000,4000,4000,4000,4000,4000,4000,4000
4000,4000,4000,4000,4000,4000,4000,4000,4000
4000,4000,4000,4000,4000,4000,4000,4000,4000
4000,4000,4000,4000,4000,4000,4000,4000,4000
4000,4000,4000,4000,4000,4000,4000,4000,4000
4000,4000,4000,4000,4000,4000,4000,4000,4000
570.964,571.086,570.912,570.917,570.689,570.871,570.887,571.074,570.859
-977.915,362.46,-977.202,-984.167,-984.548,-983.815,-981.717,-976.932,-978.722
-990.522,-989.859,-996.815,-987.121,-994.908,-996.808,360.666,-996.479,-991.129
-990.58,-983.686,-991.133,-993.791,-989.96,343.192,-985.176,-994.799,-981.854
475.247,475.354,475.219,475.344,475.227,475.335,475.356,475.201,475.21
517.089,516.903,516.927,516.721,516.528,517.078,516.995,517.076,516.827
533.625,533.694,533.741,533.613,533.602,533.391,533.692,533.761,533.578
3215.27,3211.77,3210.87,3210.73,3215.49,3208.91,3208.39,3215.5,3208.49
4000,4000,4000,4000,4000,4000,4000,4000,4000
4000,4000,4000,4000,4000,4000,4000,4000,4000
4000,4000,4000,4000,4000,4000,4000,4000,4000
4000,4000,4000,4000,4000,4000,4000,4000,4000
4000,4000,4000,4000,4000,4000,4000,4000,4000
4000,4000,4000,4000,4000,4000,4000,4000,4000
-546.06,-549.729,-550.407,-548.284,-549.617,-548.823,-549.458,87.3403,-549.955
-999.657,-999.994,-1000,-999.945,-999.721,33.9655,-999.977,-999.994,-999.158
-999.997,-1000,-999.998,-1000,-999.998,-999.989,-999.993,-16.6918,-999.999
-997.285,266.286,-992.772,-997.439,-998.829,-999.2,-996.196,-997.7,-999.608
437.93,437.839,437.453,437.657,437.844,437.349,437.709,437.293,448.438
458.827,459.179,459.834,459.582,459.799,459.738,459.819,458.426,459.697
487.767,487.794,488.202,488.348,488.349,488.352,488.328,488.222,487.783
3418.81,3418.94,3420.72,3417.91,3424.75,3419.99,3426.3,3420.79,3422.35
4000,4000,4000,4000,4000,4000,4000,4000,4000
4000,4000,4000,4000,4000,4000,4000,4000,4000
4000,4000,4000,4000,4000,4000,4000,4000,4000
4000,4000,4000,4000,4000,4000,4000,4000,4000
4000,4000,4000,4000,4000,4000,4000,4000,4000
4000,4000,4000,4000,4000,4000,4000,4000,4000
-930.744,-927.846,-930.334,-61.1935,-930.025,-928.935,-927.287,-929.091,-931.071
-999.977,65.0462,-1000,-999.973,-999.857,-999.73,-999.998,-1000,-1000
-999.996,-999.943,-999.849,263.596,-999.911,-999.95,-999.995,-999.527,-999.557
-998.642,352.351,-999.142,-996.894,-999.145,-998.628,-999.096,-999.107,-997.137
247.087,245.506,246.626,247.953,247.229,520.135,247.76,247.273,247.673
507.25,507.296,516.895,507.186,506.655,506.909,507.042,507.263,507.32
460.908,461.013,466.54,460.995,460.436,461.072,460.924,461.105,461.084
2953.9,2950.45,2948.76,2949.12,2951.22,2953.07,2948.31,2953.04,2954.11
4000,4000,4000,4000,4000,4000,4000,4000,4000
4000,4000,4000,4000,4000,4000,4000,4000,4000
4000,4000,4000,4000,4000,4000,4000,4000,4000
4000,4000,4000,4000,4000,4000,4000,4000,4000
4000,4000,4000,4000,4000,4000,4000,4000,4000
4000,4000,4000,4000,4000,4000,4000,4000,4000
-999.999,-999.999,-999.998,149.604,-999.951,-999.999,-999.999,-999.97,-999.96
-1000,325.117,-1000,-1000,-1000,-1000,-1000,-1000,-1000
-1000,-1000,472.608,-1000,-998.392,-999.998,-1000,-999.996,-1000
-998.914,-999.279,-997.696,465.697,-999.569,-999.348,-998.63,-997.174,-998.166
366.631,366.491,536.189,365.378,366.894,362.254,366.394,365.961,366.6
529.853,529.833,549.794,529.827,529.529,529.957,529.221,529.825,529.922
488.477,488.159,496.051,488.55,488.227,488.222,488.364,488.341,488.595
3457.18,3456.39,3456.87,3457.09,3456.44,3454.25,3459.61,3458.05,3456.83
4000,4000,4000,4000,4000,4000,4000,4000,4000
4000,4000,4000,4000,4000,4000,4000,4000,4000
4000,4000,4000,4000,4000,4000,4000,4000,4000
4000,4000,4000,4000,4000,4000,4000,4000,4000
4000,4000,4000,4000,4000,4000,4000,4000,4000
4000,4000,4000,4000,4000,4000,4000,4000,4000
-999.95,-999.987,198.681,-1000,-999.974,-999.977,-999.999,-999.996,-1000
-998.555,-998.835,-1000,-1000,-1000,-999.999,269.718,-1000,-1000
-999.854,460.374,-1000,-1000,-1000,-999.991,-1000,-1000,-1000
539.301,-999.999,-997.826,-999.989,-999.937,-1000,-999.197,-999.993,-999.984
168.148,536.072,168.167,167.247,168.626,169.248,167.414,166.688,165.225
527.587,527.478,527.606,527.668,527.183,535.752,527.772,526.892,527.175
528.085,527.999,527.808,527.854,527.902,527.952,527.805,528.035,528.012
3305.75,3301.51,3305.66,3301.65,3301.86,3304.88,3301.51,3301.21,3302.45
4000,4000,4000,4000,4000,4000,4000,4000,4000
4000,4000,4000,4000,4000,4000,4000,4000,4000
4000,4000,4000,4000,4000,4000,4000,4000,4000
4000,4000,4000,4000,4000,4000,4000,4000,4000
4000,4000,4000,4000,4000,4000,4000,4000,4000
4000,4000,4000,4000,4000,4000,4000,4000,4000
-944.852,-944.363,-945.474,-944.183,-943.925,-944.37,421.453,-945.784,-945.286
-999.999,-999.996,-999.997,-999.994,-999.457,-999.998,-999.998,-999.972,427.549
-999.965,-999.992,-999.98,-999.971,-999.975,-999.996,478.36,-999.998,-999.983
-980.576,-979.392,-981.346,-977.912,-980.183,-980.184,443.912,-980.62,-979.204
475.275,378.893,378.301,378.321,379.072,379.653,379.305,380.803,380
542.995,543.017,543.158,543.077,543.07,543.051,543.847,542.741,543.106
545.762,545.838,545.997,545.974,545.813,546.092,545.957,546.917,546.123
3649.01,3648.71,3648.99,3648.51,3655.49,3654.13,3655.98,3655.89,3648.43
4000,4000,4000,4000,4000,4000,4000,4000,4000
4000,4000,4000,4000,4000,4000,4000,4000,4000
4000,4000,4000,4000,4000,4000,4000,4000,4000
4000,4000,4000,4000,4000,4000,4000,4000,4000
4000,4000,4000,4000,4000,4000,4000,4000,4000
4000,4000,4000,4000,4000,4000,4000,4000,4000
-996.845,344.898,-997.174,-995.101,-997.966,-997.972,-997.541,-997.605,-997.341
-999.999,-1000,-999.841,439.865,-999.994,-999.998,-999.549,-999.982,-998.518
-999.973,-999.709,-999.972,-999.773,405.034,-999.931,-998.723,-999.989,-997.866
-836.844,612.733,-832.725,-830.493,-819.213,-826.46,-823.041,-829.871,-832.828
473.964,483.066,469.566,477.567,479.023,475.833,476.391,619.948,481.58
596.828,606.808,596.595,596.667,596.734,596.631,596.912,595.9,596.768
540.497,541.333,540.503,540.502,540.525,540.489,540.528,540.48,540.462
3722.23,3722.14,3722.71,3719.94,3725.3,3725.81,3724.99,3724.8,3725.12
4000,4000,4000,4000,4000,4000,4000,4000,4000
4000,4000,4000,4000,4000,4000,4000,4000,4000
4000,4000,4000,4000,4000,4000,4000,4000,4000
4000,4000,4000,4000,4000,4000,4000,4000,4000
4000,4000,4000,4000,4000,4000,4000,4000,4000
4000,4000,4000,4000,4000,4000,4000,4000,4000
381.855,382.561,380.705,393.048,380.724,382.576,382.561,381.286,381.41
-992.749,-993.101,369.268,-986.56,-986.255,-990.989,-983.523,-992.356,-981.49
-771.949,-771.114,-775.163,-774.472,-774.784,-753.516,-767.466,-763.176,406.369
509.671,456.911,457.843,451.5,457.103,456.69,456.184,455.671,457.183
587.093,586.931,586.909,586.802,586.819,587.065,587.138,587.06,586.972
563.018,562.881,562.897,563.025,562.609,563.027,562.989,563.008,562.951
670.877,670.857,670.917,670.932,670.39,670.738,671.088,670.742,670.833
3913.69,3927.2,3916.47,3925.7,3923.37,3918.26,3923.78,3917.09,3925.84
4000,4000,4000,4000,4000,4000,4000,4000,4000
4000,4000,4000,4000,4000,4000,4000,4000,4000
4000,4000,4000,4000,4000,4000,4000,4000,4000
4000,4000,4000,4000,4000,4000,4000,4000,4000
4000,4000,4000,4000,4000,4000,4000,4000,4000
4000,4000,4000,4000,4000,4000,4000,4000,4000
-346.241,-357.058,430.98,-347.033,-357.079,-357.975,-355.951,-351.025,-355.734
-980.995,-971.61,-977.95,378.41,-975.32,-978.299,-980.177,-985.155,-985.971
-987.501,357.645,-995.936,-990.945,-996.338,-995.196,-996.857,-990.71,-987.95
-990.06,-974.879,-977.881,-987.289,-987.62,-987.16,-991.053,-969.512,416.632
513.648,513.77,513.779,513.674,513.889,513.571,513.991,513.832,513.615
591.978,591.825,591.887,591.879,591.934,591.806,591.82,591.96,591.699
757.175,757.227,756.77,757.332,757.239,756.738,756.931,756.922,756.994
3798.61,3799.14,3800.37,3801.21,3801.68,3800.99,3802.8,3806.55,3798.97
4000,4000,4000,4000,4000,4000,4000,4000,4000
4000,4000,4000,4000,4000,4000,4000,4000,4000
4000,4000,4000,4000,4000,4000,4000,4000,4000
4000,4000,4000,4000,4000,4000,4000,4000,4000
4000,4000,4000,4000,4000,4000,4000,4000,4000
4000,4000,4000,4000,4000,4000,4000,4000,4000
-292.273,-293.387,-294.159,-297.047,-290.249,383.743,-297.115,-296.754,-296.215
294.615,-999.856,-999.738,-997.412,-996.632,-995.509,-999.967,-999.861,-999.711
-999.995,-997.843,-999.593,-999.956,304.033,-999.925,-999.625,-999.992,-1000
-993.269,-992.309,-996.74,407.479,-998.112,-993.813,-998.32,-992.389,-992.029
501.092,501.026,501.064,500.911,500.957,500.92,500.806,501.014,501.085
570.803,570.721,571.06,571.021,571.074,570.869,570.923,570.847,571.116
681.791,681.996,682.375,682.098,681.923,682.049,682.312,682.283,682.437
3705.06,3701.98,3702.07,3700.58,3700.82,3702.61,3706.36,3702.63,3702.31
4000,4000,4000,4000,4000,4000,4000,4000,4000
4000,4000,4000,4000,4000,4000,4000,4000,4000
4000,4000,4000,4000,4000,4000,4000,4000,4000
4000,4000,4000,4000,4000,4000,4000,4000,4000
4000,4000,4000,4000,4000,4000,4000,4000,4000
4000,4000,4000,4000,4000,4000,4000,4000,4000
392.077,223.143,223.796,220.91,224.131,217.373,224.946,223.91,222.271
-992.812,349.665,-989.049,-998.878,-991.17,-997.308,-998.894,-996.928,-998.245
-994.487,-994.284,-993.918,-999.824,-989.669,-995.291,-994.655,-998.7,350.03
-453.121,404.174,-453.889,-457.712,-460.471,-455.082,-447.074,-446.994,-446.809
521.063,521.122,521.159,521.065,521.066,521.076,521.006,521.018,521.244
574.188,574.138,573.873,573.857,574.114,574.132,574.087,573.898,574.094
674.668,675.034,674.974,675.174,674.87,674.848,674.879,674.502,674.669
3756.61,3749.72,3755.66,3748.62,3751.89,3758.51,3748.68,3749.94,3748.81
4000,4000,4000,4000,4000,4000,4000,4000,4000
4000,4000,4000,4000,4000,4000,4000,4000,4000
4000,4000,4000,4000,4000,4000,4000,4000,4000
4000,4000,4000,4000,4000,4000,4000,4000,4000
4000,4000,4000,4000,4000,4000,4000,4000,4000
4000,4000,4000,4000,4000,4000,4000,4000,4000
761.029,761.378,760.751,760.712,760.628,760.855,760.811,761.159,761.091
-777.75,-775.752,-779.681,392.725,-778.612,-767.815,-770.055,-774.137,-762.247
-999.849,-994.548,-998.837,-999.171,-996.701,-999.413,-999.498,345.949,-999.777
-789.031,403.491,-805.47,-810.948,-793.149,-806.524,-805.116,-811.999,-807.38
542.312,542.039,542.275,542.208,542.168,542.18,542.154,542.347,542.279
566.878,566.716,566.995,566.947,566.78,567.021,567.07,566.787,567.017
657.498,657.377,657.419,657.149,657.493,657.185,657.435,656.991,657.206
3672.77,3674.24,3679.91,3671.75,3673.43,3680.76,3680.17,3673.15,3672.84
4000,4000,4000,4000,4000,4000,4000,4000,4000
4000,4000,4000,4000,4000,4000,4000,4000,4000
4000,4000,4000,4000,4000,4000,4000,4000,4000
