0.0376161 0.0451544 0.000987983 0.0491213 0.0447657 0.00104174 0.428121 0.390063
0.199914 0.0119371 0.00264403 0.215233 0.0119943 0.00314872 0.530814 0.0201683
0.198586 0.0552594 0.0536333 0.196757 0.0592566 0.0562367 0.244158 0.0772882
0.100142 0.0885121 0.111651 0.110071 0.0977806 0.10827 0.128261 0.110105
0.0527385 0.0547703 0.183258 0.0493374 0.0571033 0.195595 0.0657597 0.0922454
0.00256611 0.0108167 0.236031 0.0028931 0.0115932 0.196677 0.00447543 0.0163056
0.00151208 0.0743581 0.0795179 0.00172411 0.0787068 0.0815886 0.00372959 0.348624
0.00122527 0.00127405 2.50174e-05 0.0228297 0.0251909 0.000116874 0.375478 0.573654
0.053795 0.00191414 0.000395829 0.282831 0.00471484 0.000623242 0.64953 0.00523312
0.15789 0.0349927 0.0336407 0.291796 0.0451784 0.0380469 0.293619 0.067858
0.101245 0.0841223 0.102869 0.130103 0.111492 0.120142 0.139059 0.0899738
0.0315023 0.0340645 0.176483 0.0383016 0.0616972 0.258131 0.0367544 0.0471026
0.000473438 0.00313675 0.0946171 0.000951034 0.00467628 0.253597 0.000852122 0.00843822
4.25201e-05 0.00267659 0.00280985 0.000111412 0.0182574 0.0162633 0.000317169 0.526142
1.26399e-05 1.13801e-05 2.2594e-07 0.000653077 0.000674909 5.10797e-07 0.383189 0.615451
0.0605952 0.000461299 3.90658e-05 0.156934 0.000493627 6.1655e-05 0.778774 0.00232993
0.159027 0.0153868 0.00938148 0.148941 0.0177149 0.010239 0.501765 0.0814433
0.0482769 0.0346404 0.0562915 0.0666484 0.0320415 0.0484444 0.249653 0.202605
0.0114417 0.0180956 0.170784 0.0104019 0.016997 0.178443 0.0582615 0.0805979
6.32888e-05 0.000528452 0.0898121 6.32536e-05 0.000841098 0.206675 0.000404885 0.00273351
2.90962e-07 1.48533e-05 1.57894e-05 9.41208e-07 0.00111899 0.000905681 1.1186e-05 0.466794
1.30697e-05 1.21457e-05 1.26132e-07 0.0461662 0.231618 2.19235e-06 0.138704 0.583458
0.0446957 2.62874e-05 1.49124e-06 0.308225 0.000177244 1.16767e-05 0.646319 0.000334676
0.0288113 0.000995044 0.000417414 0.204823 0.00708739 0.00672355 0.380646 0.199132
0.00115441 0.00036238 0.000917231 0.0114602 0.0071708 0.00935073 0.379602 0.374599
0.000533386 0.00109071 0.0346858 0.00835739 0.0118897 0.194081 0.185511 0.184119
1.7968e-06 4.87946e-05 0.0629007 1.54702e-05 0.0002367 0.394466 0.00017266 0.000387719
1.75437e-07 9.1159e-06 9.6371e-06 2.41706e-06 0.389263 0.381509 4.80614e-06 0.124104
0.595127 0.147126 1.8284e-05 0.0389842 0.144689 0.000416009 0.015964 0.0313173
0.324175 2.72251e-05 9.48264e-07 0.536842 7.75689e-05 3.25405e-05 0.138333 0.000191055
1.17897e-08 8.62593e-12 5.3729e-12 8.19011e-06 4.01993e-09 9.4698e-10 0.999992 2.2743e-17
1.37415e-07 1.03821e-07 1.5486e-07 0.00152262 0.0002494 0.000900783 9.76424e-08 0.997324
4.7605e-05 6.86863e-05 0.00890621 0.0197272 0.0164231 0.0245738 0.0990488 0.0260631
1.33202e-06 4.55469e-05 0.538218 3.10893e-05 7.5612e-05 0.359118 0.000276481 0.000204462
4.1478e-07 0.483121 0.516101 1.05516e-06 0.000197713 0.000183163 4.21769e-06 0.000193958
0.503652 0.280567 5.95986e-05 0.0405699 0.053315 0.000349471 0.0495348 0.0716348
0.655558 3.38901e-05 1.46093e-05 0.167428 0.000138024 0.000138907 0.17641 0.000151582
6.60449e-09 0.000160777 1.47474e-05 2.86308e-09 2.77458e-09 0.495672 2.15758e-09 3.9698e-09
0.999999 6.17789e-07 3.88148e-13 2.10069e-27 5.7812e-24 7.40771e-28 3.59322e-27 5.92463e-24
0.998193 0.000636549 1.1729e-05 1.04017e-06 7.47148e-11 0.000908926 9.19823e-07 4.33305e-11
1.86179e-06 8.17056e-06 0.866762 1.84515e-05 1.89341e-05 0.0694754 1.93804e-05 2.18744e-05
1.52914e-05 0.524627 0.362738 3.27419e-05 0.0309964 0.0271513 2.791e-05 0.0276594
