3000,3000,3000,3000,3000,3000,3000,3000,3000
3000,3000,3000,3000,3000,3000,3000,3000,3000
3000,3000,3000,3000,3000,3000,3000,3000,3000
2653.93,2572.17,2569.58,2572.18,2572.17,2569.64,2569.64,2572.18,2569.57
2466.92,2465.58,2466.31,2968.52,2467.4,2467.55,2467.4,2467.61,2467.4
2880.26,2883.31,2884.44,2885.49,2883.52,2883.37,2883.52,2883.52,3003.4
2967.35,2965.7,2966.7,2968.01,2968.11,2968.11,2968.11,3004.99,2968.15
3017.75,3000,3000,3000.03,3000.02,3000,3000.03,3000.04,3000
3022.38,3000,3000.04,3000,3000,3000.02,3000,3000.02,3000.05
2999.98,2999.96,2999.82,2999.96,2999.97,2999.98,2999.9,2999.98,3005.33
3000.1,3000,3000,3000,3000,3000,3000,3000,3000
3000,3000,3000,3000,3000,3000,3000,3000,3000
3000,3000,3000,3000,3000,3000,3000,3000,3000
3000,3000,3000,3000,3000,3000,3000,3000,3000
3000,3000,3000,3000,3000,3000,3000,3000,3000
3000,3000,3000,3000,3000,3000,3000,3000,3000
3000,3000,3000,3000,3000,3000,3000,3000,3000
2988.01,2985.28,2985.41,2988.39,2988.01,2988.01,2988.01,2988.01,2988.01
2620.54,2620.54,2713.4,2620.68,2618.64,2620.81,2619.82,2620.84,2620.85
2918.26,2918.56,2919.73,2918.12,2920.51,2950.56,2920.76,2920.76,2920.76
2999.53,2976.09,2976.06,2976.06,2976.06,2976.06,2976.06,2976.06,2976.06
3021.2,3000,3000,3000,3000.04,3000,3000,3000,3000.05
3002.85,3000,2999.98,3000,3000,3000,3000,3000,3000
3003.5,3000,3000,3000,3000,3000,3000,3000,3000
3000,3000,3000,3000,3000,3000,3000,3000,3000
3000,3000,3000,3000,3000,3000,3000,3000,3000
3000,3000,3000,3000,3000,3000,3000,3000,3000
3000,3000,3000,3000,3000,3000,3000,3000,3000
3000,3000,3000,3000,3000,3000,3000,3000,3000
3000,3000,3000,3000,3000,3000,3000,3000,3000
3000,3000,3000,3000,3000,3000,3000,3000,3000
2985.02,2984.6,2982.09,2982.09,2982.09,2982.09,2985.05,2985.05,2985.09
2921.52,2922.62,2922.08,2922.64,2922.33,2922.81,2921.91,2921.45,2921.48
2925.46,2923.27,2922.63,2925.22,2923.45,2925.52,2923.95,2924.29,2923.94
2993.89,2992,2992,2992,2992,2992,2992,2992,2992
3001.29,3000,3000,3000,3000,3000,3000,3000,3000
3002.06,3000,3000,3000,3000,3000,3000,3000,3000
3000,3000,3000,3000,3000,3000,3000,3000,3000
3000,3000,2999.93,3000,2999.98,3000,3000,3000,3000
3000,3000,3000,3000,3000,3000,3000,3000,3000
3000,3000,3000,3000,3000,3000,3000,3000,3000
3000,3000,3000,3000,3000,3000,3000,3000,3000
3000,3000,3000,3000,3000,3000,3000,3000,3000
3000,3000,3000,3000,3000,3000,3000,3000,3000
3000,3000,3000,3000,3000,3000,3000,3000,3000
2995.95,2996,2996,2996,2996,2996,2996,2996,2996
2899.18,2919.28,2900.68,2900.68,2900.68,2900.68,2900.68,2900.68,2900.68
2941.49,2941.01,2941.02,2941.01,2941.04,2941.02,2957.73,2943.91,2943.91
3002.32,3000,3000,3000,3000,3000,3000,3000,3000
3000.23,3000,3000,3000,3000,3000,3000,3000,3000
3000,3000,3000,3000,3000,3000,3000,3000,3000
2999.92,3000,3000,3000,3000,3000,3000,3000,3000
3000,3000,3000,3000,3000,3000,3000,3000,3000
3000,3000,3000,3000,3000,3000,3000,3000,3000
3000,3000,3000,3000,3000,3000,3000,3000,3000
3000,3000,3000,3000,3000,3000,3000,3000,3000
3000,3000,3000,3000,3000,3000,3000,3000,3000
3000,3000,3000,3000,3000,3000,3000,3000,3000
3000,3000,3000,3000,3000,3000,3000,3000,3000
3000,3000,3000,3000,3000,3000,3000,3000,3000
2979.6,2979.57,2979.65,2979.6,2979.6,2979.6,2979.6,2979.6,2979.6
2997.34,3000,3000,3000,3000,3000,3000,3000,3000
3000,3000,3000,3000,3000,3000,3000,3000,3000
2999.95,3000,3000,3000,3000,3000,3000,3000,3000
3000,3000,3000,3000,3000,3000,3000,3000,3000
3000,3000,3000,3000,3000,3000,3000,3000,3000
3000,3000,3000,3000,3000,3000,3000,3000,3000
3000,3000,3000,3000,3000,3000,3000,3000,3000
3000,3000,3000,3000,3000,3000,3000,3000,3000
3000,3000,3000,3000,3000,3000,3000,3000,3000
3000,3000,3000,3000,3000,3000,3000,3000,3000
3000,3000,3000,3000,3000,3000,3000,3000,3000
3000,3000,3000,3000,3000,3000,3000,3000,3000
3000,3000,3000,3000,3000,3000,3000,3000,3000
2989.11,2989.11,2989.11,2989.11,2989.11,2989.11,2989.12,2986.24,2986.24
3000,3000,3000,3000,3000,3000,3000,3000,3000
3000,3000,3000,3000,3000,3000,3000,3000,3000
3000,3000,3000,3000,3000,3000,3000,3000,3000
3000,3000,3000,3000,3000,3000,3000,3000,3000
3000,3000,3000,3000,3000,3000,3000,3000,3000
3000,3000,3000,3000,3000,3000,3000,3000,3000
3000,3000,3000,3000,3000,3000,3000,3000,3000
3000,3000,3000,3000,3000,3000,3000,3000,3000
3000,3000,3000,3000,3000,3000,3000,3000,3000
3000,3000,3000,3000,3000,3000,3000,3000,3000
3000,3000,3000,3000,3000,3000,3000,3000,3000
3000,3000,3000,3000,3000,3000,3000,3000,3000
3000,3000,3000,3000,3000,3000,3000,3000,3000
2992,2992,2992,2992,2992,2992,2992,2992,2992
3000,3000,3000,3000,3000,3000,3000,3000,3000
3000,3000,3000,3000,3000,3000,3000,3000,3000
3000,3000,3000,3000,3000,3000,3000,3000,3000
3000,3000,3000,3000,3000,3000,3000,3000,3000
3000,3000,3000,3000,3000,3000,3000,3000,3000
3000,3000,3000,3000,3000,3000,3000,3000,3000
3000,3000,3000,3000,3000,3000,3000,3000,3000
3000,3000,3000,3000,3000,3000,3000,3000,3000
3000,3000,3000,3000,3000,3000,3000,3000,3000
3000,3000,3000,3000,3000,3000,3000,3000,3000
3000,3000,3000,3000,3000,3000,3000,3000,3000
3000,3000,3000,3000,3000,3000,3000,3000,3000
3000,3000,3000,3000,3000,3000,3000,3000,3000
3000,3000,3000,3000,3000,3000,3000,3000,3000
3000,3000,3000,3000,3000,3000,3000,3000,3000
3000,3000,3000,3000,3000,3000,3000,3000,3000
3000,3000,3000,3000,3000,3000,3000,3000,3000
3000,3000,3000,3000,3000,3000,3000,3000,3000
3000,3000,3000,3000,3000,3000,3000,3000,3000
3000,3000,3000,3000,3000,3000,3000,3000,3000
3000,3000,3000,3000,3000,3000,3000,3000,3000
3000,3000,3000,3000,3000,3000,3000,3000,3000
3000,3000,3000,3000,3000,3000,3000,3000,3000
3000,3000,3000,3000,3000,3000,3000,3000,3000
3000,3000,3000,3000,3000,3000,3000,3000,3000
3000,3000,3000,3000,3000,3000,3000,3000,3000
3000,3000,3000,3000,3000,3000,3000,3000,3000
3000,3000,3000,3000,3000,3000,3000,3000,3000
3000,3000,3000,3000,3000,3000,3000,3000,3000
3000,3000,3000,3000,3000,3000,3000,3000,3000
3000,3000,3000,3000,3000,3000,3000,3000,3000
3000,3000,3000,3000,3000,3000,3000,3000,3000
3000,3000,3000,3000,3000,3000,3000,3000,3000
3000,3000,3000,3000,3000,3000,3000,3000,3000
3000,3000,3000,3000,3000,3000,3000,3000,3000
3000,3000,3000,3000,3000,3000,3000,3000,3000
3000,3000,3000,3000,3000,3000,3000,3000,3000
3000,3000,3000,3000,3000,3000,3000,3000,3000
3000,3000,3000,3000,3000,3000,3000,3000,3000
3000,3000,3000,3000,3000,3000,3000,3000,3000
3000,3000,3000,3000,3000,3000,3000,3000,3000
3000,3000,3000,3000,3000,3000,3000,3000,3000
3000,3000,3000,3000,3000,3000,3000,3000,3000
3000,3000,3000,3000,3000,3000,3000,3000,3000
3000,3000,3000,3000,3000,3000,3000,3000,3000
3000,3000,3000,3000,3000,3000,3000,3000,3000
3000,3000,3000,3000,3000,3000,3000,3000,3000
3000,3000,3000,3000,3000,3000,3000,3000,3000
3000,3000,3000,3000,3000,3000,3000,3000,3000
3000,3000,3000,3000,3000,3000,3000,3000,3000
3000,3000,3000,3000,3000,3000,3000,3000,3000
3000,3000,3000,3000,3000,3000,3000,3000,3000
3000,3000,3000,3000,3000,3000,3000,3000,3000
3000,3000,3000,3000,3000,3000,3000,3000,3000
3000,3000,3000,3000,3000,3000,3000,3000,3000
3000,3000,3000,3000,3000,3000,3000,3000,3000
3000,3000,3000,3000,3000,3000,3000,3000,3000
3000,3000,3000,3000,3000,3000,3000,3000,3000
3000,3000,3000,3000,3000,3000,3000,3000,3000
3000,3000,3000,3000,3000,3000,3000,3000,3000
3000,3000,3000,3000,3000,3000,3000,3000,3000
3000,3000,3000,3000,3000,3000,3000,3000,3000
3000,3000,3000,3000,3000,3000,3000,3000,3000
3000,3000,3000,3000,3000,3000,3000,3000,3000
3000,3000,3000,3000,3000,3000,3000,3000,3000
3000,3000,3000,3000,3000,3000,3000,3000,3000
3000,3000,3000,3000,3000,3000,3000,3000,3000
3000,3000,3000,3000,3000,3000,3000,3000,3000
2894.32,2894.32,2894.35,2894.42,2894.42,2894.43,2891.57,2894.79,2891.59
2534.41,2534.34,2536.8,2536.77,2536.77,2536.83,2898.01,2536.84,2536.84
2891,2890.6,2890.57,2890.58,2892.84,2956.91,2893.39,2893.39,2893.39
2978.48,2948.31,2948.31,2948.31,2948.31,2948.31,2948.31,2948.31,2948.31
3007.11,3000,3000,3000,3000,3000,3000,3000,3000
3014.78,3000,3000,3000,3000,3000.03,3000,3000,3000
3000,2999.98,3000,2999.96,2999.92,3000,2999.99,3000,3000.28
3000,3000,3000,3000,3000,3000,3000,3000,3000
3000,3000,3000,3000,3000,3000,3000,3000,3000
3000,3000,3000,3000,3000,3000,3000,3000,3000
3000,3000,3000,3000,3000,3000,3000,3000,3000
3000,3000,3000,3000,3000,3000,3000,3000,3000
3000,3000,3000,3000,3000,3000,3000,3000,3000
3000,3000,3000,3000,3000,3000,3000,3000,3000
2995.99,2996,2995.98,2995.99,2996.34,2996,2996,2996,2996
2814.73,2728.99,2729.07,2728.99,2728.99,2728.99,2728.99,2728.99,2728.99
2894.61,2896.75,2894.71,2894.77,2969.1,2896.76,2896.76,2896.76,2896.76
2953.64,3018.06,2956.22,2956.22,2956.22,2956.22,2956.29,2956.22,2956.28
3015.1,3000,3000,3000.03,3000,3000,3000,3000,3000
3000,2999.99,3000,2999.98,2999.96,3000,2999.98,3002.94,3000
2999.91,2999.94,2999.95,2999.93,2999.95,2999.87,2999.95,2999.93,2999.91
3000,3000,3000,3000,3000,3000,3000,3000,3000
3000,3000,3000,3000,3000,3000,3000,3000,3000
3000,3000,3000,3000,3000,3000,3000,3000,3000
3000,3000,3000,3000,3000,3000,3000,3000,3000
3000,3000,3000,3000,3000,3000,3000,3000,3000
3000,3000,3000,3000,3000,3000,3000,3000,3000
3000,3000,3000,3000,3000,3000,3000,3000,3000
2999.94,2999.95,3000,3000,3000,3000,3000,3000,3000
2975.18,2972.23,2975.19,2975.2,2975.2,2975.2,2975.2,2975.2,2975.2
2973.13,2973.13,2973.21,2976.06,2976.04,2976.06,2976.3,2976.05,2976.06
3002.36,2996,2996,2996,2996,2996,2996,2996,2996
3000.21,3000,3000,3000,3000,3000,3000,3000,3000
2999.97,2999.99,3000,3000,3000,3000,3000,3000,3000
3000,3000,3000,3000,3000,3000,3000,3000,3000
2999.97,2999.87,3000,3000,3000,3000,3000,3000,3000
3000,3000,3000,3000,3000,3000,3000,3000,3000
3000,3000,3000,3000,3000,3000,3000,3000,3000
3000,3000,3000,3000,3000,3000,3000,3000,3000
3000,3000,3000,3000,3000,3000,3000,3000,3000
3000,3000,3000,3000,3000,3000,3000,3000,3000
3000,3000,3000,3000,3000,3000,3000,3000,3000
2999.93,3000,3000,3000,3000,3000,3000,3000,3000
2970.29,2970.09,2970.09,2972.68,2972.98,2972.98,2972.98,2972.98,2972.98
2981.12,2981.09,2984.4,2984.02,2984.02,2984.02,2984.02,2984.02,2984.02
2995.21,2992,2992,2992,2992,2992,2992,2992,2992
3000,2999.99,2999.95,2999.95,3000,3000,3000,3000,3000
3000,3000,3000,3000,3000,3000,3000,3000,3000
2999.92,3000,3000,3000,3000,3000,3000,3000,3000
3000,3000,3000,3000,3000,3000,3000,3000,3000
3000,3000,3000,3000,3000,3000,3000,3000,3000
3000,3000,3000,3000,3000,3000,3000,3000,3000
3000,3000,3000,3000,3000,3000,3000,3000,3000
3000,3000,3000,3000,3000,3000,3000,3000,3000
3000,3000,3000,3000,3000,3000,3000,3000,3000
3000,3000,3000,3000,3000,3000,3000,3000,3000
3000,3000,3000,3000,3000,3000,3000,3000,3000
2987.9,2990.56,2990.88,2990.88,2990.88,2990.88,2990.88,2990.88,2990.88
3000,3000,3000,3000,3000,3000,3000,3000,3000
3000,3000,3000,3000,3000,3000,3000,3000,3000
3000,3000,3000,3000,3000,3000,3000,3000,3000
3000,3000,3000,3000,3000,3000,3000,3000,3000
3000,3000,3000,3000,3000,3000,3000,3000,3000
3000,3000,3000,3000,3000,3000,3000,3000,3000
3000,3000,3000,3000,3000,3000,3000,3000,3000
3000,3000,3000,3000,3000,3000,3000,3000,3000
3000,3000,3000,3000,3000,3000,3000,3000,3000
3000,3000,3000,3000,3000,3000,3000,3000,3000
3000,3000,3000,3000,3000,3000,3000,3000,3000
3000,3000,3000,3000,3000,3000,3000,3000,3000
3000,3000,3000,3000,3000,3000,3000,3000,3000
2989.13,2989.13,2989.13,2989.13,2989.13,2989.13,2989.13,2989.13,2989.13
3000,3000,3000,3000,3000,3000,3000,3000,3000
3000,3000,3000,3000,3000,3000,3000,3000,3000
3000,3000,3000,3000,3000,3000,3000,3000,3000
3000,3000,3000,3000,3000,3000,3000,3000,3000
3000,3000,3000,3000,3000,3000,3000,3000,3000
3000,3000,3000,3000,3000,3000,3000,3000,3000
3000,3000,3000,3000,3000,3000,3000,3000,3000
3000,3000,3000,3000,3000,3000,3000,3000,3000
3000,3000,3000,3000,3000,3000,3000,3000,3000
3000,3000,3000,3000,3000,3000,3000,3000,3000
3000,3000,3000,3000,3000,3000,3000,3000,3000
3000,3000,3000,3000,3000,3000,3000,3000,3000
3000,3000,3000,3000,3000,3000,3000,3000,3000
2992,2992,2992,2992,2992,2992,2992,2992,2992
3000,3000,3000,3000,3000,3000,3000,3000,3000
3000,3000,3000,3000,3000,3000,3000,3000,3000
3000,3000,3000,3000,3000,3000,3000,3000,3000
3000,3000,3000,3000,3000,3000,3000,3000,3000
3000,3000,3000,3000,3000,3000,3000,3000,3000
3000,3000,3000,3000,3000,3000,3000,3000,3000
3000,3000,3000,3000,3000,3000,3000,3000,3000
3000,3000,3000,3000,3000,3000,3000,3000,3000
3000,3000,3000,3000,3000,3000,3000,3000,3000
3000,3000,3000,3000,3000,3000,3000,3000,3000
3000,3000,3000,3000,3000,3000,3000,3000,3000
3000,3000,3000,3000,3000,3000,3000,3000,3000
3000,3000,3000,3000,3000,3000,3000,3000,3000
3000,3000,3000,3000,3000,3000,3000,3000,3000
3000,3000,3000,3000,3000,3000,3000,3000,3000
3000,3000,3000,3000,3000,3000,3000,3000,3000
3000,3000,3000,3000,3000,3000,3000,3000,3000
3000,3000,3000,3000,3000,3000,3000,3000,3000
3000,3000,3000,3000,3000,3000,3000,3000,3000
3000,3000,3000,3000,3000,3000,3000,3000,3000
3000,3000,3000,3000,3000,3000,3000,3000,3000
3000,3000,3000,3000,3000,3000,3000,3000,3000
3000,3000,3000,3000,3000,3000,3000,3000,3000
3000,3000,3000,3000,3000,3000,3000,3000,3000
3000,3000,3000,3000,3000,3000,3000,3000,3000
3000,3000,3000,3000,3000,3000,3000,3000,3000
3000,3000,3000,3000,3000,3000,3000,3000,3000
3000,3000,3000,3000,3000,3000,3000,3000,3000
3000,3000,3000,3000,3000,3000,3000,3000,3000
3000,3000,3000,3000,3000,3000,3000,3000,3000
3000,3000,3000,3000,3000,3000,3000,3000,3000
3000,3000,3000,3000,3000,3000,3000,3000,3000
3000,3000,3000,3000,3000,3000,3000,3000,3000
3000,3000,3000,3000,3000,3000,3000,3000,3000
3000,3000,3000,3000,3000,3000,3000,3000,3000
3000,3000,3000,3000,3000,3000,3000,3000,3000
3000,3000,3000,3000,3000,3000,3000,3000,3000
3000,3000,3000,3000,3000,3000,3000,3000,3000
3000,3000,3000,3000,3000,3000,3000,3000,3000
3000,3000,3000,3000,3000,3000,3000,3000,3000
3000,3000,3000,3000,3000,3000,3000,3000,3000
3000,3000,3000,3000,3000,3000,3000,3000,3000
3000,3000,3000,3000,3000,3000,3000,3000,3000
3000,3000,3000,3000,3000,3000,3000,3000,3000
3000,3000,3000,3000,3000,3000,3000,3000,3000
3000,3000,3000,3000,3000,3000,3000,3000,3000
3000,3000,3000,3000,3000,3000,3000,3000,3000
3000,3000,3000,3000,3000,3000,3000,3000,3000
3000,3000,3000,3000,3000,3000,3000,3000,3000
3000,3000,3000,3000,3000,3000,3000,3000,3000
3000,3000,3000,3000,3000,3000,3000,3000,3000
3000,3000,3000,3000,3000,3000,3000,3000,3000
3000,3000,3000,3000,3000,3000,3000,3000,3000
3000,3000,3000,3000,3000,3000,3000,3000,3000
3000,3000,3000,3000,3000,3000,3000,3000,3000
3000,3000,3000,3000,3000,3000,3000,3000,3000
3000,3000,3000,3000,3000,3000,3000,3000,3000
3000,3000,3000,3000,3000,3000,3000,3000,3000
3000,3000,3000,3000,3000,3000,3000,3000,3000
3000,3000,3000,3000,3000,3000,3000,3000,3000
3000,3000,3000,3000,3000,3000,3000,3000,3000
3000,3000,3000,3000,3000,3000,3000,3000,3000
3000,3000,3000,3000,3000,3000,3000,3000,3000
3000,3000,3000,3000,3000,3000,3000,3000,3000
3000,3000,3000,3000,3000,3000,3000,3000,3000
3000,3000,3000,3000,3000,3000,3000,3000,3000
3000,3000,3000,3000,3000,3000,3000,3000,3000
3000,3000,3000,3000,3000,3000,3000,3000,3000
2995.99,2995.99,2995.96,2997.69,2996,2996,2996,2996,2996
2735.1,2715.74,2715.74,2715.74,2715.74,2715.74,2715.74,2715.74,2715.74
2970.19,2968.98,2980.26,2971.51,2971.51,2971.51,2971.51,2971.51,2971.51
3024.55,2988.01,2988.01,2988.05,2988.01,2988.01,2988.01,2988.01,2988.01
2999.98,3010.06,3000,3000,3000,3000,3000,3000,3000
2999.99,2999.99,2999.95,2999.99,2999.96,2999.98,3000,3000,3000
3000.03,2999.98,2999.97,2999.99,2999.98,2999.95,2999.98,2999.97,2999.97
3000,3000,3000,3000,3000,3000,3000,3000,3000
3000,3000,3000,3000,3000,3000,3000,3000,3000
3000,3000,3000,3000,3000,3000,3000,3000,3000
3000,3000,3000,3000,3000,3000,3000,3000,3000
3000,3000,3000,3000,3000,3000,3000,3000,3000
3000,3000,3000,3000,3000,3000,3000,3000,3000
3000,3000,3000,3000,3000,3000,3000,3000,3000
2999.98,2999.85,2999.94,2999.96,2999.95,2999.84,2999.95,2999.96,2999.98
2851.6,2851.58,2848.84,2851.59,2851.6,2848.84,2850.28,2851.58,2851.69
2963.55,2963.55,2963.53,2966.29,2966.02,2966.43,2966.43,2966.43,2966.43
2996.06,2996,2996,2996,2996,2996,2996,2996,2996
2999.69,2999.68,2999.65,2999.69,2999.7,2999.7,2999.74,2999.7,2999.7
3003.99,3000,3000,3000,3000,3000,3000,3000,3000
3001.62,3000,3000,3000,3000,3000,3000,3000,3000
3000,3000,3000,3000,3000,3000,3000,3000,3000
3000,3000,3000,3000,3000,3000,3000,3000,3000
3000,3000,3000,3000,3000,3000,3000,3000,3000
3000,3000,3000,3000,3000,3000,3000,3000,3000
3000,3000,3000,3000,3000,3000,3000,3000,3000
3000,3000,3000,3000,3000,3000,3000,3000,3000
3000,3000,3000,3000,3000,3000,3000,3000,3000
2999.85,2999.99,3000,3000,3000,3000,3000,3000,3000
2981.35,2978.41,2981.32,2981.23,2978.41,2978.4,2980.4,2979.51,2981.65
2963.7,2963.71,2963.72,2963.72,2964.3,2963.73,2963.73,2963.73,2963.73
2999.5,2999.53,2999.53,2999.53,2999.53,2999.53,2999.53,2999.53,2999.53
3000.02,3000,3000,3000,3000,3000,3000,3000,3000
3000,3000,3000,3000,3000,3000,3000,3000,3000
3000,3000,3000,3000,3000,3000,3000,3000,3000
3000,2999.96,2999.93,3000,3000,3000,3000,3000,3000
3000,3000,3000,3000,3000,3000,3000,3000,3000
3000,3000,3000,3000,3000,3000,3000,3000,3000
3000,3000,3000,3000,3000,3000,3000,3000,3000
3000,3000,3000,3000,3000,3000,3000,3000,3000
3000,3000,3000,3000,3000,3000,3000,3000,3000
3000,3000,3000,3000,3000,3000,3000,3000,3000
2999.96,3000,3000,3000,3000,3000,3000,3000,3000
2986.34,2983.75,2985.08,2985.8,2986.31,2986.36,2986.37,2986.38,2986.39
3000,3000,3000,3000,3000,3000,3000,3000,3000
3000,3000,3000,3000,3000,3000,3000,3000,3000
3000,3000,3000,3000,3000,3000,3000,3000,3000
3000,3000,3000,3000,3000,3000,3000,3000,3000
3000,3000,3000,3000,3000,3000,3000,3000,3000
3000,3000,3000,3000,3000,3000,3000,3000,3000
3000,3000,3000,3000,3000,3000,3000,3000,3000
3000,3000,3000,3000,3000,3000,3000,3000,3000
3000,3000,3000,3000,3000,3000,3000,3000,3000
3000,3000,3000,3000,3000,3000,3000,3000,3000
3000,3000,3000,3000,3000,3000,3000,3000,3000
3000,3000,3000,3000,3000,3000,3000,3000,3000
3000,3000,3000,3000,3000,3000,3000,3000,3000
2993.86,2993.99,2994.02,2994.02,2994.09,2993.81,2993.81,2993.81,2993.81
3000,3000,3000,3000,3000,3000,3000,3000,3000
3000,3000,3000,3000,3000,3000,3000,3000,3000
3000,3000,3000,3000,3000,3000,3000,3000,3000
3000,3000,3000,3000,3000,3000,3000,3000,3000
3000,3000,3000,3000,3000,3000,3000,3000,3000
3000,3000,3000,3000,3000,3000,3000,3000,3000
3000,3000,3000,3000,3000,3000,3000,3000,3000
3000,3000,3000,3000,3000,3000,3000,3000,3000
3000,3000,3000,3000,3000,3000,3000,3000,3000
3000,3000,3000,3000,3000,3000,3000,3000,3000
3000,3000,3000,3000,3000,3000,3000,3000,3000
3000,3000,3000,3000,3000,3000,3000,3000,3000
3000,3000,3000,3000,3000,3000,3000,3000,3000
2996.3,2996.3,2996.3,2996.3,2996.3,2996.3,2996.3,2996.3,2996.3
3000,3000,3000,3000,3000,3000,3000,3000,3000
3000,3000,3000,3000,3000,3000,3000,3000,3000
3000,3000,3000,3000,3000,3000,3000,3000,3000
3000,3000,3000,3000,3000,3000,3000,3000,3000
3000,3000,3000,3000,3000,3000,3000,3000,3000
3000,3000,3000,3000,3000,3000,3000,3000,3000
3000,3000,3000,3000,3000,3000,3000,3000,3000
3000,3000,3000,3000,3000,3000,3000,3000,3000
3000,3000,3000,3000,3000,3000,3000,3000,3000
3000,3000,3000,3000,3000,3000,3000,3000,3000
3000,3000,3000,3000,3000,3000,3000,3000,3000
3000,3000,3000,3000,3000,3000,3000,3000,3000
3000,3000,3000,3000,3000,3000,3000,3000,3000
3000,3000,3000,3000,3000,3000,3000,3000,3000
3000,3000,3000,3000,3000,3000,3000,3000,3000
3000,3000,3000,3000,3000,3000,3000,3000,3000
3000,3000,3000,3000,3000,3000,3000,3000,3000
3000,3000,3000,3000,3000,3000,3000,3000,3000
3000,3000,3000,3000,3000,3000,3000,3000,3000
3000,3000,3000,3000,3000,3000,3000,3000,3000
3000,3000,3000,3000,3000,3000,3000,3000,3000
3000,3000,3000,3000,3000,3000,3000,3000,3000
3000,3000,3000,3000,3000,3000,3000,3000,3000
3000,3000,3000,3000,3000,3000,3000,3000,3000
3000,3000,3000,3000,3000,3000,3000,3000,3000
3000,3000,3000,3000,3000,3000,3000,3000,3000
3000,3000,3000,3000,3000,3000,3000,3000,3000
3000,3000,3000,3000,3000,3000,3000,3000,3000
3000,3000,3000,3000,3000,3000,3000,3000,3000
3000,3000,3000,3000,3000,3000,3000,3000,3000
3000,3000,3000,3000,3000,3000,3000,3000,3000
3000,3000,3000,3000,3000,3000,3000,3000,3000
3000,3000,3000,3000,3000,3000,3000,3000,3000
3000,3000,3000,3000,3000,3000,3000,3000,3000
3000,3000,3000,3000,3000,3000,3000,3000,3000
3000,3000,3000,3000,3000,3000,3000,3000,3000
3000,3000,3000,3000,3000,3000,3000,3000,3000
3000,3000,3000,3000,3000,3000,3000,3000,3000
3000,3000,3000,3000,3000,3000,3000,3000,3000
3000,3000,3000,3000,3000,3000,3000,3000,3000
3000,3000,3000,3000,3000,3000,3000,3000,3000
3000,3000,3000,3000,3000,3000,3000,3000,3000
3000,3000,3000,3000,3000,3000,3000,3000,3000
3000,3000,3000,3000,3000,3000,3000,3000,3000
3000,3000,3000,3000,3000,3000,3000,3000,3000
3000,3000,3000,3000,3000,3000,3000,3000,3000
3000,3000,3000,3000,3000,3000,3000,3000,3000
3000,3000,3000,3000,3000,3000,3000,3000,3000
3000,3000,3000,3000,3000,3000,3000,3000,3000
3000,3000,3000,3000,3000,3000,3000,3000,3000
3000,3000,3000,3000,3000,3000,3000,3000,3000
3000,3000,3000,3000,3000,3000,3000,3000,3000
3000,3000,3000,3000,3000,3000,3000,3000,3000
3000,3000,3000,3000,3000,3000,3000,3000,3000
3000,3000,3000,3000,3000,3000,3000,3000,3000
3000,3000,3000,3000,3000,3000,3000,3000,3000
3000,3000,3000,3000,3000,3000,3000,3000,3000
3000,3000,3000,3000,3000,3000,3000,3000,3000
3000,3000,3000,3000,3000,3000,3000,3000,3000
3000,3000,3000,3000,3000,3000,3000,3000,3000
3000,3000,3000,3000,3000,3000,3000,3000,3000
3000,3000,3000,3000,3000,3000,3000,3000,3000
3000,3000,3000,3000,3000,3000,3000,3000,3000
3000,3000,3000,3000,3000,3000,3000,3000,3000
3000,3000,3000,3000,3000,3000,3000,3000,3000
3000,3000,3000,3000,3000,3000,3000,3000,3000
3000,3000,3000,3000,3000,3000,3000,3000,3000
3000,3000,3000,3000,3000,3000,3000,3000,3000
3000,3000,3000,3000,3000,3000,3000,3000,3000
3000,3000,3000,3000,3000,3000,3000,3000,3000
3000,3000,3000,3000,3000,3000,3000,3000,3000
3000,3000,3000,3000,3000,3000,3000,3000,3000
3000,3000,3000,3000,3000,3000,3000,3000,3000
3000,3000,3000,3000,3000,3000,3000,3000,3000
3000,3000,3000,3000,3000,3000,3000,3000,3000
3000,3000,3000,3000,3000,3000,3000,3000,3000
3000,3000,3000,3000,3000,3000,3000,3000,3000
3000,3000,3000,3000,3000,3000,3000,3000,3000
3000,3000,3000,3000,3000,3000,3000,3000,3000
3000,3000,3000,3000,3000,3000,3000,3000,3000
3000,3000,3000,3000,3000,3000,3000,3000,3000
3000,3000,3000,3000,3000,3000,3000,3000,3000
2999.98,3000,3000,3000,3000,3000,3000,3000,3000
2985.7,2985.68,2985.64,2985.72,2985.75,2985.94,2985.71,2985.72,2982.85
2969.29,2969.24,2969.17,2966.41,2969.24,2969.27,2969.36,2969.29,2969.29
2986.3,2989.13,2989.13,2988.99,2989.03,2989.13,2986.31,2989.11,2986.31
2999.98,2999.96,2999.98,2999.95,3000,3000,3000,3000,3000
2999.97,2999.97,3000,2999.86,3000,3000,3000,3000,3000
2999.92,2999.85,2999.94,3000,3000,3000.07,3000,3000,3000
3000,3000,3000,3000,3000,3000,3000,3000,3000
3000,3000,3000,3000,3000,3000,3000,3000,3000
3000,3000,3000,3000,3000,3000,3000,3000,3000
3000,3000,3000,3000,3000,3000,3000,3000,3000
3000,3000,3000,3000,3000,3000,3000,3000,3000
3000,3000,3000,3000,3000,3000,3000,3000,3000
3000,3000,3000,3000,3000,3000,3000,3000,3000
2998.24,2998.12,2998.12,2998.26,2998.26,2998.26,2998.12,2998.12,2998.26
2981.33,2980.92,2981.36,2978.85,2978.85,2978.86,2981.9,2978.85,2980.17
2956.98,2956.98,2956.97,2957.01,2957.01,2957.02,2957.06,2957.1,2954.29
2995.95,2995.97,2995.99,2995.96,2995.97,2996,2996,2996,2996
3027.52,3000,3000,3000,3000,3000,3000.04,3000,3000
2999.98,3000,3000,3000,3000,3000,3000,3000,3000
2999.97,3000,3000,3000,3000,3000,3000,3000,3000
3000,3000,3000,3000,3000,3000,3000,3000,3000
3000,3000,3000,3000,3000,3000,3000,3000,3000
3000,3000,3000,3000,3000,3000,3000,3000,3000
3000,3000,3000,3000,3000,3000,3000,3000,3000
3000,3000,3000,3000,3000,3000,3000,3000,3000
3000,3000,3000,3000,3000,3000,3000,3000,3000
3000,3000,3000,3000,3000,3000,3000,3000,3000
3000,3000,3000,3000,3000,3000,3000,3000,3000
2974.94,2972.42,2975.12,2972.42,2972.42,2972.42,2975.02,2972.42,2972.7
2969.19,2969.19,2972.06,2972.07,2972.4,2972.08,2972.08,2972.08,2972.08
3000,3000,3000,3000,3000,3000,3000,3000,3000
3000,3000,3000,3000,3000,3000,3000,3000,3000
2999.97,3000,3000,3000,3000,3000,3000,3000,3000
3000,3000,3000,3000,3000,3000,3000,3000,3000
3000,3000,3000,3000,3000,3000,3000,3000,3000
3000,3000,3000,3000,3000,3000,3000,3000,3000
3000,3000,3000,3000,3000,3000,3000,3000,3000
3000,3000,3000,3000,3000,3000,3000,3000,3000
3000,3000,3000,3000,3000,3000,3000,3000,3000
3000,3000,3000,3000,3000,3000,3000,3000,3000
3000,3000,3000,3000,3000,3000,3000,3000,3000
2999.99,2999.99,2999.99,2999.99,2999.99,2999.99,2999.99,2999.99,2999.99
2980.29,2982.92,2983.24,2983.23,2983.23,2983.23,2983.23,2983.23,2983.23
3000,3000,3000,3000,3000,3000,3000,3000,3000
3000,3000,3000,3000,3000,3000,3000,3000,3000
3000,3000,3000,3000,3000,3000,3000,3000,3000
3000,3000,3000,3000,3000,3000,3000,3000,3000
3000,3000,3000,3000,3000,3000,3000,3000,3000
3000,3000,3000,3000,3000,3000,3000,3000,3000
3000,3000,3000,3000,3000,3000,3000,3000,3000
3000,3000,3000,3000,3000,3000,3000,3000,3000
3000,3000,3000,3000,3000,3000,3000,3000,3000
3000,3000,3000,3000,3000,3000,3000,3000,3000
3000,3000,3000,3000,3000,3000,3000,3000,3000
3000,3000,3000,3000,3000,3000,3000,3000,3000
3000,3000,3000,3000,3000,3000,3000,3000,3000
2990.57,2990.98,2991.03,2991.07,2991.09,2991.12,2991.13,2991.13,2991.42
3000,3000,3000,3000,3000,3000,3000,3000,3000
3000,3000,3000,3000,3000,3000,3000,3000,3000
3000,3000,3000,3000,3000,3000,3000,3000,3000
3000,3000,3000,3000,3000,3000,3000,3000,3000
3000,3000,3000,3000,3000,3000,3000,3000,3000
3000,3000,3000,3000,3000,3000,3000,3000,3000
3000,3000,3000,3000,3000,3000,3000,3000,3000
3000,3000,3000,3000,3000,3000,3000,3000,3000
3000,3000,3000,3000,3000,3000,3000,3000,3000
3000,3000,3000,3000,3000,3000,3000,3000,3000
3000,3000,3000,3000,3000,3000,3000,3000,3000
3000,3000,3000,3000,3000,3000,3000,3000,3000
3000,3000,3000,3000,3000,3000,3000,3000,3000
2995.99,2995.99,2995.99,2995.99,2995.99,2995.99,2995.99,2995.99,2995.99
3000,3000,3000,3000,3000,3000,3000,3000,3000
3000,3000,3000,3000,3000,3000,3000,3000,3000
3000,3000,3000,3000,3000,3000,3000,3000,3000
3000,3000,3000,3000,3000,3000,3000,3000,3000
3000,3000,3000,3000,3000,3000,3000,3000,3000
3000,3000,3000,3000,3000,3000,3000,3000,3000
3000,3000,3000,3000,3000,3000,3000,3000,3000
3000,3000,3000,3000,3000,3000,3000,3000,3000
3000,3000,3000,3000,3000,3000,3000,3000,3000
3000,3000,3000,3000,3000,3000,3000,3000,3000
3000,3000,3000,3000,3000,3000,3000,3000,3000
3000,3000,3000,3000,3000,3000,3000,3000,3000
3000,3000,3000,3000,3000,3000,3000,3000,3000
3000,3000,3000,3000,3000,3000,3000,3000,3000
3000,3000,3000,3000,3000,3000,3000,3000,3000
3000,3000,3000,3000,3000,3000,3000,3000,3000
3000,3000,3000,3000,3000,3000,3000,3000,3000
3000,3000,3000,3000,3000,3000,3000,3000,3000
3000,3000,3000,3000,3000,3000,3000,3000,3000
3000,3000,3000,3000,3000,3000,3000,3000,3000
3000,3000,3000,3000,3000,3000,3000,3000,3000
3000,3000,3000,3000,3000,3000,3000,3000,3000
3000,3000,3000,3000,3000,3000,3000,3000,3000
3000,3000,3000,3000,3000,3000,3000,3000,3000
3000,3000,3000,3000,3000,3000,3000,3000,3000
3000,3000,3000,3000,3000,3000,3000,3000,3000
3000,3000,3000,3000,3000,3000,3000,3000,3000
3000,3000,3000,3000,3000,3000,3000,3000,3000
3000,3000,3000,3000,3000,3000,3000,3000,3000
3000,3000,3000,3000,3000,3000,3000,3000,3000
3000,3000,3000,3000,3000,3000,3000,3000,3000
3000,3000,3000,3000,3000,3000,3000,3000,3000
3000,3000,3000,3000,3000,3000,3000,3000,3000
3000,3000,3000,3000,3000,3000,3000,3000,3000
3000,3000,3000,3000,3000,3000,3000,3000,3000
3000,3000,3000,3000,3000,3000,3000,3000,3000
3000,3000,3000,3000,3000,3000,3000,3000,3000
3000,3000,3000,3000,3000,3000,3000,3000,3000
3000,3000,3000,3000,3000,3000,3000,3000,3000
3000,3000,3000,3000,3000,3000,3000,3000,3000
3000,3000,3000,3000,3000,3000,3000,3000,3000
3000,3000,3000,3000,3000,3000,3000,3000,3000
3000,3000,3000,3000,3000,3000,3000,3000,3000
3000,3000,3000,3000,3000,3000,3000,3000,3000
3000,3000,3000,3000,3000,3000,3000,3000,3000
3000,3000,3000,3000,3000,3000,3000,3000,3000
3000,3000,3000,3000,3000,3000,3000,3000,3000
3000,3000,3000,3000,3000,3000,3000,3000,3000
3000,3000,3000,3000,3000,3000,3000,3000,3000
3000,3000,3000,3000,3000,3000,3000,3000,3000
3000,3000,3000,3000,3000,3000,3000,3000,3000
3000,3000,3000,3000,3000,3000,3000,3000,3000
3000,3000,3000,3000,3000,3000,3000,3000,3000
3000,3000,3000,3000,3000,3000,3000,3000,3000
3000,3000,3000,3000,3000,3000,3000,3000,3000
3000,3000,3000,3000,3000,3000,3000,3000,3000
3000,3000,3000,3000,3000,3000,3000,3000,3000
3000,3000,3000,3000,3000,3000,3000,3000,3000
3000,3000,3000,3000,3000,3000,3000,3000,3000
3000,3000,3000,3000,3000,3000,3000,3000,3000
3000,3000,3000,3000,3000,3000,3000,3000,3000
3000,3000,3000,3000,3000,3000,3000,3000,3000
3000,3000,3000,3000,3000,3000,3000,3000,3000
3000,3000,3000,3000,3000,3000,3000,3000,3000
3000,3000,3000,3000,3000,3000,3000,3000,3000
3000,3000,3000,3000,3000,3000,3000,3000,3000
3000,3000,3000,3000,3000,3000,3000,3000,3000
3000,3000,3000,3000,3000,3000,3000,3000,3000
3000,3000,3000,3000,3000,3000,3000,3000,3000
3000,3000,3000,3000,3000,3000,3000,3000,3000
3000,3000,3000,3000,3000,3000,3000,3000,3000
3000,3000,3000,3000,3000,3000,3000,3000,3000
3000,3000,3000,3000,3000,3000,3000,3000,3000
3000,3000,3000,3000,3000,3000,3000,3000,3000
3000,3000,3000,3000,3000,3000,3000,3000,3000
3000,3000,3000,3000,3000,3000,3000,3000,3000
3000,3000,3000,3000,3000,3000,3000,3000,3000
3000,3000,3000,3000,3000,3000,3000,3000,3000
3000,3000,3000,3000,3000,3000,3000,3000,3000
3000,3000,3000,3000,3000,3000,3000,3000,3000
3000,3000,3000,3000,3000,3000,3000,3000,3000
3000,3000,3000,3000,3000,3000,3000,3000,3000
3000,3000,3000,3000,3000,3000,3000,3000,3000
2989.11,2989.2,2989.21,2988.97,2989.21,2988.97,2989.21,2989.21,2989.22
2973.42,2972.28,2972.63,2972.75,2973.87,2973.32,2973.27,2973.27,2973.28
2988,2987.99,2988.01,2988,2988.01,2988.01,2988,2988.01,2988.5
3000,2999.93,2999.98,3000,3000,3000,3000,3000.01,3000
3000,3000,2999.99,3000,3000,3000,3000,3000,3000
2999.98,3000,3000,3000,3000,3000,3000,3000,3000
3000,3000,3000,3000,3000,3000,3000,3000,3000
3000,3000,3000,3000,3000,3000,3000,3000,3000
3000,3000,3000,3000,3000,3000,3000,3000,3000
3000,3000,3000,3000,3000,3000,3000,3000,3000
3000,3000,3000,3000,3000,3000,3000,3000,3000
3000,3000,3000,3000,3000,3000,3000,3000,3000
3000,3000,3000,3000,3000,3000,3000,3000,3000
2997.92,2997.92,2997.92,2997.92,2997.92,2997.92,2997.92,2998.02,2998.02
2982.18,2982.75,2980.15,2982.47,2980.15,2980.16,2980.15,2980.15,2980.15
2971.55,2971.51,2971.51,2971.51,2971.51,2971.51,2971.51,2971.51,2971.51
2992,2992,2992,2992.03,2992,2992,2992,2992,2992
3000.07,3000,3000,3000,3000,3000,3000,3000,3000
3000,3000,3000,3000,3000,3000,3000,3000,3000
3000,3000,3000,3000,3000,3000,3000,3000,3000
3000,3000,3000,3000,3000,3000,3000,3000,3000
3000,3000,3000,3000,3000,3000,3000,3000,3000
3000,3000,3000,3000,3000,3000,3000,3000,3000
3000,3000,3000,3000,3000,3000,3000,3000,3000
3000,3000,3000,3000,3000,3000,3000,3000,3000
3000,3000,3000,3000,3000,3000,3000,3000,3000
3000,3000,3000,3000,3000,3000,3000,3000,3000
3000,2999.99,3000,2999.99,2999.99,2999.99,2999.99,2999.99,3000
2974.61,2974.44,2974.62,2974.62,2974.62,2974.62,2974.62,2974.62,2974.62
3011.84,2972.08,2972.08,2972.08,2972.08,2972.08,2972.08,2972.08,2972.08
3000,3000,3000,3000,3000,3000,3000,3000,3000
3000,3000,3000,3000,3000,3000,3000,3000,3000
3000,3000,3000,3000,3000,3000,3000,3000,3000
3000,3000,3000,3000,3000,3000,3000,3000,3000
3000,3000,3000,3000,3000,3000,3000,3000,3000
3000,3000,3000,3000,3000,3000,3000,3000,3000
3000,3000,3000,3000,3000,3000,3000,3000,3000
3000,3000,3000,3000,3000,3000,3000,3000,3000
3000,3000,3000,3000,3000,3000,3000,3000,3000
3000,3000,3000,3000,3000,3000,3000,3000,3000
3000,3000,3000,3000,3000,3000,3000,3000,3000
3000,3000,3000,2999.97,3000,3000,3000,3000,3000
2980.55,2980.55,2980.55,2980.55,2980.55,2980.55,2980.55,2981.12,2983.64
3000,3000,3000,3000,3000,3000,3000,3000,3000
3000,3000,3000,3000,3000,3000,3000,3000,3000
3000,3000,3000,3000,3000,3000,3000,3000,3000
3000,3000,3000,3000,3000,3000,3000,3000,3000
3000,3000,3000,3000,3000,3000,3000,3000,3000
3000,3000,3000,3000,3000,3000,3000,3000,3000
3000,3000,3000,3000,3000,3000,3000,3000,3000
3000,3000,3000,3000,3000,3000,3000,3000,3000
3000,3000,3000,3000,3000,3000,3000,3000,3000
3000,3000,3000,3000,3000,3000,3000,3000,3000
3000,3000,3000,3000,3000,3000,3000,3000,3000
3000,3000,3000,3000,3000,3000,3000,3000,3000
3000,3000,3000,3000,3000,3000,3000,3000,3000
2982.99,2983.11,2983.2,2983.52,2983.52,2983.52,2983.52,2983.52,2983.52
3000,3000,3000,3000,3000,3000,3000,3000,3000
3000,3000,3000,3000,3000,3000,3000,3000,3000
3000,3000,3000,3000,3000,3000,3000,3000,3000
3000,3000,3000,3000,3000,3000,3000,3000,3000
3000,3000,3000,3000,3000,3000,3000,3000,3000
3000,3000,3000,3000,3000,3000,3000,3000,3000
3000,3000,3000,3000,3000,3000,3000,3000,3000
3000,3000,3000,3000,3000,3000,3000,3000,3000
3000,3000,3000,3000,3000,3000,3000,3000,3000
3000,3000,3000,3000,3000,3000,3000,3000,3000
3000,3000,3000,3000,3000,3000,3000,3000,3000
3000,3000,3000,3000,3000,3000,3000,3000,3000
3000,3000,3000,3000,3000,3000,3000,3000,3000
2996.27,2996.27,2996.27,2996.27,2996.27,2996.27,2996.27,2996.27,2996.27
3000,3000,3000,3000,3000,3000,3000,3000,3000
3000,3000,3000,3000,3000,3000,3000,3000,3000
3000,3000,3000,3000,3000,3000,3000,3000,3000
3000,3000,3000,3000,3000,3000,3000,3000,3000
3000,3000,3000,3000,3000,3000,3000,3000,3000
3000,3000,3000,3000,3000,3000,3000,3000,3000
3000,3000,3000,3000,3000,3000,3000,3000,3000
3000,3000,3000,3000,3000,3000,3000,3000,3000
3000,3000,3000,3000,3000,3000,3000,3000,3000
3000,3000,3000,3000,3000,3000,3000,3000,3000
3000,3000,3000,3000,3000,3000,3000,3000,3000
3000,3000,3000,3000,3000,3000,3000,3000,3000
3000,3000,3000,3000,3000,3000,3000,3000,3000
3000,3000,3000,3000,3000,3000,3000,3000,3000
3000,3000,3000,3000,3000,3000,3000,3000,3000
3000,3000,3000,3000,3000,3000,3000,3000,3000
3000,3000,3000,3000,3000,3000,3000,3000,3000
3000,3000,3000,3000,3000,3000,3000,3000,3000
3000,3000,3000,3000,3000,3000,3000,3000,3000
3000,3000,3000,3000,3000,3000,3000,3000,3000
3000,3000,3000,3000,3000,3000,3000,3000,3000
3000,3000,3000,3000,3000,3000,3000,3000,3000
3000,3000,3000,3000,3000,3000,3000,3000,3000
3000,3000,3000,3000,3000,3000,3000,3000,3000
3000,3000,3000,3000,3000,3000,3000,3000,3000
3000,3000,3000,3000,3000,3000,3000,3000,3000
3000,3000,3000,3000,3000,3000,3000,3000,3000
3000,3000,3000,3000,3000,3000,3000,3000,3000
3000,3000,3000,3000,3000,3000,3000,3000,3000
3000,3000,3000,3000,3000,3000,3000,3000,3000
3000,3000,3000,3000,3000,3000,3000,3000,3000
3000,3000,3000,3000,3000,3000,3000,3000,3000
3000,3000,3000,3000,3000,3000,3000,3000,3000
3000,3000,3000,3000,3000,3000,3000,3000,3000
3000,3000,3000,3000,3000,3000,3000,3000,3000
3000,3000,3000,3000,3000,3000,3000,3000,3000
3000,3000,3000,3000,3000,3000,3000,3000,3000
3000,3000,3000,3000,3000,3000,3000,3000,3000
3000,3000,3000,3000,3000,3000,3000,3000,3000
3000,3000,3000,3000,3000,3000,3000,3000,3000
3000,3000,3000,3000,3000,3000,3000,3000,3000
3000,3000,3000,3000,3000,3000,3000,3000,3000
3000,3000,3000,3000,3000,3000,3000,3000,3000
3000,3000,3000,3000,3000,3000,3000,3000,3000
3000,3000,3000,3000,3000,3000,3000,3000,3000
3000,3000,3000,3000,3000,3000,3000,3000,3000
3000,3000,3000,3000,3000,3000,3000,3000,3000
3000,3000,3000,3000,3000,3000,3000,3000,3000
3000,3000,3000,3000,3000,3000,3000,3000,3000
3000,3000,3000,3000,3000,3000,3000,3000,3000
3000,3000,3000,3000,3000,3000,3000,3000,3000
3000,3000,3000,3000,3000,3000,3000,3000,3000
3000,3000,3000,3000,3000,3000,3000,3000,3000
3000,3000,3000,3000,3000,3000,3000,3000,3000
3000,3000,3000,3000,3000,3000,3000,3000,3000
3000,3000,3000,3000,3000,3000,3000,3000,3000
3000,3000,3000,3000,3000,3000,3000,3000,3000
3000,3000,3000,3000,3000,3000,3000,3000,3000
3000,3000,3000,3000,3000,3000,3000,3000,3000
3000,3000,3000,3000,3000,3000,3000,3000,3000
3000,3000,3000,3000,3000,3000,3000,3000,3000
3000,3000,3000,3000,3000,3000,3000,3000,3000
3000,3000,3000,3000,3000,3000,3000,3000,3000
3000,3000,3000,3000,3000,3000,3000,3000,3000
3000,3000,3000,3000,3000,3000,3000,3000,3000
3000,3000,3000,3000,3000,3000,3000,3000,3000
3000,3000,3000,3000,3000,3000,3000,3000,3000
3000,3000,3000,3000,3000,3000,3000,3000,3000
3000,3000,3000,3000,3000,3000,3000,3000,3000
3000,3000,3000,3000,3000,3000,3000,3000,3000
3000,3000,3000,3000,3000,3000,3000,3000,3000
3000,3000,3000,3000,3000,3000,3000,3000,3000
3000,3000,3000,3000,3000,3000,3000,3000,3000
3000,3000,3000,3000,3000,3000,3000,3000,3000
3000,3000,3000,3000,3000,3000,3000,3000,3000
3000,3000,3000,3000,3000,3000,3000,3000,3000
3000,3000,3000,3000,3000,3000,3000,3000,3000
3000,3000,3000,3000,3000,3000,3000,3000,3000
3000,3000,3000,3000,3000,3000,3000,3000,3000
3000,3000,3000,3000,3000,3000,3000,3000,3000
3000,3000,3000,3000,3000,3000,3000,3000,3000
3000,3000,3000,3000,3000,3000,3000,3000,3000
2999.82,3000,3000,3000,3000,3000,3000,3000,3000
2993.08,2992.89,2993.11,2993.08,2993.08,2993.08,2993.08,2993.08,2993.08
2995.35,2995.35,2995.35,2995.45,2995.35,2995.35,2995.35,2995.35,2995.35
3000,3000,3000,3000,3000,3000,3000,3000,3000
3000,2999.99,3000,3000,3000.08,3000,3000,3000,3000
2999.98,3000,3000,3000,3000.11,3000,3000,3000,3000
3000,3000,3000,3000,3000,3000,3000,3000,3000
3000,3000,3000,3000,3000,3000,3000,3000,3000
3000,3000,3000,3000,3000,3000,3000,3000,3000
3000,3000,3000,3000,3000,3000,3000,3000,3000
3000,3000,3000,3000,3000,3000,3000,3000,3000
3000,3000,3000,3000,3000,3000,3000,3000,3000
3000,3000,3000,3000,3000,3000,3000,3000,3000
3000,3000,3000,3000,3000,3000,3000,3000,3000
3000,3000,3000,3000,3000,3000,3000,3000,3000
2993.27,2993.27,2993.08,2993.08,2993.27,2993.08,2993.08,2993.08,2993.08
2995.69,2995.68,2995.68,2995.68,2995.68,2995.68,2995.68,2995.68,2995.68
3000,3000,3000,3000,3000,3000,3000.08,3000,3000
3000,3000.07,3000,3000,3000,3000,3000,3000,3000
3000,3000,3000,3000,3000,3000,3000,3000,3000
3000,3000,3000,3000,3000,3000,3000,3000,3000
3000,3000,3000,3000,3000,3000,3000,3000,3000
3000,3000,3000,3000,3000,3000,3000,3000,3000
3000,3000,3000,3000,3000,3000,3000,3000,3000
3000,3000,3000,3000,3000,3000,3000,3000,3000
3000,3000,3000,3000,3000,3000,3000,3000,3000
3000,3000,3000,3000,3000,3000,3000,3000,3000
3000,3000,3000,3000,3000,3000,3000,3000,3000
3000,3000,3000,3000,3000,3000,3000,3000,3000
2983.4,2983.4,2983.4,2983.4,2983.4,2983.4,2983.4,2983.4,2983.4
3000,3000,3000,3000,3000,3000,3000,3000,3000
3000,3000,3000,3000,3000,3000,3000,3000,3000
3000,3000,3000,3000,3000,3000,3000,3000,3000
3000,3000,3000,3000,3000,3000,3000,3000,3000
3000,3000,3000,3000,3000,3000,3000,3000,3000
3000,3000,3000,3000,3000,3000,3000,3000,3000
3000,3000,3000,3000,3000,3000,3000,3000,3000
3000,3000,3000,3000,3000,3000,3000,3000,3000
3000,3000,3000,3000,3000,3000,3000,3000,3000
3000,3000,3000,3000,3000,3000,3000,3000,3000
3000,3000,3000,3000,3000,3000,3000,3000,3000
3000,3000,3000,3000,3000,3000,3000,3000,3000
3000,3000,3000,3000,3000,3000,3000,3000,3000
2985.99,2985.98,2983.03,2985.99,2985.99,2985.99,2985.99,2985.99,2985.99
3028.65,3000,3000,3000,3000,3000,3000,3000,3000
3000,3000,3000,3000,3000,3000,3000,3000,3000
3000,3000,3000,3000,3000,3000,3000,3000,3000
3000,3000,3000,3000,3000,3000,3000,3000,3000
3000,3000,3000,3000,3000,3000,3000,3000,3000
3000,3000,3000,3000,3000,3000,3000,3000,3000
3000,3000,3000,3000,3000,3000,3000,3000,3000
3000,3000,3000,3000,3000,3000,3000,3000,3000
3000,3000,3000,3000,3000,3000,3000,3000,3000
3000,3000,3000,3000,3000,3000,3000,3000,3000
3000,3000,3000,3000,3000,3000,3000,3000,3000
3000,3000,3000,3000,3000,3000,3000,3000,3000
2996.95,2996.95,2997.23,2997.23,2996.96,2997.24,2997.23,2997.21,2997.23
2991.9,2991.9,2991.9,2991.9,2991.9,2991.9,2991.9,2991.9,2991.9
3000,3000,3000,3000,3000,3000,3000,3000,3000
3000,3000,3000,3000,3000,3000,3000,3000,3000
3000,3000,3000,3000,3000,3000,3000,3000,3000
3000,3000,3000,3000,3000,3000,3000,3000,3000
3000,3000,3000,3000,3000,3000,3000,3000,3000
3000,3000,3000,3000,3000,3000,3000,3000,3000
3000,3000,3000,3000,3000,3000,3000,3000,3000
3000,3000,3000,3000,3000,3000,3000,3000,3000
3000,3000,3000,3000,3000,3000,3000,3000,3000
3000,3000,3000,3000,3000,3000,3000,3000,3000
3000,3000,3000,3000,3000,3000,3000,3000,3000
3000,3000,3000,3000,3000,3000,3000,3000,3000
3000,3000,3000,3000,3000,3000,3000,3000,3000
2996.28,2996.28,2996.28,2996.28,2996.28,2996.28,2996.28,2996.28,2996.28
3000,3000,3000,3000,3000,3000,3000,3000,3000
3000,3000,3000,3000,3000,3000,3000,3000,3000
3000,3000,3000,3000,3000,3000,3000,3000,3000
3000,3000,3000,3000,3000,3000,3000,3000,3000
3000,3000,3000,3000,3000,3000,3000,3000,3000
3000,3000,3000,3000,3000,3000,3000,3000,3000
3000,3000,3000,3000,3000,3000,3000,3000,3000
3000,3000,3000,3000,3000,3000,3000,3000,3000
3000,3000,3000,3000,3000,3000,3000,3000,3000
3000,3000,3000,3000,3000,3000,3000,3000,3000
3000,3000,3000,3000,3000,3000,3000,3000,3000
3000,3000,3000,3000,3000,3000,3000,3000,3000
3000,3000,3000,3000,3000,3000,3000,3000,3000
3000,3000,3000,3000,3000,3000,3000,3000,3000
3000,3000,3000,3000,3000,3000,3000,3000,3000
3000,3000,3000,3000,3000,3000,3000,3000,3000
3000,3000,3000,3000,3000,3000,3000,3000,3000
3000,3000,3000,3000,3000,3000,3000,3000,3000
3000,3000,3000,3000,3000,3000,3000,3000,3000
3000,3000,3000,3000,3000,3000,3000,3000,3000
3000,3000,3000,3000,3000,3000,3000,3000,3000
3000,3000,3000,3000,3000,3000,3000,3000,3000
3000,3000,3000,3000,3000,3000,3000,3000,3000
3000,3000,3000,3000,3000,3000,3000,3000,3000
3000,3000,3000,3000,3000,3000,3000,3000,3000
3000,3000,3000,3000,3000,3000,3000,3000,3000
3000,3000,3000,3000,3000,3000,3000,3000,3000
3000,3000,3000,3000,3000,3000,3000,3000,3000
3000,3000,3000,3000,3000,3000,3000,3000,3000
3000,3000,3000,3000,3000,3000,3000,3000,3000
3000,3000,3000,3000,3000,3000,3000,3000,3000
3000,3000,3000,3000,3000,3000,3000,3000,3000
3000,3000,3000,3000,3000,3000,3000,3000,3000
3000,3000,3000,3000,3000,3000,3000,3000,3000
3000,3000,3000,3000,3000,3000,3000,3000,3000
3000,3000,3000,3000,3000,3000,3000,3000,3000
3000,3000,3000,3000,3000,3000,3000,3000,3000
3000,3000,3000,3000,3000,3000,3000,3000,3000
3000,3000,3000,3000,3000,3000,3000,3000,3000
3000,3000,3000,3000,3000,3000,3000,3000,3000
3000,3000,3000,3000,3000,3000,3000,3000,3000
3000,3000,3000,3000,3000,3000,3000,3000,3000
3000,3000,3000,3000,3000,3000,3000,3000,3000
3000,3000,3000,3000,3000,3000,3000,3000,3000
3000,3000,3000,3000,3000,3000,3000,3000,3000
3000,3000,3000,3000,3000,3000,3000,3000,3000
3000,3000,3000,3000,3000,3000,3000,3000,3000
3000,3000,3000,3000,3000,3000,3000,3000,3000
3000,3000,3000,3000,3000,3000,3000,3000,3000
3000,3000,3000,3000,3000,3000,3000,3000,3000
3000,3000,3000,3000,3000,3000,3000,3000,3000
3000,3000,3000,3000,3000,3000,3000,3000,3000
3000,3000,3000,3000,3000,3000,3000,3000,3000
3000,3000,3000,3000,3000,3000,3000,3000,3000
3000,3000,3000,3000,3000,3000,3000,3000,3000
3000,3000,3000,3000,3000,3000,3000,3000,3000
3000,3000,3000,3000,3000,3000,3000,3000,3000
3000,3000,3000,3000,3000,3000,3000,3000,3000
3000,3000,3000,3000,3000,3000,3000,3000,3000
3000,3000,3000,3000,3000,3000,3000,3000,3000
3000,3000,3000,3000,3000,3000,3000,3000,3000
3000,3000,3000,3000,3000,3000,3000,3000,3000
3000,3000,3000,3000,3000,3000,3000,3000,3000
3000,3000,3000,3000,3000,3000,3000,3000,3000
3000,3000,3000,3000,3000,3000,3000,3000,3000
3000,3000,3000,3000,3000,3000,3000,3000,3000
3000,3000,3000,3000,3000,3000,3000,3000,3000
3000,3000,3000,3000,3000,3000,3000,3000,3000
3000,3000,3000,3000,3000,3000,3000,3000,3000
3000,3000,3000,3000,3000,3000,3000,3000,3000
3000,3000,3000,3000,3000,3000,3000,3000,3000
3000,3000,3000,3000,3000,3000,3000,3000,3000
3000,3000,3000,3000,3000,3000,3000,3000,3000
3000,3000,3000,3000,3000,3000,3000,3000,3000
3000,3000,3000,3000,3000,3000,3000,3000,3000
3000,3000,3000,3000,3000,3000,3000,3000,3000
3000,3000,3000,3000,3000,3000,3000,3000,3000
3000,3000,3000,3000,3000,3000,3000,3000,3000
3000,3000,3000,3000,3000,3000,3000,3000,3000
3000,3000,3000,3000,3000,3000,3000,3000,3000
3000,3000,3000,3000,3000,3000,3000,3000,3000
3000,3000,3000,3000,3000,3000,3000,3000,3000
3000,3000,3000,3000,3000,3000,3000,3000,3000
2998.03,2998.03,2998.03,2998.03,2998.03,2998.03,2998.03,2998.03,2998.03
3000,3000,3000,3000,3000,3000,3000,3000,3000
3000.07,3000,3000,3000,3000,3000,3000,3000,3000
3000,3000,3000,3000,3000,3000,3000,3000,3000
3000,3000,3000,3000,3000,3000,3000,3000,3000
3000,3000,3000,3000,3000,3000,3000,3000,3000
3000,3000,3000,3000,3000,3000,3000,3000,3000
3000,3000,3000,3000,3000,3000,3000,3000,3000
3000,3000,3000,3000,3000,3000,3000,3000,3000
3000,3000,3000,3000,3000,3000,3000,3000,3000
3000,3000,3000,3000,3000,3000,3000,3000,3000
3000,3000,3000,3000,3000,3000,3000,3000,3000
3000,3000,3000,3000,3000,3000,3000,3000,3000
3000,3000,3000,3000,3000,3000,3000,3000,3000
2998.03,2998.03,2998.03,2998.03,2998.03,2998.03,2998.03,2998.03,2998.03
3000,3000,3000,3000,3000,3000,3000,3000,3000
3000,3000,3000,3000,3000,3000,3000,3000,3000
3000,3000,3000,3000,3000,3000,3000,3000,3000
3000,3000,3000,3000,3000,3000,3000,3000,3000
3000,3000,3000,3000,3000,3000,3000,3000,3000
3000,3000,3000,3000,3000,3000,3000,3000,3000
3000,3000,3000,3000,3000,3000,3000,3000,3000
3000,3000,3000,3000,3000,3000,3000,3000,3000
3000,3000,3000,3000,3000,3000,3000,3000,3000
3000,3000,3000,3000,3000,3000,3000,3000,3000
3000,3000,3000,3000,3000,3000,3000,3000,3000
3000,3000,3000,3000,3000,3000,3000,3000,3000
3000,3000,3000,3000,3000,3000,3000,3000,3000
2994.03,2994.03,2994.03,2994.03,2994.03,2994.03,2994.03,2994.03,2994.03
3000,3000,3000,3000,3000,3000,3000,3000,3000
3000,3000,3000,3000,3000,3000,3000,3000,3000
3000,3000,3000,3000,3000,3000,3000,3000,3000
3000,3000,3000,3000,3000,3000,3000,3000,3000
3000,3000,3000,3000,3000,3000,3000,3000,3000
3000,3000,3000,3000,3000,3000,3000,3000,3000
3000,3000,3000,3000,3000,3000,3000,3000,3000
3000,3000,3000,3000,3000,3000,3000,3000,3000
3000,3000,3000,3000,3000,3000,3000,3000,3000
3000,3000,3000,3000,3000,3000,3000,3000,3000
3000,3000,3000,3000,3000,3000,3000,3000,3000
3000,3000,3000,3000,3000,3000,3000,3000,3000
3000,3000,3000,3000,3000,3000,3000,3000,3000
2992.27,2992.27,2992.27,2992.27,2992.27,2992.27,2992.27,2992.27,2992.27
3000,3000,3000,3000,3000,3000,3000,3000,3000
3000,3000,3000,3000,3000,3000,3000,3000,3000
3000,3000,3000,3000,3000,3000,3000,3000,3000
3000,3000,3000,3000,3000,3000,3000,3000,3000
3000,3000,3000,3000,3000,3000,3000,3000,3000
3000,3000,3000,3000,3000,3000,3000,3000,3000
3000,3000,3000,3000,3000,3000,3000,3000,3000
3000,3000,3000,3000,3000,3000,3000,3000,3000
3000,3000,3000,3000,3000,3000,3000,3000,3000
3000,3000,3000,3000,3000,3000,3000,3000,3000
3000,3000,3000,3000,3000,3000,3000,3000,3000
3000,3000,3000,3000,3000,3000,3000,3000,3000
3000,3000,3000,3000,3000,3000,3000,3000,3000
2992.24,2992.24,2992.24,2992.24,2992.24,2992.24,2992.24,2992.24,2992.24
3000,3000,3000,3000,3000,3000,3000,3000,3000
3029.48,3000,3000,3000,3000,3000,3000,3000,3000
3000,3000,3000,3000,3000,3000,3000,3000,3000
3000,3000,3000,3000,3000,3000,3000,3000,3000
3000,3000,3000,3000,3000,3000,3000,3000,3000
3000,3000,3000,3000,3000,3000,3000,3000,3000
3000,3000,3000,3000,3000,3000,3000,3000,3000
3000,3000,3000,3000,3000,3000,3000,3000,3000
3000,3000,3000,3000,3000,3000,3000,3000,3000
3000,3000,3000,3000,3000,3000,3000,3000,3000
3000,3000,3000,3000,3000,3000,3000,3000,3000
3000,3000,3000,3000,3000,3000,3000,3000,3000
3000,3000,3000,3000,3000,3000,3000,3000,3000
2996.27,2996.27,2996.27,2996.27,2996.27,2996.27,2996.27,2996.27,2996.27
3000,3000,3000,3000,3000,3000,3000,3000,3000
3000,3000,3000,3000,3000,3000,3000,3000,3000
3000,3000,3000,3000,3000,3000,3000,3000,3000
3000,3000,3000,3000,3000,3000,3000,3000,3000
3000,3000,3000,3000,3000,3000,3000,3000,3000
3000,3000,3000,3000,3000,3000,3000,3000,3000
3000,3000,3000,3000,3000,3000,3000,3000,3000
3000,3000,3000,3000,3000,3000,3000,3000,3000
3000,3000,3000,3000,3000,3000,3000,3000,3000
3000,3000,3000,3000,3000,3000,3000,3000,3000
3000,3000,3000,3000,3000,3000,3000,3000,3000
3000,3000,3000,3000,3000,3000,3000,3000,3000
3000,3000,3000,3000,3000,3000,3000,3000,3000
3000,3000,3000,3000,3000,3000,3000,3000,3000
3000,3000,3000,3000,3000,3000,3000,3000,3000
3000,3000,3000,3000,3000,3000,3000,3000,3000
3000,3000,3000,3000,3000,3000,3000,3000,3000
3000,3000,3000,3000,3000,3000,3000,3000,3000
3000,3000,3000,3000,3000,3000,3000,3000,3000
3000,3000,3000,3000,3000,3000,3000,3000,3000
3000,3000,3000,3000,3000,3000,3000,3000,3000
3000,3000,3000,3000,3000,3000,3000,3000,3000
3000,3000,3000,3000,3000,3000,3000,3000,3000
3000,3000,3000,3000,3000,3000,3000,3000,3000
3000,3000,3000,3000,3000,3000,3000,3000,3000
3000,3000,3000,3000,3000,3000,3000,3000,3000
3000,3000,3000,3000,3000,3000,3000,3000,3000
3000,3000,3000,3000,3000,3000,3000,3000,3000
3000,3000,3000,3000,3000,3000,3000,3000,3000
3000,3000,3000,3000,3000,3000,3000,3000,3000
3000,3000,3000,3000,3000,3000,3000,3000,3000
3000,3000,3000,3000,3000,3000,3000,3000,3000
3000,3000,3000,3000,3000,3000,3000,3000,3000
3000,3000,3000,3000,3000,3000,3000,3000,3000
3000,3000,3000,3000,3000,3000,3000,3000,3000
3000,3000,3000,3000,3000,3000,3000,3000,3000
3000,3000,3000,3000,3000,3000,3000,3000,3000
3000,3000,3000,3000,3000,3000,3000,3000,3000
3000,3000,3000,3000,3000,3000,3000,3000,3000
3000,3000,3000,3000,3000,3000,3000,3000,3000
3000,3000,3000,3000,3000,3000,3000,3000,3000
3000,3000,3000,3000,3000,3000,3000,3000,3000
3000,3000,3000,3000,3000,3000,3000,3000,3000
3000,3000,3000,3000,3000,3000,3000,3000,3000
3000,3000,3000,3000,3000,3000,3000,3000,3000
3000,3000,3000,3000,3000,3000,3000,3000,3000
3000,3000,3000,3000,3000,3000,3000,3000,3000
3000,3000,3000,3000,3000,3000,3000,3000,3000
3000,3000,3000,3000,3000,3000,3000,3000,3000
3000,3000,3000,3000,3000,3000,3000,3000,3000
3000,3000,3000,3000,3000,3000,3000,3000,3000
3000,3000,3000,3000,3000,3000,3000,3000,3000
3000,3000,3000,3000,3000,3000,3000,3000,3000
3000,3000,3000,3000,3000,3000,3000,3000,3000
3000,3000,3000,3000,3000,3000,3000,3000,3000
3000,3000,3000,3000,3000,3000,3000,3000,3000
3000,3000,3000,3000,3000,3000,3000,3000,3000
3000,3000,3000,3000,3000,3000,3000,3000,3000
3000,3000,3000,3000,3000,3000,3000,3000,3000
3000,3000,3000,3000,3000,3000,3000,3000,3000
3000,3000,3000,3000,3000,3000,3000,3000,3000
3000,3000,3000,3000,3000,3000,3000,3000,3000
3000,3000,3000,3000,3000,3000,3000,3000,3000
3000,3000,3000,3000,3000,3000,3000,3000,3000
3000,3000,3000,3000,3000,3000,3000,3000,3000
3000,3000,3000,3000,3000,3000,3000,3000,3000
3000,3000,3000,3000,3000,3000,3000,3000,3000
3000,3000,3000,3000,3000,3000,3000,3000,3000
3000,3000,3000,3000,3000,3000,3000,3000,3000
3000,3000,3000,3000,3000,3000,3000,3000,3000
3000,3000,3000,3000,3000,3000,3000,3000,3000
3000,3000,3000,3000,3000,3000,3000,3000,3000
3000,3000,3000,3000,3000,3000,3000,3000,3000
3000,3000,3000,3000,3000,3000,3000,3000,3000
3000,3000,3000,3000,3000,3000,3000,3000,3000
3000,3000,3000,3000,3000,3000,3000,3000,3000
3000,3000,3000,3000,3000,3000,3000,3000,3000
3000,3000,3000,3000,3000,3000,3000,3000,3000
3000,3000,3000,3000,3000,3000,3000,3000,3000
3000,3000,3000,3000,3000,3000,3000,3000,3000
3000,3000,3000,3000,3000,3000,3000,3000,3000
3000,3000,3000,3000,3000,3000,3000,3000,3000
3000,3000,3000,3000,3000,3000,3000,3000,3000
3000,3000,3000,3000,3000,3000,3000,3000,3000
3000,3000,3000,3000,3000,3000,3000,3000,3000
3000,3000,3000,3000,3000,3000,3000,3000,3000
3000,3000,3000,3000,3000,3000,3000,3000,3000
3000,3000,3000,3000,3000,3000,3000,3000,3000
3000,3000,3000,3000,3000,3000,3000,3000,3000
3000,3000,3000,3000,3000,3000,3000,3000,3000
3000,3000,3000,3000,3000,3000,3000,3000,3000
3000,3000,3000,3000,3000,3000,3000,3000,3000
3000,3000,3000,3000,3000,3000,3000,3000,3000
3000,3000,3000,3000,3000,3000,3000,3000,3000
3000,3000,3000,3000,3000,3000,3000,3000,3000
3000,3000,3000,3000,3000,3000,3000,3000,3000
3000,3000,3000,3000,3000,3000,3000,3000,3000
3000,3000,3000,3000,3000,3000,3000,3000,3000
3000,3000,3000,3000,3000,3000,3000,3000,3000
3000,3000,3000,3000,3000,3000,3000,3000,3000
3000,3000,3000,3000,3000,3000,3000,3000,3000
3000,3000,3000,3000,3000,3000,3000,3000,3000
3000,3000,3000,3000,3000,3000,3000,3000,3000
3000,3000,3000,3000,3000,3000,3000,3000,3000
3000,3000,3000,3000,3000,3000,3000,3000,3000
3000,3000,3000,3000,3000,3000,3000,3000,3000
3000,3000,3000,3000,3000,3000,3000,3000,3000
3000,3000,3000,3000,3000,3000,3000,3000,3000
3000,3000,3000,3000,3000,3000,3000,3000,3000
3000,3000,3000,3000,3000,3000,3000,3000,3000
3000,3000,3000,3000,3000,3000,3000,3000,3000
3000,3000,3000,3000,3000,3000,3000,3000,3000
3000,3000,3000,3000,3000,3000,3000,3000,3000
3000,3000,3000,3000,3000,3000,3000,3000,3000
3000,3000,3000,3000,3000,3000,3000,3000,3000
3000,3000,3000,3000,3000,3000,3000,3000,3000
3000,3000,3000,3000,3000,3000,3000,3000,3000
3000,3000,3000,3000,3000,3000,3000,3000,3000
3000,3000,3000,3000,3000,3000,3000,3000,3000
3000,3000,3000,3000,3000,3000,3000,3000,3000
3000,3000,3000,3000,3000,3000,3000,3000,3000
3000,3000,3000,3000,3000,3000,3000,3000,3000
3000,3000,3000,3000,3000,3000,3000,3000,3000
3000,3000,3000,3000,3000,3000,3000,3000,3000
3000,3000,3000,3000,3000,3000,3000,3000,3000
3000,3000,3000,3000,3000,3000,3000,3000,3000
3000,3000,3000,3000,3000,3000,3000,3000,3000
3000,3000,3000,3000,3000,3000,3000,3000,3000
3000,3000,3000,3000,3000,3000,3000,3000,3000
3000,3000,3000,3000,3000,3000,3000,3000,3000
3000,3000,3000,3000,3000,3000,3000,3000,3000
3000,3000,3000,3000,3000,3000,3000,3000,3000
3000,3000,3000,3000,3000,3000,3000,3000,3000
3000,3000,3000,3000,3000,3000,3000,3000,3000
3000,3000,3000,3000,3000,3000,3000,3000,3000
3000,3000,3000,3000,3000,3000,3000,3000,3000
3000,3000,3000,3000,3000,3000,3000,3000,3000
3000,3000,3000,3000,3000,3000,3000,3000,3000
3000,3000,3000,3000,3000,3000,3000,3000,3000
3000,3000,3000,3000,3000,3000,3000,3000,3000
3000,3000,3000,3000,3000,3000,3000,3000,3000
3000,3000,3000,3000,3000,3000,3000,3000,3000
3000,3000,3000,3000,3000,3000,3000,3000,3000
3000,3000,3000,3000,3000,3000,3000,3000,3000
3000,3000,3000,3000,3000,3000,3000,3000,3000
3000,3000,3000,3000,3000,3000,3000,3000,3000
3000,3000,3000,3000,3000,3000,3000,3000,3000
3000,3000,3000,3000,3000,3000,3000,3000,3000
3000,3000,3000,3000,3000,3000,3000,3000,3000
3000,3000,3000,3000,3000,3000,3000,3000,3000
3000,3000,3000,3000,3000,3000,3000,3000,3000
3000,3000,3000,3000,3000,3000,3000,3000,3000
3000,3000,3000,3000,3000,3000,3000,3000,3000
3000,3000,3000,3000,3000,3000,3000,3000,3000
3000,3000,3000,3000,3000,3000,3000,3000,3000
3000,3000,3000,3000,3000,3000,3000,3000,3000
3029.7,3000,3000,3000,3000,3000,3000,3000,3000
3000,3000,3000,3000,3000,3000,3000,3000,3000
3000,3000,3000,3000,3000,3000,3000,3000,3000
3000,3000,3000,3000,3000,3000,3000,3000,3000
3000,3000,3000,3000,3000,3000,3000,3000,3000
3000,3000,3000,3000,3000,3000,3000,3000,3000
3000,3000,3000,3000,3000,3000,3000,3000,3000
3000,3000,3000,3000,3000,3000,3000,3000,3000
3000,3000,3000,3000,3000,3000,3000,3000,3000
3000,3000,3000,3000,3000,3000,3000,3000,3000
3000,3000,3000,3000,3000,3000,3000,3000,3000
3000,3000,3000,3000,3000,3000,3000,3000,3000
3000,3000,3000,3000,3000,3000,3000,3000,3000
3000,3000,3000,3000,3000,3000,3000,3000,3000
3000,3000,3000,3000,3000,3000,3000,3000,3000
3000,3000,3000,3000,3000,3000,3000,3000,3000
3000,3000,3000,3000,3000,3000,3000,3000,3000
3000,3000,3000,3000,3000,3000,3000,3000,3000
3000,3000,3000,3000,3000,3000,3000,3000,3000
3000,3000,3000,3000,3000,3000,3000,3000,3000
3000,3000,3000,3000,3000,3000,3000,3000,3000
3000,3000,3000,3000,3000,3000,3000,3000,3000
3000,3000,3000,3000,3000,3000,3000,3000,3000
3000,3000,3000,3000,3000,3000,3000,3000,3000
3000,3000,3000,3000,3000,3000,3000,3000,3000
3000,3000,3000,3000,3000,3000,3000,3000,3000
3000,3000,3000,3000,3000,3000,3000,3000,3000
3000,3000,3000,3000,3000,3000,3000,3000,3000
3000,3000,3000,3000,3000,3000,3000,3000,3000
3000,3000,3000,3000,3000,3000,3000,3000,3000
3000,3000,3000,3000,3000,3000,3000,3000,3000
3000,3000,3000,3000,3000,3000,3000,3000,3000
3000,3000,3000,3000,3000,3000,3000,3000,3000
3000,3000,3000,3000,3000,3000,3000,3000,3000
3000,3000,3000,3000,3000,3000,3000,3000,3000
3000,3000,3000,3000,3000,3000,3000,3000,3000
3000,3000,3000,3000,3000,3000,3000,3000,3000
3000,3000,3000,3000,3000,3000,3000,3000,3000
3000,3000,3000,3000,3000,3000,3000,3000,3000
3000,3000,3000,3000,3000,3000,3000,3000,3000
3000,3000,3000,3000,3000,3000,3000,3000,3000
3000,3000,3000,3000,3000,3000,3000,3000,3000
3000,3000,3000,3000,3000,3000,3000,3000,3000
3000,3000,3000,3000,3000,3000,3000,3000,3000
3000,3000,3000,3000,3000,3000,3000,3000,3000
3000,3000,3000,3000,3000,3000,3000,3000,3000
3000,3000,3000,3000,3000,3000,3000,3000,3000
3000,3000,3000,3000,3000,3000,3000,3000,3000
3000,3000,3000,3000,3000,3000,3000,3000,3000
3000,3000,3000,3000,3000,3000,3000,3000,3000
3000,3000,3000,3000,3000,3000,3000,3000,3000
3000,3000,3000,3000,3000,3000,3000,3000,3000
3000,3000,3000,3000,3000,3000,3000,3000,3000
3000,3000,3000,3000,3000,3000,3000,3000,3000
3000,3000,3000,3000,3000,3000,3000,3000,3000
3000,3000,3000,3000,3000,3000,3000,3000,3000
3000,3000,3000,3000,3000,3000,3000,3000,3000
3000,3000,3000,3000,3000,3000,3000,3000,3000
3000,3000,3000,3000,3000,3000,3000,3000,3000
3000,3000,3000,3000,3000,3000,3000,3000,3000
3000,3000,3000,3000,3000,3000,3000,3000,3000
3000,3000,3000,3000,3000,3000,3000,3000,3000
3000,3000,3000,3000,3000,3000,3000,3000,3000
3000,3000,3000,3000,3000,3000,3000,3000,3000
3000,3000,3000,3000,3000,3000,3000,3000,3000
3000,3000,3000,3000,3000,3000,3000,3000,3000
3000,3000,3000,3000,3000,3000,3000,3000,3000
3000,3000,3000,3000,3000,3000,3000,3000,3000
3000,3000,3000,3000,3000,3000,3000,3000,3000
3000,3000,3000,3000,3000,3000,3000,3000,3000
3000,3000,3000,3000,3000,3000,3000,3000,3000
3000,3000,3000,3000,3000,3000,3000,3000,3000
3000,3000,3000,3000,3000,3000,3000,3000,3000
3000,3000,3000,3000,3000,3000,3000,3000,3000
3000,3000,3000,3000,3000,3000,3000,3000,3000
3000,3000,3000,3000,3000,3000,3000,3000,3000
3000,3000,3000,3000,3000,3000,3000,3000,3000
