Return	Episode_length
-706.996	127
-738.414	102
-771.323	98
-804.601	89
-791.454	100
-767.878	99
-719.259	120
-661.014	152
-762.845	96
-762.872	110
-806.138	78
-755.86	113
-772.554	93
-794.998	100
-785.425	87
-826.237	78
-819.055	68
-903.035	35
-790.888	81
-833.815	60
-861.314	62
-829.929	63
-770.923	88
-785.758	88
-905.885	35
-858.806	60
-826.097	65
-852.968	70
-760.033	98
-805.913	88
-796.752	84
-802.007	80
-815.609	74
-877.708	47
-881.126	45
-852.08	58
-847.414	64
-925.73	30
-933.532	25
-922.482	32
-927.62	29
-908.66	40
-928.805	28
-932.505	26
-931.894	26
-932.853	25
-932.944	25
-932.691	26
-932.483	26
-931.773	26
-930.106	27
-924.26	28
-928.72	28
-862.22	53
-803.623	83
-857.234	53
-896.918	40
-834.154	66
-850.661	58
-882.897	45
-914.579	52
-902.538	60
-891.785	59
-910.541	35
-909.7	35
-804.212	81
-862.239	56
-900.15	39
-845.587	60
-919.225	30
-859.584	54
-840.436	62
-852.73	60
-808.727	78
-913.02	33
-901.5	37
-905.717	36
-879.435	48
-884.86	59
-835.335	65
-821.626	78
-860.391	54
-920.467	30
-873.823	77
-877.621	50
-911.989	33
-801.815	79
-855.599	55
-823.189	68
-923.31	30
-844.54	65
-843.025	62
-927.7	28
-873.789	49
-927.445	28
-834.906	62
-912.466	34
-881.442	47
-789.364	89
-909.202	36
-903.261	38
-860.57	51
-844.209	59
-834.013	79
-768.585	101
-823.162	73
-835.303	66
-848.861	68
-898.514	41
-875.245	53
-854.398	61
-890.15	44
-845.989	64
-781.56	90
-812.193	73
-855.975	52
-856.534	54
-869.004	49
-916.472	33
-823.306	65
-909.705	39
-912.495	34
-902.196	38
-824.952	67
-869.799	60
-871.786	50
-886.286	65
-848.296	60
-818.302	74
-831.623	64
-834.379	69
-873.301	48
-870.263	50
-840.731	66
-885.264	44
-823.139	66
-816.801	78
-814.335	74
-863.326	56
-876.539	46
-846.15	57
-892.598	41
-747.183	105
-885.503	45
-856.272	58
-777.271	86
-825.575	71
-759.023	96
-719.281	123
-793.929	93
-825.017	66
-818.706	69
-764.026	114
-906.504	37
-850.756	56
-769.636	92
-803.621	83
-757.33	103
-755.409	106
-726.81	115
-788.136	107
-726.48	117
-739.356	104
-715.749	117
-803.315	80
-740.523	103
-725.505	111
-779.344	110
-847.061	78
-712.781	121
-823.266	87
-748.174	108
-837.485	70
-685.81	153
-728.483	122
-747.182	102
-675.726	143
-737.134	104
-630.365	166
-748.361	103
-830.876	72
-737.95	113
-840.402	89
-802.764	79
-856.685	70
-842.332	70
-709.701	121
-770.118	97
-721.444	121
-778.115	90
-813.415	80
-844.305	65
-832.827	74
-822.178	69
-861.742	55
-822.108	72
-799.31	79
-856.933	54
-772.417	90
-728.979	138
-837.126	69
-796.492	97
-836.388	71
-803.186	84
-892.7	41
-812.278	73
-764.23	89
-839.557	64
-828.691	65
-782.927	84
-816.746	72
-873.313	50
-838.818	72
-815.184	82
-815.611	104
-833.667	70
-766.031	92
-830.171	65
-763.409	109
-836.361	64
-871.515	46
-861.852	60
-853.408	76
-865.187	52
-884.883	45
-847.889	63
-883.467	43
-892.179	43
-825.419	65
-881.162	74
-850.404	54
-916.499	32
-807.097	70
-724.874	119
-891.673	54
-874.274	72
-888.262	42
-792.293	85
-814.428	78
-911.539	44
-867.819	70
-905.983	37
-895.002	47
-907.133	50
-909.495	43
-906.126	52
-885.405	71
-905.644	41
-877.877	64
-887.578	79
-799.106	119
-862.138	102
-860.461	54
-818.637	90
-836.39	72
-818.572	87
-809.943	81
-788.69	85
-841.495	65
-855.145	63
-877.152	50
-809.545	85
-790.248	86
-889.963	60
-913.52	52
-842.165	92
-847.73	73
-818.87	78
-889.396	57
-773.369	93
-876.001	60
-885.036	57
-895.009	57
-774.944	94
-720.966	133
-812.314	75
-814.079	74
-767.311	95
-836.787	61
-857.389	60
-907.821	36
-920.01	38
-928.695	31
-931.606	28
-907.622	39
-750.421	107
-850.551	83
-911.098	53
-911.278	35
-929.755	28
-892.642	41
-872.487	49
-808.557	78
-836.929	65
-829.226	97
-821.314	72
-885.494	69
-868.74	56
-829.171	99
-871.362	71
-909.215	38
-891.295	54
-898.059	48
-871.895	77
-884.89	58
-835.34	82
-861.145	73
-865.437	71
-839.453	76
-883.92	48
-786.469	94
-804.133	108
-859.159	73
-849.541	68
-850.599	73
-895.422	44
-868.838	65
-909.047	40
-843.133	84
-798.251	85
-847.502	74
-896.532	44
-828.786	93
-868.897	67
-841.008	73
-860.881	64
-853.055	89
-881.503	60
-862.79	65
-818.448	84
-911.729	39
-760.691	105
-876.293	63
-860.352	81
-812.763	102
-882.906	55
-906.424	42
-897.363	61
-859.405	62
-833.687	87
-806.922	81
-837.422	77
-899.926	45
-909.069	63
-900.049	57
-859.147	58
-847.347	61
-785.014	93
-877.534	68
-885.602	52
-908.431	41
-876.873	59
-893.477	60
-905.108	49
-903.943	53
-862.543	57
-888.991	70
-859.413	72
-905.431	53
-887.865	69
-867.938	58
-874.997	74
-882.402	55
-907.225	43
-898.203	46
-888.745	62
-871.436	71
-882.492	57
-845.83	69
-871.132	56
-876.345	55
-866.692	60
-839.894	68
-874.206	55
-895.376	45
-812.13	86
-877.935	72
-854.789	61
-830.909	97
-874.032	57
-827.587	75
-842.825	83
-863.853	61
-889.697	51
-796.333	99
-907.164	43
-872.284	60
-828.059	69
-830.07	74
-880.453	48
-867.782	53
-853.349	60
-865.029	68
-878.192	46
-733.658	113
-807.125	73
-784.317	87
-846.019	69
-843.985	70
-858.04	53
-823.392	72
-851.292	68
-908.048	41
-886.623	45
-784.152	84
-900.982	45
-882.469	55
-896.776	45
-866.089	55
-932.466	38
-855.457	58
-882.857	48
-797.849	81
-929.541	41
-903.442	37
-927.723	40
-849.566	72
-793.815	91
-911.637	59
-923.767	29
-884.785	45
-897.725	59
-925.155	37
-863.926	81
-924.58	39
-897.197	61
-884.648	94
-864.21	71
-758.635	100
-879.969	72
-850.524	60
-817.106	70
-784.192	86
-926.022	34
-867.529	52
-913.625	32
-913.613	37
-884.364	65
-931.528	28
-917.642	40
-812.302	90
-826.96	73
-930.235	29
-786.294	82
-871.043	52
-898.023	40
-909.747	36
-900.065	51
-833.557	65
-818.675	102
-895.329	41
-827.03	66
-891.774	42
-886.777	47
-888.406	71
-842.882	61
-900.369	39
-890.389	42
-882.248	51
-803.35	80
-786.542	87
-816.23	89
-838.91	58
-890.546	59
-792.381	98
-881.129	73
-837.341	70
-762.151	103
-807.075	91
-824.932	67
-876.73	67
-827.829	72
-874.721	75
-864.43	51
-739.476	115
-758.238	106
-871.46	58
-888.997	47
-769.408	130
-841.564	68
-842.841	62
-897.307	44
-771.552	94
-857.503	60
-871.368	52
-845.394	72
-786.834	96
-883.118	68
-761.514	100
-883.395	64
-736.888	108
-878.286	48
-785.513	90
-774.676	96
-840.528	66
-838.779	91
-738.393	118
-785.046	89
-818.683	114
-879.881	56
-746.558	109
-794.419	91
-793.493	86
-793.168	94
-776.171	94
-849.671	80
-839.963	63
-743.231	116
-777.018	94
-897.531	56
-730.342	106
-732.413	117
-798.645	82
-926.378	40
-744.042	109
-826.412	80
-825.328	68
-905.779	47
-825.877	87
-928.78	32
-934.736	36
-823.195	91
-748.466	117
-874.588	66
-888.074	52
-815.129	88
-796.781	119
-900.365	38
-932.246	27
-931.797	29
-868.503	60
-852.786	60
-772.713	88
-925.17	47
-771.175	97
-845.546	69
-811.012	97
-656.978	149
-931.584	29
-844.697	99
-925.851	49
-797.143	87
-760.612	104
-835.733	83
-914.893	43
-932.482	42
-930.128	30
-717.821	119
-908.782	73
-921.7	34
-889.493	53
-924.492	33
-906.884	47
-812.736	106
-855.325	62
-888.125	56
-922.491	69
-896.254	42
-926.441	32
-846.281	67
-934.923	27
-923.884	37
-910.058	40
-916.935	42
-871.945	64
-858.016	72
-850.703	78
-904.097	43
-902.564	40
-849.353	66
-887.945	55
-881.534	52
-937.422	25
-915.563	37
-869.52	52
-896.692	55
-870.447	73
-909.811	45
-938.599	24
-897.06	57
-817.48	93
-919.189	40
-918.538	39
-744.066	108
-861.167	70
-896.61	40
-839.603	66
-912.239	47
-860.073	72
-889.67	55
-803.361	81
-841.723	65
-756.026	116
-798.389	87
-846.862	67
-862.687	62
-826.616	72
-908.732	37
-849.664	74
-831.282	93
-852.899	65
-830.551	74
-865.097	64
-789.853	85
-658.338	133
-890.586	49
-877.525	64
-921.753	34
-913.444	37
-749.84	103
-745.487	95
-688.292	125
-816.071	79
-842.674	59
-840.404	82
-914.031	36
-879.712	60
-864.911	49
-852.578	62
-720.064	125
-882.796	71
-768.214	90
-858.239	54
-819.525	77
-908.653	46
-813.933	91
-839.009	89
-855.473	58
-891.395	69
-726.468	128
-904.054	45
-857.445	55
-903.058	53
-777.622	108
-765.246	121
-821.935	70
-908.061	38
-842.764	73
-876.886	50
-898.88	57
-691.677	136
-782.723	91
-851.202	61
-774.176	93
-922.759	39
-896.718	43
-892.404	41
-809.182	93
-907.29	52
-902.395	47
-831.029	67
-918.307	37
-882.109	48
-805.958	90
-873.787	63
-897.696	49
-924.456	39
-924.827	38
-887.376	51
-765.707	97
-836.71	68
-856.205	56
-892.114	47
-795.192	92
-832.342	65
-851.771	72
-759.908	99
-865.878	66
-855.397	58
-817.724	89
-901.274	46
-843.934	61
-830.091	72
-807.374	75
-892.797	45
-901.262	51
-844.43	69
-838.95	74
-848.01	74
-892.981	44
-865.184	66
-893.448	48
-849.121	70
-915.276	51
-873.265	57
-893.479	45
-836.337	79
-903.977	41
-852.207	74
-873.189	58
-905.083	42
-881.756	54
-887.387	49
-864.379	72
-848.345	68
-892.695	60
-841.57	75
-903.335	40
-827.15	77
-924.3	30
-814.239	94
-757.673	125
-789.389	128
-870.381	72
-845.833	82
-911.709	41
-841.602	85
-900.202	82
-728.284	116
-874.224	74
-865.176	90
-899.822	61
-834.053	80
-845.866	62
-818.108	94
-811.3	117
-853.038	95
-790.728	103
-871.117	101
-804.5	89
-789.122	113
-879.225	48
-852.681	103
-830.995	108
-789.64	109
-811.662	90
-779.961	103
-803.039	90
-772.399	117
