0.0162547 0.0126375 0.000961943 0.368012 0.0238553 0.000466922 0.0889152 0.483677
0.00513553 0.00464646 0.000267223 0.385977 0.000389484 0.000200279 0.602842 0.000520654
0.273798 0.0178102 0.0691881 0.075601 0.0641089 0.0134012 0.468122 0.0164262
0.0417777 0.231591 0.209255 0.0398754 0.131434 0.221725 0.0495364 0.0194479
0.0559498 0.0130978 0.281044 0.0391484 0.0227512 0.364197 0.0393678 0.0246032
0.000512765 0.0145325 0.289872 0.000472515 0.0154902 0.23266 4.46553e-05 0.00349327
0.000261451 0.0259483 0.0330131 0.00185232 0.0224775 0.0849276 0.000703529 0.774977
2.49901e-06 1.09968e-05 3.63963e-07 0.000804775 0.000131988 1.78198e-06 0.407329 0.591718
0.00655692 0.00891522 0.000120722 0.976838 0.000136787 4.40805e-06 0.00731978 7.54755e-05
0.399624 0.0184003 0.0245483 0.0629951 0.0162813 0.456013 0.018848 0.00160094
0.00597831 0.975729 0.00890405 0.00121343 0.002497 0.00104067 0.000832739 0.00100272
0.0819626 0.000666968 0.879627 0.00228523 0.000282945 0.0256615 1.99945e-05 0.000114539
0.000199605 0.000112885 0.198683 7.92819e-06 3.37952e-05 0.123399 1.88604e-05 0.000116145
2.83292e-06 0.00045259 0.00046351 2.49297e-06 0.00138376 0.00260252 1.30164e-05 0.405739
2.23489e-06 3.91352e-06 8.77808e-08 0.0690959 0.0410643 8.88301e-08 0.445056 0.444558
0.018819 0.000130705 1.32358e-07 0.980101 4.80999e-06 1.22827e-06 0.000921612 1.89084e-05
0.0303032 0.00243367 0.00713861 0.149398 0.000783644 0.000573458 0.764106 0.00207014
0.0109406 0.0589958 0.0137704 0.0910489 0.00593354 0.0202472 0.104846 0.598043
0.231824 0.000307451 0.0684779 0.000352856 0.0134723 0.0977799 0.0529811 0.48483
8.09268e-09 2.99922e-06 0.000372473 7.22103e-07 5.10121e-06 0.98981 6.62801e-06 1.54432e-05
1.86537e-08 2.41801e-07 1.6961e-06 3.3045e-07 0.00346424 0.00632946 3.48867e-05 0.439926
0.0268813 0.046751 1.50387e-08 0.123119 0.0945971 3.43843e-05 0.464317 0.243225
0.071815 9.66483e-08 3.64224e-08 0.537206 8.54028e-05 6.14038e-06 0.373006 0.000878289
1.81751e-06 1.02936e-06 1.03399e-07 0.00939967 2.38758e-05 0.002566 0.240191 0.0839987
1.48216e-07 1.20505e-07 2.4584e-08 6.55737e-06 0.00107035 0.000143721 0.0352949 0.439623
5.0434e-07 1.91143e-06 3.78438e-05 0.000868022 0.00097042 0.00171855 0.494515 0.362679
5.35225e-08 6.84688e-06 0.00297023 7.3896e-07 0.000196163 0.278392 0.0166034 0.00270721
2.21542e-07 4.41714e-05 0.000580325 0.000571902 0.0573113 0.0948065 0.000439112 0.378818
0.131145 0.114011 5.27009e-06 0.395254 0.35865 0.000108993 0.000298259 0.000430758
0.034073 8.46606e-05 2.368e-06 0.947575 0.000380774 0.00361632 0.00692541 0.000700178
0.000568849 0.000146918 0.00115843 0.0857392 0.191884 0.127497 0.0761808 0.439111
1.63292e-05 0.00112623 0.000104116 0.257235 0.205513 0.0187944 0.242559 0.114739
0.000652893 8.41816e-05 0.00262583 0.191718 0.0539433 0.005041 0.410406 0.328893
5.45611e-07 0.000323807 0.0358686 0.005557 0.00333408 0.877673 0.0306477 0.000421578
0.000288764 0.106806 0.0962244 5.56586e-05 0.324236 0.455003 0.000153015 0.00820988
0.536589 0.407294 0.000954089 0.015833 0.0159563 0.000528232 0.0116547 0.0103613
0.984043 0.000247283 0.00130538 0.00350515 0.000221856 0.00306571 0.00468068 2.65347e-05
0.0776568 0.162938 0.0630694 0.0536188 0.21316 0.0742343 0.0984924 0.189173
0.164618 0.0896464 0.00334416 0.306795 0.0580159 0.0737215 0.178116 0.0519008
0.0884692 0.00958327 0.000569159 0.236932 0.192331 0.000565667 0.284419 0.186538
0.00132011 0.0014558 0.716263 0.0415215 0.00061238 0.0379847 0.0321155 0.00257046
0.000494913 0.533203 0.335608 0.000171233 0.0356682 0.0410739 0.000229191 0.0276686
