2817.52,2793.84,2815.24,2825.99,2732.14,2820.38,2812.75,2817.79,2826.51
2730.03,2726.69,2719.66,2723.11,2728.08,2731.48,2730.15,2719.28,2729.12
2139.66,2178.31,2331.74,2258.03,2258.03,2258.03,2258.03,2258.03,2258.03
1050.68,996.452,2135.82,1052.79,1051.98,976.397,1047.24,1016.81,1050.6
1274.74,1189.89,1229.36,2319.83,1275.2,1275.2,1275.2,1275.2,1275.2
2257.59,2257.34,2453.37,2251.24,2257.6,2253.37,2257.43,2237.31,2246.78
2949.25,2950.83,2953.82,2937.46,2922.26,2947.01,2961.13,2961.43,2931.76
2954.57,2968.48,2981.79,2982.43,2969.21,2973.07,2976.67,2980.39,2977.6
2940.26,2954.82,2960.25,2962.49,2952.64,2965.55,2964.92,2936.14,2927.72
2948.29,2952.53,2904.2,2952.97,2940.49,2943.75,2942.18,2914.75,2923.12
2835.1,2826.91,2831.52,2820.92,2820.26,2828.53,2835.73,2831.47,2830.76
2614.84,2630.59,2636.43,2639.72,2638.3,2641.95,2638.23,2635.09,2640.33
2649.32,2645.07,2661.19,2649.12,2643.76,2649.07,2653.01,2660.41,2656.88
2747.11,2763.25,2752.91,2758.27,2765.75,2761.11,2760.87,2760.87,2741.9
2832.42,2835.18,2810.59,2836.83,2835.61,2834.15,2835.03,2836.17,2831.76
2674.94,2563.53,2675.89,2675.36,2555.8,2667.59,2664.91,2674.54,2627.89
1045.66,996.705,976.465,1047.51,977.723,1048.64,988.762,1040.59,2215.83
2067.73,588.857,588.857,588.857,588.857,588.857,588.857,588.857,588.857
2094.95,2091.32,2093.65,2083.52,2095.08,2090.2,2371.67,2095.12,2095.12
2221.69,2217.87,2244.22,2221.92,2209.03,2219.17,2221.13,2190.87,2210.71
2944.05,2955.67,2955.23,2952.95,2941.88,2957.81,2949.89,2913.42,2954.22
2956.97,2932.21,2966.76,2973.63,2958.89,2966.78,2959.86,2975.54,2977.48
2950.83,2955.1,2908.05,2945.17,2936.61,2953,2955.4,2953.04,2957.53
2889.02,2876.93,2870.89,2882.57,2906.11,2905.12,2903.92,2897.89,2889.44
2844.74,2834.81,2844.53,2807.25,2822.76,2822.1,2802.03,2820.58,2846.84
2659.61,2625.26,2659.9,2651.58,2657.2,2661.78,2625.73,2657.16,2659.81
2678.2,2689.57,2685.79,2683.62,2679.55,2690.15,2689.06,2685.5,2670.18
2791.84,2792.08,2796.03,2790.46,2794.54,2792.49,2779.98,2789.82,2795.47
2824.28,2826.98,2809.09,2822.68,2827.22,2824.02,2822.73,2828.8,2827.79
2506.9,2409.8,2467.16,2511.87,2386,2595.68,2496.35,2505.05,2485.74
2094.57,2093.95,2094.25,2094.74,1979.97,2091.18,2503.11,2095.12,2095.12
2577.61,2478.3,2521.32,2518.91,2510.48,2556.59,2495.77,2564.28,2449.98
508.387,509.185,509.197,508.555,503.226,1990.2,509.414,509.414,509.414
2374.81,2263.92,2381.68,2387.58,2385.39,2300.9,2343.27,2386.9,2403.41
2927.1,2913.44,2931.59,2935.06,2899.18,2930.87,2933.22,2936.78,2920.88
2955.42,2925.43,2965.73,2963.09,2966.85,2966.83,2965.84,2949.3,2924.22
2950.59,2958.66,2970.45,2969.8,2965.17,2959.05,2968.93,2922.98,2960.74
2954.17,2938.91,2944.68,2954.05,2930.28,2943.26,2946.95,2948.55,2910.24
2838.08,2817.24,2840.77,2834.11,2835.58,2818.42,2837.99,2843.62,2823.52
2719.08,2684.97,2709.94,2717.75,2704.7,2725.24,2713.52,2716.77,2725.67
2719.28,2683.77,2718.77,2714.12,2717.43,2720.29,2714.03,2722.17,2719.71
2811.32,2811.41,2802.48,2811.4,2789.04,2812.07,2808.99,2803.06,2813.54
2868.96,2859.75,2876.03,2858.59,2868.95,2866.71,2871.66,2863.96,2866.89
2676.57,2643.31,2671.9,2693.46,2549.23,2678.96,2668,2663.27,2666.57
2217.01,2300.9,2296.88,2494.74,2237.72,2275.78,2207.78,2281.99,2287.5
1940.28,1830.12,2095.27,1940.37,1940.37,1940.37,1966.3,1940.37,1940.37
587.31,587.603,536.925,2080.05,588.857,588.857,588.857,588.857,588.857
1653.06,1653.03,1651.25,1955.23,1647.69,1630.87,1653.1,1652.53,1649.39
2916.94,2952.34,2952.12,2920.88,2948.22,2908.14,2943.2,2950.83,2955.91
2931.87,2948.76,2967.19,2966.31,2959.21,2950.38,2958.89,2941.45,2968.72
2970.3,2946.1,2957.88,2955.89,2936.13,2948.57,2961.66,2919.79,2959.19
2954.64,2949.49,2968.83,2950.54,2958.27,2920.49,2938.66,2960.82,2961.66
2872.08,2885.29,2885.04,2900.13,2837.68,2891.19,2898.11,2870.86,2898.05
2751.1,2747.65,2738.01,2752.17,2752.91,2748.11,2746.63,2721.21,2753.69
2735.22,2756.11,2753.13,2747.81,2761.32,2750.83,2758.35,2761.63,2762.56
2829.41,2815.64,2834.83,2835.3,2829.67,2827.84,2818.84,2814.1,2814.61
2803.32,2832.06,2840.05,2819.33,2833.18,2847.27,2850.68,2840.32,2835.39
2789.75,2784.42,2779.39,2778.64,2768.09,2785.18,2761.5,2768.39,2730.69
2511.04,2434.49,2521.55,2503.3,2521.48,2527.53,2487.45,2515.97,2529.87
1978.55,1979.15,2033.26,1978.43,1953.64,1952.21,2251.35,1978.03,1948.31
-478.831,-473.351,-463.958,-477.208,1285.33,-458.896,-458.896,-458.896,-458.896
1961.87,1978.27,2060.03,2011.11,2002.9,2057.03,2056.26,2053.24,2069.85
2971.91,2931.94,2972.11,2959.78,2924.8,2978.86,2966.5,2950.94,2970.06
2989.4,2963.51,2984.07,2983.3,2976.14,2967.95,3000,3000,3000
2972.36,2980.65,2948.61,2982.96,2941.3,2948.16,2979.3,2951.1,2973.35
2932.15,2966.24,2955.95,2957.29,2912.21,2959.95,2961.03,2942.1,2958.17
2898.63,2872.47,2878.45,2873.87,2852.71,2898.56,2882.83,2903.13,2886.76
2756.44,2751.17,2772.69,2763.83,2775.19,2781.38,2777.25,2780.6,2759.31
2759.41,2735.12,2745.54,2743.94,2739.41,2756.56,2767.02,2765.47,2751.39
2808.72,2830.75,2824.16,2825.98,2817.32,2827.09,2825.02,2818.68,2800.56
2804.39,2812.71,2787.15,2799.3,2797.89,2793,2804.01,2810.93,2798.67
2780.14,2779.49,2773.47,2775.71,2781.16,2784.53,2765.99,2779.33,2783.59
2679.33,2674.56,2685.97,2688.47,2697.55,2685.62,2702.98,2704.48,2690.49
2284.12,2236.09,2173.07,2185.46,2272.34,2178.95,2251.36,2215.75,2274.09
851.908,784.574,806.077,793.398,833.431,834.504,1918.79,853.165,853.165
2719.87,2746.36,2818.93,2805.4,2820.12,2778.26,2798.63,2810.51,2724.89
2980.81,2938.81,2951.44,2958.25,2981.78,2964.16,2981.31,2944.93,2980.64
2962.23,2990.21,2962.45,2981.27,2986.02,3000,3000,3000,3000
2966.26,2975.42,2981.08,2987.47,3000,3000,3000,3000,3000
2946.82,2964.96,2926.7,2956.82,2958.7,2958.87,2929.69,2922.51,2962.42
2912.74,2868.05,2888.87,2907.78,2900.51,2916.6,2870.94,2907.27,2901.98
2763.4,2727.22,2755.21,2752.16,2746.25,2751.1,2764.17,2729.7,2743.1
2710.57,2692.3,2729.8,2712.98,2728.17,2724.99,2724.24,2732.18,2715.06
2780.7,2789.91,2797.65,2771.66,2797.94,2781.71,2786.93,2788.75,2792.35
2803.09,2801.38,2780.36,2803.13,2793.51,2803.94,2777.58,2795.6,2803.04
2822.38,2794.26,2814.21,2797.02,2798.59,2806.23,2819.52,2793.67,2787.12
2714.52,2662.36,2706.02,2706.1,2684.76,2723.58,2716.12,2722.66,2701.66
1945.9,1933.02,1979.08,1971.22,2003.83,1929.79,2134.59,2005.69,2006.76
1792.32,977.309,976.392,1037.27,977.473,978.059,977.735,977.731,981.047
2561.99,2553.72,2570.75,2563.94,2570.62,2572.4,2578.14,2577.99,2572.38
2933.76,2941.31,2952.83,2951.62,2925.5,2947.74,2913.09,2966.62,2954.04
2978.74,2961.97,2957.29,2976.2,2955.31,2971.68,2928.63,2971.15,2951.49
2946.83,2922.54,2944.77,2970.76,2951.02,2957.13,2950.33,2947.91,2958.26
2936.41,2912.06,2937.31,2940.33,2921.03,2943.46,2951.23,2954.38,2943.33
2878.84,2856.73,2856.81,2821.96,2875.88,2875.69,2871.2,2878.82,2864.78
2709.97,2674.69,2708.42,2716.71,2717.77,2722.91,2717.83,2718.49,2720.53
2705.89,2723,2703.94,2716.58,2724.03,2718.16,2722.55,2707.61,2715.58
2781.79,2769.51,2770.96,2777.96,2737.19,2782.03,2781.92,2781.03,2774.78
2854.93,2845.96,2853.76,2837.63,2848.55,2856.77,2855.28,2850.8,2854.09
2838.1,2800.41,2844.47,2846.41,2844.66,2844.3,2787.98,2832.2,2842.17
2544.39,2470.38,2456.2,2544.15,2545.41,2530.06,2550.51,2542.82,2455.44
2080.81,1982.17,2045.56,2092.46,2090.33,2418.86,2095.12,2095.12,2095.12
1310.46,1330.36,1378.32,1364.2,2405.65,1394.95,1394.95,1394.95,1394.95
2701.08,2649.24,2702.31,2708.35,2680.99,2694.32,2713.18,2690.85,2713.29
2927.62,2932.54,2912.5,2938.11,2932.62,2946.14,2924.21,2943.02,2949.37
2966.37,2979.42,2964.81,2935.04,2974.51,2965.84,2979.44,2979.92,2952.45
2964.81,2968.01,2965.78,2978.64,2966.95,2963.02,2981.64,2973.94,2960.9
2936.58,2952.43,2938.08,2939.33,2951.56,2927.87,2938.48,2958.03,2951
2820.44,2799.77,2820.23,2801.49,2806.48,2822.48,2808.7,2813.53,2815.96
2651.16,2653.39,2656.3,2661,2600.74,2655.01,2655.85,2655.89,2637.44
2697.71,2632.51,2707.1,2690.8,2680.82,2707.31,2704.47,2697.3,2709.87
2753.45,2778.51,2777.83,2765.87,2774.61,2752.5,2770.91,2775.92,2778.94
2860.68,2862.91,2858.08,2854.67,2851.8,2858.85,2858.95,2837.02,2864.28
2604.28,2604.63,2672.97,2594.64,2599.06,2605.67,2595.77,2597.66,2603.05
2588,2475.63,2569.59,2603.97,2475.46,2585.43,2590.49,2538.65,2589.38
2355.4,2310.53,2376.8,2339.16,2385.16,2395.18,2399.22,2401.64,2382.04
-900.736,-900.633,-904.157,-900.562,1517.44,-900.423,-900.423,-900.423,-900.423
689.421,752.109,746.191,753.856,742.947,752.25,753.729,2102.31,693.561
2907.69,2897.18,2896.64,2902.1,2915.24,2899.58,2882.26,2912.12,2914.72
2920.43,2908.81,2912.81,2921.55,2936.58,2929.07,2934.37,2927.93,2923.41
2927.26,2926.34,2922.19,2944.02,2954.27,2928.93,2945.42,2944.38,2938.2
2923.62,2926.38,2920.32,2909.58,2927.14,2905.82,2918.74,2913.1,2901.63
2751.15,2742.8,2729.8,2727.51,2750.96,2723.08,2749.66,2737.91,2743.11
2583.62,2569.28,2582.75,2583.79,2576.07,2576.74,2568.46,2574.24,2579.21
2655.25,2672.68,2669.32,2667.48,2654.2,2676.26,2680.22,2667.41,2663.97
2742.95,2759.65,2751.57,2757.54,2756.4,2758.33,2763.51,2756.13,2761.16
2693.2,2608.78,2707.82,2714.88,2702.12,2709.71,2709.05,2714.73,2706.98
2559.38,2555.02,2474.64,2559.95,2528.71,2545.83,2564.11,2539.32,2559.23
2428.57,2423.67,2428.76,2426.38,2426.78,2382.31,2412.87,2471.26,2429.5
2094.51,2013.68,2399.58,2095.12,2095.12,2095.12,2095.12,2095.12,2095.12
-225.249,-227.944,1840,-225.154,-225.154,-225.154,-225.154,-225.154,-225.154
432.127,398.32,414.369,382.111,1305.61,433.944,433.944,433.944,433.944
2899.68,2772.81,2872.09,2884.93,2897.59,2891.91,2889.45,2864.25,2900.02
2930.93,2912.31,2928.45,2911.08,2931.03,2931.92,2929.42,2930.58,2932
2940.24,2922.65,2935.14,2934.25,2940.64,2928.46,2947.01,2947.37,2931.43
2919.32,2907.7,2897.1,2901.17,2899.08,2905.08,2915.57,2906.24,2897.17
2765.28,2762.88,2752.5,2765.65,2749.11,2765.1,2746.32,2772.66,2766.23
2504.62,2496.89,2511.69,2520.77,2507.11,2512.84,2500.57,2501.46,2509.97
2610.67,2619.62,2619.35,2618.48,2612.28,2623.63,2623.7,2620.43,2618.95
2719.07,2715.94,2704.63,2705.22,2704.93,2716.67,2716.15,2716.62,2721.33
2550.06,2514.22,2400.88,2421.13,2518.37,2522.64,2518.61,2524.72,2523.94
2032.44,2123.21,2034.87,1983,2025.92,2033,2034.23,2035.04,2034.46
1627.72,1565.66,1553.6,1651.19,1554.52,1650.31,1652.06,2352.75,1651.58
-371.386,-369.527,-383.889,-371.056,-369.514,2264.86,-369.569,-370.142,-370.311
-732.64,-722.493,-732.56,-728.194,-732.666,-722.445,1840.82,-722.43,-722.544
1518.78,1490.29,1479.03,2110.7,1521,1521,1521,1521,1521
2770.2,2657.58,2669.83,2769.74,2755.7,2757.91,2770.82,2766.8,2754.16
2958.49,2948.97,2960.45,2964.24,2960.33,2958.38,2958.15,2967.46,2945.77
2949.76,2944.57,2941.71,2929.15,2924.64,2930.58,2946.2,2943.04,2918.29
2927.91,2941.18,2931.15,2921.47,2907.45,2939.81,2932.39,2940.12,2914.98
2782.4,2792.41,2790.33,2797.94,2798.49,2765.33,2782.42,2797.17,2767.59
2498.42,2503.16,2499.33,2500.88,2483.4,2490.77,2496.58,2493.75,2498.83
2570.33,2569.43,2561.15,2569.98,2566.59,2570.3,2565.82,2570.76,2559.24
2677.9,2667.86,2678.45,2668.26,2665.79,2674.98,2669.19,2678.06,2672.41
2842.66,2839.15,2844.36,2799.05,2840.57,2832.83,2843,2829.76,2850.04
2608.82,2668.17,2607.2,2608.13,2607.59,2608.6,2482.45,2604.73,2608.86
2599.67,2607.49,2606.63,2480.86,2608.26,2609.01,2533.65,2650.66,2610
1648.89,1652.97,1652.07,1557.02,1645.88,2317.78,1697.11,1653.68,1653.68
229.288,229.393,229.277,2118.16,229.427,229.427,229.427,229.427,229.427
1699.99,1792.67,2248.67,1791.9,1786.82,1790.75,1711.74,1789.75,1759.85
2413.76,2326.35,2423.31,2422.45,2503.76,2421.19,2423.26,2412.02,2423.06
2938.91,2951.91,2933.28,2898.49,2931.8,2937.32,2960.43,2943.48,2922.13
2938.81,2939.57,2952.51,2941.54,2945.78,2935.02,2941.38,2944.19,2943.26
2913.95,2925.22,2935.88,2906.54,2927,2935.36,2918.07,2927.97,2917.4
2801.09,2811.27,2814.89,2791,2813.27,2811.69,2794.78,2813.21,2803.94
2637.32,2630.06,2621.6,2636.95,2632.8,2633.96,2630.72,2634.56,2629.9
2627.62,2631.67,2623.84,2632.92,2627.81,2618.8,2634.34,2634.1,2625.01
2733.17,2753.48,2759.33,2756.01,2748.66,2761.39,2751.09,2757.06,2758.38
2806.68,2809.79,2805.39,2794.71,2779.84,2808.98,2805.82,2805,2803.57
2722.7,2747.19,2744.47,2740.63,2727.11,2719.3,2723.52,2725.95,2740.44
1777.64,2462.7,1681.09,1678.77,1772.31,1772.28,1771.64,1770.08,1776.93
-36.1678,0.721117,-0.500638,1.28346,-8.85977,-20.3209,-9.6114,-23.1146,1644.03
586.288,587.851,588.432,588.256,588.727,586.165,2130.04,588.857,588.857
2078.34,2078.96,2078.94,2170.47,2080.87,2077.45,2075.19,1979.08,2077.8
2850,2934.37,2948.24,2942.13,2916.23,2942.23,2944.59,2942.65,2948.43
2952.14,2945.2,2950.06,2949.96,2955.7,2947,2950.62,2950.74,2950.53
2920.87,2922.02,2921.63,2918.18,2924.93,2911.14,2911.73,2922.8,2922.85
2948.11,2939.37,2938.76,2940.64,2939.83,2931.65,2939.23,2916.74,2934.09
2831.94,2827.96,2820.08,2832.66,2821.84,2842.3,2837.47,2838.45,2830.18
2627.4,2640.75,2641.83,2640.72,2622.6,2643.96,2639.59,2636.3,2636.1
2661.12,2643.3,2644.69,2662.11,2666.44,2647.21,2652.68,2649.52,2663.73
2761.54,2759.88,2766.84,2763.11,2754.84,2752.06,2756.33,2750.96,2758.23
2879.34,2885.71,2874.63,2879.76,2881.76,2885.35,2873.88,2871.34,2875.52
2499.39,2557.75,2383.66,2472.43,2496.73,2472.12,2499.85,2474.79,2416.33
1345.51,1325.36,1345.92,1311.23,1305.5,1305.04,2264.46,1305.28,1312.07
875.113,938.479,934.284,1838,871.501,877.589,877.549,873.666,876.744
2256.84,2253.07,2250.97,2191.33,2193.86,2142.62,2526.42,2258.03,2258.03
2695.97,2569.68,2576.99,2622.68,2694.17,2681.29,2695.09,2693.05,2606.33
2941.17,2925.05,2936.78,2904.7,2934.89,2930.16,2924.07,2935.16,2932.95
2962.33,2968.09,2959.83,2958.97,2959.88,2980.81,2976.5,2978.5,2942.75
2977.47,2956.87,2979.15,2951.48,2968.72,2968,2975.03,2970.82,2971.33
2950.38,2956,2955.01,2959.3,2958.39,2949.37,2920.17,2942.94,2892.71
2836.49,2851.53,2831.57,2842.72,2845.99,2837.02,2849.08,2825.68,2841.44
2688.57,2679.96,2684.28,2663.05,2665.13,2672.7,2687.1,2687.58,2657.13
2702.88,2707.36,2698.73,2686.95,2698.37,2698.28,2706.01,2704.05,2690.62
2797.63,2801.41,2793.19,2802.87,2804.16,2798.48,2801.16,2789.87,2806.16
2846.53,2851.75,2834.27,2847.89,2839.05,2841.35,2836.69,2848.7,2817.99
2793.3,2790.89,2711.24,2793.74,2654.7,2794.2,2769.35,2657.5,2783.77
2251.01,2248.41,2135.87,2256.89,2138.02,2140.26,2514.52,2258.03,2258.03
1517.53,1509.14,1492.51,1491.79,1426.47,1434.77,1428.13,1514.88,2137.33
1443.65,2016.49,1521,1521,1521,1521,1521,1521,1521
2822.93,2824.46,2830.01,2831.73,2797.3,2818.04,2822.45,2823.47,2825.83
2967.15,2936.49,2967.97,2951.82,2952.82,2924.89,2932.07,2912.64,2911.79
2960.62,2974.32,2941.77,2956.49,2965.14,2970.88,2962.71,2966.37,2972.54
2947.76,2989.06,2916.86,2989.89,2987.84,2981.67,2976.75,2990.49,2985.8
2957.3,2956.57,2930.76,2948.1,2963.04,2948.05,2911.22,2935.14,2958.11
2900.45,2836.2,2875.38,2899.76,2888.25,2840.78,2887.87,2885.31,2896.67
2733.01,2726.43,2743.87,2743.89,2746.94,2736.9,2746.52,2724.75,2716.37
2762,2746.54,2743.11,2747.55,2752.13,2764.65,2760.46,2758.24,2759.79
2843.77,2842.89,2847.21,2843.68,2824.18,2843.08,2832.36,2842.83,2831.78
2832.67,2817.16,2851.12,2848.6,2815.13,2847.48,2848.78,2839.61,2817.98
2655.25,2674.7,2661,2675.92,2666.05,2675.97,2579.14,2674.96,2680.14
2656.79,2675.8,2665.54,2662.15,2581.22,2676.11,2635.71,2677.41,2658.82
2255.88,2135.87,2254.02,2146.17,2240.12,2149.5,2256.81,2251.47,2263.88
1305.17,1330.99,1319.29,1314.83,1305.14,1306.72,1312.88,1829.71,1345
2424.7,2480.63,2487.14,2496.69,2489.23,2494.94,2494.49,2466.54,2493.09
2961.79,2950.89,2938.78,2959.15,2964.2,2936.39,2931.41,2925.14,2956.93
2985.15,2946.17,2990.14,2982.75,2984.26,2977.39,2953.06,2976.31,2951.49
2975.03,2970.67,2987.2,2985.62,2994.58,2983.57,2990.21,2987.31,2949.26
2976.52,2971.81,2982.06,2969.06,2986.86,2963.41,2963.59,2968.19,2951.96
2920.95,2924.29,2905.27,2900.09,2927.06,2891.1,2901.83,2918.67,2923.46
2779.57,2793.92,2788.09,2774.36,2780.44,2790.46,2791.46,2790.67,2780.86
2761.15,2776.4,2786.82,2782.79,2782.5,2779.42,2766.77,2772.58,2778.45
2807.26,2779.72,2806.92,2810.93,2798.03,2805.58,2805.17,2770.53,2807.39
2803.28,2803.51,2781.23,2762.2,2780.88,2799.31,2752.88,2801.82,2803.65
2627.38,2654.15,2657.88,2626.55,2631.4,2637.02,2649.91,2646.95,2654.33
2681.86,2696.06,2687.32,2671.19,2683.85,2681.88,2682.13,2696.96,2695.61
2326.56,2327.06,2292.43,2330.21,2309.07,2317.93,2328.64,2255.75,2292.08
1830.14,1830.14,1834.86,1847.44,1836.23,1959.55,1819.32,1837.24,1852.66
2816.83,2793.28,2851.07,2829,2838.91,2838.37,2836.93,2838.1,2844.38
2964.15,2955.3,2918.88,2959.36,2959.01,2960.99,2944.94,2894.22,2965.87
2967.59,2948.06,2968.22,2970.3,2970.73,2957.71,2966.61,2962.03,2975.99
2987.51,2980.88,2990.17,2955.74,2962.28,2977.81,2983.91,3000,3000
2981.54,2980.4,2937.71,2952.2,2964.84,2966.1,2975.57,2927.07,2978.34
2905.61,2916.9,2918.09,2898.15,2920.14,2900.65,2910.97,2917.35,2903.64
2763.02,2767.14,2768.53,2777.76,2720.36,2769.06,2750.65,2759.18,2777.76
2753.3,2756.1,2752.08,2737.73,2740.26,2754.93,2745.13,2756.09,2738.36
2761.09,2773.96,2780.16,2781.05,2780.41,2775.76,2773.41,2783.48,2767.35
2786.29,2808.56,2806.85,2803.36,2800.96,2807.7,2788.9,2786.17,2805.7
2792.76,2785.11,2789.65,2789.09,2781.97,2784.76,2756.39,2789.21,2792.1
2518.58,2505.59,2447.13,2508.59,2507.8,2508.29,2442,2469,2486.86
2004.84,2005.03,2002.69,1997.39,2000,2186.22,2001.66,1915.46,1901.94
1154.16,1157.96,1150.55,1113.66,1134.25,1101.72,1159.41,2133.79,1161.44
2490.1,2503.94,2496.04,2512.55,2475.74,2554.33,2485.34,2516.87,2516.09
2896.5,2908.65,2932.5,2912.9,2935.52,2920.32,2905.78,2903.44,2916.06
2936.78,2958.09,2953.38,2974.13,2958.7,2967.88,2971.15,2970.17,2979.88
2963.35,2932.31,2953,2961.16,2964.21,2972.38,2955.72,2956.55,2964.15
2932.82,2974.93,2970.41,2970.8,2970.1,2959.54,2968.8,2939.2,2976.47
2847.4,2861.1,2864.97,2869.59,2874.11,2853.72,2869.19,2861.25,2850.55
2713.26,2712.32,2707.73,2709.15,2675.96,2703.67,2713.61,2700.46,2711.04
2700.06,2695.91,2696.43,2700.06,2703.34,2700.05,2689.91,2705.86,2707.85
2796.92,2797.97,2802.02,2796.73,2776.66,2789.28,2801.61,2787.4,2799.82
2824.94,2792.42,2817.97,2816.27,2822.17,2817.86,2814.75,2827.28,2807.38
2776.49,2742.37,2831.91,2831.78,2790.78,2817.47,2799.7,2831.64,2834.62
2288.84,2301.12,2391.62,2395.19,2276.96,2277.16,2393.81,2510.2,2390.5
1369.99,1384.09,1386.56,1382.07,1313.55,1384.41,1305.15,2041.65,1387.14
1650.65,1645.4,1847.32,1653.68,1653.68,1653.68,1653.68,1653.68,1653.68
2436.49,2435.02,2435.5,2436.14,2429,2436.35,2434.04,2433.33,2498.77
2885.78,2935.74,2932.28,2933.79,2937.39,2937.64,2938.07,2937.34,2924.76
2946.08,2955.44,2967.62,2963.24,2960.87,2963.43,2959.96,2958.01,2958.02
2968.46,2951.38,2968.04,2968.71,2956.47,2953.31,2965.49,2944.97,2948.73
2935.24,2938.32,2944.41,2946.78,2938.58,2926.36,2936.35,2929.95,2946.41
2794.85,2812.63,2808.12,2801.64,2807.56,2816.2,2819.89,2819.87,2814.04
2627.8,2633.49,2630.06,2636.61,2605.63,2636.42,2634.77,2636.73,2632.78
2699.54,2692.01,2696.7,2692.31,2693.52,2680.8,2702.65,2694.25,2692.28
2776.71,2777.16,2776.14,2772.33,2743.24,2771.81,2778.29,2778.02,2779.97
2735.8,2719.56,2737.05,2733.32,2729.01,2713.35,2731.43,2736.96,2736.39
2830.71,2779.74,2825.57,2835.98,2832.91,2823.26,2825.14,2829.46,2813.63
2079.89,1986.11,2091.9,2088.99,1978.11,2478.11,2087.73,2089.63,2091.61
1052.56,981.547,1026.43,1002.75,979.19,2293.63,1053.37,1053.37,1053.37
-268.008,-265.738,2204.22,-266.36,-266.15,-265.795,-292.171,-268.622,-292.774
1357.03,1356.02,1362.14,1358.72,1358.06,1281.55,1363.09,2279.19,1361.42
2568.87,2596.57,2599.82,2588.58,2596.78,2588.08,2592.16,2600.32,2599.91
2933.79,2922.93,2924.75,2930.09,2913.88,2912.61,2934.54,2926.31,2923.39
2950.9,2958.78,2966.72,2957.28,2967.14,2957.63,2958.38,2961.89,2957.29
2896.13,2902.55,2910.1,2902.83,2900.42,2876.58,2911,2899.06,2911.39
2787.28,2780.94,2775.22,2749.14,2763.3,2766.5,2776.7,2779.95,2781.41
2582.84,2575.83,2578,2596.24,2567.68,2581.93,2580.03,2582.85,2584.2
2652.89,2647.91,2646.65,2658.99,2653.09,2645.89,2646.89,2654.33,2644.49
2753.83,2741.84,2752.38,2758.69,2756.23,2755.35,2758.84,2760,2755.01
2619.28,2604.62,2607.81,2616.45,2556.65,2619.92,2610.79,2620.07,2618.46
2548.66,2551.06,2465.59,2549.31,2426.44,2545.06,2613.55,2546.66,2457.35
1934.14,1933.5,1936.95,1929.92,1935.93,2453.7,1928.7,1937.01,1937.69
671.905,638.281,629.546,671.145,640.478,2422,672.481,672.481,672.481
-857.592,-857.487,-857.565,-860.633,-859.075,-857.509,-861.622,-857.46,1838.75
2245.32,1359.25,1358.73,1354.75,1355.63,1351.32,1360.09,1355.99,1298.44
2693.46,2709.68,2689.62,2693.16,2647.23,2709.12,2677.75,2702.39,2704.9
2937.88,2936.99,2957.94,2954.54,2952.81,2962.93,2944.75,2961.06,2947.37
2906.2,2940.49,2927.8,2930.37,2937.09,2941.95,2944,2938.67,2936.01
2911.02,2922.67,2908.73,2909.26,2927.45,2926.15,2914.18,2915.61,2903.22
2726.63,2731.14,2731.79,2731.98,2722.27,2743.69,2743.11,2727.92,2730.87
2503.75,2506.02,2510.34,2514.81,2504.29,2510.23,2503.62,2500.81,2506.47
2602.16,2602.84,2604.47,2596.57,2562.64,2600.66,2592.07,2596.25,2602.21
2693.3,2701.19,2701.73,2709.36,2699.18,2695.2,2689.87,2702.83,2704.6
2705.65,2710.02,2704.56,2708.16,2695.9,2707.79,2708.73,2706.41,2697.37
2231.85,2117.09,2199.79,2136.69,2149.12,2229.77,2321.03,2231.24,2198.35
529.326,575.317,551.469,518.44,518.465,2309,527.218,533.977,574.645
-142.134,-142.642,-141.808,-142.082,-172.302,-155.338,2064.69,-141.445,-100.624
759.356,2158.57,754.194,758.179,715.47,697.017,759.726,744.614,726.097
2589.03,2584.25,2676.5,2702.52,2687.74,2692.35,2702.69,2699.84,2698.81
2946.3,2978.33,2944.17,2946.92,2976.68,2947.48,2959.59,2975.09,2973.03
2977.88,2978.02,2982.27,2959.53,2980.73,2951.84,2958.46,2970.69,2978.39
2983.07,2975.94,2971.37,2965.99,2963.68,2958.99,2960.46,2965.28,2984.09
2951.12,2947.04,2955.38,2958.24,2946.4,2941.2,2935.59,2957.76,2944.09
2815.31,2835.77,2809.59,2802.05,2812.76,2822.36,2825.46,2826.39,2832.46
2488.16,2480.07,2468.16,2487.87,2486.57,2473.85,2483.64,2486.82,2486.54
2556.47,2558.17,2557.02,2559.07,2560.32,2551.54,2555.77,2559.29,2554.64
2643.87,2647.36,2643.82,2652.47,2649.23,2638.7,2643.79,2651.26,2650.76
2838.28,2843.33,2831.22,2844.51,2848.32,2830.48,2841.47,2848.41,2834.34
2753.09,2702.53,2702.5,2753.64,2747.64,2748.11,2749.9,2752.61,2747.43
2257.35,2257.72,2253.73,2180.97,2172.03,2619.6,2258.03,2258.03,2258.03
2360.82,1939.03,1936.16,1928.35,1839.51,1907.26,1938.47,1930.17,1830.12
-225.174,-225.39,-246.337,-252.97,2317.87,-225.154,-225.154,-225.154,-225.154
1639.87,1554.19,1577.34,1630.77,1636.16,1638.22,2063.41,1544.96,1564.23
2602.51,2473.1,2592.37,2625.02,2601.22,2592.81,2603.41,2472.18,2600.37
2929.63,2931.65,2945.46,2949.26,2935.13,2915.02,2926.51,2940.54,2942.41
2917.38,2965.29,2968.84,2968.55,2962.81,2959.62,2953.7,2951.44,2969.04
2924.57,2922.31,2926.11,2917.83,2931.12,2930.5,2918.35,2932.18,2933.94
2780.27,2768.13,2781.57,2808.14,2801.73,2792.82,2774.09,2810.26,2812.3
2598.56,2594.23,2592.08,2591.56,2589.72,2598.87,2591.97,2594.78,2598.8
2595.39,2601.28,2606.08,2595.23,2605.62,2598.66,2603.38,2597.25,2596.44
2732.33,2743.28,2750.64,2743.69,2745.54,2738.09,2749.34,2732.8,2751.53
2828.46,2832.03,2828.52,2840.9,2836.71,2843.38,2822.77,2828.19,2833.63
2573.66,2571.16,2460.1,2582.13,2477.61,2584.26,2491.32,2466.72,2557.04
1976.26,2249.39,2002.1,1994,1979.07,2052.07,1979.78,2035.54,1981.37
1253.21,2347.58,1275.2,1275.2,1275.2,1275.2,1275.2,1275.2,1275.2
853.097,2325.71,853.165,853.165,853.165,853.165,853.165,853.165,853.165
1867.3,1844.27,2615.52,1940.37,1940.37,1940.37,1940.37,1940.37,1940.37
2971.41,2964.51,2980.19,2962.3,2972.43,2934.32,2959.45,2975.33,2974.3
2970.87,2982.8,2954.29,2973.96,2973.99,2956.46,2957.09,2962.67,2969.94
2969.29,2971.97,2972.39,2924.83,2976.67,2978.69,2973.05,2956.61,2898.53
2962.76,2948.01,2949.42,2963.54,2959.8,2955.49,2954.03,2951.8,2949.01
2809.69,2829.34,2800.39,2818.89,2823.64,2817.28,2841.45,2819.09,2812.33
2637.34,2636.92,2609.03,2626.08,2602.52,2637.94,2635.91,2637.51,2627.32
2636.05,2648.34,2638.61,2633.01,2634.69,2642.85,2639.93,2646.4,2646.05
2755.45,2732.03,2756.57,2746.59,2714.2,2758.03,2749.4,2757.62,2758.4
2791.03,2782.75,2781.41,2790.65,2782.33,2788.45,2784.27,2786.4,2790.52
2625.57,2483.37,2603.12,2601.96,2597.69,2603.61,2593.83,2599.64,2471.75
2295.68,2298.78,2386.58,2347.55,2280.91,2340.4,2268.31,2390.58,2375.55
-925.838,-923.064,-923.132,-925.788,-925.304,-925.469,-925.619,1567.95,-922.949
-430.8,-430.602,-431.131,-432.391,-451.772,-432.518,-437.572,1904.13,-451.006
2359.74,2662.17,2429.5,2429.5,2429.5,2429.5,2429.5,2429.5,2429.5
2972.44,2936.62,2964.54,2982.12,2979.22,2952.05,2964.43,2970.39,2947.36
2928.53,2966.44,2950.39,2980.89,2969.52,2967.64,2983.06,2962.71,2957.78
2976.21,2972.76,2952.85,2971.87,2972.46,2981.64,2987.79,2971.69,2959.22
2951.61,2934.68,2952.51,2951.74,2938.29,2937.18,2958.28,2949.57,2962.97
2856.31,2842.01,2825.95,2829.17,2826.71,2849.99,2848.22,2846.7,2848.62
2693.35,2682.49,2665.97,2697.56,2692.76,2684.29,2698.84,2696.17,2702.65
2680.08,2680.45,2680.58,2680.62,2678.27,2680.22,2676.63,2676.41,2677.03
2812.83,2801.76,2805.73,2811.24,2804.93,2809.2,2805.03,2806.14,2810.45
2864.19,2866.77,2780.43,2861.29,2730.58,2868.65,2866.49,2868.29,2869.72
2487.51,2394.93,2404.57,2364.44,2361.05,2402.15,2416.66,2312.85,2303.15
2428.89,2425.3,2424.68,2470.25,2429.5,2429.5,2429.5,2429.5,2429.5
1688.61,2233.57,1791.99,1779.4,1765.99,1692.37,1788.6,1692.37,1788.56
1428.12,1509.3,1430.72,2373.17,1521,1521,1521,1521,1521
2723.14,2718.43,2680.03,2702.15,2719.06,2687.13,2715.6,2713.72,2688.21
2941.39,2951.81,2951.36,2955.66,2945.52,2850,2956.25,2922.06,2904.98
2997.67,2998.79,2990.49,2950.99,3000,3000,3000,3000,3000
2963.04,2973.23,2946.18,2935.4,2968.2,2953.59,2971.53,2954.53,2925.12
2925.84,2921.09,2929.44,2953.13,2935.33,2919.3,2927.29,2943.99,2945.81
2886.8,2864.26,2867.73,2888.31,2885.88,2886.98,2871.87,2844.65,2892.88
2749.38,2760.65,2760.45,2755.07,2744.01,2747.53,2745.68,2758.33,2760.02
2737.39,2754.69,2718.69,2745.22,2729.7,2751.59,2754.66,2722.45,2751.8
2793.54,2784.64,2791.66,2789.51,2745.16,2778.05,2792.6,2795.25,2794.69
2826.12,2834.28,2820.97,2821.24,2817.67,2833.83,2831.33,2834.06,2823.29
2734.08,2717.45,2723.61,2734.04,2728.84,2735.47,2732.01,2662.26,2739.18
2783.41,2786.61,2781.84,2787.3,2758.04,2779.37,2785.79,2769.84,2743.71
2114.12,2174.78,2181.42,2141.63,2140.53,2166.92,2155.17,2187.47,2186.72
104.31,107.672,107.175,108.884,106.885,72.402,95.8853,107.667,1859.24
2005.39,1998.02,1996.42,2001.87,1935.59,2002.07,2033.35,1994.56,1994.03
2621.95,2599.58,2603.68,2594.2,2477,2598.09,2592.52,2576.47,2585.25
2994.93,2970.8,2982.28,2987.29,2990.83,2997.48,2980.68,2967.78,2949.71
2999.95,2988.63,2991.47,2992.28,2987.24,2942.63,2962.32,3000,3000
2957.78,2962.12,2959.22,2969.34,2976.72,2984.2,2965.62,2975.21,2973.31
2919.32,2915.5,2910.04,2915.57,2883.15,2895.73,2909.35,2909.08,2920.25
2791.23,2796.95,2797,2777.22,2794.32,2784.51,2787.21,2791.68,2791.24
2748.4,2743.2,2747.86,2741.33,2747.75,2747.75,2737.01,2736.87,2742.5
2801.57,2757.34,2786.04,2801.72,2801.66,2801.43,2795.8,2798.35,2800.55
2775.12,2782.65,2780.77,2788.94,2800.84,2784.74,2800.37,2798.46,2785.44
2787.56,2785.45,2797.04,2773.91,2796.66,2759.55,2771.92,2793.53,2770.24
2698.68,2700.67,2697.04,2681.6,2690.08,2594.93,2669.84,2700.3,2706.17
2036.18,2047.7,2013.07,2040.7,2035.92,2136.62,1975.83,1979.06,2035.27
1156.29,1150.71,1153.44,1080.39,1080.44,1156.9,1688.44,1161.44,1161.44
2682.7,2707.14,2700.88,2676.78,2668.37,2707.05,2687.64,2690.61,2702.05
2979.86,2975.21,2962.86,2945.38,2967.94,2967.48,2928.21,2919.76,2983.74
2964.73,2980.1,2988.55,2961.87,2939.81,2973.26,2987.88,2938.4,3000
2985.66,2995,2982.75,2948.42,2983.81,3000,3000,3000,3000
2987.23,2971.41,2974.04,2984.45,2972.49,2985.33,2959.94,2984.87,3000
2903.54,2935.19,2916.91,2930.3,2933.48,2939.14,2932.65,2926.49,2940.62
2760.02,2762.43,2757.7,2720.82,2747.38,2755.86,2752.9,2767.68,2748
2739.31,2732.93,2746.83,2729.29,2732.9,2757.82,2734.26,2710.96,2757.22
2753.94,2749.02,2755.03,2741.21,2737.13,2728.46,2755.63,2755.1,2748.63
2731.3,2720.68,2724.59,2718.76,2713.44,2723.02,2721.47,2723.53,2727.97
2787.91,2808.31,2800.15,2797.05,2773.38,2763.08,2789.9,2787.44,2801.64
2461.18,2400.98,2449.21,2462.86,2463.7,2460.08,2463.49,2459.14,2521.42
2067.18,2033.64,1992.13,2037.76,2004.65,2052.69,2133.98,2051.9,2034.59
48.1287,15.2577,22.4777,33.963,33.0001,1992.11,54.0804,54.0804,54.0804
2282.81,2266.58,2221.54,2261.42,2190.58,2273.74,2289.31,2290.17,2207.17
2912.87,2950.47,2961.12,2940.7,2943.1,2953.97,2959.55,2955.51,2935.41
2982.92,2982.27,2960.82,2978.27,2972.16,2979.87,2908.82,2956.55,2978.18
2967.63,2983.2,2977.84,2976.86,2937.2,2973.7,2941.04,2965.52,2970.31
2990.07,2967.99,2966.44,2956.34,2978.81,2983.52,2982.95,2984.24,2978.09
2871.55,2856.63,2880.23,2877.12,2860.26,2869.67,2876.86,2862.57,2873.99
2702.69,2707.36,2691.79,2699.44,2685.93,2707.34,2704.79,2689.84,2693.4
2703.33,2717.64,2697.64,2713.74,2716.96,2709.31,2706.89,2711.94,2695.75
2750.5,2773.61,2785.94,2768.57,2783.28,2786.48,2777,2778.96,2781.48
2783.51,2793.37,2789.61,2787.99,2793.18,2788.42,2793.19,2790.56,2789.76
2761.87,2776.64,2772.35,2774.51,2762.73,2764.37,2772.37,2772.61,2773.89
2555.85,2551.92,2569.05,2551.38,2513.12,2475.31,2561.44,2488.1,2570.78
1186.83,1188.44,2092.82,1171.97,1190.04,1183.65,1186.65,1190.54,1189.92
-337.496,-336.108,-338.617,-336.646,-337.76,-336.284,-338.014,2043.63,-335.666
2479.44,2383.32,2487.87,2477.16,2476.94,2464.46,2468.04,2475.77,2420.42
2571.51,2571.78,2565.42,2571.26,2567.34,2570.36,2562.53,2570.02,2560.8
2947.24,2967.58,2972.98,2952.07,2965.4,2963.23,2975.25,2969.28,2960.92
2957.92,2968.01,2970.95,2982.4,2983.92,2973.89,2976.67,2980.72,2956.47
2950.64,2955.34,2959.02,2938.58,2930.82,2940.19,2942.15,2947.83,2937.2
2827.46,2848.14,2842.22,2824.76,2850.28,2846.72,2842.23,2848.35,2843
2655.54,2655.5,2643.9,2649.81,2647.21,2651.18,2644.9,2648.69,2656.53
2679.63,2685.42,2679.72,2686.86,2683.64,2675.25,2673.67,2683.35,2683.25
2758.6,2770.38,2765.9,2767.59,2771.26,2756.44,2765.77,2768.48,2758.28
2790.52,2789.11,2783.56,2783.37,2790.39,2791.13,2788.72,2790.41,2786.63
2472.68,2529.82,2551.07,2570.44,2568.3,2579.06,2578.46,2576.64,2574.65
2315.1,2281.72,2285.72,2296.42,2300.89,2296.64,2300.92,2289.61,2356.21
1903.13,1936.96,2405.48,1830.34,1873.15,1936.79,1938.13,1830.14,1860.36
-97.6786,-130.144,2390.56,-99.8003,-97.9503,-96.9403,-103.695,-97.7532,-96.9865
503.171,507.959,509.092,509.391,508.119,1824.97,509.414,509.414,509.414
2684.19,2647.52,2684.82,2689.29,2684.64,2689.47,2652.33,2657.52,2688.84
2931.54,2927.14,2918.22,2925.58,2939.66,2927.32,2918.11,2933.14,2931.74
2958.68,2960.48,2934.48,2960.43,2950.22,2949.21,2949.75,2952.67,2945.07
2933.02,2930.36,2928.96,2933.05,2919.51,2907.44,2911.51,2920.28,2933.02
2803.17,2806.4,2781.6,2799.19,2794.95,2804.68,2806.34,2791.29,2798.28
2567.7,2568.69,2572.78,2572.26,2556.45,2572.03,2570.21,2549.96,2577.16
2649.59,2653.02,2639.76,2645.99,2643.37,2649.36,2643.97,2646.77,2635.4
2745.44,2758.69,2751.02,2755.68,2758.42,2758.48,2754.37,2758.67,2755.72
2627.56,2722.41,2722.66,2717.95,2723.99,2716.52,2721.13,2720.81,2646.33
2638.8,2690.47,2689.66,2642.09,2692.11,2690.04,2692.45,2695.02,2695.57
2092.6,2092.41,2092.65,1981.13,1979.06,2038.65,2088.46,2412.57,2095.12
118.924,105.36,115.815,118.28,108.326,1955.71,112.896,110.461,112.141
2138.02,-300.702,-300.702,-300.702,-300.702,-300.702,-300.702,-300.702,-300.702
-2.55589,-0.399887,0.676672,1198.98,0.420655,-36.1753,0.134602,0.684645,0.284585
2838.61,2838.26,2842.6,2801.14,2844.63,2828.96,2840.99,2833.91,2842.79
2893.07,2866.4,2890.76,2871.31,2886.35,2870.25,2861.96,2894.07,2855.82
2913.36,2907.93,2909.84,2905.85,2902.8,2911.19,2898.65,2893,2861.14
2882,2879.48,2864.26,2867.84,2881.62,2876.32,2864.65,2859.01,2851.29
2753.68,2770.01,2753.21,2776.88,2771.81,2778.55,2763.51,2781.2,2753.25
2484.89,2487.25,2488,2489.03,2483.08,2487.32,2482.43,2489.18,2488.88
2618.76,2603.75,2604.2,2597.93,2596.19,2603.77,2608.25,2608.96,2607.38
2735.52,2741.41,2731.82,2744.5,2729.12,2733.37,2738.25,2732.79,2734.43
2691.71,2786.37,2788.59,2798.15,2796.76,2801.27,2783.52,2787.17,2795.01
2428.64,2428.89,2421.73,2424.35,2537.59,2429.5,2429.5,2429.5,2429.5
2247.31,2135.69,2238.19,2358.57,2174.23,2246.97,2246.53,2168.11,2248.29
521.021,2097.86,507.544,508.01,508.139,505.834,507.903,455.267,467.267
-770.784,-762.628,-762.722,1842.76,-762.784,-765.687,-762.621,-762.628,-762.661
1051.82,1052.72,1053.09,1053,1053.09,1053.14,1840.29,1053.37,1053.37
2817.49,2924.81,2837.25,2908.9,2925.49,2916.48,2920.92,2914.36,2918.75
2954.73,2962,2960.26,2955.96,2962.7,2951.62,2970.58,2954.63,2963.4
2973.16,2956.89,2948.45,2965.35,2960.82,2963.23,2970.31,2969.7,2936.82
2955.4,2905.6,2961.14,2945.3,2959.57,2931.2,2960.34,2938.78,2963.05
2774.16,2773.33,2771.7,2770.32,2768.07,2773.05,2753.82,2757.19,2772.54
2459.23,2457.56,2455.22,2456.29,2446.28,2459.03,2447.09,2457.32,2453.96
2553.04,2547.88,2557.67,2554.55,2541.28,2546.03,2530.03,2546.21,2531.83
2701.79,2714.6,2716.37,2716.8,2712.93,2700.68,2718.47,2716.55,2711.57
2722.47,2717.75,2721.32,2705.09,2709.6,2701.47,2716.16,2718.22,2713.49
2428.91,2429.47,2317.89,2361.24,2334.37,2575.66,2429.5,2429.5,2429.5
108.883,109.237,108.819,95.2612,1918.51,109.558,109.558,109.558,109.558
-676.194,-676.394,-676.377,-683.374,2008.69,-676.021,-676.021,-676.021,-676.021
-184.923,-184.619,-184.77,-201.301,2034.36,-184.373,-184.373,-184.373,-184.373
1520.83,1520.98,1515.95,1437.97,2125.23,1521,1521,1521,1521
2774.81,2765.06,2774.03,2675.88,2771.01,2771.72,2770.98,2760.43,2771.59
2970.01,2974.81,2965.61,2966.76,2968.04,2963.28,2976.2,2925.72,2979.71
2961.49,2962.82,2974.09,2979.92,2979.9,2973.34,2978.61,2972.81,2980.89
2942.66,2932.51,2942.21,2934.15,2947.51,2939.53,2929.57,2943.09,2943.74
2804.39,2816.81,2803.55,2800.13,2815,2806.67,2808.96,2807.37,2813.79
2573.62,2575.76,2568.56,2549.36,2577.74,2557.6,2579.1,2577.02,2580.25
2590.02,2587.65,2590.3,2585.7,2589.94,2591.05,2589.85,2589.16,2590.41
2706.25,2713.3,2714.19,2709.73,2710.23,2704.94,2708.55,2712.8,2703.06
2736.23,2736.19,2712.71,2733.22,2735.38,2736.58,2729.96,2731.46,2731.61
2393.9,2391.8,2346.09,2387.2,2300.9,2303.15,2396.42,2370.89,2299.53
2089.13,2092.94,2094.17,2092.91,1979.07,2463.51,2095.12,2095.12,2095.12
1905.59,1916.18,1887.59,1951.4,1822.4,1924.42,2466.81,1922.8,1925.42
362.171,2170.3,362.247,362.247,362.247,362.247,362.247,362.247,362.247
1926.93,1932.86,1934.94,1932.85,1931.32,1935.28,2558.22,1934.45,1931.68
2946.28,2942.32,2921.29,2946.75,2941.11,2950.87,2959.09,2944.35,2941.19
2962.86,2962.58,2926.27,2966.42,2967.85,2963.71,2954.1,2968.48,2969.51
2965.56,2967.14,2978.78,2945.08,2977.82,2955.03,2968.88,2968.19,2971.82
2948.21,2956.71,2967.14,2959.71,2954.21,2953.25,2966.96,2945.63,2952.52
2806.61,2854.16,2837.09,2831.81,2850.49,2852.95,2848.77,2851.3,2839.11
2591.29,2594.04,2573.3,2593.19,2590.3,2593.04,2587.17,2590.02,2587.14
2604.75,2603.07,2604.17,2603.59,2604.71,2590,2603.83,2590.42,2600.33
2714.42,2729.28,2726.18,2727.27,2725.85,2729.02,2728.65,2726.68,2725.7
2837.36,2845.42,2844.36,2848.35,2839.63,2844.03,2832.7,2843.25,2847.49
2256.33,2256.26,2252.82,2253.66,2149.4,2226.51,2562.46,2258.03,2258.03
2011.1,2019.96,2000.86,1961.02,1988.85,2006.98,1989.17,2576.35,1931.59
-931.13,1433.48,-933.069,-930.568,-932.929,-930.617,-933.069,-931.635,-932.833
-737.869,-746.011,-736.979,1937.87,-736.939,-737.123,-746.242,-746.364,-737.282
2233.21,2217.31,2228.74,2234.4,2226.37,2232.77,2414.98,2234.48,2133.16
2940.86,2951.64,2935.55,2941.83,2933.35,2942.27,2946.49,2955.3,2955.76
2963.73,2955.32,2956.86,2975.72,2971.19,2970.88,2976.37,2970.49,2973.47
2997.75,2960.01,2969.94,2992.68,2987.25,2965.28,2985.43,2978.34,3000
2946.85,2922.82,2922,2956.51,2934.12,2934.32,2950.71,2942.46,2949.24
2838.49,2834.38,2849.98,2842.56,2847.49,2835.53,2838.77,2846.61,2844.91
2658.59,2661.35,2670.93,2676.09,2643.36,2675.72,2666.76,2674.59,2662.81
2665.72,2666.55,2657.47,2659.52,2657.5,2663.15,2661.96,2661.33,2666.75
2796.91,2803.87,2802.87,2777.38,2802.52,2760.22,2801.17,2796.6,2795.69
2870.3,2870.93,2867.55,2863.87,2865.76,2846.31,2861.19,2860.39,2857.35
2093.78,2082.1,1979.11,2093.31,2056.06,2301.39,2092.96,2083.76,2081.02
2445.94,2445.96,2426.78,2428.79,2388.83,2333.14,2435.73,2488.98,2377.36
1967.77,698.974,694.493,694.917,694.508,700.246,719.921,703.196,724.493
1514.22,1515.76,1519.87,1428.15,1509.26,1796.37,1521,1521,1521
2871.95,2872.14,2839.45,2878.12,2826.24,2835.45,2881.34,2869.1,2823.17
2962.43,2938.85,2918.19,2967.34,2950.48,2924.82,2961.62,2971.73,2947.93
2965.73,2983.48,2932.74,2983.22,2968.25,2940.47,2986.78,2986.99,2983.91
2952.92,2981.45,2978.68,2974.5,2973.82,2966.36,2971.65,2956.66,2952.83
2952.3,2933.82,2953.13,2954.54,2908.56,2910.97,2952.33,2954.22,2954.69
2883.78,2856.2,2881.56,2882.91,2877.44,2870.56,2884.37,2894.11,2884.7
2745.5,2720.87,2745.69,2745.79,2697.23,2745.57,2742.94,2747.69,2742.7
2720.95,2709.62,2718.89,2722.15,2663.99,2719.22,2726.81,2724.21,2713.92
2813.73,2819.17,2817.27,2813.5,2815.8,2816.71,2815.57,2809.4,2817.83
2810.05,2813.48,2816.67,2823.54,2806.58,2817.79,2808.6,2809.06,2814.06
2793.68,2791.53,2768.93,2779.98,2778.98,2780.89,2772.78,2785.11,2799.06
2433.71,2060.15,2084.02,2078.37,2080,2083.28,2081.86,2082.29,2075.89
2044.38,2015.54,2044,2064.22,2046.1,2036.82,2147.67,2098.19,2021.16
228.285,229.426,229.143,213.134,185.881,1511.24,229.427,229.427,229.427
2499.87,2412.44,2464.21,2503.03,2421.44,2513.92,2465,2504.16,2517.88
2967.18,2924.29,2952.27,2978.58,2926.14,2954.61,2966.8,2981.5,2966.66
2971.86,2968.65,2945.65,2934.41,2958.36,2984.8,2989.88,2974.81,2979.55
2977.3,2939.09,2980.29,2971.45,2981.88,2958.93,2981.91,2980.95,2985.31
2951.98,2948.56,2936.43,2950.41,2980.57,2960.09,2969.57,2933.34,2976.6
2906.97,2925.74,2891.86,2892.71,2921.13,2921.32,2916.42,2928.03,2926.73
2759.65,2771.71,2762.12,2757.7,2640.78,2762.28,2766.53,2765.13,2770.83
2744.09,2752.83,2754.21,2753.67,2717.86,2694.88,2742.79,2739.97,2754.27
2771.3,2774.04,2750.03,2771.67,2768.22,2772.77,2771.92,2776.14,2768.56
2753.91,2783.74,2783.01,2786.17,2779.93,2777.1,2775.18,2777.51,2785.29
2774.06,2781.31,2777.09,2768.9,2776.6,2786.22,2784.95,2779.76,2772.24
2676.49,2658.85,2652.07,2674.53,2669.96,2677.95,2682.12,2664.79,2673.69
2339.33,2341.37,2350.62,2333.98,2305.63,2360.75,2358.32,2348.45,2350.36
-459.075,-478.015,-462.231,-460.247,-478.457,-461.911,1531.52,-458.896,-458.896
2675.75,2643,2652.16,2677.23,2665.56,2642.09,2652.85,2655.51,2685.73
2964.1,2970.09,2974.01,2959.58,2976.92,2968.99,2980.86,2973.17,2951.88
2995.13,2993.25,2988.71,2958.21,2945.48,2979.88,2991.29,2964.4,2956.17
2986.39,2934.76,2962.66,2973.73,2978.6,2984.84,2977.51,2977.73,2967.09
2957.89,2984.17,2977.35,2982.07,2967.71,2969.59,2984.24,2977.88,2987.33
2921.93,2893.27,2922.26,2928.98,2929.33,2920.01,2925.52,2888.43,2926.36
2741.56,2742.69,2746.97,2746.72,2705.35,2733.38,2740.41,2747.61,2739.61
2710.97,2710.05,2743.05,2702.99,2737.81,2746.36,2748.87,2738.99,2727.16
2749.61,2742.36,2736.2,2741.04,2749.04,2748.94,2747.61,2747.29,2720.93
2695.7,2708.05,2705.25,2706.95,2688.46,2701.57,2698.9,2693.66,2704.78
2770.79,2776.98,2756.83,2774.46,2734.2,2769.14,2768.42,2774.78,2773.92
2622.8,2608.86,2623.8,2619.77,2608.78,2611.62,2588.7,2503.91,2604.61
2269.17,2226.38,2296.99,2174.24,2247.85,2247.48,2270.42,2218.05,2200.86
1830.11,1830.11,1939.99,1939.89,1832.04,1847.66,1880.9,2138.65,1940.37
2419.02,2419.75,2538.04,2429.5,2429.5,2429.5,2429.5,2429.5,2429.5
2964.32,2971.38,2944.4,2920.9,2948.94,2971.92,2961.13,2973.58,2958.38
2936.14,2976.44,2975.79,2975.96,2955.04,2966.74,2966,2952.64,2977.04
2980.2,2996.3,2987.95,2974.45,2990.24,2982.84,2966.75,2964.12,3000
2972.29,2949.41,2955.42,2947.57,2963.27,2955.12,2971.26,2973.59,2958.94
2869.79,2830.78,2875.79,2882.59,2869.28,2875.36,2865.9,2871.04,2875.93
2705.04,2685.48,2711.34,2714.24,2682.64,2705.62,2710.32,2684.72,2689.55
2701.67,2723.11,2718.07,2717.5,2713.4,2705.21,2707.99,2723.93,2717.45
2763.82,2773.31,2756.98,2767.68,2771.48,2773.72,2766.73,2758.96,2767.84
2810.45,2804.97,2811.13,2797.73,2816.2,2817.48,2818.2,2814.22,2816.06
2762.24,2756.01,2752.75,2764.56,2748.38,2766.79,2766.58,2643.39,2767.5
2305.22,2417.6,2372.68,2424.38,2422.83,2596.73,2419.05,2371.82,2383.93
848.572,849.79,852.275,852.257,852.886,783.789,850.82,795.597,2242.72
-722.525,-722.365,-722.262,-723.004,-732.516,2097.31,-722.229,-722.229,-722.229
223.051,224.31,222.718,222.922,223.754,224.176,222.644,222.607,1535.14
2870.19,2881.1,2891.48,2885.34,2881.13,2885.26,2890.93,2885.35,2812.53
2904.32,2934.19,2938.15,2924.74,2942.04,2901.69,2910.78,2946.02,2939.62
2975.04,2970.43,2960.48,2951.89,2946.41,2975.35,2974.51,2967.13,2963.54
2886.98,2930.46,2932.36,2925.47,2920.75,2931.66,2913.36,2922.97,2915.65
2835.66,2842.6,2841.68,2848.76,2845.14,2816.82,2840.43,2818.96,2824.44
2648.98,2642.85,2644.06,2653.28,2628.54,2650.99,2649.69,2648.98,2646.48
2695.05,2693.71,2674.64,2695.92,2695.87,2697.5,2696.62,2671.54,2684.31
2734,2758.46,2748.87,2757.83,2755.53,2754.96,2749.86,2730.49,2747.88
2825.76,2823.84,2825.77,2824.7,2824.03,2819.03,2816.12,2827.97,2829.45
2509.13,2497.73,2525.89,2467.66,2465.56,2504.1,2521.55,2514.88,2519.33
2161.05,2130.91,2148.18,2119.91,2136.2,2127.34,2134.19,2337.78,2221.68
1791.68,1790.74,1688.61,2370.84,1793.35,1793.35,1793.35,1793.35,1793.35
-288.929,2217.82,-313.062,-313.078,-313.078,-312.641,-290.582,-293.281,-289.961
872.134,943.365,2194.21,942.158,937.023,876.367,943.261,932.562,942.528
2947.57,2953.12,2957.09,2952.95,2938.55,2940.96,2937.38,2943.38,2948.5
2984.51,2974.48,2968.66,2972.72,2967.02,2955.59,2981.39,2962.78,2965.77
2964.65,2976.03,2960.52,2973.39,2971.34,2956.39,2974.34,2934.73,2960.36
2926.73,2937.18,2924.68,2919.06,2915.47,2902.4,2932.42,2913.44,2916.42
2805.08,2803.88,2802.42,2793.59,2783.44,2800.5,2804.82,2775.52,2805.27
2580.95,2573.61,2568.34,2600.6,2582.94,2565.08,2570.38,2581.93,2567.01
2644.74,2648.31,2652.26,2655.5,2652.72,2652.41,2643.34,2643.83,2645.3
2760.11,2764.76,2748.05,2767.05,2748.58,2738.67,2767.16,2764.93,2765.72
2587.04,2561.45,2535.16,2560.19,2553.16,2559.19,2440.51,2544.76,2552.41
2654.92,2662.56,2660.51,2643.39,2654.65,2579.4,2533.62,2656.66,2662.51
2107.37,2166.91,2131.77,2114.37,2108.74,2307.03,2107.8,2108.11,2172.32
-225.825,-226.881,-225.227,-226.2,-242.907,-238.376,1728.69,-225.154,-225.154
660.055,660.164,613.68,2056.75,672.481,672.481,672.481,672.481,672.481
1568.33,1647.16,1650.54,1651.79,1555.79,1651.29,1651.76,1985.67,1605.13
2788.26,2777.58,2784.37,2669.13,2787.59,2773.55,2786.82,2786.48,2778.92
2972.86,2962.71,2976.61,2966.62,2967.66,2981.87,2970.77,2984.27,2984.87
2969.59,2948.15,2975.53,2948.95,2947.95,2959.07,2972.04,2972.63,2949.55
2951.21,2932.14,2941.44,2955.57,2954.04,2931.1,2944.58,2947.87,2938.85
2837.96,2818.78,2833.4,2824.63,2823.36,2836.44,2812.6,2811.85,2828.58
2503.98,2497.68,2498.06,2501.13,2502.66,2498.52,2501.47,2481.39,2472.68
2597.66,2597.36,2599.51,2599.62,2580.28,2596.64,2603.86,2596.27,2597.94
2722.58,2727.51,2733.89,2736.32,2738.23,2736.39,2735.82,2735.05,2735.59
2620.36,2646.7,2651.69,2649.2,2651.87,2639.26,2647.05,2653.15,2638.98
2182.89,2135.85,2225.31,2399.48,2109.53,2225.4,2221.21,2154.16,2225.52
360.218,360.449,361.414,360.911,323.363,2197.34,362.247,362.247,362.247
-842.022,-842.061,-845.947,1740.8,-842.004,-842.004,-842.004,-842.004,-842.004
-536.309,-536.516,-536.435,-536.544,-536.343,-536.388,-536.369,1811.01,-536.232
2359.81,2367.18,2268.94,2428.79,2256.74,2257.63,2278.56,2257.7,2371.78
2921.3,2943.45,2953.83,2939.34,2941.02,2824.6,2938.34,2932.72,2952.6
2973.63,2979.84,2979.63,2977,2962.22,2962.24,2953.71,2982.51,2980.65
2970.46,2969.59,2950.26,2965.88,2966.67,2969.87,2946.84,2959.67,2946.9
2968.66,2942.95,2946.15,2917.9,2961.28,2942.02,2949,2947.44,2954.23
2812.57,2799.16,2809,2815.56,2783.1,2796.88,2807.79,2814.55,2821.69
2402.48,2393.21,2401.66,2404.42,2373.86,2399.3,2400.79,2401.94,2395.71
2524.71,2523.18,2527.25,2502.26,2520.81,2516.88,2501.04,2521.32,2509.03
2706.81,2697.23,2699.11,2701,2698.09,2704.83,2691.43,2702,2708.05
2621.05,2621.25,2615.78,2612.83,2624.46,2617.8,2616.99,2613.06,2624.58
2540.9,2498.74,2473.12,2482.2,2474.64,2464.08,2577.56,2593.54,2591.62
1052.55,1048.13,1051.26,989.396,995.599,1046.19,2349.42,1053.37,1053.37
-874.555,-918.93,-919.47,-921.251,2121.66,-918.894,-918.894,-918.894,-918.894
-269.229,-269.206,-269.605,-269.32,1978.06,-268.557,-268.614,-268.546,-268.905
1892.83,1881.59,1837.75,1847.66,1818.52,1886.29,1963.84,1800.71,1866.01
2934.41,2952.91,2958.34,2945.19,2949.3,2925.38,2957.29,2949.57,2944.12
2965.21,2967.52,2968.47,2954.09,2966.16,2964.63,2967.13,2960.46,2963.84
2954.06,2961.12,2974.72,2958.88,2968.76,2971.8,2960.74,2970.38,2959.57
2956.52,2960.98,2936.17,2957.44,2940.17,2953.37,2951.85,2960.42,2948.42
2823.48,2811.35,2817.05,2815.33,2799.11,2825.03,2817.14,2815.26,2806.74
2532.78,2535.59,2533.66,2541,2542.74,2542.25,2543.31,2539.61,2542.43
2548.24,2565.7,2562.97,2559.43,2552.72,2560.94,2564.55,2567.17,2562.79
2661.33,2663.21,2652.15,2663.93,2651.32,2669.67,2669.92,2667.69,2662.99
2802.62,2794.78,2797.65,2800.08,2790.29,2791.83,2803.32,2802.97,2796.03
2565.95,2568.57,2524.67,2566.86,2566.03,2455.91,2567.06,2566.07,2562.71
2351.66,2305.18,2342.18,2319.45,2300.94,2319.46,2338.81,2437.26,2367.18
2436.78,1581.14,1589.2,1559.88,1555.92,1598.63,1557.77,1617.85,1643.84
2250.39,2247.13,2248.13,2193.55,2532.48,2147.86,2245.76,2242.05,2247.24
1939.78,2386.51,1940.37,1940.37,1940.37,1940.37,1940.37,1940.37,1940.37
2944.56,2941.39,2931.04,2935.25,2950.97,2925.7,2942.17,2945.32,2950.31
2951.99,2962.98,2959.37,2963.89,2951.7,2964.88,2967.54,2953.56,2964.09
2948.9,2950.79,2950.48,2964.19,2963.57,2956.68,2964.19,2948.62,2906.04
2964.01,2951.24,2959.45,2933.94,2942.71,2952.73,2956.84,2952.95,2943.6
2790.73,2749.67,2796.59,2791.72,2788.03,2794.53,2798.48,2789.26,2787.34
2559.86,2561.94,2568.1,2563.15,2567.49,2544.06,2567.13,2569.19,2527
2603.04,2603.34,2597.17,2593.85,2601.17,2599.46,2603.25,2605.15,2606.55
2737.56,2741.69,2735.69,2739.08,2739.78,2745.94,2745.66,2745.37,2747.62
2692.3,2688.17,2687.54,2693.33,2677.29,2677.58,2686.4,2687.82,2692.78
2574.93,2471.73,2474.7,2589.62,2569.28,2562.63,2572.87,2493.33,2578.51
2262.83,2220.34,2181.77,2447.42,2260.83,2261.6,2257.86,2258.92,2213.71
1157.66,1080.4,1157.94,2527.64,1161.44,1161.44,1161.44,1161.44,1161.44
2541.83,2252.95,2251.23,2253.48,2249.21,2253.91,2253.85,2158.33,2245.56
2085.81,2081.64,2073.3,2083.87,2077.91,2082.49,2451.73,2085.51,2083.85
2756.41,2754.89,2737.31,2757.57,2759.99,2759.23,2761.1,2759.01,2747.38
2960.8,2940.79,2946.7,2959.16,2965.26,2937.14,2945.73,2939.4,2938.23
2990.87,2986.33,2946.12,2978.74,2973.92,2985.17,2981.39,2985.93,2980.81
2921.82,2928.4,2935.68,2921.21,2947.58,2939.12,2949.78,2936.6,2941.22
2799.42,2803.84,2790.32,2807.88,2793.08,2788.49,2809.32,2809.86,2808.93
2606.74,2604.13,2619.37,2614.1,2616.5,2582.68,2620.3,2619.96,2619.62
2629.01,2620.13,2624.24,2622.42,2630.09,2629.96,2626.75,2629.82,2625.78
2746.01,2742.18,2734.06,2730.2,2745.19,2734.97,2744.93,2737.85,2740.28
2845.19,2751.75,2835.2,2838.26,2839,2821.4,2838.98,2839.68,2808.15
2688.13,2696.78,2624.21,2658.21,2665.81,2688.96,2684.51,2659.13,2666.66
2340.58,2297.81,2391.88,2374.95,2393.79,2313.61,2429.08,2302.49,2392.65
1388.9,2019,1385.6,1390.13,1391.86,1391.46,1390.24,1391.56,1389.06
1389.55,1305.15,1305.11,2381.64,1389.68,1389.67,1305.17,1305.15,1392.35
1394.27,1389.38,1385.14,1341.07,1353.5,1387.64,2444.34,1394.95,1394.95
2565.06,2570.26,2529.86,2575.54,2466.77,2573.64,2561.61,2571.46,2575.18
2974.42,2980.38,2975.08,2974.7,2963.4,2945.65,2983.48,2983.83,2959.64
2923.37,2956.02,2951.22,2974.91,2970.57,2945.01,2963.46,2979.05,2948.72
2922.44,2911.19,2938.56,2933.53,2918.62,2936.42,2925.54,2925.66,2919.05
2877.08,2875.58,2876.07,2868.34,2861.7,2873.87,2867.85,2869.07,2860.65
2686.49,2673.45,2690.1,2691.25,2688.6,2687.84,2691.11,2675.73,2678.26
2681.01,2671.54,2671.26,2676.83,2637.35,2674.13,2679.7,2679.68,2679.97
2741.3,2740.33,2739.89,2742.63,2730.24,2747.3,2743.9,2741.75,2747.14
2738.86,2758.2,2752.55,2755.63,2752.27,2752.35,2741.36,2708.68,2754.84
2789.08,2775.77,2784.22,2759.45,2794.82,2765.02,2790.4,2791.46,2765.96
2145.66,2236.73,2236.79,2136.84,2229.13,2236.87,2462.68,2238.31,2200.05
2415.44,2410.02,2419.72,2415.53,2428.5,2419.61,2434.94,2400.36,2420.44
225.984,183.337,183.325,228.954,222.131,226.806,231.405,1568.02,229.427
1652.57,1649.27,1642.48,1647.19,1630.72,1652.07,2186.24,1653.68,1653.68
2928.01,2930.45,2982.07,2974.24,2982.35,2972.1,2845.65,2960.23,2963.43
2980.99,2961.54,2971.39,2979.96,2961.47,2969.72,2979.3,2950.03,2953.87
2945.36,2982.86,2984.19,2992.5,2980.05,2991.31,2986.08,2984.93,2969.41
2977.14,2983.54,2986.96,2977.83,2992.9,2958.23,2983.77,2989.35,2971.67
2852.55,2889.38,2885.07,2871.39,2822.76,2885.12,2877.17,2870.68,2887.69
2745.17,2732.97,2745.67,2740.29,2699.2,2726.32,2723.43,2745.68,2740.94
2705.96,2680.83,2675.81,2707.12,2683.3,2707.52,2703.24,2703.64,2700.81
2734.17,2743.14,2738.42,2743.36,2704.58,2743.67,2739.95,2732.06,2732.08
2771.75,2746.71,2772.24,2769.9,2757.81,2749.97,2760.93,2754.7,2768.22
2750.6,2739.71,2738.23,2730.74,2742,2732.61,2707.71,2736.92,2749.09
2396.45,2385.61,2412.06,2371.78,2394.91,2389.64,2325.66,2398.94,2390.21
1137.5,1134.46,1136.03,1137.42,1081.21,1137.7,1124.2,1134.22,2209.14
-401.915,-389.611,-422.899,-420.154,-410.839,-419.68,-419.944,2070.61,-400.439
2578.39,2577.8,2572.49,2557.98,2512.87,2577.26,2573,2566.46,2577.65
2921.05,2968.77,2956.62,2965,2976.77,2966.02,2943.85,2976.28,2981
2963.84,2944.58,2979.67,2988.94,2972.02,2989.56,2988.52,3000,3000
2958.9,2972.54,2974.26,2972.89,2970.64,2959.16,2944.88,2982.3,2975.82
2954.67,2943.86,2970.05,2947.9,2969.51,2966.72,2968.04,2936.49,2935.41
2903.44,2912.15,2932.44,2931.39,2862.76,2923.71,2881.9,2898.56,2920.7
2740.25,2740.2,2735.56,2720.96,2731.74,2741.65,2734.26,2746.98,2735.58
2734.46,2745.58,2737.58,2740.79,2712.43,2706.21,2741.49,2732.32,2743.55
2734.85,2725.31,2725.32,2722.71,2718.67,2720.02,2735.97,2735.22,2727.77
2771.18,2781.7,2778.21,2746.82,2780.6,2771.6,2766.6,2769,2769.32
2600.73,2598.51,2574.16,2482.4,2600.29,2600.79,2473.63,2598.22,2597.36
2480.56,2514.69,2410.43,2489.36,2424.02,2485.44,2488.66,2487.03,2488.97
1790.16,1778.64,1787.88,1783.84,1724.53,1771.74,1786.87,2162.3,1765.73
2092.2,2091,2017.87,2094.18,2064.11,2190.61,2095.12,2095.12,2095.12
2422.46,2421.23,2427.71,2419.29,2423.42,2422.19,2337.5,2419.63,2303.51
2968.49,2951.62,2966.7,2959.88,2963.43,2951.02,2973.66,2972.38,2975.86
2964.81,2956.5,2936.38,2954.39,2948.26,2951.85,2918.1,2942.22,2954.84
2948.44,2984.2,2971.79,2981.49,2963.61,2973.54,2969.87,2968.03,2984.11
2952.84,2945.69,2971.82,2965.78,2948.59,2940.19,2944.1,2951.07,2952.91
2874.49,2871.35,2883.26,2891.26,2884.2,2894.71,2892.37,2870.61,2872
2705.9,2682.6,2693.93,2708.7,2682.59,2696.87,2693.44,2708.42,2693.51
2682.6,2682.97,2681.15,2686.2,2659.32,2644.35,2685.03,2651.94,2662.51
2716.17,2736.78,2739.73,2741.11,2735.88,2738.3,2739.98,2741.73,2730.62
2799,2795.16,2784.87,2789.75,2769.04,2799.96,2785.84,2792.37,2793.31
2594.76,2509.64,2590.52,2523.14,2475.75,2594.09,2596.55,2585.47,2597.52
1651.5,1652.15,1642.22,1649.59,1651.71,2096.27,1648.19,1648.77,1649.27
1426.71,1426.33,1507.45,1505.51,1507.02,2121.06,1505.63,1502.56,1505.91
-770.387,1632.43,-764.068,-771.25,-766.343,-770.417,-764.558,-770.881,-769.059
1515.34,1520.74,1517.23,1515.07,1503.92,1520.99,1519.85,1515.58,1905.27
2778.74,2778.56,2779.04,2761.78,2780.44,2773.77,2776.97,2776.19,2766.66
2960.7,2956.47,2971.25,2942,2962.24,2961.39,2971.93,2975.17,2935.41
2982.13,2978.32,2971.57,2961.96,2977.57,2981.77,2955.1,2971.97,2970.6
2967.18,2944.94,2949.16,2947.79,2966.3,2968.05,2949.88,2962.31,2947.22
2835.43,2821.15,2834.13,2838.7,2851.83,2846.63,2831.3,2833.96,2841.4
2611.79,2668.91,2649.86,2668.54,2643.36,2656.04,2653.61,2645.77,2643.16
2656.25,2676.4,2674.31,2674.19,2641.2,2665.82,2668.81,2675.93,2673.35
2745.41,2738.39,2744.76,2750.37,2744.38,2739.01,2743.22,2734.94,2746.68
2785.3,2804.66,2791.74,2797.09,2796.21,2793.42,2797.85,2799.73,2802.21
2097.99,2155.21,2157.29,2157.26,2142.74,2325.99,2063.51,2152.56,2149.8
2087.14,2178.91,2090.77,2129.01,2078.06,2178.8,2534.35,2099.92,2184.23
-947.766,-947.441,-948.062,-948.162,-948.248,2079.86,-948.175,-948.138,-947.036
-970.974,-972.015,-970.925,-971,-971.036,-971.008,1742.84,-970.925,-970.925
1766.58,213.79,177.518,216.021,213.987,213.745,215.84,215.028,215.509
2042.62,2045.67,2043.57,1949.81,2045.21,2045.84,2044.79,2045.17,2277.96
2933.54,2918.18,2934.39,2937.24,2934.63,2932.03,2940.91,2936.6,2935.19
2936.55,2940.39,2926.79,2929.35,2940.11,2941.58,2932.92,2927.97,2925.25
2926.01,2928.19,2919.58,2896.38,2914.71,2911.49,2927.64,2913.12,2929.09
2817.06,2806.44,2798.77,2817.78,2791.12,2819.81,2815.65,2801.83,2822.49
2561.62,2554.58,2548.76,2550.24,2554.46,2552.57,2540.36,2550.57,2540.92
2623.39,2624.31,2607.1,2615.27,2622.95,2619.83,2616.64,2614.4,2614.74
2715.07,2709.09,2714.37,2714.41,2711.74,2703.76,2701.21,2713.22,2713.71
2567.52,2691.86,2668.62,2682.35,2686.47,2673.88,2680.98,2679.73,2684.58
2636.14,2647.54,2642.18,2583.84,2645.91,2636.13,2640.97,2646.44,2648.66
1519.79,1520.21,1428.27,1449.99,1473.19,2297.72,1521,1521,1521
-847.928,-843.913,1997.91,-842.004,-842.004,-842.004,-842.004,-842.004,-842.004
-492.369,-490.617,1560.19,-485.951,-485.951,-485.951,-485.951,-485.951,-485.951
1253.1,1187.89,1269.13,1269.23,1269.74,1268.56,1964.36,1269.07,1267.76
2583.74,2581.36,2573.17,2455.55,2583.18,2576.68,2579.88,2576.84,2581.74
2957.34,2960.02,2961.01,2940.36,2966.27,2948.62,2950.19,2962.22,2948.59
2958.56,2955.89,2953.63,2971.96,2975.11,2974.58,2962.18,2973.78,2960.96
2908.66,2903.6,2929.86,2927.99,2923.57,2908.6,2923.53,2925.03,2931.87
2803.84,2809.13,2748.1,2833.92,2818.71,2814.39,2827.05,2823.11,2807.62
2484.71,2451.19,2487.43,2474.78,2487.29,2476.9,2485.24,2479.79,2487.79
2549.23,2543.42,2550.02,2541.95,2543.89,2552.35,2548.52,2550.57,2549.92
2688.09,2675.31,2675.21,2675.56,2669.86,2673.72,2684.06,2683.54,2684.2
2642.08,2657.02,2628.46,2652.52,2640.88,2646.32,2650.27,2656.41,2654.56
1818.73,1887.79,1854.09,1890.12,1881.59,1862.84,1829.06,1805.38,2453.38
-227.939,-242.296,-256.009,-228.48,-227.925,2077.93,-232.997,-228.399,-230.595
-584.399,-595.063,-585.929,-584.689,-584.648,-598.612,2049.64,-599.198,-584.008
-878.772,-882.461,-878.543,-879.875,1614.46,-878.425,-882.433,-878.399,-881.249
1274.09,1270.6,1274.56,1274.25,1257.7,1189.45,1273.9,1273.91,2185.75
2934.91,2931.59,2932.83,2924.66,2941.79,2925.99,2915.26,2929.39,2942.06
2914.25,2948.79,2944.96,2948.09,2945.39,2960.11,2953.27,2951.26,2952.42
2947.55,2924.68,2939.31,2937.21,2939.1,2946.96,2942.38,2925.56,2945.13
2912.34,2903.5,2910.93,2907.74,2921.49,2905.95,2920.49,2898.87,2912.95
2717.62,2707.7,2717.99,2698.93,2716.89,2696.44,2703.3,2707.05,2716.62
2443.91,2433.83,2445.8,2446.88,2427.07,2443.18,2446.8,2441.4,2439.68
2496.82,2491.3,2493.33,2489.11,2494.38,2498.91,2498.41,2493.9,2487.59
2614.68,2600.4,2605.15,2616.83,2598.26,2613.36,2614.96,2610.09,2603.64
2647.82,2647.07,2640.58,2577.7,2655.75,2655.78,2656.8,2655.14,2653.03
1791.37,1793.07,1791.67,1703.3,2483.2,1793.35,1793.35,1793.35,1793.35
2227.76,671.479,667.157,622.547,671.537,635.939,670.378,667.247,646.918
2397.27,-301.048,-301.059,-327.116,-301.06,-324.147,-324.967,-302.266,-301.157
950.052,949.47,950.107,946.68,919.187,2465.3,949.604,949.362,883.678
2557.64,2553.76,2543.41,2553.81,2558.61,2429.21,2556.81,2557.12,2594.62
2976.1,2950.97,2973.8,2976.02,2957.39,2971.73,2971.6,2965.48,2971.22
2947.06,2967.2,2958,2967.59,2980.78,2975.15,2980.75,2981.08,2973.17
2968.47,2972.45,2987.92,2980.49,2983.25,2975.14,2965.14,2983.4,2976.85
2966.09,2949.24,2966.8,2946.51,2946.25,2948.02,2964.08,2956.16,2959.09
2786.65,2785.99,2802.01,2793.48,2802.78,2812.16,2815.27,2811.25,2797.09
2572.86,2570.9,2568.24,2561.76,2572.99,2575.47,2578.28,2569.2,2571.9
2582.07,2576.23,2581.68,2591.4,2592.9,2591.44,2589.82,2587.8,2591.31
2644.74,2638.87,2611.1,2643.9,2641.75,2641.4,2646.79,2645.91,2641.38
2799.22,2808.06,2717.05,2807.41,2808.47,2805.55,2783.21,2783.71,2810.73
2506.38,2448.78,2508.95,2426.35,2415.28,2507.54,2494.13,2425.73,2446.99
2093.34,2090.31,2091.22,2088.24,1988.86,2033.21,2593.26,2095.12,2095.12
1939.09,1935.22,1871.76,2534.42,1834.22,1938.92,1830.12,1830.81,1934.97
1160.34,1160.5,1160.9,2439.66,1161.44,1161.44,1161.44,1161.44,1161.44
2373.09,2278.95,2364.3,2372.36,2509.49,2358.96,2371.88,2372.84,2373.34
2942.43,2941.09,2844.8,2934.15,2942.78,2939.7,2941.73,2941.83,2947.95
2968.56,2973.98,2982.41,2972.91,2970,2973.56,2974.63,2969.86,2934.78
2960.4,2940.77,2952.6,2967.48,2955.89,2947.28,2963.71,2962.99,2908.75
2931.68,2930.33,2941.9,2951.54,2951.79,2939.61,2945.88,2956.82,2922.87
2792.77,2792.23,2775.46,2799.84,2785.3,2793.7,2789.42,2799.83,2755.69
2580.43,2582,2580.8,2580.98,2580.32,2578.4,2579.78,2563.84,2570.09
2595.62,2594.28,2596.69,2594.16,2596.8,2597.64,2591.68,2595.63,2588.72
2701.45,2702.11,2696.05,2693.58,2701.39,2703.18,2702.88,2702.16,2693.61
2405.16,2641.22,2331.91,2407.6,2346.79,2405.84,2408.48,2409.72,2407.89
2247.47,2193.13,2226.06,2199.03,2245.47,2204.43,2630.15,2249.05,2248.24
1791.56,1791.34,1792.24,1793.28,1792.9,1792.24,1790.01,2440.2,1793.35
-905.531,-905.447,-907.74,-905.445,2343.62,-905.626,-907.961,-908.93,-906.648
-773.876,-678.008,-773.873,-773.855,-773.797,1758.92,-773.753,-773.753,-773.753
2235.04,2259.09,2238.51,2232.13,2305.19,2191.41,2220.03,2286.46,2301.63
2940.07,2947.91,2938.07,2929.93,2929.62,2920.91,2935.82,2945.57,2945.48
2956.43,2963.89,2965.94,2955.74,2970.37,2969.67,2971.79,2963.87,2953.88
2939.88,2942.37,2944.28,2945.85,2928.1,2947.1,2958.78,2938.51,2958.46
2923.84,2916.3,2927.37,2919.6,2908.91,2897.57,2915.98,2897.12,2917.8
2811.51,2817.04,2810.08,2820.98,2820.65,2793.47,2820.99,2813.91,2815.02
2619.71,2617.63,2602.28,2626.45,2551.63,2624.86,2624.46,2572.05,2608.92
2606.46,2627.77,2628.53,2618.75,2627.8,2626.08,2602.18,2610.67,2629.39
2695.76,2701.1,2702.83,2702.53,2701.27,2702.2,2699.56,2693.1,2697.87
2698.98,2687.89,2687.45,2704.13,2703.43,2679.96,2702.66,2701.51,2673.61
2540.23,2536.8,2470.11,2529.01,2467.28,2531.7,2607.61,2538.94,2546.24
1230.35,1211.81,1163.21,1211.88,1215.56,1227.55,1230.26,2269.86,1209.83
-413.484,-404.815,-423.13,2001.19,-365.184,-420.545,-404.102,-414.596,-422.744
-822.427,-821.883,-821.692,-822.382,2174.22,-815.721,-815.721,-815.721,-815.721
667.818,1753.92,672.481,672.481,672.481,672.481,672.481,672.481,672.481
2417.64,2429.19,2421.32,2512.48,2429.5,2429.5,2429.5,2429.5,2429.5
2955.96,2955.44,2930.35,2961.4,2938.35,2957.13,2962.87,2963.18,2960.63
2982.5,2977.26,2967.22,2975.47,2971.55,2962.07,2974.67,2957.58,2982.29
2963.48,2965.4,2965.32,2955.32,2956.35,2962.95,2951.14,2960.77,2937.35
2844.28,2846.1,2849.65,2818.09,2842.87,2819.93,2833.21,2830.65,2808.12
2645.09,2644.95,2600.29,2648.79,2632.41,2648.13,2628.3,2646.37,2647.9
2650.78,2646.02,2637.56,2647,2584.7,2642.5,2651.68,2625.24,2648.49
2675.06,2678.27,2675.87,2674.95,2665.69,2673.44,2682.1,2678.28,2676.46
2749.91,2711.2,2736.93,2741.27,2751.1,2725.14,2746.11,2738.17,2727.48
2732.85,2703.39,2709.17,2738.88,2701.56,2737.57,2676.82,2703.01,2722.45
2598.3,2628.68,2616.52,2604.53,2465.19,2625.74,2612.09,2594.68,2631.6
452.648,448.457,438.92,445.598,1340.48,454.581,449.2,434.084,410.998
-913.443,-910.22,-910.305,-910.193,-911.271,1413.11,-910.132,-910.132,-910.132
2444.42,2302.16,2325.24,2300.89,2302.83,2318.62,2323.75,2264.12,2333.05
2819.13,2945.37,2923.08,2937.4,2949.76,2953.73,2906.39,2896.44,2937.73
2964.84,2951.29,2969.03,2959.93,2959.29,2967.7,2958.97,2963.2,2971.77
2940.66,2940.66,2953.35,2958.15,2962.22,2950.3,2954.05,2961.93,2960.4
2910.86,2961.96,2955.33,2948.24,2951.3,2962.88,2943.41,2948.96,2962.75
2845.12,2843.22,2855.45,2852.08,2854.91,2851.62,2849.99,2847.22,2848.15
2674.72,2657.8,2678.2,2673.05,2587.91,2674.74,2672.5,2671.96,2676.21
2685.63,2689.78,2660.41,2686.24,2688.99,2684.63,2689.9,2656.38,2686.73
2687.53,2678.94,2686.76,2676.48,2653.74,2664.3,2670.57,2679.82,2671.67
2739.51,2727.87,2733.16,2713.79,2731.81,2737.16,2741.54,2728.17,2709.38
2547.93,2562.34,2550.66,2552.98,2558.14,2560.04,2563.36,2545.4,2549.81
2579.11,2572.82,2541.33,2580.34,2577.08,2565.03,2577.53,2555.32,2552.76
1405.55,2236.4,1488.45,1478.18,1427.11,1403.15,1487.99,1487.21,1470.58
-946.162,1998.46,-947.748,-946.192,-946.192,-946.192,-946.192,-946.192,-946.192
1784.35,1781.16,1688.6,1773.07,1768.91,1781.15,1784.06,1785.39,2287.8
2959.05,2983.92,2971.56,2970.34,2984.74,2962.25,2981.25,2961.37,2974.72
2965.92,2980.92,2959.44,2970.65,2982.09,2964.5,2959.68,2967.87,2960.47
2931.19,2980.16,2963.68,2975.32,2964.5,2976.67,2983.96,2986.35,2971.86
2973.25,2955.37,2971.38,2970.23,2965.57,2973.46,2974.84,2958.73,2971.87
2881.08,2903.5,2905.79,2906.48,2906.82,2905.04,2914.41,2909.44,2906.55
2695.7,2692.2,2691.03,2686.5,2703.33,2711.54,2709.03,2708.19,2711.04
2675.44,2702.78,2701.13,2682.82,2687.16,2691.31,2668.48,2700.5,2698.88
2733.07,2729.63,2711.73,2728.34,2709.42,2732.29,2682.74,2715.74,2732.38
2733.08,2720.67,2734.62,2733.08,2725.69,2736.29,2697.95,2734.48,2735.92
2511.03,2513.2,2504.42,2506.62,2489.73,2508.78,2511.62,2513,2634.12
2189.37,2411.41,2176.11,2100.77,2122.87,2195.66,2197.49,2182.81,2199.77
-460.898,-460.055,-460.605,-479.345,-464.662,2098.3,-460.282,-471.415,-473.884
-703.193,-700.787,1604.15,-692.22,-692.22,-692.22,-692.22,-692.22,-692.22
2843.39,2828.07,2714.38,2849.85,2827.1,2822.51,2836.06,2846.68,2844.39
2970.4,2966.85,2958.01,2970.2,2974.47,2958.05,2955.54,2954.65,2949.45
2995.39,2987.4,2989.48,2973.68,2975.83,2971.58,2987.43,2984.46,3000
2987.93,2985.25,2992.48,2976.11,2972.86,2975.11,2991.93,2954.71,3000
2966.5,2959.45,2955.2,2945.32,2927.01,2965.08,2960.35,2967.7,2970.78
2864.83,2892.33,2898.45,2884.61,2878.29,2886.8,2891.23,2886.51,2896.28
2717.44,2708.11,2709.94,2691.1,2717.88,2702.51,2714.6,2707.34,2708.71
2669.3,2661.32,2667.18,2659.17,2661.52,2655.21,2670.91,2664.32,2657.17
2713.99,2694.08,2709.32,2713.36,2610.17,2713.04,2694.01,2710.42,2713.03
2754.25,2752.83,2747.7,2740.73,2750.63,2757.8,2749.62,2754.72,2665.74
2544.21,2458.55,2542.13,2544.5,2536.7,2541.83,2627.56,2543.07,2542.37
1959.49,1904.5,1899.66,1958.4,1884.52,1931.55,1963.7,1892.95,2558.81
142.075,159.169,2145.27,134.244,133.795,142.014,156.102,136.626,153.288
-987.227,-987.216,-987.22,-987.216,-987.595,1542.06,-987.203,-987.203,-987.203
1791.72,1790.44,2123.41,1790.9,1788.33,1791.74,1781.54,1789.14,1690.05
2768.97,2759.11,2764.42,2778.99,2773.45,2784.84,2750.42,2762.14,2778.18
2989.67,2986.66,2985.29,2989.95,2967.56,2970.61,2969.17,2968.33,2991.26
2993.26,2975.31,2987.97,2987.46,2976.88,2991.44,2968.01,2962.48,2976.95
2957.95,2954.7,2944.81,2941.81,2948.08,2951.68,2960.16,2957.89,2949.19
2889.39,2878.54,2894.66,2881.11,2903.23,2908.69,2892.4,2909.44,2894.11
2640.83,2639.33,2632.61,2638.05,2631.05,2649.61,2648.18,2645.37,2643.06
2640.82,2633.37,2614.28,2636.19,2628.41,2630.58,2616.48,2614.46,2630.95
2679.18,2689.68,2689.58,2675.93,2690.5,2683.31,2672.24,2684.43,2685.31
2797.61,2796.67,2787.43,2790.83,2760.96,2787.13,2792.14,2797.04,2786.54
2408.81,2540.82,2527.55,2450.8,2415.7,2526.27,2432.75,2514.02,2522.6
1825.64,1835.65,2304.29,1907.21,1889.91,1830.11,1858.08,1831.88,1879.48
976.513,1051.35,976.4,1052.92,1052.75,2279.32,1053.37,1053.37,1053.37
-905.428,2007.59,-754.183,-905.402,-905.402,-905.402,-905.402,-905.402,-905.402
756.907,756.809,1727.95,740.55,754.782,756.392,756.608,756.527,756.939
2850,2927.72,2925.51,2911.51,2918.93,2930.57,2925.35,2939.12,2937.53
2962.37,2973.57,2991.06,2970.88,2939.33,2988.68,2989.47,2987.73,2967.27
2939.56,2987.59,2988.19,2949.47,2986.55,2973.21,2974.21,2962.67,2979.4
2946.09,2948.81,2958.61,2949.44,2961.44,2944.07,2962.71,2944.41,2952.5
2870.31,2839.93,2861.83,2851.33,2857.04,2848.2,2828.72,2856.27,2856.77
2578.64,2580.66,2588.08,2588.33,2558.13,2587.67,2592.66,2562.7,2572.11
2599.26,2592.53,2592.68,2599.37,2595.85,2594.36,2596.88,2593.33,2592.6
2699.46,2698.96,2701.56,2690.71,2696.6,2695.89,2696.9,2695.92,2694.69
2629.01,2640.68,2639.98,2636.95,2641.72,2641.48,2633.58,2639.71,2642.15
2461.65,2500.05,2517.89,2515.08,2499.02,2532.3,2520.52,2461.9,2520.09
669.929,2102.88,668.839,669.884,631.255,669.173,652.266,668.807,671.33
-676.763,-676.153,1926.35,-676.267,-676.148,-676.234,-676.143,-676.155,-676.158
1519.5,1519.1,1519.7,1518.69,1519.32,2312.02,1519.75,1519.7,1518.88
2245.39,2243.82,2486.95,2242.6,2246.19,2167.83,2244.38,2246.88,2247.82
2970.25,2962.83,2944.22,2971.55,2956.11,2972.86,2968.28,2969.45,2957.73
2988.24,2977.6,2990.9,2976,2978.94,2984.33,2984,2970.44,2981.46
2983.87,2965.58,2960.63,2963.43,2993.12,2991.9,2967.77,2989.61,2988.31
2951.37,2955,2977.95,2979,2975.93,2961.9,2964.65,2982.34,2977.4
2833.94,2823.29,2845.41,2830.19,2819.9,2822.57,2840.8,2834.1,2833.68
2474.85,2485.03,2485.05,2490.22,2489.04,2491.41,2491.85,2484.22,2480.97
2548.85,2552.77,2545.95,2550.19,2548.48,2549.15,2552.25,2529.96,2549.42
2660.71,2643.33,2654.88,2657.93,2660.54,2660.06,2653.32,2655.92,2657.87
2520.53,2519.72,2511.36,2513.01,2514.61,2416,2519.25,2529.18,2410.48
2441.62,2365.12,2355.37,2254.28,2341.22,2363.08,2364.71,2361.02,2361.49
1933.05,1938.97,2139.94,1939.26,1913.76,1939.24,1937.57,1854.57,1875.55
1052.58,1053.19,1053.1,1050.91,1017.4,2243.85,1053.37,1053.37,1053.37
941.569,2223.06,940.494,875.165,941.386,941.201,940.68,940.877,938.451
2292.24,2257.93,2350.5,2267.6,2278.18,2392.02,2342.64,2346.96,2282.93
2969.39,2954.61,2959.57,2966.32,2949.5,2945.39,2954.22,2962.4,2969.59
2952.2,2951.28,2960.91,2964.57,2953.45,2974.38,2977.14,2974.84,2974.37
2966.94,2969.43,2931.84,2950.3,2952.52,2959.1,2963.8,2956.64,2971.11
2908.07,2931.61,2920.44,2932.49,2916.9,2919.99,2931.42,2932.88,2918.49
2766.79,2801.28,2792.21,2807.26,2806,2799.39,2802.08,2802.23,2797.09
2462.56,2459.75,2467.68,2457.52,2460.17,2457.01,2464.34,2468.07,2467.66
2524.25,2522.85,2515.07,2526.8,2517.41,2522.84,2502.9,2527.23,2527.04
2642.86,2639.87,2636.92,2630.97,2640.29,2637.77,2637.93,2640.07,2624.64
2640.27,2655.91,2636.54,2659.8,2654.32,2659.33,2654.68,2654.85,2658.26
2535.4,2481.84,2551.91,2542.72,2528.21,2531.5,2540.86,2547.37,2538.23
1140.14,1144.22,1217.24,1188.57,1146.25,2385.81,1211.44,1211.44,1211.44
-96.8945,2294.33,-96.3199,-96.3199,-96.3199,-96.3199,-96.3199,-96.3199,-96.3199
1052.6,1052.82,1052.58,1052.05,1050.15,1052.72,1053.09,1053.1,2470.99
2544.76,2657.26,2661.26,2658.6,2659.74,2659.78,2532.16,2657.14,2656.49
2946.35,2950.97,2932.99,2936.78,2949.04,2947.72,2941.99,2933.94,2940.54
2970.81,2959.58,2957.67,2956.75,2957.78,2963.05,2970.56,2964.55,2953.37
2946.66,2956.34,2966.24,2970.94,2961.65,2956.05,2959.88,2964.19,2959.87
2922.07,2916.16,2905.58,2924.12,2926.61,2897.74,2911.21,2914.75,2928.94
2759.92,2760.76,2767.24,2759.19,2765.1,2769.26,2770.18,2767,2769.11
2586.46,2578.35,2578.96,2576,2580.11,2585.03,2587.33,2586.41,2567.99
2601.42,2596.53,2600.99,2595.3,2601.07,2602.83,2591.72,2590.27,2597.41
2658.6,2660.53,2659.47,2660.54,2660.76,2650.52,2660.62,2660.18,2659.83
2673.27,2673.05,2655.86,2668.83,2672.87,2679,2650.96,2683.27,2681.97
2163.68,2124.88,2137.69,2116.56,2166.49,2149.92,2311.78,2158.77,2115.34
1160.05,1160.48,1161.21,1153.26,1081.95,2326.63,1161.44,1161.44,1161.44
1624.77,1632.78,1643.4,2558.01,1653.68,1653.68,1653.68,1653.68,1653.68
1512.68,1512.95,2402.92,1511.03,1513.83,1512.23,1513.24,1512.92,1511.51
2427.23,2428.11,2427.22,2427.7,2428.39,2362.58,2593.09,2429.5,2429.5
2940.79,2953.38,2941.28,2952.72,2956.64,2908.78,2948.82,2960.53,2941.32
2980.93,2977.41,2956.54,2970.51,2933.78,2947.03,2976.36,2972.7,2972.69
2964.72,2955.88,2968.91,2972.71,2960.08,2968.96,2966.83,2962.58,2968.73
2948.63,2942.25,2931.57,2930.94,2950.76,2932.25,2948.39,2945.55,2947.19
2831.77,2824.22,2829.4,2830.52,2824.35,2793.3,2814.82,2818.24,2826.48
2600.87,2605.61,2602.18,2592.8,2600.44,2604.1,2607.19,2575.39,2609.95
2597.78,2606.19,2589.14,2603.38,2605.01,2598.06,2602.9,2570.3,2611.08
2640.58,2656.54,2656.06,2658.25,2647.71,2652.44,2657.83,2657.94,2658.29
2675.79,2665.67,2673.57,2678.95,2670.81,2674.61,2678.18,2671.87,2674.5
2542.08,2521.82,2534.46,2478.52,2468.61,2556.7,2545.01,2565.46,2538.46
249.443,236.742,230.997,253.693,230.797,1680.96,266.623,231.163,231.828
-948.926,-948.899,-949.112,-948.898,-948.893,1378.76,-948.883,-948.883,-948.883
517.05,572.821,517.713,521.54,566.118,568.152,573.038,524.632,1592.89
2256.97,2257.39,2253.01,2468.14,2256.07,2255.9,2255.45,2257.71,2251.11
2959.21,2953.87,2942.97,2959.05,2912.15,2930.92,2947.6,2956.01,2952.8
2966.1,2956.15,2947.51,2968.37,2894.56,2955.74,2967.11,2969.26,2965.64
2956.94,2973.37,2958.35,2975.09,2941.86,2957.95,2961.85,2974.21,2967.46
2933.76,2924.49,2912.28,2941.41,2935.51,2937.53,2925.78,2928.51,2925.26
2796.6,2795.15,2781.93,2790.66,2787.25,2761.98,2778.99,2790.19,2791.62
2605.57,2607.93,2598.69,2609.58,2585.28,2601.85,2613.73,2603.52,2598.3
2528.92,2520.61,2528.84,2529.8,2513.33,2679.87,2530.09,2528.82,2489.92
2287.69,2286.46,2302.25,2285.6,2287.53,2286.91,2286.53,2650.47,2287.72
2445.2,2676.6,2446.99,2461.18,2334.84,2454.89,2460.8,2461.08,2461.15
2263.43,2271.25,2305.76,2286.14,2303.06,2285.18,2491.36,2262.63,2271.82
-241.814,1862.78,-247.543,-259.601,-258.329,-242.3,-249.82,-253.103,-255.27
-985.63,-985.281,-985.244,1292.94,-985.634,-985.483,-985.112,-985.171,-985.289
2180.31,316.512,310.468,311.165,311.878,312.841,359.608,348.465,310.592
2607.02,2609.04,2604.57,2606.47,2608.65,2602.11,2606.16,2573.19,2671.79
2944.71,2937.31,2933.03,2954.61,2940.27,2920.85,2941.89,2953.87,2956.38
2978.72,2980.41,2975.1,2971.63,2973.12,2981.62,2974.93,2973.3,2965.26
2935.67,2919.33,2906.64,2916.39,2895.05,2901.01,2922.21,2928.98,2923.92
2905.29,2915.41,2913.08,2909.63,2914.91,2922.15,2924.63,2929.93,2924.73
2727.82,2738.69,2715.6,2737.83,2718.61,2736.88,2727.53,2736.74,2728.07
2615.09,2616.73,2620.43,2620.82,2619.04,2598.6,2616.45,2624.21,2592.69
2439.86,2438.06,2437.01,2440.33,2417.7,2438.24,2440.56,2439.54,2679.11
2516.32,2510.38,2508.03,2512.43,2474.9,2515.72,2622.21,2509.27,2515.73
2688.76,2693.14,2676.15,2703.91,2662.87,2681.27,2703.36,2698.45,2686.41
2656.29,2631.39,2661.7,2658.18,2622.78,2668.42,2665.65,2668.64,2653.23
2199.65,2035.3,2013.31,2066.47,2109.02,2113.16,2098.21,2093.01,2110.41
555.493,538.696,585.46,1871.61,588.857,588.857,588.857,588.857,588.857
2493.97,2304.57,2414.72,2414.48,2392.05,2414.54,2420.18,2422.98,2422.38
2252.7,2253.12,2255.1,2538.09,2258.03,2258.03,2258.03,2258.03,2258.03
2933.21,2937.91,2928.89,2928.06,2934.39,2936.05,2940.34,2928.55,2941.55
2939.68,2960.41,2959.96,2945.79,2951.17,2960.77,2951.82,2961.83,2946.27
2962.09,2932.15,2958.98,2958.04,2956.35,2958.74,2952.57,2967.17,2957.15
2922.31,2890.69,2932.83,2900.74,2923.75,2939.44,2934.36,2939.73,2939.27
2835.11,2833.91,2826.62,2831.09,2836.95,2838.17,2826.66,2827.81,2839.77
2662.55,2670.41,2657.22,2638.46,2668.72,2670.35,2669.75,2669.22,2661.62
2677.77,2671.21,2676.71,2627.2,2646.8,2658.67,2677.22,2672.52,2674.06
2670.55,2677.3,2675.01,2673.08,2654.78,2676.65,2679.45,2676.64,2670.28
2706.72,2708.32,2686.46,2681.78,2702.18,2704.14,2706.64,2688.23,2695.04
2635.11,2666.54,2641.91,2666.63,2674.67,2675.06,2655.94,2670.96,2674.82
2590.06,2590.67,2563.94,2581.26,2561.16,2571.9,2582.01,2592.31,2592.99
1845.93,1805.27,1822.43,1826.42,1831.86,2323.77,1832.65,1847.98,1848.8
1830.11,1830.11,1830.13,2504.35,1881.38,1830.12,1830.12,1905.17,1838.06
2394.72,2409.51,2421.41,2416.81,2413.43,2406.96,2477.13,2418.4,2413.96
2925.87,2923.12,2950.68,2934.67,2936.74,2932.01,2951.81,2949.64,2945.22
2937.51,2938.36,2940.82,2962.17,2949.09,2950.34,2949.82,2957.17,2949.7
2969.49,2981.21,2972.33,2965.28,2983.74,2974.99,2975.86,2976.91,2978.56
2941.53,2931.11,2929.76,2933.3,2930.13,2928.88,2933.93,2926.94,2934.08
2736.23,2769.13,2758.07,2772.43,2772.43,2771.64,2765.85,2755.55,2771.95
2357.25,2348.43,2368.85,2359.24,2357.89,2298.2,2366.42,2650.47,2330.46
2434.31,2456.66,2454.53,2457.67,2450.57,2445.72,2635.22,2454.21,2448.14
2710.63,2716.11,2713.63,2715.18,2709.24,2690.57,2714.06,2714.11,2714.49
2709.6,2707.11,2708.41,2706.77,2706.75,2705.6,2691.08,2708.1,2679.71
2658.29,2635.4,2645.06,2657.2,2635.72,2651.36,2651.84,2563.43,2659.31
2407.3,2409.54,2417.33,2409.17,2405.32,2578.82,2399.27,2350.73,2359.35
-518.348,1948.06,-525.701,-518.147,-518.147,-518.147,-518.147,-518.147,-518.147
-432.069,-448.528,-445.578,-451.006,-451.005,-439.815,2163.95,-430.417,-430.417
2539.61,2541.13,2531.79,2536.19,2530.44,2541.56,2659.09,2542.19,2539.78
2965.9,2976.91,2986.76,2989.33,2978.88,2991.54,2987.21,2963.77,2966.74
2982.8,2978.72,2975.71,2978.24,2987.46,2966,2985.9,3000,3000
2946.8,2955.47,2963.92,2976.76,2978.86,2946.1,2965.51,2973.41,2969.37
2942.48,2973.45,2965.86,2958.03,2956.97,2957.05,2973.12,2975.13,2963.56
2875.45,2895.86,2888.49,2885.49,2892.36,2895.37,2875.99,2882.59,2879.22
2572.65,2574.44,2571.78,2566,2574.2,2547.88,2571.43,2608.1,2573.96
2645.14,2645.89,2651.32,2636.35,2644.86,2644.72,2649.84,2646.13,2648.92
2698,2685.36,2703.76,2694.74,2703.17,2701.4,2698.68,2679.9,2697.65
2686.5,2699.22,2695.21,2698.25,2695.2,2689.6,2677.35,2699.24,2695.13
2731.67,2758.09,2756.77,2758.19,2755.39,2756.98,2753.23,2752.32,2753.87
1894.43,1825.31,1830.21,1894.96,1890.94,2315.2,1806.23,1898.24,1830.11
1787.74,1789.54,1793.31,1785.24,1781.87,1791.95,1697.67,1791.8,2435.18
1934.88,1939.16,1938.28,1937.41,1830.19,1859.33,2205.02,1940.37,1940.37
2806.15,2797.68,2801.9,2812.7,2803.02,2802.2,2815.15,2810.3,2793.88
2972.67,2981.61,2965.9,2981.89,2971.1,2989.14,2981,2981.84,2974.34
2996.4,2997.22,2997.83,2999.78,2995.02,2995.62,2985.15,2952.09,2987.16
2960.39,2982.93,2983.37,2958.52,2963.42,2966.13,2984.73,2969.31,2972
2968.83,2972.43,2954.63,2960.67,2967.8,2970.63,2976.15,2945.51,2963.41
2909.98,2914.12,2898.74,2905.7,2903.73,2925.01,2922.56,2905.66,2894.83
2646.41,2664.54,2663.04,2665.04,2644.73,2663.02,2654.54,2659.83,2669.97
2630.13,2619.1,2630.79,2626.13,2623.6,2621.03,2600.34,2620.78,2620.26
2650.62,2649.53,2651.73,2649.25,2637.98,2650.67,2651.67,2650.1,2633.42
2580,2640.12,2632.52,2635.74,2630.11,2638.72,2634.37,2640.26,2637.53
2497.07,2501.73,2494.61,2490.3,2450.76,2494.28,2497.72,2593.89,2500.52
1649.32,2426.44,1649.52,1642.08,1551.52,1618.02,1596.71,1647.7,1650.24
1717.21,1688.62,1692.74,1707.1,2418.74,1756.22,1762.96,1732.01,1740.46
2425.54,2300.92,2352.4,2416.15,2474.95,2429.5,2429.5,2429.5,2429.5
2745.56,2745.52,2750.3,2749.45,2740.64,2748.78,2749.57,2744.47,2750.69
2969.15,2964.47,2971.07,2956.07,2938.83,2973.18,2968.54,2957.24,2951.3
2993.18,2991.92,2993.52,2992.05,2978.68,3000,3000,3000,3000
2989.69,2991.15,2994.21,2983.7,2994.14,2988.19,2969.36,2979.88,2979.22
2959.02,2964.13,2980.16,2962.33,2986.26,2984.14,2983.41,2972.57,2965.53
2850.36,2864.79,2858.5,2869.06,2851.5,2858.5,2868.77,2844.54,2855.94
2584.37,2580.05,2580.01,2572.89,2573.64,2576.14,2580.2,2566.68,2565.56
2587.63,2586.17,2590.65,2588.9,2582,2590.21,2573.11,2591.95,2592.47
2670.63,2671.16,2666,2673.2,2667.85,2661.95,2661.08,2651.06,2666.95
2730.03,2740.54,2746.65,2745.96,2743.52,2737.86,2730.7,2742.11,2742.22
2395,2396.6,2399.03,2347.77,2277.2,2493.95,2285.98,2393.23,2397.29
2000.55,2419.21,2049.63,2040.85,2023.5,1985.67,2082.9,2084.29,1984.72
508.605,508.885,509.103,463.011,492.748,507.485,2177.1,509.414,509.414
669.206,671.981,671.827,671.914,609.809,2449.19,672.481,672.481,672.481
2817.01,2753.7,2805.14,2800.11,2800.06,2819.3,2812.54,2791.62,2814.87
2938.5,2908.56,2941.77,2947.47,2938.02,2935.37,2955.42,2938.44,2944.02
2976.52,2969.91,2983.78,2974.84,2975.96,2976.89,2981.96,2976.19,2972.56
2960.12,2981.3,2995.8,2968.29,2986.84,2980.54,2956.53,2984.5,2986.4
2964.19,2951.25,2944.51,2924.68,2946.4,2955.55,2931.2,2955.96,2956.01
2822.83,2834,2815.12,2815.61,2802.44,2827.42,2829.59,2832.51,2834.01
2530.37,2523.67,2526.61,2521.53,2505.46,2526.26,2513.63,2534.8,2530.87
2564.47,2561.63,2564.86,2557.21,2558.42,2561.2,2565.88,2559.2,2557.12
2661.15,2659.44,2659.83,2654.5,2660.78,2648.93,2659.59,2656.63,2654.44
2552.4,2556.49,2552.89,2562.89,2550.69,2557.39,2560.95,2561.92,2558.88
2669.63,2676,2667.62,2645.22,2670.91,2675.4,2672.42,2670.66,2673.56
2095.06,1980.43,2090.89,2540.59,2095.12,2095.12,2095.12,2095.12,2095.12
1835.27,1940.01,1830.11,1939.63,1939.16,1939.3,2554.86,1939.35,1939.54
425.374,424.191,425.681,2484.33,425.405,426.246,426.24,426.305,426.652
1937.25,1935.54,1939.19,2287.61,1939.39,1939.42,1939.77,1939.48,1937.63
2949.87,2960.22,2929.26,2963.78,2959.02,2970.21,2953.1,2958.62,2970.14
2953.53,2972.68,2953.5,2960.67,2973.91,2939.02,2967.47,2971.01,2950.43
2932.39,2942.38,2945.04,2931.84,2950.55,2936.06,2928.39,2941.16,2945.08
2861.19,2868.56,2876.89,2871.04,2882.8,2876.04,2864.3,2873.03,2867.8
2718.36,2722.56,2722.3,2714.24,2717.68,2709.79,2695.08,2719.9,2719.93
2499.96,2508.75,2510.06,2508.27,2499.33,2489.44,2492.68,2506.97,2501.17
2541.74,2532.69,2531.54,2541.56,2540.13,2545.09,2543.96,2538.32,2544.88
2601.52,2596.34,2605.01,2601.34,2605.67,2604.67,2599.8,2606.33,2600.19
2575.98,2602.3,2598.85,2570.28,2606.79,2603.59,2571.7,2606.3,2600.24
2353.59,2350.68,2328.77,2270.08,2260.96,2356.29,2248.42,2235.65,2524.09
852.786,844.344,848.574,789.399,810.039,838.681,2441.3,853.165,853.165
1.05747,1.2814,1.30295,20.7585,2419.31,4.13219,1.37636,1.37636,1.37636
588.292,588.199,586.054,588.345,536.372,586.93,573.743,2328.15,588.857
2688.42,2693.36,2692.41,2692.26,2692.83,2693.38,2690.96,2689.82,2687.78
2947.71,2931.62,2928.01,2945.25,2937.14,2948.02,2945.38,2931.54,2937.69
2964.63,2963.25,2955.84,2956.05,2964.3,2950.9,2959.75,2946.64,2958.1
2962.87,2943.89,2962.41,2958.69,2959.13,2950.7,2958.05,2955.22,2954.08
2907.85,2881.34,2918.13,2912.92,2907.51,2915.59,2904.4,2903.64,2916.05
2728.34,2725.55,2693.94,2725.89,2728.69,2724.8,2731.21,2722.29,2707.13
2324.36,2328.6,2318.81,2326.99,2279.18,2316.45,2595.45,2327.4,2276.86
2485.66,2499.24,2497.06,2497.03,2476.1,2440.44,2577.94,2495.94,2490.77
2634.61,2634.25,2632.42,2634,2634.7,2631.2,2634.94,2631.6,2630.09
2649.45,2656.98,2656.1,2656.95,2656.33,2654.3,2657.6,2656.07,2591.84
2320.03,2272.73,2561.53,2294.67,2385.35,2392.74,2395.42,2269.67,2393.89
109.443,109.47,77.9107,107.216,109.153,2580.29,109.558,109.558,109.558
2315.54,-49.1703,-49.1476,-51.6014,-82.5333,-49.2176,-49.0611,-49.0166,-49.1183
134.135,2037.34,167.956,167.956,167.956,167.956,167.956,167.956,167.956
2741.14,2738.13,2725.1,2607.44,2736.64,2743.99,2741.81,2738.47,2744.08
2949.92,2943.48,2885.01,2942.72,2955.09,2943.6,2945.74,2940.57,2953.61
2983.48,2972.36,2966.7,2981.05,2971.93,2976.96,2973.34,2972.14,2985.44
2968.17,2968.01,2915.4,2975.83,2957.9,2975.63,2975,2976.25,2976.18
2944.74,2906.31,2853.65,2943.73,2952.51,2924.57,2917.9,2957.1,2956.99
2632.23,2605.92,2607.41,2632.01,2634.26,2611.29,2633.99,2634.42,2625.6
2615.99,2621.08,2568.09,2618.03,2607.84,2587.95,2619.65,2618.48,2629.58
2509.92,2506.72,2501.05,2510.31,2510.01,2628.97,2510.33,2489.06,2509.32
2653.16,2655.76,2588.89,2642.7,2645.67,2593.74,2657.1,2656.47,2660.81
2548.39,2546.55,2548.83,2547.68,2543.98,2630.04,2547.25,2555.54,2548.81
2543.36,2225.36,2243.05,2172.62,2135.12,2239.63,2241.02,2236.78,2241.74
323.968,324.236,354.37,332.827,309.809,313.051,2527.04,311.166,320.92
338.951,337.552,336.17,338.773,338.842,338.473,2333.36,292.007,338.622
1342.37,1289.91,1353.72,1353.4,2297.94,1284.96,1352.89,1351.29,1278.58
1936.95,1935.2,1940.31,1939.92,1834.38,2676.66,1940.37,1940.37,1940.37
2943.44,2933.79,2945.51,2943.45,2934.43,2941.72,2942.71,2942.58,2936.4
2972.62,2895.94,2961.54,2975.85,2984.59,2972.18,2970.75,2966.84,2979.49
2959.19,2950.82,2948.57,2944.14,2948.65,2953.12,2958.98,2952.94,2947.19
2880.04,2886.65,2839.6,2875.34,2888.63,2877.39,2887.56,2879.1,2887.56
2684.91,2680.76,2693.92,2690.85,2689.24,2659.43,2690.71,2690.59,2692.35
2594.94,2566.37,2582.06,2541.85,2591.31,2563.3,2595.45,2595.25,2624.54
2615.33,2613.75,2672.14,2611.98,2617.59,2521.18,2618.17,2603.64,2606.76
2560.58,2565.57,2566.9,2567.44,2672.35,2565.27,2565.57,2566.98,2567.46
2537.67,2441.23,2481.05,2642.87,2496.75,2493.01,2522.06,2452.06,2490.85
2591.58,2521.09,2555.35,2580,2525.47,2570.05,2578.8,2579.33,2576.38
1853.3,2607.21,1940.37,1940.37,1940.37,1940.37,1940.37,1940.37,1940.37
1491.99,1506.65,1485.65,2664.73,1505.93,1512.31,1514.91,1424.94,1499.51
-543.658,-549.982,-544.445,-457.605,-553.517,2679.57,-537.507,-553.679,-553.24
1049.07,1051.81,976.604,976.367,1053.32,1051.28,1052.46,999.292,2654.15
2608.34,2609.07,2609.85,2608.23,2606.33,2606.8,2606.21,2474.63,2678.18
2865.08,2912.78,2910.71,2911.88,2924.05,2913.14,2921.48,2918.57,2923.01
2913.34,2933.95,2934.04,2940.09,2942.4,2932.58,2947.9,2927.59,2948.35
2846.26,2888.61,2889.64,2892.98,2900.91,2888.12,2888.37,2897.18,2899.49
2756.86,2751.95,2737.89,2751.96,2730.53,2756.71,2759.12,2758.11,2755.1
2525.18,2618.67,2622.41,2601.96,2575.17,2621.65,2614.04,2606.2,2626.46
2296.11,2296.58,2294.66,2296.76,2247.17,2268.33,2295.29,2293.89,2532.34
2687.46,2293.26,2351,2360.42,2287.93,2349.42,2351.31,2247.89,2349.89
2533.38,2593.4,2588.39,2594.04,2650.81,2595.3,2587.27,2590.66,2595.64
2413.81,2411.11,2417.25,2411.47,2411.22,2417.66,2637.58,2414.47,2349.19
2453.99,2413.48,2502.69,2483.98,2399.14,2496.5,2586.49,2486.1,2498.64
1955.29,1931.87,2001.66,1945.56,1983.67,1979.52,2670.42,1946.32,2006.16
48.7984,47.7144,46.2789,48.8454,29.7947,32.977,2677.67,48.8764,48.8764
1488.16,1488.85,1484.47,1487.26,1488.64,2621.82,1490.34,1479.98,1486.69
2923.56,2918.03,2908.35,2915.04,2920.6,2919.76,2917.4,2923.03,2922.85
2943.23,2933.53,2938.67,2949.43,2949.89,2953.36,2943.57,2938.05,2946.86
2931.62,2925.26,2926.53,2929.54,2942.6,2938.68,2942.66,2941.95,2942.14
2895.34,2905.65,2909.79,2908.64,2913.17,2895.76,2901.2,2911.89,2908.52
2769.59,2759.74,2764.16,2762.87,2767.75,2767.73,2764.49,2765.71,2740.51
2385.98,2348.02,2649.22,2386.79,2368.46,2375.12,2387.23,2383.57,2387.74
1971.14,1973.84,1967.26,1966.46,1983.49,2686.46,1998.67,1994.12,1971.78
437.752,391.136,390.956,424.954,555.711,390.055,391.413,2674.77,391.148
2636.48,2628.3,2638.06,2659.3,2649.85,2650.46,2654.99,2645.34,2650.06
2618.15,2628.25,2625.11,2618.95,2626.85,2617.16,2619,2621.37,2621.58
2458.82,2475.81,2440.3,2475.1,2459.75,2457.6,2437.31,2467.3,2487.65
1718.57,1675.86,1718.63,1727.54,1688.09,1727.66,1706.42,1707.42,2406.47
-400.899,-407.89,-416.077,2640.95,-400.439,-400.439,-400.439,-400.439,-400.439
2135.85,2177.69,2183.55,2363.06,2074.06,2176.38,2185.52,2185.84,2170.2
2978.2,2975.88,2968.37,2966.02,2952.79,2966.35,2961.96,2964.63,2945.41
2966.27,2957.88,2962.55,2973.19,2960.84,2971.08,2960.24,2974.45,2968.22
2960.1,2964.16,2974.56,2977.03,2974.43,2979.07,2974.18,2976.7,2960.95
2932.62,2916.9,2940.28,2940.9,2946.95,2951.4,2942.55,2945.92,2948.69
2794.57,2841.47,2857.5,2854.02,2857.77,2863.48,2858.09,2858.7,2862.68
2302.28,2309.17,2311.43,2306.12,2310.25,2628.81,2300.77,2301.07,2305.2
1702.7,1653.53,1652.73,1638.48,2685.16,1662.82,1664.59,1663.41,1651.55
1932.32,1937.62,1934.57,2685.08,1945.47,1942.07,1937.58,1933.8,1935.35
2654.47,2653.91,2647.95,2657.98,2642.32,2653.24,2657.17,2650.44,2643.85
2520.3,2515.33,2506.31,2504.36,2598.13,2494.21,2517.86,2498.63,2515.29
2296.2,2304.14,2286.83,2317.36,2317.32,2278.91,2310.17,2252.81,2533.96
-373.966,2100.14,-374.35,-390.438,-393.882,-386.581,-374.277,-331.582,-378.991
-369.349,-369.716,-383.339,-370.866,-373.354,-370.247,-369.564,2156.53,-389.829
2051.14,1793.35,1793.35,1793.35,1793.35,1793.35,1793.35,1793.35,1793.35
2984.06,2961.86,2982.49,2963.41,2981.73,2961.92,2970.93,2946.08,2969.54
2985.55,2992.53,2988.1,2977.03,2982.91,2958.25,3000,3000,3000
2992.26,2987.55,2985.95,2993.83,2987.13,2984.03,3000,3000,3000
2989.1,2992.49,2987.96,2979.75,2980.22,2987.07,2975.03,2979.48,2959.88
2928.16,2922.44,2908.43,2925.74,2893.61,2898.28,2930.08,2931.52,2925.37
2601.4,2606.05,2595.79,2583.98,2549.23,2598.7,2604.09,2574.23,2595.68
2527.43,2627.24,2601.24,2639.79,2610.73,2630.8,2634.87,2631.22,2636.19
2685.13,2679.92,2676.68,2664.97,2666.42,2662.76,2685.75,2677.54,2687.13
2685.7,2688.08,2690.25,2688.45,2690.12,2686.79,2673.5,2677.57,2684.71
2722.05,2722.52,2722.15,2708.14,2716.14,2718.16,2705.19,2704,2721.95
2493.31,2476.27,2475.58,2483.97,2498.9,2431.58,2405.2,2499.35,2509.97
52.2703,17.3817,52.8194,1873.93,49.7525,53.013,52.7429,14.8769,41.4836
228.169,228.867,227.724,189.341,211.431,2170.54,229.427,229.427,229.427
2855.94,2852.52,2867.26,2866.61,2840.54,2863.19,2833.58,2854.7,2868.4
2972.06,2983.75,2974.09,2939.01,2969.18,2981.94,2981.79,2976.64,2978.45
2996.03,2985.69,2984.27,2984.94,2951.99,3000,3000,3000,3000
2978.07,2965.53,2976.6,2952.73,2963.11,2983.75,2958.82,3000,3000
2985.25,2987.83,2976.06,2974.59,2956.83,3000,3000,3000,3000
2911.34,2936.86,2917.37,2936.26,2917.1,2928.76,2940.13,2923.03,2935.03
2693.94,2693.94,2694.24,2695.48,2617.46,2696.5,2692.75,2696.59,2696.56
2621.41,2614.8,2615.12,2621.72,2622.02,2609.99,2616.19,2624.92,2621.79
2636.88,2622.84,2639.22,2625.75,2623.22,2635.45,2626.12,2614.51,2634.03
2743.2,2744.57,2742.62,2740.82,2737.43,2738.85,2732.89,2739.72,2743.85
2586.9,2600.57,2594.89,2592.18,2497.17,2595.88,2592.31,2594.03,2589.51
1515.03,1517.88,1519.69,1520.91,1426.83,2471.92,1521,1521,1521
14.7071,17.8846,14.6869,15.0539,20.4843,27.4819,2029.02,21.3673,29.0937
51.3098,52.5082,52.3656,52.1297,20.5147,52.5048,51.6414,52.2896,2236.88
2793.04,2820.93,2802.42,2793.01,2809.95,2815.36,2813.43,2803.08,2813.74
2966.51,2972.66,2964.33,2986.87,2983.91,2976.99,2976.01,2961.42,2977.28
2995.49,2992.15,2995.77,2973.41,2983.25,2988.07,2972.19,2981.52,2979.2
2996.61,2997.98,2970.68,2977.26,2983.52,2986.54,2956.1,2956.02,2970.55
2979.59,2980.91,2975.96,2953.33,2975.15,2966.77,2963.73,2977.61,2953.36
2930.46,2933.95,2903.44,2898.81,2924.66,2922.19,2926.36,2908.89,2928.31
2644.89,2648.39,2627.93,2650.82,2619.69,2641.22,2652.6,2594.67,2646.61
2567.31,2577.9,2573.92,2585.81,2563.82,2581.57,2578.81,2578.81,2581.1
2657.74,2654.34,2655.87,2653.57,2649.65,2654,2647.28,2651.31,2656.79
2672.52,2671.83,2675.39,2677.81,2675.45,2668.86,2674.6,2670.09,2675.07
2584.46,2552.81,2583.8,2585.49,2479.48,2585.91,2489.47,2545.82,2587.93
1653.28,1653.46,1555.76,1562.95,1642.88,2514.24,1653.68,1653.68,1653.68
1159.97,2442.99,1083.35,1157.72,1079.68,1158.87,1160.11,1158.06,1160.4
1032,1033.53,2365.57,1021.93,971.433,1033.11,1028.41,1033.58,1033.46
2783,2784.69,2775.89,2788.03,2783.48,2785.19,2784.49,2781.63,2763
2971.66,2960.41,2960.11,2974.11,2954.71,2961.07,2965.42,2954.99,2962.07
2966.51,2975.72,2978.78,2984.07,2971.59,2986.49,2980.22,2983.36,2981.42
2971.2,2979.3,2972.14,2977.91,2974.96,2968.9,2973.48,2987.68,2967.64
2928.29,2937.27,2951.05,2942.64,2943.13,2933.9,2917.04,2947.28,2937.18
2841.9,2834.51,2864.06,2864.97,2850.3,2865.46,2862.99,2852.13,2863.74
2556.4,2535.88,2549.25,2556.89,2547.92,2545.62,2538.38,2549.2,2556.14
2564.68,2568.84,2564.62,2567.7,2547.97,2561.4,2557.53,2551.97,2567.34
2656.79,2656.82,2652.19,2646.44,2655.1,2655.21,2653.79,2650.43,2654.24
2667.12,2666.1,2667.43,2671,2665.45,2655.27,2669.86,2671.12,2670.73
2740.44,2753.55,2747.89,2752.86,2750.61,2741.36,2747.36,2746.14,2744.53
2420.23,1049.86,1052.26,977.416,1052.1,976.101,1052.7,995.628,1040.4
2409.33,2510.77,2337,2349.53,2302.58,2309.02,2407.78,2309.06,2327.03
2564.06,2572.4,2571.48,2559.36,2573.14,2573.26,2571.01,2572.62,2572.59
2747.54,2750.03,2753.74,2755.26,2741.28,2749.34,2755.33,2749.54,2749.92
2970.2,2977.98,2964.91,2978.81,2981.17,2965.53,2976.79,2975.18,2975.87
2978.68,2981.08,2985.8,2982.07,2977.38,2963.57,2978.79,2967.93,2989.05
2987.34,2994.12,2982.39,2995.47,2983.56,2983.05,2966.72,2974.63,3000
2914.77,2949.09,2949.65,2959.75,2960.78,2960.17,2916.95,2963.37,2950.24
2806.64,2826.73,2834,2826.94,2826.94,2834.89,2837.75,2826.45,2829.77
2509.51,2522.16,2514.05,2510.81,2513.38,2518.13,2507.4,2517.12,2519.75
2547.2,2543.01,2546,2548.28,2527.61,2551.62,2552.86,2537.66,2545.85
2651.66,2652.06,2658.19,2645.6,2637.54,2640.63,2649.79,2646.69,2658.86
