Return	Episode_length
-632.985	152
-633.948	152
-641.385	150
-635.304	154
-643.428	156
-704.601	133
-752.074	97
-708.762	126
-762.989	102
-779.283	86
-828.222	119
-802.893	79
-728.113	117
-715.664	144
-811.806	65
-720.229	101
-698.18	132
-649.052	147
-645.949	146
-730.45	103
-695.672	130
-845.603	75
-806.69	72
-844.928	54
-709.637	105
-603.956	202
-701.777	110
-669.413	129
-663.382	133
-673.812	126
-692.899	114
-655.734	133
-666.695	138
-715.845	108
-707.691	108
-673.672	128
-672.099	144
-680.81	122
-715.045	105
-663.207	132
-693.799	114
-654.892	142
-667.249	133
-706.65	112
-618.626	177
-646.693	154
-695.425	128
-760.11	84
-611.696	167
-616.696	154
-617.514	159
-616.087	165
-664.163	130
-613.589	161
-589.835	175
-630.103	151
-663.63	135
-649.874	150
-623.525	161
-623.998	164
-616.095	165
-672.616	131
-640.847	150
-666.392	123
-601.691	170
-542.876	194
-607.36	160
-573.177	182
-584.854	188
-635.218	148
-626.897	161
-631.288	157
-626.039	159
-631.764	156
-602.589	174
-637.253	154
-652.86	135
-614.912	169
-607.169	175
-653.427	138
-646.623	138
-604.88	180
-614.815	173
-631.918	160
-611.071	168
-630.126	151
-609.107	174
-628.365	166
-620.389	165
-600.344	181
-618.081	163
-643.328	147
-625.858	169
-625.746	168
-620.916	164
-621.268	163
-619.612	171
-614.545	169
-608.941	177
-595.384	183
-597.33	180
-640.887	154
-607.543	176
-639.877	144
-644.936	147
-625.088	159
-668.348	134
-639.507	163
-648.116	157
-586.283	189
-672.658	142
-625.368	162
-621.524	164
-601.366	169
-597.194	175
-597.729	172
-588.656	178
-589.882	181
-596.284	174
-594.138	173
-584.206	181
-578.887	201
-606.163	169
-593.968	180
-603.44	169
-587.205	178
-584.314	181
-584.192	185
-583.434	183
-595.122	178
-594.842	171
-596.582	174
-588.757	177
-587.925	176
-584.235	183
-589.014	178
-594.346	172
-592.906	182
-600.405	175
-591.918	178
-582.474	185
-588.394	178
-590.783	178
-572.748	184
-587.567	183
-579.82	175
-585.126	175
-572.482	187
-560.046	199
-607.771	160
-582.92	188
-573.723	186
-566.131	195
-545.011	210
-591.954	174
-581.207	179
-575.488	181
-580.059	177
-865.272	50
-574.278	187
-561.103	195
-547.944	201
-692.722	145
-594.239	181
-805.982	81
-724.265	136
-554.939	253
-638.155	147
-783.14	107
-665.305	130
-656.968	166
-634.104	145
-620.466	164
-685.835	141
-710.313	108
-603.815	172
-606.479	175
-606.913	175
-636.616	158
-620.439	166
-614.286	168
-642.716	152
-608.76	179
-616.394	168
-610.416	174
-606.036	178
-572.951	195
-574.257	194
-573.135	195
-607.694	187
-762.734	110
-662.169	165
-787.085	81
-649.136	157
-643.554	155
-660.771	144
-753.225	106
-598.012	172
-783.677	78
-751.881	123
-666.909	142
-536.12	226
-660.056	150
-739.898	105
-639.918	142
-615.092	176
-612.914	177
-586.107	194
-584.283	195
-596.05	195
-599.723	185
-594.817	193
-596.69	189
-701.687	116
-639.07	163
-601.235	190
-727.396	110
-625	169
-621.149	179
-601.528	188
-617.885	175
-624.253	177
-642.614	162
-635.941	155
-620.669	181
-636.463	168
-624.22	187
-640.205	166
-666.922	137
-643.848	152
-784.767	98
-660.07	161
-648.806	148
-613.718	167
-627.703	161
-887.322	43
-843.557	81
-794.632	75
-728.487	102
-705.088	108
-840.448	56
-619.021	172
-665.632	156
-639.958	159
-631.697	177
-754.718	91
-674.051	134
-873.679	47
-668.479	136
-634.979	163
-687.434	130
-755.363	106
-764.284	89
-648.706	151
-737.51	96
-672.869	135
-731.172	110
-734.592	97
-706.926	123
-721.9	113
-683.44	135
-734.859	109
-688.265	131
-706.128	131
-735.999	111
-674.418	135
-675.827	142
-660.417	160
-787.265	94
-735.474	130
-719.433	116
-738.461	109
-723.103	128
-898.859	37
-897.619	37
-880.199	43
-919.016	30
-928.742	28
-884.839	51
-780.332	86
-797.797	72
-888.449	50
-896.814	41
-620.089	165
-885.874	59
-721.641	131
-782.618	83
-750.19	124
-677.547	187
-838.858	135
-863.094	60
-927.668	33
-929.188	36
-820.1	83
-816.985	84
-859.017	54
-827.278	63
-906.407	72
-835.316	63
-931.842	66
-900.066	90
-772.561	113
-899.974	81
-866.897	80
-906.625	41
-920.374	31
-928.567	32
-913.177	33
-844.085	74
-680.931	128
-918.893	85
-922.579	56
-881.681	48
-918.597	32
-833.578	89
-902.265	44
-798.359	123
-853.246	60
-875.721	104
-788.347	98
-789.744	98
-608.717	176
-756.903	161
-810.628	124
-682.874	133
-923.521	52
-845.611	75
-918.813	45
-784.362	113
-759.007	113
-648.558	153
-839.183	73
-803.982	97
-761.312	112
-893.022	58
-855.918	77
-911.646	86
-875.571	72
-832.483	93
-904.043	91
-918.876	48
-906.823	57
-762.832	116
-918.137	57
-921.93	60
-913.295	41
-905.115	43
-918.483	60
-909.725	87
-921.238	64
-920.76	54
-915.046	49
-920.606	46
-807.77	113
-860.05	75
-921.721	66
-920.229	65
-921.691	64
-915.47	53
-858.756	98
-921.375	44
-920.178	42
-906.712	46
-919.175	47
-915.149	68
-915.065	74
-921.149	52
-920.125	44
-906.326	51
-919.799	75
-917.746	72
-867.967	65
-923.245	56
-908.448	72
-896.712	86
-908.98	60
-825.548	88
-917.092	61
-907.016	57
-912.294	48
-909.13	51
-900.013	57
-899.172	47
-906.149	44
-913.326	55
-921.333	57
-908.823	40
-891.011	46
-695.836	138
-927.483	29
-826.827	92
-694.433	152
-675.228	164
-825.752	86
-737.814	131
-793.118	104
-877.604	72
-861.416	69
-899.482	69
-834.124	87
-911.911	78
-903.492	51
-909.262	48
-917.778	44
-919.675	97
-908.424	75
-759.291	145
-768.409	101
-919.084	66
-758.311	106
-896.497	44
-920.95	40
-894.876	60
-923.14	44
-871.281	64
-798.71	94
-758.844	118
-640.584	144
-897.08	87
-887.977	91
-851.329	80
-850.526	106
-843.018	76
-911.703	59
-919.555	36
-786.69	108
-892.514	48
-713.544	141
-806.445	101
-918.263	94
-918.102	92
-917.55	80
-921.049	66
-920.88	64
-844.613	64
-843.352	67
-748.695	96
-746.368	97
-762.975	113
-791.936	114
-871.504	88
-886.964	79
-912.79	36
-914.105	35
-822.297	71
-714.113	104
-734.42	117
-880.079	53
-759.161	93
-660.413	119
-853.4	66
-907.907	86
-858.809	64
-783.887	83
-804.863	106
-737.904	110
-887.201	42
-883.054	44
-714.484	121
-697.765	111
-834.552	69
-803.479	89
-891.298	41
-782.577	81
-906.463	37
-873.558	54
-677.148	132
-824.447	74
-906.767	36
-825.926	82
-873.096	51
-724.089	108
-875.413	58
-857.767	109
-913.693	38
-889.745	66
-926.559	41
-927.684	31
-841.838	81
-855.295	102
-815.74	83
-923.107	46
-687.458	134
-743.926	115
-867.642	60
-685.964	130
-844.097	61
-879.169	76
-700.413	144
-841.43	89
-755.038	105
-596.996	172
-777.378	94
-742.106	125
-902.703	38
-632.952	152
-861.601	60
-686.756	179
-863.559	116
-774.115	120
-811.946	120
-768.683	101
-852.046	114
-593.134	175
-819.011	118
-601.226	191
-781.195	110
-814.872	99
-651.814	180
-646.03	178
-703.768	136
-508.091	242
-835.19	132
-796.045	111
-636.47	167
-697.645	134
-833.905	112
-643.795	169
-599.78	191
-672.002	147
-832.232	151
-789.147	164
-711.446	153
-611.778	180
-862.128	59
-745.28	132
-804.457	95
-786.614	137
-660.906	148
-736.398	145
-927.258	29
-732.58	165
-843.77	83
-706.357	135
-641.036	157
-750.274	131
-747.779	95
-700.069	113
-670.859	129
-773.948	99
-801.402	93
-774.1	116
-748.758	158
-810.605	119
-788.314	83
-686.779	134
-892.918	63
-681.908	167
-870.098	64
-912.376	45
-850.924	80
-747.77	102
-819.846	85
-876.422	57
-848.535	71
-686.744	145
-751.655	147
-572.747	194
-691.74	145
-783.153	108
-751.313	133
-882.447	78
-842.045	100
-804.729	83
-828.149	124
-854.064	103
-874.767	108
-741.623	132
-849.965	104
-782.001	116
-534.65	212
-654.593	153
-735.519	137
-540.983	214
-670.152	160
-646.323	170
-604.472	186
-707.797	146
-565.17	187
-530.125	225
-669.025	171
-564.869	198
-621.161	173
-791.53	131
-766.461	172
-567.414	203
-836.541	114
-564.802	205
-844.006	101
-762.322	170
-734.942	174
-711.536	170
-684.6	141
-847.98	100
-560.523	211
-544.951	224
-601.658	183
-559.495	207
-639.201	155
-656.804	149
-596.947	212
-562.577	204
-588.574	199
-529.073	218
-643.841	160
-630.842	164
-621.271	190
-565.319	203
-555.417	207
-607.249	193
-702.813	145
-754.536	133
-580.142	188
-541.727	206
-643.735	178
-788.366	128
-476.756	244
-827.613	135
-646.438	168
-501.898	228
-707.627	130
-682.06	151
-836.979	122
-763.152	173
-559.729	202
-590.779	202
-722.652	178
-719.726	155
-718.793	132
-773.549	123
-542.68	205
-814.785	90
-641.164	154
-561.621	218
-782.295	102
-544.816	217
-787.637	143
-636.37	176
-780.503	140
-788.883	110
-787.024	134
-794.151	121
-810.278	140
-791.18	140
-557.992	201
-669.914	181
-787.7	127
-804.017	126
-814.26	107
-687.09	139
-620.083	161
-737.306	118
-677.96	157
-768.789	128
-738.813	150
-686.609	142
-695.605	146
-597.511	186
-482.638	216
-557.355	202
-593.156	177
-607.468	177
-664.694	161
-647.874	159
-562.554	203
-578.955	190
-738.708	115
-844.932	79
-604.872	206
-761.174	134
-785.318	130
-751.062	152
-823.264	92
-801.969	99
-648.652	179
-673.733	121
-623.409	151
-711.381	145
-614.379	149
-840.99	105
-882.653	75
-623.426	160
-756.369	109
-785.798	86
-682.817	163
-651.803	167
-611.812	176
-644.487	158
-656.64	153
-686.674	121
-555.6	195
-635.742	165
-786.487	121
-758.809	110
-547.347	193
-766.241	121
-832.786	89
-776.163	109
-825.595	97
-731.462	137
-765.903	95
-772.174	110
-782.121	133
-665.115	128
-766.37	96
-712.198	124
-681.229	140
-664.927	152
-883.302	46
-702.081	131
-702.852	155
-710.123	172
-849.43	59
-596.249	158
-718.249	123
-869.606	67
-748.979	162
-631.755	170
-727.041	128
-611.032	169
-754.414	106
-787.714	123
-667.709	163
-664.35	165
-738.074	115
-594.276	172
-740.769	100
-862.197	77
-802.582	105
-562.971	191
-819.158	85
-890.488	58
-692.553	131
-688.582	148
-715.983	124
-884.139	59
-564.438	186
-741.585	114
-741.735	112
-786.677	87
-769.338	115
-779.722	97
-749.507	120
-574.571	175
-800.731	89
-876.767	81
-654.296	154
-816.428	77
-921.897	63
-793.526	89
-771.842	117
-594.885	175
-704.596	135
-837.122	73
-792.935	135
-808.709	99
-738.305	120
-893.464	72
-613.437	172
-857.411	108
-581.753	182
-725.689	106
-911.387	37
-695.184	124
-749.986	93
-835.345	97
-801.139	89
-862.16	55
-866.363	55
-764.86	105
-744.625	112
-771.518	127
-730.295	107
-720.936	144
-673.706	157
-736.947	133
-874.806	95
-804.62	104
-802.679	111
-724.195	122
-797.899	124
-750.517	134
-924.567	57
-867.58	64
-456.141	252
-842.234	76
-901.099	46
-749.917	105
-901.04	45
-649.011	162
-826.954	80
-675.416	162
-503.452	221
-918.137	38
-797.476	91
-697.108	155
-847.169	64
-807.579	88
-855.328	70
-641.105	159
-776.465	105
-472.346	237
-640.164	203
-766.331	228
-797.635	109
-646.436	179
-753.239	113
-732.635	133
-761.1	122
-755.078	150
-693.321	170
-675.64	173
-704.658	152
-719.693	186
-650.831	186
-660.688	165
-652.496	166
-687.403	155
-693.531	162
-672.74	169
-773.459	153
-812.606	107
-763.504	173
-724.056	137
-741.719	124
-711.758	161
-804.744	107
-793.66	112
-875.363	90
-656.195	162
-633.517	174
-706.872	119
-627.837	161
-644.752	145
-670.538	155
-847.382	75
-757.707	112
-615.551	211
-752.94	144
-837.032	131
-825.425	111
-759.102	131
-664.361	157
-479.466	258
-745.615	116
-769.711	93
-796.241	72
-604.751	164
-665.057	177
-599.462	172
-780.338	129
-723.275	138
-867.381	106
-805.853	132
-688.251	133
-463.917	253
-694.835	146
-511.605	211
-742.16	140
-797.979	120
-702.979	151
-699.666	163
-682.781	179
-673.426	140
-784.126	131
-727.129	142
-495.992	266
-663.781	208
-804.388	91
-727.423	165
-864.614	65
-799.325	90
-868.83	102
-648.292	199
-843.512	72
-809.85	74
-872.748	71
-771.97	118
-677.57	141
-838.745	83
-751.105	184
-833.161	111
-663.388	168
-523.286	223
-798.718	107
-793.472	108
-793.89	123
-771.107	128
-654.201	147
-722.936	148
-649.907	156
-760.29	131
-764.725	113
-546.011	200
-863.881	74
-752.1	100
-869.293	81
-515.784	242
-889.567	53
-886.47	49
-704.962	138
-871.553	48
-678.175	146
-663.339	137
-615.634	206
-524.818	188
-741.31	104
-706.497	144
-757.041	120
-722.676	146
-797.835	82
-788.964	86
-584.874	197
-558.109	194
-704.712	139
-860.411	105
-732.277	129
-748.557	99
-899.278	76
-817.965	103
-913.536	68
-756.172	97
-755.963	113
-634.056	171
-635.214	191
-816.414	95
-754.303	110
-753.536	107
-851.273	81
-745.512	169
-550.055	190
-662.239	150
-670.816	135
-736.057	102
-827.752	99
-874.54	57
-761.851	108
-722.285	129
-726.974	140
-765.009	104
-746.327	154
-725.562	136
-565.56	173
-789.168	102
-803.393	90
-855.955	62
-756.115	109
-883.142	56
-699.589	140
-626.297	168
-865.693	61
-608.224	178
-730.116	116
-710.611	164
-835.002	112
-764.592	112
-631.585	157
-801.019	83
-847.933	99
-794.04	98
-838.79	88
-774.165	104
-854.548	70
-667.595	145
-600.959	226
-676.22	138
-841.558	84
-734.108	129
-797.384	112
-709.101	133
-905.838	43
-870.843	62
-817.371	81
-690.458	140
-863.51	64
-527.888	197
-742.412	117
-771.714	103
-877.431	61
-822.81	82
-730.229	108
-783.352	90
-733.483	130
-879.29	69
-799.475	119
-842.731	85
-810.069	132
-716.595	163
-924.8	70
-826.083	116
-900.605	61
-837.456	114
-929.847	62
-929.804	63
-911.343	75
-685.166	124
-831.193	94
-755.63	96
-866.336	78
-801.4	100
-812.905	91
-867.85	66
-638.178	133
-834.482	66
-736.607	110
-794.117	97
-650.872	141
-797.195	102
-840.294	89
-892.231	85
-879.088	79
-869.134	61
-732.499	175
-877.32	94
-905.792	72
-705.595	131
-809.068	80
-775.815	98
-750.717	112
-740.009	144
-869.172	110
-823.16	77
-817.466	69
-878.271	76
-810.902	112
-867.834	82
-829.248	81
-797.656	97
-903.053	83
-834.784	102
-904.259	83
-877.183	82
-879.298	107
-740.55	157
-867.904	98
-866.598	57
-694.997	135
-873.484	55
-864.683	84
-796.288	103
-879.175	69
-924.713	32
-814.611	109
-673.019	139
-698.861	109
-788.748	91
-681.605	173
-733.322	101
-643.931	143
-789.59	96
-872.58	53
-786.989	107
-704.054	160
-645.924	167
-828.311	64
-681.283	124
-598.074	154
-783.721	82
-833.842	92
-695.002	127
-885.408	76
-643.191	153
-613.973	169
-909.023	45
-711.275	146
-660.908	161
-906.273	41
-899.886	40
-787.817	93
-699.139	145
-665.665	139
-714.551	136
-823.988	82
-731.586	125
-751.423	101
-649.935	165
-745.784	92
-604.55	209
-884.381	84
-850.704	76
-851.947	89
-725.638	141
-683.071	154
-733.428	135
-782.845	117
-917.399	46
-625.824	169
-712.667	141
-730.216	130
-849.245	67
-839.337	73
-807.533	103
-802.049	97
-609.531	162
-647.202	149
-854.089	54
-783.596	102
-802.403	87
-760.46	103
-598.281	166
-774.909	92
-840.15	75
-644.228	158
-690.576	131
-665.397	146
-803.021	103
-574.28	202
-719.597	138
-691.137	166
-769.561	104
-743.031	108
-704.165	139
-800.46	86
-837.64	73
-807.665	129
-730.984	140
-717.76	125
-828.564	73
-877.723	94
-927.116	48
-878.411	49
-594.245	184
-720.951	128
-842.014	86
-780.428	106
-607.337	173
-660.765	182
-797.062	132
-834.888	99
-720.998	125
-576.87	198
-708.51	114
-846.676	62
-705.208	122
-733.435	120
-769.857	108
-838.949	71
-637.734	167
-864.219	74
-488.932	251
-522.814	210
-594.995	175
-748.577	103
-653.457	169
-645.325	141
-600.434	169
-890.995	46
-760.886	92
-777.271	106
-625.903	154
-604.132	165
-883.306	58
-725.749	129
-698.792	158
-668.285	158
-695.242	139
-619.411	171
-593.114	175
-815.551	94
-606.338	182
-635.734	171
-731.368	140
-904.191	64
-876.593	61
-637.559	141
-664.955	125
-777.162	93
-579.377	176
-771.937	107
-828.511	105
-743.787	136
-875.539	64
-631.415	166
-673.966	161
-811.825	94
-666.949	135
-866.06	56
-662.185	147
-709.889	121
-600.992	239
-819.584	78
-559.454	192
-895.981	49
-849.99	54
-747.162	113
-725.774	127
-891.597	75
-732.164	111
-649.829	164
-827.411	74
-611.413	182
-882.269	50
-824.881	71
-582.815	200
-817.192	88
-624.995	183
-803.364	108
-665.856	135
-634.428	151
-709.381	144
-759.735	102
-735.527	103
-773.334	92
-823.033	105
-660.56	167
-690.717	148
-868.878	51
-509.513	236
-665.945	146
-909.709	56
-810.867	109
-588.113	201
-620.04	155
-906.044	38
-746.426	116
-639.787	156
-670.161	138
-716.296	133
-536.971	197
-784.759	101
-781.068	90
-566.383	201
-874.566	57
-813.558	79
-759.998	126
-773.189	111
-833.075	85
-838.347	70
-505.973	207
-725.801	177
-685.158	131
-505.169	240
-545.665	212
-616.476	150
-528.07	196
-622.355	182
-684.807	130
-860.496	60
-656.179	163
-507.967	216
-686.839	135
-606.843	166
-675.565	137
-687.073	118
-591.123	172
-661.986	146
-593.091	182
-800.846	87
-647.252	191
-818.859	92
-768.079	101
-503.524	215
-481.074	260
-536.31	209
-672.591	139
-531.581	229
-555.271	201
-712.396	123
-759.212	103
-819.7	80
-629.662	150
-639.025	175
-729.047	136
-587.089	197
-557.072	213
-593.797	192
-817.98	74
-637.599	168
-531.415	211
-853.22	69
-647.097	163
-856.944	109
-479.099	243
-740.527	112
-569.829	202
-587.511	203
-593.309	188
-632.107	191
-589	191
-701.083	144
-789.316	107
-537.908	213
-728.019	160
-819.842	118
-476.769	236
-534.233	240
-618.334	175
-736.217	162
-587.898	191
-683.535	159
-840.837	88
-723.003	136
-728.894	162
-684.971	168
-672.003	192
-589.919	179
-562.616	202
-792.606	97
-646.154	164
-413.737	267
-644.355	163
-536.775	219
-751.709	132
-630.67	159
-548.767	197
-571.506	201
-612.308	197
-610.471	206
-752.654	165
-547.169	235
-774.782	155
-810.895	135
-674.13	148
-827.459	114
-854.589	116
-697.79	142
-765.714	135
-618.939	198
-840.739	117
-620.435	187
-633.28	196
-832.414	141
-616.622	178
-839.97	126
-705.594	127
-771.312	118
-689.541	183
-820.696	108
-823.829	119
-751.238	169
-730.063	115
-718.728	164
-661.835	200
-532.731	215
-498.674	216
-666.808	177
-769.847	145
-802.992	133
-713.678	180
-785.301	131
-384.129	291
-846.243	123
-658.185	149
-851.094	119
-853.472	129
-843.823	127
-697.757	154
-758.927	164
-612.39	179
-782.869	109
-764.234	117
-555.986	211
-552.31	216
-641.737	187
-743.359	146
-459.108	260
-581.759	199
-714.742	156
-656.123	201
-532.042	238
-585.593	174
-852.278	101
-793.164	117
-610.501	194
-734.381	129
-669.946	166
-759.745	101
-577.255	192
-576.64	209
-841.757	146
-811.385	140
-651.744	168
-813.563	153
-769.074	143
-700.162	147
-812.17	74
-752.572	105
-859.681	114
-714.056	165
-736.87	173
-722.428	161
-721.888	146
-757.026	149
-723.168	163
-725.71	170
-872.412	105
-721.346	123
-844.995	133
-746.813	140
-753.645	151
-719.962	124
-788.527	137
-749.919	147
-789.796	143
-844.872	106
-728.89	162
-605.944	174
-734.447	130
-759.145	161
-691.95	186
-680.205	144
-767.847	116
-698.593	186
-818.068	107
-581.466	233
-688.391	152
-743.378	162
-358.731	292
-650.275	168
-739.304	114
-763.122	152
-787.116	146
-829.811	160
-698.151	172
-699.744	158
-848.004	148
-687.766	146
-663.047	175
-850.441	130
-697.931	160
-746.554	145
-814.774	118
-792.926	166
-847.743	123
-689.606	155
-516.062	238
-808.026	126
-637.619	173
-791.057	147
-543.408	194
-819.031	111
-560.276	193
-868.987	110
-689.21	201
-547.566	217
-827.087	144
-813.373	169
-583.221	197
-832.747	130
-638.487	189
-830.388	136
-771.969	167
-604.433	175
-722.003	129
-616.144	185
-764.801	180
-774.8	148
-664.601	160
-691.824	162
-738.965	160
-753.375	120
-715.085	139
-693.953	164
-690.786	146
-844.626	93
-861.641	104
-797.63	93
-676.286	161
-630.027	175
-611.029	187
-714.449	129
-719.769	130
-681.876	140
-580.065	194
-524.32	223
-627.076	182
-795.291	127
-797.526	92
-857.992	72
-686.889	148
-539.388	208
-819.167	114
-634.008	165
-551.567	212
-521.834	232
-646.282	166
-781.465	122
-787.091	128
-772.069	151
-680.697	199
-654.267	151
-788.391	104
-535.131	196
-741.382	126
-603.706	178
-763.87	114
-704.897	147
-827.395	107
-499.616	210
-720.611	127
-805.826	89
-697.074	123
-523.006	217
-803.053	127
-726.678	130
-578.664	188
-710.58	135
-797.776	96
-776.928	105
-712.059	145
-840.467	82
-849.97	85
-774.581	88
-631.829	158
-714.125	159
-870.195	77
-759.838	90
-676.184	147
-723.042	131
-767.187	113
-812.909	92
-686.391	174
-735.902	146
-765.919	100
-884.319	77
-729.278	106
-634.276	180
-729.053	121
-803.166	85
-586.078	191
-856.995	92
-619.187	192
-837.712	103
-606.254	208
-583.923	184
-647.23	176
-733.631	143
-659.626	155
-787.048	122
-801.864	131
-652.972	172
-693.245	155
-662.362	175
-572.735	208
-758.243	129
-669.035	176
-817.629	127
-791.949	130
-811.332	129
-536.972	234
-622.484	194
-832.446	105
-702.815	158
-696.017	178
-521.08	226
-828.223	139
-731.406	114
-674.561	165
-817.126	85
-612.337	193
-496.646	223
-623.135	172
-579.028	204
-467.141	236
-571.595	183
-656.382	163
-690.923	137
-536.294	226
-648.365	215
-608.694	192
-618.435	182
-731.768	132
-560.417	207
-596.488	190
-539.594	213
-547.168	217
-660.326	161
-563.655	203
-696.195	173
-572.455	208
-742.649	146
-524.639	229
-713.374	163
-580.118	189
-699.65	138
-558.009	212
-676.116	154
-766.986	162
-669.937	152
-755.125	155
-840.374	114
-563.867	189
-520.897	232
-591.709	184
-541.851	222
-708.797	156
-816.54	131
-633.198	188
-593.647	170
-668.47	176
-652.492	152
-687.508	179
-762.983	149
-479.683	244
-626.658	182
-688.946	158
-743.788	121
-737.659	142
-679.16	179
-719.387	159
-652.059	155
-663.615	164
-720.162	120
-758.623	88
-799.655	109
-826.485	65
-853.319	68
-654.518	152
-606.978	168
-804.11	87
-638.52	148
-602.117	183
-642.367	138
-645.628	167
-930.063	34
-706.306	110
-646.399	167
-911.138	40
-626.458	175
-773.006	147
-701.797	131
-623.027	147
-586.803	195
-733.816	113
-746.905	108
-822.481	67
-690.272	133
-818.17	83
-694.009	123
-759.301	116
-701.055	119
-886.186	67
-512.652	213
-691.42	135
-675.884	156
-848.531	81
-673.73	153
-701.657	130
-858.765	55
-868.182	61
-658.015	151
-852.643	59
-911.273	81
-789.048	109
-665.066	148
-661.264	160
-802.76	82
-714.213	155
-680.431	148
-714.612	116
-802.769	85
-841.483	96
-681.624	144
-643.374	172
-628.017	163
-801.687	95
-615.949	165
-739.293	119
-853.5	89
-473.151	253
-802.316	74
-491.686	235
-758.014	130
-728.561	134
-687.17	156
-898.277	44
-665.889	144
-659.032	165
-652.234	180
-830.243	79
-695.123	156
-866.501	53
-576.321	191
-753.485	101
-742.913	121
-852.674	63
-683.457	174
-743.064	108
-757.202	91
-547.227	194
-632	146
-761.761	112
-825.619	69
-463.618	245
-540.68	211
-728.167	132
-766.021	113
-809.517	90
-679.632	119
-660.293	145
-780.448	96
-723.372	120
-846.475	61
-585.646	199
-741.605	107
-820.051	73
-640.842	153
-624.069	158
-796.205	141
-776.217	148
-708.092	178
-733.166	150
-874.933	72
-666.702	177
-672.101	166
-713.935	127
-802.195	107
-752.831	116
-788.779	145
-671.689	133
-708.651	129
-687.463	149
-775.008	96
-714.307	124
-790.452	95
-570.676	191
-768.449	91
-776.282	107
-808.246	81
-761.958	124
-702.918	172
-604.307	187
-548.043	213
-771.212	121
-563.489	214
-646.354	164
-787.434	91
-653.109	172
-779.589	97
-709.139	146
-662.134	132
-785.971	133
-647.51	177
-684.189	146
-668.413	157
-666.539	159
-649.398	148
-784.775	104
-567.311	243
-583.469	189
-690.965	142
-682.512	153
-786.158	94
-581.919	181
-669.515	160
-665.345	161
-682.75	158
-666.721	159
-752.15	130
-690.094	148
-863.584	56
-767.605	100
-606.739	180
-660.412	164
-761.492	107
-713.687	145
-810.811	79
-748.975	139
-673.264	129
-708.59	128
-713.877	135
-705.302	129
-730.716	111
-660.558	163
-810.992	107
-851.903	58
-553.612	205
-706.445	127
-693.93	145
-819.02	115
-917.125	61
-797.038	96
-809.985	98
-549.369	193
-440.078	241
-865.592	88
-689.085	137
-658.762	161
-843.404	65
-851.52	84
-778.241	188
-820.776	160
-747.716	114
-840.984	148
-746.794	136
-785.642	92
-706.244	128
-840.455	79
-811.654	155
-684.967	159
-697.79	146
-636.722	151
-623.344	194
-846.587	88
-788.853	123
-890.616	45
-747.459	112
-636.898	237
-690.877	132
-461.458	277
-600.047	220
-687.592	156
-651.863	172
-552.802	200
-469.98	241
-724.01	131
-625.117	204
-793.204	102
-715.005	117
-677.84	157
-838.744	72
-770.777	132
-670.753	152
-737.363	157
-619.342	154
-436.502	286
-736.532	163
-742.57	105
-770.325	107
-712.49	139
-823.151	82
-819.011	144
-732.626	117
-748.7	125
-649.152	192
-811.255	153
-719.692	178
-706.727	134
-769.54	157
-791.266	158
-767.094	163
-771.839	149
-768.281	178
-783.509	168
-876.262	75
-740.304	112
-720.88	159
-739.571	110
-548.989	228
-636.053	157
-827.985	66
-532.843	225
-646.365	154
-688.054	129
-683.618	169
-861.817	81
-879.182	71
-829.855	96
-706.333	152
-616.251	163
-761.268	129
-642.3	152
-583.418	195
-830.349	93
-770.142	115
-757.369	160
-719.319	127
-704.705	171
-672.659	130
-714.71	111
-588.978	174
-550.036	187
-776.839	168
-855.037	88
-744.894	165
-836.278	114
-765.408	113
-659.8	163
-766.227	102
-810.83	82
-825.998	103
-695.177	153
-748.303	160
-740.282	142
-827.169	103
-745.416	103
-528.918	200
-860.352	151
-545.951	175
-796.322	176
-822.042	116
-809.751	182
-808.255	114
-814.344	77
-878.074	104
-833.704	93
-876.889	103
-817.782	202
-878.157	110
-872.451	77
-808.825	176
-712.824	160
-817.339	81
-837.188	127
-739.942	164
-800.718	139
-802.058	212
-901.454	47
-698.276	482
303.42	804
-733.65	148
-744.464	115
-634.344	183
-787.545	90
-718.772	119
-778.775	128
-802.509	92
-825.887	82
-864.948	53
-668.623	180
-690.295	125
-738.025	103
-793.624	152
-711.701	216
-684.785	142
-909.422	38
-745.767	194
-883.561	89
-808.247	107
-821.205	94
-673.669	157
-738.725	116
-800.499	79
-773.195	94
-738.092	103
-779.029	110
-764.268	96
-735.865	167
-675.899	126
-751.756	119
-758.324	114
-748.171	112
-793.045	96
-631.382	171
-787.049	92
-757.242	131
-629.666	178
-657.49	149
1122.64	804
-653.683	303
-811.777	97
-855.507	167
-846.765	79
-764.093	125
-713.367	312
-586.712	370
-732.772	270
-730.557	137
-567.997	225
-659.712	319
-816.462	394
-792.324	357
-739.73	575
-699.182	155
-686.823	406
-767.694	250
-702.924	340
-788.522	297
-743.468	592
-609.825	253
-719.022	390
-752.939	280
-737.341	409
-799.441	92
-733.795	431
-825.039	274
-828.223	404
-849.209	323
-865.348	244
-765.242	128
-777.415	259
-819.605	250
-839.59	424
-827.505	302
-789.564	228
-851.689	234
-775.535	416
-707.173	336
-752.781	333
262.815	804
-767.885	120
-692.464	141
-702.301	128
-789.211	99
-695.471	147
-738.214	99
-755.625	100
-805.279	214
-750.094	102
-732.411	137
-700.721	203
-727.262	108
-769.564	200
-824.49	72
-784.122	117
-826.11	123
-670.966	147
-759.359	151
-782.69	139
-788.425	141
-777.827	144
-824.594	72
-854.695	82
-901.464	41
-865.521	117
-702.692	140
-680.609	163
-708.918	169
-712.2	116
-715.102	114
-845.976	137
-455.573	243
-886.534	58
-726.389	123
-683.065	141
-899.212	92
-657.531	162
-810.415	117
-642.646	135
-749.609	128
-715.72	129
-636.127	140
-862.316	56
-834.032	77
-848.577	66
-790.203	110
-715.897	129
-622.763	149
-742.129	101
-790.705	76
-835.123	76
-817.489	80
-775.42	111
-699.062	120
-850.498	57
-479.01	221
-717.467	111
-643.152	159
-680.466	130
-660.626	208
-749.678	98
-688.708	149
-709.352	134
-727.54	124
-671.759	157
-751.441	106
-708.704	150
-776.25	93
-631.41	170
-823.682	82
-822.129	72
-718.26	125
-716.714	120
-730.582	149
-623.249	170
-826.086	92
-766.152	94
-771.607	92
-836.333	74
-812.858	72
-617.204	177
-799.251	98
-858.955	73
-800.047	108
-849.791	57
-591.211	187
-773.633	145
-796.425	96
-697.008	124
-858.34	55
-812.01	91
-621.803	165
-880.487	43
-859.955	55
-639.308	169
-761.867	130
-612.931	174
-619.319	198
-678.571	202
-846.184	59
-855.395	132
-738.495	137
-799.687	132
-627.741	218
-760.878	136
-734.56	164
-776.904	100
-685.805	174
-692.196	142
-711.381	175
-822.267	91
-696.457	153
-886.793	80
-844.725	113
-834.988	114
-813.268	180
-792.649	117
-498.489	230
-800.372	119
-736.344	126
-755.37	137
-761.515	128
-820.237	95
-653.233	147
-864.34	79
-759.9	99
-808.384	132
-765.596	109
-784.789	126
-813.629	90
-853.702	116
-677.288	146
-744.519	113
-776.62	99
-795.016	115
-752.462	116
-650.664	159
-748.473	129
-851.405	152
-740.729	124
-845.599	96
-822.288	72
-724.766	128
-644.511	179
-743.377	132
-700.449	138
-758.017	136
-656.457	169
-847.846	86
-698.109	162
-816.698	112
-870.76	177
-749.119	186
-803.336	102
-694.51	142
-705.609	239
-877.851	131
-851.205	150
-744.137	198
-835.137	157
-703.913	133
-657.757	196
-809.324	79
-780.758	127
-626.541	268
-863.741	165
-825.979	91
-701.816	149
-758.382	158
-697.017	225
-736.181	203
-819.928	122
-683.499	218
-822.098	78
-835.037	94
-628.128	295
-635.806	239
-739.132	149
-839.703	136
-643.88	185
-732.036	130
-698.379	204
-748.03	140
-671.629	152
-551.686	315
-800.58	121
-652.811	168
-754.476	107
-677.635	162
-794.454	85
-810.608	137
-723.641	187
-682.797	287
-852.218	153
-868.619	130
-867.799	227
-836.977	257
-670.963	284
-648.211	140
-695.301	431
-785.554	79
-724.712	118
-803.41	78
-778.604	86
-661.112	141
-717.511	164
-680.18	148
-793.91	108
-781.773	98
-830.065	98
-815.42	74
-749.895	116
-604.24	192
-642.596	137
-718.186	102
-446.582	290
-657.106	144
-428.092	232
-605.05	180
-722.948	114
-528.709	228
-552.859	195
-679.926	160
-702.409	152
-442.407	366
-682.819	158
-721.434	141
-855.248	101
-736.222	162
-757.27	120
-805.36	106
-849.345	81
-767.071	149
-799.642	80
-629.063	160
-831.031	69
-630.2	260
-712.939	258
-725.144	438
-694.101	157
-595.305	236
-817.368	100
-719.751	196
-637.516	177
-558.302	209
-655.937	360
-769.902	469
-662.396	456
-588.129	352
-735.631	663
-885.618	51
-850.155	508
267.334	804
-749.524	112
263.638	804
-734.088	158
-800.238	90
-808.469	75
-558.274	178
-759.204	102
-634.427	174
-761.073	116
-582.182	200
-805.215	80
-477.488	243
-765.256	94
-851.682	78
-827.782	67
-702.753	141
-761.025	100
-670.546	141
-759.111	90
-759.873	103
-785.635	94
-828.367	76
-823.077	75
-690.57	118
-805.466	107
-726.305	103
-629.911	203
-639.442	142
-797.617	88
-782.603	127
-785.794	121
-696.756	142
-728.711	161
-807.887	90
-742.173	106
-729.447	139
-796.15	83
-794.027	92
-626.095	160
-567.184	212
-808.071	101
-836.708	95
-854.866	62
-744.917	94
-832.554	122
-627.904	173
-825.487	75
-676.28	138
-672.851	153
-719.931	110
-832.23	74
-568.026	206
-859.611	77
-720.536	131
-612.133	190
-776.478	94
-584.857	184
-657.372	163
-649.141	175
-761.589	111
-842.414	69
-739.668	138
-569.397	187
-837.299	69
-718.196	119
-724.714	154
-773.399	111
-686.442	144
-711.092	151
-637.208	155
-686.071	194
-577.377	181
-777.149	137
-658.083	171
-784.448	91
-805.239	100
-825.058	65
-673.156	179
-918.967	36
-730.55	119
-685.783	138
-720.834	129
-908.313	69
-867.304	73
-733.882	118
-763.307	103
-742.523	109
-616.079	160
-553.893	202
-739.096	139
-805.819	74
-764.056	107
-802.153	97
-629.471	189
-784.785	128
-796.403	118
-646.907	140
-622.892	153
-593.794	179
-763.528	128
-742.38	139
-770.205	141
-753.23	146
-745.538	113
-602.76	202
-824.609	111
-635.669	176
-762.929	108
-778.822	106
-633.691	173
-803.288	85
-668.803	162
-763.476	142
-597.801	193
-623.041	176
-602.123	192
-682.59	155
-472.574	252
-700.9	140
-574.539	181
-671.658	152
-787.532	119
-599.248	210
-787.98	145
-620.501	178
-838.531	88
-733.785	152
-654.63	169
-737.613	135
-680.566	162
-848.077	65
-813.101	88
-780.062	97
-829.738	110
-742.885	132
-781.653	119
-690.693	179
-620.39	188
-740.015	135
-804.346	112
-591.24	187
-605.144	166
-804.74	110
-789.792	114
-880.409	100
-863.696	73
-581.394	192
-661.034	136
-688.906	127
-687.805	138
-850.969	86
-863.217	83
-810.807	91
-803.552	103
-663.313	184
-756.64	119
-609.571	183
-680.817	126
-855.346	79
-763.142	115
-687.757	160
-745.644	149
-574.738	181
-704.995	174
-771.627	156
-744.685	127
-682.386	130
-583.988	185
-792.393	115
-791.644	101
-821.78	77
-620.52	149
-873.368	98
-849.505	83
-702.575	149
-686.278	150
-743.437	138
-627.115	154
-693.621	152
-560.803	198
-701.558	125
-559.105	308
-717.492	308
-515.699	290
-769.516	193
-730.852	228
-599.252	156
-603.844	213
-657.14	227
-654.872	229
-772.242	184
-688.224	211
-745.658	107
-693.575	202
-738.568	188
-571.588	346
-643.28	269
-790.227	178
-654.57	303
668.521	804
-669.39	141
-660.497	517
-731.05	295
-582.401	566
470.852	804
-706.109	245
-757.235	158
-766.452	213
-764.211	149
-564.671	192
-708.363	162
-609.606	228
-657.389	238
-721.769	181
-628.98	185
-626.409	185
-578.79	201
-796.773	110
-614.46	184
-667.848	147
-694.794	166
-851.512	78
-722.576	156
-629.455	218
-744.041	148
-804.305	85
-667.508	147
-749.861	100
-532.638	341
289.669	804
-647.023	173
-799.342	87
-734.364	114
-760.7	110
-787.484	89
-733.863	132
-771.697	101
-836.578	99
-714.137	124
-600.164	179
-822.389	98
-805.005	93
-646.641	164
-813.341	99
-818.266	78
-668.049	136
-790.514	80
-785.361	115
-706.92	112
-758.831	113
-915.679	53
-769.543	87
-810.795	106
-742.752	122
-675.552	172
-682.619	124
-811.244	93
-719.52	136
-723.59	147
-887.059	109
-780.867	107
-666.861	158
-717.086	153
-692.24	150
-668.217	148
-799.147	99
-709.149	114
-827.107	72
-648.265	156
-708.422	138
-712.906	125
-850.836	70
-820.749	74
-728.766	143
-717.85	118
-803.934	82
-807.767	91
-661.539	168
-858.737	60
-617.702	199
-858.589	62
-656.731	139
-687.661	138
-720.666	111
-648.34	142
-882.856	61
-811.926	102
-707.478	139
-813.887	88
-779.82	97
-749.397	99
-680.63	128
-657.6	162
-604.235	199
-872.663	77
-690.254	129
-869.867	82
-858.307	98
-738.99	116
-865.863	61
-632.12	175
-816.982	94
-842.617	74
-748.103	138
-696.137	121
-838.762	85
-872.895	65
-929.102	72
-650.88	162
-897.991	91
-771.315	136
-914.651	89
-798.553	122
-881.788	76
-894.386	69
-882.993	69
-638.883	176
-901.156	87
-773.015	125
-833.146	88
-843.04	74
-809.69	94
-773.977	120
-844.927	71
-763.401	111
-785.347	94
-847.898	106
-832.718	102
-670.309	190
-829.7	84
-808.994	93
-767.37	105
-895.483	72
-840.622	90
-656.562	160
-822.594	93
-884.494	55
-776.185	120
-820.745	103
-860.566	88
-882.749	85
-929.198	56
-862.598	96
-913.005	68
-929.126	61
-915.153	60
-909.272	81
-879.626	75
-923.546	80
-929.014	53
-876.039	86
-900.622	92
-917.362	73
-731.658	162
-863.248	69
-810.476	93
-802.221	101
-878.802	63
-862.98	97
-904.546	70
-724.511	145
-854.781	80
-777.475	140
-835.352	107
-866.44	80
-837.977	113
-881.1	84
-904.289	79
-931.7	48
-932.588	66
-933.524	53
-921.621	73
-932.462	69
-917.782	44
-863.183	98
-859.528	82
-748.105	124
-792.662	121
-847.888	110
-858.033	100
-893.079	83
-876.659	83
-809.323	94
-929.022	75
-743.971	114
-780.145	110
-891.934	79
-781.993	105
-807.54	106
-772.235	123
-765.757	114
-815.142	100
-892.05	91
-811.356	86
-769.499	125
-844.429	93
-867.131	58
-727.838	139
-726.246	115
-704.275	136
-804.818	84
-716.264	145
-865.781	82
-821.038	99
-830.704	82
-722.795	154
-859.332	66
-818.166	100
-784.85	131
-839.593	99
-698.502	129
-649.491	167
-818.172	104
-718.78	145
-840.695	72
-648	161
-750.125	156
-868.486	86
-725.089	121
-757.432	116
-687.384	150
-784.22	105
-901.713	70
-788.639	115
-743.751	125
-828.167	83
-820.342	85
-830.433	86
-761.32	139
-855.275	95
-698.992	148
-839.701	107
-681.706	170
-768.389	113
-786.092	97
-699.81	182
-791.223	102
-888.173	80
-770.865	114
-908.859	58
-805.244	104
-799.488	102
-895.558	81
-652.986	155
-784.416	143
-782.488	119
-872.253	70
-917.884	73
-753.847	109
-820.348	99
-853.908	95
-824.668	98
-930.876	55
-779.12	108
-866.618	83
-908.293	92
-918.281	62
-878.459	77
-893.002	86
-821.568	92
-894.779	72
-907.901	74
-933.599	66
-869.412	88
-900.082	48
-921.541	48
-879.592	67
-841.207	102
-860.595	68
-632.541	191
-927.899	69
-896.905	80
-600.252	210
-685.02	131
-673.048	154
-813.877	101
-837.552	120
-876.642	91
-737.801	125
-900.959	102
-823.105	99
-884.608	96
-888.553	82
-868.026	103
-882.182	84
-850.431	101
-833.448	84
-893.208	86
-861.141	94
-867.968	94
-919.91	110
-910.045	73
-929.016	56
-790.98	134
-818.903	112
-931.527	58
-816.485	121
-776.56	122
-885.889	88
-866.719	94
-832.532	116
-907.677	73
-900.23	75
-835.332	129
-813.53	111
-914.106	70
-889.854	58
-927.635	64
-800.938	147
-816.615	105
-903.934	81
-910.159	63
-928.405	62
-795.801	136
-895.069	75
-873.429	71
-908.283	74
-876.644	89
-779.175	138
-829.138	109
-916.65	88
-879.011	78
-808.829	115
-856.716	78
-886.072	65
-929.855	77
-749.735	135
-867.478	112
-931.18	68
-909.996	62
-846.881	102
-888.22	83
-932.695	64
-860.604	90
-929.49	43
-842.147	86
-835.808	110
-876.068	61
-918.304	67
-918.274	74
-895.033	87
-908.773	47
-928.717	57
-912.427	70
-928.25	65
-772.991	127
-928.71	60
-887.914	95
-884.603	66
-928.021	78
-928.308	76
-847.562	86
-928.37	68
-747.593	118
-746.273	125
-589.111	186
-827.117	112
-772.861	110
-793.828	114
-815.182	93
-765.288	112
-818.732	95
-876.349	96
-918.104	63
-636.683	175
-913.171	57
-888.413	103
-882.73	63
-747.6	142
-852.691	68
-802.723	103
-809.379	88
-869.201	66
-875.45	96
-854.41	81
-823.301	89
-744.291	130
-782.719	115
-784.152	142
-929.049	63
-814.732	116
-808.61	123
-764.876	130
-910.786	76
-791.968	109
-853.623	70
-777.96	148
-900.77	72
-773.839	145
-870.306	73
-934.214	38
-907.971	71
-832.085	83
-922.551	71
-431.986	337
-807.32	105
-774.203	177
-631.759	221
-736.523	128
-906.339	82
-846.453	78
-628.438	177
-862.141	79
-767.442	143
-748.805	122
-785.844	118
-783.337	119
-799.483	126
-827.055	101
-914.919	100
-923.575	75
-881.049	103
-864.474	106
-889.813	95
-768.867	126
-789.611	113
-802.285	103
-851.401	111
-795.964	94
-849.013	81
-837.227	124
-931.323	82
-909.439	146
-892.944	116
-723.641	131
-744.611	134
-847.997	79
-737.456	151
-788.282	112
-839.054	100
-861.489	71
-926.04	78
-711.872	138
-922.821	71
-890.51	75
-835.888	93
-780.444	122
-899.812	51
-854.712	70
-918.284	67
-861.867	108
-922.93	86
-920.199	90
-908.549	84
-929.322	62
-920.88	73
-879.242	77
-865.919	110
-834.371	128
-928.656	62
-908.812	75
-905.708	95
-897.897	80
-887.699	78
-882.72	121
-893.904	87
-900.733	90
-898.127	81
-909.098	87
-912.027	94
-866.729	110
-926.005	87
-795.703	128
-822.019	82
-902.783	70
-776.423	128
-828.877	77
-861.682	92
-927.148	80
-917.657	77
-905.899	78
-923.206	87
-866.178	56
-803.355	123
-494.449	231
-707.148	141
-761.523	124
-832.61	109
-811.543	126
-897.476	53
-842.462	96
-762.018	162
-836.256	79
-604.553	169
-793.74	108
-769.733	114
-643.55	165
-864.381	127
-765.582	98
-835.829	74
-840.335	67
-730.788	106
-922.817	30
-786.844	82
-862.248	61
-769.619	139
-671.389	138
-692.723	124
-881.856	110
-829.286	70
-921.73	75
-904.729	69
-930.63	76
-928.095	82
-931.859	64
-927.356	89
-931.499	68
-931.995	57
-930.488	64
-929.112	74
-931.255	79
-654.044	167
-932.025	59
-930.526	63
-927.709	38
-824.209	73
-914.913	71
-782.291	107
-515.508	200
-828.638	77
-930.261	68
-835.436	114
-770.624	110
-624.347	141
-656.779	131
-792.258	97
-631.174	146
-615.017	176
-635.67	152
-708.107	110
-760.775	115
-679.63	141
-830.88	82
-881.339	94
-839.877	89
-877.772	47
-690.886	127
-876.756	59
-780.702	115
-767.088	118
-667.346	153
-625.896	158
-711.282	112
-802.252	77
-675.723	139
-681.501	142
-802.626	111
-636.44	158
-769.078	107
-803.451	90
-739.052	94
-743.929	128
-623.517	182
-818.641	79
-923.983	35
-707.466	112
-819.075	68
-630.252	186
-646.701	146
-816.487	113
-647.108	144
-731.795	125
-699.508	145
-807.629	103
-774.24	95
-909.438	60
-701.122	125
-786.167	130
-666.46	175
-486.655	228
-845.123	104
-769.778	100
-566.186	208
-825.895	107
-713.389	141
-516.84	202
-866.162	107
-749.842	124
-735.787	111
-783.037	145
-821.524	103
-862.544	76
-765.965	161
-821.336	118
-517.249	223
-748.883	108
-659.959	143
-768.182	125
-806.727	74
-688.103	136
-732.828	100
-786.483	111
-525.712	213
-638.414	153
-876.715	55
-745.576	162
-578.417	209
-812.862	102
-820.839	101
-590.214	204
-489.349	235
-640.507	149
-746.087	132
-654.805	169
-562.054	205
-520.502	227
-831.33	90
-824.301	132
-763.78	173
-524.522	196
-808.103	92
-706.675	163
-664.462	200
-378.252	262
-562.13	199
-701.261	143
-625.566	165
-528.038	213
-717.371	107
-742.792	118
-816.708	108
-585.101	183
-930.922	42
-928.427	58
-484.595	234
-561.376	197
-798.11	119
-592.514	203
-522.025	206
-770.634	93
-633.772	176
-651.578	181
-757.725	99
-749.137	128
-772.465	120
-708.984	138
-600.105	187
-863.497	80
-561.686	216
-776.699	107
-847.652	76
-714.71	135
-505.949	211
-597.984	171
-640.902	180
-721.443	146
-658.517	170
-838.13	65
-655.663	160
-823.507	101
-767.882	100
-583.732	187
-743.733	123
-863.593	58
-776.686	119
-712.615	126
-614.492	177
-546.124	225
-422.362	257
-777.345	119
-863.654	94
-616.365	176
-704.275	139
-723.735	122
-678.65	195
-704.671	145
-789.526	143
-580.38	197
-771.308	123
-792.524	102
-722.904	133
-655.694	178
-719.5	130
-738.994	136
-520.192	203
-528.953	218
-651.392	147
-826.247	105
-711.224	139
-599.85	206
-709.317	120
-587.032	219
-682.372	162
-757.316	127
-659.408	148
-763.731	102
-871.576	46
-591.834	221
-790.166	104
-691.53	140
-839.573	58
-696.855	112
-797.858	77
-683.875	136
-630.52	166
-603.969	171
-587.629	187
-705.2	110
-686.959	154
-700.915	146
-805.633	84
-880.324	72
-682.483	125
-822.913	85
-493.68	264
-631.181	148
-777.914	140
-891.175	53
-576.281	196
-689.702	138
-805.446	103
-714.748	138
-782.757	105
-611.647	167
-699.939	130
-815.459	118
-755.97	112
-716.76	130
-786.332	83
-716.509	117
-932.563	54
-932.519	51
-555.442	177
-773.85	97
-731.418	148
-565.887	199
-759.136	94
-679.908	174
-784.41	157
-677.358	153
-765.151	91
-754.608	110
-825.143	82
-755.722	117
-556.393	219
-623.907	183
-628.57	173
-654.77	143
-710.222	124
-669.741	172
-722.47	121
-637.905	178
-641.16	166
-791.094	95
-772.641	113
-578.465	193
-722.886	124
-608.727	185
-591.714	186
-689.407	125
-623.569	143
-772.279	126
-736.905	120
-766.88	84
-676.697	145
-689.391	125
-750.72	103
-593.339	164
-727.674	131
-491.742	208
-619.675	167
-861.316	53
-749.679	104
-816.422	92
-834.294	76
-864.638	87
-862.372	58
-615.761	154
-743.609	138
-730.913	106
-817.88	129
-594.706	163
-691.186	124
-681.818	141
-694.368	150
-633.855	161
-808.112	113
-834.098	129
-840.516	91
-668.376	167
-795.071	95
-736.435	144
-747.922	126
-703.404	147
-746.056	136
-839.492	74
-825.727	109
-832.66	102
-887.356	66
-726.872	110
-818.202	81
-606.41	167
-638.805	187
-637.571	149
-628.642	188
-630.753	169
-671.696	152
-710.109	109
-880.556	49
-644.936	163
-767.538	104
-827.946	76
-910.926	45
-657.464	150
-649.397	136
-610.241	188
-692.99	121
-695.535	114
-627.542	165
-864.102	58
-665.717	134
-834.615	98
-781.071	115
-846.638	80
-666.344	152
-754.427	94
-802.065	80
-783.854	76
-888.202	57
-584.616	189
-599.151	201
-708.176	158
-710.96	154
-672.759	192
-530.28	226
-641.534	148
-857.202	57
-793.848	103
-847.358	64
-824.952	90
-829.76	86
-711.01	136
-853.987	83
-759.682	135
-889.136	76
-818.3	85
-610.816	159
-772.419	103
-778.437	92
-711.224	129
-668.557	166
-734.873	142
-820.372	106
-797.859	120
-652.867	136
-659.54	140
-697.393	117
-711.553	128
-785.215	105
-764.968	113
-483.241	208
-925.931	30
-837.384	81
-758.657	111
-873.487	65
-698.57	226
-488.981	251
-543.643	235
-567.962	183
-668.16	145
-775.367	113
-637.275	180
-703.416	128
-856.736	91
-787.059	101
-813.701	96
-770.418	103
-668.027	160
-636.438	184
-846.98	53
-784.829	86
-782.882	88
-723.218	132
-772.772	178
-733.184	121
-658.503	143
-748.87	106
-641.461	174
-882.72	52
-857.006	62
-758.616	130
-723.173	129
-709.737	108
-783.374	124
-769.603	113
-763.694	117
-655.827	145
-770.951	156
-694.42	139
-845.808	74
-654.91	187
-682.155	162
-735.937	174
-558.446	329
-838.602	84
-510.404	202
-540.385	206
-688.131	165
-593.555	175
-592.802	296
-868.154	49
-572.787	376
-855.829	65
-483.326	245
-805.807	98
-805.187	83
-616.017	269
-798.267	86
-626.509	170
-731.286	241
-558.702	387
-651.327	429
-621.874	189
-703.503	361
-549.35	280
-735.577	126
-627.789	264
-695.098	156
-585.363	201
-773.295	315
-695.796	422
-504.426	753
-821.752	302
-542.037	208
-669.554	476
-818.604	76
-612.36	182
-696.16	158
-632.239	488
-555.131	322
676.599	804
320.198	804
-756.891	238
-756.806	134
-727.204	166
-657.258	182
-648.763	167
-644.578	665
-713.429	140
-676.844	411
-659.456	173
-692.277	210
-685.887	128
-586.887	595
-702.41	162
-730.499	153
-748.247	307
-683.093	162
-616.828	218
-640.992	356
-744.409	198
-662.412	339
-651.926	401
225.604	804
186.014	804
-793.895	191
-694.089	141
-558.964	275
-612.221	235
-756.092	122
-707.735	152
-695.923	153
-401.913	287
-680.996	173
-650.729	193
-672.038	188
-395.76	331
-478.481	311
-655.75	228
-477.018	372
-707.883	124
-597.522	258
-624.904	168
-727.455	139
-652.434	185
-598.82	226
-757.221	104
-685.959	145
-739.151	122
-607.328	168
-857.986	55
-616.965	174
-616.589	242
-565.222	260
-426.562	369
-592.243	203
-535.907	241
-614.044	225
-675.592	216
-549.686	214
-596.731	228
-691.306	153
-669.914	184
-576.274	184
-182.957	525
-686.273	168
-728.296	141
-716.626	117
-637.57	233
-738.726	101
-406.034	296
-591.723	222
-654.208	220
-161.311	506
-681.591	187
-509.855	276
-619.635	204
-656.283	263
-356.106	430
-595.989	205
-418.603	330
-586.53	264
-538.501	239
-598.429	250
-459.417	419
-411.6	429
-628.188	280
-595.925	298
-603.596	232
-560.071	252
-625.75	305
-594.138	229
-672.882	187
-488.669	399
-748.308	156
-600.001	222
-379.77	464
-672.025	183
-690.701	166
-505.472	387
-628.757	251
-723.404	202
-694.911	214
-688.344	243
-721.154	225
-530.034	325
-358.806	449
-573.171	361
-712.954	214
-476.253	531
-753.674	175
-436.941	454
-642.138	179
-427.93	480
-414.879	312
672.329	804
-514.632	512
-448.011	444
-344.2	394
-699.993	156
673.993	804
-429.392	482
749.874	804
-598.117	359
-634.344	190
-609.866	269
-630.096	225
-656.96	160
-653.726	249
-605.897	299
-113.37	678
-552.431	333
-543.477	346
-612.923	323
876.787	804
-623.521	267
928.852	804
-277.044	581
-707.436	146
-514.366	415
-666.078	300
-443.444	396
-485.99	296
-550.253	369
-510.921	360
-592.257	327
-675.551	153
-749.092	139
655.971	804
-637.613	152
648.737	804
-358.324	510
664.17	804
-571.632	227
-602.673	334
-596.879	231
-712.857	121
691.149	804
-261.403	753
-426.835	506
-503.438	373
-672.318	272
699.617	804
699.067	804
-692.449	233
630.218	804
-444.398	372
-618.779	270
672.09	804
935.233	804
-628.936	351
-682.157	176
830.923	804
-684.337	133
787.928	804
672.376	804
-564.178	196
-447.453	275
757.611	804
-587.692	315
-581.965	275
-698.901	220
-588.14	206
981.84	804
-551.822	370
-519.482	407
-544.952	348
-510.965	399
-572.447	333
-680.8	172
-548.859	295
-587.098	279
-583.611	334
-653.914	170
-699.162	207
-624.643	194
-414.783	481
-541.171	314
-752.171	106
-420.758	348
-670.025	164
-729.901	165
-678.413	261
-646.666	165
-295.755	612
-475.018	394
-737.841	147
-510.612	276
-685.178	136
-659.189	242
-714.24	248
-717.841	233
-756.814	124
-615.33	245
-611.966	264
-670.375	256
-752.166	214
-693.044	137
-525.218	398
1195.15	804
-376.86	384
-726.147	134
-708.636	207
-129.794	670
-31.388	800
-497.771	396
-297.276	597
-388.725	376
-257.796	609
-684.041	127
-577.679	339
-325.729	457
-596.187	256
-577.851	189
-235.993	658
-500.005	409
-528.121	223
-553.412	217
-542.93	341
-658.681	166
-579.191	337
-748.638	133
770.043	804
736.109	804
-637.5	218
-566.675	333
-605.092	295
-726.38	228
-705.711	242
-562.847	186
-467.817	242
-573.876	266
-504.593	360
-371.654	484
-630.456	287
-580.142	247
-563.846	329
-687.818	235
-666.957	303
-697.397	132
-574.987	256
-598.766	212
-627.908	211
-645.216	249
-582.463	187
-481.429	238
-495.897	318
-670.935	263
-558.042	272
-578.608	246
-657.091	240
-677.573	151
-582.29	202
-511.6	387
-583.408	241
-473.354	395
-165.855	627
-618.795	274
-439.288	435
702.288	804
701.188	804
-844.629	90
-762.62	233
-528.539	315
-526.009	468
-632.653	324
-640.602	306
-609.948	246
-676.052	146
-777.645	111
-568.87	436
-595.93	254
-665.865	267
-623.712	310
-821.811	76
-697.222	292
-636.274	242
-698.945	230
-518.793	324
-692.591	209
-312.337	525
-703.741	183
-185.888	567
-611.513	167
-521.841	222
-556.397	243
-625.762	279
-726.757	217
-797.702	83
-623.119	238
-489.222	355
-694.693	266
-651.479	322
-279.427	376
-627.606	233
-726.231	247
-465.861	381
-438.614	545
-657.324	158
-674.139	179
-582.322	296
-697.799	213
-632.276	263
-613.622	322
124.669	689
-810.012	80
-694.197	232
-618.63	247
-530.205	308
-629.19	161
-653.806	278
-745.379	132
782.519	804
-648.381	177
-632.583	194
-566.999	345
-439.187	352
830.278	804
-407.304	558
-699.629	148
-702.785	142
844.693	804
-442.208	466
-480.196	421
-532.268	306
-612.791	274
-574.9	290
-380.761	536
-410.016	387
-541.972	287
-522.819	354
777.422	804
-205.332	547
-634.575	324
-563.575	263
-713.019	224
-50.4048	746
-404.498	344
748.55	804
736.798	804
-175.803	725
-607.547	281
798.421	804
-802.574	103
-743.417	105
-868.914	63
-864.983	119
-892.455	49
-878.866	70
-809.438	84
459.26	804
535.563	804
-540.222	377
-857.651	74
-733.283	133
-826.121	66
-718.955	140
-495.258	228
-589.647	188
-711.794	129
-672.315	159
-768.73	208
-763.15	98
-588.319	178
-749.637	111
-736.004	102
-603.585	159
-649.982	158
-780.048	105
-732.794	138
-772.921	116
-731.815	116
-549.137	194
-633.716	147
-618.191	168
-816.749	69
-748.958	107
-704.978	138
-869.115	92
-558.193	215
-692.652	146
-644.286	161
-675.315	145
-682.809	145
-724.252	148
-756.442	115
-778.533	102
-777.846	181
-750.519	110
-553.061	211
-824.991	68
-742.689	93
-706.39	145
-566.281	227
-694.191	135
-742.439	122
-784.809	86
-741.595	116
-653.764	165
-649.181	172
-743.709	121
-652.282	168
-719.939	113
-663.355	137
-780.506	133
-751.471	119
-620.995	160
-727.088	126
-643.653	183
-731.389	144
-619.272	210
-362.741	368
-599.093	187
-772.227	109
-731.749	128
-697.188	132
-683.066	168
-716.929	132
-794.787	106
-676.385	154
-692.756	145
-719.731	148
-666.09	161
-767.103	132
-773.355	103
-804.311	90
-641.994	171
-688.495	148
-698.338	152
-714.768	145
-723.959	124
-701.79	144
-830.655	85
-652.111	184
-651.398	151
-793.846	114
-633.034	187
-834.939	76
-798.839	102
-729.334	133
-727.865	136
-646.767	204
-536.461	249
-750.466	112
-741.94	97
-708.697	149
-563.081	238
-748.817	129
-762.863	137
-832.19	71
-716.502	146
-721.813	136
-812.474	191
-776.881	91
-735.022	146
-662.59	143
-774.333	98
-626.238	176
-746.505	110
-886.888	66
-721.294	107
-834.522	83
-811.769	71
-699.275	140
-697.657	123
-703.189	158
-785.883	79
-689.544	136
-582.096	170
-795.77	98
-727.605	113
-712.807	119
-658.21	139
-663.862	182
-629.365	203
-754.2	128
-767.473	104
-749.505	101
-723.884	143
-729.877	112
-819.248	68
-604.786	214
-800.56	97
-612.978	181
-696.74	162
-787.29	91
-652.616	168
-710.769	141
-646.821	151
-750.235	124
-714.348	118
-670.127	177
-415.329	253
-717.484	142
-581.069	203
-737.558	125
-708.71	133
-715.169	133
-601.859	203
-710.305	128
-797.268	115
-718.92	123
-790.762	97
-540.751	248
-728.755	108
-669.681	152
-681.93	155
-794.875	90
-754.126	103
-717.974	149
-611	185
-709.806	125
-922.373	33
-694.055	130
-675.739	154
-685.372	148
-696.625	130
-657.83	171
-650.01	163
-748.123	116
-711.321	131
-715.059	121
-778.588	104
-718.358	134
-827.268	70
-718.559	118
-677.89	138
-745.356	116
-706.241	134
-820.546	77
-613.005	197
-616.388	171
-683.428	131
-658.123	165
-769.728	98
-701.82	157
-677.785	149
-812.154	94
-416.122	252
-743.218	127
-773.969	89
-741.087	112
-692.404	144
-924.294	42
-751.517	104
-684.133	152
-724.882	112
-856.582	84
-743.019	117
-700.296	148
-711.371	133
-842.222	67
-753.248	98
-905.729	53
-533.659	224
-678.198	146
-617.843	171
-878.971	76
-886.733	64
-844.747	109
-799.177	85
-914.312	70
-866.62	78
-775.854	107
-439.611	272
-903.917	80
-870.567	70
-888.143	53
-827.802	97
-872.488	67
-859.802	68
-925.603	44
-858.537	69
-723.179	159
-898.062	76
-711.076	169
-761.706	137
-845.321	119
-712.257	132
-802.149	97
-852.382	91
-887.883	77
-583.97	196
-750.921	104
-924.874	44
-891.376	44
-705.749	125
-711.362	171
-927.611	56
-859.162	99
-901.062	58
-648.646	160
-614.103	157
-570.887	188
-658.78	177
-880.585	93
-915.446	64
-889.291	107
-860.996	68
-687.181	151
-857.277	103
-658.106	161
-801.149	120
-595.807	187
-637.308	184
-825.801	72
-665.3	163
-840.293	88
-773.701	125
-644.295	169
-794.878	117
-725.443	103
-809.757	104
-895.925	97
-927.475	50
-908.519	68
-723.576	173
-770.778	146
-531.104	261
-663.563	181
-830.855	82
-684.836	159
-927.471	82
-753.191	129
-832.086	77
-749.054	122
-658.978	174
-792.904	97
-932.256	61
-636.371	173
-737.788	132
-580.066	204
-706.129	152
-590.539	195
-723.014	135
-853.846	91
-544.274	191
-696.556	150
-902.791	59
-889.219	81
-915.593	60
-664.145	156
-914.299	68
-841.363	93
-766.606	99
-905.849	85
-838.847	91
-858.577	95
-852.341	134
-930.462	57
-891.133	76
-882.15	96
-846.303	116
-868.536	78
-923.064	40
-708.012	170
-475.733	278
-823.35	103
-777.754	116
-915.974	72
-512.348	229
-804.966	82
-878.253	72
-913.367	68
-789.451	124
-756.954	121
-762.107	104
-914.125	71
-931.923	52
-918.736	52
-917.828	44
-923.473	57
-755.25	146
-920.742	65
-811.31	109
-893.009	53
-719.928	164
-916.544	67
-915.912	73
-701.116	157
-879.163	93
-698.453	148
-929.139	63
-881.41	110
-906.97	75
-919.026	56
-907.889	83
-695.941	172
-708.748	143
-916.633	55
-858.294	88
-917.792	63
-863.249	87
-761.774	95
-797.934	110
-842.098	88
-920.796	61
-820.99	82
-864.811	93
-780.766	82
-674.063	156
-854.867	76
-926.066	57
-902.88	77
-912.149	62
-547.458	220
-794.507	79
-789.447	149
-904.198	74
-850.654	91
-873.461	126
-908.887	77
-873.921	91
-756.928	113
-882.581	145
-873.078	97
-773.463	95
-922.581	54
-750.004	108
-788.091	125
-906.368	45
-792.005	108
-676.697	185
-827.672	91
-638.403	169
-623.168	182
-869.505	63
-930.821	56
-928.454	47
-754.732	113
-904.511	59
-839.762	89
-883.904	75
-929.748	49
-892.803	76
-883.47	81
-916.362	68
-924.879	88
-880.156	72
-766.046	152
-916.108	56
-887.09	78
-681.873	180
-862.191	100
-865.796	62
-870.694	68
-838.509	75
-919.548	50
-698.133	130
-903.057	76
-912.893	52
-847.718	83
-779.964	85
-727.353	114
-783.789	98
-854.194	65
-668.515	149
-724.65	160
-749.225	117
-824.494	85
-771.425	93
-910.081	80
-678.975	216
-785.721	86
-834.303	82
-870.388	102
-841.543	105
-832.888	80
-628.809	138
-899.789	68
-876.314	96
-832.29	71
-685.87	167
-908.467	88
-902.073	55
-830.34	101
-706.308	145
-857.795	86
-732.052	122
-812.638	97
-633.887	160
-841.368	82
-878.06	66
-688.332	159
-899.524	71
-581.006	246
-924.172	74
-933.89	54
-890.544	68
-774.547	144
-566.51	246
-919.793	59
-924.297	61
-752.934	102
-902.199	88
-791.631	148
-816.685	167
-928.612	83
-831.632	131
-923.322	52
-822.253	122
-897.864	74
-866.502	94
-915.492	61
-931.996	63
-812.588	104
-731.281	144
-899.897	73
-875.527	122
-593.845	210
-928.698	66
-859.719	102
-712.222	153
-851.448	68
-831.38	82
-872.912	54
-731.94	144
-782.564	139
-576.878	195
-562.764	201
-734.095	139
-656.885	133
-727.742	135
-666.42	164
-840.397	99
-905.236	77
-927.498	44
-851.745	96
-635.743	180
-674.374	171
-616.226	200
-778.397	102
-624.647	194
-712.438	140
-690.23	150
-790.118	130
-683.713	147
-901.997	89
-889.297	86
-853.167	98
-902.238	71
-852.831	105
-861.257	78
-912.528	65
-831.229	110
-792.641	124
-931.329	58
-909.106	79
-874.771	98
-841.716	82
-802.501	124
-867.468	78
-767.333	153
-894.885	80
-617.289	179
-723.668	108
-625.828	180
-777.951	118
-900.07	58
-889.69	62
-927.642	51
-881.907	56
-897.344	67
-875.753	65
-849.68	83
-929.91	38
-898.04	91
-820.149	124
-925.501	54
-686.779	147
-871.259	82
-811.451	106
-895.386	72
-930.818	46
-862.709	115
-716.59	135
-764.569	119
-910.407	74
-931.592	36
-882.016	85
-798.986	137
-882.172	95
-917.824	77
-891.383	81
-859.466	72
-871.014	72
-721.571	116
-907.11	68
-784.797	88
-686.717	156
-637.514	178
-810.393	112
-792.081	88
-714.664	125
-762.526	107
-768.755	139
-711.283	158
-739.733	154
-839.219	110
-871.126	83
-745.157	126
-887.181	77
-870.161	83
-800.708	106
-911.868	50
-843.96	76
-706.311	133
-860.16	66
-691.767	159
-633.065	202
-607.685	193
-758.735	100
-656.949	156
-737.845	135
-904.867	52
-804.483	101
-851.691	72
-638.717	153
-817.514	111
-740.374	141
-914.814	67
-928.828	64
-725.318	161
-787.349	106
-828.436	103
-769.74	121
-792.185	107
-930.964	56
-787.386	91
-668.581	172
-856.049	74
-906.362	51
-845.982	92
-815.925	130
-904.92	73
-580.461	215
-915.2	71
-709.066	152
-887.807	92
-929.636	56
-622.548	163
-807.166	115
-588.047	179
-803.715	112
-738.609	112
-766.635	123
-817.239	107
-795.641	108
-785.617	102
-878.609	61
-636.168	179
-842.638	71
-830.56	72
-823.326	81
-919.36	40
-691.631	165
-750.088	128
-644.516	158
-815.214	88
-785.216	146
-856.937	98
-794.946	133
-654.656	184
-751.617	125
-757.745	146
-832.634	95
-618.782	184
-917.398	44
-887.074	78
-734.225	140
-783.209	90
-653.74	146
-658.795	161
-867.773	97
-914.108	68
-875.3	81
-854.686	112
-923.884	65
-567.938	218
-711.902	125
-603.925	197
-667.46	158
-897.264	60
-668.401	150
-858.617	93
-909.629	63
-906.109	79
-883.747	80
-731.171	138
-775.953	103
-817.53	103
-905.424	63
-932.495	38
-922.018	63
-850.176	101
-730.507	162
-490.901	219
-802.338	102
-889.967	75
-890.352	90
-634.846	180
-626.549	183
-923.733	54
-930.833	46
-689.592	176
-878.453	81
-930.507	49
-864.721	101
-779.193	148
-598.399	180
-895.307	89
-931.799	38
-907.467	70
-932.105	62
-490.473	235
-692.414	119
-875.934	54
-797.156	91
-641.07	156
-810.113	94
-873.528	86
-781.345	135
-884.905	82
-845.285	103
-353.557	286
-906.501	72
-914.38	68
-931.439	44
-814.816	145
-900.383	84
-907.998	88
-842.034	75
-861.196	91
-886.896	82
-845.369	83
-915.555	83
-847.926	102
-930.672	41
-818.859	116
-778.074	113
-924.298	38
-675.058	148
-806.525	98
-683.754	154
-772.129	105
-700.095	152
-688.012	131
-646.285	166
-831.695	75
-776.897	141
-619.159	207
-492.498	228
-490.853	207
-820.33	103
-719.079	121
-720.479	110
-850.088	115
-700.127	139
-886.312	67
-653.868	160
-555.193	238
-653.913	158
-831.045	81
-854.161	92
-604.482	193
-776.834	111
-759.739	113
-594.896	184
-701.136	137
-694.546	127
-821.299	118
-864.653	65
-752.798	140
-885.24	85
-857.418	68
-482.142	210
-701.853	131
-756.868	104
-774.969	90
-707.776	128
-673.416	148
-832.431	60
-783.12	83
-715.474	127
-654.051	134
-755.067	141
-801.945	119
-823.79	68
-672.064	152
-477.906	214
-541.075	198
-804.336	202
-729.371	115
-783.765	89
-557.683	296
-699.225	138
-878.08	48
-728.751	145
-642.672	190
-501.48	222
-841.59	59
-762.507	112
-767.428	99
-702.247	145
-638.406	178
-734.758	127
-821.542	86
-855.302	102
-766.989	145
-711.383	161
-850.983	122
-571.611	226
-854.82	53
-924.408	70
-837.918	60
-889.319	77
-913.84	80
-883.538	84
-598.672	246
-810.333	75
-849.129	76
-687.734	145
-869.053	58
-825.317	105
-790.714	84
-737.279	96
-886.635	44
-765.575	131
-705.688	153
-892.626	82
-767.817	112
-681.96	164
-652.423	153
-700.592	150
-638.916	199
-670.895	153
-804.039	96
-804.872	90
-638.416	163
-674.255	127
-700.822	152
-677.665	160
-765.391	112
-656.646	161
-929.912	45
-764.389	106
-618.622	167
-817.832	80
-767.613	104
-823.147	104
-634.408	170
-897.361	57
-741.681	120
-792.264	87
-721.719	225
-615.362	236
-571.469	217
-719.666	129
-753.486	112
-713.835	130
-697.389	134
-714.03	139
-499.854	229
-515.161	224
-547.924	198
-699.201	155
-614.049	168
-539.5	209
-586.562	299
-676.92	147
-662.004	304
-625.939	284
-427.972	404
-708.082	170
-573.288	208
-502.435	267
-410.326	342
-831.928	77
-568.753	265
-620.148	188
-698.434	229
-572.166	377
-559.174	280
-521.459	352
-390.494	361
-536.831	287
-613.607	150
-579.835	191
-559.153	204
-629.833	201
-709.663	212
-729.129	116
-758.637	92
-732.975	129
-536.82	366
-585.021	284
-714.892	159
-473.772	281
-792.866	81
-501.432	216
-437.479	278
-324.356	333
-647.567	286
-395.455	332
-763.154	92
-678.029	147
-701.73	130
-722.351	177
-312.879	398
-564.81	351
-728.569	114
-807.82	87
-687.969	139
-316.613	328
-494.529	356
-349.962	386
-407.602	336
-656.581	191
-594.095	300
-483.352	379
-693.609	144
-493.201	297
-499.842	343
-618.618	223
-704.501	200
-629.659	189
-663.277	196
-830.398	106
-296.153	676
-377.666	464
-640.022	202
-807.554	81
-432.792	398
-772.075	138
-519.396	316
-534.532	299
-624.387	258
-559.821	287
-455.654	307
-283.965	418
-361.222	423
-397.886	367
-587.284	265
-422.179	359
-678.878	230
-498.333	370
-603.022	288
-495.18	289
-275.633	478
-358.033	400
-683.961	254
-731.703	124
-805.772	201
-643.189	204
-513.214	241
-743.852	213
-601.692	323
-727.502	238
-532.975	237
-707.439	125
-629.317	276
-481.752	347
-725.238	239
-315.15	456
-681.847	299
-54.64	489
-309.263	446
-243.176	488
-657.855	341
-666.645	260
-810.515	80
-563.486	222
-693.373	132
-537.371	351
-723.728	207
-659.542	294
-738.273	136
-473.658	301
-294.238	458
-369.003	404
-429.39	433
-586.471	226
-745.847	286
-648.414	273
-165.066	639
-763.813	164
-610.483	321
-627.475	180
-660.27	271
-360.714	503
-748.542	130
-475.258	271
-156.548	385
-711.278	145
-497.838	390
-559.336	226
-575.825	206
-632.349	164
-647.147	229
-634.938	302
-528.584	342
-838.365	77
-571.737	320
-549.755	345
-565.32	222
-379.723	361
-497.937	372
-51.7834	654
-377.28	421
-747.174	195
-417.195	366
-313.734	521
-600.608	284
-798.051	108
-665.997	271
876.748	804
-237.294	496
973.047	804
1039.92	804
946.401	804
-716.984	153
-657.952	148
-758.933	101
-782.167	110
-603.864	197
-632.214	153
-762.068	201
-682.949	188
-709.965	150
-647.545	181
-723.053	243
-560.259	195
-723.436	124
-801.113	121
-839.888	149
-543.675	264
-362.818	449
-615.907	183
-733.329	140
-796.082	109
-615.232	292
-652.295	177
-666.788	165
-583.301	218
-602.717	261
-177.554	450
-428.522	396
-770.021	222
-621.774	224
-734.691	174
-577.598	202
-866.804	57
-625.616	264
-727.083	136
-562.201	254
-687.797	178
-626.584	367
-371.318	389
-844.997	74
-822.159	109
-411.976	366
-738.803	149
-740.995	110
-837.715	88
-521.876	337
-630.284	288
-597.868	247
-852.141	76
-786.523	108
-852.226	80
-741.632	144
-662.476	223
-451.486	381
-762.794	108
-822.864	144
-401.862	379
-825.445	185
-689.04	185
-781.08	112
-155.358	407
-850.757	71
-449.218	263
-711.026	124
-726.815	200
-657.059	166
-416.054	525
-488.52	370
-829.09	91
-796.684	133
-91.8173	477
-850.755	63
-739.501	126
-714.054	155
-275.424	430
-542.431	221
-543.022	287
-481.074	311
-633.113	225
-641.529	221
-488.178	215
-652.328	293
-255.93	505
-675.297	140
-701.099	130
-462.743	280
-589.827	169
-48.5853	671
-651.795	175
1237.08	804
-276.13	579
-482.751	224
-637.692	198
-647.554	156
-706.262	139
-234.765	471
-588.687	171
-324.265	506
-737.511	120
-686.556	125
-678.157	248
-484.43	260
-673.755	201
-704.462	128
-311.691	452
-805.927	89
-501.047	278
-727.159	172
-761.862	142
-147.219	514
-854.976	86
-732.69	145
-519.744	332
-490.09	354
-538.162	232
-749.23	106
-546.015	229
-615.337	299
-465.591	386
-798.054	104
-642.236	177
-741.289	127
-352.889	459
-700.451	167
-738.398	129
-674.723	178
-689.343	158
-859.122	75
-793.047	129
-572.292	242
-766.077	158
-675.108	148
-706.887	139
-812.768	92
-637.547	159
-793.839	117
-580.774	232
-718.207	123
-335.883	396
-544.239	283
-419.288	343
-685.553	163
-791.584	81
-689.512	292
-705.981	179
-811.205	70
-321.952	416
-517.626	354
-650.545	169
-655.642	189
-645.032	175
-647.653	265
-406.236	432
-552.941	201
-322.516	324
979.754	804
-610.052	216
-24.5537	693
-568.964	223
-822.492	121
-880.752	68
-720.708	111
-482.054	340
-256.693	514
-871.933	90
-379.236	377
-876.404	128
-547.163	288
-693.561	194
-878.48	81
-684.667	255
-764.992	142
-754.792	143
-320.516	325
-678.436	194
-572.619	320
-861.304	103
-276.324	471
-678.667	124
-809.14	90
-511.154	256
-876.096	70
-865.591	66
-611.261	181
-865.774	68
-723.294	140
-779.052	95
-788.371	108
-690.791	135
-543.459	216
-812.258	89
-660.509	179
-540.501	268
-609.004	185
-762.707	152
-598.943	226
-634.497	195
-700.415	144
-689.964	156
-798.764	118
-657.629	218
-720.999	138
-741.458	250
-760.446	152
-380.328	310
-736.842	147
-755.471	126
-637.483	164
-723.721	155
-699.072	222
-568.498	284
-685.481	169
-630.019	355
-758.186	131
-757.242	115
-746.269	205
-563.416	279
-557.535	359
-655.9	169
-604.805	251
-600.044	216
-559.104	227
-711.567	174
-690.284	236
-878.998	76
-434.019	296
-754.671	113
-501.711	216
-694.04	136
-721.386	118
-623.864	198
-486.599	224
-122.891	726
-764.136	115
-543.288	227
-684.422	165
-463.268	384
-731.849	127
-368.649	522
41.7184	566
-13.5856	758
-527.268	297
-510.834	287
-659.671	241
-594.8	282
-473.431	258
-423.388	249
-223.105	477
1025.73	804
-147.235	797
-321.347	580
-531.279	204
-389.931	408
-436.204	385
-701.985	148
-748.564	109
-683.039	201
-303.661	617
-739.199	121
-463.953	330
-87.7245	546
-816.902	100
-618.942	200
-763.855	88
-141.652	546
-41.159	639
-528.78	229
-666.508	170
1098.99	804
885.678	804
1032.89	804
832.66	804
1024.43	804
-363.394	421
997.653	804
-294.041	445
-348.656	469
1038.39	804
-259.774	552
-231.021	656
995.269	804
-450.253	365
-708.308	231
-495.728	329
-593.949	195
-445.525	408
-508.451	411
-636.458	241
-699.801	177
-636.51	264
-608.651	199
-598.828	250
-732.782	141
-329.648	454
-474.521	274
-623.986	248
-471.182	401
1054.03	804
913.961	804
-11.5469	553
-411.072	285
-511.818	267
-637.064	312
-492.756	392
-735.777	204
-473.685	461
1023.49	804
840.695	804
-146.091	769
941.1	804
-206.648	492
-703.634	140
-773.641	108
-547.793	257
-715.317	187
-698.837	213
-303.11	410
-692.617	254
-606.774	259
-385.378	434
-667.553	169
2.1708	611
-380.966	446
-563.925	232
-703.074	228
-410.449	341
-745.068	173
-620.536	270
-472.469	346
-574.905	340
-365.834	304
1478.49	804
-554.025	316
-634.805	258
-244.416	521
-286.156	390
1017.88	804
-195.202	770
764.75	804
993.086	804
-551.873	397
-188.985	619
986.597	804
-280.883	460
-622.823	221
1621.92	804
1043.48	804
927.894	804
1166.44	804
1151.63	804
752.719	804
-604.232	213
-358.009	615
926.425	804
882.304	804
-699.83	135
-532.876	398
-110.971	610
1016.02	804
-741.02	135
1034.22	804
-505.07	295
-547.124	216
-78.4829	772
-390.219	480
837.279	804
-344.762	452
-668.401	267
-528.766	224
-367.623	383
848.381	804
-403.244	284
844.974	804
828.135	804
-364.161	463
1042.39	804
-113.882	576
968.675	804
-392.336	434
-547.994	409
-453.593	406
-792.81	102
-452.264	339
1140.55	804
-560.022	288
-321.634	454
-592.142	363
1203.74	804
-284.083	360
-741.076	132
-425.522	487
-525.864	400
-553.644	350
-536.923	374
-391.414	379
-269.269	508
-538.225	292
-744.601	120
-573.858	221
-667.944	179
-538.412	237
-425.288	434
-621.913	200
895.908	804
-592.981	358
-209	381
-191.185	467
-535.926	316
-16.8046	676
-535.889	245
931.98	804
-870.59	113
-762.905	152
-881.086	92
-700.872	271
-851.859	138
-853.85	138
-861.451	129
-739.458	114
-873.697	76
-754.653	150
-744.531	216
-885.233	52
-826.943	107
-782.684	94
-692.51	142
176.226	804
-375.845	711
-851.236	66
-729.271	310
-803.748	95
-598.441	175
-872.583	78
-902.187	84
-884.338	86
-923.427	43
-808.54	103
-900.252	55
-851.202	114
-766.212	100
-666.324	131
-543.369	266
-538.304	385
-339.235	582
-588.332	181
-479.558	249
-327.187	454
735.134	804
-529.773	285
-576.225	222
-623.329	174
-797.416	79
-659.325	177
-476.678	387
-654.204	160
-777.746	112
-851.946	103
-778.472	94
-831.512	103
-517.592	246
-729.555	129
-567.858	219
-886.583	88
-614.647	167
-918.636	81
-717.805	116
-819.668	97
-817.252	76
-658.438	141
-914.594	76
-841.404	98
-866.029	98
-679.492	154
-694.925	143
-879.318	72
-829.56	158
-904.588	39
-645.895	222
-849.675	170
-864.228	94
-853.45	82
-857.969	102
-854.531	109
-877.489	73
-625.548	207
-850.259	72
-812.56	139
-603.997	209
-712.291	154
-735.173	116
-839.183	109
-871.193	71
-830.732	98
-563.423	222
-776.24	150
-474.213	412
-748.128	144
-538.937	223
-854.438	155
-779.521	118
-827.54	172
-841.971	167
-851.244	81
-839.106	151
-585.647	199
-794.717	157
-681.596	205
-852.266	139
-841.993	147
-849.93	143
-676.965	150
-842.459	94
-578.875	258
-774.912	105
-639.819	240
-852.561	142
-835.597	169
-711.997	234
-859.847	144
-831.639	154
-844.733	160
-872.596	127
-798.923	105
-754.223	129
-731.372	173
-838.988	119
-744.453	125
-776.932	126
-702.935	159
-681.471	168
-804.911	95
-852.78	125
-461.814	339
-843.367	167
-630.977	176
-580.913	230
-488.762	291
-898.442	61
-778.065	96
-674.759	231
-785.745	148
-696.177	141
-424.358	273
-736.666	101
-761.495	126
-797.365	96
-850.05	82
-810.054	101
-839.548	82
-779.775	114
-831.918	94
-850.015	94
-788.7	187
-812.69	169
-864.645	76
-706.788	156
-806.31	95
-818.029	184
-869.246	65
-848.385	109
-750.26	111
-868.056	82
-819.268	81
-860.85	72
-777.585	120
-800.004	131
-878.423	78
-840.043	166
-727.971	208
-813.563	102
-809.631	114
-674.109	146
-483.798	255
-637.773	182
-846.92	91
-709.342	138
-874.505	74
-817.439	106
-626.109	183
-270.448	378
-874.041	115
-798.903	93
-815.58	132
-859.261	146
-836.294	160
-603.683	180
-705.407	125
-840.363	161
-866.331	134
-672.06	158
-799.053	148
-800.745	130
-874.592	55
-523.586	215
-523.977	264
-864.245	132
-771.17	212
-698.698	146
-794.34	147
-622.149	248
-823.118	104
-446.65	261
-662.772	214
-830.495	118
-838.405	129
-827.547	189
-848.025	166
-856.116	139
-724.955	201
-505.89	254
-804.299	113
-377.062	294
-847.547	114
-639.106	259
-572.464	283
-862.139	92
-726.861	236
-783.965	207
-730.887	133
-489.333	281
-770.28	124
-869.54	125
-482.952	314
-800.352	129
-577.724	180
-844.309	150
-791.944	141
-524.323	290
-864.791	105
-531.107	264
-876.903	65
-879.673	62
-854.06	89
-853.291	132
-598.732	264
-863.367	126
-870.389	81
-560.165	335
-881.977	104
-861.272	141
-643.404	154
-839.119	111
-878.439	90
-480.986	231
-860.759	160
-879.771	63
-874.625	88
-848.279	117
-740.852	138
-845.552	82
-670.19	284
-878.148	64
-869.676	110
-406.447	324
-820.193	100
-564.769	279
-548.707	273
-829.6	156
-742.075	102
-908.472	50
-779.122	111
-611.729	199
-859.287	73
-681.454	257
-676.61	234
-413.439	330
-735.512	123
-469.57	347
-666.246	179
-623.602	277
-497.229	246
-681.727	256
-531.628	260
-542.387	281
-649.634	250
-708.879	126
-545.881	369
-474.715	364
-700.307	153
-546.602	216
-640.144	193
-511.813	354
-655.875	279
-576.811	206
-659.231	236
-461.713	286
-558.785	242
-551.423	370
-694.412	229
-693.359	223
-551.119	331
-161.75	603
-650.498	144
-573.182	230
-491.792	232
-557.816	213
-642.015	198
-687.614	267
-735.133	137
-687.427	265
-631.251	289
-710.762	135
-697.925	317
-724.292	260
-597.931	371
-604.479	321
-555.672	287
-364.78	526
-637.162	183
-363.554	589
-535.279	284
-519.782	222
-448.972	512
-294.332	340
-538.758	251
612.915	804
-79.258	696
739.117	804
-703.241	154
-636.504	210
-578.748	317
-687.61	162
1070.52	804
-689.468	234
-436.588	419
-652.471	167
-606.079	328
-537.664	230
-497.782	305
-554.176	301
-600.277	310
-694.612	169
-510.343	353
-448.267	276
670.48	804
-586.493	329
-592.117	298
-812.661	140
-842.78	79
-503.917	312
-646.395	262
-680.874	254
-766.342	139
-648.204	203
-656.124	250
-797.145	105
-771.261	116
-667.256	338
-683.571	241
-488.16	343
-671.415	231
-704.608	138
-701.94	384
-768.896	196
-702.481	331
-724.549	239
-541.827	221
-747.279	232
-700.862	162
-450.506	400
-788.375	415
-638.183	323
-197.186	455
150.007	648
-345.982	453
-247.925	360
-415.193	248
-515.991	217
-470.077	349
-432.82	468
-609.021	188
-753.813	106
-520.994	275
-535.394	235
-232.571	476
-573.882	316
-799.862	89
-221.003	390
-648.638	167
-827.471	79
-274.337	452
-771	109
-575.961	307
-508.576	335
-670.593	149
-646.672	166
44.122	578
-438.171	253
-360.2	400
-7.31378	615
-376.209	552
-518.059	332
-781.405	101
-631.09	178
-670.902	158
-619.163	176
-359.007	407
-607.64	253
-465.216	258
-704.906	159
-528.632	330
-749.725	149
-707.642	150
-687.308	248
-571.193	365
-878.771	111
-869.84	256
703.808	804
737.291	804
-566.512	220
-569.118	325
-431.423	581
-478.391	346
-876.819	64
-804.517	87
-811.643	221
-651.848	174
-604.075	203
-711.357	255
-747.922	121
-619.028	492
-670.696	149
-774.947	122
-628.156	544
-696.919	293
698.471	804
-619.855	233
-511.518	281
-476.373	253
-694.505	137
-209.362	553
-451.161	314
-755.371	278
-749.094	165
-735.778	153
-690.018	390
-863.352	57
-826.922	225
-514.054	599
-749.187	235
-725.701	117
-798.645	190
-680.287	145
-99.5112	753
-616.508	414
-826.921	155
-785.235	162
-877.396	116
-876.462	126
-761.214	177
-530.579	269
-876.86	141
-884.148	118
-876.016	129
-884.163	107
-703.848	407
-659.758	138
-711.579	416
-665.997	158
-699.271	272
-750.484	300
-662.741	171
394.142	804
-547.485	328
-681.277	149
-635.992	186
-478.738	330
-874.745	192
-755.247	165
-709.032	243
-727.648	114
-817.828	100
-625.678	258
-636.998	170
-680.749	167
-758.779	116
-645.451	167
-292.531	341
-561.424	244
-749.686	128
-785.171	127
-781.936	98
-874.936	122
-491.23	447
-646.271	259
-810.296	131
-828.544	78
-278.548	777
-493.071	608
-794.48	327
-552.501	283
-572.189	256
-676.189	252
-624.709	189
-402.272	417
-663.007	163
-467.649	752
-783.255	108
-483.754	276
-530.312	233
-742.27	123
-676.216	471
-723.875	277
411.666	804
-820.258	85
-840.469	85
716.916	804
-419.107	350
-856.34	65
-340.049	519
-623.292	167
-196.078	582
-300.454	767
-546.916	349
-269.144	700
-617.132	255
804.317	804
747.155	804
-423.621	400
-909.43	48
-763.706	112
-670.154	156
-650.796	147
-558.195	207
-534.46	371
-665.419	224
813.065	804
-324.863	617
-379.11	312
756.777	804
-671.981	223
-668.777	174
-817.33	82
-630.62	219
-805.425	82
-702.308	142
-356.434	483
-676.286	156
-285.848	415
-608.38	200
712.372	804
-553.179	246
-328.352	342
-610.401	278
-687.594	248
-478.814	447
-486.638	338
-649.566	266
-310.838	582
837.992	804
-688.789	198
-712.721	252
-629.576	169
-583.708	295
93.7965	549
-546.794	298
-181.108	513
-678.297	150
-602.613	274
-640.35	197
-533.835	353
-736.367	132
-288.057	431
-605.982	162
-573.836	300
-711.204	168
-642.331	264
-816.161	73
-237.38	500
-433.246	428
-562.172	331
-486.933	311
-697.62	137
-171.78	440
-639.134	163
-378.198	296
-195.007	562
-40.701	729
-487.449	269
1176.01	804
1253.89	804
-535.029	274
-816.015	168
-215.064	409
-644.116	228
-556.132	271
-452.619	346
-509.736	278
-391.642	288
-255.304	512
-701.391	165
-550.048	307
-840.345	140
-852.167	83
-403.482	323
-473.234	347
-592.699	279
-636.251	195
-851.401	174
-476.987	352
-706.902	200
-580.07	316
-520.793	355
-454.986	369
-714.019	203
-556.659	261
-605.903	216
-853.905	152
-775.79	127
-506.288	325
-448.895	293
-230.413	420
198.124	753
-706.773	119
-370.874	436
-461.776	322
-615.082	228
-639.051	232
-639.763	237
-370.913	412
-575.155	265
