0.00396956 0.00312519 2.80288e-07 0.00428043 0.011119 1.00507e-06 0.0554532 0.92205
0.0894651 0.000382093 0.0409813 0.191937 0.000574086 0.019414 0.656011 0.000728033
0.015642 0.025967 0.346686 0.0132224 0.0450334 0.500331 0.00933586 0.0185111
0.0516824 0.246747 0.166791 0.0555183 0.189074 0.157905 0.0249888 0.0496534
0.18913 0.189622 0.0901027 0.235525 0.166969 0.0482187 0.0219449 0.0333458
0.0115222 0.000333676 0.401395 0.0220703 0.000860248 0.147068 0.000162865 0.000401452
9.92594e-09 0.000536183 0.000554994 6.84136e-09 0.000382747 0.000430776 5.34621e-08 0.760431
9.37448e-10 6.46079e-10 9.39047e-13 5.52525e-06 2.96592e-06 8.46645e-13 0.496825 0.503166
0.396318 0.00109198 0.0082646 0.359576 0.000332979 6.94885e-05 0.234334 1.30643e-05
0.0211347 0.0357654 0.858308 0.0497805 0.00750309 0.0220404 0.00509444 0.000145969
0.181106 0.312041 0.474131 0.0102041 0.00683026 0.012675 0.000460334 0.00101619
0.38271 0.247538 0.314581 0.00769386 0.0199431 0.0237426 0.000449311 0.000371465
0.000781749 0.000329563 0.965823 8.01345e-06 3.6458e-06 0.0191409 1.07102e-07 4.46955e-06
2.49006e-13 2.90612e-10 1.68693e-10 3.31018e-13 6.69165e-06 7.5738e-06 1.98952e-13 0.912014
2.51315e-13 4.00998e-13 1.98598e-16 7.45868e-05 0.000206589 2.74293e-17 0.0213452 0.978374
0.0412187 1.21604e-06 7.10487e-07 0.200377 9.36294e-09 5.28366e-11 0.758402 3.119e-08
0.209379 0.613253 0.170407 0.00464373 3.08034e-05 3.97879e-05 0.00205578 0.000133695
0.335097 0.255026 0.408565 9.70044e-05 0.000515357 0.000281149 0.000137483 7.96782e-05
0.117361 0.0979853 0.512904 0.00011133 8.77395e-05 0.256589 4.35284e-05 0.000151664
8.78971e-09 2.56114e-08 0.948204 1.08352e-11 1.05349e-09 0.0517035 5.55624e-12 1.63129e-10
3.47503e-13 8.10861e-10 2.05073e-09 3.40445e-14 0.000142883 0.000139517 1.98362e-14 0.877072
5.61884e-14 1.29106e-13 2.06115e-09 3.63979e-06 2.59937e-05 1.31842e-17 0.888249 0.111721
0.178377 1.83577e-11 2.38937e-15 0.741034 9.52217e-12 1.15254e-14 0.080588 1.00913e-11
0.0629603 2.43436e-06 1.249e-05 0.0136569 1.13992e-06 2.9152e-07 0.0105578 0.883943
1.82742e-06 3.89107e-05 5.2628e-05 5.4904e-06 6.16869e-07 8.86166e-06 0.830193 0.136715
5.78594e-05 8.1991e-05 0.951507 2.7784e-06 9.0929e-06 0.00764875 0.0261259 0.00296709
8.03702e-14 6.42225e-10 0.924285 1.1691e-14 7.55004e-12 0.0756931 7.49926e-11 6.26453e-12
1.9179e-14 2.1658e-08 3.88805e-08 7.14413e-15 0.0108767 0.00763084 4.25893e-14 0.974084
1.26931e-07 7.74404e-07 2.96785e-14 0.00466087 0.00637056 8.59916e-14 0.00782351 0.981144
0.000165365 2.12769e-14 1.9604e-18 0.999828 4.49382e-14 1.15888e-14 7.03846e-06 3.34039e-14
5.61946e-07 3.32936e-12 2.4181e-11 0.00876811 0.035989 0.0718342 0.817301 0.00386536
1.14205e-13 1.74699e-13 2.67688e-13 0.000484966 0.000151135 0.97502 3.69558e-05 0.000543103
5.1866e-15 2.58725e-14 6.74661e-10 7.75866e-07 1.53744e-05 0.999982 3.05257e-08 1.19612e-06
1.03884e-17 5.70403e-15 0.000609716 5.22466e-14 4.59052e-14 0.99939 5.88897e-12 4.80588e-15
3.38078e-16 3.00791e-07 2.58823e-08 3.58545e-15 0.962457 0.0375423 7.69478e-16 5.42778e-10
0.275715 0.337389 4.07986e-11 0.0660521 0.0163113 6.39524e-10 0.0252635 0.279269
0.629896 3.32984e-11 2.42664e-11 0.25213 4.10727e-11 1.02424e-08 0.117974 6.38588e-11
1.75809e-08 0.0657935 0.932665 6.25986e-05 8.35471e-05 0.000790413 3.86582e-05 0.000142952
2.88525e-07 1.45026e-05 0.999985 7.82215e-11 6.20021e-10 2.17567e-07 1.27089e-10 5.18544e-10
2.83174e-08 2.91314e-05 0.99997 1.19058e-11 4.08922e-10 1.02736e-06 1.03296e-11 1.22193e-10
6.47349e-12 8.30511e-12 0.999819 2.98005e-09 2.27935e-13 0.000144854 6.16272e-10 9.201e-13
2.05848e-11 0.734881 0.264931 5.28901e-12 1.86945e-05 2.6166e-05 2.56384e-12 5.3286e-05
